,Unnamed: 0,Unnamed: 0.1,EPIC,RA,Dec,Data Availability,KepMag,HIP,TYC,UCAC,2MASS,SDSS,Object type,Kepflag,stpropflag,pmra,e_pmra,pmdec,e_pmdec,plx,e_plx,Bmag,e_Bmag,Vmag,e_Vmag,umag,e_umag,gmag,e_gmag,rmag,e_rmag,imag,e_imag,zmag,e_zmag,Jmag,e_Jmag,Hmag,e_Hmag,Kmag,e_Kmag,Teff,ep_teff,em_teff,logg,ep_logg,em_logg,[Fe/H],ep_[Fe/H],em_[Fe/H],Radius,ep_rad,em_rad,mass,ep_mass,em_mass,rho,ep_rho,em_rho,Distance,ep_d,em_d,E(B-V),ep_E(B-V),em_E(B-V),2MASS Flag,Nearest Neighbor,Nomad ID
0,0,0,integer,ra,dec,integer,float,integer,string,string,string,string,string,string,string,float,float,float,float,float,float,float,float,float,float,float,float,float,float,float,float,float,float,float,float,float,float,float,float,float,float,integer,integer,integer,float,float,float,float,float,float,float,float,float,float,float,float,float,float,float,float,float,float,float,float,float,string,float,string
1,1,1,211898145,08 38 26.209,+18 41 58.05,1,15.241,,,544-046481,08382620+1841580,5037-301-1-0110-0063,STAR,gri,rpm,3.9,3.5,-3.9,3.8,,,16.476,0.12,15.552,0.03,,,16.021,0.03,15.194,0.08,14.906,0.1,,,13.771,0.029,13.179,0.033,13.065,0.025,4747,142,114,4.635,0.035,0.07,-0.201,0.2,0.32,0.685,1.868,0.052,0.743,0.081,0.068,2.214,0.387,2.189,567.1,2368,62.83,0.032,0.011,0.007,,,
2,2,2,211898172,08 38 32.479,+18 41 59.91,1,19.242,,,,08383247+1841599,5037-301-1-0110-0369,STAR,gri,,10,4,-55,4,,,,,,,23.703,0.455,20.817,0.026,19.301,0.012,18.567,0.01,18.123,0.021,16.645,0.129,,,,,,,,,,,,,,,,,,,,,,,,,,,,,,,
3,3,3,211898181,08 40 37.884,+18 42 00.44,1,11.683,,1395-1147-1,544-046598,08403786+1842003,,STAR,gri,rpm,-9,2.4,-6.4,2.6,,,12.581,0.346,11.515,0.164,,,12.393,0.01,11.646,0.03,11.378,0.02,,,10.272,0.02,9.804,0.021,9.7,0.016,4966,59,59,2.964,0.455,0.637,-0.447,0.25,0.25,5.269,4.967,1.99,1.046,0.222,0.121,0.005,0.026,0.005,873.9,807.4,326.3,0.034,0.011,0.008,,,
4,4,4,211898245,08 57 45.192,+18 42 03.66,1,18.58,,,,,5112-301-4-0167-0199,EXTENDED,gri,,4,3,-2,3,,,,,,,20.297,0.078,19.078,0.013,18.62,0.013,18.367,0.016,18.143,0.053,,,,,,,,,,,,,,,,,,,,,,,,,,,,,,,,,
5,5,5,211898261,09 07 25.112,+18 42 04.59,1,13.485,,,544-047591,09072510+1842045,,STAR,gri,rpm,-19.7,3,-8.9,3.4,,,14.547,0.06,13.739,0.04,,,14.094,0.02,13.437,0.01,13.224,0.04,,,12.183,0.023,11.746,0.028,11.632,0.026,5255,105,105,4.536,0.036,1.05,-0.22,0.24,0.56,0.833,1.99,0.056,0.888,0.045,0.075,1.515,0.177,1.476,382.2,877.6,35.23,0.031,0.008,0.007,,,
6,6,6,211898322,09 05 04.381,+18 42 08.28,1,12.135,,,544-047502,09050438+1842084,,STAR,gri,rpm,-5.2,0.8,-2.4,0.9,,,12.863,0.06,12.279,0.03,,,12.478,0.04,12.119,0.01,11.988,0.11,,,11.067,0.025,10.725,0.025,10.659,0.023,6036,144,120,4.06,0.264,0.22,-0.244,0.2,0.28,1.478,0.493,0.432,1.066,0.215,0.179,0.261,0.425,0.144,474.8,141.1,145,0.031,0.007,0.006,,,
7,7,7,211898529,08 44 56.116,+18 42 19.83,1,15.25,,,544-046761,08445610+1842197,5071-301-3-0114-0126,STAR,gri,lam,1.1,6.5,0.2,6.5,,,16.129,0.03,15.361,0.09,,,15.711,0.04,15.18,0.08,15.053,0.04,,,14.142,0.033,13.761,0.036,13.63,0.039,5205,124,82,3.515,0.154,0.11,-0.822,0.15,0.15,2.664,0.378,0.432,0.896,0.018,0.018,0.045,0.032,0.016,2855,392.9,409.2,0.031,0.01,0.005,,,
8,8,8,211898571,09 02 14.930,+18 42 21.82,1,17.028,,,,09021492+1842218,5080-301-4-0149-0248,EXTENDED,gri,,-6,3,8,3,,,,,,,19.75,0.075,18.153,0.009,17.063,0.006,16.546,0.006,16.195,0.014,16.153,0.103,15.236,0.099,14.877,0.098,,,,,,,,,,,,,,,,,,,,,,,,,,,
9,9,9,211898675,08 57 05.722,+18 42 26.77,1,14.622,,,544-047228,08570572+1842267,,STAR,gri,rpm,-54.9,4.6,-42.8,4.9,,,16.572,0.02,15.23,0.01,,,15.981,0.08,14.696,0.051,14.039,0.03,,,12.547,0.022,11.958,0.028,11.784,0.023,3847,61,76,4.928,0.048,0.048,-0.174,0.15,0.12,0.353,0.049,0.043,0.383,0.066,0.055,8.48,2.394,1.587,123.1,21.99,16.18,0.018,0.01,0.005,,,
10,10,10,211898682,09 02 21.407,+18 42 27.09,1,12.192,,,544-047400,09022140+1842270,,STAR,gri,lam,-1.7,1.3,-0.8,1,,,12.639,0.04,12.206,0.04,,,12.356,0.02,12.137,0.06,12.061,0.05,,,11.317,0.021,11.157,0.022,11.065,0.02,6474,157,131,4.202,0.075,0.105,-0.118,0.12,0.14,1.429,0.258,0.141,1.238,0.119,0.074,0.396,0.126,0.141,543,99.1,61.27,0.031,0.01,0.006,,,
11,11,11,211898696,08 45 11.458,+18 42 27.78,1,17.203,,,,08451145+1842277,5071-301-3-0115-0210,EXTENDED,gri,,0,3,1,3,,,,,,,20.121,0.075,18.335,0.009,17.189,0.006,16.718,0.006,16.398,0.013,16.081,0.109,15.223,0.109,14.73,0.106,,,,,,,,,,,,,,,,,,,,,,,,,,,
12,12,12,211898809,09 04 06.692,+18 42 32.63,1,15.446,,,544-047452,09040670+1842327,5112-301-3-0177-0172,STAR,JHK,rpm,-23.2,5,30.8,5.3,,,,,,,,,,,,,,,,,13.281,0.023,12.659,0.029,12.449,0.026,3891,208,179,4.9,0.072,0.06,-0.109,0.15,0.27,0.378,0.072,0.06,0.421,0.084,0.084,7.417,2.916,2.093,188.1,42.79,41.01,0.022,0.007,0.005,,,
13,13,13,211898846,08 53 35.732,+18 42 34.37,1,17.89,,,,08533573+1842343,5071-301-1-0127-0189,EXTENDED,gri,,-2,3,0,3,,,,,,,21.062,0.124,18.974,0.012,17.877,0.007,17.426,0.007,17.075,0.016,16.29,0.099,15.682,0.151,15.124,0.127,,,,,,,,,,,,,,,,,,,,,,,,,,,
14,14,14,211898934,09 14 45.396,+18 42 38.93,1,15.127,,,544-047829,09144538+1842390,,STAR,gri,rpm,-27.1,3.1,-10.8,3.4,,,17.56,0.1,16.046,0.02,,,16.826,0.1,15.549,0.08,14.399,0.08,,,12.443,0.02,11.791,0.022,11.554,0.02,3601,115,36,5.004,0.02,0.102,0.011,0.14,0.06,0.279,0.095,0.007,0.29,0.125,0.01,13.24,0.794,5.48,84.01,32.38,2.52,0.014,0.004,0.002,,,
15,15,15,211898963,09 10 14.837,+18 42 40.90,1,14.152,,,544-047687,09101484+1842409,5080-301-2-0161-0068,STAR,gri,rpm,11.5,3.2,-3.1,3.5,,,15.62,0.08,14.535,0.03,,,15.095,0.03,14.091,0.02,13.747,0.05,,,12.473,0.021,11.956,0.027,11.784,0.02,4636,74,74,4.646,0.03,0.042,0.04,0.12,0.21,0.681,0.055,0.051,0.76,0.038,0.061,2.375,0.384,0.391,294.4,36.23,27.14,0.041,0.006,0.014,,,
16,16,16,211898969,08 46 32.747,+18 42 41.19,1,17.809,,,,08463274+1842411,5061-301-3-0119-0256,EXTENDED,gri,,0,3,-5,3,,,,,,,19.744,0.044,18.553,0.008,17.869,0.007,17.49,0.008,17.192,0.02,16.427,0.123,15.658,0.139,15.248,0.167,,,,,,,,,,,,,,,,,,,,,,,,,,,
17,17,17,211899008,08 53 46.850,+18 42 43.04,1,14.024,,,544-047113,08534684+1842430,,STAR,gri,lam,-27.9,2.1,-19.1,2.3,,,15.237,0.01,14.333,0.05,,,14.779,0.038,13.952,0.02,13.701,0.09,,,12.469,0.022,11.988,0.024,11.854,0.02,4793,173,144,4.63,0.025,0.025,-0.135,0.12,0.15,0.684,0.043,0.034,0.742,0.045,0.038,2.239,0.273,0.243,310.4,30.73,27.96,0.029,0.01,0.008,,,
18,18,18,211899094,08 45 25.707,+18 42 48.06,1,12.578,,,544-046780,08452570+1842480,,STAR,gri,rpm,-40.8,4.1,-14.4,2.1,,,13.89,0.05,12.896,0.01,,,13.386,0.04,12.518,0.02,12.232,0.03,,,11.064,0.02,10.567,0.021,10.441,0.018,4861,77,96,4.604,0.025,0.035,-0.018,0.2,0.2,0.732,0.045,0.051,0.799,0.038,0.053,1.994,0.295,0.297,172.9,30.24,11.54,0.025,0.005,0.006,,,
19,19,19,211899105,08 49 51.418,+18 42 48.65,1,17.215,,,,08495141+1842486,5071-301-2-0121-0239,STAR,gri,rpm,-43,3,-28,3,,,,,,,21.812,0.146,19.162,0.01,17.715,0.006,16.381,0.005,15.643,0.006,14.267,0.034,13.774,0.041,13.457,0.034,3478,95,81,5.065,0.03,0.048,0.003,0.12,0.14,0.222,0.039,0.022,0.205,0.05,0.021,19.08,3.44,4.2,144,31.69,15.78,0.02,0.006,0.004,,,
20,20,20,211899107,09 05 46.481,+18 42 49.00,1,17.143,,,,09054648+1842489,5080-301-3-0154-0411,STAR,gri,rpm,-10,3,-73,3,,,,,,,20.136,0.038,18.108,0.006,17.134,0.005,16.729,0.005,16.522,0.009,15.349,0.054,14.768,0.076,14.702,0.09,4247,85,85,4.937,0.07,0.035,-0.896,0.16,0.28,0.349,0.033,0.058,0.395,0.041,0.081,8.797,3.744,1.309,492.8,68.33,95.9,0.036,0.007,0.006,,,
21,21,21,211899135,08 56 25.657,+18 42 50.88,1,18.388,,,,08562565+1842508,5061-301-1-0133-0223,STAR,gri,rpm,-21,3,-45,3,,,,,,,22.524,0.221,19.918,0.015,18.486,0.008,17.732,0.007,17.295,0.013,16.085,0.09,15.53,0.116,15.052,0.11,3676,43,43,5.056,0.025,0.04,-0.306,0.12,0.08,0.235,0.032,0.019,0.232,0.044,0.026,17.56,2.371,3.58,382.7,56.9,42.87,0.031,0.011,0.006,,,
22,22,22,211899149,09 06 34.841,+18 42 51.51,1,13.534,,,544-047556,09063484+1842515,,STAR,gri,rpm,-3.9,3.1,1.8,3.5,,,14.893,0.07,13.857,0.04,,,14.314,0.03,13.505,0.02,13.2,0.02,,,11.993,0.024,11.461,0.031,11.313,0.023,4833,57,77,2.885,0.606,0.606,-0.339,0.25,0.45,5.611,3.852,2.614,0.991,0.2,0.109,0.004,0.024,0.003,2042,1637,908.5,0.035,0.011,0.006,,,
23,23,23,211899175,08 44 06.378,+18 42 52.52,1,19.935,,,,,5071-301-3-0113-0455,STAR,gri,,3,4,-3,4,,,,,,,20.701,0.064,20.033,0.017,19.902,0.021,19.563,0.021,19.601,0.073,,,,,,,,,,,,,,,,,,,,,,,,,,,,,,,,,
24,24,24,211899179,08 44 22.126,+18 42 52.67,1,15.539,,,544-046745,08442212+1842529,5071-301-3-0113-0251,STAR,gri,rpm,0.1,3.8,-6,4.1,,,16.536,0.07,15.819,0.03,,,16.131,0.06,15.572,0.02,15.285,0.07,,,14.22,0.033,13.794,0.035,13.711,0.045,5374,158,158,4.524,0.066,0.99,-0.441,0.3,0.48,0.824,1.719,0.091,0.843,0.076,0.091,1.501,0.389,1.441,981.7,1909,140.3,0.034,0.008,0.007,,,
25,25,25,211899203,09 02 49.016,+18 42 53.60,1,13.219,,,544-047415,09024900+1842535,,STAR,gri,lam,10.5,2.4,1.4,2.2,,,14.427,0.05,13.494,0.04,,,13.931,0.03,13.206,0.06,12.914,0.04,,,11.757,0.023,11.237,0.023,11.137,0.018,4974,78,78,3.349,0.126,0.105,-0.351,0.12,0.15,3.5,0.5,0.438,1.058,0.138,0.099,0.023,0.012,0.007,1195,184.7,160,0.032,0.011,0.006,,,
26,26,26,211899209,08 42 28.522,+18 42 54.10,1,13.831,,,544-046673,08422852+1842542,,STAR,gri,rpm,-23.3,2.3,-29.2,2.9,,,15.125,0.02,14.192,0.02,,,14.631,0.04,13.811,0.03,13.488,0.03,,,12.307,0.022,11.79,0.023,11.674,0.018,4841,78,78,4.625,0.036,0.03,-0.136,0.2,0.28,0.692,0.058,0.041,0.753,0.056,0.068,2.192,0.325,0.283,293.7,27.6,25.23,0.028,0.011,0.007,,,
27,27,27,211899274,09 02 26.611,+18 42 57.25,1,10.283,,1397-1857-1,544-047406,09022661+1842573,,STAR,gri,lam,-50,1.4,-30.4,1.4,,,10.895,0.078,10.172,0.055,,,10.776,0.31,10.193,0.02,10.071,0.05,,,9.335,0.022,9.091,0.022,8.998,0.019,6219,151,151,4.269,0.09,0.144,-0.137,0.12,0.15,1.271,0.237,0.146,1.151,0.099,0.099,0.505,0.192,0.183,188.8,34.05,24.36,0.024,0.007,0.006,,,
28,28,28,211899466,09 10 10.211,+18 43 07.89,1,16.548,,,,09101021+1843078,5080-301-2-0161-0175,EXTENDED,gri,,1,2,2,2,,,,,,,19.151,0.061,17.352,0.007,16.575,0.006,16.203,0.006,15.948,0.014,16.36,0.11,15.678,0.138,15.457,0.148,,,,,,,,,,,,,,,,,,,,,,,,,,,
29,29,29,211899496,08 46 18.276,+18 43 09.24,1,17.283,,,,08461827+1843092,5061-301-3-0119-0219,STAR,gri,rpm,-34,3,-13,3,,,,,,,22.076,0.152,19.378,0.011,17.908,0.007,16.385,0.005,15.574,0.006,14.101,0.029,13.462,0.032,13.259,0.036,3565,86,86,5.052,0.04,0.04,-0.126,0.2,0.16,0.228,0.043,0.02,0.218,0.059,0.019,18.45,2.979,4.773,143.4,30.59,11.4,0.021,0.006,0.006,,,
30,30,30,211899505,08 51 30.684,+18 43 09.57,1,17.91,,,,08513068+1843095,5061-301-2-0126-0274,EXTENDED,gri,,-4,3,4,3,,,,,,,21.003,0.126,19.164,0.013,17.868,0.008,17.373,0.008,16.998,0.017,16.267,0.101,15.46,0.108,14.854,0.112,,,,,,,,,,,,,,,,,,,,,,,,,,,
31,31,31,211899507,08 55 30.120,+18 43 09.61,1,17.604,,,,08553012+1843096,5061-301-1-0132-0244,EXTENDED,gri,,2,2,6,2,,,,,,,19.606,0.062,18.396,0.011,17.633,0.009,17.264,0.01,17.084,0.031,16.776,0.166,,,,,,,,,,,,,,,,,,,,,,,,,,,,,,,
32,32,32,211899519,08 43 13.183,+18 43 10.43,1,17.399,,,,08431318+1843104,5061-301-4-0114-0210,STAR,gri,rpm,5,3,-89,3,,,,,,,21.427,0.088,19.013,0.009,17.687,0.007,16.707,0.006,16.168,0.008,14.914,0.043,14.393,0.053,14.155,0.053,3516,35,56,5.038,0.03,0.036,-0.012,0.08,0.05,0.241,0.022,0.024,0.235,0.024,0.032,15.98,3.679,2.534,220.8,32.12,43.13,0.026,0.007,0.007,,,
33,33,33,211899552,08 42 20.267,+18 43 12.26,1,17.188,,,,08422026+1843122,5061-301-4-0113-0201,STAR,gri,rpm,17,3,-206,3,,,,,,,22.102,0.15,19.313,0.01,17.833,0.007,16.278,0.006,15.443,0.006,13.991,0.023,13.47,0.03,13.169,0.029,3093,198,149,5.201,0.02,0.04,-0.198,0.25,0.3,0.147,0.017,0.01,0.125,0.018,0.011,38.89,4.246,7.279,67.16,15.09,14.5,0.011,0.004,0.004,,,
34,34,34,211899590,09 06 41.416,+18 43 14.83,1,12.822,,,544-047560,09064141+1843148,,STAR,gri,lam,-0.9,0.9,-7.4,1.4,,,13.545,0.05,12.988,0.04,,,13.183,0.03,12.846,0.01,12.667,0.03,,,11.83,0.024,11.526,0.027,11.463,0.021,5867,139,139,3.962,0.152,0.095,-0.295,0.15,0.15,1.697,0.257,0.291,1.045,0.084,0.084,0.197,0.133,0.054,733.6,99.42,114.4,0.033,0.008,0.007,,,
35,35,35,211899626,09 06 29.516,+18 43 16.20,1,17.033,,,,09062951+1843162,5080-301-3-0156-0172,EXTENDED,gri,,3,2,1,2,,,,,,,19.003,0.044,17.734,0.007,17.079,0.006,16.733,0.006,16.495,0.016,16.23,0.131,15.581,0.155,15.254,0.163,,,,,,,,,,,,,,,,,,,,,,,,,,,
36,36,36,211899640,09 06 01.328,+18 43 17.22,1,13.943,,,544-047544,09060133+1843172,,STAR,gri,rpm,0.9,2.1,0,3,,,15.095,0.08,14.238,0.04,,,14.579,0.02,13.966,0.03,13.671,0.04,,,12.582,0.025,12.04,0.027,11.96,0.027,5111,62,124,2.866,0.512,0.32,-0.931,0.35,0.35,5.359,2.263,2.309,0.894,0.07,0.027,0.005,0.023,0.003,2725,1296,1145,0.033,0.01,0.004,,,
37,37,37,211899677,08 53 40.744,+18 43 19.54,1,18.507,,,,08534074+1843195,5071-301-1-0127-0213,STAR,gri,rpm,-45,4,-67,4,,,,,,,22.72,0.301,19.879,0.016,18.512,0.009,17.919,0.008,17.611,0.015,16.428,0.112,15.805,0.139,15.383,0.144,3868,38,38,5.119,0.02,0.08,-0.764,0.24,0.24,0.2,0.053,0.008,0.195,0.059,0.013,23.61,1.805,7.867,414.4,98.24,24.44,0.034,0.005,0.007,,,
38,38,38,211899702,08 41 20.849,+18 43 20.78,1,15.814,,,544-046635,08412084+1843208,5071-301-4-0109-0113,STAR,gri,rpm,-3.5,3.7,-4.2,4.1,,,16.873,0.19,16.034,0.05,,,16.389,0.04,15.736,0.08,15.567,0.21,,,14.371,0.03,13.919,0.036,13.855,0.05,5237,155,155,4.56,0.04,0.76,-0.276,0.25,0.35,0.774,0.169,0.066,0.822,0.084,0.07,1.697,0.32,0.721,948.2,369.1,105.1,0.034,0.008,0.007,,,
39,39,39,211899761,08 41 57.823,+18 43 23.98,1,17.469,,,,08415782+1843239,5061-301-4-0112-0309,EXTENDED,gri,,-63,9,42,9,,,,,,,19.883,0.054,18.354,0.008,17.519,0.006,17.09,0.006,16.74,0.016,15.969,0.081,15.365,0.112,14.627,0.1,,,,,,,,,,,,,,,,,,,,,,,,,,,
40,40,40,211899770,08 46 25.837,+18 43 24.31,1,10.872,,1396-1880-1,544-046819,08462583+1843244,,STAR,gri,rpm,3.1,1.4,-12.4,1.5,,,12.296,0.236,11.24,0.102,,,11.668,0.03,10.833,0.03,10.531,0.01,,,9.322,0.022,8.742,0.034,8.634,0.02,4720,74,74,2.403,0.33,0.396,-0.362,0.2,0.44,9.842,3.869,2.777,1.069,0.205,0.171,7.89E-04,0.002,5.88E-04,998.7,408.8,290,0.033,0.008,0.007,,,
41,41,41,211899790,08 45 36.884,+18 43 25.10,1,17.864,,,,08453688+1843251,5071-301-3-0115-0293,STAR,gri,rpm,-38,3,-6,3,,,,,,,22.335,0.205,20.05,0.017,18.566,0.009,16.927,0.005,16.05,0.007,14.544,0.035,13.978,0.044,13.682,0.042,3476,84,84,5.084,0.036,0.042,-0.078,0.15,0.15,0.207,0.029,0.02,0.193,0.035,0.023,20.69,4.414,4.179,155.1,22.49,19.64,0.022,0.008,0.006,,,
42,42,42,211899798,08 55 46.648,+18 43 25.53,1,12.114,,,544-047181,08554665+1843255,,STAR,gri,lam,0.2,1.3,-5.2,1.7,,,13.471,0.05,12.422,0.02,,,12.913,0.04,12.094,0.01,11.772,0.05,,,10.492,0.02,9.966,0.023,9.815,0.022,4736,75,75,2.934,0.155,0.186,-0.04,0.08,0.14,6.206,1.373,0.977,1.255,0.182,0.13,0.005,0.003,0.003,1068,244.7,129.2,0.031,0.008,0.006,,,
43,43,43,211899818,08 54 43.625,+18 43 26.44,1,13.894,,,544-047142,08544363+1843264,5071-301-1-0129-0005,STAR,gri,rpm,-10.7,2.1,-11.1,2.4,,,15.026,0.05,14.191,0.04,,,14.55,0.06,13.892,0.01,13.613,0.06,,,12.558,0.023,12.116,0.024,12.002,0.019,5173,124,93,4.554,0.04,1.08,-0.231,0.25,0.5,0.805,2.071,0.074,0.868,0.051,0.072,1.625,0.284,1.587,425.2,1041,46.59,0.031,0.009,0.005,,,
44,44,44,211899820,08 52 25.503,+18 43 26.64,1,12.915,,,544-047068,08522549+1843266,,STAR,gri,lam,19.3,1.4,-9.8,2.4,,,13.729,0.03,13.068,0.04,,,13.347,0.03,12.857,0.03,12.731,0.05,,,11.822,0.022,11.539,0.023,11.469,0.022,5752,134,167,4.131,0.28,0.2,-0.056,0.12,0.12,1.355,0.481,0.405,1.023,0.113,0.063,0.35,0.556,0.195,577.4,198.6,168.4,0.03,0.009,0.005,,,
45,45,45,211899840,08 47 34.403,+18 43 27.74,1,14.128,,,544-046859,08473439+1843279,,STAR,gri,lam,8.2,2.4,-54.7,3.2,,,14.901,0.03,14.28,0.01,,,14.538,0.02,14.096,0.03,13.952,0.02,,,13.019,0.023,12.681,0.033,12.583,0.021,5654,169,135,4.638,0.025,0.045,-1.326,0.12,0.15,0.654,0.053,0.025,0.683,0.033,0.017,2.385,0.26,0.364,457.5,42.98,39.29,0.032,0.003,0.008,,,
46,46,46,211899884,08 44 59.346,+18 43 30.66,1,17.657,,,,08445934+1843306,5071-301-3-0114-0271,EXTENDED,gri,,7,3,7,3,,,,,,,20.005,0.057,18.514,0.009,17.739,0.007,17.29,0.007,16.929,0.016,16.083,0.109,15.285,0.126,14.794,0.128,,,,,,,,,,,,,,,,,,,,,,,,,,,
47,47,47,211900006,08 56 38.298,+18 43 36.63,1,13.94,,,544-047214,08563830+1843365,,STAR,gri,lam,0.7,2.8,-2.8,2.7,,,14.969,0.05,14.158,0.01,,,14.529,0.03,13.946,0.02,13.687,0.06,,,12.573,0.023,12.102,0.021,11.998,0.024,5208,153,122,3.652,0.105,0.168,-0.488,0.15,0.18,2.411,0.569,0.288,0.985,0.147,0.067,0.068,0.034,0.031,1265,291.9,135.4,0.032,0.007,0.007,,,
48,48,48,211900018,08 54 56.427,+18 43 37.65,1,12.495,,,544-047148,08545642+1843376,,STAR,gri,rpm,-14.2,2.1,-6,2.5,,,13.193,0.06,12.65,0.01,,,12.844,0.04,12.526,0.01,12.346,0.05,,,11.558,0.025,11.258,0.029,11.154,0.02,6152,121,121,4.189,0.17,0.204,-0.457,0.3,0.36,1.336,0.361,0.334,1.003,0.185,0.159,0.399,0.336,0.207,513.3,140.4,110.2,0.031,0.008,0.007,,,
49,49,49,211900058,09 14 27.977,+18 43 39.26,1,8.945,,1404-1615-1,544-047822,09142797+1843393,,STAR,gri,rpm,-5.3,1.2,-9.2,1.2,,,10.905,0.063,9.311,0.021,,,10.356,0.03,9.308,0.16,8.34,0.08,,,6.553,0.035,5.764,0.026,5.534,0.021,3928,114,114,1.222,0.22,0.264,-0.124,0.25,0.3,45.994,10.983,10.423,1.264,0.203,0.244,1.21E-05,1.35E-05,6.38E-06,994.4,239.2,192.8,0.036,0.008,0.008,,,
50,50,50,211900075,08 39 52.274,+18 43 40.34,1,17.314,,,,08395227+1843403,,STAR,JHK,col,,,,,,,,,,,,,,,,,,,,,15.776,0.058,15.249,0.1,15.153,0.139,4207,809,577,4.8,0.19,0.19,-0.28,0.25,0.4,0.462,0.21,0.189,0.524,0.197,0.237,4.705,7.671,2.916,788.2,666,410.2,0.032,0.008,0.007,,,
51,51,51,211900099,08 42 13.927,+18 43 41.49,1,17.355,,,,,5061-301-4-0113-0175,EXTENDED,gri,,8,3,0,3,,,,,,,19.091,0.05,18.133,0.01,17.442,0.009,17.021,0.009,16.781,0.03,,,,,,,,,,,,,,,,,,,,,,,,,,,,,,,,,
52,52,52,211900107,08 53 47.247,+18 43 41.94,1,18.4,,,,08534724+1843419,5071-301-1-0127-0301,STAR,gri,rpm,-30,3,-7,3,,,,,,,24.042,0.747,20.436,0.023,18.953,0.011,17.528,0.007,16.756,0.009,15.212,0.04,14.598,0.057,14.344,0.068,3491,132,110,5.074,0.04,0.04,-0.079,0.2,0.2,0.214,0.028,0.025,0.204,0.038,0.031,19.8,4.56,3.706,220.3,33.8,34.68,0.025,0.01,0.008,,,
53,53,53,211900128,08 42 16.100,+18 43 43.29,1,17.356,,,,08421609+1843432,5061-301-4-0113-0181,STAR,gri,rpm,-12,3,-137,3,,,,,,,21.684,0.11,19.194,0.01,17.735,0.007,16.568,0.006,15.95,0.007,14.616,0.031,14.172,0.045,13.86,0.05,3302,52,33,5.132,0.02,0.033,0.027,0.06,0.08,0.176,0.025,0.004,0.154,0.028,0.004,27.96,1.678,5.546,96.41,48.31,24.28,0.017,0.011,0.006,,,
54,54,54,211900142,08 51 12.635,+18 43 44.37,1,14.99,,,544-047024,08511262+1843443,,STAR,gri,lam,-7,2.9,-4.7,3.2,,,15.664,0.08,15.102,0.07,,,15.314,0.07,14.978,0.09,14.851,0.12,,,14.189,0.029,13.935,0.034,13.875,0.039,6393,129,155,4.306,0.06,0.05,-0.188,0.1,0.12,1.217,0.094,0.073,1.142,0.07,0.084,0.601,0.122,0.101,1667,187.2,94,0.034,0.008,0.008,,,
55,55,55,211900162,09 05 15.116,+18 43 45.82,1,14.622,,,544-047509,09051512+1843459,5080-301-3-0154-0015,STAR,JHK,col,,,,,,,,,,,,,,,,,,,,,13.082,0.023,12.54,0.029,12.458,0.023,4816,144,144,4.621,0.045,1.026,-0.231,0.25,0.4,0.692,1.827,0.07,0.748,0.108,0.09,2.116,0.487,2.073,426,1366,54.97,0.031,0.008,0.007,,,
56,56,56,211900192,08 52 32.614,+18 43 47.27,1,19.369,,,,,5061-301-2-0128-0312,EXTENDED,gri,,,,,,,,,,,,20.578,0.092,19.586,0.018,19.297,0.022,19.18,0.032,18.967,0.096,,,,,,,,,,,,,,,,,,,,,,,,,,,,,,,,,
57,57,57,211900225,08 40 35.264,+18 43 48.81,1,12.626,,,544-046595,08403526+1843488,,STAR,gri,rpm,-7.8,1.1,-2.2,1.1,,,13.222,0.03,12.725,0.02,,,12.904,0.01,12.6,0.03,12.507,0.04,,,11.712,0.02,11.517,0.021,11.448,0.018,6457,157,104,4.107,0.14,0.168,-0.121,0.16,0.16,1.586,0.429,0.261,1.314,0.15,0.15,0.284,0.166,0.135,709,226.9,101.4,0.035,0.008,0.008,,,
58,58,58,211900228,08 43 52.013,+18 43 49.03,1,17.816,,,,08435201+1843490,,STAR,J,col,,,,,,,,,,,,,,,,,,,,,16.297,0.141,15.795,0.197,15.241,0.177,3871,846,423,4.93,0.145,0.261,-0.254,0.25,0.4,0.324,0.25,0.123,0.375,0.251,0.18,8.966,11.11,6.065,649.7,724.1,301.6,0.032,0.008,0.007,,,
59,59,59,211900242,08 59 27.449,+18 43 49.74,1,18.008,,,,08592744+1843497,5112-301-4-0170-0081,STAR,gri,rpm,3,3,0,3,,,,,,,18.312,0.015,18.231,0.007,17.934,0.007,17.841,0.008,17.852,0.02,16.978,0.17,16.154,0.146,15.773,0.172,6250,120,120,4.286,0.135,0.297,-1.154,0.25,0.55,1.052,0.414,0.177,0.809,0.038,0.032,0.626,0.401,0.393,5074,1917,921.1,0.033,0.008,0.007,,,
60,60,60,211900261,08 44 18.232,+18 43 50.64,1,13.533,,,544-046741,08441823+1843507,,STAR,gri,rpm,-9.6,2.2,-11.3,2.5,,,14.649,0.06,13.848,0.04,,,14.198,0.06,13.513,0.01,13.248,0.04,,,12.076,0.022,11.601,0.027,11.486,0.017,5053,101,81,3.321,1.17,0.39,-0.544,0.42,0.35,3.191,1.606,2.393,0.9,0.126,0.063,0.024,1.488,0.017,1294,651.1,970.4,0.034,0.007,0.008,,,
61,61,61,211900282,08 58 31.979,+18 43 51.75,1,17.621,,,,08583197+1843517,5112-301-4-0169-0137,STAR,gri,rpm,28,4,-50,4,,,,,,,21.309,0.093,18.887,0.009,17.607,0.006,17.079,0.006,16.753,0.011,15.583,0.049,14.934,0.053,14.786,0.077,4004,40,40,5.004,0.045,0.045,-0.641,0.15,0.21,0.275,0.049,0.03,0.293,0.061,0.038,13.25,3.432,3.2,410.7,64.77,47.18,0.031,0.007,0.007,,,
62,62,62,211900361,09 09 02.227,+18 43 55.70,1,12.543,,,544-047647,09090222+1843557,,STAR,gri,rpm,-0.4,2.2,-4.1,2.8,,,13.665,0.05,12.814,0.02,,,13.186,0.02,12.538,0.02,12.268,0.01,,,11.139,0.022,10.648,0.033,10.56,0.021,5080,82,82,2.451,0.93,0.06,-0.698,0.12,0.39,9.019,1.166,5.81,0.916,0.095,0.037,0.001,0.026,2.44E-04,2232,260.8,1359,0.033,0.01,0.008,,,
63,63,63,211900439,08 51 33.438,+18 43 59.24,1,10.956,,1396-1251-1,544-047041,08513344+1843593,,STAR,gri,plx,13.6,2,-20.8,2.1,,,12.372,0.344,11.129,0.12,,,11.672,0.02,10.896,0.04,10.65,0.04,,,9.542,0.023,9.09,0.022,8.945,0.018,4947,80,80,2.83,0.594,0.495,-0.357,0.25,0.25,6.605,4.377,3.252,1.111,0.369,0.168,0.003,0.023,0.003,690.5,469.8,469.8,0.033,0.008,0.007,,,
64,64,64,211900459,08 40 32.206,+18 44 00.13,1,15.787,,,544-046591,08403220+1844001,5037-301-1-0113-0336,STAR,gri,rpm,-9.4,3.9,-28.4,4,,,17.891,0.137,16.506,0.08,,,17.249,0.05,15.815,0.1,15.16,0.05,,,13.564,0.022,12.885,0.024,12.702,0.027,3952,93,62,4.846,0.048,0.048,-0.042,0.12,0.18,0.429,0.053,0.047,0.491,0.053,0.064,5.82,1.44,1.154,246.6,38.1,27.82,0.028,0.009,0.005,,,
65,65,65,211900473,08 54 36.328,+18 44 00.83,1,14.137,,,544-047135,08543633+1844007,5071-301-1-0128-0165,STAR,gri,lam,5.7,2.7,-10,2.9,,,15.272,0.06,14.403,0.04,,,14.817,0.03,14.105,0.07,13.845,0.03,,,12.772,0.023,12.284,0.024,12.206,0.023,4981,150,180,4.611,0.024,0.03,-0.182,0.12,0.15,0.722,0.039,0.044,0.772,0.047,0.047,2.056,0.251,0.224,390.7,36.71,39.92,0.03,0.008,0.005,,,
66,66,66,211900519,09 04 40.287,+18 44 03.07,1,15.289,,,544-047481,09044028+1844030,5112-301-3-0178-0023,STAR,gri,rpm,-0.9,4.4,-5.6,4.7,,,16.48,0.06,15.575,0.07,,,15.948,0.05,15.283,0.02,15.007,0.16,,,13.87,0.026,13.423,0.021,13.249,0.032,5174,120,120,4.566,0.04,1.056,-0.317,0.25,0.5,0.782,2.1,0.082,0.84,0.077,0.093,1.651,0.38,1.617,762.6,2013,107.5,0.034,0.01,0.008,,,
67,67,67,211900542,08 59 20.226,+18 44 04.16,1,17.551,,,,08592022+1844041,5112-301-4-0170-0150,EXTENDED,gri,,7,3,14,3,,,,,,,19.611,0.067,18.244,0.01,17.59,0.009,17.254,0.01,17.011,0.032,16.904,0.166,16.221,0.187,15.453,0.162,,,,,,,,,,,,,,,,,,,,,,,,,,,
68,68,68,211900572,08 51 58.535,+18 44 05.54,1,12.406,,,544-047060,08515854+1844055,,STAR,gri,lam,-7.4,1.4,2.8,3,,,13.864,0.02,12.74,0.04,,,13.285,0.02,12.356,0.04,12.029,0.03,,,10.801,0.022,10.229,0.021,10.08,0.018,4641,92,55,2.814,0.075,0.21,-0.049,0.1,0.12,7.374,1.897,1.112,1.257,0.122,0.183,0.003,0.001,0.001,1470,343.5,192,0.033,0.009,0.005,,,
69,69,69,211900581,08 55 44.724,+18 44 05.92,1,13.493,,,544-047179,08554473+1844059,,STAR,gri,rpm,-5.3,1.6,-4.6,1.9,,,14.721,0.06,13.765,0.04,,,14.201,0.04,13.435,0.01,13.189,0.03,,,12.034,0.02,11.608,0.024,11.501,0.022,5086,81,122,3.672,0.858,0.33,-0.07,0.18,0.36,2.378,1.251,1.608,1.036,0.209,0.174,0.072,1.283,0.052,962.2,387.6,657.8,0.032,0.008,0.005,,,
70,70,70,211900625,08 44 50.498,+18 44 08.36,1,16.444,,,,08445049+1844083,5071-301-3-0114-0238,STAR,gri,rpm,30,3,-67,3,,,,,,,20.708,0.06,18.177,0.006,16.859,0.005,15.702,0.005,15.079,0.005,13.787,0.026,13.143,0.029,12.944,0.024,3352,33,33,5.095,0.02,0.024,0.087,0.22,0.06,0.197,0.014,0.008,0.178,0.012,0.008,22.97,1.985,2.686,97.89,3.674,7.621,0.012,0.003,0.003,,,
71,71,71,211900633,08 55 01.292,+18 44 08.60,1,14.428,,,544-047150,08550129+1844086,5071-301-1-0129-0110,STAR,gri,rpm,-6,1.9,-7.6,2.9,,,15.496,0.04,14.683,0.02,,,15.043,0.02,14.455,0.02,14.164,0.02,,,13.111,0.023,12.699,0.023,12.553,0.022,5193,103,62,3.096,0.555,0.555,-1.111,0.45,0.45,4.017,3.159,2.015,0.875,0.024,0.072,0.009,0.05,0.008,2488,2395,1070,0.035,0.01,0.008,,,
72,72,72,211900700,08 44 17.069,+18 44 11.77,1,12.066,,,544-046740,08441706+1844119,,STAR,gri,rpm,-36.9,1.5,-12.3,1.4,,,13.165,0.04,12.31,0.02,,,12.685,0.03,12.013,0.03,11.801,0.02,,,10.766,0.023,10.35,0.025,10.262,0.018,5261,63,126,4.548,0.03,0.828,-0.178,0.2,0.4,0.828,2.043,0.068,0.868,0.052,0.082,1.54,0.228,1.458,187.9,417.9,16.93,0.024,0.01,0.008,,,
73,73,73,211900703,08 39 51.182,+18 44 12.06,1,17.993,,,,08395118+1844120,,STAR,JHK,col,,,,,,,,,,,,,,,,,,,,,15.673,0.066,15.012,0.088,14.793,0.109,4012,466,388,4.836,0.18,0.15,-0.227,0.25,0.3,0.405,0.15,0.145,0.465,0.158,0.19,5.951,7.311,2.899,641.4,372.8,271.3,0.032,0.008,0.007,,,
74,74,74,211900737,08 55 14.339,+18 44 14.42,1,17.949,,,,,5061-301-1-0132-0130,EXTENDED,gri,,0,4,2,4,,,,,,,19.74,0.067,18.461,0.012,17.988,0.013,17.729,0.017,17.492,0.043,,,,,,,,,,,,,,,,,,,,,,,,,,,,,,,,,
75,75,75,211900755,08 40 42.818,+18 44 15.68,1,15.259,,,544-046602,08404280+1844157,5071-301-4-0108-0375,STAR,JHK,rpm,-10.9,4.7,3.7,5.2,,,,,,,,,,,,,,,,,13.185,0.022,12.647,0.027,12.38,0.023,3551,118,257,5.034,0.055,0.044,-0.031,0.36,0.09,0.235,0.054,0.052,0.227,0.069,0.055,16.19,6.944,4.021,94.74,24.31,23.53,0.012,0.005,0.002,,,
76,76,76,211900772,09 05 56.021,+18 44 16.49,1,9.808,,1404-794-1,544-047537,09055601+1844165,,STAR,gri,rpm,-6.1,1.7,-11,1.7,,,11.773,0.285,10.204,0.069,,,11.016,0.01,9.802,0.01,9.289,0.04,,,7.78,0.024,7.059,0.04,6.873,0.023,4124,49,49,1.597,0.216,0.612,-0.089,0.2,0.56,28.145,19.873,6.597,1.146,0.187,0.225,4.84E-05,5.94E-05,4.18E-05,1153,796.2,266.2,0.032,0.008,0.008,,,
77,77,77,211900813,08 42 18.877,+18 44 18.73,1,17.341,,,,08421887+1844187,5061-301-4-0113-0207,STAR,gri,rpm,22,3,-204,3,,,,,,,21.722,0.113,19.484,0.011,18.004,0.007,16.423,0.006,15.571,0.006,14.115,0.024,13.585,0.031,13.328,0.032,3071,217,155,5.205,0.02,0.028,-0.198,0.25,0.3,0.145,0.014,0.009,0.125,0.016,0.011,39.48,4.817,5.877,68.21,19.5,15.16,0.011,0.004,0.004,,,
78,78,78,211900851,09 15 05.274,+18 44 20.50,1,18.189,,,,,5112-301-1-0193-0124,EXTENDED,gri,,0,3,-1,3,,,,,,,19.391,0.039,18.401,0.009,18.118,0.01,17.913,0.014,17.86,0.045,,,,,,,,,,,,,,,,,,,,,,,,,,,,,,,,,
79,79,79,211900852,08 57 52.804,+18 44 20.55,1,10.428,,1397-1632-1,544-047258,08575280+1844204,,STAR,gri,plx,-7,1.1,-15.5,1.2,,,10.702,0.061,10.334,0.062,,,10.82,0.23,10.307,0.02,10.26,0.03,,,9.562,0.022,9.374,0.024,9.3,0.02,6507,195,195,4.088,0.115,0.138,0,0.12,0.15,1.737,0.336,0.238,1.388,0.1,0.1,0.262,0.13,0.1,299,48.19,48.19,0.028,0.01,0.007,,,
80,80,80,211900859,09 06 05.572,+18 44 20.83,1,15.415,,,544-047546,09060557+1844209,5080-301-3-0155-0119,STAR,gri,rpm,5.3,4.4,-1.6,4.7,,,16.421,0.04,15.644,0.06,,,15.956,0.04,15.456,0.09,15.184,0.03,,,14.223,0.03,13.768,0.041,13.698,0.05,5344,210,210,4.522,0.072,1.044,-0.441,0.3,0.54,0.831,1.98,0.097,0.846,0.072,0.086,1.453,0.419,1.413,999,2134,182.5,0.032,0.008,0.007,,,
81,81,81,211900898,08 44 13.635,+18 44 23.26,1,16.253,,,,08441363+1844232,5071-301-3-0113-0202,STAR,gri,rpm,-4,3,-49,3,,,,,,,17.804,0.011,16.709,0.004,16.238,0.004,16.058,0.005,16.011,0.007,15.208,0.049,14.714,0.066,14.677,0.088,5424,54,370,4.654,0.08,0.02,-1.187,0.05,0.08,0.632,0.013,0.082,0.653,0.013,0.047,2.589,0.985,0.155,1154,34.61,182.5,0.038,0.001,0.007,,,
82,82,82,211900904,08 57 17.868,+18 44 24.13,1,15.408,,,544-047235,08571787+1844241,5061-301-1-0135-0016,STAR,gri,rpm,-1.1,4.5,1.6,4.8,,,16.653,0.12,15.759,0.06,,,16.154,0.09,15.434,0.01,15.089,0.08,,,14.021,0.024,13.609,0.03,13.449,0.038,5174,153,123,4.557,0.045,0.909,-0.215,0.25,0.4,0.785,1.586,0.069,0.835,0.075,0.075,1.649,0.334,1.579,824.1,1647,112.3,0.034,0.008,0.008,,,
83,83,83,211900907,09 11 10.256,+18 44 24.33,1,16.883,,,,09111025+1844243,5080-301-2-0163-0125,EXTENDED,gri,,6,4,0,4,,,,,,,18.563,0.042,17.394,0.009,16.917,0.008,16.664,0.009,16.487,0.026,16.943,0.162,,,,,,,,,,,,,,,,,,,,,,,,,,,,,,,
84,84,84,211900913,08 37 57.787,+18 44 24.55,1,12.356,,,544-046459,08375779+1844245,,STAR,gri,rpm,40.8,1.1,-147.6,2.3,,,13.117,0.04,12.521,0.01,,,12.765,0.02,12.347,0.02,12.181,0.02,,,11.233,0.027,10.894,0.032,10.832,0.018,5777,233,327,4.483,0.126,0.189,-0.757,0.45,0.25,0.81,0.258,0.129,0.768,0.101,0.067,1.324,0.703,0.654,191.7,48.52,51.92,0.021,0.01,0.008,,,
85,85,85,211900916,08 54 30.260,+18 44 24.72,1,12.647,,,544-047131,08543026+1844246,,STAR,gri,lam,-4,1.6,1.4,2.1,,,13.812,0.05,12.911,0.03,,,13.314,0.01,12.638,0.05,12.361,0.02,,,11.246,0.023,10.713,0.021,10.628,0.018,4898,98,138,2.415,0.121,0.055,-0.521,0.12,0.12,10.223,0.701,1.466,0.966,0.085,0.031,9.16E-04,4.77E-04,1.36E-04,2544,194.6,316,0.033,0.008,0.007,,,
86,86,86,211900935,09 06 29.481,+18 44 26.02,1,18.967,,,,,5080-301-3-0156-0179,STAR,gri,,5,3,0,3,,,,,,,19.33,0.024,19.023,0.009,18.948,0.01,18.894,0.012,18.91,0.039,,,,,,,,,,,,,,,,,,,,,,,,,,,,,,,,,
87,87,87,211900989,08 50 41.619,+18 44 29.21,1,17.953,,,,08504161+1844292,5061-301-2-0125-0250,STAR,gri,rpm,-31,3,-14,3,,,,,,,22.9,0.318,19.919,0.015,18.457,0.008,17.111,0.006,16.339,0.008,14.978,0.04,14.398,0.048,14.179,0.049,3537,127,106,5.05,0.035,0.042,-0.072,0.16,0.24,0.233,0.036,0.027,0.221,0.043,0.031,17.15,4.243,3.401,212.6,42.89,26.16,0.027,0.008,0.006,,,
88,88,88,211901010,08 38 08.091,+18 44 30.00,1,18.076,,,,08380809+1844300,5061-301-5-0107-0376,STAR,gri,rpm,-34,3,-17,3,,,,,,,22.532,0.206,20.254,0.018,18.78,0.009,17.142,0.006,16.25,0.007,14.726,0.038,14.166,0.041,13.809,0.037,3492,101,121,5.068,0.042,0.035,-0.033,0.15,0.18,0.216,0.029,0.026,0.199,0.04,0.033,19.29,5.108,3.429,175.2,28.76,29.21,0.023,0.008,0.008,,,
89,89,89,211901015,08 59 22.477,+18 44 30.17,1,16.542,,,,08592247+1844301,5112-301-4-0170-0172,EXTENDED,gri,,-4,2,2,2,,,,,,,19.496,0.052,17.515,0.006,16.556,0.004,16.125,0.004,15.789,0.01,15.295,0.061,14.529,0.069,14.115,0.063,,,,,,,,,,,,,,,,,,,,,,,,,,,
90,90,90,211901114,08 41 35.694,+18 44 35.01,1,16.024,,,,08413569+1844350,5071-301-4-0110-0267,STAR,gri,rpm,-34,3,-11,3,,,,,,,20.318,0.05,17.894,0.006,16.485,0.005,15.223,0.004,14.548,0.005,13.155,0.022,12.535,0.023,12.318,0.022,3634,148,106,4.985,0.028,0.02,-0.021,0.18,0.18,0.294,0.027,0.024,0.31,0.041,0.041,12.09,1.791,1.56,123.8,20.25,15.07,0.018,0.005,0.002,,,
91,91,91,211901149,08 59 52.477,+18 44 36.70,1,12.896,,,544-047325,08595247+1844365,,STAR,gri,lam,-2.3,1.4,2.7,1.6,,,13.627,0.05,13.024,0.02,,,13.256,0.01,12.859,0.05,12.742,0.02,,,11.893,0.025,11.609,0.023,11.554,0.024,5981,120,120,3.957,0.12,0.12,0.024,0.1,0.1,1.863,0.379,0.315,1.249,0.16,0.1,0.176,0.094,0.061,867.9,151.8,152.6,0.033,0.01,0.007,,,
92,92,92,211901173,08 40 26.850,+18 44 38.12,1,11.711,,,544-046587,08402684+1844380,,STAR,gri,rpm,-7.3,0.9,-15.6,2.8,,,12.455,0.03,11.851,0.02,,,12.093,0.01,11.693,0.04,11.547,0.03,,,10.719,0.021,10.466,0.024,10.393,0.022,6105,122,97,4.211,0.16,0.256,-0.054,0.12,0.18,1.32,0.624,0.232,1.149,0.163,0.102,0.443,0.336,0.282,364.5,160,71.49,0.031,0.01,0.008,,,
93,93,93,211901225,08 42 22.346,+18 44 40.74,1,14.94,,,544-046668,08422233+1844409,5061-301-4-0113-0092,STAR,gri,lam,-10.6,3.8,-8.6,3.9,,,16.961,0.07,15.652,0.03,,,16.314,0.09,15.018,0.03,14.351,0.11,,,12.905,0.023,12.231,0.021,12.07,0.021,4060,131,164,4.892,0.066,0.055,-0.456,0.12,0.08,0.378,0.051,0.061,0.427,0.061,0.073,7.483,3.185,1.674,166.3,29.99,30.01,0.022,0.006,0.005,,,
94,94,94,211901333,09 02 36.570,+18 44 47.07,1,17.617,,,,09023657+1844470,,STAR,J,col,,,,,,,,,,,,,,,,,,,,,16.113,0.093,15.393,0.097,14.891,0.086,3662,389,278,4.989,0.12,0.144,-0.168,0.2,0.28,0.275,0.139,0.092,0.281,0.198,0.124,12.11,11.77,6.75,477.4,335.2,196.9,0.032,0.01,0.008,,,
95,95,95,211901458,08 40 53.262,+18 44 54.01,1,17.989,,,,08405326+1844540,5071-301-4-0109-0015,STAR,gri,rpm,-33,3,-14,3,,,,,,,22.408,0.248,20.195,0.018,18.694,0.009,17.043,0.006,16.131,0.008,14.587,0.03,13.974,0.041,13.674,0.043,3459,106,127,5.099,0.032,0.048,-0.078,0.2,0.28,0.198,0.029,0.022,0.186,0.03,0.03,22.04,4.764,4.613,148.4,24.76,21.22,0.022,0.014,0.006,,,
96,96,96,211901532,08 56 39.533,+18 44 58.27,1,14.182,,,544-047215,08563953+1844582,,STAR,gri,rpm,-18.2,7.8,-7.1,3.2,,,15.211,0.07,14.422,0.01,,,14.765,0.04,14.188,0.01,13.933,0.06,,,12.895,0.02,12.504,0.024,12.389,0.023,5429,109,109,4.528,0.048,0.72,-0.333,0.25,0.4,0.832,1.198,0.08,0.862,0.078,0.094,1.443,0.312,1.33,534.5,752.4,61.4,0.033,0.012,0.006,,,
97,97,97,211901538,08 39 23.766,+18 44 58.52,1,10.9,,1395-1336-1,544-046534,08392377+1844585,,STAR,gri,plx,-8.2,1.5,-18.1,1.5,,,11.379,0.085,11.043,0.102,,,11.064,0.01,10.845,0.01,10.795,0.03,,,10.087,0.02,9.937,0.023,9.882,0.016,6783,137,109,4.2,0.085,0.119,-0.062,0.12,0.12,1.516,0.288,0.177,1.391,0.093,0.093,0.366,0.133,0.129,276.8,62.46,62.46,0.029,0.01,0.007,,,
98,98,98,211901658,08 46 13.051,+18 45 04.08,1,12.536,,,544-046801,08461305+1845042,,STAR,gri,rpm,13.7,1.5,-1.1,1.8,,,13.541,0.03,12.762,0.02,,,13.104,0.03,12.497,0.02,12.292,0.03,,,11.338,0.026,10.928,0.03,10.859,0.025,5330,156,156,3.853,0.735,1.323,-0.375,0.35,0.56,1.965,5.381,1.199,0.918,0.153,0.029,0.123,1.601,0.122,598.3,1316,371.3,0.033,0.007,0.01,,,
99,99,99,211901676,08 40 52.863,+18 45 04.78,1,14.093,,,544-046611,08405286+1845048,,STAR,gri,lam,-2.5,2.9,-6.1,3,,,15.307,0.02,14.346,0.03,,,14.788,0.01,14.047,0.03,13.796,0.04,,,12.632,0.021,12.169,0.026,12.053,0.019,4931,58,78,3.264,0.13,0.156,-0.344,0.15,0.12,3.874,0.661,0.476,1.034,0.156,0.078,0.017,0.009,0.007,1953,371.4,263.8,0.032,0.01,0.005,,,
100,100,100,211901716,09 04 32.949,+18 45 06.96,1,13.828,,,544-047475,09043293+1845070,,STAR,gri,rpm,16.6,1.7,-3,1.9,,,14.673,0.07,13.974,0.02,,,14.257,0.05,13.779,0.02,13.645,0.29,,,12.574,0.022,12.134,0.021,12.071,0.017,5464,130,108,4.471,0.108,0.846,-0.624,0.4,0.48,0.924,1.44,0.182,0.87,0.044,0.071,1.168,0.6,1.104,521.1,760.9,109.1,0.03,0.007,0.006,,,
101,101,101,211901735,08 40 17.865,+18 45 07.86,1,14.401,,,544-046578,08401786+1845078,5037-301-1-0113-0040,STAR,gri,rpm,-6.2,3.2,1.9,2.8,,,16.016,0.07,14.844,0.02,,,15.481,0.03,14.345,0.01,13.938,0.07,,,12.596,0.021,12.036,0.021,11.91,0.022,4371,43,43,4.72,0.03,0.036,-0.111,0.15,0.12,0.58,0.04,0.037,0.657,0.032,0.038,3.262,0.398,0.486,244.6,19.67,18.21,0.024,0.005,0.003,,,
102,102,102,211901834,09 07 35.740,+18 45 13.01,1,12.218,,1404-732-1,544-047599,09073573+1845130,,STAR,gri,lam,6.4,2.4,-1.2,2.6,,,12.618,0.297,11.887,0.2,,,12.518,0.02,12.213,0.01,12.089,0.02,,,11.244,0.023,10.968,0.03,10.909,0.021,6025,118,118,4.322,0.11,0.132,-0.527,0.15,0.18,1.039,0.201,0.116,0.889,0.068,0.056,0.687,0.353,0.269,358.4,59.79,60.57,0.033,0.008,0.006,,,
103,103,103,211901847,08 43 34.621,+18 45 13.87,1,17.46,,,,08433462+1845138,5061-301-4-0115-0237,STAR,gri,rpm,-33,3,-15,3,,,,,,,21.766,0.117,19.562,0.012,18.121,0.008,16.559,0.006,15.663,0.007,14.173,0.031,13.562,0.039,13.301,0.03,3554,105,84,5.038,0.035,0.035,-0.052,0.12,0.15,0.243,0.027,0.029,0.241,0.038,0.038,15.58,3.855,2.622,157.5,25.35,21.83,0.02,0.007,0.005,,,
104,104,104,211901943,08 57 02.232,+18 45 17.70,1,12.648,,,544-047226,08570223+1845176,,STAR,gri,lam,9.9,1.8,-1.2,2.2,,,13.421,0.06,12.786,0.01,,,13.043,0.02,12.635,0.01,12.479,0.05,,,11.583,0.021,11.292,0.022,11.232,0.023,5807,174,139,4.401,0.065,0.169,0.004,0.1,0.12,1.049,0.252,0.09,1.028,0.063,0.063,0.869,0.238,0.382,400.8,98.46,46.05,0.031,0.008,0.007,,,
105,105,105,211902005,08 45 56.748,+18 45 20.79,1,9.793,,1396-1189-1,544-046794,08455675+1845208,,STAR,gri,rpm,0.4,1.3,-3.9,1.4,,,11.853,0.208,10.33,0.051,,,10.945,0.03,9.914,0.19,9.3,0.04,,,7.85,0.024,7.178,0.023,7.005,0.024,4298,102,102,1.786,0.252,0.21,-0.204,0.2,0.24,23.353,5.939,6.729,1.257,0.28,0.24,9.22E-05,1.57E-04,4.85E-05,1042,250.6,260.3,0.035,0.008,0.008,,,
106,106,106,211902036,08 40 38.131,+18 45 22.63,1,18.62,,,,08403813+1845226,5037-301-1-0113-0129,STAR,gri,,4,1,2,3,,,,,,,18.999,0.019,18.539,0.008,18.647,0.009,18.439,0.01,18.434,0.027,16.96,0.179,,,15.24,0.161,,,,,,,,,,,,,,,,,,,,,,,,,,,
107,107,107,211902060,09 15 19.878,+18 45 23.78,1,15.694,,,544-047854,09151987+1845238,5112-301-1-0194-0011,STAR,gri,rpm,2.2,3.1,1.4,3.4,,,17.184,0.104,16.251,0.072,,,16.591,0.02,15.749,0.04,15.309,0.04,,,14.024,0.024,13.523,0.026,13.382,0.031,4793,94,75,4.608,0.04,3.52,-0.265,0.25,2.1,0.724,41.225,0.074,0.785,0.025,0.083,2.024,0.466,2.024,679,35480,90.87,0.036,0.011,0.007,,,
108,108,108,211902091,08 38 08.229,+18 45 25.57,1,11.933,,,544-046466,08380823+1845256,,STAR,gri,rpm,6.5,1.5,-24.8,2.9,,,13.208,0.04,12.225,0.01,,,12.709,0.01,11.864,0.04,11.6,0.01,,,10.457,0.026,9.964,0.03,9.877,0.02,4904,78,117,3.506,0.99,0.33,-0.082,0.2,0.2,2.923,1.391,2.203,1.122,0.208,0.292,0.039,1.572,0.026,538.7,243.6,398.1,0.032,0.005,0.008,,,
109,109,109,211902188,08 39 43.986,+18 45 31.55,1,12.863,,,544-046555,08394398+1845315,,STAR,gri,rpm,-4.1,1.7,-1.7,2.1,,,13.558,0.04,12.979,0.02,,,13.2,0.01,12.832,0.02,12.718,0.03,,,11.916,0.023,11.679,0.022,11.603,0.022,6215,100,100,4.159,0.135,0.189,-0.146,0.18,0.24,1.422,0.459,0.228,1.169,0.163,0.136,0.335,0.289,0.173,701.2,200.5,136,0.033,0.013,0.007,,,
110,110,110,211902236,08 55 40.859,+18 45 33.83,1,16.905,,,,08554085+1845338,5061-301-1-0132-0213,EXTENDED,gri,,,,,,,,,,,,17.95,0.018,17.057,0.005,16.855,0.006,16.759,0.008,16.612,0.031,16.746,0.159,,,,,,,,,,,,,,,,,,,,,,,,,,,,,,,
111,111,111,211902245,08 58 57.856,+18 45 34.43,1,18.443,,,,08585785+1845344,,STAR,J,,,,,,,,,,,,,,,,,,,,,,16.875,0.153,16.225,0.155,,,,,,,,,,,,,,,,,,,,,,,,,,,,,
112,112,112,211902261,08 41 28.997,+18 45 35.11,1,18.66,,,,08412899+1845351,5071-301-4-0109-0394,STAR,gri,rpm,-27,5,-9,5,,,,,,,24.101,0.788,20.921,0.03,19.471,0.015,17.691,0.007,16.702,0.01,15.125,0.039,14.509,0.059,14.19,0.065,3573,129,107,5.035,0.048,0.04,-0.056,0.16,0.2,0.238,0.041,0.03,0.238,0.053,0.046,16,4.144,3.292,240,51.21,35.72,0.028,0.011,0.008,,,
113,113,113,211902282,09 04 58.027,+18 45 36.13,1,18.06,,,,,5112-301-3-0178-0351,EXTENDED,gri,,-19,3,44,3,,,,,,,19.702,0.068,18.563,0.019,18.122,0.015,17.844,0.02,17.644,0.058,,,,,,,,,,,,,,,,,,,,,,,,,,,,,,,,,
114,114,114,211902301,08 37 54.186,+18 45 37.54,1,16.213,,,,08375418+1845375,5061-301-5-0107-0318,EXTENDED,gri,,-6,3,1,3,,,,,,,19.25,0.043,17.236,0.005,16.222,0.004,15.775,0.004,15.409,0.008,15.09,0.077,14.473,0.089,14.069,0.073,,,,,,,,,,,,,,,,,,,,,,,,,,,
115,115,115,211902320,09 02 42.252,+18 45 38.57,1,12.951,,,544-047411,09024224+1845385,,STAR,gri,lam,-8.2,1,-2.2,0.7,,,13.63,0.03,13.079,0.04,,,13.295,0.01,12.944,0.05,12.804,0.04,,,11.997,0.022,11.723,0.021,11.681,0.022,5997,119,119,4.297,0.105,0.147,-0.261,0.12,0.12,1.133,0.251,0.151,0.992,0.084,0.07,0.617,0.285,0.255,545.1,116.3,81.15,0.032,0.01,0.007,,,
116,116,116,211902331,08 46 33.275,+18 45 39.48,1,9.332,43086,1396-889-1,544-046827,08463327+1845394,,STAR,gri,plx,-38.45,1.34,-11.41,0.94,6.3,1.27,9.517,0.023,9.135,0.019,,,10.051,0.08,9.518,0.22,9.024,0.04,,,8.444,0.026,8.308,0.027,8.253,0.021,6730,269,269,4.174,0.09,0.144,0.004,0.12,0.12,1.609,0.337,0.204,1.424,0.118,0.118,0.325,0.134,0.124,158.7,32,32,0.022,0.007,0.006,,,
117,117,117,211902344,08 45 14.942,+18 45 39.98,1,17.476,,,,08451494+1845399,5071-301-3-0115-0232,STAR,gri,rpm,-33,3,-8,3,,,,,,,22.18,0.186,19.568,0.013,18.135,0.007,16.579,0.005,15.736,0.006,14.237,0.031,13.67,0.033,13.412,0.042,3565,106,84,5.02,0.048,0.04,-0.046,0.18,0.18,0.256,0.039,0.039,0.25,0.056,0.047,14.63,4.39,2.874,170.4,30.73,26.03,0.023,0.007,0.005,,,
118,118,118,211902365,08 56 54.120,+18 45 41.03,1,13.753,,,544-047221,08565412+1845409,,STAR,gri,rpm,-13.1,1.4,-9.8,2.7,,,14.937,0.03,14.043,0.02,,,14.46,0.01,13.736,0.01,13.45,0.02,,,12.316,0.021,11.871,0.026,11.783,0.02,5041,80,80,3.84,0.795,0.795,-0.313,0.3,0.42,1.983,2.237,1.391,0.884,0.277,0.154,0.091,1.911,0.084,861.9,893.8,585.8,0.034,0.005,0.006,,,
119,119,119,211902413,09 05 57.438,+18 45 43.71,1,17.258,,,,,5080-301-3-0155-0078,EXTENDED,gri,,-12,3,10,3,,,,,,,19.62,0.114,17.847,0.013,17.323,0.013,17.005,0.014,17.015,0.05,,,,,,,,,,,,,,,,,,,,,,,,,,,,,,,,,
120,120,120,211902425,08 40 42.717,+18 45 44.26,1,15.257,,,544-046601,08404271+1845442,5037-301-1-0113-0152,STAR,gri,rpm,-3,3.7,2.2,4,,,16.69,0.04,15.586,0.04,,,16.232,0.03,15.159,0.01,14.84,0.01,,,13.672,0.024,13.19,0.024,13.073,0.026,4610,46,74,4.631,0.036,0.02,0.147,0.08,0.18,0.698,0.018,0.051,0.762,0.019,0.042,2.208,0.386,0.133,512.8,29.13,43.39,0.033,0.007,0.005,,,
121,121,121,211902439,09 04 26.836,+18 45 44.79,1,17.233,,,,09042683+1845447,5112-301-3-0177-0244,STAR,gri,rpm,53,3,-39,3,,,,,,,21.32,0.089,18.774,0.008,17.348,0.006,16.573,0.006,16.127,0.008,14.997,0.037,14.359,0.044,14.091,0.05,3671,44,44,5.026,0.05,0.025,-0.226,0.08,0.08,0.258,0.022,0.039,0.258,0.038,0.051,14.74,4.737,2.079,253.5,25.74,40.5,0.028,0.013,0.006,,,
122,122,122,211902459,09 06 16.300,+18 45 45.69,1,17.768,,,,09061630+1845456,5080-301-3-0155-0137,STAR,gri,rpm,-65,3,-68,3,,,,,,,22.379,0.191,19.545,0.012,18.097,0.007,17.007,0.006,16.415,0.008,15.148,0.041,14.67,0.063,14.259,0.071,3379,40,40,5.115,0.02,0.045,-0.009,0.1,0.05,0.188,0.026,0.006,0.169,0.026,0.008,25.03,1.502,5.149,169.4,34.27,7.626,0.021,0.007,0.006,,,
123,123,123,211902576,09 06 00.310,+18 45 52.20,1,14.246,,,544-047542,,5080-301-3-0155-0075,EXTENDED,gri,,3.9,6.1,-0.3,5.9,,,15.704,0.08,14.756,0.05,,,15.167,0.04,14.35,0.04,13.852,0.05,,,,,,,,,,,,,,,,,,,,,,,,,,,,,,,,,,,
124,124,124,211902620,09 05 13.982,+18 45 55.23,1,17.688,,,,,5112-301-3-0179-0208,EXTENDED,gri,,5,4,-6,4,,,,,,,19.347,0.059,18.2,0.019,17.777,0.025,17.469,0.022,17.274,0.047,,,,,,,,,,,,,,,,,,,,,,,,,,,,,,,,,
125,125,125,211902635,08 37 56.498,+18 45 55.75,1,15.819,,,,08375649+1845557,5061-301-5-0107-0347,EXTENDED,gri,,-4,3,1,3,,,,,,,18.755,0.041,16.838,0.005,15.831,0.004,15.382,0.004,15.025,0.008,15.249,0.103,14.545,0.116,14.109,0.094,,,,,,,,,,,,,,,,,,,,,,,,,,,
126,126,126,211902652,08 45 26.664,+18 45 56.77,1,12.435,,,544-046781,08452666+1845568,,STAR,gri,rpm,4.2,1.1,-9.6,1,,,12.92,0.03,12.492,0.01,,,12.616,0.04,12.375,0.03,12.317,0.03,,,11.567,0.02,11.339,0.019,11.296,0.019,6478,156,156,4.16,0.115,0.138,-0.122,0.15,0.3,1.487,0.358,0.213,1.247,0.13,0.156,0.339,0.18,0.136,616.2,133.5,92.93,0.032,0.01,0.007,,,
127,127,127,211902720,08 42 10.293,+18 46 00.38,1,17.989,,,,08421029+1846003,5061-301-4-0113-0179,STAR,gri,rpm,-31,3,-15,3,,,,,,,22.458,0.198,20.168,0.017,18.666,0.009,17.055,0.006,16.159,0.008,14.636,0.032,14.026,0.039,13.746,0.046,3463,106,128,5.087,0.04,0.04,-0.038,0.16,0.32,0.204,0.026,0.027,0.191,0.032,0.032,21.3,5.638,3.786,158.1,19.94,25.81,0.022,0.014,0.006,,,
128,128,128,211902739,08 55 43.221,+18 46 01.35,1,17.557,,,,,5061-301-1-0132-0101,STAR,gri,,3,3,31,3,,,,,,,17.387,0.009,17.276,0.005,17.651,0.006,17.914,0.008,18.166,0.023,,,,,,,,,,,,,,,,,,,,,,,,,,,,,,,,,
129,129,129,211902741,08 38 57.148,+18 46 01.42,1,15.193,,,544-046507,08385715+1846014,,STAR,gri,rpm,-0.3,3.7,-3.3,4,,,16.154,0.02,15.363,0.06,,,15.727,0.02,15.11,0.02,14.964,0.06,,,13.925,0.024,13.522,0.033,13.392,0.038,5386,109,109,4.535,0.045,0.072,-0.182,0.2,0.32,0.833,0.113,0.084,0.87,0.067,0.09,1.458,0.336,0.367,861.3,135.8,98.96,0.034,0.01,0.007,,,
130,130,130,211902755,09 08 57.332,+18 46 01.98,1,14.476,,,544-047643,09085732+1846020,5112-301-2-0184-0055,STAR,gri,rpm,1.2,4.5,17.8,4.9,,,16.41,0.05,15.004,0.05,,,15.735,0.04,14.481,0.03,13.937,0.02,,,12.54,0.022,11.954,0.033,11.765,0.024,4037,64,81,4.825,0.054,0.036,-0.08,0.15,0.15,0.461,0.033,0.059,0.514,0.042,0.059,5.223,1.506,0.736,169.4,19.63,19.95,0.021,0.004,0.005,,,
131,131,131,211902786,08 40 17.583,+18 46 03.82,1,15.666,,,544-046577,08401757+1846038,5037-301-1-0113-0047,STAR,gri,rpm,-2,3.6,-0.9,3.9,,,16.73,0.06,15.879,0.1,,,16.276,0.04,15.575,0.06,15.404,0.14,,,14.362,0.032,13.943,0.034,13.848,0.053,5241,157,125,4.558,0.04,0.072,-0.191,0.2,0.32,0.786,0.097,0.063,0.839,0.071,0.085,1.678,0.293,0.381,957,163.8,102.1,0.034,0.01,0.008,,,
132,132,132,211902805,08 44 48.390,+18 46 04.86,1,14.957,,,544-046758,08444838+1846048,5071-301-3-0114-0123,STAR,gri,rpm,-0.7,3.6,2.8,4.1,,,16.312,0.04,15.346,0.02,,,15.799,0.02,14.926,0.06,14.597,0.07,,,13.484,0.026,12.902,0.029,12.777,0.028,4722,110,138,4.632,0.04,1.256,-0.18,0.2,0.4,0.688,3.89,0.073,0.761,0.059,0.083,2.205,0.508,2.2,489.1,3577,66.04,0.033,0.008,0.008,,,
133,133,133,211902826,08 42 22.036,+18 46 05.86,1,18.388,,,,08422203+1846058,5061-301-4-0113-0302,STAR,gri,rpm,-28,3,-14,3,,,,,,,22.988,0.298,20.615,0.022,19.085,0.011,17.434,0.007,16.509,0.009,14.949,0.037,14.371,0.046,14.003,0.056,3364,124,83,5.128,0.03,0.03,-0.032,0.16,0.32,0.178,0.018,0.01,0.159,0.023,0.009,26.84,3.624,4.361,152.9,21.52,8.884,0.022,0.006,0.006,,,
134,134,134,211902833,08 51 43.112,+18 46 06.21,1,14.577,,,544-047050,08514310+1846062,5061-301-2-0127-0011,STAR,gri,lam,15.4,2.4,-19.4,2.8,,,15.733,0.02,14.827,0.02,,,15.243,0.03,14.548,0.03,14.292,0.05,,,13.309,0.026,12.827,0.024,12.737,0.026,5120,153,184,4.597,0.025,0.025,-0.266,0.12,0.18,0.725,0.045,0.036,0.774,0.054,0.045,1.954,0.213,0.192,524.3,46.63,42.82,0.033,0.008,0.008,,,
135,135,135,211902844,08 53 00.491,+18 46 06.64,1,12.447,,,544-047083,08530048+1846064,,STAR,gri,rpm,-4.4,1.4,1.4,1.5,,,13.034,0.04,12.545,0.04,,,12.734,0.02,12.425,0.04,12.324,0.05,,,11.548,0.022,11.307,0.021,11.226,0.018,6337,126,126,4.084,0.185,0.222,-0.122,0.15,0.21,1.606,0.601,0.374,1.249,0.19,0.136,0.278,0.283,0.158,669,192.9,175.4,0.032,0.008,0.006,,,
136,136,136,211902899,09 03 49.596,+18 46 08.92,1,15.673,,,544-047441,09034959+1846089,5112-301-3-0176-0226,STAR,gri,rpm,-8,5.2,-14.5,5.1,,,17.724,0.19,16.247,0.09,,,16.976,0.04,15.692,0.03,15.114,0.1,,,13.391,0.025,12.733,0.024,12.539,0.023,3988,94,94,4.83,0.049,0.042,-0.055,0.18,0.12,0.448,0.047,0.049,0.513,0.042,0.067,5.455,1.492,0.865,242.3,29.56,36.07,0.027,0.007,0.006,,,
137,137,137,211903006,09 02 17.425,+18 46 14.47,1,18.424,,,,,5080-301-4-0149-0271,EXTENDED,gri,,-3,3,0,3,,,,,,,19.626,0.049,18.81,0.011,18.437,0.012,18.259,0.016,18.074,0.049,,,,,,,,,,,,,,,,,,,,,,,,,,,,,,,,,
138,138,138,211903007,08 59 08.980,+18 46 14.63,1,19.329,,,,,5112-301-4-0170-0333,EXTENDED,gri,,-15,3,-12,3,,,,,,,20.681,0.149,19.492,0.024,19.274,0.032,19.095,0.051,19.114,0.187,,,,,,,,,,,,,,,,,,,,,,,,,,,,,,,,,
139,139,139,211903016,09 09 01.150,+18 46 15.01,1,17.114,,,,09090115+1846150,,STAR,J,col,,,,,,,,,,,,,,,,,,,,,15.644,0.094,15.162,0.136,14.64,0.114,3795,840,323,4.953,0.125,0.275,-0.172,0.2,0.36,0.327,0.276,0.133,0.345,0.291,0.162,9.797,10.44,6.727,479.9,604.9,211.9,0.031,0.01,0.008,,,
140,140,140,211903088,08 56 52.386,+18 46 18.71,1,12.543,,,544-047220,08565239+1846186,,STAR,gri,rpm,-6.5,2.2,-2.6,2.2,,,13.413,0.05,12.731,0.02,,,13.02,0.04,12.551,0.041,12.338,0.04,,,11.37,0.02,11.044,0.021,11,0.02,5786,171,136,4.115,0.31,0.31,-0.141,0.2,0.2,1.346,0.72,0.404,1.066,0.137,0.118,0.323,0.608,0.211,498.5,202.4,167.3,0.033,0.007,0.008,,,
141,141,141,211903093,09 09 18.217,+18 46 18.95,1,16.292,,,,09091821+1846189,5112-301-2-0185-0111,STAR,gri,rpm,-33,2,-39,2,,,,,,,20.825,0.064,18.101,0.007,16.669,0.005,15.517,0.005,14.884,0.005,13.565,0.027,12.949,0.031,12.767,0.021,3639,89,89,5.022,0.03,0.036,-0.126,0.18,0.15,0.259,0.04,0.017,0.26,0.058,0.025,14.39,2.132,2.959,133.3,21.87,12.29,0.021,0.007,0.006,,,
142,142,142,211903132,09 04 18.992,+18 46 21.71,1,12.192,,,544-047462,09041899+1846218,,STAR,gri,rpm,-13.3,0.7,3.5,0.8,,,12.968,0.05,12.37,0.01,,,12.591,0.05,12.215,0.01,12.021,0.03,,,11.184,0.023,10.903,0.025,10.805,0.02,5967,118,118,4.126,0.25,0.3,-0.232,0.24,0.24,1.405,0.675,0.392,1.016,0.143,0.172,0.305,0.554,0.197,475.5,234.3,157,0.035,0.01,0.007,,,
143,143,143,211903158,09 09 28.275,+18 46 23.21,1,16.703,,,,09092827+1846232,5112-301-2-0185-0143,EXTENDED,gri,,-3,2,-2,2,,,,,,,19.564,0.045,17.644,0.006,16.707,0.004,16.3,0.005,15.929,0.009,15.199,0.067,14.605,0.084,14.07,0.073,,,,,,,,,,,,,,,,,,,,,,,,,,,
144,144,144,211903200,08 46 53.835,+18 46 25.50,1,17.263,,,,,5061-301-3-0120-0098,EXTENDED,gri,,3,2,6,2,,,,,,,18.862,0.033,17.777,0.007,17.317,0.008,17.042,0.008,16.874,0.027,,,,,,,,,,,,,,,,,,,,,,,,,,,,,,,,,
145,145,145,211903257,08 38 32.544,+18 46 28.27,1,10.761,,1395-1401-1,544-046494,08383255+1846282,,STAR,gri,plx,-2.1,1.7,-4.9,1.8,,,12.21,0.24,11.412,0.134,,,11.674,0.01,10.706,0.01,10.369,0.02,,,9.07,0.029,8.451,0.027,8.315,0.02,4529,72,72,2.282,0.215,0.473,-0.188,0.2,0.4,12.922,6.908,2.928,1.134,0.226,0.226,5.37E-04,5.60E-04,4.08E-04,1557,1890,1890,0.034,0.01,0.007,,,
146,146,146,211903260,09 15 01.840,+18 46 28.33,1,16.797,,,,09150184+1846283,,STAR,JHK,col,,,,,,,,,,,,,,,,,,,,,14.424,0.026,13.865,0.03,13.526,0.028,3412,150,573,5.096,0.135,0.075,-0.029,0.15,0.18,0.197,0.056,0.065,0.187,0.071,0.071,22.36,24.79,7.588,139.2,49.43,63.39,0.019,0.007,0.008,,,
147,147,147,211903289,09 09 06.255,+18 46 30.08,1,17.832,,,,,5112-301-2-0184-0073,EXTENDED,gri,,-6,4,19,4,,,,,,,19.356,0.076,18.276,0.018,17.858,0.025,17.641,0.032,17.386,0.067,,,,,,,,,,,,,,,,,,,,,,,,,,,,,,,,,
148,148,148,211903297,09 10 48.911,+18 46 30.40,1,17.55,,,,09104891+1846303,5080-301-2-0162-0169,STAR,gri,rpm,-43,3,37,3,,,,,,,22.323,0.222,19.741,0.014,18.218,0.008,16.611,0.005,15.734,0.006,14.287,0.024,13.784,0.031,13.546,0.033,3345,159,66,5.125,0.02,0.033,0.005,0.09,0.27,0.181,0.019,0.008,0.159,0.023,0.006,26.88,1.923,4.728,114.6,17.71,6.66,0.018,0.007,0.005,,,
149,149,149,211903302,08 38 57.768,+18 46 30.92,1,15.707,,,,08385776+1846309,,STAR,JHK,col,,,,,,,,,,,,,,,,,,,,,13.542,0.024,12.924,0.029,12.71,0.026,3782,218,182,4.934,0.098,0.084,-0.077,0.15,0.27,0.34,0.083,0.086,0.379,0.091,0.127,8.961,5.572,3.04,181.1,60.97,52.01,0.022,0.008,0.007,,,
150,150,150,211903386,08 56 17.789,+18 46 34.69,1,12.955,,,544-047201,08561780+1846346,,STAR,gri,rpm,2.8,1.7,-4.6,1.4,,,13.709,0.06,13.1,0.02,,,13.35,0.03,12.961,0.041,12.786,0.02,,,11.889,0.022,11.566,0.024,11.509,0.02,5983,104,173,4.124,0.245,0.245,-0.213,0.2,0.28,1.348,0.475,0.351,1.044,0.127,0.096,0.344,0.501,0.204,621.7,217,160.8,0.033,0.011,0.007,,,
151,151,151,211903405,08 47 15.674,+18 46 35.53,1,17.381,,,,08471567+1846355,5061-301-3-0120-0187,EXTENDED,gri,,1,2,3,2,,,,,,,19.263,0.042,18.05,0.008,17.487,0.008,17.094,0.008,16.92,0.025,16.634,0.159,15.994,0.196,15.516,0.18,,,,,,,,,,,,,,,,,,,,,,,,,,,
152,152,152,211903413,09 15 04.196,+18 46 35.76,1,12.999,,,544-047845,09150418+1846356,,STAR,gri,rpm,-11.5,2.2,-11.4,2.6,,,13.927,0.07,13.174,0.04,,,13.493,0.02,12.968,0.04,12.787,0.03,,,11.868,0.019,11.551,0.022,11.449,0.017,5746,135,113,4.424,0.065,0.52,-0.125,0.16,0.2,1.005,0.853,0.12,1.008,0.117,0.097,0.944,0.272,0.792,439.6,373,65.1,0.034,0.011,0.006,,,
153,153,153,211903419,08 55 56.453,+18 46 36.30,1,13.995,,,544-047187,08555646+1846362,,STAR,gri,rpm,-4,3,-0.1,5.2,,,15.313,0.03,14.313,0.05,,,14.766,0.03,13.97,0.01,13.664,0.03,,,12.448,0.022,11.937,0.021,11.795,0.023,4850,94,113,2.936,0.57,0.912,-0.39,0.25,0.65,4.987,8.723,2.144,0.95,0.105,0.146,0.007,0.037,0.006,2275,3356,983.9,0.035,0.018,0.008,,,
154,154,154,211903512,08 38 48.002,+18 46 41.86,1,17.06,,,,08384800+1846418,5061-301-5-0108-0235,EXTENDED,gri,,-10,3,12,3,,,,,,,19.933,0.081,18.125,0.01,17.095,0.007,16.603,0.007,16.293,0.016,16.152,0.105,15.382,0.123,15.014,0.149,,,,,,,,,,,,,,,,,,,,,,,,,,,
155,155,155,211903525,08 54 09.511,+18 46 42.28,1,13.906,,,544-047119,08540950+1846422,,STAR,gri,rpm,-3,2.1,-14.6,2,,,14.897,0.03,14.12,0.04,,,14.474,0.02,13.892,0.04,13.663,0.06,,,12.62,0.023,12.186,0.022,12.11,0.023,5299,158,126,4.497,0.07,1.246,-0.441,0.35,0.63,0.896,2.712,0.129,0.878,0.044,0.079,1.281,0.479,1.264,512.9,1419,92.52,0.031,0.01,0.004,,,
156,156,156,211903528,09 10 48.153,+18 46 42.54,1,15.643,,,,09104815+1846425,5112-301-2-0187-0036,EXTENDED,gri,,2,4,8,0,,,,,,,18.752,0.048,16.764,0.005,15.726,0.004,15.162,0.004,14.667,0.007,14.556,0.05,13.659,0.049,13.469,0.06,,,,,,,,,,,,,,,,,,,,,,,,,,,
157,157,157,211903564,09 03 51.666,+18 46 45.25,1,18.707,,,,,5112-301-3-0177-0263,EXTENDED,gri,,14,3,2,3,,,,,,,20.333,0.098,19.092,0.016,18.774,0.018,18.542,0.034,18.388,0.126,,,,,,,,,,,,,,,,,,,,,,,,,,,,,,,,,
158,158,158,211903604,08 46 23.757,+18 46 47.64,1,14.048,,,544-046816,08462376+1846477,,STAR,gri,rpm,-19.6,2.7,-10,2.4,,,15.149,0.02,14.307,0.03,,,14.707,0.03,13.997,0.03,13.766,0.03,,,12.639,0.023,12.231,0.025,12.104,0.025,5218,103,103,4.555,0.035,0.035,-0.082,0.16,0.24,0.803,0.054,0.06,0.865,0.042,0.068,1.616,0.239,0.208,442.5,46.5,36.32,0.031,0.011,0.005,,,
159,159,159,211903638,08 55 06.585,+18 46 49.59,1,18.057,,,,08550658+1846495,,STAR,JHK,col,,,,,,,,,,,,,,,,,,,,,15.641,0.067,15.102,0.104,14.727,0.1,3803,711,323,4.918,0.156,0.234,-0.157,0.2,0.32,0.327,0.227,0.116,0.354,0.267,0.167,8.224,8.958,5.292,473.4,579.6,206,0.03,0.011,0.008,,,
160,160,160,211903653,09 08 46.217,+18 46 50.31,1,18.427,,,,09084621+1846503,,STAR,J,,,,,,,,,,,,,,,,,,,,,,16.86,0.172,,,,,,,,,,,,,,,,,,,,,,,,,,,,,,,
161,161,161,211903656,09 06 25.945,+18 46 50.44,1,17.786,,,,,5080-301-3-0156-0180,EXTENDED,gri,,2,2,15,2,,,,,,,19.241,0.036,18.264,0.008,17.865,0.008,17.581,0.009,17.513,0.03,,,,,,,,,,,,,,,,,,,,,,,,,,,,,,,,,
162,162,162,211903709,08 38 32.330,+18 46 52.86,1,15.795,,,,08383233+1846528,,STAR,JHK,col,,,,,,,,,,,,,,,,,,,,,13.425,0.023,12.83,0.024,12.528,0.024,3465,146,672,5.076,0.168,0.084,-0.036,0.16,0.16,0.216,0.062,0.085,0.203,0.08,0.096,19.38,31.6,6.428,95.71,35.2,53.31,0.014,0.007,0.008,,,
163,163,163,211903727,08 38 14.723,+18 46 53.90,1,12.593,,,544-046473,08381472+1846539,,STAR,gri,rpm,0.1,1.7,-1.1,2.1,,,13.886,0.04,12.882,0.02,,,13.348,0.01,12.556,0.01,12.269,0.01,,,11.064,0.026,10.535,0.032,10.415,0.02,4809,76,57,2.55,0.46,0.138,-0.498,0.25,0.25,8.444,2.534,2.992,1.029,0.19,0.114,0.001,0.005,6.21E-04,2042,476.1,699.1,0.03,0.01,0.008,,,
164,164,164,211903740,08 44 10.363,+18 46 54.64,1,14.729,,,544-046734,08441036+1846546,5061-301-4-0116-0038,STAR,gri,lam,-3,4.7,-5.6,2.4,,,15.754,0.03,14.948,0.04,,,15.282,0.04,14.732,0.01,14.491,0.07,,,13.608,0.026,13.197,0.033,13.103,0.023,5395,162,162,4.527,0.04,0.048,-0.05,0.1,0.12,0.85,0.059,0.055,0.897,0.052,0.052,1.416,0.229,0.233,758.4,78.94,71.5,0.034,0.011,0.007,,,
165,165,165,211903764,09 15 24.446,+18 46 55.88,1,12.752,,,544-047858,09152444+1846558,,STAR,gri,lam,11.9,1.2,5.9,1.4,,,13.504,0.06,12.947,0.02,,,13.122,0.04,12.804,0.02,12.594,0.02,,,11.681,0.018,11.403,0.022,11.322,0.02,5911,141,141,4.391,0.06,0.108,-0.179,0.12,0.15,1.024,0.145,0.092,0.988,0.08,0.08,0.871,0.213,0.283,421,68.87,51.27,0.033,0.008,0.007,,,
166,166,166,211903766,08 39 16.256,+18 46 56.06,1,14.751,,,544-046526,08391625+1846560,,STAR,gri,lam,2.6,3.8,-2,4.1,,,16.02,0.03,15.013,0.01,,,15.479,0.02,14.741,0.05,14.439,0.05,,,13.343,0.024,12.9,0.023,12.759,0.023,4964,98,78,3.598,0.085,0.102,-0.122,0.12,0.14,2.815,0.346,0.356,1.147,0.101,0.141,0.05,0.02,0.014,1986,238.2,245.9,0.033,0.008,0.007,,,
167,167,167,211903768,08 53 27.727,+18 46 56.22,1,19.293,,,,,5071-301-1-0127-0186,STAR,gri,,-30,3,10,3,,,,,,,19.509,0.028,19.118,0.01,19.352,0.013,19.623,0.021,19.916,0.085,,,,,,,,,,,,,,,,,,,,,,,,,,,,,,,,,
168,168,168,211903789,09 06 33.613,+18 46 57.75,1,17.169,,,,09063361+1846577,5080-301-3-0156-0029,EXTENDED,gri,,-2,2,8,2,,,,,,,20.302,0.086,18.283,0.01,17.153,0.006,16.691,0.006,16.315,0.012,15.75,0.075,15.053,0.091,14.697,0.111,,,,,,,,,,,,,,,,,,,,,,,,,,,
169,169,169,211903790,09 09 27.095,+18 46 57.77,1,12.642,,,544-047660,09092709+1846578,,STAR,gri,lam,-21,2.2,-18.5,2.9,,,13.67,0.04,12.85,0.03,,,13.196,0.02,12.588,0.02,12.405,0.02,,,11.376,0.022,11.033,0.03,10.889,0.021,5411,87,218,3.788,0.144,0.09,-0.005,0.06,0.08,2.288,0.277,0.519,1.257,0.077,0.246,0.095,0.079,0.022,722.8,78.91,159.1,0.032,0.036,0.006,,,
170,170,170,211903801,09 05 59.094,+18 46 58.04,1,15.188,,,544-047540,09055910+1846582,5080-301-3-0155-0112,STAR,gri,rpm,4.3,4.4,-4.2,4.7,,,16.491,0.08,15.568,0.04,,,16.013,0.04,15.21,0.03,14.835,0.05,,,13.769,0.026,13.216,0.035,13.109,0.034,4811,94,94,4.615,0.05,2.25,-0.353,0.3,0.72,0.709,11.673,0.098,0.768,0.064,0.102,2.074,0.598,2.073,593.9,8030,88.41,0.034,0.008,0.007,,,
171,171,171,211903802,08 50 42.407,+18 46 58.09,1,17.627,,,,08504240+1846580,,STAR,J,col,,,,,,,,,,,,,,,,,,,,,16.122,0.112,15.386,0.121,14.656,0.112,3623,393,280,5.013,0.12,0.144,-0.128,0.2,0.28,0.268,0.132,0.088,0.264,0.183,0.114,12.11,11.77,6.75,433.7,306.2,179.5,0.032,0.01,0.008,,,
172,172,172,211903804,08 59 58.483,+18 46 58.17,1,18.352,,,,08595848+1846581,,STAR,J,,6,1,2,2,,,,,,,,,,,,,,,,,16.791,0.158,,,,,,,,,,,,,,,,,,,,,,,,,,,,,,,
173,173,173,211903829,09 10 50.303,+18 46 59.43,1,14.958,,,544-047703,09105029+1846595,5112-301-2-0187-0049,STAR,gri,rpm,32,3.1,-34.6,3.4,,,17.013,0.06,15.682,0.03,,,16.401,0.03,15.061,0.03,14.34,0.07,,,12.735,0.022,12.088,0.019,11.915,0.02,3868,61,61,4.866,0.03,0.025,0.056,0.08,0.16,0.413,0.03,0.028,0.461,0.038,0.038,6.407,1.052,0.762,156.5,15.49,14.09,0.023,0.01,0.007,,,
174,174,174,211903845,08 52 15.163,+18 47 00.44,1,16.055,,,,08521516+1847004,5061-301-2-0127-0337,EXTENDED,gri,,-1,2,-2,2,,,,,,,19.261,0.05,17.09,0.005,16.048,0.004,15.612,0.004,15.235,0.007,15.009,0.059,14.349,0.08,13.786,0.069,,,,,,,,,,,,,,,,,,,,,,,,,,,
175,175,175,211903852,08 50 00.047,+18 47 00.77,1,14.391,,,544-046969,08500004+1847007,5071-301-2-0122-0047,STAR,gri,lam,-3.3,2.6,-2.1,2.2,,,15.488,0.02,14.617,0.05,,,15.001,0.01,14.341,0.05,14.129,0.06,,,13.034,0.026,12.571,0.029,12.422,0.026,5014,60,60,3.289,0.168,0.12,-0.528,0.1,0.1,3.647,0.569,0.583,0.958,0.113,0.027,0.018,0.012,0.006,2213,345.5,298.8,0.031,0.01,0.008,,,
176,176,176,211903869,09 06 37.310,+18 47 01.45,1,17.805,,,,09063731+1847014,,STAR,J,rpm,6,1,14,4,,,,,,,,,,,,,,,,,16.287,0.119,15.543,0.169,15.11,0.141,3886,394,337,4.912,0.132,0.132,-0.254,0.25,0.35,0.349,0.14,0.116,0.378,0.176,0.147,7.881,6.794,3.649,663.7,385.8,244,0.033,0.008,0.007,,,
177,177,177,211903874,08 56 17.635,+18 47 01.74,1,13.4,,,544-047200,08561764+1847017,,STAR,gri,rpm,-20.6,2.7,-49.5,2.7,,,15.218,0.08,13.945,0.03,,,14.624,0.06,13.419,0.02,12.875,0.03,,,11.491,0.022,10.812,0.022,10.679,0.02,4095,40,82,4.779,0.051,0.02,0.079,0.12,0.15,0.511,0.02,0.035,0.57,0.029,0.04,4.26,0.631,0.284,125.1,13.34,22.94,0.016,0.005,0.004,,,
178,178,178,211903886,08 42 27.867,+18 47 02.22,1,19.224,,,,,5061-301-4-0113-0251,STAR,gri,,5,3,4,3,,,,,,,19.437,0.026,19.247,0.01,19.217,0.012,19.014,0.013,18.891,0.044,,,,,,,,,,,,,,,,,,,,,,,,,,,,,,,,,
179,179,179,211903940,08 55 43.593,+18 47 04.83,1,15.401,,,544-047178,08554360+1847047,5061-301-1-0132-0114,STAR,gri,rpm,1.9,3,0.4,3.1,,,16.738,0.05,15.795,0.01,,,16.243,0.055,15.452,0.063,15.039,0.093,,,14.02,0.026,13.501,0.03,13.422,0.034,4899,114,114,4.6,0.04,1.6,-0.265,0.25,0.45,0.724,3.8,0.062,0.788,0.096,0.08,1.989,0.402,1.981,692.6,3779,80.98,0.035,0.008,0.008,,,
180,180,180,211903976,08 51 06.491,+18 47 07.34,1,12.463,,,544-047018,08510647+1847073,,STAR,gri,rpm,22.1,2.4,-21.6,1.6,,,13.198,0.01,12.606,0.02,,,12.842,0.01,12.439,0.03,12.301,0.05,,,11.466,0.022,11.194,0.021,11.134,0.017,6056,96,96,4.313,0.1,0.22,-0.308,0.25,0.3,1.125,0.342,0.154,0.993,0.12,0.1,0.623,0.288,0.332,427.1,121.6,61.9,0.03,0.014,0.006,,,
181,181,181,211903997,08 38 41.148,+18 47 08.20,1,17.785,,,,08384114+1847081,5061-301-5-0108-0182,STAR,gri,rpm,566,46,254,517,,,,,,,22.149,0.15,19.702,0.014,18.291,0.008,16.963,0.006,16.359,0.008,14.706,0.051,14.179,0.073,13.839,0.067,3233,32,32,5.141,0.02,0.02,0.072,0.05,0.08,0.17,0.003,0.004,0.146,0.003,0.003,29.66,1.779,1.779,120.9,3.627,3.627,0.012,0.004,0.001,,,
182,182,182,211904002,09 05 46.241,+18 47 08.64,1,17.971,,,,09054624+1847086,5080-301-3-0155-0168,EXTENDED,gri,,9,4,-4,4,,,,,,,21.108,0.122,19.091,0.012,17.984,0.008,17.491,0.007,17.069,0.016,16.25,0.111,15.609,0.133,15.005,0.127,,,,,,,,,,,,,,,,,,,,,,,,,,,
183,183,183,211904036,09 09 38.321,+18 47 10.47,1,15.715,,,544-047670,09093832+1847103,5112-301-2-0185-0201,STAR,gri,rpm,-20.2,3.8,10.8,3.9,,,17.975,0.142,16.462,0.079,,,17.308,0.01,15.859,0.02,15.031,0.15,,,13.154,0.025,12.496,0.024,12.297,0.023,3630,58,58,5.012,0.02,0.036,-0.092,0.12,0.09,0.275,0.026,0.02,0.286,0.037,0.031,13.68,1.493,2.09,115.2,11,8.433,0.015,0.009,0.003,,,
184,184,184,211904040,08 41 18.894,+18 47 10.65,1,15.628,,,,08411889+1847106,5071-301-4-0109-0319,EXTENDED,gri,,2,3,1,3,,,,,,,18.371,0.036,16.556,0.004,15.648,0.003,15.231,0.003,14.907,0.008,15.205,0.079,14.48,0.109,13.949,0.085,,,,,,,,,,,,,,,,,,,,,,,,,,,
185,185,185,211904064,09 04 00.864,+18 47 12.16,1,14.22,,,544-047449,09040087+1847122,,STAR,gri,rpm,-12.8,4.7,29.7,5.1,,,15.591,0.05,14.606,0.07,,,15.099,0.06,14.234,0.03,13.843,0.05,,,12.67,0.023,12.111,0.027,12.029,0.021,4721,112,112,4.646,0.054,0.03,-0.156,0.16,0.32,0.668,0.045,0.073,0.724,0.061,0.085,2.396,0.691,0.285,317.6,37.11,39.44,0.029,0.006,0.006,,,
186,186,186,211904076,08 39 02.641,+18 47 12.59,1,17.923,,,,08390264+1847125,,STAR,J,rpm,8,3,2,3,,,,,,,,,,,,,,,,,16.395,0.109,15.75,0.145,15.197,0.172,3943,511,319,4.872,0.13,0.156,-0.219,0.24,0.32,0.372,0.157,0.11,0.417,0.165,0.165,7.032,6.838,3.92,777.3,492,301.3,0.033,0.01,0.007,,,
187,187,187,211904097,08 54 13.002,+18 47 13.76,1,17.126,,,,08541300+1847137,5071-301-1-0128-0249,EXTENDED,gri,,-5,2,-6,2,,,,,,,19.558,0.052,17.836,0.007,17.172,0.006,16.822,0.006,16.58,0.015,16.2,0.109,15.63,0.136,15.282,0.15,,,,,,,,,,,,,,,,,,,,,,,,,,,
188,188,188,211904128,09 05 51.813,+18 47 15.13,1,15.681,,,544-047532,09055182+1847152,5080-301-3-0155-0066,STAR,gri,rpm,-5.1,4.5,-3.8,4.7,,,16.866,0.08,15.932,0.08,,,16.385,0.08,15.569,0.05,15.379,0.09,,,14.194,0.032,13.731,0.038,13.62,0.04,5045,153,153,4.584,0.04,0.048,-0.151,0.2,0.32,0.747,0.08,0.061,0.804,0.07,0.07,1.818,0.343,0.34,800.1,121.1,88.65,0.034,0.008,0.007,,,
189,189,189,211904132,09 04 56.042,+18 47 15.38,1,10.78,,1404-1010-1,544-047497,09045604+1847154,,STAR,gri,rpm,-26.7,1.6,-31.1,1.6,,,11.521,0.117,10.688,0.087,,,11.421,0.05,10.74,0.01,10.505,0.17,,,9.295,0.02,8.782,0.021,8.692,0.022,5021,59,79,3.148,0.34,0.408,-0.609,0.3,0.25,3.878,2.192,1.062,0.942,0.128,0.046,0.012,0.031,0.009,430.3,187.7,112,0.031,0.01,0.006,,,
190,190,190,211904152,09 15 07.102,+18 47 16.42,1,15.932,,,544-047848,09150709+1847161,5112-301-1-0193-0043,STAR,gri,,3.3,4.4,-10.7,5.7,,,15.68,0.06,15.854,0.1,,,15.601,0.04,16.043,0.09,16.542,0.171,,,16.417,0.096,16.184,0.151,,,,,,,,,,,,,,,,,,,,,,,,,,,,,
191,191,191,211904163,08 51 27.170,+18 47 17.24,1,10.645,,1396-1548-1,544-047039,08512717+1847171,,STAR,gri,lam,-1.7,1.5,3.7,1.5,,,11.305,0.086,10.81,0.087,,,10.926,0.03,10.623,0.03,10.524,0.07,,,9.811,0.022,9.57,0.022,9.484,0.019,6136,148,148,4.284,0.095,0.152,-0.124,0.12,0.15,1.226,0.264,0.141,1.102,0.098,0.098,0.558,0.23,0.237,223.9,48.66,29.34,0.025,0.007,0.006,,,
192,192,192,211904172,09 08 51.020,+18 47 17.64,1,16.445,,,,09085102+1847176,5112-301-2-0184-0170,EXTENDED,gri,,-2,2,-1,2,,,,,,,18.154,0.024,17.09,0.005,16.544,0.005,16.169,0.005,15.954,0.013,15.89,0.119,15.182,0.126,15.039,0.158,,,,,,,,,,,,,,,,,,,,,,,,,,,
193,193,193,211904183,09 08 54.514,+18 47 18.30,1,17.39,,,,09085451+1847183,5112-301-2-0184-0050,STAR,gri,rpm,-30,3,-25,3,,,,,,,21.846,0.14,19.334,0.011,17.912,0.007,16.557,0.006,15.793,0.007,14.43,0.03,13.86,0.046,13.607,0.036,3567,126,84,5.015,0.042,0.035,-0.003,0.12,0.18,0.258,0.033,0.03,0.259,0.048,0.04,14.58,3.358,2.73,191.9,32.12,27.51,0.024,0.008,0.005,,,
194,194,194,211904187,08 56 27.002,+18 47 18.40,1,14.959,,,544-047203,08562700+1847184,5061-301-1-0133-0164,STAR,gri,rpm,-7.4,4.5,2.2,4.8,,,15.888,0.06,15.179,0.02,,,15.483,0.03,14.99,0.01,14.734,0.04,,,13.806,0.026,13.405,0.033,13.25,0.032,5486,160,160,3.625,0.835,0.835,-0.983,0.6,0.72,1.859,2.779,1.114,0.856,0.04,0.071,0.057,0.923,0.054,1757,2391,1013,0.034,0.008,0.006,,,
195,195,195,211904210,08 55 23.978,+18 47 19.25,1,14.228,,,544-047163,08552398+1847192,,STAR,gri,lam,2.8,2.6,-0.6,7.2,,,15.294,0.06,14.489,0.02,,,14.847,0.04,14.23,0.047,13.962,0.03,,,12.819,0.021,12.33,0.023,12.261,0.017,5037,121,213,2.409,0.045,0.072,-0.72,0.12,0.12,9.878,0.736,0.574,0.917,0.037,0.018,9.41E-04,1.65E-04,1.90E-04,5026,571.9,431.7,0.032,0.01,0.006,,,
196,196,196,211904243,08 54 37.284,+18 47 20.98,1,17.809,,,,08543728+1847209,,STAR,J,col,,,,,,,,,,,,,,,,,,,,,16.29,0.11,15.422,0.125,15.075,0.135,3968,370,370,4.876,0.162,0.135,-0.254,0.25,0.3,0.387,0.14,0.151,0.419,0.152,0.182,6.96,9.659,3.222,789.4,430.4,360.2,0.032,0.01,0.007,,,
197,197,197,211904312,08 54 42.408,+18 47 24.85,1,19.95,,,,,5071-301-1-0129-0550,EXTENDED,gri,,,,,,,,,,,,21.168,0.165,20.15,0.035,19.883,0.042,19.682,0.052,19.59,0.165,,,,,,,,,,,,,,,,,,,,,,,,,,,,,,,,,
198,198,198,211904368,08 46 16.832,+18 47 28.73,1,15.473,,,544-046809,08461683+1847288,5071-301-3-0116-0409,STAR,gri,rpm,2.3,7.1,-6.5,6.8,,,18.096,0.149,16.479,0.079,,,17.114,0.13,15.839,0.05,14.769,0.07,,,12.962,0.025,12.321,0.023,12.078,0.022,3582,105,63,5.012,0.08,0.08,-0.026,0.08,0.16,0.263,0.08,0.061,0.264,0.099,0.07,13.64,8.178,5.113,96.67,37.27,23,0.017,0.004,0.005,,,
199,199,199,211904380,08 58 32.258,+18 47 29.45,1,17.732,,,,08583225+1847294,5112-301-4-0169-0161,EXTENDED,gri,,3,3,-2,3,,,,,,,20.624,0.115,18.834,0.012,17.728,0.008,17.259,0.008,16.912,0.021,16.27,0.11,15.664,0.106,15.037,0.113,,,,,,,,,,,,,,,,,,,,,,,,,,,
200,200,200,211904388,09 11 17.313,+18 47 29.84,1,12.993,,,544-047721,09111731+1847297,,STAR,gri,lam,3,1.8,3.4,2.2,,,14.056,0.04,13.214,0.01,,,13.582,0.02,12.969,0.02,12.741,0.03,,,11.678,0.02,11.308,0.023,11.171,0.02,5062,142,101,3.544,0.132,0.176,-0.31,0.12,0.12,2.968,0.762,0.467,1.147,0.129,0.129,0.042,0.025,0.02,994.2,223.9,125.9,0.033,0.011,0.006,,,
201,201,201,211904395,08 40 16.162,+18 47 30.13,1,12.952,,,544-046572,08401615+1847301,,STAR,gri,rpm,-22,1.9,-20.7,1.7,,,14.201,0.02,13.244,0.01,,,13.711,0.01,12.869,0.01,12.627,0.062,,,11.46,0.021,10.961,0.021,10.872,0.02,4915,59,59,4.6,0.025,0.03,0.004,0.12,0.12,0.749,0.032,0.036,0.813,0.024,0.024,1.947,0.188,0.204,221.4,18.58,20.41,0.027,0.013,0.009,,,
202,202,202,211904396,09 03 48.022,+18 47 30.13,1,12.208,,,544-047440,09034802+1847302,,STAR,gri,rpm,6.9,1.1,-28.8,0.8,,,13.111,0.05,12.398,0.03,,,12.688,0.04,12.205,0.04,12.003,0.03,,,11.088,0.022,10.783,0.022,10.675,0.018,5767,117,117,4.413,0.07,0.434,-0.162,0.2,0.32,0.993,0.626,0.126,0.97,0.083,0.097,0.908,0.289,0.715,306.9,187.9,47.61,0.029,0.013,0.007,,,
203,203,203,211904409,08 59 58.672,+18 47 30.56,1,12.843,,,544-047328,08595867+1847305,,STAR,gri,lam,1,1.5,5.4,4.4,,,13.959,0.04,13.077,0.03,,,13.47,0.01,12.85,0.01,12.575,0.03,,,11.399,0.022,10.929,0.019,10.811,0.018,4926,120,150,2.423,0.232,0.048,-0.563,0.1,0.12,9.926,0.564,2.313,0.955,0.039,0.039,9.48E-04,0.001,1.22E-04,2670,151.7,553.1,0.034,0.007,0.007,,,
204,204,204,211904411,08 58 43.954,+18 47 30.66,1,19.027,,,,08584395+1847306,5112-301-4-0169-0194,EXTENDED,gri,,3,3,1,3,,,,,,,19.199,0.025,18.992,0.009,19.038,0.011,18.811,0.013,18.514,0.036,17.019,0.165,16.552,0.203,,,,,,,,,,,,,,,,,,,,,,,,,,,,,
205,205,205,211904439,09 07 15.986,+18 47 31.81,1,14.825,,,544-047590,09071597+1847319,5080-301-3-0157-0023,STAR,gri,rpm,5.3,4.5,-4.4,4.9,,,15.836,0.04,15.04,0.02,,,15.354,0.03,14.795,0.03,14.598,0.06,,,13.552,0.029,13.124,0.037,12.993,0.036,5426,160,128,4.504,0.066,0.935,-0.37,0.3,0.6,0.859,1.613,0.104,0.865,0.071,0.085,1.295,0.46,1.242,772.2,1362,113.4,0.033,0.008,0.007,,,
206,206,206,211904452,09 05 29.676,+18 47 32.79,1,17.174,,,,09052967+1847327,5112-301-3-0179-0305,EXTENDED,gri,,4,2,8,2,,,,,,,21.171,0.253,18.416,0.012,17.221,0.007,16.642,0.007,16.186,0.017,15.794,0.078,14.959,0.089,14.618,0.09,,,,,,,,,,,,,,,,,,,,,,,,,,,
207,207,207,211904453,08 49 50.126,+18 47 32.81,1,16.522,,,,08495012+1847328,,EXTENDED,JHK,,,,,,,,,,,,,,,,,,,,,,14.404,0.078,13.814,0.097,13.586,0.091,,,,,,,,,,,,,,,,,,,,,,,,,,,
208,208,208,211904481,08 54 23.460,+18 47 33.80,1,19.512,,,,,5071-301-1-0128-0275,STAR,gri,,-1,3,-25,3,,,,,,,19.787,0.033,19.498,0.013,19.517,0.015,19.545,0.02,19.741,0.072,,,,,,,,,,,,,,,,,,,,,,,,,,,,,,,,,
209,209,209,211904502,08 46 42.843,+18 47 34.94,1,14.01,,,544-046830,08464284+1847350,,STAR,gri,,-3.2,3.3,6.1,3.7,,,15.059,0.03,14.247,0.01,,,14.606,0.03,13.983,0.03,13.755,0.05,,,12.923,0.045,12.45,0.044,,,,,,,,,,,,,,,,,,,,,,,,,,,,,
210,210,210,211904548,09 04 55.462,+18 47 37.35,1,18.962,,,,09045546+1847373,5112-301-3-0178-0092,STAR,gri,,-28,29,-99,29,,,,,,,24.113,0.658,20.776,0.026,19.186,0.012,18.184,0.009,17.686,0.018,16.558,0.12,,,,,,,,,,,,,,,,,,,,,,,,,,,,,,,
211,211,211,211904551,08 51 20.898,+18 47 37.53,1,14.44,,,544-047032,08512089+1847374,5061-301-2-0126-0116,STAR,gri,lam,16.7,2.6,0.7,2.5,,,15.446,0.05,14.661,0.03,,,15.061,0.04,14.357,0.04,14.174,0.08,,,13.066,0.025,12.591,0.024,12.495,0.026,5133,162,203,4.628,0.036,0.03,-0.567,0.12,0.18,0.674,0.038,0.05,0.707,0.047,0.047,2.248,0.436,0.267,435.2,38.7,48.93,0.03,0.009,0.005,,,
212,212,212,211904631,09 04 55.458,+18 47 41.87,1,19.29,,,,,5112-301-3-0178-0093,STAR,gri,,1,3,5,3,,,,,,,19.36,0.025,19.123,0.01,19.346,0.013,19.074,0.014,18.584,0.033,,,,,,,,,,,,,,,,,,,,,,,,,,,,,,,,,
213,213,213,211904643,08 40 45.780,+18 47 42.67,1,17.402,,,,08404578+1847426,,STAR,J,col,,,,,,,,,,,,,,,,,,,,,15.913,0.087,15.296,0.108,14.669,0.101,3619,370,264,5.004,0.115,0.138,-0.128,0.2,0.28,0.258,0.15,0.082,0.254,0.195,0.108,13.41,12.15,7.226,405.9,261.5,159.1,0.031,0.008,0.008,,,
214,214,214,211904704,08 59 21.006,+18 47 45.73,1,15.042,,,544-047307,08592100+1847459,5112-301-4-0170-0078,STAR,gri,rpm,0.8,4.4,0.8,4.7,,,16.433,0.06,15.376,0.05,,,15.859,0.02,15.053,0.04,14.691,0.04,,,13.436,0.026,12.832,0.024,12.711,0.024,4678,111,46,1.392,3.192,0.336,-1.585,1.19,0.42,28.474,12.645,27.795,0.807,0.016,0.052,3.25E-05,1.852,2.20E-05,19110,7514,18620,0.039,0.011,0.011,,,
215,215,215,211904735,08 40 29.248,+18 47 47.43,1,16.325,,,,08402924+1847474,,STAR,JHK,col,,,,,,,,,,,,,,,,,,,,,14.207,0.026,13.643,0.04,13.389,0.041,3643,189,226,4.996,0.09,0.09,-0.073,0.16,0.24,0.265,0.084,0.075,0.269,0.117,0.098,13.44,8.357,5.153,187.4,78.52,64.26,0.022,0.008,0.007,,,
216,216,216,211904736,08 54 48.955,+18 47 47.54,1,14.048,,,544-047145,08544895+1847475,5071-301-1-0129-0070,STAR,gri,lam,-15.6,2.1,-30.5,2.5,,,16.05,0.07,14.732,0.04,,,15.463,0.02,14.144,0.01,13.441,0.06,,,12.051,0.026,11.384,0.03,11.178,0.02,4071,145,121,4.899,0.084,0.07,-0.48,0.15,0.12,0.385,0.061,0.072,0.429,0.073,0.088,7.538,3.408,2.014,112.8,26.28,25.07,0.017,0.005,0.004,,,
217,217,217,211904744,08 56 37.689,+18 47 48.15,1,10.649,,1397-1282-1,544-047212,08563767+1847481,,STAR,gri,rpm,-8.5,1.6,-14.4,1.7,,,11.925,0.229,10.82,0.096,,,11.335,0.08,10.61,0.01,10.355,0.05,,,9.273,0.022,8.812,0.026,8.674,0.018,4980,101,101,2.755,0.616,0.44,-0.481,0.3,0.3,6.404,4.572,2.988,1.009,0.298,0.115,0.003,0.018,0.002,708.7,334.7,327,0.032,0.013,0.007,,,
218,218,218,211904757,08 40 35.156,+18 47 48.97,1,14.058,,,544-046594,08403514+1847490,,STAR,JHK,rpm,51.3,3.5,-92.5,3.8,,,,,,,,,,,,,,,,,12.038,0.02,11.45,0.02,11.249,0.016,3701,111,133,4.977,0.06,0.06,-0.059,0.12,0.18,0.297,0.05,0.051,0.319,0.073,0.073,11.09,4.042,2.962,83.92,35.44,24.92,0.012,0.006,0.005,,,
219,219,219,211904761,08 50 06.718,+18 47 49.31,1,19.034,,,,,5071-301-2-0122-0284,EXTENDED,gri,,4,3,-8,3,,,,,,,20.465,0.074,19.396,0.015,19.068,0.016,18.879,0.019,18.759,0.059,,,,,,,,,,,,,,,,,,,,,,,,,,,,,,,,,
220,220,220,211904792,08 51 07.258,+18 47 50.83,1,13.582,,,544-047020,08510724+1847508,,STAR,gri,lam,10.9,4.4,-16.1,2,,,14.781,0.05,13.858,0.03,,,14.301,0.02,13.54,0.02,13.274,0.05,,,12.122,0.022,11.676,0.021,11.559,0.02,5012,148,178,4.587,0.025,0.03,0.007,0.12,0.12,0.765,0.046,0.043,0.832,0.05,0.05,1.841,0.225,0.238,315.7,28.87,31.47,0.029,0.01,0.007,,,
221,221,221,211904840,08 39 40.442,+18 47 53.26,1,14.582,,,544-046552,08394044+1847532,,STAR,gri,rpm,12.1,3.8,2.3,4.2,,,15.93,0.03,14.889,0.04,,,15.386,0.043,14.528,0.01,14.237,0.09,,,13.14,0.025,12.63,0.026,12.546,0.024,4852,99,79,4.613,0.025,0.03,-0.062,0.15,0.15,0.718,0.048,0.032,0.783,0.049,0.049,2.069,0.226,0.279,449.7,39.31,31.17,0.032,0.007,0.007,,,
222,222,222,211904860,08 57 11.772,+18 47 54.65,1,18.599,,,,08571177+1847546,,STAR,JHK,rpm,2,3,6,2,,,,,,,,,,,,,,,,,15.985,0.091,15.197,0.115,14.889,0.114,4100,397,331,4.807,0.126,0.105,-0.185,0.2,0.28,0.463,0.111,0.12,0.535,0.115,0.161,4.871,4.41,1.797,836,326,272.9,0.033,0.01,0.007,,,
223,223,223,211904908,08 46 16.236,+18 47 57.13,1,15.945,,,544-046806,08461625+1847571,5071-301-3-0116-0411,STAR,gri,rpm,-23.8,5.3,-1.8,5.1,,,18.01,0.22,16.638,0.085,,,17.505,0.02,16.117,0.01,15.276,0.19,,,13.549,0.023,12.964,0.032,12.711,0.02,3660,87,87,4.992,0.03,0.048,-0.025,0.15,0.18,0.29,0.044,0.024,0.308,0.054,0.039,12.05,2.174,2.654,147.8,27.55,16.99,0.024,0.005,0.006,,,
224,224,224,211904912,09 05 44.511,+18 47 57.29,1,17.17,,,,09054451+1847572,5112-301-3-0179-0379,STAR,gri,rpm,29,3,-55,3,,,,,,,21.507,0.101,18.88,0.009,17.535,0.006,16.437,0.006,15.848,0.007,14.546,0.034,14.063,0.046,13.805,0.044,3387,40,33,5.066,0.03,0.02,0.14,0.05,0.1,0.214,0.005,0.015,0.194,0.008,0.013,19.77,3.139,1.186,154.9,4.648,14.15,0.022,0.001,0.001,,,
225,225,225,211904921,08 59 53.881,+18 47 57.70,1,13.085,,,544-047326,08595388+1847576,,STAR,gri,rpm,-97.8,3.7,-19.1,1.5,,,14.73,0.03,13.553,0.01,,,14.194,0.04,13.065,0.01,12.61,0.04,,,11.245,0.022,10.596,0.021,10.481,0.021,4235,68,51,4.744,0.08,0.04,-0.148,0.2,0.36,0.545,0.046,0.093,0.615,0.046,0.092,3.653,1.579,0.601,132.7,20.72,49.28,0.02,0.006,0.01,,,
226,226,226,211904928,09 04 41.663,+18 47 58.30,1,12.648,,,544-047484,09044165+1847582,,STAR,gri,rpm,-15.5,2,3.2,2.2,,,13.77,0.06,12.842,0.01,,,13.253,0.05,12.568,0.01,12.389,0.25,,,11.189,0.02,10.689,0.022,10.604,0.018,5036,80,80,3.128,0.42,0.42,-0.715,0.35,0.25,4.006,2.804,1.315,0.915,0.152,0.029,0.013,0.03,0.011,1016,691.9,281.6,0.032,0.011,0.006,,,
227,227,227,211904936,09 04 49.990,+18 47 58.65,1,17.295,,,,,5112-301-3-0178-0078,STAR,gri,,-44,2,-7,2,,,,,,,16.978,0.008,16.997,0.005,17.394,0.006,17.714,0.008,17.993,0.022,,,,,,,,,,,,,,,,,,,,,,,,,,,,,,,,,
228,228,228,211904944,08 55 02.496,+18 47 59.10,1,17.413,,,,08550249+1847590,5071-301-1-0129-0265,EXTENDED,gri,,1,3,4,3,,,,,,,19.994,0.084,18.323,0.011,17.404,0.008,17.023,0.008,16.707,0.019,16.742,0.161,15.892,0.156,15.73,0.202,,,,,,,,,,,,,,,,,,,,,,,,,,,
229,229,229,211904961,08 38 52.959,+18 48 00.15,1,11.105,,1395-1523-1,545-046817,08385295+1848000,,STAR,gri,plx,-5,1.5,-16.1,1.5,,,11.503,0.089,11.148,0.101,,,11.243,0.01,11.059,0.03,11.049,0.03,,,10.397,0.022,10.22,0.023,10.166,0.018,6900,138,138,4.117,0.11,0.154,-0.05,0.1,0.1,1.732,0.417,0.248,1.459,0.149,0.106,0.274,0.136,0.118,443.2,150.9,150.9,0.031,0.01,0.007,,,
230,230,230,211904964,08 51 10.114,+18 48 00.38,1,15.708,,,545-047332,08511003+1848003,,EXTENDED,gri,,20.1,18.2,2.4,18.1,,,16.984,0.096,16.15,0.069,,,16.591,0.01,15.71,0.05,15.329,0.12,,,14.821,0.069,14.084,0.093,13.807,0.074,,,,,,,,,,,,,,,,,,,,,,,,,,,
231,231,231,211904971,08 43 33.066,+18 48 00.69,1,14.19,,,545-047057,08433307+1848008,,STAR,gri,rpm,-66.6,4.9,-17.3,9.9,,,16.537,0.03,15.052,0.04,,,15.819,0.04,14.488,0.07,13.492,0.05,,,11.674,0.022,11.004,0.024,10.785,0.022,3695,73,59,4.926,0.066,0.024,0.103,0.06,0.14,0.347,0.029,0.051,0.379,0.037,0.067,8.881,3.155,1.146,80.89,15.25,15.14,0.015,0.005,0.005,,,
232,232,232,211904989,09 04 48.092,+18 48 01.52,1,15.513,,,545-047843,09044808+1848014,5112-301-3-0178-0056,STAR,gri,rpm,6.7,4.5,-0.3,4.7,,,16.551,0.16,15.714,0.08,,,16.086,0.05,15.432,0.04,15.268,0.21,,,14.176,0.027,13.697,0.028,13.607,0.032,5146,122,122,4.565,0.045,1.143,-0.358,0.3,0.48,0.772,2.137,0.081,0.822,0.09,0.09,1.695,0.39,1.662,862.7,2387,111.3,0.033,0.008,0.007,,,
233,233,233,211904994,08 58 37.671,+18 48 02.05,1,12.474,,,545-047611,08583766+1848021,,STAR,gri,lam,-26.5,1,-45.8,1.6,,,13.161,0.04,12.61,0.01,,,12.811,0.02,12.474,0.03,12.33,0.03,,,11.427,0.022,11.136,0.02,11.084,0.018,6056,96,120,4.14,0.203,0.145,-0.588,0.15,0.15,1.304,0.246,0.28,0.896,0.064,0.036,0.379,0.404,0.153,479.9,74.92,110.3,0.032,0.008,0.008,,,
234,234,234,211905004,08 53 11.129,+18 48 02.63,1,14.322,,,545-047413,08531111+1848025,,STAR,gri,lam,19.7,3.3,-18.7,2.8,,,16.13,0.09,14.875,0.04,,,15.542,0.03,14.315,0.01,13.799,0.06,,,12.427,0.023,11.794,0.024,11.624,0.018,4155,148,148,4.778,0.054,0.045,-0.082,0.12,0.12,0.508,0.05,0.063,0.572,0.057,0.068,4.156,1.173,0.778,185.8,29,29.68,0.023,0.006,0.006,,,
235,235,235,211905009,08 43 48.149,+18 48 02.73,1,10.064,,1396-138-1,545-047063,08434815+1848028,,STAR,gri,,-35.5,1.3,-8.3,1.4,,,10.66,0.049,10.13,0.041,,,10.517,0.15,9.946,0.03,9.87,0.02,,,9.189,0.022,,,8.927,0.02,,,,,,,,,,,,,,,,,,,,,,,,,,,
236,236,236,211905013,09 09 45.815,+18 48 02.88,1,16.04,,,545-048004,09094582+1848032,5112-301-2-0185-0087,STAR,gri,rpm,17,4.5,-31.6,5.1,,,16.922,0.16,16.375,0.1,,,16.557,0.05,16.054,0.15,15.818,0.124,,,15.049,0.037,14.645,0.043,14.485,0.063,5334,270,270,4.639,0.055,0.066,-1.008,0.3,0.3,0.643,0.077,0.058,0.675,0.054,0.045,2.387,0.717,0.551,1087,185.4,158.4,0.033,0.008,0.008,,,
237,237,237,211905057,08 52 28.855,+18 48 04.90,1,14.353,,,545-047383,08522885+1848049,,STAR,gri,rpm,-7.6,2.6,-6.8,2.7,,,15.544,0.03,14.598,0.06,,,15.038,0.02,14.313,0.02,14.06,0.06,,,12.909,0.022,12.403,0.02,12.325,0.023,5029,80,80,3.78,0.784,0.672,-0.381,0.3,0.25,2.055,2.08,1.414,0.88,0.106,0.141,0.097,1.792,0.087,1338,908.2,952.1,0.035,0.005,0.008,,,
238,238,238,211905092,08 41 17.756,+18 48 06.80,1,11.259,,1395-1566-1,545-046953,08411775+1848069,,STAR,gri,plx,-3.3,1.3,-3.4,1.4,,,12.024,0.196,11.298,0.127,,,11.597,0.02,11.244,0.02,11.115,0.04,,,10.336,0.022,10.1,0.022,10.016,0.021,6181,101,101,4.325,0.065,0.091,-0.261,0.25,0.35,1.153,0.129,0.116,1.04,0.126,0.151,0.667,0.182,0.192,210.4,33.17,33.17,0.027,0.008,0.006,,,
239,239,239,211905103,09 10 28.956,+18 48 07.32,1,18.519,,,,09102895+1848073,,STAR,J,,,,,,,,,,,,,,,,,,,,,,16.945,0.153,16.386,0.215,,,,,,,,,,,,,,,,,,,,,,,,,,,,,
240,240,240,211905107,08 55 56.503,+18 48 07.57,1,12.022,,1397-1669-1,545-047522,08555648+1848074,,STAR,gri,col,,,,,,,12.305,0.202,12.589,0.297,,,12.32,0.03,12.007,0.01,11.895,0.06,,,11.03,0.022,10.828,0.022,10.729,0.023,6422,104,104,4.157,0.13,0.208,-0.063,0.12,0.24,1.51,0.533,0.26,1.266,0.153,0.128,0.352,0.219,0.19,500.7,151.5,86.15,0.033,0.011,0.007,,,
241,241,241,211905108,09 15 30.887,+18 48 07.78,1,19.002,,,,,5112-301-1-0194-0391,EXTENDED,gri,,,,,,,,,,,,20.099,0.104,19.183,0.025,18.942,0.029,18.821,0.049,18.775,0.178,,,,,,,,,,,,,,,,,,,,,,,,,,,,,,,,,
242,242,242,211905116,08 42 13.594,+18 48 08.04,1,19.323,,,,,5071-301-4-0111-0207,STAR,gri,,5,3,3,3,,,,,,,19.755,0.035,19.455,0.012,19.279,0.013,19.067,0.014,19.148,0.051,,,,,,,,,,,,,,,,,,,,,,,,,,,,,,,,,
243,243,243,211905194,08 58 04.692,+18 48 12.47,1,12.261,,,545-047596,08580469+1848123,,STAR,gri,lam,-4.4,1.6,-1.6,1.9,,,13.504,0.06,12.547,0.01,,,12.997,0.02,12.243,0.04,11.946,0.04,,,10.714,0.022,10.206,0.022,10.095,0.017,4739,113,94,2.481,0.192,0.12,-0.362,0.12,0.15,9.426,1.421,2.106,1.049,0.144,0.08,0.001,0.001,3.76E-04,1855,245.6,372,0.036,0.01,0.008,,,
244,244,244,211905226,08 38 39.345,+18 48 14.46,1,17.498,,,,08383934+1848144,5061-301-5-0108-0198,EXTENDED,gri,,0,3,3,3,,,,,,,20.39,0.076,18.423,0.009,17.491,0.006,17.102,0.007,16.791,0.015,16.126,0.094,15.398,0.1,14.923,0.128,,,,,,,,,,,,,,,,,,,,,,,,,,,
245,245,245,211905259,08 50 14.796,+18 48 16.55,1,16.05,,,,08501479+1848165,,STAR,JHK,col,,,,,,,,,,,,,,,,,,,,,14.176,0.028,13.549,0.027,13.431,0.03,4296,261,313,4.762,0.108,0.09,-0.193,0.2,0.28,0.515,0.104,0.117,0.58,0.11,0.132,3.971,2.788,1.255,432.1,129.7,132.9,0.03,0.01,0.007,,,
246,246,246,211905265,08 39 26.146,+18 48 17.07,1,18.361,,,,08392614+1848170,5037-301-1-0111-0443,STAR,gri,rpm,-34,4,-18,4,,,,,,,23.162,0.321,20.602,0.023,19.141,0.011,17.4,0.007,16.47,0.008,14.928,0.038,14.317,0.044,14.021,0.053,3531,106,106,5.057,0.035,0.042,-0.072,0.2,0.2,0.228,0.034,0.025,0.222,0.039,0.032,17.79,3.599,3.529,210.3,35.07,30.06,0.025,0.008,0.006,,,
247,247,247,211905282,08 59 49.413,+18 48 17.94,1,12.347,,,545-047652,08594941+1848177,,STAR,gri,lam,-19.7,1.5,15.4,1.3,,,13.029,0.04,12.465,0.02,,,12.698,0.01,12.34,0.01,12.196,0.061,,,11.332,0.022,11.055,0.023,10.959,0.023,5948,95,95,4.406,0.06,0.108,-0.4,0.12,0.12,0.973,0.138,0.069,0.903,0.063,0.045,0.936,0.202,0.303,338.2,56.05,32.87,0.029,0.007,0.006,,,
248,248,248,211905345,08 58 30.667,+18 48 21.51,1,17.471,,,,08583066+1848215,5112-301-4-0169-0157,EXTENDED,gri,,7,3,5,3,,,,,,,19.37,0.056,18.091,0.009,17.543,0.009,17.205,0.01,17.021,0.035,16.853,0.15,,,,,,,,,,,,,,,,,,,,,,,,,,,,,,,
249,249,249,211905348,08 59 13.133,+18 48 21.80,1,15.083,,,545-047637,08591313+1848219,5112-301-4-0170-0053,STAR,gri,rpm,-1.8,4.5,-2.5,4.9,,,16.076,0.1,15.325,0.09,,,15.592,0.08,15.075,0.02,14.865,0.09,,,13.803,0.023,13.398,0.024,13.296,0.027,5447,159,159,4.508,0.055,0.825,-0.338,0.25,0.55,0.862,1.42,0.088,0.872,0.07,0.084,1.326,0.344,1.257,856.4,1360,108.8,0.034,0.01,0.007,,,
250,250,250,211905372,08 53 54.535,+18 48 22.72,1,13.957,,,545-047444,08535454+1848225,,STAR,JHK,rpm,-11.9,11.9,2.1,6.7,,,,,,,,,,,,,,,,,12.149,0.026,11.509,0.024,11.425,0.022,4517,135,217,4.672,0.066,2.244,-0.099,0.2,0.4,0.628,10.364,0.075,0.696,0.108,0.077,2.657,0.846,2.656,227.8,3323,40.57,0.027,0.008,0.008,,,
251,251,251,211905413,08 46 10.653,+18 48 25.30,1,14.078,,,545-047158,08461066+1848253,,STAR,gri,lam,4.5,3.1,-2.9,2.5,,,15.1,0.04,14.301,0.02,,,14.659,0.02,14.029,0.02,13.83,0.02,,,12.807,0.025,12.366,0.025,12.261,0.018,5149,154,123,4.586,0.025,0.03,-0.178,0.12,0.12,0.754,0.047,0.037,0.807,0.049,0.049,1.838,0.201,0.215,439.2,39.06,35.87,0.031,0.007,0.006,,,
252,252,252,211905464,08 41 53.791,+18 48 27.90,1,17.026,,,,08415379+1848278,5071-301-4-0110-0350,EXTENDED,gri,,5,3,-3,3,,,,,,,19.342,0.055,17.825,0.007,17.093,0.006,16.683,0.006,16.43,0.017,16.17,0.103,15.652,0.133,14.948,0.137,,,,,,,,,,,,,,,,,,,,,,,,,,,
253,253,253,211905477,09 02 51.410,+18 48 28.80,1,11.442,,,545-047777,09025140+1848288,,STAR,gri,rpm,7.9,0.7,-5.3,0.8,,,12.697,0.04,11.707,0.04,,,12.182,0.01,11.452,0.01,11.125,0.04,,,9.96,0.022,9.415,0.021,9.32,0.018,4861,77,58,2.38,0.42,0.3,-0.814,0.36,0.3,9.577,4.215,3.688,0.91,0.157,0.029,9.18E-04,0.003,5.92E-04,1405,490.4,481.1,0.032,0.008,0.006,,,
254,254,254,211905577,09 11 46.928,+18 48 34.66,1,11.925,,,545-048074,09114692+1848346,,STAR,gri,lam,-10.7,1.3,-12.6,1.2,,,12.594,0.04,12.027,0.02,,,12.243,0.01,11.896,0.04,11.788,0.02,,,10.965,0.021,10.724,0.022,10.65,0.018,6061,185,148,4.244,0.104,0.156,-0.025,0.1,0.08,1.301,0.291,0.201,1.133,0.119,0.085,0.452,0.273,0.196,391.1,90.05,62.02,0.032,0.011,0.007,,,
255,255,255,211905604,08 40 31.503,+18 48 36.00,1,12.894,,,545-046909,08403150+1848359,,STAR,gri,rpm,-1.8,1.5,-5.9,2,,,13.757,0.02,13.052,0.02,,,13.35,0.01,12.843,0.04,12.698,0.04,,,11.768,0.021,11.455,0.021,11.361,0.018,5785,115,115,4.139,0.31,0.372,-0.071,0.15,0.21,1.337,1.051,0.454,1.047,0.195,0.097,0.375,0.72,0.291,580.7,387.5,201.4,0.033,0.008,0.008,,,
256,256,256,211905618,08 39 18.899,+18 48 36.51,1,16.078,,,,08391889+1848365,,STAR,JHK,col,,,,,,,,,,,,,,,,,,,,,13.694,0.024,13.035,0.026,12.792,0.027,3862,207,207,4.885,0.117,0.065,-0.081,0.16,0.24,0.379,0.069,0.108,0.418,0.087,0.139,7.099,5.583,1.956,228,56.4,74.83,0.025,0.01,0.008,,,
257,257,257,211905628,08 58 17.722,+18 48 36.77,1,12.489,,,545-047599,08581772+1848366,,STAR,gri,lam,5.9,3.2,-25.6,3.5,,,13.295,0.05,12.646,0.01,,,12.903,0.03,12.471,0.03,12.311,0.02,,,11.412,0.022,11.119,0.024,11.036,0.022,5926,92,161,4.218,0.144,0.192,0.082,0.1,0.12,1.321,0.408,0.217,1.109,0.176,0.073,0.44,0.293,0.217,485.6,125.2,99.52,0.031,0.005,0.008,,,
258,258,258,211905639,08 41 12.925,+18 48 37.09,1,10.849,,1395-1593-1,545-046948,08411292+1848371,,STAR,gri,rpm,-7.5,1.6,-0.7,1.7,,,11.808,0.165,10.789,0.087,,,11.667,0.03,10.804,0.02,10.498,0.05,,,9.279,0.023,8.748,0.029,8.622,0.018,4751,57,76,2.463,0.306,0.108,-0.213,0.15,0.15,11.046,0.655,2.858,1.228,0.288,0.18,9.32E-04,0.002,1.92E-04,1077,83.41,277.8,0.033,0.01,0.007,,,
259,259,259,211905691,09 04 44.598,+18 48 40.56,1,14.449,,,545-047838,,5112-301-3-0178-0038,EXTENDED,gri,,-2.8,4.6,4.2,4.7,,,15.715,0.08,14.767,0.03,,,15.2,0.04,14.451,0.01,14.127,0.26,,,,,,,,,,,,,,,,,,,,,,,,,,,,,,,,,,,
260,260,260,211905696,08 47 32.726,+18 48 40.76,1,14.96,,,545-047197,08473271+1848408,5061-301-3-0121-0015,STAR,gri,rpm,-0.2,3.7,-1.2,4.3,,,16.405,0.01,15.193,0.01,,,15.797,0.05,14.831,0.07,14.602,0.06,,,13.349,0.024,12.747,0.033,12.663,0.023,4646,111,111,4.641,0.04,1.632,-0.14,0.2,0.24,0.668,0.095,0.053,0.739,0.071,0.071,2.358,0.412,2.292,430.3,75.72,41.46,0.032,0.01,0.006,,,
261,261,261,211905698,08 37 53.025,+18 48 40.83,1,11.14,,1395-1563-1,545-046777,08375302+1848408,,STAR,gri,rpm,44.2,1.5,-8.9,1.5,,,11.979,0.161,11.455,0.132,,,11.525,0.02,11.105,0.02,10.975,0.01,,,10.113,0.026,9.797,0.032,9.718,0.019,5961,71,95,4.316,0.11,0.33,-0.208,0.2,0.24,1.14,0.529,0.168,1.02,0.093,0.111,0.625,0.375,0.416,229,98.98,37.65,0.026,0.01,0.006,,,
262,262,262,211905702,08 55 21.145,+18 48 40.97,1,15.464,,,,08552114+1848409,,STAR,JHK,col,,,,,,,,,,,,,,,,,,,,,13.322,0.024,12.692,0.021,12.497,0.02,3869,181,120,4.891,0.08,0.05,-0.097,0.18,0.24,0.385,0.054,0.073,0.423,0.066,0.092,7.232,3.416,1.553,192.1,36.74,41.75,0.024,0.008,0.007,,,
263,263,263,211905706,08 55 16.635,+18 48 41.09,1,13.838,,,545-047500,08551663+1848411,,STAR,gri,lam,-0.4,2.4,-4.2,2,,,15.203,0.05,14.16,0.01,,,14.663,0.04,13.801,0.044,13.484,0.11,,,12.177,0.022,11.579,0.027,11.467,0.02,4741,94,56,2.972,0.156,0.065,-0.157,0.12,0.12,5.503,0.772,0.924,1.134,0.147,0.147,0.006,0.004,0.001,2138,277.6,291.3,0.032,0.01,0.007,,,
264,264,264,211905710,08 41 15.730,+18 48 41.25,1,12.329,,,545-046952,08411573+1848413,,STAR,gri,rpm,2.9,1.6,1.5,1.8,,,13.51,0.03,12.607,0.01,,,13.029,0.02,12.331,0.03,12.029,0.04,,,10.929,0.023,10.427,0.022,10.346,0.018,4964,59,59,2.639,0.522,0.522,-0.643,0.2,0.56,7.078,5.121,2.971,0.959,0.14,0.087,0.002,0.01,0.002,1665,968,704.4,0.033,0.006,0.005,,,
265,265,265,211905746,08 55 21.488,+18 48 42.82,1,19.424,,,,,5071-301-1-0130-0272,EXTENDED,gri,,14,3,4,3,,,,,,,21.799,0.33,19.824,0.031,19.433,0.034,19.252,0.045,19.114,0.15,,,,,,,,,,,,,,,,,,,,,,,,,,,,,,,,,
266,266,266,211905754,08 54 50.279,+18 48 43.24,1,18.069,,,,08545027+1848432,5071-301-1-0129-0221,EXTENDED,gri,,2,3,3,3,,,,,,,20.468,0.068,19.015,0.011,18.115,0.008,17.664,0.008,17.363,0.017,16.602,0.138,15.619,0.124,15.12,0.119,,,,,,,,,,,,,,,,,,,,,,,,,,,
267,267,267,211905775,08 44 34.895,+18 48 44.02,1,17.985,,,,08443489+1848440,,STAR,JHK,col,,,,,,,,,,,,,,,,,,,,,15.677,0.074,15.271,0.11,14.801,0.102,3731,1288,322,4.959,0.12,0.336,-0.192,0.25,0.4,0.316,0.367,0.127,0.323,0.387,0.149,9.497,12.56,7.471,418,885.7,181.3,0.03,0.011,0.008,,,
268,268,268,211905802,08 53 43.250,+18 48 45.71,1,15.289,,,545-047439,08534324+1848456,,STAR,gri,rpm,-0.5,2.9,-5.9,3.1,,,16.483,0.07,15.584,0.07,,,15.953,0.06,15.278,0.01,15.004,0.09,,,13.928,0.022,13.42,0.033,13.356,0.025,5070,120,100,4.556,0.06,1.464,-0.497,0.35,0.42,0.799,3.618,0.118,0.833,0.098,0.098,1.568,0.587,1.558,789.4,3330,129.8,0.033,0.01,0.007,,,
269,269,269,211905842,08 56 53.280,+18 48 47.48,1,13.596,,,545-047564,08565328+1848475,,STAR,JHK,rpm,-9.4,1.9,-6.3,2.9,,,,,,,,,,,,,,,,,12.217,0.021,11.745,0.024,11.676,0.02,5062,122,122,3.417,1.01,0.606,-0.479,0.4,0.56,2.847,2.411,2.093,0.895,0.22,0.073,0.032,1.25,0.028,1276,1061,931.9,0.034,0.009,0.009,,,
270,270,270,211905867,08 52 22.706,+18 48 48.74,1,11.224,,1396-1137-1,545-047379,08522271+1848487,,STAR,gri,lam,-27.1,1.7,-64.1,1.8,,,12.207,0.247,11.696,0.222,,,11.665,0.03,11.165,0.03,11.035,0.05,,,10.149,0.022,9.798,0.021,9.726,0.02,5538,167,167,4.443,0.102,0.595,-0.253,0.15,0.15,0.922,1.022,0.119,0.933,0.106,0.106,1.058,0.499,0.923,179.5,178.8,35.21,0.024,0.01,0.007,,,
271,271,271,211905869,08 54 05.783,+18 48 48.82,1,16.646,,,,08540578+1848488,5071-301-1-0128-0234,EXTENDED,gri,,2,2,-3,2,,,,,,,18.93,0.031,17.426,0.006,16.714,0.005,16.311,0.005,16.013,0.01,15.764,0.087,14.841,0.099,14.429,0.079,,,,,,,,,,,,,,,,,,,,,,,,,,,
272,272,272,211905921,08 53 14.219,+18 48 51.49,1,17.061,,,,08531421+1848514,5061-301-2-0129-0157,EXTENDED,gri,,-1,2,-2,2,,,,,,,20.081,0.072,18.234,0.008,17.04,0.005,16.559,0.005,16.179,0.011,15.634,0.074,14.963,0.104,14.401,0.082,,,,,,,,,,,,,,,,,,,,,,,,,,,
273,273,273,211905939,08 50 01.561,+18 48 52.66,1,17.498,,,,08500156+1848526,5071-301-2-0122-0266,STAR,gri,rpm,-28,3,-12,3,,,,,,,22.083,0.183,19.462,0.012,17.979,0.007,16.657,0.005,15.905,0.006,14.522,0.037,13.879,0.043,13.62,0.042,3487,136,109,5.062,0.048,0.04,-0.082,0.16,0.24,0.221,0.031,0.032,0.21,0.043,0.037,18.6,4.815,3.825,166.5,30.02,30.04,0.022,0.011,0.006,,,
274,274,274,211906006,08 38 55.116,+18 48 55.90,1,13.1,,,545-046819,08385511+1848559,,STAR,gri,rpm,3.3,1.8,-10.8,2.2,,,14.217,0.03,13.345,0.02,,,13.742,0.01,13.083,0.02,12.825,0.01,,,11.771,0.023,11.279,0.024,11.207,0.02,5050,60,50,2.973,0.415,0.581,-0.819,0.25,0.3,4.654,4.412,1.586,0.898,0.047,0.021,0.008,0.017,0.007,1583,1191,522.7,0.035,0.01,0.007,,,
275,275,275,211906023,09 11 22.682,+18 48 57.00,1,17.685,,,,09112268+1848569,5080-301-2-0163-0065,STAR,gri,rpm,2,6,4,1,,,,,,,18.497,0.015,17.837,0.006,17.634,0.006,17.531,0.006,17.27,0.012,16.005,0.065,15.763,0.099,15.071,0.102,6443,127,102,4.114,0.165,1.386,-1.58,0.35,0.56,1.244,4.951,0.216,0.805,0.033,0.019,0.374,0.291,0.371,3932,14290,736,0.031,0.007,0.006,,,
276,276,276,211906063,08 57 04.777,+18 48 58.70,1,13.894,,,545-047571,08570478+1848587,,STAR,gri,rpm,-5.2,2.5,3,2.1,,,14.922,0.06,14.14,0.01,,,14.437,0.05,13.931,0.01,13.661,0.01,,,12.593,0.021,12.176,0.026,12.12,0.022,5270,126,84,2.827,0.819,0.546,-1.031,0.35,0.25,5.297,4.76,3.044,0.887,0.032,0.021,0.004,0.072,0.004,2765,2229,1626,0.031,0.01,0.007,,,
277,277,277,211906094,08 53 31.521,+18 49 00.66,1,12.665,,,545-047425,08533152+1849006,,STAR,gri,lam,-14.6,1.2,-6.4,1.6,,,13.225,0.05,12.741,0.01,,,12.919,0.01,12.607,0.03,12.555,0.02,,,11.727,0.02,11.484,0.022,11.411,0.023,6036,120,120,4.135,0.161,0.115,-0.268,0.15,0.18,1.36,0.286,0.236,1.011,0.119,0.085,0.358,0.272,0.137,578.4,107.5,107,0.033,0.01,0.008,,,
278,278,278,211906131,09 07 43.663,+18 49 02.95,1,16.106,,,545-047943,09074368+1849031,5080-301-3-0158-0078,STAR,JHK,rpm,-83.9,9.9,-6,9.3,,,,,,,,,,,,,,,,,13.851,0.028,13.219,0.037,12.992,0.026,3655,289,180,4.997,0.09,0.09,-0.176,0.25,0.25,0.278,0.075,0.069,0.286,0.117,0.097,13.22,8.824,5.292,163.3,63.66,53.29,0.021,0.008,0.006,,,
279,279,279,211906132,08 45 29.587,+18 49 02.95,1,8.056,42970,1396-1336-1,545-047132,08452960+1849029,,STAR,gri,plx,-98.73,0.81,0.24,0.44,16.12,0.54,7.142,0.015,6.76,0.01,,,9.3,0.03,8.421,0.01,7.522,0.14,,,6.016,0.026,5.829,0.016,5.773,0.017,6624,198,198,4.074,0.105,0.105,0.007,0.12,0.15,1.779,0.278,0.208,1.427,0.088,0.088,0.244,0.101,0.083,64.43,2.147,2.147,0.01,0.003,0.002,,,
280,280,280,211906187,08 40 39.523,+18 49 05.83,1,13.68,,,545-046920,08403952+1849057,,STAR,gri,rpm,-35.8,2.6,-11.9,2.5,,,15.472,0.04,14.158,0.02,,,14.888,0.02,13.587,0.02,13.163,0.03,,,11.759,0.02,11.156,0.021,11.004,0.016,4033,80,40,4.896,0.025,0.04,-0.432,0.14,0.06,0.385,0.044,0.022,0.435,0.054,0.03,7.462,0.91,1.397,96.93,14.57,8.12,0.015,0.009,0.002,,,
281,281,281,211906220,08 54 23.663,+18 49 07.80,1,16.321,,,545-047465,08542367+1849079,5071-301-1-0128-0162,STAR,gri,rpm,-12.9,3,-95,3.2,,,17.493,0.15,16.639,0.05,,,16.955,0.09,16.195,0.08,16.049,0.137,,,14.524,0.03,13.971,0.03,13.911,0.049,4650,74,168,4.867,0.099,0.045,-1.646,0.54,0.3,0.424,0.031,0.067,0.489,0.025,0.084,6.248,2.577,0.991,405.9,62.72,78.69,0.037,0.007,0.011,,,
282,282,282,211906223,09 08 13.510,+18 49 07.91,1,13.979,,,545-047955,09081351+1849078,,STAR,gri,rpm,16.6,3.4,-2.6,3.7,,,15.213,0.07,14.286,0.02,,,14.713,0.02,13.923,0.01,13.664,0.02,,,12.525,0.022,12.044,0.027,11.975,0.023,4944,99,79,4.602,0.03,0.06,-0.105,0.16,0.2,0.739,0.089,0.051,0.799,0.079,0.065,1.988,0.253,0.423,354.2,57.76,31.91,0.028,0.007,0.005,,,
283,283,283,211906259,08 45 14.646,+18 49 09.69,1,12.676,,,545-047117,08451464+1849096,,STAR,gri,rpm,-4.5,1.6,-9.4,1.7,,,13.478,0.04,12.817,0.02,,,13.075,0.03,12.624,0.03,12.505,0.02,,,11.614,0.021,11.328,0.023,11.261,0.023,5981,95,95,4.183,0.21,0.252,-0.075,0.15,0.21,1.353,0.506,0.315,1.085,0.134,0.084,0.394,0.439,0.234,525.2,221.1,116.6,0.032,0.012,0.006,,,
284,284,284,211906287,08 44 13.245,+18 49 11.41,1,13.649,,,545-047077,08441324+1849114,,STAR,gri,rpm,-36.8,2.7,-10.3,3.4,,,15.431,0.05,14.181,0.01,,,14.855,0.05,13.622,0.03,13.132,0.06,,,11.747,0.023,11.131,0.027,10.941,0.023,4065,65,82,4.864,0.042,0.063,-0.313,0.24,0.2,0.416,0.068,0.038,0.469,0.079,0.047,6.343,1.248,1.641,107.2,18.34,13.57,0.017,0.008,0.004,,,
285,285,285,211906333,08 41 23.974,+18 49 14.22,1,12.703,,,545-046958,08412397+1849144,,STAR,gri,rpm,-37.7,1.5,-106.7,1.9,,,13.544,0.04,12.929,0.02,,,13.199,0.02,12.728,0.03,12.49,0.05,,,11.524,0.023,11.137,0.024,11.061,0.018,5526,134,167,4.572,0.084,0.06,-0.918,0.35,0.42,0.704,0.086,0.077,0.724,0.06,0.06,1.918,0.717,0.446,251.7,83.94,92.88,0.028,0.006,0.008,,,
286,286,286,211906356,09 08 38.589,+18 49 15.23,1,12.834,,,545-047967,09083858+1849152,,STAR,gri,lam,10.2,2.1,-30.1,2.6,,,13.648,0.05,12.998,0.03,,,13.243,0.02,12.829,0.03,12.658,0.03,,,11.746,0.022,11.484,0.031,11.39,0.021,5823,136,136,4.205,0.21,0.21,-0.129,0.14,0.1,1.249,0.443,0.279,1.015,0.11,0.069,0.453,0.493,0.236,528.1,163.3,124.7,0.031,0.011,0.006,,,
287,287,287,211906365,08 52 24.347,+18 49 15.67,1,13.067,,,545-047380,08522434+1849156,,STAR,gri,rpm,-26.3,1.8,-2.4,2.1,,,14.393,0.03,13.418,0.04,,,13.91,0.04,13.052,0.02,12.706,0.06,,,11.484,0.022,10.945,0.021,10.823,0.022,4819,76,114,4.624,0.03,0.025,-0.08,0.16,0.2,0.708,0.042,0.047,0.774,0.051,0.062,2.12,0.314,0.231,205.1,26.62,27.94,0.026,0.01,0.007,,,
288,288,288,211906451,09 14 11.448,+18 49 19.66,1,17.578,,,,09141144+1849196,5112-301-1-0192-0292,EXTENDED,gri,,-2,2,-8,2,,,,,,,19.583,0.063,18.23,0.01,17.62,0.008,17.299,0.01,17.064,0.027,16.675,0.125,16.034,0.14,15.465,0.14,,,,,,,,,,,,,,,,,,,,,,,,,,,
289,289,289,211906507,08 46 29.103,+18 49 22.45,1,12.462,,,545-047168,08462910+1849224,,STAR,gri,rpm,-9.9,1.1,6.4,1,,,13.148,0.03,12.598,0.01,,,12.804,0.02,12.453,0.03,12.316,0.02,,,11.472,0.023,11.149,0.027,11.086,0.018,6082,97,73,4.184,0.203,0.174,-0.458,0.36,0.2,1.298,0.347,0.322,0.978,0.158,0.099,0.423,0.479,0.202,496.6,128.6,136.9,0.032,0.01,0.005,,,
290,290,290,211906528,09 03 07.319,+18 49 23.51,1,12.497,,,545-047789,09030731+1849234,,STAR,gri,rpm,-9.5,2,-4.5,1.5,,,12.968,0.05,12.518,0.02,,,12.678,0.03,12.436,0.02,12.36,0.04,,,11.605,0.022,11.38,0.021,11.336,0.021,6486,206,103,4.141,0.126,0.126,-0.276,0.25,0.5,1.49,0.301,0.217,1.185,0.218,0.218,0.353,0.16,0.138,639.7,141.5,100.7,0.032,0.01,0.006,,,
291,291,291,211906552,09 05 55.474,+18 49 24.91,1,18.671,,,,09055547+1849249,,STAR,JHK,col,,,,,,,,,,,,,,,,,,,,,15.773,0.081,14.99,0.11,14.588,0.088,3905,410,342,4.895,0.14,0.14,-0.185,0.2,0.28,0.358,0.141,0.133,0.417,0.165,0.198,7.432,8.902,3.576,569.5,326.9,267.7,0.031,0.01,0.008,,,
292,292,292,211906557,08 41 18.711,+18 49 25.10,1,17.481,,,,08411871+1849251,5037-301-1-0114-0296,EXTENDED,gri,,2,3,1,3,,,,,,,20.497,0.085,18.602,0.011,17.472,0.007,17.001,0.007,16.628,0.014,15.976,0.088,15.448,0.131,14.735,0.109,,,,,,,,,,,,,,,,,,,,,,,,,,,
293,293,293,211906580,09 03 19.104,+18 49 26.72,1,13.187,,,545-047795,09031910+1849266,,STAR,gri,lam,-6,1.9,-11.4,2,,,14.302,0.04,13.427,0.02,,,13.826,0.03,13.155,0.04,12.913,0.04,,,11.794,0.022,11.313,0.021,11.228,0.021,5128,153,122,3.728,0.065,0.143,-0.196,0.12,0.18,2.437,0.408,0.255,1.143,0.112,0.093,0.08,0.025,0.031,878.7,120.5,60.54,0.033,0.009,0.004,,,
294,294,294,211906671,08 45 21.061,+18 49 32.79,1,17.667,,,,08452106+1849327,,STAR,JHK,col,,,,,,,,,,,,,,,,,,,,,15.246,0.049,14.493,0.06,14.219,0.065,4041,262,262,4.821,0.136,0.085,-0.128,0.16,0.28,0.455,0.093,0.13,0.515,0.098,0.157,4.997,4.351,1.619,570.9,179.9,202.6,0.032,0.011,0.008,,,
295,295,295,211906683,08 58 26.740,+18 49 33.41,1,17.749,,,,08582673+1849334,5080-301-5-0144-0275,EXTENDED,gri,,1,3,-2,3,,,,,,,20.505,0.095,18.872,0.013,17.836,0.008,17.268,0.008,16.906,0.042,16.274,0.099,15.237,0.093,14.552,0.085,,,,,,,,,,,,,,,,,,,,,,,,,,,
296,296,296,211906702,08 40 55.721,+18 49 34.30,1,17.524,,,,08405572+1849343,5037-301-1-0114-0230,STAR,gri,rpm,-34,3,-14,3,,,,,,,22.287,0.162,19.622,0.013,18.129,0.007,16.625,0.005,15.801,0.006,14.338,0.026,13.746,0.034,13.455,0.036,3471,81,101,5.087,0.04,0.04,-0.076,0.15,0.15,0.206,0.023,0.024,0.192,0.024,0.029,21.49,4.645,4.498,144.4,8.203,24.29,0.019,0.01,0.006,,,
297,297,297,211906732,08 44 24.423,+18 49 35.91,1,17.591,,,,08442442+1849359,5061-301-4-0116-0255,STAR,gri,rpm,-56,3,9,3,,,,,,,22.201,0.166,19.403,0.011,17.922,0.007,16.815,0.006,16.204,0.008,14.913,0.042,14.345,0.058,14.084,0.062,3365,33,40,5.108,0.02,0.02,0.033,0.06,0.06,0.191,0.006,0.004,0.172,0.008,0.003,24.39,1.464,1.464,159.5,10.23,5.416,0.021,0.005,0.006,,,
298,298,298,211906743,08 41 12.747,+18 49 36.57,1,13.87,,,545-046946,08411274+1849367,,STAR,gri,lam,-14.9,4.5,-58.2,7.2,,,15.388,0.05,14.288,0.02,,,14.845,0.03,13.855,0.03,13.452,0.03,,,12.218,0.025,11.628,0.022,11.542,0.019,4455,161,134,4.727,0.048,0.04,-0.447,0.18,0.09,0.548,0.052,0.048,0.598,0.042,0.05,3.553,0.899,0.529,197.9,28.7,25.06,0.022,0.007,0.006,,,
299,299,299,211906746,08 44 40.537,+18 49 36.71,1,12.598,,,545-047105,08444053+1849366,,STAR,gri,rpm,2.7,0.9,-3.3,0.8,,,13.228,0.05,12.707,0.02,,,12.891,0.03,12.559,0.03,12.472,0.03,,,11.652,0.023,11.403,0.021,11.357,0.019,6292,127,127,4.129,0.17,0.204,-0.157,0.2,0.2,1.521,0.525,0.342,1.209,0.158,0.132,0.329,0.249,0.179,641.2,206.4,133.1,0.031,0.008,0.006,,,
300,300,300,211906766,08 38 33.600,+18 49 37.60,1,14.855,,,545-046804,08383360+1849375,,STAR,gri,rpm,2.3,3.6,-5.5,3.9,,,16.525,0.04,15.295,0.05,,,15.889,0.02,14.897,0.03,14.412,0.03,,,13.049,0.023,12.364,0.023,12.236,0.024,4445,72,72,4.69,0.05,3.67,-0.248,0.25,1.2,0.61,45.227,0.07,0.68,0.132,0.082,2.761,0.755,2.761,324.6,21880,43.18,0.029,0.016,0.006,,,
301,301,301,211906782,08 53 30.510,+18 49 38.54,1,18.186,,,,08533050+1849385,5061-301-2-0129-0230,EXTENDED,gri,,1,3,0,3,,,,,,,21.306,0.126,19.321,0.013,18.16,0.008,17.699,0.008,17.329,0.018,16.622,0.131,15.827,0.139,14.97,0.1,,,,,,,,,,,,,,,,,,,,,,,,,,,
302,302,302,211906801,08 40 32.919,+18 49 39.75,1,17.846,,,,08403291+1849397,5037-301-1-0113-0385,EXTENDED,gri,,-1,3,4,3,,,,,,,20.312,0.068,18.835,0.012,17.891,0.008,17.422,0.008,17.122,0.019,16.461,0.123,15.805,0.149,14.962,0.139,,,,,,,,,,,,,,,,,,,,,,,,,,,
303,303,303,211906830,09 09 29.412,+18 49 41.28,1,10.948,,1404-778-1,545-047992,09092940+1849412,,STAR,gri,rpm,4,1.4,-31.5,1.6,,,12.753,0.304,11.096,0.08,,,11.73,0.02,10.897,0.03,10.613,0.03,,,9.431,0.024,8.941,0.032,8.796,0.021,4855,58,58,3.328,0.25,0.4,-0.122,0.2,0.28,3.746,2.213,0.943,1.144,0.162,0.227,0.02,0.027,0.015,435.7,234.8,102.9,0.033,0.009,0.009,,,
304,304,304,211906866,08 45 14.808,+18 49 43.95,1,15.937,,,,08451480+1849439,,STAR,JHK,col,,,,,,,,,,,,,,,,,,,,,14.091,0.028,13.478,0.03,13.355,0.031,4268,303,364,4.763,0.133,0.114,-0.211,0.25,0.3,0.524,0.122,0.149,0.57,0.126,0.151,3.719,3.143,1.318,422,144.6,142.7,0.03,0.01,0.007,,,
305,305,305,211906875,08 55 35.853,+18 49 44.78,1,14.756,,,545-047511,08553585+1849448,5071-301-1-0130-0204,STAR,gri,rpm,-5.2,2.9,1.2,3.3,,,15.927,0.1,15.048,0.02,,,15.429,0.06,14.774,0.01,14.468,0.08,,,13.366,0.022,12.95,0.023,12.843,0.026,5248,124,124,4.529,0.05,1.01,-0.235,0.25,0.55,0.851,1.981,0.084,0.881,0.084,0.084,1.432,0.35,1.389,662.3,1440,81.46,0.033,0.008,0.006,,,
306,306,306,211906897,08 39 56.808,+18 49 45.83,1,13.333,,,545-046878,08395680+1849458,,STAR,gri,rpm,-2.5,2.1,5.5,3.7,,,14.425,0.04,13.572,0.01,,,13.966,0.01,13.322,0.02,13.062,0.03,,,12.024,0.025,11.557,0.024,11.493,0.022,5121,81,81,3.074,0.505,0.606,-0.869,0.42,0.35,4.13,4.209,1.63,0.896,0.112,0.021,0.011,0.045,0.01,1581,1591,619.4,0.034,0.007,0.008,,,
307,307,307,211906900,08 40 48.519,+18 49 46.07,1,12.762,,,545-046930,08404851+1849460,,STAR,gri,rpm,-3.6,1,3.3,0.9,,,13.239,0.02,12.793,0.02,,,12.941,0.01,12.702,0.02,12.667,0.06,,,11.928,0.021,11.768,0.023,11.697,0.018,6749,107,161,4.112,0.12,0.168,-0.099,0.15,0.15,1.647,0.508,0.255,1.398,0.181,0.129,0.27,0.143,0.121,848.2,249.5,142.7,0.033,0.009,0.007,,,
308,308,308,211906915,08 38 55.758,+18 49 46.52,1,19.142,,,,,5061-301-5-0108-0105,STAR,gri,,0,3,-18,3,,,,,,,18.781,0.017,18.894,0.009,19.224,0.012,19.457,0.019,19.555,0.067,,,,,,,,,,,,,,,,,,,,,,,,,,,,,,,,,
309,309,309,211906935,08 57 33.768,+18 49 47.09,1,12.979,,,545-047584,08573377+1849471,,STAR,gri,lam,-2.2,1.3,-14.1,1.8,,,13.72,0.06,13.108,0.02,,,13.36,0.04,12.977,0.041,12.816,0.05,,,11.873,0.021,11.569,0.023,11.472,0.018,5918,117,141,4.399,0.06,0.108,-0.206,0.12,0.15,1.028,0.165,0.082,0.981,0.067,0.067,0.893,0.231,0.303,451.7,79.48,43.52,0.031,0.008,0.007,,,
310,310,310,211906940,09 09 50.549,+18 49 47.33,1,16.368,,,545-048006,09095055+1849474,5112-301-2-0186-0003,STAR,BV,rpm,-9.2,3.6,-19.1,3.7,,,16.654,0.08,16.36,0.075,,,,,,,,,,,13.958,0.03,13.392,0.024,13.118,0.028,3561,138,110,5.016,0.05,0.05,-0.014,0.12,0.12,0.262,0.054,0.045,0.264,0.075,0.063,14.19,6.131,3.67,155.4,39.8,37.2,0.022,0.006,0.005,,,
311,311,311,211907010,08 41 48.312,+18 49 51.34,1,12.599,,,545-046979,08414830+1849514,,STAR,gri,rpm,-17.7,2.1,-36.6,2.4,,,14.729,0.06,13.342,0.03,,,14.08,0.05,12.753,0.02,11.965,0.03,,,10.382,0.02,9.78,0.023,9.56,0.014,3841,38,38,4.947,0.025,0.065,0.088,0.06,0.28,0.334,0.063,0.034,0.359,0.092,0.051,9.481,1.787,2.769,43.29,8.803,9.468,0.007,0.002,0.001,,,
312,312,312,211907092,09 03 30.092,+18 49 55.85,1,10.275,,1397-1870-1,545-047800,09033009+1849558,,STAR,gri,plx,-7.1,1.6,1.3,1.6,,,11.352,0.111,10.751,0.101,,,11.043,0.21,10.26,0.02,9.946,0.02,,,8.88,0.039,8.385,0.026,8.325,0.02,4767,97,97,2.491,0.408,0.144,-0.282,0.25,0.35,10.505,1.195,4.037,1.138,0.323,0.202,0.001,0.003,3.29E-04,537.2,248.5,248.5,0.034,0.01,0.007,,,
313,313,313,211907093,08 50 45.123,+18 49 55.86,1,8.073,43427,1396-1135-1,545-047309,08504512+1849558,,STAR,gri,plx,-11.91,0.64,-23.97,0.44,3.46,0.52,6.39,0.015,6.395,0.01,,,9.434,0.03,8.596,0.04,7.49,0.08,,,6.3,0.018,6.361,0.023,6.34,0.024,10442,1582,1130,3.772,0.155,0.186,0.006,0.12,0.12,3.676,0.872,0.518,3.179,0.511,0.284,0.054,0.045,0.025,222,38.91,38.91,0.023,0.008,0.005,,,
314,314,314,211907152,08 45 59.380,+18 49 59.90,1,12.871,,,545-047152,08455938+1850000,,STAR,gri,rpm,-5.1,1.6,-6.5,1.9,,,13.451,0.04,12.965,0.02,,,13.144,0.02,12.832,0.02,12.754,0.04,,,11.958,0.023,11.738,0.025,11.686,0.023,6389,101,101,4.157,0.14,0.168,-0.149,0.16,0.32,1.491,0.379,0.257,1.206,0.17,0.17,0.322,0.212,0.128,752.9,178.5,144.3,0.033,0.007,0.008,,,
315,315,315,211907179,08 49 50.764,+18 50 01.26,1,13.468,,,545-047268,08495076+1850012,,STAR,gri,lam,-3,1.8,-6.4,2.1,,,14.81,0.03,13.727,0.02,,,14.267,0.02,13.379,0.03,13.125,0.07,,,11.907,0.022,11.395,0.025,11.302,0.022,4807,57,48,3.537,0.117,0.065,0.211,0.18,0.12,3.01,0.399,0.352,1.231,0.123,0.061,0.041,0.019,0.011,1099,212.5,230.8,0.037,0.005,0.009,,,
316,316,316,211907185,09 04 12.921,+18 50 01.74,1,17.145,,,,09041292+1850017,5112-301-3-0177-0217,EXTENDED,gri,,-2,2,-1,2,,,,,,,19.824,0.05,18.107,0.007,17.153,0.005,16.732,0.005,16.408,0.012,15.61,0.064,14.947,0.085,14.59,0.076,,,,,,,,,,,,,,,,,,,,,,,,,,,
317,317,317,211907206,08 43 43.472,+18 50 02.93,1,19.478,,,,,5061-301-4-0115-0823,EXTENDED,gri,,-3,4,12,4,,,,,,,21.167,0.153,19.97,0.025,19.587,0.033,19.267,0.042,18.841,0.108,,,,,,,,,,,,,,,,,,,,,,,,,,,,,,,,,
318,318,318,211907216,09 07 37.349,+18 50 03.44,1,14.09,,,545-047941,09073734+1850035,,STAR,gri,rpm,-23.1,4.8,-9.8,5.2,,,15.279,0.03,14.386,0.05,,,14.786,0.03,14.034,0.01,13.791,0.02,,,12.623,0.024,12.086,0.031,12.048,0.019,4979,78,78,4.616,0.035,0.035,-0.276,0.2,0.32,0.706,0.063,0.069,0.759,0.079,0.079,2.106,0.449,0.314,355.7,37.02,39.85,0.029,0.007,0.006,,,
319,319,319,211907242,09 10 03.191,+18 50 04.82,1,10.692,,1404-1852-1,545-048017,09100320+1850048,,STAR,gri,rpm,-2.3,1.5,-1.9,1.6,,,11.963,0.122,11.072,0.07,,,11.501,0.01,10.645,0.04,10.346,0.02,,,9.096,0.023,8.572,0.026,8.435,0.026,4760,77,57,2.467,0.266,0.095,-0.21,0.15,0.15,11.107,0.729,1.928,1.325,0.391,0.217,9.50E-04,0.001,2.19E-04,1003,59.41,168.7,0.034,0.008,0.007,,,
320,320,320,211907293,08 57 52.302,+18 50 07.03,1,18.108,,,,08575230+1850070,,STAR,JHK,col,,,,,,,,,,,,,,,,,,,,,15.565,0.062,15.017,0.071,14.574,0.073,3579,278,232,5.022,0.1,0.1,-0.092,0.18,0.24,0.252,0.103,0.073,0.245,0.147,0.092,14.41,11.22,6.307,296.2,205.9,105.4,0.028,0.01,0.008,,,
321,321,321,211907332,08 38 31.494,+18 50 09.36,1,14.733,,,545-046801,08383149+1850093,,STAR,JHK,rpm,3.7,3,-14.9,3,,,,,,,,,,,,,,,,,13.349,0.024,12.908,0.023,12.805,0.028,5197,155,155,4.571,0.036,0.06,-0.235,0.25,0.35,0.766,0.089,0.058,0.825,0.065,0.078,1.729,0.279,0.368,575.2,85.53,54.22,0.034,0.008,0.007,,,
322,322,322,211907364,09 14 28.734,+18 50 11.16,1,16.839,,,,09142873+1850111,5112-301-1-0192-0329,EXTENDED,gri,,-1,2,-24,2,,,,,,,19.247,0.053,17.677,0.008,16.901,0.006,16.48,0.006,16.168,0.017,16.1,0.115,15.644,0.15,15.089,0.127,,,,,,,,,,,,,,,,,,,,,,,,,,,
323,323,323,211907403,08 39 41.802,+18 50 12.94,1,15.188,,,545-046862,08394180+1850129,,STAR,gri,lam,0.5,3.7,-6.3,4.1,,,16.301,0.06,15.432,0.04,,,15.841,0.03,15.168,0.06,14.908,0.12,,,13.791,0.029,13.265,0.043,13.269,0.036,5205,146,83,3.694,0.088,0.066,-0.536,0.12,0.15,2.279,0.146,0.216,0.942,0.034,0.034,0.077,0.028,0.014,2093,112.8,141.5,0.036,0.008,0.008,,,
324,324,324,211907412,08 52 47.344,+18 50 13.34,1,12.819,,,545-047399,08524733+1850132,,STAR,gri,lam,-15.1,2.2,-12.4,1.7,,,14.036,0.02,13.111,0.02,,,13.564,0.03,12.779,0.04,12.5,0.05,,,11.572,0.033,11.077,0.04,10.97,0.031,4966,148,119,4.594,0.025,0.025,-0.057,0.1,0.14,0.743,0.039,0.037,0.807,0.047,0.047,1.924,0.21,0.189,235.6,19.18,17.74,0.026,0.007,0.005,,,
325,325,325,211907434,08 44 39.230,+18 50 14.33,1,15.348,,,545-047104,08443922+1850142,5061-301-4-0116-0187,STAR,gri,rpm,-5.5,3.8,-2.6,4.1,,,16.439,0.1,15.583,0.05,,,15.992,0.03,15.247,0.03,15.073,0.11,,,13.916,0.029,13.376,0.036,13.243,0.031,4979,97,97,4.594,0.04,1.288,-0.317,0.25,0.35,0.748,2.976,0.067,0.79,0.14,0.088,1.905,0.385,1.885,696.1,2605,78.55,0.034,0.01,0.007,,,
326,326,326,211907524,08 55 44.347,+18 50 19.06,1,12.925,,,545-047513,08554434+1850191,,STAR,gri,rpm,25.5,1.4,-29,3.1,,,13.687,0.05,13.078,0.01,,,13.329,0.04,12.931,0.01,12.752,0.03,,,11.802,0.02,11.466,0.021,11.389,0.018,5825,93,117,4.459,0.08,0.448,-0.633,0.25,0.4,0.881,0.648,0.119,0.807,0.108,0.06,1.129,0.511,0.905,373.2,274.5,59.63,0.027,0.01,0.005,,,
327,327,327,211907557,08 53 30.888,+18 50 20.65,1,15.07,,,545-047424,08533088+1850206,5061-301-2-0129-0083,STAR,gri,lam,0.1,2.9,-0.4,3.1,,,16.404,0.1,15.401,0.06,,,15.895,0.02,15.017,0.02,14.717,0.01,,,13.524,0.022,13.006,0.024,12.921,0.022,4751,141,141,4.621,0.03,0.025,-0.008,0.1,0.1,0.703,0.04,0.045,0.775,0.039,0.047,2.144,0.262,0.233,508.8,47.8,51.98,0.031,0.008,0.008,,,
328,328,328,211907564,08 41 51.945,+18 50 20.98,1,16.659,,,,08415194+1850209,5071-301-4-0110-0368,STAR,gri,rpm,57,4,-53,4,,,,,,,20.645,0.062,18.201,0.006,16.796,0.005,15.998,0.004,15.547,0.006,14.339,0.026,13.817,0.036,13.546,0.039,3660,36,36,5.031,0.024,0.036,-0.2,0.12,0.06,0.256,0.028,0.02,0.253,0.039,0.022,15.07,2.433,2.849,187,19.47,17.63,0.027,0.002,0.007,,,
329,329,329,211907610,08 40 56.232,+18 50 23.52,1,14.291,,,545-046934,08405623+1850235,,STAR,gri,rpm,1.3,3.2,-7.1,3,,,15.457,0.01,14.533,0.03,,,14.951,0.01,14.259,0.03,14.009,0.05,,,12.94,0.022,12.439,0.026,12.332,0.019,5058,79,79,3.36,1.088,0.68,-0.6,0.35,0.42,3.35,3.713,2.596,0.891,0.125,0.09,0.023,1.447,0.021,1943,2033,1479,0.034,0.01,0.008,,,
330,330,330,211907643,09 09 27.119,+18 50 25.60,1,16.996,,,,09092711+1850256,,STAR,J,col,,,,,,,,,,,,,,,,,,,,,15.534,0.076,14.914,0.093,14.429,0.092,3715,433,271,4.981,0.115,0.161,-0.132,0.2,0.28,0.29,0.141,0.095,0.289,0.206,0.129,11.02,10.22,6.005,363.3,305.8,144.9,0.029,0.01,0.008,,,
331,331,331,211907762,08 46 42.861,+18 50 31.52,1,18.116,,,,08464286+1850315,5071-301-3-0117-0398,STAR,gri,rpm,64,4,-26,4,,,,,,,22.681,0.277,20.273,0.019,18.787,0.01,17.191,0.006,16.344,0.008,14.807,0.036,14.317,0.048,14.053,0.051,3429,143,102,5.097,0.025,0.045,-0.035,0.15,0.24,0.195,0.03,0.011,0.178,0.032,0.015,23.32,2.546,5.134,161.2,26.38,16.54,0.023,0.007,0.005,,,
332,332,332,211907795,08 38 13.940,+18 50 33.87,1,15.073,,,545-046791,08381394+1850339,,STAR,gri,rpm,-0.4,3.7,-3.5,4,,,16.323,0.06,15.328,0.03,,,15.803,0.03,15.035,0.03,14.76,0.04,,,13.713,0.029,13.249,0.03,13.113,0.027,5009,80,80,4.582,0.04,1.096,-0.183,0.2,0.36,0.752,2.161,0.069,0.821,0.104,0.087,1.823,0.369,1.782,645.2,1752,70.17,0.035,0.01,0.007,,,
333,333,333,211907820,08 50 59.375,+18 50 35.12,1,16.895,,,,08505937+1850351,,STAR,JHK,col,,,,,,,,,,,,,,,,,,,,,14.519,0.032,13.912,0.022,13.62,0.032,3537,144,231,5.052,0.112,0.07,-0.063,0.15,0.18,0.226,0.059,0.062,0.223,0.079,0.079,16.4,14.28,5.312,171.4,56.65,62.86,0.022,0.01,0.008,,,
334,334,334,211907845,08 46 17.576,+18 50 36.66,1,12.942,,,545-047162,08461758+1850366,,STAR,gri,rpm,0.4,2.1,-9.2,2.2,,,14.49,0.06,13.297,0.01,,,13.875,0.03,12.917,0.03,12.542,0.02,,,11.147,0.022,10.496,0.023,10.367,0.022,4492,71,44,2.05,0.276,1.242,-0.368,0.12,1.26,14.657,38.756,4.049,0.971,0.024,0.165,2.75E-04,4.48E-04,2.70E-04,3233,7977,711.8,0.035,0.005,0.006,,,
335,335,335,211907931,08 56 41.428,+18 50 41.49,1,13.386,,,545-047554,08564143+1850416,,STAR,gri,rpm,2.5,2.3,-12.1,1.6,,,14.589,0.07,13.682,0.02,,,14.099,0.04,13.423,0.01,13.08,0.03,,,11.883,0.022,11.373,0.022,11.212,0.018,4952,79,79,2.799,0.525,0.735,-0.773,0.3,0.54,5.886,8.79,2.561,0.896,0.064,0.09,0.003,0.016,0.003,1966,2241,824.4,0.032,0.01,0.008,,,
336,336,336,211908024,09 09 45.618,+18 50 45.96,1,18.322,,,,09094561+1850459,5112-301-2-0185-0284,STAR,gri,rpm,-42,3,-9,3,,,,,,,23.055,0.365,20.633,0.025,19.047,0.011,17.332,0.007,16.356,0.008,14.777,0.031,14.245,0.047,13.996,0.054,3318,39,39,5.161,0.02,0.02,-0.182,0.09,0.18,0.167,0.003,0.006,0.146,0.003,0.004,31.7,2.424,1.902,126.5,4.991,3.796,0.02,0.018,0.004,,,
337,337,337,211908029,08 40 58.447,+18 50 46.30,1,17.165,,,,08405844+1850463,5037-301-1-0114-0249,STAR,gri,rpm,-34,3,-15,3,,,,,,,21.709,0.103,19.233,0.01,17.758,0.006,16.279,0.005,15.465,0.006,13.989,0.028,13.429,0.029,13.134,0.034,3493,100,141,5.087,0.035,0.042,-0.073,0.16,0.24,0.206,0.03,0.026,0.19,0.042,0.03,20.96,5.125,4.839,121.2,21.85,21.86,0.018,0.007,0.005,,,
338,338,338,211908035,08 43 54.345,+18 50 46.83,1,12.846,,,545-047069,08435434+1850469,,STAR,gri,rpm,-2.6,1.6,-8.2,3.3,,,13.495,0.05,12.965,0.031,,,13.158,0.04,12.839,0.03,12.713,0.03,,,11.923,0.022,11.644,0.021,11.596,0.018,6184,124,124,4.151,0.17,0.17,-0.336,0.25,0.35,1.346,0.409,0.267,1.064,0.148,0.177,0.394,0.331,0.204,631.2,191.7,125.2,0.033,0.013,0.008,,,
339,339,339,211908048,09 02 39.200,+18 50 47.44,1,12.979,,,545-047769,09023919+1850475,,STAR,gri,lam,-2.4,1.7,-20.9,1.7,,,13.512,0.04,12.991,0.04,,,13.193,0.032,12.908,0.041,12.785,0.01,,,11.986,0.022,11.706,0.02,11.665,0.018,6102,123,123,4.312,0.085,0.119,-0.3,0.15,0.15,1.148,0.192,0.126,1.014,0.081,0.081,0.625,0.208,0.207,552.8,94.6,70,0.032,0.01,0.007,,,
340,340,340,211908055,09 02 17.964,+18 50 47.91,1,18.716,,,,09021796+1850479,,STAR,JHK,col,,,,,,,,,,,,,,,,,,,,,16.305,0.096,15.944,0.128,15.393,0.12,3704,940,352,4.981,0.138,0.276,-0.213,0.25,0.4,0.273,0.251,0.091,0.279,0.32,0.123,12.11,11.77,8.996,531,852.3,219.1,0.031,0.008,0.007,,,
341,341,341,211908085,08 39 40.075,+18 50 49.24,1,17.459,,,,08394007+1850492,,STAR,JHK,col,,,,,,,,,,,,,,,,,,,,,14.967,0.039,14.344,0.043,14.019,0.058,3679,278,232,4.995,0.105,0.126,-0.109,0.2,0.24,0.272,0.111,0.079,0.295,0.161,0.115,11.91,9.763,5.365,264.6,148.1,94.93,0.027,0.01,0.008,,,
342,342,342,211908091,08 56 09.542,+18 50 49.50,1,13.281,,,545-047532,08560955+1850495,,STAR,gri,rpm,-34.6,1.5,-21.9,1.9,,,14.523,0.04,13.605,0.01,,,14.039,0.05,13.268,0.01,12.956,0.04,,,11.855,0.024,11.385,0.024,11.291,0.026,4948,118,79,4.606,0.025,0.03,-0.178,0.2,0.28,0.723,0.06,0.056,0.765,0.077,0.064,2.023,0.273,0.285,258.1,32.29,21.84,0.025,0.011,0.007,,,
343,343,343,211908174,08 43 16.500,+18 50 53.56,1,14.029,,,545-047042,08431650+1850536,,STAR,gri,lam,-1.9,2.7,-11.7,2.9,,,15.251,0.03,14.32,0.03,,,14.75,0.04,13.991,0.02,13.721,0.05,,,12.664,0.025,12.167,0.021,12.111,0.023,4930,149,149,4.594,0.025,0.025,0.03,0.08,0.1,0.751,0.043,0.034,0.816,0.043,0.043,1.894,0.207,0.221,387.6,40.54,30.83,0.031,0.006,0.006,,,
344,344,344,211908190,08 44 23.363,+18 50 54.11,1,19.898,,,,,5061-301-4-0116-0260,STAR,gri,,3,3,0,3,,,,,,,20.478,0.049,19.912,0.014,19.893,0.018,19.946,0.026,19.517,0.077,,,,,,,,,,,,,,,,,,,,,,,,,,,,,,,,,
345,345,345,211908212,09 07 19.180,+18 50 55.11,1,14.512,,,545-047933,09071917+1850554,5080-301-3-0157-0057,STAR,gri,rpm,5.5,4.4,-25.3,4.8,,,16.309,0.07,15.029,0.05,,,15.658,0.02,14.467,0.03,14.021,0.05,,,12.65,0.026,12.024,0.031,11.812,0.027,4176,50,67,4.804,0.09,0.054,-0.29,0.25,0.3,0.478,0.063,0.089,0.539,0.067,0.094,4.707,2.417,0.881,190.6,26.73,36.1,0.025,0.004,0.009,,,
346,346,346,211908232,09 08 06.144,+18 50 56.60,1,14.893,,,,09080614+1850566,5080-301-3-0158-0130,EXTENDED,gri,,5,2,-2,2,,,,,,,16.855,0.014,15.46,0.005,14.933,0.003,14.65,0.003,14.507,0.009,15.754,0.134,15.35,0.187,15.104,0.178,,,,,,,,,,,,,,,,,,,,,,,,,,,
347,347,347,211908265,09 06 25.010,+18 50 58.18,1,19.369,,,,,5112-301-3-0180-0191,STAR,gri,,148,3,-71,3,,,,,,,20.969,0.07,19.865,0.014,19.368,0.013,19.157,0.015,19.105,0.05,,,,,,,,,,,,,,,,,,,,,,,,,,,,,,,,,
348,348,348,211908339,08 59 02.936,+18 51 01.76,1,11.148,,1397-976-1,545-047625,08590293+1851019,,STAR,gri,rpm,-5.3,2.5,3.7,2.8,,,12.67,0.475,11.485,0.203,,,11.736,0.03,11.139,0.02,10.895,0.03,,,9.837,0.023,9.399,0.022,9.302,0.018,5188,84,63,2.445,0.3,0.05,-0.87,0.15,0.18,9.392,0.625,2.846,0.904,0.049,0.018,0.001,0.002,1.87E-04,1287,88.89,327.7,0.034,0.008,0.008,,,
349,349,349,211908403,09 11 55.148,+18 51 05.41,1,11.526,,1404-1692-1,545-048079,09115515+1851053,,STAR,gri,rpm,1.4,2,8.8,1.7,,,11.93,0.092,11.568,0.101,,,11.678,0.01,11.476,0.03,11.417,0.03,,,10.771,0.021,10.57,0.02,10.472,0.018,6704,133,106,4.114,0.15,0.21,-0.104,0.15,0.15,1.603,0.617,0.333,1.382,0.168,0.168,0.288,0.212,0.169,498.2,189.5,102.5,0.031,0.008,0.007,,,
350,350,350,211908464,08 51 57.617,+18 51 08.29,1,18.966,,,,,5061-301-2-0127-0297,EXTENDED,gri,,-6,3,-3,3,,,,,,,20.082,0.054,19.121,0.012,18.914,0.015,18.684,0.018,18.584,0.06,,,,,,,,,,,,,,,,,,,,,,,,,,,,,,,,,
351,351,351,211908497,08 39 28.091,+18 51 10.16,1,16.813,,,,08392809+1851101,,STAR,J,col,,,,,,,,,,,,,,,,,,,,,15.364,0.062,14.684,0.07,14.181,0.07,3568,318,265,5.004,0.12,0.12,-0.083,0.18,0.24,0.243,0.116,0.079,0.249,0.167,0.105,14.68,13.94,7.151,303.5,202.5,121.5,0.028,0.011,0.009,,,
352,352,352,211908512,08 59 57.403,+18 51 10.86,1,18.327,,,,08595740+1851108,5112-301-4-0171-0197,EXTENDED,gri,,-2,3,-4,3,,,,,,,21.818,0.214,19.635,0.016,18.264,0.009,17.767,0.009,17.394,0.022,16.313,0.105,15.642,0.096,15.289,0.12,,,,,,,,,,,,,,,,,,,,,,,,,,,
353,353,353,211908570,09 02 11.313,+18 51 14.78,1,12.604,,,545-047750,09021130+1851148,,STAR,gri,lam,-1.3,3.6,1.6,2.3,,,13.79,0.04,12.861,0.02,,,13.303,0.01,12.632,0.01,12.305,0.02,,,11.143,0.022,10.626,0.021,10.506,0.021,4925,58,78,3.143,0.126,0.147,-0.392,0.12,0.15,4.518,0.919,0.646,1.085,0.124,0.124,0.011,0.005,0.004,1149,240.7,145.9,0.034,0.008,0.007,,,
354,354,354,211908583,08 52 43.473,+18 51 15.72,1,15.995,,,545-047397,08524346+1851158,5061-301-2-0128-0263,STAR,JHK,rpm,65.3,5.6,-70.3,4.8,,,,,,,,,,,,,,,,,14.069,0.027,13.468,0.033,13.308,0.026,3836,329,235,4.987,0.096,0.08,-0.447,0.3,0.36,0.283,0.074,0.079,0.307,0.102,0.102,12.68,8.172,4.303,200,70.42,60.74,0.022,0.008,0.007,,,
355,355,355,211908587,08 45 23.936,+18 51 15.86,1,14.66,,,545-047129,08452393+1851158,,STAR,gri,rpm,10,3,2,5,,,15.878,0.06,14.942,0.02,,,15.346,0.05,14.621,0.04,14.366,0.1,,,13.203,0.022,12.757,0.026,12.603,0.021,5109,123,102,4.56,0.045,1.035,-0.232,0.25,0.35,0.796,2,0.077,0.851,0.094,0.094,1.632,0.376,1.589,567.4,1346,80,0.033,0.008,0.007,,,
356,356,356,211908599,08 55 11.372,+18 51 16.32,1,19.504,,,,08551137+1851163,,STAR,JHK,col,,,,,,,,,,,,,,,,,,,,,16.821,0.158,16.063,0.163,15.702,0.182,3896,506,361,4.92,0.14,0.196,-0.246,0.25,0.35,0.34,0.172,0.132,0.374,0.214,0.179,8.063,9.781,4.42,817.6,613.1,350.4,0.033,0.011,0.008,,,
357,357,357,211908613,08 38 43.253,+18 51 17.11,1,19.711,,,,,5061-301-5-0108-0460,EXTENDED,gri,,-9,4,8,4,,,,,,,20.782,0.099,19.919,0.023,19.641,0.027,19.422,0.038,19.305,0.122,,,,,,,,,,,,,,,,,,,,,,,,,,,,,,,,,
358,358,358,211908631,09 09 15.648,+18 51 18.22,1,15.262,,,,09091564+1851182,5112-301-2-0185-0118,EXTENDED,gri,,1,2,-3,2,,,,,,,17.386,0.02,15.964,0.004,15.298,0.003,14.961,0.004,14.675,0.008,15.479,0.115,15.121,0.154,14.685,0.141,,,,,,,,,,,,,,,,,,,,,,,,,,,
359,359,359,211908662,08 51 37.467,+18 51 19.57,1,17.995,,,545-047346,08513747+1851196,5071-301-2-0124-0101,STAR,J,,4.6,4.2,-36.7,4.7,,,,,,,,,,,,,,,,,16.461,0.116,,,,,,,,,,,,,,,,,,,,,,,,,,,,,,,
360,360,360,211908663,09 02 12.353,+18 51 19.58,1,15.903,,,545-047751,09021234+1851196,,STAR,gri,rpm,5.9,4.5,-1.5,4.9,,,16.712,0.06,15.734,0.058,,,16.105,0.12,15.523,0.27,15.816,0.125,,,13.778,0.023,13.357,0.028,13.231,0.024,5307,190,158,4.544,0.045,0.783,-0.238,0.25,0.45,0.815,1.373,0.07,0.859,0.067,0.081,1.516,0.375,1.43,768,1258,89.8,0.034,0.01,0.007,,,
361,361,361,211908755,08 51 50.940,+18 51 25.34,1,11.969,,,545-047359,08515094+1851253,,STAR,gri,lam,-3.5,1.3,-9.4,1.4,,,12.999,0.01,12.185,0.04,,,12.549,0.02,11.931,0.03,11.721,0.05,,,10.679,0.02,10.251,0.021,10.156,0.018,5094,124,83,3.531,0.145,0.174,-0.472,0.15,0.15,2.905,0.628,0.516,1.027,0.185,0.071,0.04,0.03,0.017,620.7,126.2,104.9,0.035,0.008,0.008,,,
362,362,362,211908771,09 11 04.482,+18 51 25.64,1,14.224,,,545-048054,09110448+1851258,,STAR,gri,rpm,-31.5,3.3,-16.7,3.6,,,15.322,0.07,14.467,0.04,,,14.839,0.01,14.171,0.03,13.961,0.03,,,12.896,0.023,12.432,0.021,12.388,0.021,5181,103,82,4.586,0.035,0.035,-0.337,0.2,0.24,0.739,0.062,0.057,0.768,0.071,0.054,1.908,0.283,0.291,450.4,41.64,38.12,0.029,0.013,0.005,,,
363,363,363,211908778,09 03 52.416,+18 51 26.00,1,11.863,,,545-047809,09035242+1851260,,STAR,gri,rpm,-12.5,0.5,-7.1,1.5,,,12.718,0.05,12.045,0.03,,,12.327,0.04,11.857,0.06,11.664,0.05,,,10.77,0.022,10.417,0.021,10.348,0.02,5692,167,167,3.985,0.459,0.255,-0.226,0.25,0.55,1.586,0.603,0.698,0.997,0.194,0.097,0.215,0.937,0.145,419.3,130.9,175.8,0.03,0.008,0.008,,,
364,364,364,211908784,09 04 19.868,+18 51 26.47,1,14.529,,,545-047824,09041987+1851265,5112-301-3-0177-0114,STAR,gri,rpm,-4.2,4.6,-3.1,4.9,,,15.653,0.08,14.814,0.02,,,15.21,0.06,14.532,0.02,14.237,0.07,,,13.074,0.023,12.54,0.027,12.441,0.026,4982,78,78,3.202,1.232,0.77,-0.611,0.35,0.42,4.003,5.063,3.223,0.901,0.08,0.107,0.011,1.078,0.01,2556,2984,2090,0.033,0.009,0.009,,,
365,365,365,211908826,08 38 56.942,+18 51 29.58,1,15.304,,,545-046820,08385694+1851293,5061-301-5-0108-0303,STAR,JHK,rpm,-38.9,18.1,-10.8,18.1,,,,,,,,,,,,,,,,,13.03,0.023,12.432,0.026,12.165,0.023,3581,120,96,5.018,0.054,0.045,-0.031,0.12,0.15,0.26,0.05,0.049,0.261,0.074,0.061,14.78,5.81,3.568,99.46,24.6,19.73,0.015,0.007,0.005,,,
366,366,366,211908843,08 53 33.512,+18 51 30.43,1,17.896,,,,08533351+1851304,,STAR,JHK,col,,,,,,,,,,,,,,,,,,,,,15.383,0.042,14.812,0.065,14.422,0.067,3625,278,232,5.008,0.105,0.105,-0.083,0.15,0.24,0.256,0.106,0.075,0.26,0.138,0.099,13.04,10.42,5.79,283.2,160.5,102.5,0.028,0.01,0.008,,,
367,367,367,211908859,08 52 00.898,+18 51 31.38,1,16.845,,,,08520089+1851313,,STAR,J,col,,,,,,,,,,,,,,,,,,,,,15.394,0.062,14.697,0.076,14.381,0.082,3929,403,336,4.87,0.168,0.14,-0.172,0.2,0.28,0.384,0.141,0.136,0.435,0.158,0.189,6.688,7.611,3.137,508.2,275.3,231,0.032,0.008,0.008,,,
368,368,368,211908909,08 54 38.449,+18 51 33.93,1,17.818,,,,08543844+1851339,5071-301-1-0129-0200,EXTENDED,gri,,3,2,3,2,,,,,,,19.419,0.032,18.327,0.008,17.929,0.007,17.6,0.007,17.485,0.019,17.068,0.185,16.225,0.196,,,,,,,,,,,,,,,,,,,,,,,,,,,,,
369,369,369,211908959,08 54 25.860,+18 51 36.37,1,14.103,,,545-047467,08542586+1851363,,STAR,gri,lam,13.5,2.6,-15.7,2.9,,,15.468,0.04,14.457,0.03,,,14.977,0.02,14.061,0.03,13.728,0.03,,,12.555,0.023,11.955,0.022,11.893,0.019,4656,169,169,4.65,0.03,0.03,-0.095,0.15,0.12,0.662,0.051,0.04,0.728,0.054,0.045,2.401,0.356,0.31,300,31.22,28.28,0.028,0.007,0.006,,,
370,370,370,211908963,08 41 41.236,+18 51 36.74,1,17.798,,,,08414123+1851367,,EXTENDED,J,,,,,,,,,,,,,,,,,,,,,,16.28,0.143,,,,,,,,,,,,,,,,,,,,,,,,,,,,,,,
371,371,371,211909073,08 39 44.288,+18 51 42.10,1,14.321,,,545-046866,08394428+1851421,,STAR,gri,lam,0.2,3.1,-17.9,2.7,,,16.062,0.1,14.833,0.04,,,15.503,0.01,14.31,0.02,13.815,0.04,,,12.422,0.025,11.795,0.021,11.64,0.022,4054,162,130,4.825,0.06,0.05,-0.183,0.12,0.12,0.461,0.056,0.069,0.513,0.063,0.075,5.061,1.925,1.041,161.2,26.02,30.47,0.022,0.006,0.006,,,
372,372,372,211909085,09 05 56.334,+18 51 42.63,1,18.826,,,,,5112-301-3-0180-0244,EXTENDED,gri,,1,3,10,3,,,,,,,20.245,0.094,19.24,0.022,18.907,0.03,18.649,0.035,18.553,0.132,,,,,,,,,,,,,,,,,,,,,,,,,,,,,,,,,
373,373,373,211909087,08 58 07.131,+18 51 42.65,1,17.659,,,,08580713+1851426,5061-301-1-0136-0159,EXTENDED,gri,,1,3,-4,3,,,,,,,20.899,0.107,18.86,0.011,17.629,0.007,17.144,0.007,16.81,0.015,15.918,0.079,15.444,0.106,14.784,0.09,,,,,,,,,,,,,,,,,,,,,,,,,,,
374,374,374,211909133,09 05 20.537,+18 51 44.34,1,13.132,,,545-047866,09052054+1851444,,STAR,gri,lam,-10.2,2.3,-11.9,1.7,,,14.508,0.06,13.442,0.04,,,13.92,0.02,13.079,0.01,12.795,0.1,,,11.557,0.023,11.056,0.025,10.923,0.02,4849,76,57,3.595,0.078,0.078,0.159,0.12,0.12,2.854,0.334,0.116,1.244,0.094,0.112,0.051,0.013,0.012,889.5,90.32,41.99,0.033,0.006,0.006,,,
375,375,375,211909208,09 02 51.902,+18 51 48.48,1,12.529,,,545-047778,09025189+1851484,,STAR,gri,lam,-11.3,2.8,-1.6,1.8,,,13.373,0.05,12.669,0.04,,,12.972,0.01,12.509,0.02,12.338,0.01,,,11.455,0.02,11.109,0.023,11.022,0.022,5779,170,204,4.009,0.144,0.12,0.046,0.1,0.12,1.699,0.306,0.259,1.124,0.096,0.08,0.22,0.129,0.081,595.3,113.2,80.38,0.035,0.014,0.007,,,
376,376,376,211909235,09 08 53.652,+18 51 50.35,1,17.041,,,,09085365+1851503,5080-301-3-0159-0243,EXTENDED,gri,,1,3,-2,3,,,,,,,19.469,0.061,17.845,0.008,17.093,0.006,16.697,0.007,16.422,0.018,16.643,0.162,,,,,,,,,,,,,,,,,,,,,,,,,,,,,,,
377,377,377,211909258,09 04 38.321,+18 51 51.58,1,17.382,,,,09043832+1851515,5112-301-3-0178-0192,EXTENDED,gri,,-3,2,1,2,,,,,,,18.949,0.037,17.839,0.008,17.411,0.008,17.186,0.011,17.102,0.037,17.003,0.185,16.11,0.175,15.473,0.163,,,,,,,,,,,,,,,,,,,,,,,,,,,
378,378,378,211909272,09 04 03.805,+18 51 52.43,1,17.691,,,,09040380+1851524,5080-301-4-0152-0245,EXTENDED,gri,,-4,2,2,2,,,,,,,19.834,0.06,18.451,0.008,17.768,0.007,17.365,0.007,17.097,0.019,16.524,0.124,15.834,0.138,15.38,0.137,,,,,,,,,,,,,,,,,,,,,,,,,,,
379,379,379,211909313,09 02 27.638,+18 51 54.95,1,17.529,,,,09022763+1851549,,STAR,J,col,,,,,,,,,,,,,,,,,,,,,16.031,0.087,15.431,0.098,14.967,0.098,3689,440,275,4.981,0.115,0.161,-0.168,0.2,0.28,0.271,0.167,0.089,0.285,0.202,0.126,11.6,11.02,6.397,457.2,398.9,186.1,0.032,0.01,0.008,,,
380,380,380,211909314,08 50 10.716,+18 51 54.98,1,17.291,,,,08501071+1851549,5071-301-2-0122-0309,EXTENDED,gri,,-5,2,-2,2,,,,,,,20.403,0.08,18.283,0.008,17.265,0.006,16.866,0.005,16.477,0.01,15.638,0.068,15.069,0.099,14.561,0.09,,,,,,,,,,,,,,,,,,,,,,,,,,,
381,381,381,211909322,08 52 47.877,+18 51 55.40,1,15.311,,,,08524787+1851554,,STAR,JHK,col,,,,,,,,,,,,,,,,,,,,,13.089,0.022,12.515,0.021,12.24,0.019,3496,124,186,5.065,0.091,0.065,-0.015,0.15,0.18,0.215,0.052,0.049,0.21,0.072,0.06,17.93,11.62,5.383,86.5,25.19,26.02,0.013,0.006,0.005,,,
382,382,382,211909351,09 05 36.551,+18 51 57.06,1,15.202,,,545-047877,09053655+1851573,5112-301-3-0179-0354,EXTENDED,gri,,-42.6,4.4,-3.8,4.8,,,17.493,0.14,15.908,0.063,,,16.805,0.065,15.366,0.061,14.515,0.08,,,12.896,0.024,12.265,0.033,12.078,0.025,,,,,,,,,,,,,,,,,,,,,,,,,,,
383,383,383,211909365,09 05 34.414,+18 51 58.06,1,14.458,,,545-047874,09053441+1851581,5112-301-3-0179-0353,STAR,JHK,rpm,-20.6,6.2,-36.6,6,,,,,,,,,,,,,,,,,12.374,0.024,11.851,0.03,11.566,0.023,3558,61,143,5.048,0.02,0.054,0.018,0.24,0.15,0.237,0.053,0.014,0.234,0.077,0.026,17.22,1.231,4.858,66.43,20.9,3.223,0.011,0.005,0.002,,,
384,384,384,211909398,08 51 59.440,+18 51 59.98,1,17.508,,,,08515943+1851599,,STAR,J,col,,,,,,,,,,,,,,,,,,,,,16.012,0.094,15.333,0.122,14.648,0.101,3624,386,275,5.004,0.115,0.138,-0.128,0.2,0.28,0.268,0.13,0.087,0.263,0.182,0.113,13.26,12.6,7.311,403.4,347.7,163.1,0.03,0.01,0.008,,,
385,385,385,211909457,08 52 03.476,+18 52 02.76,1,12.613,,,545-047366,08520347+1852029,,STAR,gri,rpm,-0.3,1.3,-11.8,2.3,,,13.422,0.03,12.763,0.03,,,13.041,0.03,12.573,0.03,12.429,0.05,,,11.598,0.024,11.269,0.027,11.162,0.022,5892,112,157,4.259,0.19,0.342,-0.082,0.15,0.24,1.252,0.619,0.278,1.046,0.115,0.096,0.529,0.491,0.367,490.1,226.8,116.6,0.032,0.014,0.007,,,
386,386,386,211909463,08 45 23.845,+18 52 03.16,1,11.619,,1396-227-1,545-047128,08452384+1852033,,STAR,gri,plx,7.4,1.6,-31.2,1.7,,,11.696,0.109,11.245,0.116,,,11.812,0.03,11.555,0.03,11.46,0.02,,,10.681,0.02,10.452,0.021,10.419,0.019,6444,128,128,4.099,0.155,0.155,-0.123,0.15,0.27,1.572,0.433,0.288,1.261,0.163,0.196,0.282,0.226,0.125,523.5,230.6,230.6,0.03,0.008,0.006,,,
387,387,387,211909466,08 52 35.537,+18 52 03.39,1,12.273,,,545-047389,08523553+1852034,,STAR,gri,lam,-51.7,1.5,-50.5,1.1,,,13.253,0.06,12.479,0.03,,,12.828,0.04,12.205,0.04,12.034,0.07,,,11.066,0.02,10.632,0.021,10.604,0.023,5367,161,129,4.515,0.035,0.042,0.082,0.08,0.12,0.879,0.056,0.053,0.932,0.055,0.046,1.365,0.202,0.208,241.5,27.48,24.67,0.026,0.008,0.007,,,
388,388,388,211909467,08 42 13.067,+18 52 03.44,1,13.696,,,545-046995,08421306+1852033,,STAR,gri,lam,1.7,2.3,-4.7,2.7,,,14.909,0.04,13.993,0.01,,,14.392,0.03,13.691,0.03,13.397,0.05,,,12.323,0.022,11.846,0.019,11.707,0.019,4931,78,59,3.428,0.13,0.156,-0.172,0.12,0.12,3.367,0.589,0.501,1.164,0.139,0.116,0.028,0.016,0.01,1489,240.4,207,0.036,0.01,0.007,,,
389,389,389,211909492,08 39 53.406,+18 52 05.24,1,13.722,,,545-046875,08395340+1852052,,STAR,gri,lam,8.9,2.2,-7.2,2.5,,,14.966,0.04,13.993,0.03,,,14.443,0.02,13.683,0.03,13.413,0.04,,,12.314,0.023,11.813,0.024,11.743,0.02,5014,119,99,3.659,0.08,0.112,-0.08,0.12,0.15,2.6,0.427,0.207,1.182,0.093,0.111,0.063,0.021,0.02,1172,155.1,93.21,0.033,0.008,0.006,,,
390,390,390,211909496,08 38 08.041,+18 52 05.60,1,16.345,,,,08380804+1852056,,STAR,J,col,,,,,,,,,,,,,,,,,,,,,14.93,0.035,14.278,0.042,13.899,0.037,3501,182,839,5.067,0.204,0.085,-0.064,0.15,0.21,0.215,0.072,0.101,0.207,0.101,0.101,19.25,40.51,8.325,187.8,100.4,123.4,0.023,0.01,0.012,,,
391,391,391,211909500,08 41 11.039,+18 52 05.82,1,14.52,,,545-046944,08411104+1852058,5037-301-1-0114-0153,STAR,gri,lam,-3,3.3,-1.9,3,,,15.627,0.03,14.771,0.04,,,15.184,0.04,14.484,0.01,14.236,0.06,,,13.182,0.025,12.691,0.028,12.681,0.026,4926,59,78,2.884,0.14,0.14,-0.646,0.12,0.12,5.59,1.137,0.945,0.919,0.044,0.018,0.005,0.003,0.002,3694,630.1,620,0.034,0.006,0.007,,,
392,392,392,211909566,08 41 08.812,+18 52 09.39,1,15.771,,,,08410881+1852093,5037-301-1-0114-0280,STAR,gri,rpm,-68,3,-22,3,,,,,,,20.374,0.041,17.695,0.006,16.256,0.005,14.946,0.004,14.253,0.005,12.869,0.025,12.313,0.021,12.027,0.023,3473,101,81,5.058,0.035,0.042,-0.016,0.21,0.12,0.224,0.033,0.025,0.215,0.046,0.031,18.29,3.904,3.695,79.68,18.35,12.64,0.013,0.005,0.002,,,
393,393,393,211909569,09 08 14.678,+18 52 09.52,1,12.038,,1404-758-1,545-047956,09081466+1852093,,STAR,gri,plx,-47.7,1.7,14.4,1.8,,,12.339,0.203,11.744,0.162,,,12.372,0.02,12.027,0.01,11.895,0.02,,,11.069,0.022,10.741,0.027,10.685,0.02,6094,72,96,4.216,0.16,0.256,-0.596,0.35,0.42,1.251,0.435,0.275,0.893,0.147,0.061,0.483,0.366,0.287,354.2,115.8,115.8,0.03,0.007,0.007,,,
394,394,394,211909633,08 50 55.551,+18 52 12.62,1,17.132,,,,08505555+1852126,,STAR,J,col,,,,,,,,,,,,,,,,,,,,,15.661,0.078,14.862,0.084,14.351,0.074,3710,369,369,4.984,0.135,0.162,-0.132,0.2,0.28,0.294,0.158,0.119,0.309,0.197,0.169,10.83,12.32,5.764,392.3,295.7,192.4,0.029,0.01,0.008,,,
395,395,395,211909692,09 11 16.956,+18 52 15.81,1,18.85,,,,,5112-301-2-0188-0139,STAR,gri,,0,3,1,3,,,,,,,19.292,0.024,19.02,0.01,18.793,0.01,18.852,0.013,18.839,0.04,,,,,,,,,,,,,,,,,,,,,,,,,,,,,,,,,
396,396,396,211909744,09 07 48.686,+18 52 18.48,1,14.479,,,545-047945,09074868+1852187,5080-301-3-0158-0011,STAR,gri,rpm,23.6,4.5,-24.1,4.9,,,15.866,0.07,14.896,0.03,,,15.341,0.01,14.523,0.01,14.109,0.04,,,12.956,0.029,12.333,0.037,12.276,0.029,4720,93,93,4.675,0.147,0.035,-0.556,0.3,0.78,0.61,0.055,0.151,0.655,0.063,0.139,2.752,2.444,0.42,337.1,40.44,87.9,0.025,0.006,0.001,,,
397,397,397,211909748,08 41 30.708,+18 52 18.74,1,12.363,,,545-046965,08413070+1852188,,STAR,gri,rpm,-35.6,1.6,-8.7,2,,,13.649,0.09,12.727,0.06,,,13.172,0.06,12.394,0.05,12.016,0.06,,,10.769,0.026,10.306,0.026,10.154,0.021,4966,139,79,4.573,0.042,1.176,-0.066,0.25,0.35,0.783,2.443,0.071,0.85,0.072,0.072,1.762,0.308,1.734,169.7,490.5,18.45,0.023,0.011,0.003,,,
398,398,398,211909773,08 43 52.300,+18 52 19.61,1,11.441,,1396-223-1,545-047067,08435229+1852197,,STAR,gri,plx,-36.9,1.6,-47.6,1.7,,,12.028,0.17,11.36,0.117,,,11.838,0.05,11.411,0.03,11.271,0.03,,,10.417,0.023,10.11,0.021,10.001,0.018,5886,118,118,4.412,0.055,0.11,-0.14,0.16,0.28,1.015,0.143,0.091,0.995,0.079,0.111,0.908,0.209,0.283,217.7,39.82,39.82,0.026,0.008,0.006,,,
399,399,399,211909798,08 44 27.219,+18 52 20.78,1,17.939,,,,08442721+1852207,5061-301-4-0116-0284,STAR,gri,rpm,-36,3,-17,3,,,,,,,22.08,0.152,20.12,0.016,18.623,0.009,17.004,0.006,16.08,0.008,14.578,0.039,13.911,0.04,13.64,0.045,3510,84,105,5.097,0.035,0.042,-0.172,0.2,0.2,0.202,0.024,0.021,0.189,0.026,0.026,21.89,4.732,3.891,154.6,21.44,18.83,0.022,0.01,0.005,,,
400,400,400,211909854,08 44 08.112,+18 52 23.91,1,17.753,,,,08440811+1852239,5061-301-4-0116-0232,STAR,gri,rpm,18,3,-50,3,,,,,,,22.267,0.175,19.755,0.013,18.228,0.008,16.895,0.006,16.163,0.008,14.724,0.038,14.19,0.052,13.951,0.044,3382,103,83,5.129,0.03,0.025,-0.137,0.2,0.2,0.181,0.014,0.011,0.162,0.017,0.012,26.74,3.61,3.18,139.6,13.75,10.51,0.02,0.007,0.006,,,
401,401,401,211909921,08 41 46.059,+18 52 27.99,1,18.91,,,,,5037-301-1-0115-0153,STAR,gri,,-9,3,-12,3,,,,,,,18.479,0.014,18.588,0.008,19.017,0.011,19.266,0.016,19.648,0.067,,,,,,,,,,,,,,,,,,,,,,,,,,,,,,,,,
402,402,402,211909927,08 59 22.380,+18 52 28.36,1,15.642,,,545-047642,08592237+1852285,5112-301-4-0170-0091,STAR,gri,rpm,1.2,4.9,-3.9,4.8,,,16.581,0.07,15.788,0.03,,,16.138,0.06,15.485,0.04,15.43,0.08,,,14.314,0.029,13.865,0.034,13.776,0.038,5287,158,158,4.56,0.035,0.084,-0.276,0.25,0.35,0.784,0.13,0.064,0.838,0.069,0.083,1.649,0.288,0.492,957,231.3,116.5,0.034,0.008,0.007,,,
403,403,403,211909972,09 03 07.845,+18 52 30.51,1,16.924,,,,09030784+1852305,5080-301-4-0151-0200,STAR,gri,rpm,-54,3,-21,3,,,,,,,21.523,0.107,18.854,0.008,17.352,0.005,16.097,0.004,15.412,0.006,14.111,0.027,13.552,0.03,13.28,0.033,3418,102,102,5.109,0.03,0.042,-0.055,0.15,0.18,0.191,0.03,0.017,0.177,0.035,0.021,23.36,4.085,4.719,113.4,22.88,13.95,0.017,0.006,0.005,,,
404,404,404,211909974,09 10 21.858,+18 52 30.67,1,17.427,,,,09102185+1852306,5112-301-2-0186-0292,EXTENDED,gri,,2,3,1,3,,,,,,,19.667,0.041,18.172,0.007,17.446,0.006,17.108,0.006,16.812,0.014,16.046,0.069,15.54,0.086,15.323,0.13,,,,,,,,,,,,,,,,,,,,,,,,,,,
405,405,405,211909975,09 09 21.477,+18 52 30.69,1,17.935,,,,09092147+1852306,,EXTENDED,JHK,,,,,,,,,,,,,,,,,,,,,,15.713,0.106,15.158,0.168,14.864,0.152,,,,,,,,,,,,,,,,,,,,,,,,,,,
406,406,406,211909987,08 45 20.531,+18 52 31.42,1,8.859,42952,1396-237-1,545-047125,08452053+1852313,,STAR,gri,plx,-34.01,1.17,-13.13,0.68,5.7,0.87,8.693,0.019,8.445,0.015,,,9.803,0.01,9.12,0.28,8.455,0.08,,,7.91,0.019,7.858,0.021,7.835,0.02,7639,361,300,4.053,0.108,0.09,0.029,0.12,0.12,2.039,0.27,0.238,1.773,0.088,0.106,0.205,0.081,0.068,188.8,20.54,20.54,0.023,0.008,0.007,,,
407,407,407,211909995,09 11 52.978,+18 52 31.86,1,13.783,,,545-048077,09115298+1852319,,STAR,gri,rpm,-15.3,2.4,-4.9,2.7,,,14.954,0.03,14.053,0.02,,,14.468,0.01,13.769,0.04,13.489,0.04,,,12.401,0.022,11.951,0.023,11.829,0.02,5139,100,140,4.538,0.06,1.2,-0.244,0.3,0.48,0.827,2.477,0.113,0.877,0.065,0.118,1.494,0.559,1.472,402,1066,62.98,0.032,0.008,0.007,,,
408,408,408,211910030,08 51 41.580,+18 52 34.16,1,11.302,,1396-1436-1,545-047350,08514157+1852340,,STAR,gri,plx,-21,1.8,-11.8,1.9,,,12.113,0.177,12.189,0.272,,,12,0.02,11.28,0.04,11.003,0.05,,,9.856,0.023,9.351,0.028,9.23,0.018,4931,78,78,2.421,0.483,0.105,-0.579,0.2,0.36,10.158,1.218,4.283,0.973,0.172,0.096,9.01E-04,0.003,2.48E-04,4426,17100,17100,0.034,0.011,0.007,,,
409,409,409,211910045,09 08 04.200,+18 52 35.15,1,17.752,,,,09080420+1852351,5080-301-3-0158-0164,EXTENDED,gri,,6,3,-1,3,,,,,,,20.203,0.068,18.917,0.012,17.726,0.007,17.252,0.007,16.929,0.015,16.16,0.1,15.729,0.159,14.846,0.107,,,,,,,,,,,,,,,,,,,,,,,,,,,
410,410,410,211910070,08 44 37.384,+18 52 36.22,1,19.244,,,,,5061-301-4-0117-0199,STAR,gri,,5,4,0,4,,,,,,,19.479,0.027,19.29,0.01,19.228,0.012,19.008,0.013,19.039,0.05,,,,,,,,,,,,,,,,,,,,,,,,,,,,,,,,,
411,411,411,211910082,08 39 35.537,+18 52 36.85,1,10.582,,1395-1384-1,545-046854,08393553+1852367,,STAR,gri,plx,-38,1.5,-11.2,1.5,,,11.214,0.083,10.677,0.073,,,10.932,0.01,10.547,0.02,10.432,0.02,,,9.657,0.022,9.381,0.021,9.329,0.02,6054,96,96,4.376,0.05,0.07,-0.261,0.2,0.24,1.062,0.098,0.075,0.998,0.103,0.124,0.802,0.151,0.172,165.3,16.54,16.54,0.021,0.007,0.006,,,
412,412,412,211910131,09 06 36.621,+18 52 40.03,1,18.934,,,,09063662+1852400,5112-301-3-0181-0360,STAR,gri,rpm,78,7,346,16,,,,,,,23.078,0.344,20.623,0.023,19.192,0.012,18.21,0.009,17.664,0.018,16.498,0.118,15.754,0.132,15.67,0.217,2846,456,285,5.234,0.055,0.055,-0.344,0.2,0.64,0.13,0.026,0.018,0.107,0.034,0.017,46.87,14.92,13.23,74.04,43.74,13.02,0.013,0.006,0.005,,,
413,413,413,211910152,09 04 53.891,+18 52 41.60,1,13.796,,,545-047847,09045388+1852416,,STAR,gri,rpm,-4.5,2.3,9.4,2.3,,,14.568,0.05,13.921,0.01,,,14.188,0.06,13.738,0.01,13.628,0.19,,,12.606,0.02,12.285,0.024,12.201,0.022,5898,139,173,4.332,0.126,0.336,-0.156,0.16,0.28,1.124,0.585,0.198,1.006,0.095,0.114,0.712,0.366,0.489,681.5,326.5,121.1,0.033,0.008,0.007,,,
414,414,414,211910164,09 08 31.040,+18 52 42.43,1,19.789,,,,,5080-301-3-0159-0538,EXTENDED,gri,,6,3,1,3,,,,,,,21.597,0.195,20.184,0.029,19.756,0.034,19.62,0.045,19.394,0.118,,,,,,,,,,,,,,,,,,,,,,,,,,,,,,,,,
415,415,415,211910237,09 08 22.732,+18 52 46.14,1,14.75,,,545-047959,09082273+1852461,5080-301-3-0159-0035,STAR,gri,rpm,-21.9,4.6,-12.4,5,,,16.111,0.05,15.1,0.04,,,15.579,0.01,14.731,0.01,14.394,0.05,,,13.193,0.024,12.684,0.03,12.6,0.026,4837,75,93,4.627,0.036,0.03,-0.177,0.2,0.24,0.69,0.058,0.053,0.747,0.052,0.072,2.187,0.394,0.282,441.4,43.7,47.28,0.03,0.011,0.007,,,
416,416,416,211910253,08 43 52.094,+18 52 46.73,1,14.551,,,545-047066,08435209+1852467,,STAR,gri,rpm,-64.5,3.9,-17,4.2,,,15.761,0.08,14.852,0.04,,,15.287,0.05,14.525,0.03,14.235,0.03,,,13.122,0.023,12.605,0.022,12.537,0.026,4860,97,97,4.703,0.04,0.064,-0.859,0.36,0.3,0.572,0.081,0.031,0.614,0.074,0.025,3.153,0.509,0.816,346.9,68.43,17.89,0.032,0.005,0.007,,,
417,417,417,211910288,08 59 09.763,+18 52 48.70,1,13.65,,,545-047635,08590976+1852488,,STAR,gri,rpm,-16.1,5.7,-7.9,2.9,,,15.027,0.06,13.998,0.01,,,14.525,0.03,13.591,0.05,13.275,0.04,,,12.107,0.023,11.542,0.022,11.44,0.018,4674,74,74,4.647,0.02,0.024,-0.094,0.15,0.21,0.669,0.04,0.038,0.737,0.047,0.056,2.4,0.262,0.281,246.9,23.33,15.42,0.029,0.013,0.007,,,
418,418,418,211910329,08 45 55.864,+18 52 51.61,1,14.608,,,545-047150,08455586+1852517,5071-301-3-0116-0185,STAR,gri,rpm,-18,1.9,-2.7,3.2,,,15.988,0.08,14.963,0.04,,,15.507,0.02,14.535,0.04,14.222,0.05,,,13.037,0.025,12.511,0.025,12.399,0.026,4704,56,75,4.619,0.04,0.02,0.084,0.08,0.28,0.713,0.027,0.06,0.773,0.026,0.064,2.128,0.413,0.196,406.9,27.1,39.88,0.033,0.005,0.007,,,
419,419,419,211910332,08 47 08.380,+18 52 51.78,1,16.34,,,545-047183,08470839+1852526,5071-301-3-0118-0033,EXTENDED,BV,,-10.1,17.8,-13.6,17.8,,,17.437,0.01,16.496,0.08,,,16.93,0.04,,,,,,,15.09,0.048,14.63,0.065,14.476,0.068,,,,,,,,,,,,,,,,,,,,,,,,,,,
420,420,420,211910363,09 03 39.198,+18 52 53.13,1,17.475,,,,09033919+1852531,5080-301-4-0152-0166,EXTENDED,gri,,-1,3,-5,3,,,,,,,20.28,0.079,18.47,0.009,17.47,0.007,17.049,0.006,16.676,0.015,16.147,0.098,15.342,0.104,14.909,0.098,,,,,,,,,,,,,,,,,,,,,,,,,,,
421,421,421,211910374,08 46 38.294,+18 52 53.70,1,14.467,,,545-047172,08463828+1852537,5071-301-3-0117-0128,STAR,gri,rpm,-5.5,3,-16.8,3.4,,,15.695,0.05,14.77,0.01,,,15.185,0.02,14.421,0.02,14.159,0.02,,,13.045,0.029,12.57,0.031,12.447,0.025,4997,80,80,4.599,0.03,0.03,-0.176,0.16,0.24,0.73,0.047,0.052,0.791,0.056,0.067,1.95,0.289,0.252,456.7,38.33,42.1,0.032,0.009,0.005,,,
422,422,422,211910467,08 46 27.416,+18 52 58.70,1,14.081,,,545-047166,08462742+1852586,,STAR,gri,rpm,-73.4,3.2,27.2,3.2,,,15.907,0.07,14.608,0.01,,,15.308,0.05,14.073,0.03,13.555,0.06,,,12.096,0.022,11.449,0.025,11.31,0.02,4062,81,81,4.847,0.06,0.05,-0.222,0.15,0.24,0.435,0.05,0.061,0.492,0.051,0.071,5.849,2.096,1.149,130.7,30.48,18.17,0.019,0.006,0.006,,,
423,423,423,211910544,08 51 32.005,+18 53 03.39,1,14.524,,,545-047343,08513200+1853033,5071-301-2-0124-0096,STAR,gri,lam,-10.4,2.7,-17.1,2.8,,,15.532,0.03,14.691,0.03,,,15.07,0.02,14.413,0.06,14.289,0.07,,,13.306,0.023,12.937,0.023,12.789,0.026,5403,164,131,4.495,0.035,0.049,0.126,0.1,0.1,0.904,0.073,0.049,0.945,0.047,0.039,1.27,0.172,0.233,701.9,78.78,51.36,0.034,0.008,0.007,,,
424,424,424,211910548,08 45 21.169,+18 53 03.52,1,16.79,,,,08452116+1853035,,STAR,JHK,col,,,,,,,,,,,,,,,,,,,,,14.5,0.032,13.802,0.03,13.63,0.037,4149,190,190,4.783,0.072,0.06,-0.087,0.15,0.24,0.495,0.071,0.073,0.56,0.076,0.091,4.509,1.773,1.088,452.7,95.33,78.75,0.033,0.011,0.008,,,
425,425,425,211910574,09 04 41.156,+18 53 04.33,1,18.662,,,,09044115+1853043,5112-301-3-0178-0216,EXTENDED,gri,,,,,,,,,,,,20.238,0.153,18.743,0.02,18.129,0.017,18.627,0.043,18.605,0.169,14.978,0.065,14.124,0.069,13.649,0.063,,,,,,,,,,,,,,,,,,,,,,,,,,,
426,426,426,211910597,08 40 01.122,+18 53 05.58,1,12.455,,,545-046882,08400112+1853055,,STAR,gri,rpm,-7.3,0.9,-19.8,1,,,13.211,0.04,12.579,0.04,,,12.842,0.031,12.402,0.02,12.29,0.05,,,11.423,0.02,11.127,0.02,11.087,0.02,5958,96,96,4.327,0.1,0.18,-0.105,0.15,0.18,1.153,0.303,0.138,1.039,0.082,0.082,0.641,0.29,0.317,418.8,105.5,54.88,0.033,0.011,0.009,,,
427,427,427,211910615,09 11 18.316,+18 53 06.44,1,15.326,,,545-048062,09111832+1853067,5112-301-2-0188-0036,STAR,gri,col,,,,,,,16.961,0.04,15.769,0.01,,,16.337,0.03,15.296,0.07,14.893,0.05,,,13.529,0.023,12.93,0.025,12.804,0.023,4458,130,130,4.702,0.09,0.05,-0.235,0.25,0.4,0.59,0.067,0.104,0.649,0.074,0.119,3.067,1.683,0.603,385.1,62.17,82.01,0.031,0.008,0.007,,,
428,428,428,211910649,09 05 42.839,+18 53 08.29,1,12.322,,,545-047884,09054284+1853084,,STAR,gri,rpm,-18.1,0.7,19.9,1.6,,,13.053,0.05,12.474,0.04,,,12.672,0.03,12.323,0.02,12.173,0.06,,,11.256,0.024,10.924,0.028,10.867,0.023,6043,167,95,4.147,0.19,1.52,-0.498,0.3,1.2,1.304,5.715,0.273,0.929,0.155,0.129,0.413,0.347,0.411,448.8,1631,84,0.032,0.021,0.008,,,
429,429,429,211910684,09 08 53.194,+18 53 10.12,1,15.985,,,545-047972,09085319+1853099,5080-301-3-0159-0106,STAR,gri,rpm,0.8,4.7,-3.5,5,,,16.171,0.1,16.035,0.04,,,15.968,0.03,15.991,0.05,16.172,0.2,,,15.425,0.044,15.264,0.089,15.258,0.136,7715,124,155,3.132,0.025,0.05,-1.962,0.1,0.2,3.98,0.112,0.283,0.8,0.016,0.016,0.012,0.003,9.61E-04,10640,319.3,319.3,0.03,0.012,0.01,,,
430,430,430,211910709,09 14 55.797,+18 53 11.09,1,17.784,,,,09145579+1853110,5112-301-1-0193-0190,STAR,gri,rpm,-44,3,-11,3,,,,,,,22.223,0.18,19.964,0.017,18.48,0.008,16.849,0.006,15.95,0.007,14.475,0.023,13.884,0.033,13.552,0.031,3443,103,124,5.093,0.03,0.048,0.008,0.12,0.21,0.201,0.033,0.018,0.184,0.04,0.019,22.04,3.974,4.852,139.7,28.8,13.58,0.021,0.006,0.005,,,
431,431,431,211910732,09 08 26.708,+18 53 12.16,1,13.431,,,545-047962,09082670+1853121,,STAR,gri,rpm,-4.1,3.1,-15.3,3.5,,,14.63,0.03,13.684,0.02,,,14.109,0.02,13.414,0.02,13.141,0.03,,,12.042,0.022,11.492,0.03,11.4,0.022,4985,79,79,3.114,0.33,0.385,-0.685,0.24,0.16,4.327,1.802,1.272,0.915,0.065,0.022,0.01,0.02,0.007,1659,690.9,417.8,0.031,0.006,0.004,,,
432,432,432,211910736,09 03 30.239,+18 53 12.33,1,17.2,,,,09033023+1853123,5080-301-4-0151-0286,EXTENDED,gri,,1,2,6,2,,,,,,,19.992,0.07,18.199,0.008,17.232,0.006,16.772,0.006,16.405,0.013,15.949,0.084,15.23,0.09,14.86,0.095,,,,,,,,,,,,,,,,,,,,,,,,,,,
433,433,433,211910762,08 52 08.425,+18 53 13.98,1,12.059,,,545-047373,08520842+1853140,,STAR,gri,lam,3.4,1.1,-17.5,1.2,,,13.016,0.02,12.238,0.04,,,12.591,0.03,12.002,0.02,11.83,0.05,,,10.875,0.022,10.499,0.023,10.395,0.018,5456,162,194,3.822,0.078,0.078,-0.026,0.12,0.15,2.172,0.322,0.236,1.208,0.098,0.098,0.107,0.04,0.029,558.2,70.42,52.62,0.032,0.01,0.01,,,
434,434,434,211910792,09 07 25.568,+18 53 15.69,1,17.044,,,,09072556+1853156,5080-301-3-0157-0191,EXTENDED,gri,,2,2,1,2,,,,,,,20,0.064,18.016,0.007,17.056,0.005,16.628,0.005,16.288,0.01,15.593,0.075,15.098,0.104,14.661,0.102,,,,,,,,,,,,,,,,,,,,,,,,,,,
435,435,435,211910799,08 55 17.125,+18 53 15.93,1,10.98,,1397-1276-1,545-047501,08551712+1853159,,STAR,gri,rpm,-17.5,1.5,-8,1.6,,,11.403,0.093,10.943,0.095,,,11.162,0.07,10.92,0.04,10.866,0.05,,,10.145,0.023,10.014,0.025,9.922,0.017,6828,205,246,4.116,0.115,0.184,-0.024,0.12,0.12,1.7,0.508,0.256,1.46,0.154,0.128,0.278,0.148,0.138,392.2,110.5,63.73,0.031,0.01,0.008,,,
436,436,436,211910819,08 44 54.542,+18 53 16.74,1,16.56,,,,08445454+1853167,5061-301-4-0117-0262,STAR,gri,rpm,7,3,-113,3,,,,,,,20.274,0.043,17.83,0.006,16.428,0.005,16.016,0.003,14.46,0.005,13.129,0.026,12.573,0.026,12.319,0.023,3939,39,39,5.037,0.025,0.045,-0.564,0.08,0.1,0.252,0.04,0.016,0.254,0.054,0.017,15.64,1.828,3.33,136.7,26.9,22.48,0.013,0.007,0.003,,,
437,437,437,211910839,08 52 38.659,+18 53 17.84,1,14.491,,,545-047392,08523865+1853178,,STAR,gri,rpm,22.7,2.9,-17.7,3.1,,,16.706,0.13,15.274,0.03,,,16.019,0.06,14.687,0.05,13.836,0.01,,,12.134,0.022,11.528,0.021,11.297,0.025,3762,133,89,4.955,0.045,0.081,0.005,0.08,0.48,0.329,0.068,0.036,0.356,0.091,0.057,9.727,2.378,2.873,87.85,26.37,10.81,0.013,0.004,0.005,,,
438,438,438,211910872,08 51 39.690,+18 53 19.89,1,11.835,,,545-047348,08513970+1853200,,STAR,gri,lam,-160,1.2,-186.5,1.7,,,12.597,0.02,12.012,0.03,,,12.253,0.03,11.825,0.05,11.655,0.04,,,10.766,0.022,10.387,0.023,10.312,0.019,5733,136,91,3.744,0.08,0.04,-1.212,0.12,0.08,2.053,0.107,0.16,0.864,0.017,0.017,0.097,0.027,0.015,529.2,104.1,73.56,0.034,0.01,0.012,,,
439,439,439,211910931,09 14 20.237,+18 53 23.22,1,11.982,,1404-587-1,545-048160,09142024+1853232,,STAR,gri,rpm,6.5,2.5,-26.3,2.5,,,13.085,0.323,11.733,0.151,,,12.374,0.03,11.921,0.03,11.814,0.04,,,10.968,0.026,10.656,0.027,10.6,0.021,5914,117,117,4.356,0.09,0.27,-0.115,0.15,0.24,1.096,0.417,0.163,1.032,0.088,0.105,0.695,0.387,0.428,334.1,126.3,71.4,0.03,0.01,0.007,,,
440,440,440,211910977,08 45 18.010,+18 53 25.32,1,9.561,,1396-259-1,545-047122,08451801+1853254,,STAR,gri,rpm,-36.2,1.1,-14.3,1.1,,,10.001,0.032,9.619,0.03,,,10.134,0.08,9.585,0.17,9.315,0.02,,,8.801,0.021,8.637,0.026,8.601,0.021,6549,243,162,4.165,0.12,0.192,-0.03,0.12,0.12,1.548,0.521,0.247,1.341,0.165,0.092,0.349,0.185,0.187,186.2,60.64,26.99,0.024,0.007,0.006,,,
441,441,441,211911076,08 45 18.349,+18 53 30.59,1,11.63,,,545-047123,08451835+1853306,,STAR,JHK,rpm,9.3,1.5,35.5,1.5,,,,,,,,,,,,,,,,,10.292,0.023,9.871,0.032,9.778,0.026,5251,223,159,4.494,0.078,1.014,-0.146,0.24,0.6,0.904,2.078,0.125,0.901,0.133,0.061,1.27,0.475,1.229,175.4,342.1,29.85,0.024,0.013,0.007,,,
442,442,442,211911100,08 55 53.873,+18 53 32.01,1,12.002,,,545-047518,08555388+1853319,,STAR,gri,rpm,9.3,2.6,-6.6,3.6,,,12.854,0.06,12.173,0.01,,,12.465,0.02,12.001,0.01,11.803,0.05,,,10.867,0.02,10.487,0.024,10.452,0.019,5669,133,166,3.756,0.625,1.375,-0.557,0.4,0.8,1.884,5.897,0.957,0.93,0.157,0.07,0.074,0.574,0.073,483.8,1364,236.3,0.03,0.007,0.006,,,
443,443,443,211911102,09 10 35.768,+18 53 32.07,1,18.483,,,,09103576+1853320,5112-301-2-0187-0183,STAR,gri,rpm,16,4,-55,4,,,,,,,21.857,0.143,19.606,0.013,18.45,0.009,18.002,0.009,17.716,0.017,16.667,0.114,15.939,0.129,16,0.216,4178,49,49,4.998,0.035,0.049,-1.004,0.2,0.24,0.302,0.042,0.031,0.341,0.048,0.048,11.92,2.41,2.363,765.4,96.56,99.07,0.033,0.006,0.006,,,
444,444,444,211911109,08 41 03.136,+18 53 32.66,1,16.403,,,,08410313+1853326,5037-301-1-0114-0125,EXTENDED,gri,,4,3,1,3,,,,,,,18.271,0.017,17.025,0.004,16.465,0.004,16.137,0.004,15.925,0.009,15.477,0.068,14.844,0.088,14.476,0.095,,,,,,,,,,,,,,,,,,,,,,,,,,,
445,445,445,211911179,08 43 54.675,+18 53 36.92,1,12.379,,,545-047071,08435467+1853369,,STAR,gri,rpm,-30.1,2.9,-9.1,5.2,,,13.6,0.04,12.671,0.02,,,13.119,0.04,12.331,0.02,12.062,0.02,,,10.961,0.023,10.524,0.022,10.412,0.018,5003,80,100,4.584,0.025,1.03,-0.082,0.16,0.32,0.775,1.958,0.048,0.841,0.113,0.033,1.8,0.21,1.753,186.3,460.5,9.933,0.026,0.011,0.007,,,
446,446,446,211911188,09 15 16.002,+18 53 37.31,1,9.613,,1405-811-1,545-048190,09151601+1853373,,STAR,gri,rpm,-28.2,1.4,-9.9,1.4,,,11.181,0.073,9.925,0.033,,,10.573,0.02,9.683,0.19,9.202,0.02,,,7.893,0.024,7.327,0.02,7.202,0.018,4690,92,110,2.446,0.336,0.126,-0.187,0.2,0.32,10.806,1.097,3.467,1.175,0.149,0.209,9.02E-04,0.002,2.37E-04,555,54.67,161.7,0.034,0.008,0.007,,,
447,447,447,211911191,08 56 03.408,+18 53 37.92,1,17.67,,,,08560340+1853379,5071-301-1-0131-0191,EXTENDED,gri,,-2,3,-3,3,,,,,,,20.885,0.116,18.782,0.011,17.669,0.007,17.194,0.007,16.826,0.014,16.046,0.081,15.298,0.097,15.081,0.118,,,,,,,,,,,,,,,,,,,,,,,,,,,
448,448,448,211911200,08 47 07.289,+18 53 38.53,1,16.085,,,545-047182,08470731+1853389,5071-301-3-0118-0125,STAR,JHK,rpm,8.5,19,-18.6,18.9,,,,,,,,,,,,,,,,,13.997,0.032,13.414,0.038,13.188,0.035,3779,322,179,4.931,0.08,0.096,-0.065,0.15,0.27,0.328,0.093,0.073,0.364,0.131,0.109,9.07,4.978,3.704,217.6,101,59.23,0.025,0.008,0.007,,,
449,449,449,211911213,08 52 56.806,+18 53 39.15,1,14.687,,,545-047407,08525679+1853390,,STAR,gri,lam,-0.4,2.9,-4.7,3.1,,,15.862,0.08,14.988,0.04,,,15.375,0.03,14.623,0.05,14.393,0.08,,,13.323,0.025,12.786,0.024,12.714,0.017,4910,119,149,2.405,0.064,0.04,-0.569,0.12,0.18,10.037,0.57,0.798,0.952,0.019,0.041,9.10E-04,2.46E-04,1.26E-04,6210,861.2,873.1,0.035,0.007,0.007,,,
450,450,450,211911225,08 51 15.220,+18 53 39.99,1,17.804,,,,,5071-301-2-0124-0199,EXTENDED,gri,,-6,2,-6,2,,,,,,,19.192,0.042,18.204,0.009,17.874,0.01,17.632,0.011,17.504,0.031,,,,,,,,,,,,,,,,,,,,,,,,,,,,,,,,,
451,451,451,211911228,08 37 54.210,+18 53 40.06,1,13.509,,,545-046778,08375420+1853399,,STAR,gri,rpm,-80.2,1.6,-59.8,2.8,,,15.532,0.04,14.129,0.03,,,14.883,0.01,13.526,0.02,12.92,0.03,,,11.381,0.024,10.732,0.03,10.561,0.019,3876,46,46,4.914,0.04,0.025,-0.21,0.06,0.06,0.371,0.018,0.034,0.415,0.017,0.043,7.931,1.781,0.698,81.82,52.17,11.05,0.011,0.011,0.004,,,
452,452,452,211911247,09 11 00.624,+18 53 40.91,1,14.792,,,545-048053,09110062+1853411,,STAR,gri,rpm,-0.2,3.1,-5.3,3.4,,,16.376,0.1,15.203,0.06,,,15.788,0.03,14.695,0.02,14.365,0.08,,,13.049,0.022,12.473,0.021,12.368,0.02,4446,71,53,4.675,0.042,0.035,0.07,0.15,0.27,0.632,0.04,0.055,0.71,0.029,0.058,2.673,0.6,0.318,341.1,27.78,35.41,0.028,0.004,0.003,,,
453,453,453,211911260,08 44 09.592,+18 53 41.76,1,13.582,,,545-047076,08440957+1853418,,STAR,gri,rpm,144.6,9.7,-14,4.7,,,15.606,0.07,14.241,0.02,,,15.004,0.05,13.649,0.03,12.972,0.03,,,11.422,0.022,10.771,0.024,10.579,0.018,3850,38,46,4.899,0.036,0.036,-0.099,0.14,0.08,0.377,0.038,0.026,0.416,0.055,0.03,7.512,1.113,1.148,80.84,12.23,10.63,0.013,0.003,0.003,,,
454,454,454,211911261,08 41 45.232,+18 53 41.77,1,19.353,,,,,5037-301-1-0115-0405,STAR,gri,,8,3,5,3,,,,,,,19.835,0.03,19.328,0.011,19.362,0.013,19.033,0.014,18.882,0.038,,,,,,,,,,,,,,,,,,,,,,,,,,,,,,,,,
455,455,455,211911267,08 38 43.392,+18 53 42.40,1,14.576,,,545-046810,08384339+1853423,,STAR,gri,lam,0.7,2.6,0.9,4.6,,,15.775,0.03,14.853,0.02,,,15.256,0.042,14.565,0.02,14.285,0.04,,,13.151,0.022,12.701,0.023,12.59,0.023,4998,99,79,3.605,0.084,0.126,-0.161,0.12,0.15,2.745,0.459,0.301,1.155,0.085,0.153,0.053,0.016,0.019,1784,329.4,179.3,0.034,0.01,0.007,,,
456,456,456,211911275,09 14 12.948,+18 53 42.71,1,15.579,,,545-048154,09141294+1853425,5080-301-2-0167-0133,STAR,gri,rpm,0.8,3.4,-1.8,3.6,,,16.853,0.091,15.927,0.03,,,16.443,0.04,15.467,0.06,15.208,0.07,,,14.053,0.026,13.53,0.03,13.443,0.029,4773,94,113,4.625,0.03,0.03,-0.06,0.16,0.2,0.703,0.045,0.051,0.767,0.04,0.057,2.184,0.295,0.26,649.2,54.48,59.84,0.035,0.01,0.008,,,
457,457,457,211911319,08 39 52.824,+18 53 44.51,1,17.318,,,,08395282+1853445,5061-301-5-0110-0276,EXTENDED,gri,,5,3,4,3,,,,,,,20.279,0.059,18.349,0.008,17.3,0.005,16.876,0.006,16.54,0.011,15.725,0.072,14.883,0.077,14.495,0.095,,,,,,,,,,,,,,,,,,,,,,,,,,,
458,458,458,211911325,08 56 27.060,+18 53 44.74,1,11.34,,1397-1674-1,545-047544,08562706+1853448,,STAR,gri,plx,-29,1.7,-5.1,1.7,,,11.746,0.12,11.424,0.144,,,11.516,0.01,11.281,0.04,11.188,0.03,,,10.425,0.02,10.238,0.023,10.13,0.017,6613,160,133,4.182,0.09,0.144,-0.075,0.12,0.18,1.5,0.344,0.182,1.334,0.114,0.137,0.373,0.142,0.15,324.9,84.44,84.44,0.031,0.01,0.007,,,
459,459,459,211911420,08 58 22.648,+18 53 49.25,1,14.708,,,545-047604,08582264+1853491,,STAR,gri,rpm,15.1,4.6,-22.7,5,,,15.931,0.05,15.004,0.03,,,15.453,0.03,14.624,0.03,14.389,0.04,,,13.168,0.024,12.658,0.03,12.596,0.026,4924,79,79,4.611,0.035,0.035,-0.122,0.15,0.27,0.712,0.047,0.053,0.769,0.047,0.071,2.044,0.33,0.284,461.1,41.01,44.81,0.031,0.011,0.007,,,
460,460,460,211911432,09 15 22.342,+18 53 49.87,1,19.614,,,,,5112-301-1-0194-0386,STAR,gri,,-4,5,3,5,,,,,,,20.131,0.039,19.681,0.014,19.592,0.015,19.579,0.021,19.351,0.062,,,,,,,,,,,,,,,,,,,,,,,,,,,,,,,,,
461,461,461,211911438,08 55 27.384,+18 53 50.08,1,12.778,,,545-047509,08552738+1853501,,STAR,gri,rpm,-19.1,1.4,0,1.1,,,13.495,0.07,12.922,0.01,,,13.155,0.05,12.794,0.01,12.616,0.04,,,11.753,0.025,11.429,0.022,11.341,0.022,5949,118,118,4.302,0.125,0.3,-0.32,0.2,0.4,1.148,0.488,0.186,0.966,0.099,0.119,0.653,0.382,0.416,478,185.2,79.5,0.031,0.01,0.008,,,
462,462,462,211911441,08 57 09.862,+18 53 50.30,1,18.005,,,,08570986+1853502,5061-301-1-0135-0144,EXTENDED,gri,,-11,3,-16,3,,,,,,,21.081,0.123,19.242,0.015,17.997,0.008,17.475,0.008,17.134,0.019,16.139,0.092,15.754,0.135,15.09,0.127,,,,,,,,,,,,,,,,,,,,,,,,,,,
463,463,463,211911447,08 50 29.395,+18 53 50.59,1,17.739,,,,08502939+1853505,5071-301-2-0123-0050,STAR,gri,rpm,0,2,-3,2,,,,,,,17.966,0.012,17.642,0.005,17.772,0.006,17.662,0.007,17.709,0.016,16.558,0.126,16.026,0.181,15.112,0.111,7682,153,183,3.11,0.045,0.045,-2.039,0.15,0.15,4.059,0.242,0.192,0.8,0.016,0.016,0.012,0.002,0.002,18100,809.4,1075,0.03,0.008,0.005,,,
464,464,464,211911514,08 50 17.628,+18 53 53.92,1,14.762,,,545-047287,08501763+1853541,,STAR,JHK,col,,,,,,,,,,,,,,,,,,,,,12.926,0.034,12.402,0.033,12.193,0.029,3646,203,203,4.987,0.09,0.09,-0.05,0.15,0.27,0.271,0.082,0.074,0.287,0.125,0.104,12.03,9.168,4.527,102.7,40.71,33.91,0.016,0.007,0.005,,,
465,465,465,211911525,09 14 25.932,+18 53 54.39,1,12.114,,1404-1687-1,545-048165,09142593+1853543,,STAR,gri,rpm,-21.4,1.7,-3.4,1.8,,,12.3,0.155,12.1,0.174,,,12.293,0.03,12.054,0.02,11.988,0.02,,,11.335,0.024,11.144,0.027,11.091,0.019,6508,130,130,4.211,0.105,0.105,-0.265,0.12,0.21,1.368,0.229,0.226,1.178,0.108,0.108,0.406,0.234,0.128,530.7,82,92.52,0.03,0.009,0.005,,,
466,466,466,211911543,08 57 48.590,+18 53 55.19,1,17.847,,,,08574859+1853551,,STAR,J,col,,,,,,,,,,,,,,,,,,,,,16.325,0.12,15.799,0.163,15.079,0.123,3695,477,298,4.981,0.138,0.184,-0.204,0.25,0.3,0.27,0.17,0.09,0.279,0.221,0.123,12.11,11.77,7.43,543.1,490.8,225.5,0.031,0.01,0.007,,,
467,467,467,211911623,08 50 17.758,+18 53 59.31,1,12.778,,,545-047288,08501776+1853594,,STAR,gri,rpm,-53.1,2,-93.3,2,,,14.505,0.02,13.292,0.01,,,13.945,0.02,12.781,0.04,12.278,0.02,,,10.948,0.031,10.323,0.03,10.168,0.025,4130,84,84,4.792,0.09,0.036,-0.153,0.2,0.28,0.481,0.057,0.088,0.544,0.056,0.102,4.527,2.485,0.727,108.5,24.98,27.32,0.013,0.007,0.004,,,
468,468,468,211911629,08 43 54.171,+18 53 59.46,1,12.636,,,545-047068,08435417+1853594,,STAR,gri,rpm,-13.3,2.4,-12.6,0.9,,,13.384,0.05,12.778,0.01,,,13.009,0.04,12.612,0.02,12.476,0.04,,,11.608,0.023,11.302,0.021,11.227,0.02,6008,95,119,4.215,0.165,0.231,-0.195,0.15,0.27,1.261,0.334,0.264,1.019,0.126,0.105,0.441,0.439,0.22,512.2,128.5,117.7,0.031,0.008,0.006,,,
469,469,469,211911722,09 04 28.371,+18 54 04.99,1,15.193,,,545-047830,09042837+1854051,,STAR,BV,rpm,1.7,4.4,-3.5,4.8,,,16.282,0.05,15.405,0.052,,,15.882,0.04,,,,,,,13.809,0.025,13.343,0.025,13.218,0.026,5098,154,154,4.562,0.045,1.224,-0.293,0.3,0.54,0.776,2.517,0.073,0.83,0.086,0.071,1.695,0.366,1.67,718.8,2242,89.86,0.034,0.011,0.007,,,
470,470,470,211911762,09 06 11.317,+18 54 07.17,1,16.998,,,,09061131+1854071,5112-301-3-0180-0181,EXTENDED,gri,,-3,2,1,2,,,,,,,19.982,0.067,18.069,0.008,17.016,0.005,16.539,0.005,16.168,0.012,15.556,0.082,14.993,0.094,14.323,0.083,,,,,,,,,,,,,,,,,,,,,,,,,,,
471,471,471,211911831,08 42 04.613,+18 54 11.24,1,15.41,,,545-046990,08420460+1854112,,STAR,gri,rpm,2.7,4,5.5,4.4,,,16.542,0.04,15.666,0.03,,,16.09,0.04,15.363,0.08,15.118,0.15,,,14.045,0.027,13.607,0.03,13.479,0.04,5180,154,154,4.57,0.04,0.072,-0.22,0.24,0.36,0.778,0.12,0.067,0.833,0.072,0.086,1.697,0.343,0.479,804,177,94,0.034,0.01,0.008,,,
472,472,472,211911846,08 40 47.615,+18 54 11.90,1,11.272,,1395-1234-1,545-046929,08404761+1854119,,STAR,gri,plx,-35.9,1.8,-15.6,1.9,,,12.848,0.465,11.245,0.13,,,11.75,0.01,11.219,0.01,11.068,0.04,,,10.126,0.02,9.778,0.023,9.686,0.02,5661,91,91,4.469,0.035,0.063,-0.03,0.12,0.15,0.951,0.076,0.059,0.984,0.057,0.068,1.137,0.168,0.225,200.3,36.57,36.57,0.024,0.007,0.006,,,
473,473,473,211911851,09 06 48.335,+18 54 12.18,1,12.574,,,545-047918,09064833+1854122,,STAR,gri,rpm,8,2.2,-6.8,2.8,,,13.649,0.06,12.842,0.03,,,13.17,0.04,12.578,0.02,12.318,0.02,,,11.307,0.022,10.812,0.028,10.754,0.023,5121,100,100,2.733,0.656,0.41,-0.858,0.25,0.3,6.229,3.804,3.324,0.899,0.069,0.027,0.003,0.026,0.002,1758,854.1,896,0.034,0.006,0.008,,,
474,474,474,211911857,08 39 14.349,+18 54 12.53,1,17.76,,,,08391434+1854125,5061-301-5-0109-0312,EXTENDED,gri,,-2,3,-6,3,,,,,,,19.877,0.032,18.309,0.007,17.772,0.006,17.525,0.007,17.404,0.014,16.532,0.111,16.069,0.193,15.299,0.173,,,,,,,,,,,,,,,,,,,,,,,,,,,
475,475,475,211911881,08 47 38.194,+18 54 13.78,1,14.924,,,545-047199,08473819+1854137,5071-301-3-0119-0031,STAR,gri,lam,-0.1,3.8,-8.1,4.2,,,15.913,0.05,15.118,0.03,,,15.49,0.05,14.86,0.02,14.682,0.02,,,13.67,0.028,13.221,0.033,13.145,0.033,5173,156,156,4.577,0.03,0.03,-0.126,0.12,0.12,0.767,0.045,0.043,0.827,0.051,0.051,1.774,0.239,0.211,668.6,61.13,66.64,0.033,0.008,0.007,,,
476,476,476,211911911,08 41 36.622,+18 54 15.51,1,15.631,,,,08413662+1854155,,STAR,JHK,col,,,,,,,,,,,,,,,,,,,,,13.314,0.022,12.673,0.021,12.435,0.026,3798,146,175,4.913,0.099,0.055,-0.067,0.15,0.21,0.361,0.055,0.09,0.393,0.075,0.119,8.19,5.001,2.229,175.7,35.54,54.15,0.022,0.008,0.007,,,
477,477,477,211911959,08 39 39.198,+18 54 17.18,1,12.837,,,545-046855,08393920+1854172,,STAR,gri,rpm,-25.7,1.5,-10.8,2,,,13.901,0.01,13.057,0.02,,,13.436,0.02,12.79,0.01,12.58,0.02,,,11.586,0.022,11.187,0.02,11.126,0.019,5302,84,63,4.55,0.025,0.685,-0.233,0.25,0.25,0.822,1.195,0.071,0.863,0.064,0.077,1.543,0.27,1.418,281.7,406,25.26,0.029,0.011,0.007,,,
478,478,478,211911961,09 07 15.201,+18 54 17.47,1,14.558,,,545-047929,09071519+1854176,5080-301-3-0157-0061,STAR,gri,rpm,-9.9,4.6,-7.9,4.9,,,15.722,0.07,14.821,0.05,,,15.198,0.06,14.51,0.03,14.284,0.06,,,13.285,0.027,12.809,0.036,12.713,0.032,5146,121,152,4.568,0.04,1.016,-0.257,0.24,0.4,0.79,1.957,0.085,0.833,0.091,0.091,1.693,0.342,1.645,574.3,1320,67.15,0.034,0.01,0.008,,,
479,479,479,211911990,08 51 43.806,+18 54 19.22,1,12.046,,,545-047352,08514381+1854191,,STAR,gri,rpm,-19.4,1.9,-16.6,0.7,,,12.719,0.03,12.149,0.02,,,12.386,0.03,12.006,0.04,11.9,0.05,,,11.114,0.022,10.903,0.026,10.79,0.018,6155,186,111,4.233,0.115,0.161,-0.15,0.2,0.2,1.313,0.298,0.206,1.145,0.125,0.125,0.462,0.245,0.208,431.4,105.2,71.75,0.031,0.01,0.008,,,
480,480,480,211912008,09 02 56.576,+18 54 20.12,1,17.652,,,,09025657+1854201,5080-301-4-0151-0181,EXTENDED,gri,,4,3,-4,3,,,,,,,20.879,0.114,18.825,0.011,17.649,0.007,17.15,0.006,16.777,0.014,15.962,0.086,15.396,0.099,14.669,0.082,,,,,,,,,,,,,,,,,,,,,,,,,,,
481,481,481,211912029,08 38 50.058,+18 54 21.48,1,15.373,,,,08385005+1854214,,STAR,J,col,,,,,,,,,,,,,,,,,,,,,14.025,0.049,13.429,0.061,12.89,0.047,3447,183,661,5.082,0.16,0.08,-0.018,0.12,0.18,0.198,0.064,0.078,0.191,0.089,0.089,20.46,30.93,7.55,120.2,47.65,69.76,0.017,0.008,0.01,,,
482,482,482,211912047,08 57 04.784,+18 54 22.40,1,16.487,,,,08570478+1854224,,STAR,JHK,col,,,,,,,,,,,,,,,,,,,,,15.033,0.039,14.463,0.043,14.45,0.066,4627,284,512,4.674,0.169,0.065,-0.289,0.25,0.35,0.611,0.087,0.179,0.663,0.099,0.179,2.734,3.192,0.66,845.9,197.2,355.3,0.032,0.008,0.007,,,
483,483,483,211912081,08 46 33.035,+18 54 24.12,1,12.878,,,545-047171,08463304+1854242,,STAR,gri,rpm,-37.8,1.8,-11.8,1.9,,,14.3,0.02,13.232,0.02,,,13.767,0.03,12.817,0.03,12.498,0.03,,,11.301,0.022,10.772,0.021,10.619,0.018,4672,76,95,4.644,0.055,0.025,-0.016,0.15,0.42,0.68,0.028,0.096,0.763,0.023,0.13,2.316,0.654,0.228,179.4,20.96,32.36,0.022,0.006,0.002,,,
484,484,484,211912112,09 08 13.436,+18 54 25.78,1,11.676,,1404-736-1,545-047954,09081342+1854257,,STAR,gri,plx,16.5,1.6,-11.5,1.7,,,11.952,0.111,11.917,0.173,,,11.855,0.01,11.616,0.02,11.521,0.06,,,10.75,0.021,10.465,0.028,10.468,0.022,6473,77,77,4.13,0.144,0.045,-0.975,0.77,0.35,1.309,0.161,0.026,0.862,0.35,0.027,0.378,0.148,0.071,332.7,65.43,65.43,0.026,0.008,0.004,,,
485,485,485,211912157,08 59 07.451,+18 54 28.24,1,17.586,,,,08590745+1854282,,STAR,J,col,,,,,,,,,,,,,,,,,,,,,16.084,0.092,15.436,0.095,14.87,0.105,3625,370,264,5.004,0.115,0.138,-0.128,0.2,0.28,0.261,0.125,0.085,0.262,0.181,0.113,12.56,11.65,6.847,437.8,293.8,175.8,0.031,0.008,0.008,,,
486,486,486,211912188,09 08 04.257,+18 54 29.78,1,12.331,,,545-047951,09080425+1854297,,STAR,gri,lam,-3.2,2.2,-3.4,2.7,,,13.59,0.05,12.621,0.02,,,13.043,0.02,12.293,0.01,12.026,0.01,,,10.823,0.022,10.275,0.028,10.184,0.02,4826,116,116,2.409,0.128,0.04,-0.389,0.12,0.12,10.685,0.483,1.532,1.042,0.15,0.09,8.70E-04,4.68E-04,1.03E-04,2102,181.7,271.2,0.034,0.01,0.008,,,
487,487,487,211912252,08 53 58.750,+18 54 33.35,1,12.38,,,545-047450,08535874+1854332,,STAR,gri,rpm,1.8,1.4,-5.1,1.7,,,13.722,0.05,12.662,0.03,,,13.161,0.01,12.338,0.04,12.045,0.04,,,10.863,0.022,10.303,0.021,10.208,0.022,4762,75,75,2.498,0.48,0.18,-0.377,0.2,0.32,9.417,2.276,3.815,1.083,0.156,0.13,0.001,0.005,5.15E-04,1977,410.9,767.1,0.033,0.013,0.007,,,
488,488,488,211912253,08 44 56.022,+18 54 33.40,1,14.548,,,545-047111,08445602+1854333,,STAR,gri,lam,-1,3.4,-5.3,2.6,,,15.463,0.05,14.739,0.03,,,15.043,0.06,14.534,0.04,14.336,0.07,,,13.401,0.026,13.052,0.027,13.008,0.032,5328,126,190,3.774,0.066,0.11,-0.349,0.12,0.12,2.197,0.302,0.202,1.037,0.123,0.082,0.099,0.024,0.032,1740,203.3,182,0.03,0.01,0.007,,,
489,489,489,211912262,08 40 19.266,+18 54 34.00,1,17.456,,,,08401926+1854340,,STAR,J,col,,,,,,,,,,,,,,,,,,,,,15.963,0.094,15.327,0.118,14.747,0.101,3701,401,286,4.981,0.115,0.161,-0.128,0.2,0.28,0.273,0.17,0.09,0.282,0.2,0.125,11.6,11.02,6.397,424.8,377.2,174.7,0.031,0.008,0.008,,,
490,490,490,211912264,08 53 16.996,+18 54 34.03,1,12.762,,,545-047415,08531699+1854340,,STAR,gri,rpm,-5.9,1.6,1.2,1.6,,,14.131,0.07,13.156,0.02,,,13.668,0.033,12.734,0.041,12.374,0.04,,,11.108,0.023,10.595,0.021,10.474,0.018,4730,94,75,2.942,0.365,0.584,-0.098,0.25,0.25,5.602,5.271,1.726,1.177,0.118,0.189,0.005,0.012,0.005,1376,1113,449,0.035,0.007,0.006,,,
491,491,491,211912295,08 56 26.607,+18 54 35.58,1,12.848,,,545-047543,08562661+1854355,,STAR,gri,rpm,-30.3,7.7,11.4,5,,,13.616,0.06,12.988,0.01,,,13.254,0.02,12.833,0.041,12.674,0.02,,,11.737,0.02,11.445,0.024,11.341,0.017,5960,118,118,4.312,0.126,0.231,-0.28,0.24,0.32,1.104,0.351,0.175,0.967,0.098,0.098,0.687,0.341,0.38,457.8,154.7,76.14,0.032,0.01,0.007,,,
492,492,492,211912296,08 56 31.643,+18 54 35.67,1,10.209,,1397-1186-1,545-047546,08563164+1854357,,STAR,gri,plx,67.8,1.3,-21.5,1.4,,,10.705,0.058,10.255,0.055,,,10.739,0.3,10.083,0.02,9.982,0.03,,,9.149,0.023,8.921,0.018,8.864,0.018,6125,149,149,4.358,0.045,0.063,-0.078,0.15,0.24,1.147,0.071,0.067,1.105,0.068,0.122,0.718,0.116,0.118,142.6,12.29,12.29,0.02,0.006,0.005,,,
493,493,493,211912332,09 10 23.921,+18 54 37.96,1,15.079,,,545-048029,09102392+1854379,5112-301-2-0187-0009,STAR,gri,rpm,-2.6,3,4.4,3.3,,,16.622,0.05,15.511,0.05,,,16.076,0.05,15.111,0.04,14.652,0.08,,,13.477,0.024,12.883,0.025,12.749,0.023,4569,73,110,4.672,0.048,0.04,-0.185,0.25,0.4,0.632,0.068,0.061,0.694,0.075,0.075,2.666,0.614,0.499,425.4,53.01,55.91,0.031,0.011,0.007,,,
494,494,494,211912380,09 03 14.420,+18 54 40.64,1,17.49,,,,09031441+1854406,5080-301-4-0151-0239,EXTENDED,gri,,3,3,3,3,,,,,,,20.442,0.067,18.398,0.007,17.508,0.006,17.101,0.006,16.806,0.012,16.019,0.088,15.278,0.087,14.832,0.084,,,,,,,,,,,,,,,,,,,,,,,,,,,
495,495,495,211912392,08 46 45.288,+18 54 41.01,1,18.929,,,,,5071-301-3-0117-0410,EXTENDED,gri,,2,3,-5,3,,,,,,,20.709,0.18,19.349,0.032,18.934,0.032,18.749,0.042,18.666,0.125,,,,,,,,,,,,,,,,,,,,,,,,,,,,,,,,,
496,496,496,211912407,08 41 57.818,+18 54 42.21,1,9.352,,1395-1199-1,545-046987,08415782+1854422,,STAR,BV,rpm,-36,0.9,-10.9,1,,,9.878,0.033,9.41,0.028,,,,,,,,,,,8.641,0.044,8.495,0.023,8.434,0.025,6711,351,351,4.13,0.13,0.182,0.001,0.1,0.1,1.688,0.412,0.281,1.454,0.173,0.144,0.281,0.17,0.136,194.1,53.43,35.6,0.023,0.008,0.006,,,
497,497,497,211912408,08 39 44.408,+18 54 42.25,1,17.527,,,,08394440+1854422,,STAR,J,col,,,,,,,,,,,,,,,,,,,,,16.029,0.102,15.326,0.108,14.759,0.109,3681,419,299,4.989,0.12,0.168,-0.168,0.2,0.28,0.278,0.143,0.094,0.297,0.213,0.133,10.9,10.85,6.144,456.8,331.6,192.1,0.032,0.01,0.008,,,
498,498,498,211912424,09 04 51.276,+18 54 42.81,1,18.96,,,,,5112-301-3-0178-0247,EXTENDED,gri,,-4,3,6,3,,,,,,,20.376,0.067,19.352,0.014,18.981,0.014,18.792,0.018,18.589,0.057,,,,,,,,,,,,,,,,,,,,,,,,,,,,,,,,,
499,499,499,211912430,08 57 31.398,+18 54 43.30,1,18.118,,,,08573139+1854432,,STAR,J,,,,,,,,,,,,,,,,,,,,,,16.572,0.139,,,15.646,0.185,,,,,,,,,,,,,,,,,,,,,,,,,,,
500,500,500,211912462,08 45 44.385,+18 54 44.54,1,12.224,,,545-047143,08454438+1854446,,STAR,gri,rpm,-4.2,0.6,-9.8,1,,,12.813,0.04,12.323,0.01,,,12.495,0.03,12.188,0.03,12.108,0.02,,,11.292,0.023,11.057,0.023,10.977,0.021,6348,126,100,4.136,0.155,0.186,-0.144,0.15,0.24,1.534,0.406,0.321,1.224,0.163,0.163,0.328,0.262,0.166,560.6,148.4,117.3,0.032,0.012,0.006,,,
501,501,501,211912465,09 09 02.398,+18 54 44.67,1,10.825,,1404-735-1,545-047979,09090240+1854446,,STAR,gri,plx,-6.8,1.5,-61.7,1.5,,,11.429,0.069,11.016,0.076,,,11.207,0.02,10.795,0.02,10.661,0.02,,,9.787,0.022,9.497,0.029,9.424,0.021,5973,71,71,4.393,0.048,0.056,-0.193,0.18,0.21,1.047,0.078,0.061,1,0.089,0.107,0.856,0.138,0.141,175.3,14.94,14.94,0.023,0.006,0.006,,,
502,502,502,211912467,08 46 51.755,+18 54 44.78,1,18.697,,,,08465175+1854447,5071-301-3-0118-0089,STAR,gri,,15,3,-57,3,,,,,,,22.347,0.217,19.931,0.016,18.689,0.009,18.168,0.009,17.907,0.019,16.82,0.181,15.861,0.2,,,,,,,,,,,,,,,,,,,,,,,,,,,,,
503,503,503,211912490,08 46 12.465,+18 54 45.83,1,12.309,,,545-047159,08461247+1854458,,STAR,gri,rpm,-0.2,1.6,-5,1.9,,,13.371,0.02,12.533,0.01,,,12.891,0.04,12.267,0.02,12.059,0.02,,,11.005,0.021,10.558,0.021,10.483,0.017,5171,104,83,2.458,1.215,0.045,-0.748,0.3,0.25,9.114,0.76,6.552,0.914,0.143,0.022,0.001,0.067,2.16E-04,2098,186.6,1440,0.033,0.007,0.007,,,
504,504,504,211912504,08 53 35.752,+18 54 46.52,1,18.821,,,,08533575+1854465,5061-301-2-0130-0205,STAR,gri,rpm,0,3,-3,3,,,,,,,20.459,0.049,19.662,0.013,18.927,0.011,18.46,0.01,18.056,0.021,16.965,0.172,16.09,0.177,15.084,0.122,4767,47,47,1.18,0.21,0.15,-2.249,0.3,0.42,35.554,7.946,7.455,0.797,0.016,0.016,1.59E-05,1.69E-05,6.42E-06,126800,27050,33740,0.036,0.01,0.01,,,
505,505,505,211912515,09 09 59.486,+18 54 46.91,1,15.885,,,545-048011,09095949+1854470,5112-301-2-0186-0057,STAR,gri,rpm,5.6,3.8,-35.5,4,,,18.374,0.28,16.588,0.083,,,17.378,0.13,16.024,0.11,15.245,0.05,,,13.677,0.025,13.077,0.021,12.83,0.025,3647,102,73,4.989,0.045,0.045,-0.021,0.1,0.12,0.295,0.05,0.043,0.309,0.063,0.063,11.66,3.535,2.713,158.1,35.08,28.71,0.023,0.005,0.005,,,
506,506,506,211912539,08 38 12.926,+18 54 47.91,1,10.268,,1395-1248-1,545-046790,08381290+1854479,,STAR,gri,rpm,-0.1,1.3,-2.2,1.3,,,11.67,0.141,10.58,0.071,,,10.97,0.01,10.319,0.06,9.967,0.02,,,8.855,0.027,8.385,0.051,8.213,0.023,4954,98,98,2.405,0.324,0.09,-0.575,0.25,0.35,10.499,0.699,1.27,1.028,0.291,0.132,8.98E-04,0.001,2.01E-04,880.7,70.84,76.01,0.033,0.008,0.007,,,
507,507,507,211912635,08 39 50.632,+18 54 54.12,1,17.242,,,,08395063+1854541,,STAR,J,col,,,,,,,,,,,,,,,,,,,,,15.764,0.075,15.178,0.1,14.7,0.109,3744,469,293,4.958,0.138,0.184,-0.145,0.2,0.32,0.296,0.184,0.098,0.303,0.219,0.137,10.15,9.644,5.597,433.7,389.7,179.5,0.031,0.01,0.008,,,
508,508,508,211912706,08 40 30.296,+18 54 57.37,1,12.597,,,545-046906,08403028+1854574,,STAR,gri,rpm,29.7,1.5,-14.3,1.9,,,13.488,0.03,12.774,0.04,,,13.077,0.01,12.561,0.04,12.391,0.02,,,11.464,0.02,11.136,0.021,11.067,0.02,5666,160,91,4.474,0.055,0.066,-0.098,0.2,0.48,0.93,0.109,0.115,0.967,0.061,0.134,1.113,0.321,0.292,329.5,50.56,51.88,0.029,0.01,0.007,,,
509,509,509,211912707,09 05 31.590,+18 54 57.39,1,16.612,,,,09053159+1854573,5112-301-3-0179-0361,EXTENDED,gri,,2,2,-1,2,,,,,,,18.523,0.029,17.313,0.006,16.715,0.005,16.311,0.005,16.08,0.015,15.949,0.104,15.42,0.145,14.833,0.114,,,,,,,,,,,,,,,,,,,,,,,,,,,
510,510,510,211912722,09 04 06.336,+18 54 57.91,1,13.819,,,545-047815,09040634+1854580,,STAR,gri,rpm,10.6,2.8,-12.2,3.1,,,15.005,0.06,14.176,0.05,,,14.568,0.03,13.874,0.06,13.499,0.02,,,12.253,0.022,11.732,0.027,11.583,0.019,4944,76,96,3.402,1.232,0.385,-0.499,0.32,0.2,3.296,1.403,2.651,0.938,0.069,0.206,0.026,2.3,0.019,1357,568.5,1085,0.032,0.014,0.008,,,
511,511,511,211912731,08 44 13.696,+18 54 58.40,1,12.346,,,545-047079,08441369+1854585,,STAR,gri,rpm,-2.4,1,0.9,1.3,,,12.986,0.03,12.46,0.01,,,12.64,0.04,12.322,0.02,12.221,0.04,,,11.431,0.023,11.198,0.022,11.12,0.019,6352,126,126,4.069,0.204,0.204,-0.079,0.12,0.18,1.688,0.487,0.378,1.281,0.187,0.117,0.218,0.268,0.106,644.6,214.6,161,0.035,0.014,0.008,,,
512,512,512,211912739,08 57 11.405,+18 54 58.84,1,17.746,,,,08571140+1854588,5061-301-1-0135-0152,EXTENDED,gri,,-4,3,-4,3,,,,,,,20.747,0.106,18.84,0.012,17.694,0.007,17.277,0.008,16.939,0.019,16.184,0.099,15.739,0.163,14.972,0.109,,,,,,,,,,,,,,,,,,,,,,,,,,,
513,513,513,211912744,09 14 52.847,+18 54 59.12,1,16.526,,,,09145284+1854591,,STAR,J,col,,,,,,,,,,,,,,,,,,,,,15.098,0.037,14.385,0.042,14.087,0.046,3905,297,297,4.874,0.14,0.1,-0.124,0.2,0.24,0.395,0.098,0.141,0.444,0.112,0.18,6.453,7.73,2.287,449.4,156.8,187.2,0.032,0.01,0.008,,,
514,514,514,211912763,09 08 45.695,+18 54 59.89,1,19.907,,,,,5080-301-3-0159-0384,STAR,gri,,1,3,-8,3,,,,,,,20.457,0.048,20.223,0.019,19.911,0.018,19.772,0.023,19.907,0.085,,,,,,,,,,,,,,,,,,,,,,,,,,,,,,,,,
515,515,515,211912825,08 58 37.220,+18 55 02.50,1,17.646,,,,08583721+1855024,5061-301-1-0137-0248,EXTENDED,gri,,-10,2,-1,2,,,,,,,19.608,0.047,18.326,0.01,17.704,0.008,17.354,0.009,17.142,0.026,16.704,0.145,16.149,0.168,15.807,0.208,,,,,,,,,,,,,,,,,,,,,,,,,,,
516,516,516,211912832,08 54 37.514,+18 55 03.07,1,14.474,,,545-047474,08543751+1855030,5071-301-1-0129-0095,STAR,gri,lam,-15.9,2.8,-6,2.7,,,15.505,0.08,14.699,0.04,,,15.057,0.02,14.46,0.05,14.224,0.04,,,13.288,0.023,12.839,0.021,12.763,0.019,5526,167,167,4.495,0.04,0.064,0.009,0.1,0.1,0.901,0.082,0.054,0.943,0.049,0.049,1.25,0.202,0.266,717,81.58,73.25,0.033,0.01,0.007,,,
517,517,517,211912835,09 06 22.092,+18 55 03.22,1,14.872,,,545-047904,09062208+1855031,5112-301-3-0181-0010,STAR,gri,rpm,0.1,4.5,-1.5,4.9,,,16.184,0.03,15.177,0.09,,,15.62,0.01,14.816,0.02,14.551,0.05,,,13.356,0.026,12.925,0.032,12.728,0.032,4975,80,80,4.576,0.04,1,-0.085,0.15,0.21,0.764,2.075,0.064,0.834,0.181,0.075,1.761,0.332,1.713,554.4,1463,61.43,0.034,0.01,0.008,,,
518,518,518,211912839,08 59 51.071,+18 55 03.39,1,19.888,,,,,5112-301-4-0171-0194,STAR,gri,,2,3,3,3,,,,,,,20.676,0.06,20.051,0.016,19.833,0.018,19.844,0.025,19.803,0.096,,,,,,,,,,,,,,,,,,,,,,,,,,,,,,,,,
519,519,519,211912848,08 39 40.280,+18 55 03.69,1,15.746,,,545-046860,08394027+1855037,,STAR,JHK,rpm,3.2,4.6,-37.4,4.4,,,,,,,,,,,,,,,,,13.472,0.025,12.767,0.023,12.607,0.028,4128,146,122,4.785,0.042,0.035,-0.052,0.12,0.21,0.498,0.044,0.048,0.563,0.047,0.047,4.48,1.032,0.711,287,31.34,38.76,0.029,0.01,0.007,,,
520,520,520,211912871,09 05 16.177,+18 55 04.69,1,10.753,,1404-1282-1,545-047861,09051618+1855047,,STAR,gri,rpm,5.7,1.4,0.6,1.4,,,11.573,0.117,11.316,0.143,,,11.102,0.02,10.709,0.01,10.604,0.12,,,9.718,0.022,9.446,0.025,9.376,0.017,6131,98,98,3.963,0.344,0.215,-0.042,0.12,0.21,1.881,0.639,0.703,1.29,0.252,0.216,0.181,0.387,0.101,312.5,110,107.6,0.03,0.007,0.007,,,
521,521,521,211912899,08 43 05.570,+18 55 06.05,1,18.724,,,,08430557+1855060,5071-301-4-0112-0465,STAR,gri,rpm,-29,5,-12,5,,,,,,,23.218,0.43,21.008,0.031,19.532,0.015,17.745,0.007,16.77,0.01,15.083,0.049,14.617,0.057,14.312,0.075,3479,132,132,5.071,0.04,0.048,-0.031,0.15,0.21,0.215,0.032,0.028,0.202,0.042,0.035,19.4,5.022,4.682,210,39.58,39.3,0.025,0.01,0.007,,,
522,522,522,211912938,08 59 26.578,+18 55 08.20,1,13.827,,,545-047643,08592658+1855081,,STAR,gri,lam,-14.5,1.6,-27.7,2.7,,,14.981,0.05,14.084,0.01,,,14.505,0.03,13.805,0.01,13.536,0.02,,,12.496,0.022,12.056,0.021,11.982,0.02,5193,158,126,4.537,0.03,0.036,0.152,0.08,0.12,0.841,0.053,0.042,0.902,0.045,0.038,1.47,0.179,0.19,429.3,42.29,32.33,0.031,0.007,0.006,,,
523,523,523,211912992,09 11 42.135,+18 55 10.80,1,14.964,,,545-048070,09114213+1855108,5112-301-2-0188-0099,STAR,gri,rpm,0.9,3.1,-5.8,3.4,,,16.182,0.1,15.234,0.01,,,15.658,0.03,14.961,0.03,14.667,0.03,,,13.509,0.024,12.906,0.025,12.865,0.024,4885,77,96,2.112,1.08,0.45,-1.2,0.64,0.4,11.75,7.885,7.953,0.825,0.113,0.02,3.64E-04,0.015,2.87E-04,8543,5635,5740,0.031,0.01,0.006,,,
524,524,524,211913012,08 42 26.070,+18 55 11.93,1,15.608,,,545-047005,08422606+1855119,5071-301-4-0111-0251,STAR,gri,rpm,1.4,4.3,-32.3,4.2,,,17.506,0.12,16.38,0.07,,,17.125,0.03,15.716,0.08,14.959,0.09,,,13.441,0.027,12.736,0.031,12.563,0.026,3920,93,78,4.848,0.04,0.04,0.018,0.12,0.15,0.432,0.038,0.042,0.492,0.045,0.053,5.876,1.454,0.989,231.4,28.23,29.86,0.029,0.01,0.008,,,
525,525,525,211913048,08 43 17.623,+18 55 14.16,1,12.652,,,545-047043,08431762+1855143,,STAR,gri,rpm,6.3,1.5,-6,1.8,,,13.36,0.05,12.772,0.02,,,12.979,0.04,12.618,0.03,12.512,0.04,,,11.743,0.023,11.433,0.021,11.387,0.02,6073,97,121,4.125,0.24,0.24,-0.246,0.2,0.32,1.438,0.389,0.359,1.066,0.136,0.136,0.299,0.377,0.148,623.7,165.1,153.2,0.031,0.008,0.006,,,
526,526,526,211913076,09 08 37.516,+18 55 15.66,1,12.294,,,545-047966,09083751+1855156,,STAR,gri,lam,10.2,1.3,-29.1,0.9,,,13.075,0.04,12.449,0.03,,,12.687,0.03,12.281,0.02,12.126,0.02,,,11.265,0.022,10.955,0.031,10.888,0.019,5793,174,139,4.441,0.045,0.063,-0.049,0.09,0.12,0.995,0.105,0.069,1.028,0.053,0.074,0.972,0.197,0.193,328.2,41.4,30.94,0.03,0.008,0.006,,,
527,527,527,211913104,08 51 16.754,+18 55 17.21,1,16.503,,,,08511675+1855172,,STAR,J,col,,,,,,,,,,,,,,,,,,,,,15.076,0.048,14.395,0.055,13.885,0.051,3439,199,1077,5.082,0.22,0.1,-0.077,0.18,0.21,0.189,0.094,0.086,0.188,0.105,0.105,21.94,45.86,9.459,188.1,99.24,135.3,0.021,0.011,0.013,,,
528,528,528,211913122,08 39 52.265,+18 55 18.30,1,12.744,,,545-046873,08395226+1855183,,STAR,gri,rpm,-6.2,1.2,1.8,1.4,,,13.231,0.03,12.777,0.03,,,12.933,0.031,12.681,0.04,12.605,0.03,,,11.888,0.023,11.686,0.023,11.645,0.021,6499,161,161,4.185,0.096,0.176,-0.116,0.12,0.18,1.496,0.361,0.214,1.286,0.117,0.098,0.359,0.184,0.152,720.6,184.9,95.87,0.032,0.008,0.006,,,
529,529,529,211913137,08 56 32.738,+18 55 18.79,1,12.843,,,545-047547,08563274+1855188,,STAR,gri,rpm,11.4,2,-35.3,2.6,,,14.088,0.06,13.172,0.02,,,13.624,0.05,12.832,0.01,12.509,0.08,,,12.173,0.021,11.611,0.024,11.508,0.019,4802,115,76,4.628,0.042,0.035,-0.178,0.16,0.28,0.686,0.051,0.074,0.745,0.047,0.082,2.241,0.522,0.311,269.5,30.81,32.83,0.027,0.01,0.006,,,
530,530,530,211913167,08 39 04.839,+18 55 20.05,1,12.957,,,545-046827,08390483+1855200,,STAR,gri,rpm,-7.8,1.6,-1.7,1.9,,,13.662,0.08,13.082,0.01,,,13.317,0.02,12.928,0.02,12.803,0.04,,,11.964,0.021,11.698,0.023,11.633,0.019,6123,97,97,4.21,0.145,0.232,-0.116,0.15,0.24,1.353,0.432,0.243,1.124,0.145,0.121,0.41,0.286,0.234,640.1,212.7,118.6,0.034,0.011,0.008,,,
531,531,531,211913182,08 59 41.208,+18 55 20.91,1,13.072,,,545-047648,08594120+1855208,,STAR,gri,lam,3.9,1.9,-0.3,2,,,14.262,0.04,13.35,0.02,,,13.755,0.02,13.082,0.01,12.779,0.03,,,11.563,0.02,11.026,0.023,10.951,0.021,4850,58,58,2.791,0.18,0.15,-0.546,0.12,0.12,6.352,1.302,1.081,0.961,0.116,0.039,0.004,0.003,0.001,1915,389.5,273.8,0.031,0.013,0.011,,,
532,532,532,211913259,09 06 29.169,+18 55 24.30,1,17.105,,,,09062916+1855242,5112-301-3-0181-0203,EXTENDED,gri,,2,3,-4,3,,,,,,,20.101,0.103,18.334,0.011,17.213,0.007,16.578,0.007,16.134,0.016,15.769,0.083,14.981,0.097,14.279,0.078,,,,,,,,,,,,,,,,,,,,,,,,,,,
533,533,533,211913260,08 57 26.794,+18 55 24.44,1,17.779,,,,08572679+1855244,5061-301-1-0135-0097,STAR,gri,rpm,-2,2,2,2,,,,,,,18.057,0.012,17.879,0.006,17.746,0.006,17.384,0.006,17.328,0.014,16.504,0.129,15.809,0.143,15.659,0.193,6166,181,145,2.638,1.364,0.055,-2.029,0.35,0.49,6.964,0.464,5.538,0.798,0.016,0.016,0.002,0.244,3.99E-04,24290,2652,18230,0.032,0.008,0.005,,,
534,534,534,211913267,09 14 45.593,+18 55 24.74,1,14.925,,,545-048172,,,EXTENDED,gri,,5.6,3.9,1.3,4.3,,,16.348,0.06,15.286,0.06,,,15.772,0.03,14.961,0.02,14.562,0.04,,,,,,,,,,,,,,,,,,,,,,,,,,,,,,,,,,,
535,535,535,211913296,08 56 32.844,+18 55 25.92,1,12.843,,,545-047548,08563284+1855260,,STAR,gri,rpm,12.9,4.7,-20.5,15.3,,,14.088,0.06,13.172,0.02,,,13.624,0.05,12.832,0.01,12.509,0.08,,,11.836,0.024,11.39,0.026,11.273,0.023,5013,100,100,4.52,0.072,1.2,-0.138,0.2,0.28,0.849,2.925,0.099,0.901,0.316,0.095,1.393,0.469,1.373,312.3,1006,46.98,0.033,0.011,0.008,,,
536,536,536,211913352,09 04 05.459,+18 55 28.56,1,17.629,,,,09040545+1855285,5080-301-4-0152-0266,EXTENDED,gri,,4,3,2,3,,,,,,,20.472,0.078,18.531,0.008,17.625,0.006,17.243,0.006,16.875,0.014,16.172,0.098,15.291,0.095,14.922,0.095,,,,,,,,,,,,,,,,,,,,,,,,,,,
537,537,537,211913464,08 45 52.199,+18 55 34.75,1,16.784,,,,08455219+1855347,5071-301-3-0116-0381,STAR,gri,rpm,-38,3,-8,3,,,,,,,21.202,0.088,18.423,0.007,16.973,0.005,16.081,0.005,15.607,0.006,14.35,0.029,13.683,0.022,13.495,0.041,3585,56,42,5.021,0.05,0.05,-0.038,0.12,0.12,0.261,0.044,0.046,0.254,0.06,0.048,14.57,5.311,3.207,184.5,35.29,36.25,0.025,0.014,0.01,,,
538,538,538,211913483,08 42 32.024,+18 55 35.75,1,18.122,,,,08423202+1855357,,STAR,J,col,,,,,,,,,,,,,,,,,,,,,16.576,0.132,15.861,0.18,15.459,0.208,3851,524,374,4.905,0.145,0.174,-0.254,0.25,0.35,0.332,0.175,0.132,0.376,0.216,0.18,8.233,9.988,5.059,748,594.5,331.2,0.032,0.01,0.007,,,
539,539,539,211913500,08 40 34.941,+18 55 36.74,1,13.25,,,545-046915,08403494+1855367,,STAR,gri,lam,4,2,-3.6,3,,,14.373,0.03,13.508,0.03,,,13.894,0.01,13.244,0.02,12.974,0.01,,,11.929,0.022,11.41,0.021,11.322,0.018,5044,121,80,3.544,0.135,0.135,-0.327,0.12,0.12,2.909,0.501,0.505,1.084,0.132,0.11,0.041,0.03,0.015,1085,206.3,146.5,0.035,0.008,0.008,,,
540,540,540,211913505,09 05 28.488,+18 55 36.88,1,16.763,,,,09052848+1855368,5112-301-3-0179-0346,EXTENDED,gri,,-10,3,-17,3,,,,,,,19.552,0.111,17.699,0.011,16.78,0.008,16.362,0.009,16.004,0.024,16.585,0.156,15.774,0.167,15.645,0.217,,,,,,,,,,,,,,,,,,,,,,,,,,,
541,541,541,211913524,09 09 56.563,+18 55 37.47,1,11.29,,1404-1716-1,545-048008,09095656+1855375,,STAR,gri,rpm,11.2,1.3,-13.3,1.4,,,12.08,0.135,11.376,0.088,,,11.832,0.02,11.245,0.02,11.057,0.02,,,10.065,0.021,9.686,0.021,9.604,0.022,5413,110,110,3.612,0.775,1.24,-0.339,0.3,0.66,2.438,5.718,1.547,0.931,0.289,0.044,0.049,0.741,0.049,352.6,810.6,222.2,0.03,0.013,0.009,,,
542,542,542,211913529,08 53 59.530,+18 55 38.10,1,17.214,,,,08535953+1855381,5061-301-2-0130-0352,EXTENDED,gri,,1,2,0,2,,,,,,,19.105,0.037,17.91,0.007,17.308,0.007,16.915,0.007,16.662,0.018,16.482,0.113,15.544,0.127,15.203,0.131,,,,,,,,,,,,,,,,,,,,,,,,,,,
543,543,543,211913532,08 40 19.826,+18 55 38.30,1,14.72,,,545-046895,08401982+1855382,,STAR,JHK,rpm,-35.7,4,-11.3,3.9,,,,,,,,,,,,,,,,,12.418,0.021,11.756,0.023,11.544,0.022,4006,155,155,4.84,0.045,0.054,-0.071,0.15,0.15,0.443,0.053,0.047,0.501,0.059,0.059,5.617,1.39,1.114,150.9,27.21,23.05,0.021,0.011,0.005,,,
544,544,544,211913613,08 47 04.963,+18 55 42.87,1,17.739,,,,08470496+1855428,5071-301-3-0118-0142,STAR,gri,rpm,-34,4,-11,4,,,,,,,22.557,0.249,19.929,0.015,18.448,0.008,16.801,0.005,15.895,0.007,14.396,0.036,13.732,0.04,13.475,0.035,3496,121,121,5.07,0.04,0.04,-0.077,0.16,0.2,0.218,0.03,0.026,0.208,0.037,0.037,19.23,5.429,3.599,155.2,20.14,27.53,0.021,0.004,0.006,,,
545,545,545,211913640,08 54 19.596,+18 55 44.54,1,11.439,,1397-1708-1,545-047463,08541958+1855445,,STAR,gri,plx,7,2.3,2.2,2.4,,,12.273,0.312,10.998,0.113,,,11.739,0.01,11.423,0.04,11.31,0.03,,,10.499,0.022,10.185,0.021,10.143,0.017,6125,139,139,3.972,0.135,0.162,-0.443,0.35,0.42,1.757,0.702,0.321,1.06,0.326,0.163,0.188,0.12,0.094,795.7,523.9,523.9,0.03,0.008,0.007,,,
546,546,546,211913652,08 52 32.476,+18 55 45.02,1,17.644,,,,08523247+1855450,5061-301-2-0128-0259,STAR,gri,rpm,46,4,-36,4,,,,,,,21.973,0.154,19.392,0.011,18.059,0.007,16.895,0.006,16.252,0.008,14.989,0.039,14.4,0.047,14.249,0.056,3345,40,33,5.089,0.027,0.02,0.1,0.22,0.1,0.2,0.006,0.012,0.18,0.007,0.013,22.12,2.987,1.327,177.1,5.314,17.36,0.023,0.005,0.005,,,
547,547,547,211913669,08 42 34.956,+18 55 45.81,1,17.318,,,,08423495+1855458,5071-301-4-0111-0288,STAR,gri,rpm,-26,3,-11,3,,,,,,,21.701,0.132,19.381,0.011,17.947,0.007,16.434,0.005,15.618,0.006,14.164,0.031,13.51,0.033,13.316,0.032,3639,113,90,5.01,0.048,0.04,-0.087,0.12,0.15,0.268,0.043,0.037,0.275,0.063,0.045,13.49,4.293,2.774,178.4,36.28,30.15,0.025,0.011,0.008,,,
548,548,548,211913676,08 44 32.945,+18 55 46.12,1,11.928,,,545-047097,08443294+1855462,,STAR,gri,rpm,-17.4,1.2,-6.5,1.6,,,12.607,0.04,12.038,0.01,,,12.256,0.04,11.878,0.02,11.788,0.05,,,10.98,0.023,10.732,0.024,10.645,0.018,6185,147,123,4.125,0.196,0.14,-0.15,0.16,0.2,1.47,0.33,0.317,1.156,0.132,0.132,0.33,0.284,0.153,455.5,99.74,96.33,0.033,0.01,0.008,,,
549,549,549,211913722,08 41 48.946,+18 55 48.14,1,17.939,,,,,5037-301-1-0115-0430,EXTENDED,gri,,1,3,0,3,,,,,,,19.598,0.04,18.425,0.009,18.012,0.009,17.731,0.011,17.593,0.031,,,,,,,,,,,,,,,,,,,,,,,,,,,,,,,,,
550,550,550,211913725,09 02 09.206,+18 55 48.45,1,13.982,,,545-047748,09020920+1855484,,STAR,gri,lam,-3.3,2.7,-1.3,2.2,,,14.85,0.05,14.129,0.05,,,14.463,0.01,13.97,0.01,13.776,0.07,,,12.844,0.023,12.482,0.024,12.37,0.021,5625,202,135,3.908,0.16,0.096,-0.048,0.1,0.1,1.933,0.274,0.417,1.145,0.072,0.143,0.149,0.132,0.044,1278,141.4,295,0.033,0.011,0.005,,,
551,551,551,211913734,09 05 49.395,+18 55 48.73,1,17.546,,,,09054939+1855487,,STAR,J,,,,,,,,,,,,,,,,,,,,,,16.047,0.099,15.244,0.114,,,,,,,,,,,,,,,,,,,,,,,,,,,,,
552,552,552,211913748,08 43 50.367,+18 55 49.32,1,14.375,,,545-047065,08435036+1855493,,STAR,gri,rpm,-23.6,2.7,-8.7,3.3,,,15.408,0.05,14.6,0.01,,,14.952,0.05,14.356,0.03,14.128,0.04,,,13.048,0.023,12.619,0.021,12.485,0.026,5271,105,84,4.584,0.035,0.077,-0.496,0.3,0.3,0.737,0.129,0.063,0.771,0.093,0.066,1.841,0.424,0.538,494.3,102.7,52.95,0.032,0.01,0.006,,,
553,553,553,211913764,09 04 02.609,+18 55 50.16,1,16.966,,,,09040260+1855501,5080-301-4-0152-0257,EXTENDED,gri,,-17,2,-22,2,,,,,,,19.072,0.036,17.739,0.006,17.093,0.005,16.634,0.005,16.382,0.014,15.899,0.083,15.274,0.107,14.671,0.092,,,,,,,,,,,,,,,,,,,,,,,,,,,
554,554,554,211913855,08 52 38.576,+18 55 54.74,1,19.125,,,,08523857+1855547,,STAR,JHK,col,,,,,,,,,,,,,,,,,,,,,16.193,0.102,15.288,0.114,14.998,0.118,4025,334,400,4.869,0.144,0.12,-0.208,0.2,0.32,0.395,0.143,0.134,0.462,0.126,0.202,6.406,7.04,2.634,774.1,355.2,317.9,0.032,0.01,0.007,,,
555,555,555,211913859,08 41 03.142,+18 55 55.09,1,16.226,,,,08410314+1855550,,STAR,JHK,col,,,,,,,,,,,,,,,,,,,,,13.959,0.026,13.28,0.026,13.096,0.031,4117,190,190,4.797,0.065,0.065,-0.096,0.16,0.24,0.475,0.073,0.063,0.541,0.078,0.078,4.57,1.595,1.182,343.1,75.14,61.64,0.03,0.01,0.007,,,
556,556,556,211913907,08 40 03.912,+18 55 57.45,1,18.663,,,,08400391+1855574,5061-301-5-0110-0417,STAR,gri,rpm,-40,5,-12,5,,,,,,,22.943,0.266,20.969,0.028,19.453,0.013,17.675,0.008,16.714,0.009,15.093,0.041,14.493,0.047,14.174,0.061,3429,141,121,5.11,0.03,0.036,-0.109,0.2,0.24,0.189,0.024,0.014,0.174,0.031,0.017,24.45,3.622,4.3,175.1,33.87,18.32,0.024,0.008,0.006,,,
557,557,557,211913941,08 54 13.569,+18 55 59.83,1,16.6,,,,08541356+1855598,5061-301-2-0131-0140,STAR,gri,rpm,-41,3,-42,3,,,,,,,21.237,0.083,18.484,0.007,17.041,0.005,15.793,0.005,15.12,0.006,13.787,0.027,13.212,0.026,12.929,0.03,3520,106,85,5.054,0.035,0.035,-0.033,0.1,0.14,0.23,0.028,0.029,0.225,0.03,0.036,17.33,4.288,2.916,122.9,18.99,16.45,0.018,0.006,0.004,,,
558,558,558,211913956,09 02 10.439,+18 56 00.61,1,17.532,,,,09021043+1856006,5112-301-4-0174-0414,EXTENDED,gri,,3,2,7,2,,,,,,,20.201,0.101,18.539,0.019,17.563,0.01,17.1,0.017,16.754,0.028,16.445,0.141,15.5,0.129,15.098,0.144,,,,,,,,,,,,,,,,,,,,,,,,,,,
559,559,559,211913977,08 41 22.580,+18 56 01.95,1,12.619,,,545-046956,08412258+1856020,,STAR,gri,rpm,-34.3,1.8,-9.6,2.1,,,13.97,0.04,12.957,0.02,,,13.448,0.03,12.557,0.03,12.264,0.06,,,11.162,0.023,10.678,0.022,10.536,0.019,4857,58,96,4.608,0.02,0.02,-0.043,0.18,0.12,0.729,0.027,0.032,0.793,0.042,0.05,2.02,0.175,0.121,184.8,5.543,19.03,0.024,0.008,0.002,,,
560,560,560,211914004,08 42 10.808,+18 56 03.75,1,7.949,42705,1395-1113-1,545-046992,08421080+1856037,,STAR,BV,plx,-35.67,1.04,-13.22,0.61,7.23,0.91,8.094,0.017,7.903,0.013,,,,,,,,,,,7.443,0.018,7.391,0.018,7.353,0.02,7860,540,386,3.649,0.108,0.09,0.003,0.15,0.12,3.749,0.516,0.537,2.352,0.239,0.17,0.043,0.021,0.012,324.3,72.56,72.56,0.027,0.01,0.006,,,
561,561,561,211914009,08 55 06.870,+18 56 04.22,1,15.385,,,,,5071-301-1-0130-0010,EXTENDED,gri,,-7,2,-1,2,,,,,,,16.505,0.018,15.431,0.004,15.369,0.006,14.9,0.005,15.023,0.02,,,,,,,,,,,,,,,,,,,,,,,,,,,,,,,,,
562,562,562,211914018,09 05 51.940,+18 56 04.62,1,12.382,,,545-047890,09055194+1856047,,STAR,gri,rpm,-21.1,1.4,-22.3,1.9,,,13.309,0.05,12.566,0.03,,,12.863,0.03,12.366,0.02,12.175,0.04,,,11.2,0.022,10.87,0.029,10.814,0.022,5749,92,115,4.421,0.065,0.442,-0.146,0.15,0.39,0.991,0.71,0.11,0.97,0.066,0.093,0.948,0.273,0.751,315.7,212.1,42,0.029,0.01,0.005,,,
563,563,563,211914045,08 39 11.442,+18 56 05.78,1,11.132,,1395-1129-1,545-046837,08391144+1856058,,STAR,gri,plx,-78.9,1.7,-36.9,1.8,,,11.959,0.162,11.453,0.141,,,11.744,0.01,11.088,0.03,10.87,0.03,,,9.87,0.021,9.426,0.021,9.344,0.018,5193,62,62,4.592,0.03,0.025,-0.277,0.2,0.28,0.742,0.048,0.053,0.798,0.068,0.082,1.918,0.284,0.208,105.9,9.256,9.256,0.017,0.005,0.005,,,
564,564,564,211914052,08 50 31.689,+18 56 06.51,1,18.001,,,,08503168+1856065,5071-301-2-0123-0147,EXTENDED,gri,,1,3,3,3,,,,,,,20.921,0.115,18.97,0.012,17.986,0.008,17.586,0.008,17.254,0.017,16.381,0.111,15.63,0.115,15.243,0.133,,,,,,,,,,,,,,,,,,,,,,,,,,,
565,565,565,211914068,09 15 34.911,+18 56 07.52,1,19.002,,,,,5112-301-1-0194-0139,STAR,gri,,1,3,-2,3,,,,,,,19.473,0.026,19.315,0.011,18.945,0.011,18.868,0.013,18.766,0.037,,,,,,,,,,,,,,,,,,,,,,,,,,,,,,,,,
566,566,566,211914078,08 53 58.495,+18 56 07.96,1,18.044,,,,,5061-301-2-0130-0497,EXTENDED,gri,,14,3,7,3,,,,,,,19.556,0.075,18.461,0.013,18.084,0.016,17.866,0.023,17.785,0.104,,,,,,,,,,,,,,,,,,,,,,,,,,,,,,,,,
567,567,567,211914094,08 58 26.419,+18 56 08.57,1,19.174,,,,,5061-301-1-0137-0063,STAR,gri,,3,3,0,3,,,,,,,19.303,0.023,19.19,0.01,19.169,0.012,19.125,0.015,19.13,0.05,,,,,,,,,,,,,,,,,,,,,,,,,,,,,,,,,
568,568,568,211914096,09 14 18.891,+18 56 08.69,1,10.207,,1404-119-1,545-048158,09141889+1856086,,STAR,gri,rpm,-8.5,1.1,-11.8,1.2,,,11.402,0.064,10.458,0.041,,,10.876,0.03,10.222,0.06,9.92,0.04,,,8.776,0.029,8.287,0.026,8.16,0.023,4969,119,99,2.418,0.646,0.095,-0.608,0.25,0.45,10.267,0.939,4.894,0.997,0.185,0.116,9.39E-04,0.008,2.51E-04,828.9,86.27,362.1,0.032,0.008,0.006,,,
569,569,569,211914098,08 40 28.235,+18 56 08.94,1,15.015,,,545-046902,08402823+1856090,5037-301-1-0113-0196,STAR,gri,rpm,-35.7,3.5,-9.5,3.8,,,17.31,0.11,15.798,0.06,,,16.645,0.07,15.206,0.07,14.316,0.1,,,12.581,0.021,11.901,0.019,11.713,0.023,3848,114,91,4.869,0.042,0.035,0.091,0.12,0.12,0.411,0.032,0.044,0.457,0.05,0.05,6.573,1.514,1.043,142.8,20.78,18.14,0.021,0.009,0.004,,,
570,570,570,211914117,08 41 34.294,+18 56 09.77,1,10.717,,1395-1114-1,545-046967,08413431+1856097,,STAR,gri,rpm,-3.8,2.4,0.9,2.7,,,12.28,0.296,11.192,0.127,,,11.941,0.03,10.742,0.02,10.192,0.04,,,8.728,0.029,8.012,0.026,7.839,0.024,4134,49,49,1.434,0.294,0.735,-0.257,0.24,0.78,31.42,31.881,7.42,1.081,0.192,0.192,3.11E-05,3.85E-05,2.78E-05,2000,1750,429.6,0.035,0.01,0.007,,,
571,571,571,211914124,08 44 19.135,+18 56 09.97,1,17.562,,,,08441913+1856099,5061-301-4-0116-0282,STAR,gri,rpm,-38,3,-11,3,,,,,,,20.572,0.052,17.946,0.006,16.506,0.005,17.397,0.016,14.372,0.005,12.972,0.023,12.392,0.026,12.059,0.021,3493,83,69,5.032,0.045,0.025,0.084,0.12,0.12,0.249,0.026,0.038,0.241,0.034,0.048,15.43,4.911,2.358,90.99,13.72,14.11,0.014,0.008,0.005,,,
572,572,572,211914136,08 52 35.972,+18 56 10.29,1,18.061,,,,08523597+1856102,,STAR,J,,,,,,,,,,,,,,,,,,,,,,16.521,0.119,,,15.732,0.197,,,,,,,,,,,,,,,,,,,,,,,,,,,
573,573,573,211914169,09 09 02.454,+18 56 12.15,1,17.743,,,,09090245+1856121,5080-301-3-0160-0166,EXTENDED,gri,,6,3,0,3,,,,,,,19.775,0.069,18.512,0.011,17.79,0.009,17.413,0.009,17.157,0.025,16.753,0.147,,,,,,,,,,,,,,,,,,,,,,,,,,,,,,,
574,574,574,211914172,09 06 35.644,+18 56 12.58,1,18.007,,,,09063564+1856125,5112-301-3-0181-0055,EXTENDED,gri,,-2,2,-4,2,,,,,,,20.877,0.083,18.968,0.01,18.017,0.007,17.595,0.007,17.315,0.017,16.09,0.088,15.537,0.121,15.05,0.12,,,,,,,,,,,,,,,,,,,,,,,,,,,
575,575,575,211914177,08 43 02.486,+18 56 12.73,1,17.958,,,,08430248+1856127,5071-301-4-0112-0175,EXTENDED,gri,,2,3,3,3,,,,,,,18.415,0.017,18.255,0.007,17.938,0.007,17.831,0.007,17.414,0.016,16.155,0.118,15.369,0.114,14.638,0.096,,,,,,,,,,,,,,,,,,,,,,,,,,,
576,576,576,211914190,08 39 07.937,+18 56 13.69,1,15.776,,,,08390793+1856136,,STAR,JHK,col,,,,,,,,,,,,,,,,,,,,,13.736,0.024,13.196,0.029,12.941,0.033,3538,164,197,5.041,0.091,0.065,-0.046,0.15,0.21,0.227,0.073,0.055,0.218,0.087,0.073,16.66,11.7,5.266,123.4,42.67,41.97,0.017,0.007,0.006,,,
577,577,577,211914191,08 51 23.908,+18 56 13.78,1,16.971,,,,08512390+1856137,5071-301-2-0124-0237,STAR,gri,rpm,-52,2,-51,2,,,,,,,19.486,0.028,17.762,0.006,16.978,0.005,16.632,0.005,16.466,0.008,15.391,0.053,14.978,0.064,14.903,0.102,4594,73,165,4.92,0.02,0.033,-1.881,0.4,0.25,0.381,0.027,0.008,0.448,0.029,0.014,7.976,0.479,1.077,647,19.41,98.84,0.036,0.002,0.002,,,
578,578,578,211914223,08 43 26.596,+18 56 15.96,1,11.842,,1396-305-1,545-047053,08432660+1856161,,STAR,gri,rpm,-12.2,1.6,-1.9,1.7,,,12.146,0.156,12.31,0.242,,,11.953,0.04,11.805,0.03,11.765,0.03,,,11.118,0.022,10.903,0.022,10.863,0.02,6766,136,164,4.165,0.095,0.152,-0.084,0.12,0.12,1.552,0.405,0.188,1.374,0.111,0.111,0.333,0.164,0.151,563.5,126.9,76.09,0.033,0.008,0.008,,,
579,579,579,211914237,08 40 00.717,+18 56 16.82,1,13.315,,,545-046881,08400072+1856168,,STAR,BV,rpm,-29.1,2.8,-23.4,2.7,,,14.335,0.047,13.508,0.033,,,,,,,,,,,11.898,0.021,11.433,0.017,11.333,0.018,5104,102,122,4.579,0.035,0.035,-0.096,0.15,0.3,0.767,0.048,0.06,0.831,0.043,0.078,1.768,0.309,0.228,293.2,21.84,29.95,0.029,0.008,0.007,,,
580,580,580,211914276,08 39 11.557,+18 56 18.94,1,15.109,,,545-046838,08391157+1856188,,STAR,gri,col,,,,,,,17.107,0.101,15.95,0.064,,,16.375,0.057,14.989,0.055,14.567,0.18,,,12.853,0.026,12.294,0.03,12.105,0.028,3804,116,116,4.974,0.06,0.072,-0.211,0.2,0.24,0.31,0.06,0.059,0.336,0.075,0.09,10.36,4.274,3.026,121.5,29.36,27.79,0.018,0.006,0.005,,,
581,581,581,211914302,08 51 54.129,+18 56 20.29,1,19.381,,,,,5071-301-2-0125-0410,EXTENDED,gri,,10,3,-2,3,,,,,,,20.62,0.092,19.605,0.018,19.306,0.021,19.084,0.024,18.935,0.071,,,,,,,,,,,,,,,,,,,,,,,,,,,,,,,,,
582,582,582,211914320,09 07 23.058,+18 56 21.12,1,12.691,,,545-047936,09072305+1856212,,STAR,gri,rpm,-5.2,2,-0.1,2.6,,,13.226,0.04,12.737,0.04,,,12.898,0.03,12.622,0.01,12.509,0.03,,,11.718,0.025,11.42,0.03,11.373,0.026,6330,101,101,4.175,0.15,0.21,-0.37,0.25,0.25,1.35,0.469,0.206,1.083,0.19,0.135,0.371,0.245,0.188,588.4,193,107.9,0.033,0.01,0.006,,,
583,583,583,211914327,08 46 23.622,+18 56 21.66,1,12.018,,,545-047165,08462362+1856216,,STAR,gri,rpm,-6.9,0.7,-32.3,1.7,,,12.843,0.04,12.174,0.01,,,12.436,0.03,11.961,0.02,11.838,0.03,,,10.948,0.023,10.641,0.021,10.563,0.018,5866,94,94,4.362,0.09,0.21,-0.067,0.12,0.24,1.073,0.295,0.112,1.008,0.066,0.092,0.773,0.274,0.411,309.6,79.45,41.19,0.029,0.008,0.007,,,
584,584,584,211914337,08 52 16.156,+18 56 22.38,1,17.981,,,,,5071-301-2-0125-0310,EXTENDED,gri,,,,,,,,,,,,19.206,0.041,18.191,0.009,17.911,0.012,17.681,0.012,17.579,0.034,,,,,,,,,,,,,,,,,,,,,,,,,,,,,,,,,
585,585,585,211914343,08 42 35.661,+18 56 22.86,1,17.21,,,,08423566+1856228,5071-301-4-0111-0293,EXTENDED,gri,,9,4,6,4,,,,,,,20.1,0.08,18.219,0.008,17.212,0.006,16.778,0.006,16.418,0.014,15.818,0.098,15.477,0.148,15.168,0.169,,,,,,,,,,,,,,,,,,,,,,,,,,,
586,586,586,211914364,08 40 45.720,+18 56 24.04,1,17.521,,,,08404572+1856240,5037-301-1-0114-0244,EXTENDED,gri,,2,3,2,3,,,,,,,20.465,0.071,18.455,0.009,17.534,0.006,17.121,0.006,16.79,0.014,16.117,0.092,15.42,0.118,14.594,0.096,,,,,,,,,,,,,,,,,,,,,,,,,,,
587,587,587,211914381,08 44 15.532,+18 56 25.23,1,17.807,,,,,5061-301-4-0116-0116,STAR,gri,,3,3,4,3,,,,,,,18.158,0.013,17.813,0.006,17.805,0.007,17.797,0.008,17.76,0.019,,,,,,,,,,,,,,,,,,,,,,,,,,,,,,,,,
588,588,588,211914403,08 56 30.220,+18 56 26.49,1,11.699,,1397-1022-1,545-047545,08563021+1856266,,STAR,gri,rpm,0.1,2.4,-8.5,2.5,,,12.2,0.258,11.519,0.169,,,11.859,0.02,11.646,0.04,11.548,0.03,,,10.803,0.02,10.643,0.021,10.542,0.018,6727,160,134,4.097,0.145,0.203,-0.03,0.12,0.1,1.671,0.628,0.271,1.437,0.185,0.115,0.254,0.168,0.141,524.2,182.3,80.09,0.032,0.011,0.007,,,
589,589,589,211914431,08 45 35.053,+18 56 27.68,1,16.745,,,,08453505+1856276,5061-301-4-0118-0158,EXTENDED,gri,,5,2,3,2,,,,,,,19.648,0.052,17.649,0.006,16.763,0.005,16.357,0.005,16.032,0.011,15.466,0.075,14.776,0.085,14.526,0.101,,,,,,,,,,,,,,,,,,,,,,,,,,,
590,590,590,211914445,08 41 41.845,+18 56 28.59,1,14.529,,,545-046975,08414183+1856285,,STAR,gri,lam,-7.4,3.1,4.6,3.4,,,15.462,0.06,14.725,0.04,,,15.054,0.02,14.502,0.03,14.304,0.05,,,13.309,0.022,12.869,0.026,12.804,0.026,5462,163,131,4.561,0.036,0.042,-0.555,0.15,0.15,0.758,0.058,0.047,0.77,0.053,0.038,1.753,0.237,0.285,589,70.35,45.61,0.032,0.007,0.006,,,
591,591,591,211914448,08 47 41.806,+18 56 28.78,1,16.475,,,,08474180+1856287,5071-301-3-0119-0233,STAR,gri,rpm,-36,3,-11,3,,,,,,,21.179,0.083,18.458,0.007,17.047,0.005,15.625,0.004,14.863,0.005,13.411,0.025,12.794,0.032,12.552,0.026,3600,106,63,5.01,0.025,0.03,-0.021,0.12,0.15,0.276,0.024,0.025,0.287,0.03,0.039,13.43,2.421,2.051,130.8,14.94,15.92,0.018,0.003,0.003,,,
592,592,592,211914465,08 38 25.380,+18 56 29.88,1,15.069,,,545-046798,08382537+1856300,5071-301-5-0105-0334,STAR,JHK,rpm,-39.4,4.4,-13.2,4.3,,,,,,,,,,,,,,,,,12.643,0.029,11.961,0.031,11.725,0.019,3889,308,220,4.865,0.095,0.114,-0.019,0.15,0.21,0.394,0.108,0.085,0.445,0.118,0.118,6.372,3.962,2.443,145.5,52.59,38.63,0.019,0.008,0.006,,,
593,593,593,211914495,08 38 29.035,+18 56 31.30,1,12.561,,,545-046799,08382903+1856313,,STAR,gri,rpm,-0.2,1.9,-0.7,2.1,,,14.286,0.04,12.969,0.02,,,13.629,0.01,12.512,0.02,12.104,0.01,,,10.673,0.02,10.028,0.023,9.846,0.014,4292,68,51,1.74,0.414,1.242,-0.313,0.48,1.44,20.745,55.942,7.668,1.015,0.02,0.205,9.05E-05,2.80E-04,8.92E-05,3099,9284,708.8,0.042,0.002,0.008,,,
594,594,594,211914518,09 08 19.910,+18 56 32.62,1,17.302,,,,09081991+1856326,5080-301-3-0159-0176,EXTENDED,gri,,5,3,-1,3,,,,,,,20.385,0.08,18.34,0.008,17.297,0.006,16.857,0.006,16.478,0.012,15.828,0.073,15.17,0.101,14.754,0.092,,,,,,,,,,,,,,,,,,,,,,,,,,,
595,595,595,211914530,09 10 27.945,+18 56 33.36,1,14.844,,,545-048033,09102794+1856334,5112-301-2-0187-0028,STAR,gri,rpm,-2.3,3.1,-7.7,3.5,,,15.922,0.02,15.137,0.03,,,15.459,0.02,14.904,0.05,14.581,0.04,,,13.639,0.025,13.176,0.025,13.09,0.023,5216,121,152,3.412,1.085,0.775,-0.813,0.5,0.7,2.501,3.268,1.844,0.866,0.04,0.088,0.043,1.613,0.04,2130,2660,1547,0.033,0.01,0.006,,,
596,596,596,211914544,09 06 35.849,+18 56 34.40,1,11.643,,,545-047911,09063584+1856344,,STAR,gri,rpm,-8.4,1.6,-9.7,1.6,,,12.966,0.05,11.952,0.04,,,12.406,0.03,11.607,0.01,11.316,0.02,,,10.129,0.022,9.599,0.027,9.479,0.022,4825,77,77,2.655,0.497,0.426,-0.436,0.25,0.4,7.533,3.558,3.15,1.001,0.198,0.11,0.002,0.011,0.001,1163,483.5,496.2,0.034,0.011,0.008,,,
597,597,597,211914551,08 38 10.833,+18 56 34.66,1,14.399,,,545-046788,08381083+1856346,,STAR,gri,lam,-2.6,3.4,-5.7,3.1,,,15.492,0.25,14.69,0.05,,,15.087,0.09,14.383,0.01,14.105,0.03,,,12.94,0.027,12.49,0.031,12.394,0.021,4947,147,88,3.603,0.112,0.096,-0.09,0.12,0.15,2.791,0.384,0.338,1.169,0.08,0.128,0.052,0.026,0.015,1634,207.8,184.3,0.033,0.008,0.01,,,
598,598,598,211914580,08 39 59.570,+18 56 35.75,1,10.071,,1395-1070-1,545-046880,08395957+1856357,,STAR,gri,plx,-22.4,1.3,-5.4,1.3,,,10.066,0.033,9.78,0.033,,,10.236,0.01,10.015,0.07,9.967,0.04,,,9.457,0.023,9.368,0.021,9.303,0.017,7145,217,217,3.942,0.105,0.126,0.011,0.12,0.1,2.282,0.441,0.313,1.71,0.132,0.11,0.137,0.066,0.051,413.5,65.54,65.54,0.031,0.011,0.007,,,
599,599,599,211914620,09 07 40.157,+18 56 37.76,1,17.37,,,,,5080-301-3-0158-0090,EXTENDED,gri,,-11,3,-6,3,,,,,,,19.454,0.064,18.079,0.01,17.401,0.008,17.066,0.009,16.93,0.029,,,,,,,,,,,,,,,,,,,,,,,,,,,,,,,,,
600,600,600,211914630,08 59 29.375,+18 56 38.43,1,17.762,,,,,5080-301-5-0146-0122,EXTENDED,gri,,-10,2,-7,2,,,,,,,19.25,0.041,18.24,0.009,17.858,0.009,17.557,0.011,17.4,0.029,,,,,,,,,,,,,,,,,,,,,,,,,,,,,,,,,
601,601,601,211914644,09 06 31.129,+18 56 39.35,1,14,,,545-047907,09063112+1856392,,STAR,gri,rpm,-18.1,3.2,-15.3,3.7,,,15.07,0.06,14.264,0.05,,,14.597,0.03,13.994,0.01,13.745,0.04,,,12.724,0.022,12.272,0.031,12.205,0.029,5304,85,107,4.538,0.05,0.93,-0.431,0.25,0.35,0.804,1.645,0.082,0.84,0.076,0.076,1.563,0.338,1.503,470.5,889,58.45,0.032,0.01,0.006,,,
602,602,602,211914656,08 43 48.767,+18 56 40.14,1,14.228,,,545-047064,08434876+1856402,,STAR,gri,rpm,-7.6,2.9,-26.7,3.4,,,16.066,0.08,14.735,0.01,,,15.429,0.06,14.177,0.03,13.712,0.04,,,12.31,0.023,11.677,0.021,11.556,0.019,4121,99,99,4.791,0.066,0.055,-0.108,0.2,0.2,0.49,0.062,0.076,0.559,0.067,0.08,4.514,1.519,0.969,170.4,26.33,28.01,0.023,0.005,0.005,,,
603,603,603,211914718,08 57 09.709,+18 56 43.98,1,11.448,,1397-1030-1,545-047574,08570970+1856441,,STAR,gri,rpm,31.1,1.4,-35.4,1.5,,,12.09,0.181,12.112,0.265,,,12.016,0.02,11.505,0.01,11.205,0.05,,,9.794,0.022,9.391,0.024,9.272,0.023,5380,65,86,3.388,0.36,0.36,-1.232,0.57,0.18,2.783,1.157,1.187,0.865,0.021,0.047,0.029,0.05,0.021,414.5,177.5,156.8,0.031,0.008,0.008,,,
604,604,604,211914723,09 07 27.379,+18 56 44.02,1,12.723,,,545-047939,09072737+1856440,,STAR,gri,lam,-8.4,2,8.8,2.5,,,13.253,0.05,12.78,0.04,,,12.934,0.02,12.652,0.02,12.551,0.01,,,11.776,0.023,11.517,0.031,11.481,0.025,6148,122,122,4.184,0.125,0.15,-0.405,0.15,0.15,1.293,0.259,0.182,0.985,0.101,0.063,0.429,0.243,0.179,556.6,113.2,79.58,0.033,0.007,0.006,,,
605,605,605,211914745,09 08 48.519,+18 56 44.94,1,12.828,,,545-047971,09084851+1856449,,STAR,gri,lam,-3.7,2.1,-7.1,2.7,,,13.585,0.03,12.971,0.03,,,13.214,0.02,12.811,0.01,12.662,0.01,,,11.755,0.022,11.436,0.029,11.352,0.019,5830,138,138,4.457,0.05,0.07,-0.374,0.15,0.15,0.917,0.11,0.071,0.893,0.069,0.069,1.106,0.255,0.244,376.3,53.37,39.38,0.031,0.008,0.007,,,
606,606,606,211914889,08 39 30.714,+18 56 53.40,1,18.032,,,,08393071+1856533,5061-301-5-0109-0536,STAR,gri,rpm,-34,3,-9,3,,,,,,,22.157,0.147,20.219,0.018,18.745,0.009,17.095,0.006,16.21,0.007,14.703,0.033,14.116,0.032,13.841,0.047,3514,105,105,5.067,0.035,0.035,-0.098,0.2,0.2,0.221,0.031,0.023,0.209,0.041,0.026,18.89,4.674,3.747,175.3,27.37,23.68,0.024,0.008,0.007,,,
607,607,607,211914891,09 11 36.456,+18 56 53.61,1,17.565,,,,09113645+1856536,5112-301-2-0188-0209,STAR,gri,rpm,-21,3,-45,3,,,,,,,21.968,0.157,19.383,0.012,18.028,0.007,16.786,0.006,16.092,0.007,14.828,0.03,14.272,0.035,14.08,0.046,3778,111,111,4.972,0.045,0.045,-0.183,0.2,0.24,0.312,0.036,0.044,0.333,0.049,0.065,10.49,3.148,2.061,298.9,38.02,52.11,0.028,0.007,0.006,,,
608,608,608,211914957,09 07 30.169,+18 56 56.49,1,18.478,,,,,5112-301-3-0182-0235,EXTENDED,gri,,4,3,-4,3,,,,,,,20.122,0.05,18.989,0.01,18.531,0.009,18.259,0.011,18.027,0.034,,,,,,,,,,,,,,,,,,,,,,,,,,,,,,,,,
609,609,609,211914960,08 40 02.229,+18 56 56.99,1,14.179,,,545-046884,08400223+1856569,,STAR,JHK,rpm,-27.1,3.6,-12.2,3.8,,,,,,,,,,,,,,,,,11.997,0.02,11.38,0.018,11.16,0.02,3690,216,86,4.948,0.055,0.077,-0.017,0.1,0.16,0.326,0.078,0.044,0.349,0.108,0.054,9.578,3.492,2.982,86.38,23.63,18.55,0.014,0.004,0.004,,,
610,610,610,211914984,09 14 58.147,+18 56 58.42,1,18.285,,,,09145814+1856584,5080-301-2-0169-0249,STAR,gri,rpm,-74,4,-15,4,,,,,,,22.926,0.321,20.351,0.019,18.884,0.01,17.4,0.006,16.555,0.008,15.145,0.037,14.548,0.046,14.27,0.05,3149,31,31,5.169,0.02,0.02,0.034,0.18,0.08,0.159,0.006,0.003,0.136,0.003,0.003,33.91,2.034,2.841,140,4.201,11.67,0.018,0.009,0.001,,,
611,611,611,211915017,08 52 41.132,+18 56 59.91,1,12.357,,,545-047396,08524113+1856599,,STAR,gri,lam,-0.4,0.5,-8.8,0.6,,,13.148,0.03,12.498,0.04,,,12.759,0.02,12.316,0.04,12.185,0.07,,,11.364,0.022,11.06,0.024,10.993,0.023,5788,139,174,4.437,0.05,0.09,-0.044,0.1,0.14,0.997,0.13,0.084,1.003,0.05,0.069,0.983,0.212,0.264,340.3,53.66,39.09,0.029,0.008,0.007,,,
612,612,612,211915034,08 51 20.412,+18 57 00.54,1,16.565,,,,08512041+1857005,5071-301-2-0124-0231,EXTENDED,gri,,-3,2,-4,2,,,,,,,19.034,0.048,17.482,0.007,16.598,0.005,16.172,0.005,15.816,0.011,15.804,0.088,15.213,0.106,14.725,0.109,,,,,,,,,,,,,,,,,,,,,,,,,,,
613,613,613,211915050,09 02 25.078,+18 57 01.46,1,13.784,,,545-047757,09022507+1857014,,STAR,gri,rpm,6.1,3.1,-7.3,3.3,,,15.556,0.06,14.2,0.03,,,14.87,0.01,13.814,0.01,13.318,0.03,,,11.859,0.023,11.143,0.021,11.03,0.019,4313,50,67,4.682,0.05,3.96,-0.16,0.25,1.35,0.618,63.472,0.057,0.688,0.164,0.059,2.74,0.773,2.74,207,18710,43.78,0.029,0.008,0.01,,,
614,614,614,211915068,09 09 31.813,+18 57 02.53,1,13.51,,,545-047995,09093181+1857026,,STAR,gri,rpm,8,2.5,2.4,2.8,,,14.707,0.05,13.766,0.03,,,14.189,0.01,13.462,0.01,13.218,0.01,,,12.08,0.024,11.581,0.032,11.505,0.023,4992,99,79,3.292,0.36,0.792,-0.474,0.25,0.3,3.587,4.521,1.111,0.974,0.143,0.102,0.017,0.052,0.015,1450,1713,432.9,0.034,0.008,0.006,,,
615,615,615,211915081,08 56 55.866,+18 57 03.10,1,18.99,,,,,5071-301-1-0132-0189,STAR,gri,,1,3,-4,3,,,,,,,19.279,0.024,19.127,0.01,18.944,0.011,18.695,0.011,18.739,0.033,,,,,,,,,,,,,,,,,,,,,,,,,,,,,,,,,
616,616,616,211915147,08 39 09.300,+18 57 06.73,1,9.023,,1395-1062-1,545-046831,08390930+1857068,,STAR,gri,plx,-21.1,1.1,-1.6,1.1,,,9.237,0.021,8.81,0.018,,,9.87,0.01,9.364,0.11,8.66,0.03,,,8.082,0.018,7.923,0.029,7.893,0.029,6545,195,195,3.897,0.066,0.055,0.051,0.12,0.12,2.33,0.16,0.197,1.586,0.066,0.066,0.122,0.028,0.023,198.8,13.82,13.82,0.024,0.008,0.006,,,
617,617,617,211915190,08 45 37.910,+18 57 08.85,1,18.006,,,,08453790+1857088,,STAR,J,,,,,,,,,,,,,,,,,,,,,,16.471,0.148,15.636,0.145,,,,,,,,,,,,,,,,,,,,,,,,,,,,,
618,618,618,211915202,08 40 29.219,+18 57 09.49,1,14.909,,,545-046903,08402921+1857096,,STAR,BV,col,,,,,,,16.565,0.06,15.182,0.048,,,,,,,,,,,11.75,0.021,11.061,0.019,10.863,0.02,4079,127,127,4.795,0.054,0.045,-0.034,0.15,0.21,0.487,0.046,0.058,0.542,0.064,0.064,4.623,1.36,0.917,127.7,23.72,20.01,0.019,0.007,0.005,,,
619,619,619,211915222,08 53 54.473,+18 57 10.42,1,14.672,,,545-047443,08535447+1857104,5061-301-2-0130-0113,STAR,JHK,rpm,-64.1,2.8,-42.7,3,,,,,,,,,,,,,,,,,12.405,0.022,11.798,0.027,11.542,0.022,3598,86,129,4.997,0.063,0.045,0.011,0.15,0.15,0.279,0.042,0.058,0.284,0.061,0.072,12.93,5.844,2.846,84.29,15.66,20.11,0.012,0.006,0.004,,,
620,620,620,211915260,08 40 30.154,+18 57 12.33,1,10.708,,1395-1051-1,545-046905,08403014+1857124,,STAR,gri,rpm,1.4,1.4,-6.9,1.5,,,11.164,0.073,10.975,0.091,,,10.847,0.01,10.662,0.01,10.604,0.03,,,9.925,0.02,9.766,0.019,9.727,0.018,6869,137,137,4.005,0.21,0.252,-0.042,0.1,0.1,1.888,0.771,0.469,1.521,0.23,0.144,0.189,0.224,0.115,403.7,163.4,99.57,0.031,0.01,0.007,,,
621,621,621,211915312,09 09 59.877,+18 57 14.92,1,9.116,45005,1404-1645-1,545-048012,09095988+1857148,,STAR,gri,plx,-12.29,1.12,5.8,0.45,6.17,1.09,9.366,0.018,8.927,0.014,,,10.008,0.05,9.291,0.14,8.733,0.09,,,8,0.029,7.794,0.023,7.756,0.031,6188,184,184,3.944,0.125,0.125,0.006,0.12,0.15,2.04,0.401,0.335,1.388,0.144,0.144,0.152,0.089,0.056,162.1,28.63,28.63,0.022,0.007,0.005,,,
622,622,622,211915395,08 43 05.393,+18 57 19.46,1,11.102,,1396-327-1,545-047030,08430539+1857194,,STAR,gri,rpm,-3.8,1.7,-5.3,1.7,,,11.873,0.12,11.795,0.195,,,11.512,0.04,11.078,0.02,10.927,0.03,,,10.084,0.023,9.744,0.021,9.691,0.02,5800,138,138,3.888,0.504,0.378,-0.208,0.2,0.4,1.768,1.2,0.819,1.073,0.25,0.178,0.146,0.684,0.113,334.6,221.9,133.4,0.028,0.01,0.007,,,
623,623,623,211915413,08 44 11.944,+18 57 20.75,1,17.933,,,,08441194+1857207,,STAR,J,col,,,,,,,,,,,,,,,,,,,,,16.404,0.132,15.906,0.174,15.334,0.167,3825,775,352,4.928,0.135,0.243,-0.246,0.25,0.4,0.309,0.227,0.114,0.359,0.272,0.17,8.902,10.35,5.879,723.2,776.7,329.4,0.032,0.011,0.008,,,
624,624,624,211915434,09 05 46.922,+18 57 22.00,1,12.487,,,545-047887,09054692+1857221,,STAR,gri,rpm,-32.9,1.7,-44.6,1.7,,,13.728,0.06,12.801,0.05,,,13.231,0.04,12.46,0.02,12.168,0.06,,,11.034,0.022,10.479,0.026,10.415,0.022,4899,59,98,4.63,0.025,0.04,-0.326,0.3,0.12,0.678,0.071,0.041,0.729,0.082,0.051,2.259,0.276,0.423,164.5,44.32,25.77,0.022,0.004,0.006,,,
625,625,625,211915441,08 58 45.788,+18 57 22.28,1,14.17,,,545-047613,08584578+1857223,,STAR,gri,rpm,16.2,1.8,-1.7,1.5,,,15.366,0.04,14.453,0.03,,,14.896,0.04,14.127,0.01,13.859,0.04,,,12.696,0.023,12.186,0.024,12.103,0.018,4989,59,79,4.585,0.04,1.328,-0.111,0.12,0.36,0.758,3.04,0.056,0.832,0.115,0.069,1.811,0.327,1.795,405.5,1564,41.43,0.033,0.013,0.005,,,
626,626,626,211915463,08 53 00.761,+18 57 23.73,1,19.728,,,,,5061-301-2-0129-0163,STAR,gri,,-5,3,-7,3,,,,,,,20.936,0.068,19.813,0.014,19.7,0.016,19.701,0.023,19.605,0.07,,,,,,,,,,,,,,,,,,,,,,,,,,,,,,,,,
627,627,627,211915503,08 47 40.437,+18 57 25.94,1,15.297,,,,08474043+1857259,5071-301-3-0119-0227,EXTENDED,gri,,2,4,6,1,,,,,,,17.826,0.023,16.231,0.004,15.35,0.003,14.896,0.003,14.557,0.006,14.561,0.072,14.073,0.109,13.615,0.097,,,,,,,,,,,,,,,,,,,,,,,,,,,
628,628,628,211915533,08 58 22.117,+18 57 27.44,1,11.458,,1397-982-1,545-047603,08582211+1857275,,STAR,gri,rpm,5.5,1.6,-4.3,1.6,,,11.681,0.121,11.375,0.147,,,11.587,0.05,11.414,0.03,11.362,0.03,,,10.648,0.021,10.462,0.023,10.451,0.023,6762,204,204,4.121,0.162,0.162,-0.044,0.12,0.15,1.681,0.345,0.337,1.413,0.129,0.108,0.271,0.189,0.127,486,98.84,94.41,0.032,0.007,0.006,,,
629,629,629,211915593,08 41 27.400,+18 57 31.22,1,13.674,,,545-046959,08412739+1857313,,STAR,gri,lam,-0.4,2.4,0.4,2.3,,,14.935,0.04,13.959,0.03,,,14.425,0.02,13.646,0.01,13.352,0.05,,,12.215,0.023,11.714,0.026,11.591,0.021,4856,117,136,2.395,0.156,0.024,-0.412,0.12,0.12,10.289,0.51,1.56,0.971,0.047,0.019,8.73E-04,5.62E-04,7.68E-05,3900,278.9,542.1,0.031,0.013,0.008,,,
630,630,630,211915602,08 40 14.270,+18 57 31.43,1,13.32,,,545-046892,08401426+1857314,,STAR,gri,lam,-35.6,2.1,-9.6,1.9,,,14.998,0.04,13.782,0.02,,,14.455,0.02,13.274,0.02,12.834,0.03,,,11.546,0.02,10.932,0.018,10.823,0.022,4306,153,153,4.723,0.054,0.045,0.005,0.08,0.1,0.566,0.055,0.059,0.64,0.052,0.063,3.281,0.926,0.614,142.4,25.68,18.38,0.019,0.006,0.004,,,
631,631,631,211915742,08 43 51.247,+18 57 40.04,1,19.766,,,,,5061-301-4-0116-0214,STAR,gri,,7,4,1,4,,,,,,,20.515,0.05,19.78,0.013,19.762,0.016,19.592,0.019,19.294,0.063,,,,,,,,,,,,,,,,,,,,,,,,,,,,,,,,,
632,632,632,211915759,08 50 58.113,+18 57 41.37,1,15.373,,,545-047321,08505810+1857412,,STAR,gri,rpm,17.6,2.8,-49.3,2.9,,,17.972,0.142,16.261,0.072,,,17.095,0.02,15.625,0.03,14.635,0.04,,,12.863,0.023,12.227,0.029,11.989,0.025,3543,35,99,5.033,0.042,0.02,-0.026,0.18,0.06,0.247,0.005,0.023,0.237,0.01,0.021,15.99,3.235,0.96,87.33,2.62,11.27,0.015,0.001,0.006,,,
633,633,633,211915771,09 10 27.232,+18 57 42.00,1,17.857,,,,09102723+1857420,5112-301-2-0187-0032,STAR,gri,rpm,1,3,-23,3,,,,,,,18.968,0.02,18.072,0.006,17.785,0.007,17.687,0.008,17.662,0.017,17.039,0.157,16.434,0.194,15.823,0.184,6295,76,126,4.449,0.05,0.08,-1.974,0.35,0.49,0.841,0.088,0.058,0.736,0.017,0.017,1.187,0.257,0.284,4142,537.6,564.2,0.033,0.01,0.007,,,
634,634,634,211915785,08 41 20.342,+18 57 43.01,1,17.248,,,,08412034+1857430,5037-301-1-0115-0332,STAR,gri,rpm,-31,3,-13,3,,,,,,,21.992,0.127,19.326,0.011,17.866,0.007,16.357,0.005,15.536,0.006,14.091,0.03,13.468,0.03,13.16,0.032,3516,104,83,5.064,0.028,0.049,-0.057,0.12,0.15,0.223,0.039,0.023,0.216,0.051,0.031,18.41,3.928,4.184,139.4,29.2,17.71,0.022,0.007,0.006,,,
635,635,635,211915912,08 58 10.412,+18 57 50.51,1,12.134,,,545-047598,08581041+1857504,,STAR,gri,lam,-2.9,2.8,4.7,1.7,,,13.2,0.05,12.362,0.01,,,12.746,0.03,12.13,0.01,11.872,0.02,,,10.752,0.021,10.333,0.023,10.218,0.017,5064,163,102,3.587,0.095,0.114,-0.248,0.12,0.15,2.823,0.42,0.316,1.159,0.156,0.133,0.05,0.021,0.017,628.4,97.1,70.91,0.033,0.007,0.006,,,
636,636,636,211915918,08 44 32.900,+18 57 50.67,1,16.262,,,,08443290+1857506,5061-301-4-0117-0217,STAR,gri,rpm,-40,3,-13,3,,,,,,,20.585,0.053,18.187,0.006,16.775,0.006,15.437,0.005,14.691,0.005,13.308,0.025,12.66,0.028,12.39,0.021,3583,114,42,5.007,0.025,0.025,0.014,0.1,0.16,0.272,0.031,0.02,0.277,0.047,0.024,13.3,1.796,1.875,120.4,19.11,8.549,0.017,0.006,0.005,,,
637,637,637,211915935,08 45 32.184,+18 57 52.13,1,16.812,,,,08453218+1857521,5061-301-4-0118-0345,STAR,gri,rpm,-32,3,-11,3,,,,,,,21.105,0.075,18.797,0.008,17.371,0.006,15.961,0.005,15.22,0.006,13.787,0.026,13.21,0.027,12.918,0.031,3570,82,103,5.027,0.054,0.045,-0.024,0.2,0.16,0.255,0.045,0.038,0.246,0.054,0.054,15.14,4.817,3.654,138,26.24,25.36,0.017,0.008,0.002,,,
638,638,638,211915940,08 38 00.612,+18 57 52.95,1,15.525,,,,08380061+1857529,,STAR,JHK,col,,,,,,,,,,,,,,,,,,,,,13.22,0.027,12.593,0.03,12.345,0.021,3640,170,170,4.993,0.085,0.085,-0.067,0.15,0.21,0.281,0.085,0.076,0.3,0.103,0.103,11.44,8.713,4.303,124.5,48.14,40.4,0.018,0.008,0.006,,,
639,639,639,211915961,08 43 43.556,+18 57 54.14,1,14.055,,,545-047061,08434355+1857541,,STAR,gri,lam,13.4,3.2,-34,3.6,,,15.673,0.07,14.488,0.04,,,15.115,0.05,14.001,0.02,13.6,0.05,,,12.318,0.025,11.7,0.02,11.577,0.02,4281,154,129,4.717,0.048,0.04,0.026,0.1,0.12,0.573,0.052,0.048,0.641,0.053,0.053,3.276,0.663,0.551,205.3,27.71,24.42,0.027,0.005,0.006,,,
640,640,640,211915980,08 55 41.443,+18 57 55.21,1,12.043,,,545-047512,08554144+1857553,,STAR,gri,rpm,2.6,1.2,-8.8,0.6,,,12.725,0.07,12.17,0.01,,,12.384,0.05,12.049,0.01,11.897,0.04,,,11.072,0.023,10.756,0.022,10.69,0.02,6019,143,119,4.032,0.279,0.155,-0.315,0.25,0.4,1.625,0.256,0.47,1.033,0.163,0.116,0.224,0.398,0.078,500.5,82.14,131.2,0.032,0.016,0.009,,,
641,641,641,211915987,09 09 39.228,+18 57 55.88,1,12.091,,,545-048001,09093923+1857559,,STAR,gri,lam,11.9,1.8,-7.4,1.4,,,13.231,0.05,12.35,0.02,,,12.727,0.02,12.075,0.02,11.819,0.03,,,10.715,0.022,10.22,0.021,10.138,0.017,4960,78,78,3.351,0.15,0.125,-0.26,0.15,0.15,3.596,0.629,0.535,1.153,0.155,0.129,0.023,0.016,0.008,755.1,161.1,112.4,0.033,0.01,0.007,,,
642,642,642,211915997,08 45 28.108,+18 57 56.38,1,17.515,,,,08452810+1857563,5061-301-4-0118-0326,EXTENDED,gri,,-1,3,-1,3,,,,,,,20.448,0.085,18.646,0.01,17.489,0.006,17.03,0.006,16.718,0.016,15.972,0.101,15.165,0.102,14.699,0.121,,,,,,,,,,,,,,,,,,,,,,,,,,,
643,643,643,211916029,08 41 16.011,+18 57 57.69,1,17.759,,,,08411601+1857576,5037-301-1-0115-0325,EXTENDED,gri,,1,3,2,3,,,,,,,20.398,0.062,18.666,0.009,17.775,0.007,17.37,0.007,17.063,0.015,16.126,0.09,15.688,0.129,15.302,0.17,,,,,,,,,,,,,,,,,,,,,,,,,,,
644,644,644,211916047,08 57 49.419,+18 57 58.33,1,17.764,,,,08574941+1857583,,STAR,JHK,col,,,,,,,,,,,,,,,,,,,,,15.267,0.048,14.654,0.054,14.316,0.059,3671,325,278,4.987,0.105,0.126,-0.091,0.18,0.27,0.278,0.117,0.082,0.285,0.156,0.112,12.89,10.84,6.691,318.6,186.3,117.6,0.027,0.01,0.008,,,
645,645,645,211916120,08 42 12.694,+18 58 03.04,1,13.507,,,545-046994,08421269+1858030,,STAR,gri,rpm,-14.4,2.4,11,2.2,,,14.81,0.08,13.86,0.01,,,14.323,0.04,13.464,0.02,13.158,0.03,,,11.99,0.02,11.511,0.023,11.388,0.018,4894,58,58,4.609,0.025,0.99,-0.074,0.12,0.15,0.732,1.812,0.043,0.8,0.074,0.053,2.017,0.22,1.957,274.9,638.2,20.11,0.032,0.011,0.004,,,
646,646,646,211916124,09 02 31.987,+18 58 03.43,1,12.47,,,545-047763,09023198+1858034,,STAR,gri,lam,5.6,1.7,-18.9,1.8,,,13.177,0.04,12.564,0.04,,,12.832,0.031,12.451,0.02,12.314,0.02,,,11.477,0.023,11.185,0.024,11.135,0.02,5987,117,140,4.054,0.126,0.105,-0.042,0.12,0.15,1.595,0.27,0.273,1.138,0.13,0.093,0.262,0.151,0.096,591.3,103.4,104,0.034,0.01,0.007,,,
647,647,647,211916148,08 56 57.037,+18 58 04.58,1,14.328,,,545-047567,08565703+1858047,5071-301-1-0132-0192,STAR,gri,rpm,65,2,-171.3,2.3,,,16.207,0.1,14.928,0.04,,,15.666,0.05,14.37,0.04,13.755,0.08,,,12.11,0.02,11.489,0.021,11.301,0.018,3863,235,235,4.992,0.07,0.112,-0.348,0.25,0.35,0.297,0.097,0.062,0.319,0.12,0.086,11.95,5.931,4.582,86.02,30.82,26.46,0.013,0.006,0.005,,,
648,648,648,211916160,08 56 48.334,+18 58 04.92,1,18.981,,,,,5071-301-1-0132-0261,STAR,gri,,12,3,22,3,,,,,,,19.279,0.024,18.883,0.009,19.014,0.011,19.228,0.016,19.46,0.059,,,,,,,,,,,,,,,,,,,,,,,,,,,,,,,,,
649,649,649,211916165,08 38 54.234,+18 58 05.02,1,11.523,,1395-1016-1,545-046818,08385424+1858053,,STAR,gri,rpm,-2,1.9,-7.5,2,,,12.716,0.341,11.681,0.186,,,12.21,0.01,11.492,0.02,11.228,0.03,,,10.097,0.021,9.607,0.023,9.494,0.016,4960,59,59,2.447,0.816,0.102,-0.581,0.16,0.32,9.903,1.036,5.858,1.003,0.175,0.097,0.001,0.015,2.62E-04,1459,188.6,810.2,0.033,0.008,0.007,,,
650,650,650,211916172,08 41 02.369,+18 58 05.33,1,13.36,,,545-046939,08410237+1858054,,STAR,gri,rpm,-11.9,1.7,-2.9,1.7,,,14.472,0.06,13.589,0.02,,,14.001,0.03,13.313,0.01,13.086,0.02,,,12.075,0.022,11.651,0.022,11.572,0.019,5183,104,83,3.957,0.609,0.609,-0.164,0.12,0.45,1.716,1.427,1.024,0.895,0.213,0.047,0.132,1.744,0.11,715.9,630.8,425.6,0.03,0.013,0.008,,,
651,651,651,211916203,09 10 39.200,+18 58 06.70,1,18.117,,,,09103919+1858066,5112-301-2-0187-0271,STAR,gri,rpm,-63,4,-30,4,,,,,,,23.757,0.61,20.433,0.021,18.89,0.01,17.124,0.007,16.259,0.008,14.576,0.028,14.019,0.034,13.741,0.034,3382,149,106,5.14,0.025,0.03,-0.175,0.25,0.3,0.176,0.015,0.007,0.157,0.017,0.008,28.45,2.889,4.235,127.5,11.78,9.055,0.019,0.005,0.004,,,
652,652,652,211916232,08 41 13.938,+18 58 08.92,1,14.98,,,545-046950,08411392+1858090,5037-301-1-0115-0314,STAR,JHK,rpm,-29.8,5.9,-13.9,5.7,,,,,,,,,,,,,,,,,12.644,0.022,11.99,0.021,11.759,0.018,3815,185,123,4.887,0.08,0.05,-0.013,0.12,0.18,0.388,0.053,0.072,0.437,0.068,0.096,6.733,3.671,1.446,141.9,26.98,32.61,0.02,0.007,0.006,,,
653,653,653,211916235,08 44 27.691,+18 58 09.63,1,16.866,,,,08442769+1858096,5061-301-4-0117-0201,STAR,gri,rpm,-38,3,-10,3,,,,,,,21.281,0.086,18.872,0.008,17.466,0.006,16.007,0.005,15.204,0.006,13.78,0.029,13.176,0.028,12.873,0.028,3589,70,56,5.017,0.025,0.035,-0.015,0.12,0.12,0.258,0.032,0.021,0.258,0.042,0.026,14.48,1.954,2.352,141.1,24.68,9.42,0.018,0.006,0.005,,,
654,654,654,211916256,08 59 06.356,+18 58 10.40,1,10.895,,1397-1846-1,545-047629,08590635+1858104,,STAR,gri,lam,3.7,2.2,-6.8,2.3,,,11.948,0.225,11.003,0.117,,,11.723,0.02,10.893,0.01,10.54,0.04,,,9.292,0.027,8.697,0.031,8.555,0.018,4697,93,75,2.518,0.154,0.11,-0.287,0.12,0.15,9.415,1.621,1.383,1.133,0.192,0.137,0.001,7.47E-04,3.99E-04,957.9,147,150.8,0.034,0.01,0.007,,,
655,655,655,211916273,08 59 57.972,+18 58 11.07,1,14.676,,,545-047661,08595796+1858113,5080-301-5-0146-0061,STAR,gri,rpm,29.4,2.3,-27.5,2,,,16.089,0.06,14.992,0.02,,,15.543,0.01,14.591,0.01,14.304,0.01,,,13.027,0.025,12.463,0.021,12.382,0.023,4620,55,55,4.665,0.036,0.036,-0.214,0.28,0.2,0.637,0.049,0.046,0.688,0.065,0.046,2.642,0.392,0.404,349.5,45.18,25.57,0.028,0.007,0.006,,,
656,656,656,211916300,08 44 34.746,+18 58 12.59,1,18.349,,,,08443474+1858125,5061-301-4-0117-0344,STAR,gri,col,,,,,,,,,,,22.214,0.173,20.446,0.02,18.842,0.01,17.45,0.007,16.683,0.01,15.292,0.05,14.828,0.071,14.59,0.09,3156,31,31,5.168,0.02,0.02,0.018,0.1,0.1,0.159,0.004,0.003,0.137,0.003,0.003,33.62,2.017,2.017,148.5,8.435,13.06,0.02,0.005,0.005,,,
657,657,657,211916305,09 09 30.754,+18 58 13.01,1,13.405,,,545-047993,09093075+1858130,,STAR,gri,rpm,2.9,2.5,-27,2.8,,,14.795,0.04,13.765,0.03,,,14.26,0.02,13.346,0.01,13.039,0.01,,,11.829,0.022,11.295,0.029,11.198,0.021,4733,56,56,4.643,0.02,0.033,-0.02,0.12,0.12,0.69,0.041,0.022,0.77,0.025,0.037,2.317,0.139,0.322,230.2,15.67,8.019,0.027,0.005,0.005,,,
658,658,658,211916325,08 40 54.487,+18 58 13.97,1,18.503,,,,08405448+1858139,,STAR,J,col,,,,,,,,,,,,,,,,,,,,,16.93,0.184,15.915,0.167,15.379,0.182,3853,419,349,4.954,0.13,0.182,-0.254,0.25,0.35,0.309,0.152,0.118,0.356,0.202,0.168,9.42,10.72,5.014,776.9,524.4,358.5,0.033,0.01,0.007,,,
659,659,659,211916397,08 47 19.965,+18 58 17.82,1,17.377,,,,08471996+1858178,5071-301-3-0118-0219,EXTENDED,gri,,2,2,-4,2,,,,,,,19.966,0.086,18.273,0.01,17.4,0.008,16.993,0.008,16.701,0.019,16.7,0.19,,,15.469,0.173,,,,,,,,,,,,,,,,,,,,,,,,,,,
660,660,660,211916495,08 54 21.456,+18 58 22.16,1,13.252,,,545-047464,08542145+1858221,,STAR,gri,lam,0.5,1.7,-1.2,1.5,,,14.495,0.05,13.514,0.02,,,13.982,0.034,13.209,0.05,12.939,0.04,,,11.799,0.025,11.255,0.019,11.161,0.019,4934,78,78,3.523,0.12,0.144,-0.078,0.12,0.12,3.043,0.451,0.393,1.205,0.099,0.099,0.04,0.022,0.014,1066,158,162.9,0.032,0.01,0.006,,,
661,661,661,211916496,08 50 18.401,+18 58 22.18,1,12.785,,,545-047289,08501840+1858221,,STAR,gri,lam,32.3,2.5,-11.9,1.5,,,13.559,0.02,12.923,0.02,,,13.18,0.01,12.752,0.03,12.615,0.07,,,11.758,0.023,11.42,0.021,11.369,0.018,5763,139,139,4.459,0.05,0.06,-0.166,0.12,0.12,0.945,0.096,0.073,0.966,0.059,0.07,1.065,0.23,0.189,384.8,49.74,37.07,0.031,0.01,0.006,,,
662,662,662,211916505,08 37 57.556,+18 58 23.25,1,18.491,,,,08375755+1858232,5037-301-2-0110-0474,STAR,gri,rpm,-34,5,-8,5,,,,,,,22.685,0.234,20.882,0.027,19.335,0.013,17.466,0.007,16.354,0.008,14.795,0.036,14.122,0.046,13.852,0.036,3398,170,113,5.137,0.02,0.024,-0.204,0.21,0.18,0.179,0.01,0.013,0.162,0.014,0.017,27.81,3.681,2.737,144.5,16.44,17.07,0.02,0.014,0.008,,,
663,663,663,211916515,08 52 31.199,+18 58 23.70,1,10.497,,1396-1752-1,545-047384,08523119+1858236,,STAR,gri,plx,6.7,1.5,-46.8,1.5,,,11.159,0.084,10.485,0.065,,,10.845,0.03,10.447,0.04,10.347,0.05,,,9.538,0.02,9.269,0.022,9.215,0.02,6138,120,120,3.807,0.114,0.095,0,0.12,0.12,2.454,0.377,0.386,1.474,0.134,0.134,0.096,0.051,0.029,450.4,112.1,112.1,0.031,0.01,0.007,,,
664,664,664,211916543,08 53 33.858,+18 58 25.28,1,14.381,,,545-047427,08533385+1858252,5061-301-2-0130-0035,STAR,gri,rpm,-11.4,2.5,-1.1,2.6,,,15.678,0.03,14.691,0.01,,,15.163,0.01,14.35,0.06,14.046,0.11,,,12.971,0.023,12.458,0.021,12.366,0.022,4925,78,97,4.602,0.025,1.27,-0.125,0.16,0.28,0.738,2.848,0.047,0.804,0.145,0.06,1.946,0.288,1.925,435.1,1568,37.37,0.032,0.008,0.008,,,
665,665,665,211916552,08 46 31.986,+18 58 25.70,1,18.091,,,,08463198+1858257,,STAR,JHK,col,,,,,,,,,,,,,,,,,,,,,15.569,0.069,14.903,0.073,14.602,0.083,3887,407,339,4.895,0.14,0.168,-0.172,0.2,0.28,0.36,0.151,0.123,0.402,0.175,0.175,7.313,9.673,3.69,508.4,316.1,223.8,0.032,0.008,0.008,,,
666,666,666,211916590,08 55 15.323,+18 58 27.35,1,13.718,,,545-047497,08551531+1858274,,STAR,gri,rpm,3.7,3.1,-35.2,1.8,,,14.993,0.06,14.03,0.03,,,14.507,0.02,13.675,0.01,13.38,0.06,,,12.191,0.023,11.713,0.025,11.588,0.019,4875,78,48,4.607,0.024,0.024,0.012,0.06,0.28,0.738,0.029,0.05,0.808,0.025,0.079,1.991,0.264,0.196,307,16.55,33.01,0.027,0.01,0.003,,,
667,667,667,211916613,09 14 36.176,+18 58 28.71,1,14.721,,,545-048169,09143618+1858286,,STAR,gri,rpm,-8.2,3.2,-4.7,3.5,,,15.774,0.03,14.924,0.05,,,15.312,0.04,14.679,0.03,14.467,0.05,,,13.512,0.026,13.1,0.03,12.997,0.023,5322,127,127,4.544,0.045,0.72,-0.22,0.2,0.4,0.809,1.01,0.078,0.866,0.069,0.091,1.557,0.337,1.409,693.3,1029,92.78,0.034,0.008,0.007,,,
668,668,668,211916616,09 08 15.111,+18 58 28.77,1,13.914,,,545-047957,09081510+1858286,,STAR,gri,rpm,-8.4,4.8,0.7,5.1,,,15.18,0.09,14.228,0.05,,,14.668,0.02,13.888,0.02,13.591,0.03,,,12.441,0.023,11.931,0.032,11.814,0.022,4908,78,98,3.083,1.26,0.7,-0.455,0.3,0.3,4.448,5.26,3.649,0.947,0.125,0.146,0.009,0.644,0.008,2019,2132,1605,0.035,0.018,0.011,,,
669,669,669,211916631,08 56 03.321,+18 58 29.36,1,13.822,,,545-047528,08560333+1858294,,STAR,gri,rpm,-85.2,1.9,-60.6,1.8,,,14.465,0.05,13.968,0.01,,,14.166,0.05,13.85,0.02,13.675,0.02,,,12.779,0.022,12.487,0.024,12.375,0.021,5869,335,186,4.501,0.13,0.234,-1.193,0.35,0.98,0.776,0.288,0.157,0.75,0.054,0.086,1.362,0.951,0.779,460.6,190,213.3,0.032,0.01,0.008,,,
670,670,670,211916635,08 58 03.969,+18 58 29.49,1,14.077,,,545-047595,08580396+1858294,,STAR,gri,rpm,-17.6,1.8,-12.9,1.7,,,15.238,0.09,14.327,0.1,,,14.799,0.01,14.095,0.01,13.767,0.01,,,12.634,0.021,12.141,0.021,12.015,0.022,4913,117,49,4.722,0.02,0.054,-0.998,0.28,0.05,0.559,0.064,0.011,0.607,0.06,0.012,3.427,0.206,0.705,277.7,44.39,8.331,0.021,0.034,0.001,,,
671,671,671,211916690,08 42 35.177,+18 58 32.62,1,11.816,,,545-047007,08423518+1858326,,STAR,gri,rpm,-0.2,1.2,-4.6,1.4,,,13.145,0.05,12.15,0.01,,,12.595,0.04,11.826,0.02,11.482,0.02,,,10.328,0.021,9.761,0.021,9.687,0.018,4760,57,76,2.239,0.318,0.583,-0.776,0.4,0.48,11.712,9.6,3.534,0.916,0.191,0.04,5.60E-04,0.001,4.79E-04,1930,1455,552.2,0.035,0.008,0.007,,,
672,672,672,211916718,08 39 45.730,+18 58 34.05,1,16.398,,,,08394572+1858340,5061-301-5-0110-0286,STAR,gri,rpm,-40,3,-10,3,,,,,,,20.647,0.05,18.341,0.007,16.928,0.005,15.565,0.005,14.852,0.005,13.456,0.026,12.801,0.023,12.561,0.024,3614,103,59,5.001,0.025,0.035,0.011,0.08,0.18,0.282,0.03,0.031,0.293,0.033,0.046,12.87,2.531,2.115,137.9,12.75,19.77,0.021,0.008,0.005,,,
673,673,673,211916737,08 55 30.921,+18 58 35.14,1,17.522,,,,,5071-301-1-0130-0408,EXTENDED,gri,,7,2,4,2,,,,,,,19.153,0.047,18.042,0.011,17.582,0.009,17.299,0.012,17.159,0.029,,,,,,,,,,,,,,,,,,,,,,,,,,,,,,,,,
674,674,674,211916757,08 56 47.991,+18 58 36.18,1,14.936,,,545-047561,08564799+1858363,5071-301-1-0132-0173,STAR,gri,rpm,0.5,4.5,-7.4,4.9,,,16.221,0.07,15.294,0.01,,,15.758,0.01,15.042,0.02,14.584,0.082,,,13.336,0.022,12.82,0.024,12.692,0.027,4975,79,79,3.303,1.353,0.738,-0.587,0.3,0.48,3.056,3.754,2.441,0.89,0.079,0.184,0.026,2.42,0.023,2157,2493,1693,0.031,0.01,0.006,,,
675,675,675,211916797,08 43 24.512,+18 58 37.87,1,11.861,,1396-339-1,545-047049,08432448+1858380,,STAR,gri,rpm,-1.3,1.6,1.2,1.7,,,12.018,0.168,11.676,0.174,,,12.086,0.04,11.786,0.03,11.661,0.03,,,10.848,0.023,10.597,0.022,10.513,0.018,6302,124,148,4.084,0.192,0.192,-0.144,0.18,0.42,1.542,0.571,0.356,1.221,0.199,0.238,0.271,0.309,0.144,463.6,202.2,120.7,0.032,0.008,0.008,,,
676,676,676,211916836,08 39 58.710,+18 58 40.36,1,15.312,,,545-046879,08395871+1858404,,STAR,gri,rpm,-3,3.7,1.8,4,,,16.475,0.04,15.534,0.02,,,15.957,0.05,15.266,0.05,15.036,0.06,,,13.948,0.026,13.524,0.03,13.383,0.035,5214,156,125,4.555,0.042,0.861,-0.216,0.24,0.4,0.798,1.505,0.069,0.854,0.074,0.089,1.6,0.301,1.526,813.3,1519,91.77,0.035,0.013,0.008,,,
677,677,677,211916862,08 38 46.560,+18 58 41.56,1,16.694,,,,,5071-301-5-0106-0319,EXTENDED,gri,,5,3,-5,3,,,,,,,18.511,0.035,17.29,0.007,16.791,0.007,16.438,0.007,16.241,0.017,,,,,,,,,,,,,,,,,,,,,,,,,,,,,,,,,
678,678,678,211916870,09 03 42.953,+18 58 42.00,1,12.43,,,545-047804,09034295+1858420,,STAR,gri,rpm,1.9,0.5,5.8,0.7,,,12.893,0.04,12.441,0.03,,,12.602,0.03,12.372,0.02,12.246,0.04,,,11.507,0.022,11.239,0.025,11.213,0.021,6468,130,156,4.198,0.108,0.216,-0.184,0.16,0.24,1.419,0.462,0.206,1.198,0.162,0.162,0.409,0.162,0.226,581.8,222.1,95.65,0.031,0.007,0.006,,,
679,679,679,211916922,09 10 36.539,+18 58 45.41,1,16.148,,,545-048039,09103654+1858456,5112-301-2-0187-0055,STAR,gri,rpm,-30.8,4,-30.5,4.3,,,17.041,0.08,16.323,0.11,,,16.7,0.04,16.237,0.01,15.912,0.129,,,14.919,0.041,14.482,0.043,14.405,0.056,5646,90,90,4.598,0.02,0.02,-1.05,0.09,0.42,0.704,0.014,0.029,0.715,0.014,0.029,2.051,0.162,0.123,1166,46.54,70.77,0.028,0.01,0.002,,,
680,680,680,211916987,09 06 44.778,+18 58 49.14,1,17.548,,,,09064477+1858491,5112-301-3-0181-0282,STAR,gri,col,,,,,,,,,,,22.991,0.324,19.635,0.013,18.223,0.008,16.653,0.006,15.828,0.007,14.331,0.03,13.724,0.037,13.487,0.035,3641,108,108,5.005,0.04,0.04,-0.066,0.15,0.18,0.268,0.04,0.035,0.281,0.059,0.049,13.37,3.463,2.751,194,33.41,33.68,0.024,0.007,0.006,,,
681,681,681,211917022,08 41 00.543,+18 58 50.91,1,15.779,,,545-046936,08410049+1858504,5037-301-1-0114-0172,EXTENDED,gri,,14.8,9.4,8.5,9.2,,,16.808,0.07,16.106,0.1,,,16.415,0.03,15.781,0.07,15.507,0.11,,,14.935,0.07,14.344,0.1,14.046,0.08,,,,,,,,,,,,,,,,,,,,,,,,,,,
682,682,682,211917068,08 44 22.025,+18 58 53.42,1,17.022,,,,08442202+1858534,5061-301-4-0116-0323,STAR,gri,rpm,-20,3,-53,3,,,,,,,21.276,0.084,19.03,0.009,17.63,0.007,16.161,0.005,15.343,0.006,13.944,0.031,13.284,0.034,12.992,0.027,3632,86,72,5.001,0.042,0.03,-0.038,0.15,0.15,0.281,0.026,0.033,0.287,0.04,0.048,12.66,3.204,1.884,169.4,25.1,29.8,0.022,0.01,0.006,,,
683,683,683,211917094,08 41 11.951,+18 58 54.83,1,18.522,,,,,5037-301-1-0115-0312,STAR,gri,,1,3,1,3,,,,,,,19.886,0.03,18.723,0.008,18.455,0.008,18.368,0.009,18.349,0.024,,,,,,,,,,,,,,,,,,,,,,,,,,,,,,,,,
684,684,684,211917121,08 53 28.947,+18 58 56.14,1,18.054,,,,,5061-301-2-0130-0443,EXTENDED,gri,,2,3,-6,3,,,,,,,19.554,0.064,18.457,0.012,18.108,0.017,17.881,0.019,17.699,0.061,,,,,,,,,,,,,,,,,,,,,,,,,,,,,,,,,
685,685,685,211917139,08 40 10.851,+18 58 57.06,1,15.146,,,,08401085+1858570,,STAR,JHK,col,,,,,,,,,,,,,,,,,,,,,12.872,0.021,12.211,0.019,12.007,0.022,3958,185,115,4.847,0.055,0.055,-0.086,0.16,0.2,0.433,0.056,0.059,0.491,0.063,0.076,5.677,1.911,1.219,182.1,32.84,27.82,0.023,0.007,0.006,,,
686,686,686,211917204,08 44 13.279,+18 59 00.49,1,14.381,,,545-047078,08441328+1859005,5061-301-4-0116-0141,STAR,gri,rpm,-39.6,3.8,-11.4,4.2,,,16.473,0.07,15.015,0.02,,,15.835,0.05,14.44,0.01,13.758,0.01,,,12.162,0.023,11.474,0.021,11.307,0.019,3865,46,46,4.877,0.03,0.03,-0.016,0.1,0.08,0.404,0.03,0.028,0.457,0.037,0.037,6.669,0.988,0.861,124.6,5.274,16.83,0.021,0.016,0.006,,,
687,687,687,211917211,08 39 09.301,+18 59 00.68,1,15.487,,,545-046832,08390930+1859006,,STAR,gri,rpm,-2.4,3.7,-4.3,4,,,16.492,0.06,15.701,0.04,,,16.042,0.03,15.477,0.08,15.249,0.02,,,14.321,0.026,13.943,0.034,13.814,0.047,5480,210,168,4.514,0.06,0.11,-0.271,0.2,0.36,0.837,0.155,0.084,0.865,0.075,0.09,1.378,0.357,0.468,1064,258.4,135.2,0.034,0.01,0.007,,,
688,688,688,211917221,08 54 11.795,+18 59 01.45,1,12.528,,,545-047459,08541178+1859015,,STAR,gri,rpm,64.5,1.4,-49.3,1.6,,,13.665,0.04,12.795,0.02,,,13.215,0.01,12.51,0.04,12.234,0.02,,,11.12,0.02,10.663,0.027,10.546,0.02,5128,61,123,4.597,0.055,0.066,-0.396,0.56,0.4,0.704,0.134,0.077,0.728,0.142,0.071,1.963,0.697,0.514,222.2,86.63,72.51,0.028,0.008,0.006,,,
689,689,689,211917285,09 05 38.155,+18 59 04.77,1,16.893,,,,09053815+1859047,5112-301-3-0180-0097,STAR,gri,rpm,-33,3,-56,3,,,,,,,21.352,0.092,18.63,0.008,17.242,0.006,16.149,0.006,15.618,0.007,14.303,0.034,13.769,0.037,13.589,0.038,3420,34,34,5.064,0.036,0.02,0.08,0.12,0.1,0.218,0.008,0.019,0.2,0.013,0.018,19.29,3.478,1.287,139.8,10.69,14.62,0.018,0.004,0.003,,,
690,690,690,211917343,08 55 12.264,+18 59 08.08,1,19.156,,,,,5061-301-2-0132-0202,EXTENDED,gri,,-5,3,1,3,,,,,,,20.475,0.066,19.535,0.015,19.229,0.017,18.994,0.021,18.864,0.065,,,,,,,,,,,,,,,,,,,,,,,,,,,,,,,,,
691,691,691,211917379,08 46 31.058,+18 59 10.24,1,11.777,,,545-047170,08463106+1859102,,STAR,gri,rpm,1.2,0.8,-11,1.4,,,12.264,0.03,11.809,0.02,,,11.953,0.03,11.718,0.03,11.63,0.03,,,10.876,0.022,10.689,0.021,10.618,0.018,6631,163,163,4.176,0.11,0.22,-0.117,0.15,0.15,1.5,0.543,0.197,1.299,0.191,0.08,0.364,0.175,0.198,468,182.5,65.05,0.034,0.007,0.007,,,
692,692,692,211917381,09 08 34.828,+18 59 10.54,1,14.435,,,545-047965,09083482+1859105,5080-301-3-0159-0098,STAR,gri,rpm,-3,4.5,-2.5,4.8,,,16.054,0.06,14.847,0.03,,,15.403,0.02,14.457,0.02,14.02,0.01,,,12.651,0.022,12.015,0.031,11.85,0.019,4447,44,44,1.41,0.02,0.632,-1.051,0.16,0.72,29.736,30.589,0.595,0.825,0.02,0.03,3.15E-05,1.89E-06,2.79E-05,12890,12310,386.6,0.038,0.002,0.005,,,
693,693,693,211917385,08 38 37.069,+18 59 10.68,1,13.442,,,545-046806,08383707+1859109,,STAR,gri,lam,-33.9,2.2,-141.2,1.7,,,14.566,0.02,13.712,0.02,,,14.099,0.01,13.416,0.02,13.16,0.06,,,12.07,0.021,11.568,0.023,11.512,0.019,4935,195,195,4.628,0.032,0.02,-0.384,0.12,0.12,0.685,0.024,0.046,0.726,0.028,0.044,2.231,0.366,0.149,269.8,20.1,33.3,0.025,0.009,0.005,,,
694,694,694,211917420,08 56 43.217,+18 59 12.40,1,11.363,,1397-1342-1,545-047559,08564321+1859125,,STAR,gri,plx,0,1.8,-2.6,1.8,,,11.916,0.141,11.963,0.255,,,11.707,0.03,11.356,0.02,11.216,0.03,,,10.34,0.02,10.087,0.021,10.012,0.018,6075,97,97,4.414,0.07,0.07,-0.72,0.4,0.48,0.938,0.132,0.137,0.843,0.164,0.075,0.983,0.406,0.246,161.1,20.84,20.84,0.024,0.008,0.006,,,
695,695,695,211917475,08 58 49.897,+18 59 15.29,1,9.713,44090,1397-1372-1,545-047616,08584990+1859154,,STAR,gri,plx,-5.31,2.02,-27.97,1.09,0.58,1.66,9.882,0.034,9.555,0.034,,,10.413,0.34,9.599,0.04,9.413,0.02,,,8.754,0.026,8.62,0.026,8.554,0.022,6399,191,152,3.751,0.168,0.12,0.036,0.1,0.1,2.807,0.583,0.652,1.691,0.168,0.202,0.068,0.061,0.025,1724,4935,4935,0.03,0.01,0.007,,,
696,696,696,211917480,08 39 20.220,+18 59 15.63,1,11.39,,1395-964-1,545-046841,08392022+1859156,,STAR,gri,rpm,-4.7,1.7,-8.4,1.8,,,12.365,0.301,11.282,0.128,,,11.689,0.01,11.36,0.04,11.262,0.03,,,10.469,0.02,10.199,0.021,10.174,0.018,6243,99,99,4.101,0.258,0.215,-0.195,0.24,0.24,1.524,0.677,0.402,1.174,0.23,0.192,0.266,0.424,0.146,381.4,154.9,110.2,0.029,0.008,0.007,,,
697,697,697,211917507,09 04 02.964,+18 59 16.99,1,14.681,,,545-047814,09040297+1859171,,STAR,gri,rpm,-8.3,4.6,-3.8,4.9,,,15.773,0.06,14.91,0.04,,,15.299,0.03,14.69,0.05,14.417,0.03,,,13.399,0.025,12.927,0.022,12.832,0.021,5151,102,102,3.461,1.072,0.67,-0.64,0.4,0.48,2.373,2.619,1.751,0.876,0.064,0.102,0.036,1.404,0.033,1834,1902,1325,0.033,0.01,0.006,,,
698,698,698,211917527,09 10 45.826,+18 59 17.71,1,14.081,,,545-048043,09104582+1859177,,STAR,gri,rpm,-0.6,3.2,2.7,3.5,,,15.107,0.04,14.296,0.01,,,14.655,0.01,14.052,0.02,13.834,0.02,,,12.814,0.023,12.354,0.022,12.258,0.021,5201,83,83,3.083,0.564,0.752,-0.881,0.3,0.3,4.171,5.345,1.764,0.897,0.082,0.027,0.011,0.038,0.01,2426,2532,1007,0.034,0.011,0.006,,,
699,699,699,211917555,08 59 23.054,+18 59 19.12,1,17.488,,,,08592305+1859191,,STAR,J,rpm,8,2,8,2,,,,,,,,,,,,,,,,,15.993,0.096,15.012,0.108,14.936,0.112,4150,252,252,4.804,0.09,0.075,-0.201,0.2,0.28,0.474,0.079,0.092,0.524,0.083,0.116,4.739,2.703,1.306,860.3,217.8,204.1,0.033,0.01,0.007,,,
700,700,700,211917567,08 38 16.077,+18 59 19.56,1,11.388,,1395-965-1,545-046792,08381607+1859195,,STAR,gri,rpm,-2.6,1.4,-16.3,1.5,,,12.021,0.178,11.384,0.131,,,11.598,0.01,11.318,0.02,11.243,0.02,,,10.501,0.026,10.27,0.031,10.238,0.021,6438,154,103,4.165,0.136,0.204,-0.085,0.1,0.18,1.515,0.471,0.267,1.286,0.137,0.137,0.324,0.208,0.17,386,128.3,71.52,0.029,0.011,0.008,,,
701,701,701,211917588,08 37 54.252,+18 59 20.53,1,11.18,,1395-970-1,545-046779,08375425+1859204,,STAR,gri,rpm,-1.8,1.4,-4.2,1.4,,,11.79,0.114,11.518,0.145,,,11.487,0.01,11.13,0.03,11.049,0.02,,,10.198,0.026,10.036,0.033,9.92,0.02,6320,130,104,3.973,0.255,0.255,-0.01,0.12,0.12,1.873,0.853,0.586,1.392,0.279,0.199,0.159,0.264,0.099,407.5,185.6,127.5,0.032,0.011,0.008,,,
702,702,702,211917628,08 56 39.244,+18 59 23.12,1,17.859,,,,08563924+1859231,,STAR,J,,,,,,,,,,,,,,,,,,,,,,16.336,0.13,,,,,,,,,,,,,,,,,,,,,,,,,,,,,,,
703,703,703,211917659,08 59 57.981,+18 59 24.81,1,19.539,,,,,5080-301-5-0146-0208,STAR,gri,,-7,4,-3,4,,,,,,,20.746,0.061,20.051,0.017,19.567,0.016,19.319,0.019,19.004,0.04,,,,,,,,,,,,,,,,,,,,,,,,,,,,,,,,,
704,704,704,211917723,08 38 16.557,+18 59 28.76,1,15.581,,,,08381655+1859287,,STAR,JHK,col,,,,,,,,,,,,,,,,,,,,,13.402,0.029,12.843,0.031,12.566,0.023,3499,155,217,5.048,0.098,0.07,-0.037,0.15,0.18,0.22,0.06,0.063,0.21,0.09,0.075,17.7,12.92,5.733,98.82,41.54,33.2,0.015,0.006,0.006,,,
705,705,705,211917745,08 55 53.490,+18 59 29.77,1,19.597,,,,,5071-301-1-0131-0192,STAR,gri,,3,3,-5,3,,,,,,,19.747,0.032,19.608,0.014,19.594,0.016,19.398,0.018,19.414,0.057,,,,,,,,,,,,,,,,,,,,,,,,,,,,,,,,,
706,706,706,211917753,09 10 27.606,+18 59 30.28,1,14.57,,,545-048032,09102760+1859303,,STAR,gri,rpm,-9.9,3.2,1,3.5,,,15.734,0.06,14.783,0.04,,,15.214,0.01,14.482,0.02,14.293,0.04,,,13.227,0.024,12.781,0.025,12.689,0.023,5119,82,82,4.563,0.035,0.847,-0.097,0.16,0.24,0.795,1.641,0.056,0.857,0.088,0.073,1.664,0.269,1.586,564.5,1124,48.48,0.033,0.008,0.008,,,
707,707,707,211917835,08 51 56.477,+18 59 34.04,1,14.286,,,545-047361,08515647+1859341,,STAR,gri,lam,-3,2.5,-2.7,2.8,,,15.655,0.05,14.542,0.04,,,15.12,0.03,14.193,0.03,13.929,0.04,,,12.713,0.025,12.132,0.022,12.049,0.018,4844,76,95,3.531,0.138,0.138,0.07,0.08,0.12,3.135,0.438,0.641,1.201,0.105,0.147,0.037,0.028,0.014,1602,250.1,294.4,0.038,0.01,0.01,,,
708,708,708,211917847,08 51 43.884,+18 59 34.66,1,17.687,,,,08514388+1859346,,STAR,JHK,col,,,,,,,,,,,,,,,,,,,,,15.256,0.045,14.631,0.054,14.336,0.063,3786,392,280,4.947,0.11,0.154,-0.136,0.2,0.28,0.324,0.149,0.118,0.351,0.176,0.146,10.04,9.09,5.408,379.9,243.4,148.4,0.029,0.011,0.008,,,
709,709,709,211917849,08 46 23.118,+18 59 34.69,1,12.651,,,545-047164,08462312+1859346,,STAR,gri,rpm,-26.9,1.2,-14.6,1.4,,,13.482,0.03,12.798,0.02,,,13.088,0.03,12.601,0.03,12.463,0.02,,,11.562,0.022,11.249,0.021,11.152,0.017,5782,117,93,4.445,0.072,0.108,-0.143,0.15,0.33,0.964,0.125,0.131,0.968,0.059,0.118,1.049,0.334,0.337,373.9,47.55,65.18,0.03,0.006,0.007,,,
710,710,710,211917859,08 41 17.085,+18 59 35.32,1,17.481,,,,08411708+1859353,,STAR,J,col,,,,,,,,,,,,,,,,,,,,,15.986,0.109,15.398,0.144,14.878,0.14,3817,620,344,4.924,0.156,0.208,-0.213,0.25,0.35,0.334,0.189,0.121,0.355,0.235,0.168,9.552,10.64,6.202,562,581.2,251,0.031,0.01,0.008,,,
711,711,711,211917894,09 03 20.483,+18 59 37.06,1,17.311,,,,09032048+1859370,5080-301-4-0151-0289,EXTENDED,gri,,1,2,3,2,,,,,,,19.406,0.053,18.089,0.008,17.392,0.007,16.977,0.007,16.73,0.021,16.671,0.141,15.989,0.164,15.622,0.188,,,,,,,,,,,,,,,,,,,,,,,,,,,
712,712,712,211917913,08 42 30.168,+18 59 38.04,1,12.762,,,545-047006,08423017+1859380,,STAR,gri,rpm,-0.5,1.8,6.2,2.1,,,13.968,0.04,13.036,0.02,,,13.438,0.04,12.753,0.03,12.473,0.03,,,11.395,0.02,10.97,0.023,10.817,0.018,5086,101,81,3.238,0.45,0.9,-0.558,0.45,0.25,3.533,6.703,1.055,0.958,0.236,0.074,0.015,0.051,0.014,1082,1639,353.3,0.033,0.008,0.007,,,
713,713,713,211917914,08 39 40.158,+18 59 38.04,1,14.53,,,545-046858,08394015+1859380,,STAR,gri,lam,-6.4,3.7,8.2,4.1,,,16.242,0.09,15.013,0.02,,,15.71,0.02,14.48,0.03,14.024,0.04,,,12.681,0.023,12.024,0.021,11.911,0.021,4198,126,126,4.824,0.072,0.06,-0.422,0.15,0.15,0.452,0.061,0.064,0.509,0.066,0.066,5.295,1.981,1.232,189.6,34.71,34.64,0.024,0.006,0.006,,,
714,714,714,211917927,09 11 29.964,+18 59 38.89,1,10.977,,1404-566-1,545-048065,09112997+1859389,,STAR,gri,rpm,-3,1.4,-13.7,1.5,,,11.578,0.066,11.02,0.064,,,11.363,0.01,10.943,0.03,10.812,0.03,,,9.922,0.021,9.606,0.023,9.551,0.018,5977,94,94,4.052,0.288,0.24,-0.076,0.15,0.24,1.551,0.665,0.465,1.101,0.23,0.128,0.248,0.47,0.146,277.4,122.6,85.04,0.028,0.008,0.007,,,
715,715,715,211917961,08 53 00.653,+18 59 40.90,1,19.132,,,,,5071-301-2-0127-0322,STAR,gri,,-6,3,-2,3,,,,,,,19.558,0.03,19.33,0.011,19.066,0.012,19.133,0.015,19.178,0.046,,,,,,,,,,,,,,,,,,,,,,,,,,,,,,,,,
716,716,716,211918013,09 03 01.519,+18 59 43.75,1,12.5,,,545-047784,09030152+1859436,,STAR,gri,lam,-24.9,1.6,-3.6,1.4,,,13.528,0.04,12.697,0.05,,,13.095,0.01,12.487,0.02,12.244,0.02,,,11.19,0.023,10.71,0.021,10.657,0.017,5154,122,102,3.691,0.075,0.105,-0.308,0.12,0.15,2.406,0.418,0.244,1.072,0.167,0.093,0.071,0.025,0.024,678.1,103.3,77.63,0.033,0.011,0.006,,,
717,717,717,211918020,09 07 16.741,+18 59 43.97,1,14.457,,,545-047930,09071673+1859440,,STAR,gri,rpm,-3.5,4.7,-7.5,5.1,,,15.623,0.04,14.737,0.03,,,15.111,0.01,14.468,0.03,14.177,0.06,,,13.228,0.026,12.819,0.035,12.719,0.032,5275,125,125,4.523,0.06,0.996,-0.282,0.25,0.45,0.843,1.819,0.095,0.882,0.063,0.089,1.407,0.385,1.361,628.3,1241,86.08,0.034,0.01,0.008,,,
718,718,718,211918028,08 47 40.051,+18 59 44.24,1,15.703,,,,08474005+1859442,5071-301-3-0119-0242,EXTENDED,gri,,-3,2,0,2,,,,,,,18.57,0.026,16.693,0.004,15.721,0.003,15.279,0.003,14.945,0.005,14.393,0.058,13.827,0.084,13.314,0.064,,,,,,,,,,,,,,,,,,,,,,,,,,,
719,719,719,211918056,08 59 54.976,+18 59 45.94,1,15.074,,,545-047657,08595496+1859460,5061-301-1-0139-0024,STAR,gri,rpm,-5,4.5,-0.4,4.8,,,15.859,0.02,15.206,0.03,,,15.474,0.02,15.044,0.01,14.903,0.05,,,13.996,0.026,13.561,0.023,13.489,0.03,5710,132,198,4.09,0.39,0.546,-0.8,0.4,0.48,1.327,1.138,0.613,0.856,0.052,0.083,0.355,1.159,0.308,1550,1034,696.3,0.033,0.007,0.008,,,
720,720,720,211918097,08 45 28.598,+18 59 48.05,1,18.73,,,,08452859+1859480,5061-301-4-0118-0431,STAR,gri,rpm,-34,5,-8,5,,,,,,,23.154,0.351,21.039,0.03,19.45,0.014,17.741,0.007,16.792,0.011,15.287,0.061,14.665,0.06,14.397,0.067,2983,35,29,5.197,0.02,0.02,0.128,0.05,0.16,0.145,0.005,0.003,0.121,0.005,0.002,39.71,2.382,2.479,116.8,5.617,3.504,0.019,0.006,0.005,,,
721,721,721,211918109,08 56 37.876,+18 59 48.42,1,18.094,,,,08563787+1859484,5071-301-1-0132-0253,EXTENDED,gri,,-2,3,-1,3,,,,,,,20.84,0.091,19.011,0.012,18.082,0.008,17.701,0.008,17.354,0.017,16.419,0.113,15.694,0.131,15.05,0.121,,,,,,,,,,,,,,,,,,,,,,,,,,,
722,722,722,211918126,09 02 08.687,+18 59 49.43,1,12.565,,,545-047747,09020868+1859494,,STAR,gri,lam,-18.1,1.7,-8.3,1.4,,,13.328,0.03,12.685,0.04,,,12.962,0.01,12.558,0.01,12.395,0.03,,,11.539,0.022,11.246,0.021,11.212,0.021,5919,117,117,4.199,0.154,0.11,0.113,0.1,0.1,1.349,0.236,0.237,1.121,0.102,0.073,0.42,0.342,0.146,519.6,89.47,103.6,0.032,0.01,0.006,,,
723,723,723,211918163,09 04 24.177,+18 59 51.34,1,14.042,,,545-047826,09042417+1859514,,STAR,gri,rpm,1.8,2.4,-24.5,2.3,,,15.237,0.1,14.37,0.02,,,14.774,0.04,14.032,0.02,13.728,0.04,,,12.69,0.025,12.205,0.026,12.131,0.023,5016,59,79,4.604,0.035,0.042,-0.168,0.16,0.32,0.727,0.057,0.063,0.79,0.061,0.085,1.932,0.338,0.288,387.3,47.65,42.43,0.034,0.009,0.009,,,
724,724,724,211918202,09 09 22.978,+18 59 52.81,1,11.903,,,545-047989,09092298+1859529,,STAR,gri,rpm,-10.2,1.6,-29.8,1,,,12.698,0.04,12.061,0.03,,,12.307,0.02,11.878,0.02,11.729,0.02,,,10.829,0.024,10.628,0.036,10.479,0.024,5989,96,96,4.278,0.115,0.161,-0.135,0.18,0.21,1.214,0.235,0.166,1.045,0.092,0.092,0.565,0.271,0.238,341.5,74.02,51.51,0.03,0.008,0.006,,,
725,725,725,211918229,09 09 12.004,+18 59 54.31,1,14.736,,,545-047985,09091200+1859543,5080-301-3-0160-0099,STAR,gri,rpm,-33.8,4.5,-1.7,4.9,,,16.279,0.12,15.158,0.06,,,15.738,0.02,14.703,0.03,14.307,0.04,,,12.945,0.024,12.359,0.03,12.239,0.023,4472,70,87,4.691,0.144,0.04,-0.231,0.25,0.55,0.603,0.058,0.158,0.655,0.059,0.142,2.983,2.701,0.444,310.6,29.97,87.66,0.027,0.008,0.003,,,
726,726,726,211918279,08 58 36.962,+18 59 56.42,1,18.178,,,,08583696+1859564,,STAR,J,col,,,,,,,,,,,,,,,,,,,,,16.626,0.138,15.856,0.138,15.385,0.152,3826,428,357,4.957,0.125,0.175,-0.254,0.25,0.35,0.303,0.159,0.104,0.339,0.19,0.158,9.921,10.57,5.766,719.2,516.3,343.5,0.033,0.008,0.007,,,
727,727,727,211918335,08 40 01.704,+18 59 59.45,1,10.042,,1395-907-1,545-046883,08400171+1859595,,STAR,gri,rpm,-36.2,1.2,-11.2,1.3,,,10.713,0.06,9.968,0.04,,,10.495,0.03,10.063,0.1,9.848,0.02,,,9.053,0.02,8.767,0.027,8.698,0.018,5997,141,141,4.176,0.215,0.301,-0.057,0.15,0.24,1.342,0.689,0.324,1.124,0.199,0.125,0.407,0.443,0.262,163.9,84.63,37.55,0.022,0.01,0.006,,,
728,728,728,211918337,09 03 24.951,+18 59 59.65,1,14.468,,,545-047798,09032494+1859596,5080-301-4-0152-0005,STAR,gri,rpm,4,3.9,-1.4,2,,,15.622,0.03,14.707,0.04,,,15.123,0.02,14.457,0.04,14.187,0.05,,,13.128,0.023,12.621,0.021,12.526,0.022,5037,99,79,3.061,0.756,1.008,-0.757,0.4,0.88,4.154,10.132,2.331,0.894,0.084,0.098,0.007,0.086,0.007,2589,5674,1395,0.034,0.008,0.008,,,
729,729,729,211918354,09 05 28.368,+19 00 00.58,1,13.579,,,546-047633,09052837+1900007,,STAR,gri,rpm,-11.3,4,-15.3,3.1,,,14.942,0.05,13.915,0.04,,,14.406,0.03,13.515,0.02,13.225,0.14,,,11.971,0.022,11.424,0.021,11.331,0.017,4761,57,57,4.603,0.028,0.02,0.056,0.06,0.18,0.73,0.02,0.035,0.791,0.019,0.024,2.009,0.235,0.16,263,9.617,12.3,0.027,0.006,0.004,,,
730,730,730,211918378,09 07 24.844,+19 00 02.03,1,15.097,,,546-047692,09072485+1900020,5112-301-3-0182-0232,STAR,JHK,col,,,,,,,,,,,,,,,,,,,,,12.718,0.025,12.057,0.03,11.818,0.026,3861,278,232,4.871,0.119,0.085,-0.051,0.16,0.28,0.389,0.087,0.108,0.44,0.105,0.146,6.885,5.218,2.283,148.6,43.26,49.86,0.021,0.007,0.007,,,
731,731,731,211918437,08 55 55.594,+19 00 04.63,1,19.874,,,,08555559+1900046,5071-301-1-0131-0213,STAR,gri,,-15,3,5,3,,,,,,,19.992,0.037,19.786,0.015,19.904,0.02,19.304,0.017,18.579,0.029,17.143,0.207,,,,,,,,,,,,,,,,,,,,,,,,,,,,,,,
732,732,732,211918448,08 55 12.926,+19 00 05.09,1,16.91,,,,08551292+1900050,5061-301-2-0132-0212,STAR,gri,rpm,-37,3,-34,3,,,,,,,22.31,0.199,19.053,0.009,17.571,0.006,15.992,0.005,15.118,0.006,13.612,0.023,13.025,0.029,12.701,0.021,3427,82,103,5.109,0.03,0.06,-0.066,0.12,0.12,0.192,0.042,0.018,0.175,0.048,0.02,24.55,3.379,6.766,90.6,20.76,12.41,0.014,0.006,0.005,,,
733,733,733,211918500,08 41 39.734,+19 00 07.73,1,17.952,,,,,5037-301-1-0115-0187,STAR,gri,,-24,3,-27,3,,,,,,,18.366,0.013,17.966,0.006,17.948,0.007,18.001,0.008,18.149,0.021,,,,,,,,,,,,,,,,,,,,,,,,,,,,,,,,,
734,734,734,211918516,08 59 42.731,+19 00 08.57,1,14.408,,,546-047426,08594273+1900086,,STAR,gri,rpm,-7.3,1.7,-1.3,2.7,,,15.086,0.03,14.488,0.06,,,14.735,0.03,14.398,0.01,14.268,0.08,,,13.336,0.022,13.115,0.027,13.048,0.023,6266,126,101,4.223,0.105,0.126,-0.336,0.2,0.28,1.276,0.23,0.165,1.072,0.111,0.134,0.464,0.207,0.166,1167,233.5,164.5,0.033,0.01,0.007,,,
735,735,735,211918547,08 45 19.177,+19 00 10.88,1,13.456,,,546-046917,08451918+1900107,,STAR,gri,rpm,-38.2,4.1,-16.6,3.6,,,15.139,0.05,13.914,0.02,,,14.573,0.03,13.38,0.03,12.977,0.01,,,11.655,0.02,11.047,0.021,10.897,0.017,4180,115,65,4.785,0.099,0.055,-0.209,0.25,0.3,0.496,0.077,0.103,0.557,0.083,0.117,4.352,2.42,1.051,126.3,27.94,22.88,0.018,0.007,0.008,,,
736,736,736,211918573,08 53 30.598,+19 00 12.32,1,11.107,,1397-61-1,546-047211,08533059+1900123,,STAR,gri,plx,-13.8,1.4,-51.3,1.4,,,11.864,0.148,11.411,0.145,,,11.519,0.01,11.075,0.03,10.93,0.07,,,10.07,0.022,9.797,0.022,9.741,0.022,5967,96,96,4.372,0.055,0.11,-0.059,0.15,0.18,1.09,0.155,0.087,1.062,0.067,0.094,0.787,0.181,0.245,204.5,32.78,32.78,0.026,0.008,0.007,,,
737,737,737,211918594,08 55 46.299,+19 00 13.82,1,10.543,,1397-1795-1,546-047304,08554629+1900138,,STAR,gri,plx,19.3,1.4,-14.8,1.5,,,11.13,0.08,10.648,0.077,,,11.013,0.21,10.476,0.02,10.341,0.03,,,9.531,0.025,9.256,0.022,9.192,0.02,5990,142,142,4.036,0.115,0.115,-0.095,0.2,0.28,1.646,0.308,0.219,1.147,0.144,0.144,0.225,0.112,0.075,259.8,39.93,39.93,0.028,0.01,0.007,,,
738,738,738,211918605,08 43 35.354,+19 00 14.21,1,15.607,,,546-046826,08433536+1900141,5071-301-4-0113-0326,STAR,gri,rpm,-34.2,5,-6.2,5.2,,,18.02,0.144,16.702,0.087,,,17.526,0.01,16.154,0.15,14.785,0.06,,,12.651,0.026,12.002,0.023,11.787,0.026,3658,88,132,4.956,0.09,0.05,0.058,0.12,0.12,0.322,0.038,0.082,0.347,0.048,0.115,9.99,6.59,2.055,109.8,18.38,33.28,0.016,0.006,0.005,,,
739,739,739,211918627,08 47 39.887,+19 00 15.00,1,14.581,,,546-046997,08473988+1900149,5071-301-3-0119-0067,STAR,gri,lam,,,,,,,15.601,0.07,14.799,0.02,,,15.16,0.04,14.567,0.06,14.333,0.07,,,13.424,0.041,12.884,0.041,12.833,0.039,4946,59,79,2.954,0.15,0.125,-0.644,0.12,0.12,5.179,0.822,0.839,0.932,0.027,0.027,0.006,0.004,0.002,3687,640.8,545.9,0.031,0.008,0.006,,,
740,740,740,211918650,09 10 42.258,+19 00 16.26,1,16.187,,,,09104225+1900162,5080-301-3-0162-0287,STAR,gri,col,,,,,,,,,,,20.644,0.055,18.113,0.006,16.633,0.004,15.362,0.004,14.605,0.005,13.261,0.021,12.668,0.022,12.393,0.021,3468,105,105,5.092,0.035,0.042,-0.086,0.18,0.15,0.204,0.025,0.023,0.187,0.032,0.027,21.58,4.968,4.038,85.71,16.63,13.93,0.015,0.005,0.004,,,
741,741,741,211918655,09 07 38.227,+19 00 16.57,1,18.27,,,,09073822+1900165,5112-301-3-0183-0190,STAR,gri,rpm,-121,5,-81,5,,,,,,,22.056,0.159,19.417,0.012,18.249,0.008,17.778,0.008,17.491,0.016,16.529,0.124,15.73,0.13,15.451,0.179,4163,41,66,5.051,0.02,0.112,-1.138,0.42,0.42,0.248,0.095,0.012,0.258,0.128,0.018,16.38,1.252,7.125,378.5,43.26,92.82,0.029,0.001,0.001,,,
742,742,742,211918664,08 41 10.427,+19 00 17.18,1,11.814,,1395-885-1,546-046724,08411035+1900163,,STAR,gri,rpm,13.5,2.3,4.7,2.5,,,12.194,0.205,12.207,0.275,,,12.498,0.01,11.806,0.02,11.521,0.05,,,10.408,0.022,9.937,0.021,9.842,0.018,5037,81,81,2.922,0.515,0.618,-0.649,0.25,0.3,4.977,5.171,1.985,0.948,0.165,0.059,0.005,0.024,0.005,923.9,888.3,405.3,0.033,0.008,0.007,,,
743,743,743,211918676,09 11 54.058,+19 00 17.83,1,11.16,,1404-784-1,546-047818,09115406+1900179,,STAR,gri,rpm,-11.8,1.5,-11.7,1.5,,,11.597,0.061,11.217,0.068,,,11.322,0.01,11.106,0.03,11.077,0.04,,,10.409,0.021,10.268,0.022,10.183,0.018,6853,138,138,4.135,0.1,0.16,-0.026,0.1,0.1,1.658,0.433,0.224,1.454,0.14,0.1,0.292,0.135,0.133,436.1,113.9,58.89,0.032,0.008,0.007,,,
744,744,744,211918708,09 05 15.596,+19 00 19.54,1,13.652,,,546-047626,09051560+1900197,,STAR,gri,rpm,17.3,2.7,-18.6,4.2,,,14.827,0.05,13.915,0.03,,,14.32,0.04,13.585,0.02,13.365,0.15,,,12.188,0.02,11.708,0.021,11.64,0.018,5075,60,81,4.577,0.035,0.756,-0.105,0.15,0.39,0.772,1.19,0.061,0.845,0.068,0.08,1.718,0.324,1.602,331.6,512.1,30.29,0.03,0.011,0.005,,,
745,745,745,211918719,08 47 22.702,+19 00 20.02,1,13.542,,,546-046982,08472270+1900200,,STAR,gri,rpm,-2.6,2.6,-5.1,2.2,,,14.633,0.02,13.756,0.01,,,14.158,0.02,13.475,0.03,13.277,0.04,,,12.248,0.027,11.824,0.034,11.709,0.023,5177,124,103,3.693,0.9,0.6,-0.289,0.3,0.48,2.077,1.877,1.367,0.922,0.185,0.062,0.067,1.339,0.058,964.2,811.5,615.7,0.033,0.011,0.007,,,
746,746,746,211918762,08 40 02.435,+19 00 22.18,1,12.465,,,546-046664,08400244+1900223,,STAR,gri,,-23,5.1,-4.7,2.1,,,13.547,0.04,12.712,0.01,,,13.097,0.01,12.451,0.02,12.195,0.03,,,11.224,0.022,,,10.703,0.022,,,,,,,,,,,,,,,,,,,,,,,,,,,
747,747,747,211918830,08 41 21.540,+19 00 26.24,1,12.798,,,546-046734,08412153+1900264,,STAR,gri,rpm,7.9,1.7,-3.4,1.8,,,13.649,0.17,12.977,0.16,,,13.249,0.15,12.79,0.17,12.605,0.15,,,11.592,0.022,11.293,0.024,11.198,0.021,5981,142,178,4.126,0.264,0.22,-0.087,0.16,0.28,1.392,0.58,0.35,1.089,0.142,0.102,0.359,0.454,0.201,555.7,195.7,144.7,0.032,0.01,0.006,,,
748,748,748,211918855,08 44 02.769,+19 00 27.47,1,18.748,,,,,5071-301-4-0114-0116,STAR,gri,,4,3,0,3,,,,,,,18.98,0.022,18.794,0.008,18.732,0.01,18.67,0.011,18.457,0.03,,,,,,,,,,,,,,,,,,,,,,,,,,,,,,,,,
749,749,749,211918857,08 53 35.617,+19 00 27.61,1,13.189,,,546-047218,08533561+1900275,,STAR,BV,rpm,-7.8,2.1,0,2.1,,,13.953,0.044,13.312,0.032,,,,,,,,,,,12.302,0.022,11.894,0.022,11.78,0.023,5320,191,159,3.784,0.76,0.76,-0.263,0.25,0.75,1.797,2.416,1.031,0.93,0.204,0.064,0.092,1.282,0.086,916,1106,561.9,0.034,0.01,0.008,,,
750,750,750,211918880,08 40 19.715,+19 00 28.80,1,15.357,,,546-046678,08401970+1900289,,STAR,gri,rpm,-5.7,3.6,-1,4,,,16.318,0.05,15.461,0.02,,,15.899,0.03,15.22,0.01,15.124,0.04,,,14.06,0.025,13.621,0.033,13.517,0.039,5289,85,85,4.553,0.03,0.042,-0.095,0.15,0.21,0.805,0.072,0.055,0.87,0.046,0.074,1.573,0.233,0.24,871.1,79.65,72.98,0.033,0.008,0.007,,,
751,751,751,211918884,09 09 07.416,+19 00 28.94,1,14.359,,,546-047745,09090742+1900289,5080-301-3-0160-0094,STAR,gri,rpm,13.9,4.7,-27.1,5.1,,,15.408,0.03,14.622,0.04,,,14.982,0.02,14.301,0.03,14.093,0.04,,,13.002,0.022,12.559,0.031,12.479,0.021,5185,104,83,4.585,0.03,0.036,-0.281,0.25,0.3,0.745,0.067,0.061,0.783,0.084,0.07,1.83,0.33,0.28,473.6,56.81,42.66,0.033,0.008,0.006,,,
752,752,752,211918896,08 52 10.944,+19 00 29.69,1,13.577,,,546-047158,08521094+1900298,,STAR,gri,lam,-3.1,2.2,1.4,1.9,,,14.677,0.04,13.787,0.04,,,14.187,0.02,13.517,0.05,13.316,0.06,,,12.394,0.023,12.009,0.024,11.89,0.02,5328,159,159,4.524,0.036,0.03,0.065,0.1,0.08,0.861,0.045,0.051,0.909,0.053,0.038,1.425,0.174,0.184,425.9,44.55,33.88,0.032,0.007,0.006,,,
753,753,753,211918907,08 59 55.751,+19 00 30.45,1,19.534,,,,,5061-301-1-0139-0146,STAR,gri,,1,3,-2,3,,,,,,,19.998,0.035,19.563,0.012,19.524,0.015,19.431,0.019,19.215,0.056,,,,,,,,,,,,,,,,,,,,,,,,,,,,,,,,,
754,754,754,211918974,08 56 38.178,+19 00 34.40,1,12.266,,,546-047330,08563818+1900345,,STAR,gri,rpm,-11.2,1.8,-28.5,4.9,,,13.494,0.07,12.525,0.01,,,12.995,0.03,12.223,0.01,11.953,0.03,,,10.761,0.02,10.269,0.02,10.191,0.019,4961,49,59,3.43,1.12,0.2,-0.302,0.24,0.2,3.12,0.729,2.377,0.978,0.162,0.135,0.03,1.622,0.014,670.7,135.7,511.3,0.034,0.026,0.013,,,
755,755,755,211918985,08 44 14.166,+19 00 34.86,1,16.401,,,,08441416+1900348,5071-301-4-0114-0329,EXTENDED,gri,,-3,3,-7,3,,,,,,,18.674,0.044,17.148,0.005,16.479,0.005,16.081,0.005,15.845,0.014,16.319,0.158,15.494,0.178,15.082,0.161,,,,,,,,,,,,,,,,,,,,,,,,,,,
756,756,756,211918992,08 50 01.326,+19 00 35.32,1,14.536,,,546-047082,,5061-301-3-0125-0033,EXTENDED,gri,,-5.4,3.2,3.6,3.1,,,15.836,0.02,14.849,0.05,,,15.329,0.01,14.549,0.03,14.196,0.05,,,,,,,,,,,,,,,,,,,,,,,,,,,,,,,,,,,
757,757,757,211918994,08 40 29.455,+19 00 35.40,1,12.603,,,546-046688,08402944+1900355,,STAR,gri,rpm,-5.7,1.6,-59.5,2,,,13.796,0.06,12.866,0.02,,,13.311,0.01,12.557,0.01,12.299,0.01,,,11.244,0.021,10.788,0.021,10.709,0.023,5031,60,80,4.577,0.05,0.025,-0.063,0.15,0.36,0.764,0.048,0.081,0.819,0.051,0.103,1.766,0.452,0.174,228,21.76,26.1,0.027,0.005,0.008,,,
758,758,758,211918998,08 50 59.883,+19 00 35.57,1,17.88,,,,08505988+1900355,5112-301-6-0158-0233,STAR,gri,rpm,-40,3,-18,3,,,,,,,23.508,0.582,20.005,0.016,18.549,0.009,16.969,0.005,16.099,0.007,14.57,0.031,14.045,0.04,13.653,0.034,3486,69,83,5.067,0.042,0.03,-0.017,0.12,0.15,0.22,0.024,0.03,0.207,0.033,0.033,18.93,5.178,3.003,167.8,20.12,26.22,0.022,0.007,0.006,,,
759,759,759,211919004,08 39 06.491,+19 00 36.08,1,13.131,,,546-046623,08390649+1900360,,STAR,gri,lam,-32.2,2,-2.5,2.2,,,14.282,0.05,13.371,0.01,,,13.792,0.01,13.068,0.01,12.848,0.03,,,11.811,0.021,11.372,0.023,11.3,0.022,5116,92,154,4.566,0.02,0.028,0.047,0.14,0.08,0.796,0.042,0.029,0.864,0.036,0.036,1.67,0.14,0.178,291.4,20.84,23.18,0.028,0.011,0.007,,,
760,760,760,211919006,09 02 28.994,+19 00 36.19,1,12.972,,,546-047517,09022899+1900361,,STAR,gri,rpm,-24.2,1.7,-12.9,1.9,,,13.763,0.04,13.093,0.03,,,13.388,0.01,12.969,0.02,12.794,0.02,,,11.899,0.023,11.631,0.022,11.586,0.022,5962,95,95,4.381,0.078,0.247,-0.367,0.25,0.4,1.026,0.379,0.137,0.932,0.116,0.097,0.857,0.299,0.508,460.8,170.6,73.98,0.033,0.01,0.007,,,
761,761,761,211919051,08 41 31.295,+19 00 38.82,1,12.369,,,546-046739,08413128+1900390,,STAR,gri,rpm,-7.5,1.8,-7.7,2.3,,,13.729,0.02,12.682,0.01,,,13.154,0.03,12.355,0.03,12.032,0.05,,,10.856,0.023,10.329,0.026,10.201,0.018,4840,77,77,2.867,0.43,0.602,-0.343,0.25,0.3,5.697,4.547,1.95,1.032,0.23,0.104,0.004,0.018,0.004,1233,852.1,447,0.032,0.01,0.007,,,
762,762,762,211919118,09 14 14.017,+19 00 43.10,1,14.313,,,546-047899,09141402+1900431,,STAR,gri,rpm,5.9,3.2,-4.9,3.5,,,15.366,0.04,14.53,0.05,,,14.895,0.039,14.292,0.03,14.064,0.06,,,13.102,0.024,12.675,0.028,12.586,0.021,5304,126,126,4.466,0.108,1.224,-0.406,0.36,0.6,0.942,2.725,0.17,0.884,0.081,0.081,1.068,0.64,1.053,677,1770,153.4,0.034,0.01,0.008,,,
763,763,763,211919181,08 47 07.890,+19 00 46.34,1,19.769,,,,,5071-301-3-0118-0181,STAR,gri,,-4,3,1,3,,,,,,,20.015,0.039,19.813,0.014,19.754,0.017,19.604,0.02,19.761,0.074,,,,,,,,,,,,,,,,,,,,,,,,,,,,,,,,,
764,764,764,211919247,08 44 23.964,+19 00 49.77,1,13.223,,,546-046873,08442396+1900498,,STAR,gri,rpm,23.8,3.2,-10.6,2.7,,,15.044,0.07,13.782,0.01,,,14.457,0.06,13.219,0.02,12.695,0.03,,,11.269,0.023,10.638,0.021,10.442,0.017,3984,39,39,4.884,0.02,0.02,-0.218,0.05,0.05,0.408,0.01,0.008,0.467,0.009,0.009,6.816,0.409,0.409,79.53,12.63,2.386,0.015,0.001,0.001,,,
765,765,765,211919249,08 52 43.617,+19 00 49.91,1,17.514,,,,,5071-301-2-0126-0422,EXTENDED,gri,,-2,3,4,3,,,,,,,19.468,0.08,18.169,0.012,17.584,0.012,17.234,0.013,17.022,0.035,,,,,,,,,,,,,,,,,,,,,,,,,,,,,,,,,
766,766,766,211919267,09 03 27.416,+19 00 50.59,1,14.46,,,546-047559,09032741+1900505,5080-301-4-0152-0017,STAR,gri,rpm,-6.7,4.7,-16.7,5.1,,,15.521,0.07,14.702,0.04,,,15.057,0.04,14.46,0.05,14.205,0.05,,,13.117,0.025,12.697,0.024,12.592,0.026,5335,127,127,4.539,0.05,0.88,-0.347,0.3,0.48,0.814,1.486,0.085,0.862,0.063,0.088,1.49,0.421,1.423,570.3,971.8,73.59,0.033,0.01,0.006,,,
767,767,767,211919288,09 15 05.315,+19 00 51.67,1,18.132,,,,,5080-301-2-0169-0200,EXTENDED,gri,,-1,3,4,3,,,,,,,19.601,0.038,18.63,0.009,18.159,0.009,17.919,0.009,17.718,0.024,,,,,,,,,,,,,,,,,,,,,,,,,,,,,,,,,
768,768,768,211919347,08 41 23.252,+19 00 55.20,1,16.255,,,546-046735,08412325+1900557,5037-301-1-0115-0085,EXTENDED,J,,-0.8,7.9,-5.5,7.6,,,,,,,,,,,,,,,,,14.847,0.056,14.118,0.085,13.757,0.063,,,,,,,,,,,,,,,,,,,,,,,,,,,
769,769,769,211919409,09 03 40.102,+19 00 59.34,1,11.911,,,546-047567,09034011+1900594,,STAR,gri,rpm,-60.3,1.2,-45.6,2.2,,,12.855,0.04,12.106,0.01,,,12.428,0.02,11.899,0.03,11.689,0.03,,,10.767,0.023,10.445,0.025,10.36,0.019,5592,167,167,4.515,0.08,0.112,-0.551,0.45,0.45,0.82,0.178,0.146,0.814,0.149,0.106,1.407,0.603,0.49,231.9,108.7,85.7,0.026,0.007,0.007,,,
770,770,770,211919421,08 42 02.498,+19 01 00.07,1,17.443,,,,08420249+1901000,,STAR,JHK,col,,,,,,,,,,,,,,,,,,,,,15.024,0.057,14.425,0.079,14.109,0.084,3875,585,325,4.892,0.145,0.203,-0.149,0.2,0.32,0.345,0.197,0.125,0.38,0.216,0.18,7.107,8.441,4.329,368.8,371.2,162.4,0.03,0.011,0.008,,,
771,771,771,211919456,09 08 41.186,+19 01 01.65,1,15.092,,,546-047732,09084117+1901017,5080-301-3-0159-0110,STAR,gri,rpm,-0.8,4.4,0.6,4.8,,,16.341,0.07,15.41,0.03,,,15.793,0.03,15.069,0.02,14.791,0.09,,,13.653,0.026,13.157,0.031,13.044,0.026,5032,100,100,3.792,0.858,0.858,-0.388,0.25,0.35,1.831,2.627,1.183,0.862,0.123,0.123,0.108,1.723,0.102,1638,2230,1117,0.033,0.008,0.006,,,
772,772,772,211919468,09 11 08.018,+19 01 02.59,1,17.691,,,,09110801+1901025,5112-301-2-0188-0144,STAR,gri,rpm,-61,3,-10,3,,,,,,,22.235,0.194,19.522,0.012,18.05,0.007,16.907,0.006,16.246,0.008,14.956,0.034,14.292,0.04,14.212,0.048,3345,33,33,5.095,0.033,0.02,0.068,0.24,0.08,0.197,0.006,0.017,0.177,0.005,0.017,22.89,4.128,1.528,167.6,6.29,14.75,0.025,0.007,0.002,,,
773,773,773,211919473,08 58 54.234,+19 01 02.88,1,18.056,,,,08585423+1901028,5061-301-1-0138-0167,EXTENDED,gri,,1,3,2,3,,,,,,,20.901,0.093,19.09,0.012,18.07,0.008,17.613,0.008,17.27,0.019,16.395,0.102,15.63,0.104,15.213,0.125,,,,,,,,,,,,,,,,,,,,,,,,,,,
774,774,774,211919531,08 58 09.347,+19 01 05.61,1,14.971,,,546-047378,08580935+1901056,5061-301-1-0137-0007,STAR,gri,rpm,15.5,4.5,-17.3,4.7,,,16.877,0.2,15.601,0.05,,,16.233,0.04,15.03,0.02,14.43,0.01,,,13.015,0.022,12.379,0.023,12.212,0.018,3971,63,47,4.83,0.042,0.03,0.012,0.15,0.15,0.452,0.033,0.049,0.516,0.036,0.058,5.303,1.312,0.684,204.6,19.23,24.18,0.025,0.003,0.006,,,
775,775,775,211919555,08 46 35.547,+19 01 06.90,1,16.889,,,,08463554+1901068,,EXTENDED,J,,,,,,,,,,,,,,,,,,,,,,15.435,0.119,14.848,0.176,14.377,0.133,,,,,,,,,,,,,,,,,,,,,,,,,,,
776,776,776,211919563,09 02 39.241,+19 01 07.29,1,19.914,,,,,5112-301-4-0175-0858,EXTENDED,gri,,,,,,,,,,,,21.243,0.181,20.112,0.031,19.848,0.038,19.607,0.053,19.583,0.209,,,,,,,,,,,,,,,,,,,,,,,,,,,,,,,,,
777,777,777,211919591,08 52 51.469,+19 01 08.74,1,14.3,,,,08525146+1901087,5071-301-2-0127-0256,EXTENDED,gri,,-10,2,0,2,,,,,,,16.787,0.017,15.05,0.003,14.344,0.002,13.978,0.002,13.703,0.004,14.983,0.097,14.199,0.116,14.187,0.114,,,,,,,,,,,,,,,,,,,,,,,,,,,
778,778,778,211919594,08 54 00.918,+19 01 08.77,1,15.12,,,546-047243,08540092+1901087,,STAR,gri,rpm,-3.7,2.9,-6.2,3.1,,,16.212,0.07,15.376,0.03,,,15.768,0.04,15.119,0.04,14.842,0.08,,,13.801,0.024,13.422,0.035,13.261,0.029,5333,130,130,4.535,0.045,0.09,-0.183,0.2,0.36,0.822,0.127,0.071,0.864,0.068,0.082,1.516,0.307,0.467,783,168.8,89.96,0.034,0.011,0.007,,,
779,779,779,211919623,09 07 40.830,+19 01 09.87,1,15.604,,,546-047702,09074083+1901101,5112-301-3-0183-0057,STAR,JHK,rpm,-5.9,4.6,3.2,4.7,,,,,,,,,,,,,,,,,14.088,0.026,13.528,0.033,13.475,0.035,4771,170,170,4.631,0.04,0.04,-0.163,0.2,0.28,0.69,0.06,0.065,0.746,0.062,0.074,2.227,0.513,0.353,645.6,83.8,74.17,0.033,0.01,0.007,,,
780,780,780,211919629,09 09 21.000,+19 01 10.33,1,14.51,,,546-047750,09092100+1901103,5080-301-3-0160-0127,STAR,gri,rpm,0.5,4.6,-20.7,5,,,15.581,0.04,14.758,0.05,,,15.098,0.01,14.461,0.01,14.258,0.03,,,13.144,0.024,12.688,0.031,12.579,0.024,5248,104,83,4.564,0.045,0.864,-0.407,0.3,0.36,0.771,1.493,0.076,0.817,0.096,0.096,1.689,0.389,1.611,540.3,1025,64.27,0.031,0.011,0.006,,,
781,781,781,211919674,09 06 15.786,+19 01 12.55,1,18.485,,,,,5112-301-3-0181-0173,EXTENDED,gri,,11,3,-6,3,,,,,,,19.75,0.074,18.7,0.014,18.414,0.016,18.317,0.024,18.214,0.09,,,,,,,,,,,,,,,,,,,,,,,,,,,,,,,,,
782,782,782,211919680,08 44 03.903,+19 01 12.87,1,16.863,,,,08440390+1901128,,STAR,JHK,col,,,,,,,,,,,,,,,,,,,,,14.661,0.033,14.065,0.04,13.818,0.048,3712,301,215,4.96,0.095,0.114,-0.101,0.16,0.28,0.297,0.131,0.091,0.339,0.153,0.127,9.861,9.278,4.187,264.1,127.4,99.45,0.027,0.01,0.008,,,
783,783,783,211919704,09 10 40.601,+19 01 14.07,1,14.201,,,546-047792,09104058+1901141,5080-301-3-0162-0118,STAR,gri,rpm,16.1,3.2,-24.7,3.5,,,15.282,0.03,14.425,0.02,,,14.801,0.01,14.147,0.03,13.944,0.06,,,12.94,0.021,12.46,0.022,12.399,0.02,5197,83,83,4.585,0.036,0.03,-0.346,0.2,0.28,0.739,0.046,0.051,0.765,0.065,0.046,1.879,0.308,0.224,457.4,36.79,44.83,0.031,0.017,0.006,,,
784,784,784,211919712,09 09 34.832,+19 01 14.49,1,9.94,,1404-655-1,546-047757,09093483+1901144,,STAR,gri,plx,-12.6,1,1.3,1,,,9.974,0.024,9.804,0.026,,,10.247,0.03,9.792,0.03,9.808,0.02,,,9.266,0.024,9.18,0.03,9.155,0.019,6397,103,154,3.773,0.08,0.08,0.084,0.1,0.1,2.693,0.382,0.282,1.677,0.107,0.089,0.08,0.027,0.023,401.9,47.77,47.77,0.032,0.011,0.007,,,
785,785,785,211919733,09 10 46.004,+19 01 15.68,1,17.627,,,,09104600+1901156,5080-301-3-0163-0019,STAR,gri,,0,3,-5,3,,,,,,,18.987,0.02,17.831,0.006,17.559,0.006,17.45,0.006,17.437,0.014,16.864,0.145,16.144,0.165,,,,,,,,,,,,,,,,,,,,,,,,,,,,,
786,786,786,211919747,08 38 37.233,+19 01 16.08,1,13.277,,,546-046598,08383723+1901161,,STAR,gri,rpm,-37.5,2.7,-14.6,3.1,,,15.001,0.06,13.775,0.02,,,14.441,0.01,13.253,0.01,12.779,0.02,,,11.349,0.021,10.757,0.019,10.613,0.016,4141,49,49,4.794,0.096,0.03,-0.15,0.15,0.33,0.497,0.03,0.107,0.563,0.037,0.123,4.533,2.651,0.585,118.6,4.28,20.26,0.017,0.007,0.005,,,
787,787,787,211919792,08 50 36.426,+19 01 18.60,1,14.915,,,546-047103,08503643+1901185,,STAR,gri,rpm,-37.9,2.8,-7.7,3.1,,,16.156,0.04,15.236,0.04,,,15.698,0.05,14.885,0.07,14.58,0.09,,,13.376,0.023,12.83,0.024,12.747,0.026,4818,117,117,4.635,0.054,0.03,-0.313,0.25,0.25,0.661,0.049,0.071,0.71,0.062,0.074,2.316,0.654,0.299,455,47.58,56.51,0.033,0.022,0.01,,,
788,788,788,211919811,08 59 19.900,+19 01 19.84,1,17.923,,,,08591989+1901198,,STAR,J,col,,,,,,,,,,,,,,,,,,,,,16.395,0.109,15.355,0.106,14.971,0.109,3993,298,358,4.866,0.161,0.115,-0.219,0.2,0.28,0.385,0.138,0.142,0.433,0.15,0.2,6.608,8.531,2.672,818.3,361.8,362.8,0.033,0.01,0.008,,,
789,789,789,211919842,08 45 36.590,+19 01 21.03,1,15.625,,,546-046928,08453659+1901209,5061-301-4-0118-0375,STAR,gri,rpm,-9,3.9,-7.5,4,,,17.685,0.126,16.21,0.071,,,17.076,0.21,15.678,0.07,15.003,0.05,,,13.378,0.024,12.73,0.024,12.511,0.023,3867,91,61,4.888,0.066,0.055,-0.085,0.21,0.15,0.388,0.065,0.056,0.428,0.075,0.063,7.089,2.518,1.586,195.9,39.84,33.11,0.025,0.006,0.004,,,
790,790,790,211919871,08 44 12.428,+19 01 22.30,1,12.215,,,546-046862,08441243+1901223,,STAR,gri,rpm,-16,0.6,8.8,0.5,,,12.832,0.04,12.327,0.02,,,12.489,0.05,12.181,0.03,12.097,0.04,,,11.324,0.025,11.072,0.021,10.983,0.018,6226,176,100,4.233,0.105,0.21,-0.169,0.15,0.33,1.302,0.427,0.158,1.138,0.114,0.182,0.462,0.237,0.246,470.1,147.9,54.97,0.031,0.01,0.008,,,
791,791,791,211919979,08 39 45.507,+19 01 28.21,1,18.391,,,,08394550+1901282,,STAR,J,col,,,,,,,,,,,,,,,,,,,,,16.827,0.164,16.129,0.194,15.47,0.206,3773,537,336,4.957,0.125,0.2,-0.254,0.25,0.35,0.293,0.204,0.104,0.329,0.213,0.152,9.921,10.57,5.766,727.1,583.8,323.8,0.033,0.008,0.007,,,
792,792,792,211919988,09 10 30.553,+19 01 28.62,1,12.196,,,546-047782,09103055+1901287,,STAR,gri,lam,-9.1,1,-2.4,0.7,,,12.731,0.04,12.23,0.03,,,12.394,0.01,12.13,0.02,12.058,0.04,,,11.293,0.021,11.087,0.022,11.039,0.023,6306,115,153,4.248,0.08,0.128,-0.047,0.1,0.1,1.352,0.262,0.168,1.201,0.09,0.075,0.483,0.161,0.178,494.1,90.71,64.74,0.032,0.008,0.006,,,
793,793,793,211920006,09 14 45.698,+19 01 29.84,1,17.44,,,,09144569+1901298,,STAR,J,col,,,,,,,,,,,,,,,,,,,,,15.948,0.071,15.33,0.085,14.696,0.08,3529,242,290,5.052,0.108,0.108,-0.08,0.15,0.24,0.219,0.083,0.06,0.224,0.129,0.081,16.62,14.76,6.833,323.2,173.9,130.4,0.028,0.01,0.008,,,
794,794,794,211920017,09 04 30.219,+19 01 30.40,1,17.686,,,,09043021+1901303,5080-301-4-0153-0255,STAR,gri,rpm,-6,3,-48,3,,,,,,,20.988,0.07,18.737,0.008,17.644,0.006,17.236,0.006,17.004,0.011,15.94,0.069,15.335,0.085,15.195,0.103,4271,68,51,4.924,0.055,0.066,-0.991,0.3,0.25,0.359,0.059,0.043,0.414,0.062,0.052,8.32,2.398,2.181,663,133.7,81.55,0.034,0.012,0.01,,,
795,795,795,211920022,08 40 05.716,+19 01 30.66,1,12.339,,,546-046666,08400571+1901307,,STAR,gri,rpm,-34,1.5,-12.4,1.9,,,13.72,0.1,12.706,0.09,,,13.222,0.08,12.319,0.07,11.96,0.06,,,10.658,0.02,10.149,0.018,10.009,0.02,4882,99,119,4.596,0.03,1.308,-0.058,0.2,0.28,0.75,2.921,0.05,0.82,0.151,0.069,1.903,0.312,1.885,170.7,485.7,27.07,0.024,0.012,0.005,,,
796,796,796,211920037,09 05 35.354,+19 01 31.40,1,17.401,,,,09053535+1901314,5080-301-4-0155-0192,STAR,gri,rpm,-6,3,-96,3,,,,,,,21.706,0.12,19.29,0.01,17.807,0.006,16.592,0.005,15.922,0.007,14.598,0.035,14.098,0.045,13.872,0.051,3287,32,66,5.132,0.02,0.02,0.074,0.05,0.06,0.177,0.008,0.008,0.156,0.006,0.011,27.62,2.318,2.138,122.8,8.057,5.094,0.011,0.009,0.002,,,
797,797,797,211920071,08 44 44.801,+19 01 33.18,1,14.309,,,546-046889,08444480+1901330,,STAR,gri,lam,8.7,2.8,-12.9,3,,,15.32,0.06,14.523,0.01,,,14.905,0.05,14.282,0.05,14.053,0.08,,,13.058,0.023,12.569,0.021,12.485,0.024,5371,161,161,4.533,0.035,0.042,-0.041,0.12,0.12,0.847,0.052,0.049,0.904,0.046,0.055,1.449,0.238,0.204,579.7,54.47,49.79,0.034,0.008,0.007,,,
798,798,798,211920209,08 53 41.388,+19 01 42.06,1,16.394,,,546-047221,,,STAR,BV,,1.7,10,-10.3,8.3,,,16.113,0.08,16.231,0.05,,,16.002,0.05,,,,,,,,,,,,,,,,,,,,,,,,,,,,,,,,,,,,,,,
799,799,799,211920275,08 53 17.543,+19 01 45.75,1,12.911,,,546-047200,08531754+1901456,,STAR,gri,rpm,-7.3,1.5,-8.4,1.6,,,13.961,0.03,13.138,0.02,,,13.53,0.01,12.867,0.04,12.646,0.06,,,11.635,0.023,11.242,0.021,11.17,0.022,5277,107,107,3.835,0.715,0.33,-0.242,0.25,0.4,1.893,1.149,1.16,0.948,0.205,0.079,0.109,1.575,0.074,660.9,358,405.9,0.032,0.008,0.007,,,
800,800,800,211920276,08 47 01.692,+19 01 45.77,1,17.47,,,,08470169+1901457,,STAR,J,col,,,,,,,,,,,,,,,,,,,,,15.976,0.099,15.23,0.105,14.804,0.099,3839,414,345,4.924,0.156,0.156,-0.168,0.2,0.32,0.332,0.158,0.124,0.354,0.201,0.167,8.224,9.158,4.333,537.7,360.8,247.3,0.032,0.008,0.008,,,
801,801,801,211920279,08 55 06.257,+19 01 46.02,1,17.551,,,,08550625+1901460,5061-301-2-0132-0195,EXTENDED,gri,,-1,3,2,3,,,,,,,20.583,0.077,18.614,0.009,17.535,0.006,17.095,0.006,16.723,0.013,15.866,0.07,15.127,0.082,14.673,0.096,,,,,,,,,,,,,,,,,,,,,,,,,,,
802,802,802,211920326,09 04 06.297,+19 01 48.23,1,18.892,,,,09040629+1901482,,STAR,JHK,col,,,,,,,,,,,,,,,,,,,,,16.114,0.095,15.16,0.102,14.965,0.1,4062,311,311,4.828,0.133,0.095,-0.208,0.2,0.28,0.452,0.099,0.135,0.497,0.099,0.159,5.316,5.002,1.804,864,309.6,301.3,0.034,0.01,0.007,,,
803,803,803,211920334,09 03 28.606,+19 01 48.65,1,13.348,,,546-047560,09032860+1901486,,STAR,gri,lam,5.5,3.2,5.2,3.7,,,14.592,0.04,13.619,0.03,,,14.061,0.03,13.316,0.04,13.043,0.02,,,11.893,0.023,11.39,0.021,11.292,0.02,4910,77,77,3.365,0.11,0.11,-0.196,0.12,0.12,3.546,0.605,0.436,1.14,0.102,0.122,0.023,0.011,0.007,1275,209.2,179.7,0.032,0.01,0.006,,,
804,804,804,211920389,08 51 46.614,+19 01 51.51,1,12.8,,,546-047141,08514661+1901516,,STAR,gri,lam,51,1.5,-32.6,1.7,,,14.041,0.02,13.091,0.03,,,13.55,0.02,12.739,0.04,12.478,0.06,,,11.431,0.023,10.914,0.021,10.862,0.018,4827,174,174,4.613,0.025,0.03,0.044,0.1,0.1,0.728,0.05,0.039,0.8,0.041,0.041,2.035,0.248,0.263,209.6,24.49,21.93,0.024,0.008,0.007,,,
805,805,805,211920399,09 04 50.642,+19 01 51.97,1,17.607,,,,09045064+1901519,5080-301-4-0154-0212,EXTENDED,gri,,8,1,6,3,,,,,,,20.68,0.114,18.833,0.012,17.606,0.007,17.082,0.006,16.719,0.016,16.04,0.091,15.358,0.11,14.595,0.078,,,,,,,,,,,,,,,,,,,,,,,,,,,
806,806,806,211920424,09 10 01.177,+19 01 53.44,1,19.437,,,,,5080-301-3-0161-0347,STAR,gri,,-3,3,4,3,,,,,,,19.84,0.033,19.496,0.012,19.417,0.014,19.005,0.013,18.749,0.034,,,,,,,,,,,,,,,,,,,,,,,,,,,,,,,,,
807,807,807,211920429,08 41 10.758,+19 01 53.94,1,17.085,,,,08411075+1901539,5037-301-1-0115-0327,STAR,gri,rpm,-32,3,-9,3,,,,,,,22,0.129,19.278,0.011,17.788,0.006,16.145,0.005,15.257,0.006,13.705,0.026,13.077,0.031,12.842,0.028,3559,35,214,5.073,0.035,0.035,-0.166,0.18,0.06,0.212,0.033,0.028,0.206,0.041,0.041,20.04,5.188,4.121,110,17.47,25.63,0.022,0.001,0.007,,,
808,808,808,211920460,09 03 51.051,+19 01 55.71,1,18.255,,,,,5080-301-4-0152-0251,EXTENDED,gri,,4,3,-3,3,,,,,,,20.048,0.059,18.762,0.01,18.294,0.01,18.037,0.011,17.893,0.032,,,,,,,,,,,,,,,,,,,,,,,,,,,,,,,,,
809,809,809,211920462,08 43 29.496,+19 01 55.83,1,19.874,,,,,5071-301-4-0113-0319,STAR,gri,,-11,3,-1,3,,,,,,,20.492,0.055,19.997,0.016,19.833,0.019,19.922,0.026,19.705,0.077,,,,,,,,,,,,,,,,,,,,,,,,,,,,,,,,,
810,810,810,211920474,08 46 52.880,+19 01 56.32,1,15.697,,,,08465288+1901563,5071-301-3-0118-0133,EXTENDED,gri,,1,2,2,2,,,,,,,18.443,0.038,16.65,0.005,15.749,0.004,15.289,0.004,14.973,0.008,15.251,0.096,14.502,0.105,13.999,0.08,,,,,,,,,,,,,,,,,,,,,,,,,,,
811,811,811,211920497,08 55 39.174,+19 01 57.73,1,13.21,,,546-047302,08553917+1901577,,STAR,gri,rpm,8.3,2,-6.5,1.5,,,14.294,0.05,13.444,0.01,,,13.853,0.01,13.194,0.01,12.934,0.03,,,11.863,0.022,11.448,0.022,11.346,0.02,5128,83,62,3.397,0.368,0.322,-0.698,0.45,0.25,3.155,1.121,0.827,0.908,0.245,0.021,0.026,0.053,0.016,1186,425.8,313.3,0.034,0.016,0.01,,,
812,812,812,211920512,08 45 10.391,+19 01 58.29,1,15.767,,,546-046913,08451040+1901582,5061-301-4-0118-0118,STAR,gri,rpm,-25.5,3.9,-70.7,3.9,,,16.69,0.07,16.067,0.08,,,16.301,0.08,15.822,0.05,15.538,0.09,,,14.669,0.033,14.264,0.046,14.137,0.055,5297,218,174,4.767,0.02,0.072,-1.835,0.09,0.6,0.518,0.067,0.011,0.588,0.045,0.02,4.144,0.249,1.072,703.4,113.2,21.1,0.042,0.013,0.013,,,
813,813,813,211920525,08 55 18.308,+19 01 58.68,1,17.763,,,,08551830+1901586,5061-301-2-0132-0236,EXTENDED,gri,,-4,2,-3,2,,,,,,,19.336,0.032,18.32,0.007,17.861,0.007,17.525,0.008,17.352,0.022,16.563,0.123,,,15.695,0.181,,,,,,,,,,,,,,,,,,,,,,,,,,,
814,814,814,211920528,08 44 30.346,+19 01 58.97,1,12.279,,,546-046879,08443034+1901590,,STAR,gri,rpm,1.3,2.5,-2.1,4.2,,,12.883,0.04,12.393,0.01,,,12.561,0.04,12.253,0.03,12.158,0.04,,,11.367,0.025,11.093,0.024,11.034,0.019,6262,126,126,4.132,0.165,0.231,-0.181,0.2,0.44,1.453,0.657,0.272,1.142,0.238,0.238,0.309,0.234,0.184,547.1,249.6,114.5,0.032,0.008,0.006,,,
815,815,815,211920590,09 14 19.227,+19 02 01.98,1,16.594,,,,09141922+1902019,,EXTENDED,J,,,,,,,,,,,,,,,,,,,,,,15.161,0.092,14.243,0.103,13.866,0.088,,,,,,,,,,,,,,,,,,,,,,,,,,,
816,816,816,211920603,08 40 19.305,+19 02 02.53,1,11.886,,,546-046677,08401930+1902026,,STAR,gri,rpm,-11.8,1.7,-22.7,1.3,,,13.003,0.01,12.145,0.01,,,12.545,0.031,11.844,0.01,11.604,0.04,,,10.511,0.021,10.044,0.019,9.945,0.02,5041,80,60,3.319,0.92,0.736,-0.532,0.36,0.3,3.083,4.059,2.209,0.941,0.2,0.067,0.013,0.306,0.012,672.2,634.8,462.2,0.029,0.006,0.006,,,
817,817,817,211920604,08 43 50.990,+19 02 02.61,1,12.258,,,546-046845,08435099+1902027,,STAR,gri,rpm,3.7,1.5,1.5,0.5,,,12.892,0.06,12.37,0.01,,,12.564,0.05,12.242,0.02,12.127,0.04,,,11.305,0.022,11.045,0.02,10.972,0.019,6225,150,125,4.11,0.22,0.264,-0.114,0.15,0.21,1.576,0.675,0.405,1.188,0.254,0.152,0.26,0.336,0.164,540.8,260.6,132.5,0.032,0.008,0.006,,,
818,818,818,211920608,09 06 40.198,+19 02 02.86,1,13.225,,,546-047667,09064020+1902028,,STAR,gri,rpm,-7.4,2.8,-2,3.3,,,14.567,0.08,13.555,0.04,,,14.01,0.04,13.216,0.03,12.888,0.03,,,11.681,0.022,11.174,0.03,11.053,0.022,4865,57,76,3.008,0.39,0.546,-0.303,0.2,0.36,4.787,4.131,1.718,1.035,0.186,0.116,0.007,0.021,0.006,1509,1204,516.6,0.036,0.011,0.008,,,
819,819,819,211920612,08 43 56.136,+19 02 03.03,1,8.433,42853,1396-218-1,546-046848,08435613+1902030,,STAR,BV,plx,-20.75,1.55,1.55,0.82,3.43,0.97,8.444,0.016,8.35,0.014,,,,,,,,,,,7.617,0.027,7.319,0.038,7.235,0.021,5939,108,252,3.338,0.1,0.024,-0.042,0.12,0.08,4.956,0.21,0.457,1.963,0.047,0.083,0.016,0.004,0.001,314.4,34.85,34.85,0.036,0.005,0.015,,,
820,820,820,211920619,08 42 19.018,+19 02 03.52,1,17.249,,,,08421901+1902035,5037-301-1-0116-0154,EXTENDED,gri,,-6,3,4,3,,,,,,,19.271,0.022,17.785,0.006,17.213,0.005,17.019,0.005,16.919,0.011,16.148,0.092,15.648,0.13,15.543,0.216,,,,,,,,,,,,,,,,,,,,,,,,,,,
821,821,821,211920633,08 51 15.794,+19 02 04.21,1,15.548,,,,08511579+1902042,,STAR,JHK,col,,,,,,,,,,,,,,,,,,,,,13.46,0.024,12.846,0.023,12.651,0.023,3822,181,151,4.912,0.088,0.055,-0.092,0.16,0.28,0.355,0.066,0.072,0.387,0.075,0.105,8.296,4.377,2.258,187.2,39.43,43.95,0.023,0.008,0.006,,,
822,822,822,211920660,08 52 39.070,+19 02 05.65,1,17.156,,,,08523906+1902056,5071-301-2-0126-0279,EXTENDED,gri,,0,3,-5,3,,,,,,,20.653,0.133,18.434,0.01,17.107,0.006,16.609,0.005,16.214,0.011,15.652,0.071,14.98,0.106,14.624,0.09,,,,,,,,,,,,,,,,,,,,,,,,,,,
823,823,823,211920710,08 45 22.405,+19 02 08.25,1,16.948,,,,08452240+1902082,5061-301-4-0118-0334,STAR,gri,rpm,-35,3,-10,3,,,,,,,21.278,0.085,19.077,0.009,17.621,0.006,16.036,0.005,15.172,0.006,13.698,0.026,13.092,0.021,12.828,0.026,3554,57,57,5.043,0.042,0.035,-0.036,0.15,0.18,0.242,0.026,0.031,0.238,0.034,0.04,16.57,3.861,2.723,129.4,13.93,20.28,0.021,0.006,0.007,,,
824,824,824,211920716,08 52 29.529,+19 02 08.73,1,16.957,,,,08522952+1902087,5071-301-2-0126-0252,EXTENDED,gri,,3,2,-8,2,,,,,,,20.13,0.091,17.982,0.008,16.939,0.005,16.518,0.005,16.204,0.012,15.826,0.085,15.16,0.123,14.576,0.096,,,,,,,,,,,,,,,,,,,,,,,,,,,
825,825,825,211920719,09 05 02.341,+19 02 08.86,1,11.771,,,546-047618,09050235+1902089,,STAR,gri,rpm,-5.5,1.6,-0.1,0.7,,,12.84,0.07,11.976,0.01,,,12.375,0.05,11.678,0.02,11.512,0.23,,,10.359,0.023,9.918,0.023,9.827,0.02,5081,103,103,2.463,1.105,0.078,-0.599,0.4,0.25,9.2,1.276,6.279,0.974,0.237,0.079,0.001,0.044,2.75E-04,1597,167,1053,0.033,0.008,0.008,,,
826,826,826,211920732,08 38 59.036,+19 02 09.36,1,12.7,,,546-046618,08385903+1902093,,STAR,gri,rpm,18.1,1.6,-36.3,1.8,,,13.767,0.03,12.903,0.02,,,13.296,0.01,12.644,0.02,12.445,0.03,,,11.456,0.021,11.057,0.021,10.966,0.02,5286,63,85,4.551,0.04,0.04,-0.173,0.25,0.3,0.801,0.064,0.079,0.843,0.067,0.08,1.573,0.362,0.249,266.4,28,35.45,0.027,0.008,0.008,,,
827,827,827,211920741,08 39 22.629,+19 02 09.78,1,12.396,,,546-046638,08392263+1902097,,STAR,gri,rpm,-6,1.5,-13.1,1.6,,,13.434,0.04,12.615,0.01,,,12.968,0.01,12.352,0.01,12.152,0.04,,,11.134,0.02,10.769,0.023,10.686,0.02,5434,87,109,4.469,0.075,0.675,-0.057,0.25,0.25,0.929,1.197,0.124,0.947,0.108,0.077,1.169,0.426,1.059,270.9,344.6,38.2,0.03,0.008,0.005,,,
828,828,828,211920742,08 47 05.244,+19 02 09.98,1,18.749,,,,08470524+1902099,5071-301-3-0118-0303,STAR,gri,rpm,-33,4,-10,4,,,,,,,23.564,0.543,21.084,0.033,19.489,0.015,17.748,0.007,16.804,0.01,15.326,0.052,14.513,0.054,14.268,0.06,3264,158,79,5.17,0.02,0.03,-0.213,0.24,0.2,0.16,0.015,0.004,0.14,0.018,0.004,33.5,2.01,4.657,153.3,28.8,7.57,0.023,0.006,0.005,,,
829,829,829,211920811,08 43 13.731,+19 02 12.89,1,12.482,,,546-046810,08431372+1902129,,STAR,gri,rpm,-6.4,1.9,-2.3,1.9,,,13.911,0.06,12.786,0.02,,,13.327,0.04,12.417,0.02,12.121,0.03,,,10.884,0.023,10.351,0.021,10.227,0.022,4716,56,56,2.706,0.384,0.384,-0.143,0.18,0.15,7.565,4.109,2.295,1.189,0.171,0.206,0.002,0.005,0.001,1589,589.5,500.9,0.035,0.01,0.006,,,
830,830,830,211920814,08 55 41.666,+19 02 13.03,1,17.096,,,,08554166+1902130,,STAR,JHK,col,,,,,,,,,,,,,,,,,,,,,14.927,0.066,14.174,0.081,14.004,0.087,4152,350,291,4.79,0.12,0.1,-0.141,0.2,0.28,0.481,0.108,0.133,0.532,0.112,0.157,4.349,3.547,1.509,570.5,206.2,200.1,0.032,0.011,0.008,,,
831,831,831,211920850,08 42 19.239,+19 02 14.82,1,16.222,,,,08421923+1902148,5037-301-1-0116-0321,STAR,gri,rpm,-32,3,-4,3,,,,,,,20.61,0.047,18.078,0.006,16.632,0.005,15.426,0.005,14.789,0.005,13.437,0.024,12.838,0.024,12.529,0.023,3516,71,71,5.038,0.04,0.04,0.039,0.1,0.24,0.237,0.034,0.029,0.23,0.046,0.034,16.32,4.32,2.9,108.3,19.53,13.98,0.017,0.007,0.005,,,
832,832,832,211920910,09 15 23.843,+19 02 18.25,1,16.335,,,,09152384+1902182,5080-301-2-0169-0242,STAR,gri,rpm,29,3,-45,3,,,,,,,20.848,0.065,18.284,0.007,16.921,0.005,15.5,0.005,14.742,0.005,13.338,0.024,12.781,0.023,12.529,0.026,3656,87,72,4.976,0.03,0.025,0.009,0.15,0.15,0.303,0.025,0.027,0.325,0.032,0.038,11.18,1.955,1.216,141.4,13.99,17.5,0.021,0.006,0.005,,,
833,833,833,211920912,08 39 00.698,+19 02 18.28,1,18.274,,,,08390069+1902182,,STAR,J,col,,,,,,,,,,,,,,,,,,,,,16.719,0.141,15.876,0.165,15.403,0.165,3850,418,348,4.954,0.13,0.182,-0.254,0.25,0.35,0.318,0.161,0.124,0.351,0.199,0.166,9.673,10.77,5.733,763.3,535.9,360.1,0.033,0.008,0.007,,,
834,834,834,211920960,08 50 18.948,+19 02 20.76,1,11.951,,,546-047094,08501896+1902207,,STAR,gri,rpm,-7.3,1.1,11.7,1.4,,,13.316,0.03,12.302,0.01,,,12.834,0.01,11.891,0.05,11.572,0.04,,,10.367,0.023,9.811,0.021,9.666,0.017,4683,74,74,2.777,0.365,0.438,-0.074,0.2,0.24,6.626,4.091,2.187,1.156,0.147,0.176,0.003,0.008,0.003,1103,513.7,350.5,0.034,0.01,0.008,,,
835,835,835,211920978,08 52 33.228,+19 02 21.44,1,16.727,,,,08523322+1902214,,STAR,J,col,,,,,,,,,,,,,,,,,,,,,15.284,0.051,14.471,0.068,13.87,0.048,2072,44,48,5.366,0.02,0.02,-0.266,0.06,0.18,0.094,0.002,0.002,0.076,0.002,0.002,89,5.34,6.322,34.1,9.829,1.023,0.005,0.002,0.001,,,
836,836,836,211921021,09 05 23.159,+19 02 23.70,1,16.404,,,,09052315+1902237,5080-301-4-0155-0175,EXTENDED,gri,,-5,2,-6,2,,,,,,,18.226,0.032,16.968,0.005,16.471,0.004,16.162,0.005,15.953,0.013,16.227,0.114,15.336,0.135,15.255,0.162,,,,,,,,,,,,,,,,,,,,,,,,,,,
837,837,837,211921033,08 41 27.618,+19 02 24.42,1,17.117,,,,08412761+1902244,5037-301-1-0115-0407,EXTENDED,gri,,1,3,1,3,,,,,,,19.831,0.069,17.921,0.009,17.151,0.007,16.773,0.007,16.489,0.018,16.327,0.116,15.74,0.164,15.259,0.175,,,,,,,,,,,,,,,,,,,,,,,,,,,
838,838,838,211921049,08 53 42.462,+19 02 25.24,1,14.449,,,546-047223,08534245+1902251,5061-301-2-0130-0091,STAR,gri,lam,-4,2.2,-0.5,2.5,,,15.51,0.03,14.652,0.03,,,15.039,0.01,14.396,0.01,14.197,0.04,,,13.059,0.025,12.599,0.024,12.524,0.025,5126,143,102,3.581,0.104,0.182,-0.5,0.15,0.12,2.692,0.606,0.363,0.965,0.173,0.03,0.05,0.027,0.025,1714,361.8,193.4,0.032,0.007,0.007,,,
839,839,839,211921055,08 52 11.136,+19 02 25.61,1,13.687,,,546-047159,08521113+1902257,,STAR,gri,rpm,-3.1,1.7,4,2.2,,,14.926,0.01,13.972,0.02,,,14.43,0.036,13.667,0.04,13.369,0.07,,,12.273,0.023,11.718,0.021,11.632,0.025,4849,77,97,2.691,0.595,0.51,-0.59,0.35,0.49,6.613,5.333,3.296,0.935,0.184,0.092,0.002,0.016,0.002,2798,1945,1287,0.035,0.008,0.007,,,
840,840,840,211921215,09 08 48.921,+19 02 33.96,1,18.658,,,,,5080-301-3-0160-0456,EXTENDED,gri,,17,5,-6,5,,,,,,,20.36,0.154,19.093,0.025,18.654,0.026,18.472,0.035,18.359,0.111,,,,,,,,,,,,,,,,,,,,,,,,,,,,,,,,,
841,841,841,211921217,09 05 37.038,+19 02 34.07,1,10.956,,1404-1298-1,546-047638,09053703+1902342,,STAR,gri,rpm,2.8,1.4,-54.4,1.4,,,11.625,0.123,11.036,0.121,,,11.248,0.03,10.934,0.02,10.832,0.1,,,10.04,0.024,9.755,0.026,9.712,0.022,6215,100,100,4.21,0.14,0.168,-0.607,0.35,0.42,1.222,0.265,0.218,0.936,0.173,0.104,0.478,0.324,0.221,249.5,48.41,47.82,0.026,0.007,0.006,,,
842,842,842,211921250,08 53 54.374,+19 02 36.01,1,13.339,,,546-047236,08535437+1902359,,STAR,gri,lam,-12.8,1.7,2.7,1.9,,,14.46,0.05,13.55,0.01,,,13.972,0.02,13.279,0.04,13.068,0.04,,,11.945,0.022,11.52,0.029,11.384,0.023,4983,99,79,3.611,0.126,0.09,-0.084,0.1,0.1,2.74,0.37,0.386,1.191,0.096,0.096,0.055,0.028,0.016,1036,130.7,116.1,0.034,0.011,0.007,,,
843,843,843,211921255,08 41 58.007,+19 02 36.22,1,17.788,,,,08415800+1902362,,STAR,J,col,,,,,,,,,,,,,,,,,,,,,16.271,0.111,15.839,0.177,15.139,0.148,3720,720,327,4.965,0.12,0.24,-0.204,0.25,0.4,0.289,0.237,0.101,0.316,0.261,0.145,11.15,11.35,7.522,580.1,714.4,253.1,0.031,0.01,0.007,,,
844,844,844,211921295,08 56 17.111,+19 02 38.76,1,17.42,,,,,5071-301-1-0132-0226,EXTENDED,gri,,-1,3,-2,3,,,,,,,19.147,0.046,17.904,0.009,17.456,0.009,17.212,0.01,17.067,0.027,,,,,,,,,,,,,,,,,,,,,,,,,,,,,,,,,
845,845,845,211921296,09 11 15.714,+19 02 38.79,1,17.536,,,,09111571+1902387,5080-301-3-0163-0218,EXTENDED,gri,,-1,3,3,3,,,,,,,20.678,0.119,18.733,0.012,17.524,0.007,17.023,0.007,16.646,0.015,16.258,0.084,15.483,0.093,15.115,0.12,,,,,,,,,,,,,,,,,,,,,,,,,,,
846,846,846,211921309,08 43 13.270,+19 02 39.40,1,17.026,,,,08431327+1902393,,STAR,J,rpm,2,3,4,0,,,,,,,,,,,,,,,,,15.562,0.085,14.613,0.082,14.175,0.082,4132,240,240,4.798,0.09,0.075,-0.132,0.2,0.24,0.484,0.079,0.104,0.548,0.084,0.117,4.63,2.641,1.276,725.5,181.6,194.8,0.034,0.01,0.007,,,
847,847,847,211921317,09 06 42.917,+19 02 39.79,1,14.172,,,546-047668,09064291+1902398,,STAR,gri,rpm,-36.1,4.7,4.6,5.1,,,15.269,0.08,14.431,0.03,,,14.776,0.04,14.132,0.02,13.913,0.04,,,12.884,0.022,12.409,0.027,12.334,0.025,5181,120,151,4.594,0.072,0.04,-0.407,0.25,0.55,0.723,0.057,0.092,0.754,0.066,0.092,1.993,0.758,0.35,434.9,46.81,68.13,0.028,0.012,0.006,,,
848,848,848,211921333,08 44 34.797,+19 02 40.63,1,16.433,,,546-046884,08443480+1902406,5071-301-4-0115-0165,STAR,JHK,rpm,-36.8,6,-4.1,5.8,,,,,,,,,,,,,,,,,13.894,0.032,13.197,0.028,12.91,0.027,3716,216,180,4.96,0.075,0.105,-0.067,0.16,0.24,0.32,0.094,0.085,0.338,0.127,0.106,9.977,6.429,3.909,185.4,93.69,53.56,0.024,0.008,0.007,,,
849,849,849,211921338,08 38 50.076,+19 02 41.18,1,17.393,,,,08385007+1902411,,STAR,J,col,,,,,,,,,,,,,,,,,,,,,15.904,0.087,15.076,0.092,14.542,0.102,3765,410,341,4.93,0.162,0.162,-0.168,0.2,0.28,0.329,0.156,0.122,0.359,0.17,0.17,9.552,10.64,5.032,495.2,319.1,222.6,0.031,0.01,0.008,,,
850,850,850,211921339,08 42 35.153,+19 02 41.20,1,14.577,,,546-046777,08423516+1902411,,STAR,gri,lam,0.8,3.5,1.6,3.1,,,15.674,0.09,14.856,0.03,,,15.203,0.04,14.577,0.02,14.308,0.02,,,13.238,0.022,12.808,0.03,12.718,0.024,5055,80,80,3.481,0.114,0.152,-0.472,0.15,0.15,2.907,0.64,0.304,0.969,0.157,0.033,0.037,0.017,0.016,1993,414.2,179.6,0.035,0.009,0.009,,,
851,851,851,211921389,09 05 09.897,+19 02 43.84,1,19.418,,,,,5080-301-4-0154-0345,EXTENDED,gri,,,,,,,,,,,,24.1,1.781,20.752,0.057,19.441,0.028,18.846,0.024,18.468,0.069,,,,,,,,,,,,,,,,,,,,,,,,,,,,,,,,,
852,852,852,211921414,08 39 04.617,+19 02 45.41,1,11.439,,1395-1240-1,546-046620,08390461+1902453,,STAR,gri,rpm,-8.6,1.8,1.9,1.9,,,11.924,0.128,11.866,0.21,,,11.629,0.01,11.376,0.04,11.335,0.03,,,10.625,0.02,10.402,0.021,10.352,0.018,6510,156,104,4.087,0.16,0.288,-0.084,0.15,0.21,1.64,0.845,0.333,1.358,0.18,0.154,0.254,0.198,0.164,448,233.8,84.86,0.031,0.01,0.006,,,
853,853,853,211921527,09 05 06.673,+19 02 51.85,1,18.143,,,,,5080-301-4-0154-0408,EXTENDED,gri,,-7,3,-5,3,,,,,,,19.869,0.075,18.664,0.012,18.23,0.013,17.92,0.014,17.702,0.047,,,,,,,,,,,,,,,,,,,,,,,,,,,,,,,,,
854,854,854,211921546,08 45 58.223,+19 02 52.84,1,12.825,,,546-046939,08455822+1902529,,STAR,gri,rpm,-1.4,2.5,-9,1.8,,,13.459,0.04,12.942,0.02,,,13.121,0.03,12.804,0.04,12.698,0.02,,,11.914,0.022,11.644,0.022,11.609,0.02,6217,155,129,4.18,0.145,0.203,-0.289,0.25,0.25,1.344,0.373,0.216,1.067,0.148,0.106,0.409,0.262,0.205,638.3,187.8,107.4,0.031,0.009,0.009,,,
855,855,855,211921572,09 05 20.445,+19 02 53.97,1,19.282,,,,09052044+1902539,5080-301-4-0155-0321,STAR,gri,,-19,4,-22,4,,,,,,,23.097,0.354,20.83,0.027,19.357,0.013,18.618,0.01,18.181,0.024,16.814,0.154,,,,,,,,,,,,,,,,,,,,,,,,,,,,,,,
856,856,856,211921605,08 58 04.541,+19 02 55.82,1,13.076,,,546-047376,08580453+1902558,,STAR,gri,rpm,6.1,2.2,2.3,2.2,,,14.438,0.06,13.37,0.02,,,13.897,0.01,13.038,0.01,12.724,0.05,,,11.508,0.02,10.969,0.019,10.886,0.018,4777,76,76,2.975,0.36,0.6,-0.158,0.15,0.33,5.481,4.511,1.715,1.141,0.113,0.203,0.007,0.013,0.006,1535,1230,498.1,0.033,0.008,0.005,,,
857,857,857,211921614,08 58 50.592,+19 02 56.34,1,18.681,,,,08585059+1902563,,STAR,JHK,rpm,2,3,8,2,,,,,,,,,,,,,,,,,16.301,0.093,15.515,0.099,15.29,0.134,4072,350,292,4.828,0.126,0.105,-0.24,0.25,0.25,0.442,0.104,0.127,0.504,0.104,0.146,5.409,4.732,1.956,899.2,330.7,281.7,0.033,0.01,0.007,,,
858,858,858,211921619,08 45 21.654,+19 02 56.67,1,16.686,,,,08452165+1902566,5061-301-4-0118-0340,STAR,gri,rpm,145,6,-129,6,,,,,,,21.379,0.091,18.907,0.008,17.398,0.006,15.734,0.005,14.827,0.005,13.338,0.024,12.704,0.023,12.422,0.023,3005,73,73,5.206,0.02,0.02,-0.013,0.06,0.34,0.143,0.007,0.006,0.12,0.007,0.005,40.98,3.44,3.778,52.1,23.87,18.24,0.008,0.004,0.004,,,
859,859,859,211921622,08 46 53.706,+19 02 56.95,1,17.874,,,,08465370+1902569,5061-301-4-0120-0301,STAR,gri,rpm,-37,4,-13,4,,,,,,,22.121,0.164,20.032,0.015,18.583,0.009,16.949,0.006,16.052,0.007,14.553,0.035,13.854,0.036,13.616,0.038,3605,110,110,5.032,0.035,0.035,-0.1,0.15,0.21,0.243,0.038,0.028,0.244,0.045,0.038,15.43,3.552,2.887,191.7,31.46,27.02,0.026,0.007,0.007,,,
860,860,860,211921647,08 45 46.535,+19 02 58.06,1,8.678,42993,1396-1624-1,546-046936,08454653+1902581,,STAR,gri,plx,-40.12,1.03,-13.69,0.65,5.46,0.85,8.25,0.017,7.997,0.012,,,9.644,0.01,9.197,0.12,8.265,0.1,,,7.578,0.023,7.556,0.02,7.534,0.027,7571,277,277,4.074,0.06,0.06,0.055,0.12,0.15,1.985,0.147,0.137,1.749,0.071,0.071,0.219,0.051,0.041,155.8,10.54,10.54,0.021,0.008,0.007,,,
861,861,861,211921649,09 02 07.955,+19 02 58.12,1,16.867,,,,09020795+1902581,5112-301-4-0175-0169,STAR,gri,rpm,23,3,-43,3,,,,,,,21.391,0.097,18.819,0.008,17.369,0.006,16.031,0.005,15.313,0.006,13.919,0.029,13.313,0.026,13.037,0.026,3535,85,171,5.042,0.042,0.035,-0.022,0.15,0.24,0.241,0.025,0.039,0.231,0.04,0.053,16.38,5.212,2.597,136.8,15.64,28.99,0.02,0.003,0.003,,,
862,862,862,211921708,08 44 47.481,+19 03 01.45,1,11.393,,1396-132-1,546-046890,08444748+1903012,,STAR,gri,rpm,0.6,1.7,8.2,2,,,12.367,0.235,11.783,0.196,,,12.075,0.04,11.364,0.02,11.101,0.03,,,9.983,0.022,9.477,0.022,9.361,0.019,4939,79,79,2.435,0.665,0.114,-0.539,0.2,0.36,9.992,1.076,5.19,1.005,0.183,0.115,9.95E-04,0.009,2.81E-04,1405,146.2,688.3,0.034,0.01,0.008,,,
863,863,863,211921713,08 41 37.131,+19 03 01.78,1,12.712,,,546-046743,08413713+1903017,,STAR,gri,rpm,10.9,1.4,-5.8,1.4,,,13.219,0.03,12.746,0.01,,,12.9,0.03,12.649,0.03,12.523,0.05,,,11.83,0.02,11.586,0.021,11.563,0.018,6387,150,100,4.172,0.108,0.189,-0.222,0.2,0.48,1.42,0.343,0.173,1.173,0.154,0.216,0.371,0.191,0.18,665.2,187.4,84.23,0.03,0.01,0.007,,,
864,864,864,211921762,08 57 41.486,+19 03 03.91,1,17.549,,,,08574148+1903039,5071-301-1-0134-0128,STAR,gri,rpm,-41,3,-46,3,,,,,,,22.518,0.258,19.592,0.013,18.14,0.007,16.673,0.005,15.833,0.006,14.423,0.029,13.778,0.035,13.476,0.034,3532,85,85,5.049,0.042,0.035,-0.061,0.15,0.18,0.232,0.028,0.025,0.225,0.038,0.038,17.37,4.298,3.445,166.3,26.4,22.78,0.021,0.008,0.005,,,
865,865,865,211921776,09 02 25.841,+19 03 04.29,1,18.084,,,,09022584+1903042,,STAR,JHK,col,,,,,,,,,,,,,,,,,,,,,16.3,0.104,15.539,0.092,15.584,0.155,4142,409,341,4.828,0.15,0.125,-0.304,0.25,0.35,0.435,0.123,0.143,0.485,0.126,0.176,5.471,6.199,2.286,917.7,424.2,336,0.032,0.01,0.007,,,
866,866,866,211921866,08 40 28.510,+19 03 09.27,1,12.172,,1395-1436-1,546-046687,08402851+1903094,,STAR,gri,plx,-21.4,2.3,-25.4,2.5,,,12.274,0.211,12.42,0.303,,,12.545,0.01,12.141,0.02,12.012,0.04,,,11.215,0.022,10.892,0.018,10.875,0.02,6003,93,117,4.372,0.075,0.18,-0.365,0.25,0.35,1.034,0.268,0.112,0.955,0.134,0.112,0.806,0.244,0.379,278.7,69.88,69.88,0.03,0.007,0.006,,,
867,867,867,211921877,08 52 47.140,+19 03 09.71,1,11.922,,,546-047182,08524714+1903097,,STAR,gri,rpm,2.3,1.3,-22.3,0.8,,,12.599,0.04,12.035,0.01,,,12.268,0.01,11.907,0.02,11.773,0.06,,,10.996,0.023,10.689,0.022,10.694,0.019,6106,96,72,4.131,0.224,0.16,-0.365,0.25,0.35,1.391,0.281,0.316,1.024,0.106,0.149,0.336,0.42,0.134,410.4,101.5,81.39,0.033,0.007,0.007,,,
868,868,868,211921880,09 11 58.022,+19 03 09.80,1,16.859,,,,09115802+1903097,5112-301-2-0189-0182,STAR,gri,rpm,-147,3,49,3,,,,,,,22.045,0.166,18.918,0.009,17.313,0.006,15.976,0.006,15.24,0.006,13.864,0.026,13.259,0.026,13.058,0.026,3204,63,50,5.18,0.02,0.024,-0.178,0.21,0.12,0.157,0.009,0.006,0.136,0.008,0.007,35.01,2.504,3.663,85.79,24.48,25.42,0.016,0.004,0.006,,,
869,869,869,211921901,09 05 37.620,+19 03 10.78,1,12.145,,,546-047639,09053761+1903108,,STAR,gri,rpm,-29.6,1.8,4.3,1.3,,,13.088,0.05,12.326,0.03,,,12.639,0.03,12.114,0.02,11.934,0.11,,,10.937,0.022,10.573,0.028,10.479,0.023,5653,88,133,4.442,0.065,0.611,-0.246,0.25,0.25,0.984,0.947,0.129,0.965,0.072,0.095,1.025,0.326,0.9,273.6,249.7,37.49,0.028,0.011,0.006,,,
870,870,870,211921959,09 15 28.962,+19 03 13.40,1,19.792,,,,,5080-301-2-0170-0337,EXTENDED,gri,,-13,3,-1,3,,,,,,,21.218,0.152,20.013,0.029,19.718,0.032,19.424,0.037,19.54,0.127,,,,,,,,,,,,,,,,,,,,,,,,,,,,,,,,,
871,871,871,211921976,08 42 04.175,+19 03 14.30,1,13.362,,,546-046760,08420417+1903143,,STAR,gri,rpm,-8.8,2,-35.8,2.7,,,14.577,0.04,13.674,0.02,,,14.098,0.03,13.359,0.03,13.047,0.04,,,11.946,0.021,11.49,0.023,11.388,0.018,5059,102,102,4.589,0.036,0.03,-0.138,0.2,0.2,0.75,0.057,0.053,0.806,0.062,0.062,1.894,0.311,0.267,287.6,19.72,35.72,0.029,0.013,0.009,,,
872,872,872,211922015,08 52 14.461,+19 03 16.29,1,17.537,,,,08521446+1903162,,EXTENDED,J,,,,,,,,,,,,,,,,,,,,,,16.039,0.147,,,,,,,,,,,,,,,,,,,,,,,,,,,,,,,
873,873,873,211922067,08 52 14.331,+19 03 19.62,1,17.79,,,,08521433+1903196,,STAR,J,,23.2,9,6.9,9,,,,,,,,,,,,,,,,,16.273,0.155,,,14.986,0.189,,,,,,,,,,,,,,,,,,,,,,,,,,,
874,874,874,211922096,09 09 24.758,+19 03 20.97,1,12.788,,1404-636-1,546-047751,09092476+1903208,,STAR,gri,rpm,8.9,2.4,-14.9,2.6,,,12.941,0.256,12.779,0.251,,,12.962,0.02,12.73,0.05,12.662,0.02,,,11.929,0.021,11.746,0.03,11.671,0.019,6514,130,130,4.217,0.09,0.108,-0.219,0.15,0.24,1.404,0.168,0.178,1.193,0.095,0.114,0.404,0.191,0.111,695,101.5,78.14,0.032,0.008,0.007,,,
875,875,875,211922123,08 58 54.232,+19 03 22.38,1,13.608,,,546-047410,08585423+1903224,,STAR,gri,lam,-14.5,1.9,-5.4,1.6,,,14.692,0.06,13.853,0.02,,,14.251,0.03,13.616,0.02,13.333,0.04,,,12.236,0.022,11.775,0.021,11.682,0.017,5188,155,124,4.576,0.025,0.03,-0.079,0.1,0.12,0.782,0.047,0.037,0.849,0.043,0.052,1.739,0.168,0.21,351.4,33.19,21.94,0.031,0.007,0.007,,,
876,876,876,211922144,09 09 44.421,+19 03 23.71,1,17.395,,,,09094442+1903237,5080-301-3-0161-0303,STAR,gri,rpm,75,3,-83,3,,,,,,,21.448,0.105,19.119,0.01,17.7,0.006,16.656,0.005,16.097,0.007,14.916,0.042,14.334,0.047,14.141,0.053,3412,40,34,5.072,0.025,0.045,0.054,0.16,0.08,0.211,0.026,0.012,0.194,0.027,0.013,20.06,2.656,4.09,157.8,16.5,24.11,0.022,0.013,0.003,,,
877,877,877,211922145,08 39 14.978,+19 03 23.81,1,12.935,,,546-046633,08391498+1903237,,STAR,gri,rpm,-11.1,1.9,-11.7,2.1,,,14.158,0.04,13.257,0.02,,,13.677,0.03,12.936,0.04,12.617,0.05,,,11.426,0.021,10.906,0.019,10.782,0.018,4913,97,77,3.12,0.41,0.82,-0.535,0.4,0.4,4.324,6.062,1.643,0.951,0.145,0.08,0.012,0.035,0.011,1167,1658,359.5,0.034,0.007,0.006,,,
878,878,878,211922163,09 02 12.319,+19 03 24.60,1,13.955,,,546-047505,09021231+1903246,,STAR,gri,lam,1.5,3.7,-10.2,1.7,,,15.015,0.01,14.19,0.037,,,14.555,0.03,13.947,0.01,13.698,0.068,,,12.674,0.025,12.173,0.023,12.093,0.026,5063,61,81,3.334,0.15,0.125,-0.569,0.12,0.15,3.463,0.58,0.572,0.972,0.144,0.06,0.022,0.014,0.008,1834,318.7,312.7,0.033,0.01,0.006,,,
879,879,879,211922171,08 52 54.817,+19 03 24.79,1,10.695,,1396-1647-1,546-047188,08525481+1903247,,STAR,gri,lam,-25.5,1.5,-21.6,1.5,,,11.399,0.092,10.913,0.088,,,11.096,0.01,10.675,0.01,10.523,0.06,,,9.751,0.025,9.434,0.022,9.41,0.023,5858,138,138,4.159,0.228,0.19,-0.084,0.12,0.15,1.386,0.387,0.355,1.063,0.112,0.08,0.377,0.463,0.208,230.9,59.79,63.63,0.026,0.007,0.006,,,
880,880,880,211922185,08 42 20.032,+19 03 25.48,1,17.59,,,,08422003+1903254,,STAR,J,col,,,,,,,,,,,,,,,,,,,,,16.088,0.115,15.298,0.14,14.724,0.117,3816,450,386,4.953,0.125,0.175,-0.213,0.25,0.3,0.308,0.161,0.106,0.343,0.192,0.16,9.797,10.44,5.694,555.5,398.8,265.3,0.032,0.008,0.008,,,
881,881,881,211922205,08 54 00.249,+19 03 26.42,1,17.568,,,,08540024+1903264,5061-301-2-0131-0143,EXTENDED,gri,,2,3,1,3,,,,,,,20.589,0.103,18.685,0.011,17.58,0.007,17.09,0.007,16.725,0.016,16.01,0.084,15.19,0.104,14.81,0.102,,,,,,,,,,,,,,,,,,,,,,,,,,,
882,882,882,211922257,08 47 15.917,+19 03 29.36,1,17.248,,,,08471591+1903293,5071-301-3-0119-0200,EXTENDED,gri,,5,2,4,2,,,,,,,20.014,0.062,18.188,0.008,17.262,0.006,16.845,0.006,16.53,0.012,15.879,0.096,15.225,0.134,14.775,0.097,,,,,,,,,,,,,,,,,,,,,,,,,,,
883,883,883,211922304,08 57 00.957,+19 03 31.00,1,15.246,,,,08570095+1903309,5071-301-1-0133-0044,EXTENDED,gri,,-2,2,0,2,,,,,,,18.259,0.023,16.23,0.003,15.275,0.003,14.824,0.003,14.497,0.004,14.218,0.05,13.468,0.067,13.177,0.06,,,,,,,,,,,,,,,,,,,,,,,,,,,
884,884,884,211922305,08 45 47.470,+19 03 31.24,1,12.647,,,546-046937,08454747+1903312,,STAR,gri,rpm,-13.5,1,9.4,0.9,,,13.13,0.03,12.684,0.01,,,12.84,0.02,12.583,0.03,12.5,0.02,,,11.793,0.02,11.513,0.022,11.507,0.022,6339,102,102,4.231,0.084,0.14,-0.465,0.25,0.45,1.264,0.275,0.166,1.022,0.15,0.15,0.496,0.158,0.195,588.8,107.8,91.1,0.031,0.008,0.008,,,
885,885,885,211922334,09 10 38.228,+19 03 32.93,1,12.657,,,546-047788,09103821+1903330,,STAR,gri,rpm,-5.1,1.9,1.4,2.2,,,14.045,0.03,12.954,0.03,,,13.457,0.02,12.611,0.03,12.315,0.02,,,11.08,0.02,10.481,0.02,10.39,0.017,4682,73,73,2.366,0.414,0.345,-0.563,0.32,0.2,10.147,3.636,3.538,0.962,0.187,0.055,8.91E-04,0.002,6.12E-04,2367,619.6,809.4,0.034,0.007,0.008,,,
886,886,886,211922437,08 45 37.577,+19 03 37.81,1,15.125,,,546-046930,08453758+1903379,5061-301-4-0118-0240,STAR,JHK,lam,8,4,0.1,4.2,,,,,,,,,,,,,,,,,13.784,0.023,13.329,0.03,13.268,0.037,5143,155,155,4.56,0.025,0.025,0.026,0.08,0.1,0.802,0.036,0.041,0.863,0.045,0.045,1.642,0.192,0.172,733.3,61.18,56.47,0.033,0.008,0.006,,,
887,887,887,211922454,08 38 42.873,+19 03 38.47,1,19.121,,,,08384287+1903384,5037-301-2-0111-0363,STAR,gri,col,,,,,,,,,,,24.326,0.649,21.474,0.041,19.966,0.019,18.112,0.008,17.042,0.011,15.416,0.05,14.797,0.06,14.621,0.084,2917,29,29,5.217,0.02,0.02,0.032,0.18,0.08,0.137,0.003,0.003,0.114,0.002,0.002,43.86,2.632,2.632,118,8.094,11.18,0.014,0.007,0.004,,,
888,888,888,211922472,08 52 14.528,+19 03 39.03,1,14.349,,,546-047161,08521452+1903391,5071-301-2-0126-0032,STAR,gri,rpm,-36.2,3,-9.5,3.2,,,16.623,0.02,15.121,0.02,,,15.961,0.02,14.536,0.02,13.658,0.04,,,11.882,0.022,11.296,0.024,11.064,0.02,3561,35,35,5.008,0.028,0.02,0.088,0.05,0.12,0.277,0.006,0.029,0.284,0.006,0.038,13.35,2.553,0.801,64.21,1.926,5.353,0.012,0.001,0.005,,,
889,889,889,211922507,08 58 51.448,+19 03 40.76,1,17.272,,,,08585144+1903407,,STAR,JHK,col,,,,,,,,,,,,,,,,,,,,,14.922,0.056,14.285,0.071,14.032,0.073,3974,490,350,4.874,0.145,0.174,-0.164,0.2,0.28,0.402,0.171,0.139,0.45,0.18,0.216,6.265,6.825,3.266,440.2,290.3,200.5,0.031,0.008,0.008,,,
890,890,890,211922517,08 58 16.811,+19 03 41.31,1,12.523,,,546-047387,08581681+1903413,,STAR,gri,rpm,-9,1.9,-18.5,1.7,,,13.365,0.04,12.674,0.02,,,12.971,0.01,12.508,0.01,12.332,0.02,,,11.382,0.021,11.037,0.021,10.996,0.022,5773,90,135,4.246,0.22,0.484,-0.327,0.25,0.55,1.194,0.968,0.307,0.942,0.121,0.075,0.465,0.725,0.368,440.1,248.8,140.4,0.032,0.005,0.01,,,
891,891,891,211922529,09 14 16.108,+19 03 41.64,1,14.362,,,546-047900,09141611+1903415,,STAR,gri,rpm,-8.2,3.2,1,3.5,,,15.917,0.01,14.802,0.02,,,15.355,0.02,14.329,0.01,13.937,0.02,,,12.57,0.026,12.017,0.025,11.862,0.019,4489,71,53,4.665,0.054,4.014,-0.306,0.3,1.68,0.65,68.937,0.073,0.722,0.077,0.077,2.477,0.606,2.477,284.2,27720,40.74,0.032,0.007,0.011,,,
892,892,892,211922560,08 40 41.005,+19 03 43.73,1,16.872,,,,08404100+1903437,,STAR,J,rpm,6,2,6,1,,,,,,,,,,,,,,,,,15.419,0.061,14.764,0.072,14.304,0.09,3895,450,321,4.869,0.125,0.15,-0.092,0.18,0.27,0.388,0.15,0.126,0.435,0.166,0.166,6.624,6.144,3.187,500.9,291.2,184.1,0.032,0.011,0.008,,,
893,893,893,211922575,09 05 18.138,+19 03 44.29,1,11.717,,,546-047628,09051814+1903443,,STAR,gri,rpm,12.4,1,-27.4,0.5,,,12.552,0.05,11.848,0.04,,,12.128,0.04,11.658,0.02,11.54,0.17,,,10.59,0.022,10.261,0.021,10.166,0.017,5850,114,137,4.389,0.078,0.325,-0.097,0.15,0.24,1.06,0.508,0.115,1.003,0.122,0.102,0.849,0.27,0.568,270.7,126,55.48,0.029,0.008,0.007,,,
894,894,894,211922585,08 38 04.145,+19 03 44.57,1,18.449,,,,08380414+1903445,,STAR,J,col,,,,,,,,,,,,,,,,,,,,,16.88,0.144,15.736,0.113,15.403,0.145,3976,307,369,4.882,0.15,0.125,-0.254,0.25,0.3,0.374,0.121,0.149,0.41,0.136,0.19,7.423,8.929,3.651,961.1,467,451.1,0.033,0.01,0.007,,,
895,895,895,211922589,08 52 27.534,+19 03 44.71,1,17.441,,,,08522753+1903447,,STAR,JHK,col,,,,,,,,,,,,,,,,,,,,,15.012,0.038,14.478,0.052,14.093,0.051,3495,179,251,5.052,0.09,0.075,-0.034,0.15,0.21,0.218,0.067,0.06,0.209,0.097,0.07,16.9,11.67,5.99,208.9,86.19,70.89,0.024,0.01,0.008,,,
896,896,896,211922595,09 07 38.813,+19 03 45.03,1,15.858,,,,09073881+1903450,5112-301-3-0183-0048,EXTENDED,gri,,-3,2,2,2,,,,,,,18.835,0.035,16.835,0.004,15.857,0.003,15.439,0.003,15.073,0.007,14.765,0.063,14.07,0.076,13.703,0.064,,,,,,,,,,,,,,,,,,,,,,,,,,,
897,897,897,211922640,08 58 47.456,+19 03 47.62,1,18.315,,,,08584745+1903476,,STAR,JHK,col,,,,,,,,,,,,,,,,,,,,,15.936,0.082,15.251,0.084,15.036,0.1,3967,423,353,4.872,0.145,0.145,-0.208,0.2,0.32,0.4,0.147,0.142,0.454,0.154,0.184,6.189,7.226,2.941,704.2,394.1,291.1,0.032,0.008,0.007,,,
898,898,898,211922653,08 53 18.713,+19 03 48.02,1,14.723,,,546-047201,08531870+1903480,5071-301-2-0127-0173,STAR,gri,rpm,53.9,2.9,-57,3.1,,,16.803,0.17,15.338,0.04,,,16.177,0.05,14.818,0.03,14.1,0.12,,,12.54,0.023,11.93,0.022,11.753,0.02,3816,91,114,4.907,0.072,0.045,-0.019,0.12,0.21,0.364,0.047,0.061,0.394,0.059,0.07,7.931,3.349,1.41,131.5,14.7,31.66,0.018,0.006,0.005,,,
899,899,899,211922654,08 43 47.154,+19 03 48.08,1,13.423,,,546-046837,08434715+1903482,,STAR,gri,rpm,-9.5,3.1,-42.3,11.4,,,15.845,0.08,14.325,0.01,,,15.113,0.07,13.765,0.02,12.699,0.03,,,11.067,0.023,10.403,0.021,10.204,0.021,3943,94,117,4.85,0.063,0.042,-0.008,0.18,0.15,0.434,0.038,0.076,0.493,0.039,0.086,5.75,2.042,0.878,78.96,10,12.37,0.014,0.004,0.003,,,
900,900,900,211922666,09 06 46.861,+19 03 48.80,1,18.673,,,,09064686+1903487,5112-301-3-0181-0292,STAR,gri,,20,3,-42,3,,,,,,,22.621,0.247,19.823,0.014,18.656,0.009,18.18,0.009,17.924,0.021,16.712,0.146,15.94,0.168,,,,,,,,,,,,,,,,,,,,,,,,,,,,,
901,901,901,211922678,08 47 39.255,+19 03 49.07,1,11.323,,1396-1517-1,546-046995,08473924+1903489,,STAR,gri,rpm,-2.7,1.8,-5.4,2,,,12.62,0.291,11.704,0.176,,,12.105,0.03,11.274,0.03,10.987,0.03,,,9.804,0.027,9.251,0.033,9.106,0.021,4760,77,77,2.457,0.384,0.144,-0.315,0.16,0.28,10.821,1.231,3.662,1.147,0.205,0.171,9.25E-04,0.002,3.14E-04,1353,166.5,416.1,0.034,0.008,0.008,,,
902,902,902,211922731,09 10 26.419,+19 03 51.52,1,18.609,,,,,5080-301-3-0162-0380,EXTENDED,gri,,-1,3,0,3,,,,,,,19.993,0.078,18.979,0.016,18.662,0.019,18.45,0.026,18.438,0.085,,,,,,,,,,,,,,,,,,,,,,,,,,,,,,,,,
903,903,903,211922746,08 38 50.755,+19 03 52.33,1,12.575,,,546-046610,08385076+1903524,,STAR,gri,rpm,-11.5,1.3,-22.7,1.6,,,13.408,0.01,12.727,0.031,,,13.004,0.01,12.549,0.041,12.391,0.03,,,11.497,0.021,11.18,0.023,11.113,0.016,5902,94,118,4.393,0.07,0.28,-0.24,0.2,0.2,1.018,0.411,0.102,0.977,0.105,0.088,0.872,0.239,0.541,384.2,147.4,46.79,0.033,0.016,0.01,,,
904,904,904,211922750,09 04 23.537,+19 03 52.75,1,16.68,,,,09042353+1903527,5080-301-4-0153-0252,EXTENDED,gri,,2,2,-1,2,,,,,,,19.837,0.06,17.785,0.006,16.668,0.004,16.206,0.004,15.846,0.009,15.264,0.056,14.488,0.077,14.115,0.068,,,,,,,,,,,,,,,,,,,,,,,,,,,
905,905,905,211922792,09 15 22.154,+19 03 55.27,1,14.77,,,546-047938,09152215+1903553,,STAR,gri,rpm,-0.2,3.1,-4.9,3.5,,,15.97,0.02,15.061,0.04,,,15.49,0.03,14.772,0.05,14.461,0.03,,,13.38,0.025,12.837,0.023,12.761,0.025,4915,97,97,2.918,1.512,1.26,-0.605,0.35,1.12,3.463,10.041,2.786,0.876,0.087,0.116,0.011,1.832,0.011,2773,7867,2351,0.033,0.011,0.007,,,
906,906,906,211922796,09 14 55.581,+19 03 55.47,1,13.295,,,546-047924,09145557+1903555,,STAR,gri,rpm,-27.9,2,-15.9,2.4,,,14.383,0.03,13.537,0.01,,,13.927,0.02,13.278,0.02,13.024,0.04,,,12.064,0.021,11.666,0.023,11.546,0.02,5294,85,106,4.566,0.036,0.03,-0.182,0.2,0.36,0.794,0.057,0.073,0.844,0.062,0.087,1.669,0.301,0.215,339.1,25.09,40.89,0.031,0.007,0.006,,,
907,907,907,211922804,08 43 47.057,+19 03 56.11,1,14.564,,,546-046836,08434704+1903563,,STAR,JHK,rpm,-27.8,4.1,18.4,4.4,,,,,,,,,,,,,,,,,12.365,0.032,11.771,0.032,11.523,0.032,3787,182,182,4.9,0.098,0.035,-0.01,0.15,0.18,0.38,0.037,0.089,0.416,0.057,0.123,7.386,4.759,1.128,120.3,14.8,33.71,0.019,0.007,0.006,,,
908,908,908,211922834,09 03 23.218,+19 03 57.93,1,16.597,,,,09032321+1903579,5112-301-4-0176-0284,EXTENDED,gri,,-2,2,4,2,,,,,,,19.502,0.077,17.609,0.008,16.619,0.005,16.163,0.006,15.835,0.015,15.888,0.092,15.056,0.098,14.636,0.108,,,,,,,,,,,,,,,,,,,,,,,,,,,
909,909,909,211922849,08 43 44.732,+19 03 58.59,1,15.268,,,546-046833,08434473+1903588,5071-301-4-0113-0389,STAR,gri,rpm,-38.9,4,-12.5,4,,,17.565,0.12,16.131,0.068,,,16.91,0.11,15.541,0.05,14.564,0.06,,,12.784,0.023,12.079,0.021,11.871,0.019,3750,90,90,4.894,0.063,0.045,0.149,0.06,0.12,0.377,0.047,0.057,0.411,0.056,0.079,7.371,2.898,1.38,141.2,23.02,28.62,0.023,0.005,0.006,,,
910,910,910,211922879,09 06 04.970,+19 04 00.35,1,18.858,,,,,5080-301-4-0156-0429,EXTENDED,gri,,-9,3,2,3,,,,,,,20.272,0.094,19.203,0.017,18.86,0.02,18.71,0.028,18.506,0.081,,,,,,,,,,,,,,,,,,,,,,,,,,,,,,,,,
911,911,911,211922880,09 02 15.896,+19 04 00.51,1,17.8,,,,09021589+1904005,5112-301-4-0175-0203,EXTENDED,gri,,-2,3,-4,3,,,,,,,20.732,0.105,19.017,0.012,17.794,0.007,17.278,0.007,17.006,0.02,16.118,0.083,15.368,0.094,14.833,0.093,,,,,,,,,,,,,,,,,,,,,,,,,,,
912,912,912,211922908,09 06 15.316,+19 04 01.89,1,12.964,,,546-047656,09061531+1904017,,STAR,gri,rpm,-1.1,3,1.5,2.5,,,13.788,0.08,13.152,0.03,,,13.392,0.03,12.961,0.02,12.781,0.01,,,11.885,0.021,11.566,0.029,11.503,0.026,5874,92,139,3.939,0.442,0.13,-0.421,0.35,0.35,1.711,0.375,0.647,1.006,0.143,0.119,0.182,0.614,0.077,740.6,176.9,278.2,0.032,0.009,0.004,,,
913,913,913,211922919,08 52 26.442,+19 04 02.86,1,19.703,,,,,5071-301-2-0126-0257,STAR,gri,,-4,5,-56,5,,,,,,,19.839,0.035,19.624,0.013,19.729,0.017,19.894,0.025,20.028,0.091,,,,,,,,,,,,,,,,,,,,,,,,,,,,,,,,,
914,914,914,211922940,09 11 11.556,+19 04 04.11,1,15.169,,,546-047806,09111157+1904040,5080-301-3-0163-0105,STAR,gri,rpm,-2.9,3.3,-1.7,3.4,,,16.115,0.1,15.368,0.05,,,15.673,0.03,15.148,0.04,14.953,0.06,,,14.085,0.026,13.631,0.028,13.568,0.028,5379,159,127,3.761,0.756,0.756,-0.878,0.66,0.66,2.014,2.474,1.322,0.866,0.04,0.079,0.083,1.401,0.076,2248,2363,1483,0.032,0.01,0.006,,,
915,915,915,211922975,08 43 07.054,+19 04 06.09,1,9.436,,1396-149-1,546-046803,08430705+1904060,,STAR,BV,plx,-37.1,1,-10.1,1.1,,,10.078,0.031,9.526,0.026,,,,,,,,,,,8.591,0.024,8.385,0.027,8.36,0.029,6461,314,261,4.052,0.07,0.084,-0.004,0.12,0.18,1.821,0.19,0.145,1.4,0.088,0.106,0.222,0.061,0.056,200,16.7,16.7,0.024,0.007,0.006,,,
916,916,916,211922999,09 02 47.215,+19 04 07.33,1,14.468,,,546-047528,09024721+1904073,,STAR,gri,rpm,19.4,1.4,-54.2,3.4,,,15.199,0.03,14.62,0.02,,,14.867,0.01,14.49,0.01,14.297,0.06,,,13.387,0.023,13.083,0.028,12.971,0.023,5999,71,143,4.479,0.06,0.1,-1.004,0.15,0.15,0.824,0.126,0.061,0.766,0.042,0.023,1.338,0.308,0.391,689.1,135.6,77.76,0.032,0.006,0.004,,,
917,917,917,211923064,09 10 20.970,+19 04 10.19,1,17.363,,,,09102097+1904101,5080-301-3-0162-0052,STAR,gri,rpm,-5,2,3,2,,,,,,,17.674,0.01,17.575,0.005,17.292,0.005,17.181,0.006,17.208,0.012,16.432,0.09,15.597,0.09,15.367,0.133,6245,99,124,4.297,0.12,0.24,-1.154,0.25,0.5,1.042,0.362,0.159,0.809,0.044,0.031,0.694,0.394,0.411,3875,1328,651.9,0.033,0.008,0.006,,,
918,918,918,211923104,08 55 10.458,+19 04 11.79,1,16.54,,,,08551045+1904117,5061-301-2-0132-0230,STAR,gri,rpm,-32,3,-11,3,,,,,,,21.19,0.08,18.469,0.007,17.034,0.005,15.714,0.005,15.004,0.005,13.661,0.023,12.971,0.032,12.736,0.027,3602,128,85,5.001,0.056,0.04,-0.036,0.15,0.15,0.27,0.041,0.043,0.284,0.056,0.067,13.06,4.884,3.038,144.4,27.22,27.03,0.022,0.008,0.008,,,
919,919,919,211923107,08 39 11.362,+19 04 11.84,1,16.968,,,,08391136+1904118,5037-301-2-0112-0123,EXTENDED,gri,,14,3,-14,3,,,,,,,19.598,0.074,17.971,0.011,17.043,0.008,16.538,0.007,16.183,0.016,16.079,0.103,15.222,0.113,14.476,0.104,,,,,,,,,,,,,,,,,,,,,,,,,,,
920,920,920,211923188,08 41 07.361,+19 04 16.42,1,10.014,,1395-1581-1,546-046723,08410737+1904164,,STAR,gri,rpm,-37,1,-10.8,1.1,,,10.664,0.055,10.142,0.048,,,10.475,0.02,9.999,0.03,9.817,0.03,,,8.995,0.019,8.669,0.023,8.636,0.019,5789,114,160,4.286,0.175,0.425,-0.092,0.15,0.24,1.223,0.83,0.263,1.051,0.109,0.091,0.572,0.484,0.443,144,83.18,36.27,0.02,0.008,0.006,,,
921,921,921,211923235,08 56 32.480,+19 04 18.78,1,17.357,,,,08563247+1904187,5071-301-1-0132-0256,STAR,gri,rpm,-61,3,-20,3,,,,,,,21.842,0.143,19.341,0.012,17.928,0.007,16.506,0.005,15.755,0.006,14.306,0.029,13.769,0.032,13.583,0.036,3664,88,110,5.025,0.035,0.035,-0.155,0.15,0.21,0.262,0.029,0.035,0.264,0.044,0.044,14.41,3.565,2.424,184.9,30.34,26.06,0.024,0.005,0.006,,,
922,922,922,211923288,09 07 59.708,+19 04 21.40,1,17.613,,,,09075970+1904213,5112-301-3-0183-0276,EXTENDED,gri,,0,3,1,3,,,,,,,20.716,0.111,18.604,0.01,17.592,0.007,17.188,0.007,16.802,0.018,16.044,0.096,15.518,0.142,15.032,0.131,,,,,,,,,,,,,,,,,,,,,,,,,,,
923,923,923,211923307,08 40 35.265,+19 04 22.25,1,18.711,,,,08403526+1904222,,STAR,JHK,col,,,,,,,,,,,,,,,,,,,,,16.237,0.104,15.526,0.113,15.298,0.171,4005,477,398,4.846,0.155,0.155,-0.246,0.25,0.35,0.407,0.163,0.153,0.457,0.168,0.202,6.326,8.367,3.192,773.8,481.2,340.7,0.032,0.011,0.007,,,
924,924,924,211923336,08 47 04.965,+19 04 23.92,1,15.108,,,546-046972,08470496+1904240,,STAR,gri,rpm,0,3.6,-2,3.9,,,15.99,0.08,15.352,0.05,,,15.644,0.04,15.077,0.01,14.879,0.04,,,13.957,0.027,13.534,0.043,13.367,0.034,5432,128,160,4.508,0.06,0.924,-0.412,0.3,0.54,0.86,1.696,0.121,0.871,0.062,0.099,1.338,0.406,1.285,922.9,1632,156,0.033,0.008,0.007,,,
925,925,925,211923407,08 43 32.529,+19 04 27.70,1,17.247,,,,08433252+1904277,,STAR,J,col,,,,,,,,,,,,,,,,,,,,,15.768,0.09,15.022,0.099,14.7,0.129,3982,368,368,4.867,0.168,0.14,-0.185,0.2,0.32,0.407,0.145,0.157,0.448,0.151,0.212,6.146,8.53,2.845,643.7,346.4,291.4,0.032,0.008,0.007,,,
926,926,926,211923444,08 50 47.383,+19 04 29.12,1,19.027,,,,,5061-301-3-0126-0192,EXTENDED,gri,,2,3,0,3,,,,,,,20.573,0.073,19.354,0.013,19.046,0.014,18.887,0.018,18.717,0.061,,,,,,,,,,,,,,,,,,,,,,,,,,,,,,,,,
927,927,927,211923502,08 43 43.560,+19 04 33.10,1,13.055,,,546-046832,08434356+1904332,,STAR,gri,rpm,-35.8,1.8,-11,2.2,,,14.488,0.04,13.416,0.01,,,13.975,0.04,12.98,0.02,12.661,0.05,,,11.436,0.023,10.884,0.021,10.787,0.019,4626,74,55,4.634,0.033,0.02,0.077,0.25,0.25,0.698,0.018,0.051,0.763,0.019,0.061,2.259,0.335,0.136,188.2,8.87,18.13,0.022,0.004,0.007,,,
928,928,928,211923516,09 04 18.976,+19 04 34.06,1,12.765,,,546-047596,09041898+1904342,,STAR,gri,rpm,-11.2,1.9,-35.2,2.2,,,13.583,0.04,12.92,0.02,,,13.191,0.03,12.753,0.03,12.582,0.03,,,11.719,0.022,11.418,0.024,11.345,0.023,5892,95,143,4.39,0.075,0.225,-0.306,0.25,0.45,1.03,0.291,0.157,0.928,0.09,0.09,0.851,0.297,0.46,419.9,119.5,60.85,0.032,0.008,0.006,,,
929,929,929,211923589,08 55 30.697,+19 04 37.36,1,16.542,,,,08553069+1904373,5061-301-2-0133-0060,STAR,gri,,-52,2,-22,2,,,,,,,16.638,0.007,16.314,0.004,16.618,0.005,16.858,0.006,17.118,0.012,16.787,0.149,,,,,,,,,,,,,,,,,,,,,,,,,,,,,,,
930,930,930,211923593,08 55 30.660,+19 04 37.51,1,16.36,,,546-047292,,5061-301-2-0133-0060,STAR,BV,,-53.2,18.2,-22.2,18.1,,,16.584,0.09,16.335,0.075,,,16.523,0.061,,,,,,,,,,,,,,,,,,,,,,,,,,,,,,,,,,,,,,,
931,931,931,211923698,08 57 45.484,+19 04 43.98,1,11.493,,1397-340-1,546-047363,08574551+1904437,,STAR,gri,lam,-50.9,1.6,-36.6,1.7,,,12.409,0.334,11.476,0.165,,,11.881,0.02,11.498,0.01,11.327,0.03,,,10.439,0.018,10.166,0.019,10.095,0.023,5813,138,173,4.447,0.055,0.099,-0.337,0.15,0.15,0.93,0.121,0.078,0.893,0.081,0.067,1.073,0.284,0.319,206.1,32.94,20.71,0.024,0.008,0.006,,,
932,932,932,211923804,08 45 38.733,+19 04 48.81,1,12.628,,,546-046931,08453873+1904488,,STAR,gri,rpm,3.7,2.3,-34.3,1.2,,,13.464,0.05,12.781,0.01,,,13.062,0.05,12.588,0.03,12.442,0.04,,,11.554,0.02,11.228,0.022,11.176,0.017,5815,173,173,4.437,0.075,0.12,-0.323,0.25,0.35,0.954,0.185,0.131,0.913,0.097,0.083,1.012,0.385,0.368,362,74.83,52.47,0.03,0.011,0.007,,,
933,933,933,211923855,08 43 58.756,+19 04 51.17,1,19.867,,,,,5071-301-4-0114-0469,EXTENDED,gri,,-1,4,2,4,,,,,,,21.441,0.167,20.226,0.025,19.917,0.03,19.713,0.036,19.465,0.114,,,,,,,,,,,,,,,,,,,,,,,,,,,,,,,,,
934,934,934,211923918,08 57 50.598,+19 04 54.61,1,15.288,,,546-047366,08575060+1904546,,STAR,gri,rpm,-16.6,4.6,-98.1,4.8,,,16.472,0.05,15.575,0.02,,,15.979,0.06,15.34,0.02,14.992,0.01,,,13.866,0.023,13.38,0.03,13.313,0.031,4616,242,242,4.869,0.025,0.115,-1.238,0.1,1.04,0.417,0.107,0.015,0.48,0.097,0.017,6.474,0.657,2.546,357.8,77.14,48.74,0.028,0.004,0.001,,,
935,935,935,211923969,08 54 27.571,+19 04 56.86,1,16.827,,,,08542757+1904568,,STAR,JHK,col,,,,,,,,,,,,,,,,,,,,,14.753,0.034,14.076,0.03,13.948,0.046,4192,243,203,4.767,0.09,0.075,-0.141,0.2,0.24,0.505,0.083,0.084,0.557,0.085,0.085,4.054,1.915,1.117,534.5,133.8,107,0.032,0.011,0.007,,,
936,936,936,211924000,08 41 16.912,+19 04 58.05,1,15.387,,,546-046733,08411690+1904582,,STAR,gri,rpm,-3.3,4.4,-2.1,4,,,16.403,0.12,15.66,0.1,,,16.003,0.03,15.365,0.05,15.122,0.04,,,14.208,0.027,13.856,0.037,13.678,0.044,5393,164,131,4.527,0.045,0.072,-0.213,0.25,0.3,0.837,0.118,0.09,0.866,0.071,0.085,1.491,0.301,0.381,972.4,177.5,109.7,0.034,0.01,0.007,,,
937,937,937,211924080,09 11 12.853,+19 05 02.08,1,17.693,,,,09111285+1905020,5080-301-3-0163-0221,EXTENDED,gri,,1,3,1,3,,,,,,,19.779,0.056,18.654,0.011,17.738,0.008,17.281,0.008,17.006,0.018,16.369,0.095,15.599,0.094,15.055,0.098,,,,,,,,,,,,,,,,,,,,,,,,,,,
938,938,938,211924092,09 03 48.933,+19 05 02.83,1,19.668,,,,,5112-301-4-0177-0399,EXTENDED,gri,,-8,3,12,3,,,,,,,20.817,0.1,19.865,0.019,19.602,0.022,19.332,0.029,19.211,0.122,,,,,,,,,,,,,,,,,,,,,,,,,,,,,,,,,
939,939,939,211924107,08 38 52.438,+19 05 03.72,1,12.578,,1395-1533-1,546-046612,08385240+1905040,,STAR,gri,rpm,-2.1,2.5,-5.4,2.7,,,12.56,0.284,12.048,0.235,,,12.762,0.031,12.516,0.01,12.437,0.02,,,11.717,0.02,11.516,0.023,11.451,0.019,6564,133,133,4.113,0.125,0.15,-0.157,0.16,0.28,1.571,0.423,0.2,1.324,0.13,0.208,0.3,0.144,0.14,734.5,185.9,109.3,0.034,0.008,0.007,,,
940,940,940,211924143,08 44 35.142,+19 05 05.35,1,17.677,,,,08443514+1905053,5071-301-4-0115-0187,EXTENDED,gri,,3,3,3,3,,,,,,,19.851,0.057,18.455,0.009,17.733,0.007,17.343,0.007,17.11,0.02,16.347,0.131,15.768,0.168,,,,,,,,,,,,,,,,,,,,,,,,,,,,,
941,941,941,211924196,08 58 53.365,+19 05 08.27,1,19.408,,,,08585336+1905082,5061-301-1-0138-0340,STAR,gri,rpm,-32,5,-68,5,,,,,,,24.058,0.627,21.519,0.047,19.991,0.02,18.503,0.011,17.711,0.017,16.404,0.096,15.848,0.097,15.63,0.179,3109,31,31,5.18,0.02,0.02,-0.034,0.1,0.1,0.154,0.003,0.003,0.132,0.003,0.003,35.43,2.126,2.126,217.3,20.74,8.82,0.024,0.006,0.006,,,
942,942,942,211924216,09 05 49.731,+19 05 09.76,1,14.539,,,546-047646,09054972+1905099,5080-301-4-0155-0111,STAR,gri,rpm,-14.5,4.6,-21.9,5,,,15.761,0.1,14.829,0.05,,,15.264,0.05,14.519,0.02,14.228,0.08,,,13.096,0.024,12.549,0.028,12.521,0.028,4923,98,78,4.622,0.04,0.04,-0.331,0.25,0.25,0.682,0.061,0.065,0.736,0.063,0.075,2.247,0.393,0.395,425,50.98,52.62,0.03,0.008,0.005,,,
943,943,943,211924217,09 09 48.679,+19 05 09.81,1,17.913,,,,09094867+1905098,5080-301-3-0161-0320,STAR,gri,rpm,-9,3,-45,3,,,,,,,22.866,0.318,19.954,0.016,18.538,0.008,17.039,0.006,16.334,0.008,14.919,0.039,14.341,0.041,14.064,0.049,3613,128,85,5.012,0.036,0.03,-0.058,0.15,0.18,0.265,0.026,0.028,0.265,0.037,0.044,14.04,2.996,2.09,248.7,32.93,34.48,0.026,0.008,0.006,,,
944,944,944,211924229,08 41 15.425,+19 05 10.41,1,15.351,,,546-046729,08411543+1905104,5061-301-5-0112-0372,STAR,JHK,rpm,-32.9,5.9,-14.5,5.8,,,,,,,,,,,,,,,,,13.109,0.025,12.49,0.022,12.254,0.021,3635,150,85,4.994,0.03,0.054,-0.051,0.15,0.15,0.287,0.062,0.033,0.299,0.092,0.046,12.46,2.348,3.328,117.6,37.27,14.03,0.017,0.006,0.004,,,
945,945,945,211924247,08 46 42.844,+19 05 11.37,1,15.358,,,546-046965,08464284+1905114,,STAR,gri,rpm,2.4,4.5,3.6,4.1,,,16.575,0.04,15.628,0.02,,,16.117,0.03,15.323,0.05,15.033,0.11,,,13.846,0.027,13.378,0.037,13.285,0.03,5008,121,121,4.585,0.035,1.022,-0.183,0.2,0.28,0.76,2.029,0.068,0.809,0.096,0.068,1.807,0.386,1.764,685.1,1719,70.27,0.034,0.011,0.007,,,
946,946,946,211924260,09 06 05.997,+19 05 12.21,1,9.198,,1404-1087-1,546-047651,09060599+1905122,,STAR,BV,plx,6,1.2,-5.3,1.2,,,11.201,0.116,9.544,0.036,,,,,,,,,,,6.523,0.021,5.742,0.044,5.499,0.016,4005,141,118,1.351,0.235,0.282,-0.13,0.2,0.28,38.471,11.203,8.677,1.244,0.213,0.213,2.09E-05,2.59E-05,1.30E-05,672.4,243.2,243.2,0.034,0.01,0.008,,,
947,947,947,211924270,08 58 43.105,+19 05 12.72,1,19.72,,,,,5061-301-1-0138-0373,EXTENDED,gri,,-9,3,-5,3,,,,,,,21.273,0.129,20.09,0.025,19.779,0.027,19.562,0.039,19.454,0.125,,,,,,,,,,,,,,,,,,,,,,,,,,,,,,,,,
948,948,948,211924309,08 45 29.329,+19 05 14.75,1,10.986,,1396-213-1,546-046926,08452934+1905148,,STAR,gri,rpm,-19.7,1.3,-12.4,1.3,,,11.625,0.097,11.174,0.104,,,11.314,0.05,10.955,0.02,10.846,0.03,,,9.999,0.022,9.735,0.023,9.657,0.019,6154,123,148,4.143,0.195,0.234,-0.091,0.15,0.24,1.462,0.602,0.319,1.157,0.203,0.145,0.332,0.338,0.189,279.3,110,58.97,0.027,0.01,0.006,,,
949,949,949,211924358,08 43 25.533,+19 05 17.96,1,11.96,,,546-046819,08432553+1905179,,STAR,gri,rpm,-18,1.4,-6.4,1,,,12.893,0.08,12.149,0.02,,,12.48,0.06,11.917,0.02,11.738,0.05,,,10.777,0.022,10.424,0.022,10.342,0.02,5615,88,155,4.452,0.07,0.588,-0.062,0.16,0.24,0.989,1.088,0.132,0.986,0.14,0.07,1.025,0.342,0.896,257.7,259.3,46.49,0.029,0.01,0.007,,,
950,950,950,211924377,08 41 19.102,+19 05 18.69,1,17.048,,,,08411910+1905186,5061-301-5-0112-0384,EXTENDED,gri,,-35,3,-15,3,,,,,,,21.591,0.101,19.235,0.01,17.73,0.006,16.111,0.005,15.23,0.005,13.699,0.027,13.128,0.031,12.867,0.024,,,,,,,,,,,,,,,,,,,,,,,,,,,
951,951,951,211924378,08 45 25.908,+19 05 18.71,1,15.113,,,546-046921,08452591+1905187,5061-301-4-0118-0196,STAR,gri,lam,4.7,3.7,-1.4,4,,,16.693,0.06,15.534,0.01,,,16.132,0.06,14.989,0.05,14.676,0.05,,,13.341,0.023,12.691,0.026,12.598,0.024,4264,154,128,4.745,0.045,0.045,-0.085,0.12,0.12,0.548,0.053,0.048,0.612,0.057,0.057,3.566,0.771,0.634,316.3,43.53,45.35,0.029,0.008,0.007,,,
952,952,952,211924385,08 47 23.471,+19 05 19.28,1,16.517,,,,08472347+1905192,,STAR,J,col,,,,,,,,,,,,,,,,,,,,,15.089,0.085,14.287,0.087,13.671,0.065,3552,307,368,5.013,0.135,0.135,-0.092,0.16,0.24,0.247,0.13,0.085,0.23,0.194,0.121,13.14,13.99,6.775,252.5,184.3,121.7,0.027,0.009,0.011,,,
953,953,953,211924468,09 11 27.976,+19 05 24.02,1,19.412,,,,,5080-301-3-0164-0127,STAR,gri,,-3,3,-6,3,,,,,,,19.495,0.027,19.524,0.012,19.375,0.013,19.096,0.014,19.031,0.038,,,,,,,,,,,,,,,,,,,,,,,,,,,,,,,,,
954,954,954,211924490,08 44 28.425,+19 05 24.95,1,15.968,,,,08442842+1905249,5071-301-4-0115-0028,EXTENDED,gri,,1,3,-3,3,,,,,,,18.568,0.021,16.783,0.004,15.974,0.003,15.619,0.003,15.343,0.006,14.577,0.046,13.878,0.055,13.462,0.054,,,,,,,,,,,,,,,,,,,,,,,,,,,
955,955,955,211924507,08 53 54.308,+19 05 25.71,1,19.463,,,,,5071-301-2-0128-0292,STAR,gri,,0,3,-6,3,,,,,,,20.467,0.055,19.678,0.014,19.321,0.014,19.371,0.018,19.137,0.044,,,,,,,,,,,,,,,,,,,,,,,,,,,,,,,,,
956,956,956,211924535,09 02 18.053,+19 05 27.41,1,19.354,,,,,5112-301-4-0175-0388,EXTENDED,gri,,-5,3,-5,3,,,,,,,20.875,0.111,19.713,0.018,19.368,0.02,19.2,0.028,19.102,0.111,,,,,,,,,,,,,,,,,,,,,,,,,,,,,,,,,
957,957,957,211924538,09 03 22.529,+19 05 27.73,1,16.451,,,,09032252+1905277,5112-301-4-0177-0206,EXTENDED,gri,,1,2,2,2,,,,,,,19.17,0.049,17.451,0.006,16.457,0.004,16.023,0.005,15.678,0.011,15.582,0.076,14.749,0.088,14.505,0.093,,,,,,,,,,,,,,,,,,,,,,,,,,,
958,958,958,211924548,09 05 53.936,+19 05 28.14,1,17.97,,,,,5080-301-4-0155-0314,EXTENDED,gri,,8,6,4,6,,,,,,,19.543,0.062,18.457,0.011,18.012,0.011,17.761,0.013,17.594,0.043,,,,,,,,,,,,,,,,,,,,,,,,,,,,,,,,,
959,959,959,211924561,08 50 36.610,+19 05 28.95,1,10.751,,1396-1319-1,546-047104,08503661+1905288,,STAR,gri,plx,-9.4,1.5,-13.6,1.5,,,11.201,0.082,10.658,0.073,,,10.886,0.02,10.706,0.01,10.66,0.05,,,9.998,0.022,9.865,0.022,9.786,0.02,6993,142,142,4.177,0.085,0.136,-0.037,0.1,0.1,1.594,0.337,0.18,1.453,0.118,0.098,0.33,0.115,0.126,305.8,67.23,67.23,0.029,0.011,0.007,,,
960,960,960,211924570,08 47 40.036,+19 05 29.44,1,16.543,,,,08474003+1905294,5071-301-3-0119-0288,EXTENDED,gri,,3,2,1,2,,,,,,,18.378,0.025,17.186,0.005,16.627,0.005,16.268,0.005,16.056,0.013,15.987,0.134,15.341,0.178,15.214,0.177,,,,,,,,,,,,,,,,,,,,,,,,,,,
961,961,961,211924598,08 55 13.080,+19 05 30.97,1,11.944,,,546-047279,08551308+1905310,,STAR,gri,rpm,-5.4,1.9,2.1,1.4,,,13.218,0.07,12.228,0.02,,,12.697,0.04,11.925,0.04,11.622,0.05,,,10.418,0.023,9.913,0.025,9.799,0.019,4873,78,78,2.478,0.7,0.12,-0.406,0.2,0.24,9.947,1.255,5.352,1.097,0.21,0.157,0.001,0.011,2.84E-04,1681,201.6,860.5,0.035,0.011,0.008,,,
962,962,962,211924607,08 57 27.278,+19 05 31.48,1,17.311,,,,,5071-301-1-0133-0207,EXTENDED,gri,,-2,3,4,3,,,,,,,19.174,0.05,17.942,0.008,17.385,0.007,17.041,0.008,16.828,0.021,,,,,,,,,,,,,,,,,,,,,,,,,,,,,,,,,
963,963,963,211924644,08 50 30.282,+19 05 33.99,1,14.379,,,546-047100,08503028+1905339,,STAR,gri,lam,-7.3,2.3,0.2,2.5,,,15.769,0.02,14.674,0.01,,,15.183,0.02,14.341,0.02,14.035,0.04,,,12.819,0.023,12.303,0.021,12.134,0.02,4812,75,75,3.383,0.112,0.096,-0.011,0.12,0.1,3.559,0.542,0.407,1.162,0.096,0.135,0.025,0.011,0.007,1875,283.7,207.7,0.036,0.011,0.009,,,
964,964,964,211924657,08 40 06.426,+19 05 34.36,1,15.031,,,546-046668,08400641+1905346,5071-301-5-0108-0312,STAR,gri,col,,,,,,,17.873,0.17,16.248,0.072,,,16.939,0.07,15.565,0.01,14.213,0.15,,,12.183,0.021,11.605,0.018,11.37,0.023,3446,120,120,5.059,0.05,0.06,0.052,0.1,0.1,0.224,0.045,0.038,0.206,0.066,0.041,17.85,6.677,4.86,57.51,17.61,13.48,0.009,0.004,0.003,,,
965,965,965,211924685,09 15 19.281,+19 05 35.64,1,18.977,,,,,5080-301-2-0169-0964,EXTENDED,gri,,5,3,9,3,,,,,,,20.914,0.154,19.474,0.022,19.037,0.023,18.764,0.026,18.544,0.071,,,,,,,,,,,,,,,,,,,,,,,,,,,,,,,,,
966,966,966,211924777,09 03 28.686,+19 05 40.49,1,17.755,,,,09032868+1905404,5112-301-4-0177-0228,STAR,gri,rpm,-32,3,-60,3,,,,,,,22.542,0.231,19.695,0.013,18.284,0.008,16.924,0.006,16.179,0.008,14.771,0.031,14.291,0.038,13.996,0.038,3561,147,84,5.038,0.03,0.036,-0.065,0.15,0.21,0.24,0.031,0.024,0.233,0.041,0.029,16.13,3.174,2.652,202.7,37.43,20.37,0.024,0.006,0.005,,,
967,967,967,211924779,08 39 21.455,+19 05 40.69,1,18.836,,,,,5037-301-2-0112-0376,EXTENDED,gri,,2,3,2,3,,,,,,,19.963,0.052,19.023,0.012,18.773,0.014,18.646,0.019,18.709,0.067,,,,,,,,,,,,,,,,,,,,,,,,,,,,,,,,,
968,968,968,211924805,08 58 21.414,+19 05 42.30,1,12.117,,,546-047394,08582142+1905423,,STAR,gri,rpm,-35.7,0.8,-12.7,0.9,,,12.913,0.06,12.25,0.02,,,12.537,0.02,12.113,0.01,11.938,0.03,,,10.998,0.021,10.681,0.021,10.613,0.02,5932,71,94,4.339,0.108,0.288,-0.356,0.25,0.25,1.06,0.41,0.16,0.93,0.085,0.071,0.739,0.364,0.485,328.4,109.3,53.99,0.03,0.007,0.008,,,
969,969,969,211924807,08 44 50.929,+19 05 42.52,1,11.523,,1396-224-1,546-046892,08445093+1905424,,STAR,gri,plx,-3.4,1.6,-2.6,1.6,,,11.797,0.109,11.643,0.151,,,11.57,0.04,11.508,0.03,11.528,0.04,,,10.939,0.023,10.776,0.021,10.756,0.018,7250,115,115,4.072,0.174,0.145,-0.098,0.12,0.08,1.852,0.463,0.435,1.568,0.177,0.127,0.215,0.203,0.091,767.4,528.2,528.2,0.03,0.007,0.006,,,
970,970,970,211924959,08 51 24.929,+19 05 51.03,1,16.466,,,,08512492+1905510,5061-301-3-0127-0154,STAR,gri,rpm,-16,2,-40,2,,,,,,,20.613,0.054,18.04,0.006,16.623,0.005,15.791,0.005,15.313,0.006,14.087,0.026,13.52,0.027,13.283,0.03,3626,43,36,5.012,0.03,0.036,-0.076,0.1,0.1,0.269,0.03,0.023,0.277,0.04,0.034,13.63,2.384,2.397,172.5,25.01,15.9,0.02,0.005,0.004,,,
971,971,971,211924960,09 10 58.730,+19 05 51.07,1,17.647,,,,09105872+1905510,5080-301-3-0163-0196,EXTENDED,gri,,-3,3,1,3,,,,,,,20.58,0.074,18.684,0.009,17.623,0.006,17.202,0.006,16.839,0.012,15.878,0.072,15.19,0.072,14.642,0.075,,,,,,,,,,,,,,,,,,,,,,,,,,,
972,972,972,211925013,08 41 19.693,+19 05 54.45,1,18.363,,,,08411969+1905544,5061-301-5-0112-0429,STAR,gri,rpm,-31,3,-15,3,,,,,,,23.074,0.298,20.625,0.023,19.058,0.011,17.393,0.007,16.499,0.008,14.931,0.039,14.341,0.052,14.004,0.058,3298,152,114,5.151,0.02,0.02,-0.117,0.25,0.3,0.167,0.01,0.005,0.146,0.014,0.005,30.71,2.654,3.214,138.2,13.2,10.12,0.019,0.004,0.005,,,
973,973,973,211925022,09 08 36.133,+19 05 55.14,1,18.581,,,,,5112-301-3-0184-0309,EXTENDED,gri,,0,3,-10,3,,,,,,,20.101,0.119,19.019,0.014,18.61,0.014,18.394,0.02,18.28,0.071,,,,,,,,,,,,,,,,,,,,,,,,,,,,,,,,,
974,974,974,211925037,09 10 39.468,+19 05 55.92,1,17.184,,,,,5080-301-3-0163-0132,EXTENDED,gri,,0,2,5,2,,,,,,,19.086,0.043,17.778,0.008,17.237,0.007,16.93,0.008,16.786,0.023,,,,,,,,,,,,,,,,,,,,,,,,,,,,,,,,,
975,975,975,211925042,08 58 15.053,+19 05 56.24,1,9.615,,1397-1124-1,546-047384,08581504+1905563,,STAR,gri,rpm,2.6,1.1,-3.7,1.1,,,10.895,0.089,9.795,0.044,,,10.657,0.33,9.591,0.02,9.169,0.02,,,8.003,0.019,7.515,0.017,7.411,0.029,4617,93,93,2.424,0.14,0.12,0.056,0.15,0.27,11.78,1.745,0.937,1.422,0.258,0.301,8.02E-04,3.79E-04,2.57E-04,622.1,93.48,26.63,0.036,0.011,0.007,,,
976,976,976,211925090,09 04 49.689,+19 05 58.70,1,17.701,,,,09044968+1905587,5080-301-4-0154-0229,EXTENDED,gri,,-1,2,1,2,,,,,,,19.425,0.038,18.292,0.008,17.787,0.007,17.448,0.007,17.293,0.022,16.775,0.147,16.212,0.181,,,,,,,,,,,,,,,,,,,,,,,,,,,,,
977,977,977,211925122,08 47 20.259,+19 06 00.35,1,19.625,,,,,5061-301-4-0121-0269,STAR,gri,,-5,3,-10,3,,,,,,,20.033,0.038,19.598,0.012,19.634,0.016,19.501,0.02,19.305,0.068,,,,,,,,,,,,,,,,,,,,,,,,,,,,,,,,,
978,978,978,211925137,08 49 57.754,+19 06 01.26,1,17.887,,,,,5061-301-3-0125-0188,EXTENDED,gri,,-1,2,-4,2,,,,,,,19.312,0.039,18.266,0.009,17.958,0.01,17.724,0.013,17.694,0.049,,,,,,,,,,,,,,,,,,,,,,,,,,,,,,,,,
979,979,979,211925211,09 08 31.116,+19 06 05.62,1,16.63,,,,09083111+1906056,5112-301-3-0184-0060,STAR,gri,rpm,29,2,-71,2,,,,,,,19.02,0.021,17.35,0.005,16.619,0.005,16.321,0.006,16.148,0.008,15.14,0.046,14.586,0.054,14.429,0.063,4599,84,224,4.886,0.036,0.042,-2.021,0.96,0.09,0.408,0.031,0.029,0.472,0.02,0.083,6.781,1.223,1.036,651.5,19.54,158,0.037,0.001,0.007,,,
980,980,980,211925233,08 57 30.253,+19 06 06.45,1,18.635,,,,08573025+1906064,5071-301-1-0134-0228,STAR,gri,rpm,38,4,-3,4,,,,,,,22.984,0.364,20.27,0.02,18.735,0.01,17.935,0.008,17.455,0.014,16.393,0.113,15.623,0.102,15.648,0.181,3575,42,42,5.136,0.03,0.042,-0.42,0.1,0.1,0.184,0.02,0.015,0.172,0.022,0.019,26.68,4.666,4.692,328.4,50.04,31.64,0.03,0.008,0.008,,,
981,981,981,211925243,08 41 40.363,+19 06 07.06,1,13.918,,,546-046746,08414037+1906071,,STAR,gri,lam,-21.6,3,-6.8,3.2,,,15.384,0.03,14.298,0.01,,,14.84,0.03,13.906,0.02,13.522,0.04,,,12.305,0.02,11.76,0.021,11.626,0.02,4654,139,167,4.661,0.036,0.03,-0.172,0.12,0.15,0.649,0.045,0.05,0.707,0.047,0.047,2.535,0.457,0.327,260.4,27.77,29.81,0.026,0.008,0.007,,,
982,982,982,211925319,08 41 06.470,+19 06 10.69,1,17.574,,,,08410646+1906106,,STAR,JHK,col,,,,,,,,,,,,,,,,,,,,,15.108,0.042,14.525,0.044,14.173,0.06,3587,232,232,5.028,0.095,0.095,-0.061,0.15,0.24,0.248,0.09,0.077,0.242,0.125,0.089,14.66,12.64,5.929,255.4,125,97.07,0.025,0.01,0.008,,,
983,983,983,211925383,08 55 26.010,+19 06 14.70,1,18.134,,,,08552601+1906147,,STAR,JHK,col,,,,,,,,,,,,,,,,,,,,,15.469,0.051,14.689,0.043,14.356,0.063,3991,253,380,4.832,0.16,0.08,-0.127,0.2,0.24,0.436,0.086,0.163,0.49,0.093,0.205,5.416,6.765,1.669,595.2,211.4,271.1,0.032,0.013,0.009,,,
984,984,984,211925389,08 45 17.025,+19 06 15.21,1,13.71,,,546-046916,08451702+1906153,,STAR,gri,lam,-22,2.4,-2,2.5,,,14.76,0.05,13.946,0.03,,,14.304,0.04,13.691,0.04,13.455,0.04,,,12.44,0.022,12.019,0.021,11.932,0.021,5204,158,158,4.585,0.03,0.025,-0.256,0.12,0.14,0.754,0.039,0.044,0.799,0.048,0.04,1.816,0.24,0.179,376.5,28.79,36.9,0.031,0.011,0.009,,,
985,985,985,211925513,08 42 33.315,+19 06 22.74,1,14.872,,,546-046773,08423332+1906227,5037-301-1-0117-0059,STAR,gri,rpm,12.7,3.7,-12.5,4.1,,,16.124,0.12,15.147,0.04,,,15.622,0.07,14.793,0.05,14.55,0.08,,,13.48,0.024,12.97,0.024,12.865,0.028,4912,98,98,4.611,0.025,0.03,-0.115,0.15,0.24,0.717,0.039,0.051,0.783,0.042,0.067,2.051,0.272,0.24,533.9,39.76,48.76,0.032,0.007,0.008,,,
986,986,986,211925547,08 52 41.658,+19 06 24.23,1,9.957,,1396-1690-1,546-047181,08524165+1906243,,STAR,gri,rpm,-17.9,1.3,-7.9,1.3,,,10.155,0.037,9.885,0.039,,,10.08,0.07,9.915,0.07,9.921,0.01,,,9.306,0.021,9.191,0.022,9.109,0.022,7126,217,261,4.067,0.145,0.203,0.008,0.1,0.12,1.909,0.578,0.328,1.6,0.22,0.137,0.214,0.154,0.114,315.3,100.7,56.65,0.029,0.013,0.007,,,
987,987,987,211925563,08 41 35.992,+19 06 25.45,1,13.621,,,546-046740,08413599+1906255,,STAR,gri,rpm,-39.5,2.8,-5.2,6.7,,,15.457,0.02,14.138,0.03,,,14.845,0.02,13.6,0.01,13.096,0.04,,,11.752,0.02,11.12,0.02,10.978,0.018,4064,48,64,4.843,0.055,0.055,-0.169,0.2,0.28,0.437,0.059,0.062,0.5,0.07,0.07,5.739,1.654,1.284,112,15.71,18.8,0.016,0.006,0.003,,,
988,988,988,211925594,08 53 30.451,+19 06 27.08,1,17.742,,,,08533045+1906270,5071-301-2-0128-0181,EXTENDED,gri,,0,3,-4,3,,,,,,,20.119,0.073,18.576,0.01,17.812,0.008,17.384,0.008,17.13,0.019,16.602,0.134,15.807,0.162,15.592,0.197,,,,,,,,,,,,,,,,,,,,,,,,,,,
989,989,989,211925595,08 51 49.951,+19 06 27.11,1,14.466,,,546-047143,08514995+1906271,5061-301-3-0128-0026,STAR,gri,rpm,-14.8,2.2,-13.1,2.4,,,15.747,0.05,14.773,0.03,,,15.237,0.01,14.396,0.01,14.136,0.07,,,13.022,0.025,12.505,0.022,12.427,0.02,4874,77,77,4.612,0.03,0.03,-0.061,0.15,0.15,0.722,0.045,0.043,0.786,0.054,0.038,2.041,0.276,0.288,432.9,40.02,30.75,0.03,0.01,0.007,,,
990,990,990,211925609,08 38 29.346,+19 06 27.65,1,11.364,,1395-1387-1,546-046591,08382934+1906276,,STAR,gri,rpm,-6.4,1.7,-12.7,1.7,,,11.732,0.112,11.309,0.119,,,11.642,0.01,11.324,0.01,11.245,0.03,,,10.486,0.021,10.292,0.021,10.227,0.014,6419,101,101,4.11,0.185,0.222,-0.025,0.1,0.14,1.56,0.537,0.341,1.312,0.167,0.119,0.308,0.212,0.168,394.3,128.4,82.55,0.03,0.013,0.009,,,
991,991,991,211925620,08 42 01.177,+19 06 28.54,1,17.782,,,,08420117+1906285,,STAR,JHK,col,,,,,,,,,,,,,,,,,,,,,15.474,0.067,14.86,0.087,14.598,0.108,3983,531,379,4.857,0.15,0.18,-0.197,0.2,0.32,0.382,0.18,0.142,0.444,0.196,0.196,6.291,7.792,3.481,581.1,442.8,286.6,0.032,0.011,0.008,,,
992,992,992,211925623,09 04 22.483,+19 06 28.69,1,11.67,,,546-047600,09042248+1906288,,STAR,gri,rpm,-29.7,1.8,-45.5,1,,,12.831,0.06,11.942,0.01,,,12.37,0.03,11.659,0.01,11.369,0.04,,,10.297,0.023,9.839,0.022,9.741,0.021,5084,60,80,4.558,0.045,1.206,-0.211,0.24,0.4,0.799,2.536,0.062,0.862,0.081,0.067,1.616,0.372,1.592,146.6,447.3,15.64,0.022,0.011,0.005,,,
993,993,993,211925652,08 40 50.849,+19 06 30.33,1,14.585,,,546-046712,08405084+1906303,,STAR,gri,rpm,-3.6,3.8,-10.2,4.2,,,15.977,0.01,14.928,0.01,,,15.437,0.02,14.507,0.05,14.22,0.05,,,13.039,0.023,12.508,0.024,12.381,0.026,4750,96,96,4.626,0.03,0.03,-0.08,0.15,0.18,0.692,0.05,0.039,0.761,0.049,0.049,2.183,0.295,0.308,406.6,38.82,35.44,0.031,0.007,0.006,,,
994,994,994,211925698,08 43 15.866,+19 06 33.12,1,17.415,,,,08431586+1906331,5037-301-1-0118-0311,STAR,gri,rpm,-35,3,-12,3,,,,,,,22.248,0.152,19.477,0.012,18.035,0.007,16.532,0.006,15.699,0.006,14.21,0.029,13.627,0.033,13.338,0.038,3535,105,84,5.038,0.04,0.04,-0.046,0.15,0.15,0.239,0.034,0.03,0.234,0.044,0.037,16.63,4.065,3.267,157.2,26.64,22.78,0.02,0.006,0.005,,,
995,995,995,211925722,08 45 02.253,+19 06 34.35,1,17.146,,,,08450225+1906343,5071-301-4-0115-0308,EXTENDED,gri,,3,3,-3,3,,,,,,,20.275,0.08,18.26,0.008,17.166,0.005,16.668,0.005,16.253,0.011,15.526,0.068,14.648,0.082,14.323,0.087,,,,,,,,,,,,,,,,,,,,,,,,,,,
996,996,996,211925724,08 59 11.556,+19 06 34.42,1,10.774,,1397-1711-1,546-047418,08591155+1906344,,STAR,gri,lam,45.1,1.5,-54.1,1.6,,,11.478,0.11,11.136,0.123,,,11.239,0.14,10.765,0.02,10.575,0.03,,,9.606,0.022,9.295,0.021,9.206,0.018,5307,149,85,3.034,0.155,0.465,-1.29,0.12,0.15,4.539,3.241,0.746,0.867,0.017,0.017,0.009,0.006,0.007,610.2,428.4,99.13,0.032,0.01,0.008,,,
997,997,997,211925736,08 53 23.588,+19 06 34.86,1,12.192,,,546-047205,08532358+1906347,,STAR,gri,rpm,22.7,1,-24,0.8,,,13.133,0.04,12.365,0.01,,,12.729,0.02,12.127,0.02,11.962,0.05,,,10.934,0.025,10.53,0.021,10.458,0.02,5390,129,64,4.532,0.035,0.049,-0.093,0.15,0.15,0.853,0.071,0.055,0.904,0.07,0.044,1.458,0.235,0.24,224.5,35.89,22.56,0.028,0.006,0.003,,,
998,998,998,211925749,09 04 56.008,+19 06 35.72,1,14.903,,,546-047614,09045600+1906358,5080-301-4-0154-0271,STAR,JHK,rpm,-18,6,-39.5,6,,,,,,,,,,,,,,,,,12.694,0.023,12.095,0.024,11.849,0.02,3654,85,107,4.984,0.04,0.072,0.018,0.12,0.15,0.292,0.066,0.037,0.302,0.089,0.049,12.2,3.23,3.623,101.9,29.98,15.17,0.016,0.003,0.005,,,
999,999,999,211925764,08 51 14.864,+19 06 36.21,1,14.109,,,546-047126,08511487+1906361,,STAR,gri,lam,2.9,2.6,0.2,2.7,,,15.285,0.05,14.369,0.04,,,14.807,0.05,14.071,0.05,13.81,0.09,,,12.613,0.023,12.122,0.024,12.003,0.021,4995,79,79,3.365,0.138,0.115,-0.428,0.15,0.15,3.426,0.517,0.449,1.003,0.134,0.067,0.025,0.014,0.009,1698,300.7,215.7,0.032,0.01,0.005,,,
1000,1000,1000,211925770,09 14 49.935,+19 06 36.45,1,13.435,,,546-047916,09144994+1906369,,STAR,gri,rpm,-62,8,-157,8,,,16.134,0.11,14.46,0.01,,,15.261,0.04,13.91,0.02,12.652,0.06,,,10.704,0.021,10.135,0.023,9.932,0.017,3357,59,78,5.094,0.025,0.03,0.109,0.08,0.12,0.195,0.023,0.015,0.175,0.027,0.019,23.13,3.123,3.759,46.8,13.19,10.29,0.009,0.002,0.004,,,
1001,1001,1001,211925776,09 03 42.431,+19 06 36.94,1,12.225,,,546-047569,09034243+1906370,,STAR,gri,rpm,18.1,1,-30.7,1.5,,,13.106,0.05,12.402,0.03,,,12.709,0.04,12.227,0.04,12.017,0.04,,,11.078,0.022,10.698,0.023,10.657,0.021,5595,166,99,4.481,0.05,0.56,-0.231,0.2,0.52,0.908,0.839,0.097,0.91,0.079,0.095,1.198,0.296,1.04,269.4,215.4,30.84,0.029,0.007,0.007,,,
1002,1002,1002,211925813,09 05 42.565,+19 06 38.91,1,17.298,,,,09054256+1906389,,STAR,J,rpm,8,3,4,1,,,,,,,,,,,,,,,,,15.816,0.099,15.206,0.12,14.705,0.116,3964,557,348,4.849,0.135,0.162,-0.185,0.2,0.32,0.389,0.166,0.135,0.437,0.175,0.175,6.275,6.245,3.536,620.7,409.4,246.7,0.033,0.008,0.007,,,
1003,1003,1003,211925827,08 55 53.442,+19 06 39.51,1,19.408,,,,,5061-301-2-0133-0517,EXTENDED,gri,,6,3,28,3,,,,,,,21.041,0.132,19.822,0.022,19.474,0.027,19.231,0.034,19.111,0.111,,,,,,,,,,,,,,,,,,,,,,,,,,,,,,,,,
1004,1004,1004,211925879,08 41 59.987,+19 06 42.60,1,15.663,,,,08415998+1906425,5037-301-1-0116-0278,EXTENDED,gri,,4,3,1,3,,,,,,,17.725,0.016,16.415,0.004,15.713,0.003,15.341,0.003,15.089,0.007,15.037,0.068,14.334,0.082,14.067,0.079,,,,,,,,,,,,,,,,,,,,,,,,,,,
1005,1005,1005,211925903,08 50 51.663,+19 06 44.06,1,17.902,,,,08505166+1906440,5061-301-3-0126-0226,EXTENDED,gri,,-5,3,1,3,,,,,,,19.633,0.04,18.571,0.009,18.054,0.008,17.616,0.009,17.451,0.025,16.863,0.177,16.079,0.173,15.537,0.181,,,,,,,,,,,,,,,,,,,,,,,,,,,
1006,1006,1006,211925915,08 58 39.674,+19 06 44.62,1,11.736,,,546-047403,08583967+1906447,,STAR,gri,lam,30.6,0.6,-53.1,1.4,,,12.44,0.05,11.844,0.03,,,12.095,0.01,11.736,0.01,11.583,0.03,,,10.694,0.022,10.415,0.022,10.367,0.018,5890,141,141,4.41,0.06,0.12,-0.136,0.12,0.15,1.028,0.159,0.088,1.007,0.068,0.082,0.876,0.227,0.323,268,44.85,32.42,0.029,0.008,0.007,,,
1007,1007,1007,211925925,08 53 15.248,+19 06 45.05,1,10.173,,1396-611-1,546-047196,08531525+1906450,,STAR,gri,plx,-15.4,1.1,-16.1,1.1,,,10.582,0.051,10.154,0.048,,,10.351,0.03,10.114,0.01,10.096,0.01,,,9.391,0.023,9.22,0.024,9.211,0.02,6693,135,108,4.267,0.05,0.06,-0.068,0.12,0.12,1.378,0.115,0.089,1.321,0.067,0.08,0.486,0.092,0.091,207.7,20.11,20.11,0.024,0.007,0.005,,,
1008,1008,1008,211925967,08 46 21.755,+19 06 47.28,1,14.401,,,546-046949,08462175+1906471,,STAR,gri,lam,-1.6,3.1,-2.8,2.5,,,15.676,0.02,14.697,0.06,,,15.172,0.04,14.334,0.04,14.07,0.03,,,12.954,0.023,12.413,0.022,12.318,0.021,4948,138,99,3.645,0.095,0.095,0,0.08,0.12,2.638,0.374,0.328,1.186,0.073,0.103,0.056,0.029,0.016,1573,196,206.7,0.032,0.008,0.01,,,
1009,1009,1009,211926023,08 52 58.094,+19 06 50.64,1,11.57,,,546-047190,08525809+1906506,,STAR,gri,rpm,-14.9,0.5,-16.6,1.1,,,12.455,0.02,11.712,0.01,,,12.057,0.01,11.496,0.01,11.361,0.05,,,10.383,0.023,10.039,0.022,9.997,0.02,5615,89,112,4.455,0.055,0.627,-0.043,0.2,0.16,0.979,1.184,0.09,1.016,0.174,0.079,1.054,0.258,0.941,210.6,249.3,24.19,0.026,0.011,0.006,,,
1010,1010,1010,211926027,09 04 24.812,+19 06 50.73,1,17.019,,,,09042481+1906507,5080-301-4-0153-0115,STAR,gri,rpm,3,3,-48,3,,,,,,,21.314,0.092,18.92,0.009,17.54,0.006,16.204,0.005,15.475,0.006,14.122,0.027,13.573,0.026,13.362,0.026,3660,109,109,4.988,0.03,0.03,-0.013,0.12,0.15,0.294,0.034,0.036,0.31,0.046,0.046,11.9,2.406,2.002,196.2,28.55,24.92,0.022,0.01,0.004,,,
1011,1011,1011,211926028,08 53 26.244,+19 06 50.77,1,17.059,,,,08532624+1906507,,STAR,J,col,,,,,,,,,,,,,,,,,,,,,15.593,0.073,14.795,0.085,14.352,0.085,3889,339,407,4.903,0.162,0.135,-0.132,0.2,0.28,0.345,0.163,0.125,0.377,0.194,0.194,7.5,10.7,3.519,517.9,284.2,237.2,0.031,0.01,0.008,,,
1012,1012,1012,211926045,09 15 08.943,+19 06 51.75,1,17.599,,,,09150894+1906517,5080-301-2-0169-0230,EXTENDED,gri,,4,3,1,3,,,,,,,20.697,0.096,18.667,0.01,17.575,0.006,17.141,0.006,16.816,0.013,16.037,0.078,15.222,0.075,14.943,0.099,,,,,,,,,,,,,,,,,,,,,,,,,,,
1013,1013,1013,211926051,09 10 27.711,+19 06 52.10,1,11.501,,1404-233-1,546-047780,09102771+1906521,,STAR,gri,rpm,-4.1,1.7,1.2,1.9,,,12.702,0.202,12.305,0.174,,,12.165,0.02,11.509,0.02,11.216,0.03,,,10.057,0.021,9.573,0.022,9.457,0.019,5054,60,80,2.43,0.561,0.165,-0.746,0.15,0.54,9.876,1.568,4.712,0.932,0.096,0.06,9.22E-04,0.005,3.73E-04,1481,243.1,649.8,0.033,0.008,0.006,,,
1014,1014,1014,211926086,08 41 04.907,+19 06 54.31,1,14.066,,,546-046721,08410490+1906543,,STAR,gri,lam,40.9,2.9,39.8,2.7,,,15.922,0.02,14.575,0.01,,,15.297,0.04,14.008,0.01,13.539,0.01,,,12.1,0.022,11.467,0.021,11.283,0.018,4230,98,123,4.945,0.088,0.04,-0.994,0.18,0.15,0.341,0.045,0.075,0.385,0.057,0.105,9.118,5.467,1.621,119.8,14,35.37,0.018,0.007,0.01,,,
1015,1015,1015,211926098,08 54 41.244,+19 06 54.80,1,13.349,,,546-047268,08544124+1906547,,STAR,gri,rpm,2.8,1.6,-13.4,2.1,,,14.086,0.11,13.527,0.04,,,13.763,0.12,13.393,0.04,13.171,0.04,,,12.352,0.023,12.038,0.023,11.998,0.019,5855,174,139,4.346,0.11,0.352,-0.218,0.2,0.28,1.077,0.551,0.158,0.985,0.101,0.101,0.715,0.355,0.518,612.2,305.9,121.4,0.033,0.011,0.008,,,
1016,1016,1016,211926110,08 56 51.877,+19 06 55.32,1,18.016,,,,08565187+1906553,,STAR,JHK,col,,,,,,,,,,,,,,,,,,,,,15.765,0.064,15.213,0.081,14.907,0.101,3832,676,368,4.923,0.15,0.225,-0.197,0.24,0.32,0.32,0.218,0.113,0.351,0.264,0.165,8.309,8.852,5.299,496,586.1,211.9,0.032,0.011,0.008,,,
1017,1017,1017,211926132,08 39 12.174,+19 06 56.21,1,10.453,,1395-1323-1,546-046628,08391217+1906561,,STAR,gri,plx,-35,1.4,-15.2,1.4,,,11.069,0.074,10.397,0.055,,,10.784,0.03,10.42,0.04,10.311,0.03,,,9.555,0.02,9.313,0.021,9.258,0.018,6155,124,99,4.339,0.05,0.07,-0.122,0.15,0.33,1.157,0.1,0.077,1.101,0.08,0.143,0.667,0.154,0.143,177.3,16.32,16.32,0.022,0.007,0.006,,,
1018,1018,1018,211926133,08 39 39.650,+19 06 56.22,1,17.425,,,,08393965+1906562,,STAR,JHK,col,,,,,,,,,,,,,,,,,,,,,14.963,0.045,14.399,0.049,14.03,0.063,3578,224,224,5.033,0.09,0.09,-0.064,0.15,0.24,0.245,0.088,0.075,0.242,0.122,0.087,15.08,10.24,6.098,228.2,110.9,74.62,0.025,0.01,0.008,,,
1019,1019,1019,211926135,09 02 39.579,+19 06 56.42,1,14.006,,,546-047524,09023957+1906564,,STAR,gri,rpm,31.3,3.4,-78.9,4,,,15.512,0.02,14.413,0.02,,,14.97,0.02,13.986,0.03,13.593,0.02,,,12.297,0.022,11.661,0.022,11.544,0.017,4446,44,53,4.786,0.042,0.084,-0.622,0.4,0.25,0.487,0.104,0.032,0.545,0.101,0.038,4.556,0.822,1.462,191.8,32.1,31.68,0.021,0.005,0.002,,,
1020,1020,1020,211926166,08 42 30.744,+19 06 57.83,1,17.86,,,,08423074+1906578,5037-301-1-0117-0327,STAR,gri,rpm,-36,3,-11,3,,,,,,,22.726,0.214,20.024,0.016,18.543,0.009,16.932,0.006,16.047,0.007,14.51,0.03,13.992,0.043,13.594,0.044,3457,83,83,5.084,0.035,0.042,-0.067,0.18,0.12,0.204,0.029,0.017,0.19,0.033,0.018,21.29,4.543,4.301,147.1,25.81,15.03,0.021,0.007,0.005,,,
1021,1021,1021,211926169,09 07 26.854,+19 06 58.02,1,13.762,,,546-047694,09072685+1906581,,STAR,gri,rpm,-7.4,3.1,-7.9,3.5,,,14.912,0.05,14.027,0.04,,,14.404,0.03,13.737,0.02,13.487,0.03,,,12.432,0.025,11.953,0.031,11.908,0.026,5101,81,81,3.417,0.99,0.55,-0.615,0.42,0.36,2.925,2.361,2.129,0.907,0.13,0.082,0.031,0.888,0.026,1446,1408,1030,0.033,0.01,0.007,,,
1022,1022,1022,211926187,08 46 02.233,+19 06 59.55,1,16.383,,,,08460223+1906595,5061-301-4-0119-0286,STAR,gri,rpm,-35,3,-12,3,,,,,,,20.839,0.063,18.419,0.007,16.974,0.006,15.511,0.005,14.721,0.005,13.267,0.023,12.651,0.024,12.372,0.025,3532,70,84,5.039,0.04,0.048,-0.014,0.2,0.2,0.242,0.033,0.029,0.238,0.036,0.036,16.24,4.017,3.22,103.7,12.38,17.12,0.015,0.006,0.003,,,
1023,1023,1023,211926210,08 53 55.366,+19 07 00.62,1,14.03,,,546-047237,08535536+1907005,,STAR,JHK,rpm,-29.2,4.6,-3.4,6.8,,,,,,,,,,,,,,,,,12.488,0.022,11.955,0.025,11.863,0.02,4844,117,117,4.616,0.025,0.03,-0.105,0.2,0.2,0.705,0.049,0.04,0.765,0.059,0.049,2.128,0.249,0.292,324.9,34.14,26.67,0.03,0.01,0.007,,,
1024,1024,1024,211926224,09 07 51.512,+19 07 01.29,1,16.734,,,,09075151+1907012,5112-301-3-0183-0256,EXTENDED,gri,,0,2,0,2,,,,,,,19.315,0.092,17.617,0.01,16.73,0.008,16.356,0.009,16.026,0.025,16.531,0.164,,,15.39,0.17,,,,,,,,,,,,,,,,,,,,,,,,,,,
1025,1025,1025,211926227,09 10 13.710,+19 07 01.42,1,17.526,,,,09101371+1907014,5080-301-3-0162-0222,EXTENDED,gri,,0,3,3,3,,,,,,,19.421,0.037,18.547,0.009,17.605,0.006,17.089,0.006,16.827,0.014,16.1,0.087,15.277,0.086,14.537,0.078,,,,,,,,,,,,,,,,,,,,,,,,,,,
1026,1026,1026,211926239,08 54 11.196,+19 07 02.00,1,17.329,,,,08541119+1907019,,STAR,J,col,,,,,,,,,,,,,,,,,,,,,15.845,0.082,15.307,0.114,14.669,0.106,3645,404,303,5,0.11,0.154,-0.145,0.2,0.28,0.253,0.144,0.079,0.274,0.193,0.129,12.45,11,6.625,384.5,304.3,148,0.029,0.01,0.008,,,
1027,1027,1027,211926249,08 55 00.305,+19 07 02.53,1,15.062,,,546-047275,08550031+1907025,5061-301-2-0132-0080,STAR,gri,rpm,-2.2,2.8,-1.3,3,,,16.395,0.14,15.37,0.09,,,15.834,0.03,15.145,0.04,14.73,0.085,,,13.628,0.025,13.086,0.027,12.97,0.024,4945,78,78,2.796,1.33,1.33,-0.8,0.4,1.12,5.7,12.898,4.733,0.82,0.136,0.04,0.003,0.326,0.003,4287,9072,3508,0.032,0.008,0.006,,,
1028,1028,1028,211926272,09 14 45.480,+19 07 04.74,1,13.752,,,546-047914,09144546+1907047,,STAR,gri,rpm,-19.1,2.4,-19.1,2.6,,,14.988,0.01,14.042,0.05,,,14.49,0.04,13.714,0.03,13.436,0.02,,,12.359,0.02,11.935,0.023,11.822,0.018,5048,81,81,4.587,0.03,0.03,-0.1,0.15,0.21,0.75,0.039,0.058,0.814,0.039,0.072,1.877,0.328,0.204,347.9,24.88,34.24,0.032,0.007,0.003,,,
1029,1029,1029,211926290,08 50 08.108,+19 07 05.87,1,13.278,,,546-047084,08500810+1907059,,STAR,gri,lam,-7,3,-4.6,1.9,,,14.428,0.047,13.517,0.033,,,13.934,0.01,13.26,0.01,12.997,0.04,,,11.845,0.023,11.359,0.028,11.283,0.021,4897,79,59,2.931,0.145,0.174,-0.563,0.15,0.12,5.564,0.958,0.817,0.96,0.114,0.047,0.005,0.003,0.002,1937,312.7,318.4,0.033,0.011,0.007,,,
1030,1030,1030,211926302,09 10 33.047,+19 07 06.60,1,14.298,,,546-047784,09103304+1907067,5080-301-3-0162-0134,STAR,gri,rpm,-48.6,3.2,-2.6,3.5,,,16.466,0.08,15.226,0.049,,,15.955,0.05,14.549,0.04,13.588,0.06,,,11.792,0.022,11.199,0.023,10.957,0.023,3609,36,43,4.979,0.02,0.02,0.116,0.05,0.05,0.297,0.012,0.006,0.31,0.02,0.011,11.69,0.701,0.701,67.36,2.021,4.785,0.011,0.003,0.001,,,
1031,1031,1031,211926325,08 53 56.105,+19 07 08.22,1,13.674,,,546-047239,08535610+1907082,,STAR,JHK,rpm,1.8,10.9,13.2,11.4,,,,,,,,,,,,,,,,,11.576,0.02,10.95,0.025,10.764,0.022,4027,480,192,4.83,0.05,0.24,-0.063,0.16,0.32,0.444,0.272,0.047,0.51,0.27,0.071,5.179,1.493,5.174,108.6,1595,21.94,0.017,0.012,0.006,,,
1032,1032,1032,211926326,08 39 33.112,+19 07 08.24,1,16.697,,,,08393311+1907082,,STAR,JHK,col,,,,,,,,,,,,,,,,,,,,,14.714,0.034,14.118,0.036,13.936,0.05,3907,576,262,4.898,0.115,0.184,-0.192,0.24,0.32,0.384,0.188,0.108,0.409,0.205,0.146,7.035,5.766,3.992,344.3,278.8,118.9,0.03,0.008,0.008,,,
1033,1033,1033,211926341,08 53 25.737,+19 07 09.42,1,17.7,,,,08532573+1907094,5071-301-2-0128-0167,EXTENDED,gri,,-4,3,-2,3,,,,,,,20.955,0.127,18.879,0.011,17.655,0.007,17.194,0.007,16.831,0.013,16.106,0.09,15.436,0.108,14.718,0.088,,,,,,,,,,,,,,,,,,,,,,,,,,,
1034,1034,1034,211926381,09 04 49.111,+19 07 11.59,1,17.45,,,,09044911+1907115,5080-301-4-0154-0244,EXTENDED,gri,,1,2,-2,2,,,,,,,19.908,0.057,18.309,0.008,17.47,0.006,17.082,0.006,16.75,0.015,16.103,0.078,15.475,0.102,14.957,0.11,,,,,,,,,,,,,,,,,,,,,,,,,,,
1035,1035,1035,211926385,08 55 33.324,+19 07 11.84,1,14.092,,,546-047295,08553332+1907118,,STAR,JHK,rpm,-22.4,1.8,-16.5,4.8,,,,,,,,,,,,,,,,,12.657,0.025,12.177,0.024,12.084,0.02,5043,121,151,4.604,0.025,0.04,-0.213,0.25,0.25,0.733,0.057,0.053,0.778,0.074,0.053,1.98,0.267,0.322,382.5,44.7,33.66,0.034,0.006,0.008,,,
1036,1036,1036,211926462,08 45 42.135,+19 07 15.88,1,14.434,,,546-046934,08454213+1907158,,STAR,gri,lam,-6.5,2.8,-8.1,3.2,,,15.565,0.06,14.671,0.02,,,15.11,0.04,14.389,0.03,14.144,0.04,,,12.998,0.022,12.503,0.026,12.44,0.028,5033,80,80,3.516,0.105,0.126,-0.378,0.15,0.15,2.941,0.405,0.356,1.018,0.138,0.077,0.04,0.017,0.014,1798,224,199.2,0.034,0.011,0.008,,,
1037,1037,1037,211926479,09 06 20.058,+19 07 16.84,1,17.38,,,,09062005+1907168,5080-301-4-0156-0296,EXTENDED,gri,,-2,2,2,2,,,,,,,19.917,0.068,18.3,0.009,17.426,0.007,16.986,0.006,16.673,0.017,16.155,0.115,15.566,0.142,14.834,0.126,,,,,,,,,,,,,,,,,,,,,,,,,,,
1038,1038,1038,211926519,08 52 08.638,+19 07 18.88,1,14.385,,,546-047156,08520863+1907189,5071-301-2-0126-0046,STAR,gri,rpm,21.9,1.8,-12.8,3.8,,,15.327,0.02,14.553,0.01,,,14.918,0.01,14.342,0.02,14.157,0.01,,,13.155,0.025,12.71,0.028,12.631,0.028,5379,86,64,4.573,0.036,0.054,-0.451,0.3,0.36,0.742,0.097,0.062,0.776,0.102,0.085,1.794,0.353,0.424,537.7,83.08,60.68,0.033,0.013,0.009,,,
1039,1039,1039,211926533,08 41 27.719,+19 07 19.49,1,18.147,,,,08412771+1907194,,STAR,JHK,col,,,,,,,,,,,,,,,,,,,,,16.244,0.088,15.736,0.124,15.49,0.193,4048,1002,455,4.872,0.165,0.264,-0.296,0.25,0.4,0.382,0.248,0.15,0.439,0.261,0.217,6.414,9.15,4.2,839.4,1026,461.7,0.032,0.011,0.008,,,
1040,1040,1040,211926578,09 14 19.253,+19 07 21.82,1,14.705,,,546-047901,09141926+1907217,,STAR,gri,rpm,6,3.1,-6.5,3.4,,,15.698,0.04,14.979,0.03,,,15.292,0.04,14.765,0.03,14.453,0.26,,,13.619,0.028,13.21,0.03,13.101,0.026,5518,160,160,4.497,0.055,0.759,-0.335,0.25,0.5,0.87,1.254,0.096,0.878,0.078,0.078,1.251,0.421,1.164,816.8,1107,108.7,0.034,0.01,0.007,,,
1041,1041,1041,211926637,08 46 28.276,+19 07 25.04,1,12.585,,,546-046955,08462827+1907249,,STAR,gri,rpm,11.3,1,-9,2,,,13.096,0.05,12.615,0.01,,,12.791,0.03,12.516,0.04,12.416,0.02,,,11.592,0.022,11.378,0.024,11.326,0.018,6404,191,153,4.207,0.075,0.105,-0.166,0.15,0.27,1.382,0.218,0.159,1.191,0.113,0.158,0.425,0.155,0.132,598.2,90.53,90.69,0.032,0.007,0.005,,,
1042,1042,1042,211926682,08 39 21.380,+19 07 28.03,1,12.833,,,546-046637,08392137+1907280,,STAR,gri,rpm,9.8,1.3,-10.4,1.3,,,13.523,0.01,12.945,0.02,,,13.174,0.01,12.807,0.01,12.687,0.04,,,11.875,0.02,11.621,0.023,11.587,0.022,6159,125,100,4.209,0.115,0.184,-0.287,0.25,0.25,1.331,0.353,0.243,1.072,0.151,0.151,0.438,0.233,0.216,611.5,151.3,102.9,0.032,0.01,0.006,,,
1043,1043,1043,211926774,08 52 32.962,+19 07 33.41,1,15.664,,,,08523296+1907334,,STAR,JHK,col,,,,,,,,,,,,,,,,,,,,,13.509,0.022,13.024,0.024,12.68,0.028,3334,130,651,5.111,0.132,0.06,0.008,0.15,0.15,0.178,0.039,0.058,0.162,0.048,0.058,26.05,26.89,7.179,81.26,23.42,39.2,0.012,0.006,0.006,,,
1044,1044,1044,211926790,08 44 57.489,+19 07 34.41,1,17.278,,,,08445748+1907344,5071-301-4-0115-0285,EXTENDED,gri,,0,3,0,3,,,,,,,20.118,0.065,18.226,0.007,17.275,0.006,16.872,0.005,16.561,0.013,15.915,0.094,15.211,0.113,14.67,0.108,,,,,,,,,,,,,,,,,,,,,,,,,,,
1045,1045,1045,211926832,08 38 14.361,+19 07 36.97,1,15.149,,,546-046584,08381435+1907371,,STAR,gri,rpm,-3.1,3.6,-3.2,3.9,,,16.372,0.04,15.434,0.02,,,15.883,0.05,15.147,0.01,14.834,0.02,,,13.731,0.027,13.194,0.036,13.082,0.028,4883,96,96,2.925,1.662,1.385,-0.701,0.48,1.04,4.61,16.608,4.066,0.812,0.132,0.073,0.005,1.459,0.005,3868,13050,3378,0.033,0.013,0.005,,,
1046,1046,1046,211926841,09 07 41.210,+19 07 37.10,1,16.205,,,,09074120+1907370,5112-301-3-0183-0222,EXTENDED,gri,,-1,2,-3,2,,,,,,,19.208,0.038,17.219,0.005,16.197,0.004,15.771,0.004,15.411,0.007,14.784,0.054,14.225,0.077,13.662,0.057,,,,,,,,,,,,,,,,,,,,,,,,,,,
1047,1047,1047,211926858,08 40 46.808,+19 07 37.80,1,13.652,,,546-046705,08404680+1907378,,STAR,gri,rpm,-1.2,3.3,-4.7,2.5,,,14.717,0.01,13.84,0.02,,,14.219,0.01,13.605,0.01,13.408,0.01,,,12.363,0.023,11.951,0.021,11.862,0.023,5300,130,130,3.583,0.8,1.12,-0.289,0.25,0.65,2.145,3.887,1.382,0.926,0.266,0.061,0.054,0.904,0.053,1112,1923,704.7,0.032,0.007,0.005,,,
1048,1048,1048,211926877,08 41 25.522,+19 07 38.60,1,18.414,,,,08412552+1907386,5061-301-5-0113-0406,STAR,gri,rpm,-9,3,4,3,,,,,,,23.82,0.48,20.696,0.025,19.118,0.011,17.436,0.007,16.571,0.009,14.951,0.038,14.345,0.072,14.188,0.063,3294,212,132,5.158,0.02,0.036,-0.149,0.24,0.32,0.166,0.021,0.01,0.147,0.02,0.01,31.76,3.064,5.826,141.2,17.23,18.22,0.021,0.008,0.005,,,
1049,1049,1049,211926889,08 58 23.772,+19 07 39.30,1,19.309,,,,,5071-301-1-0135-0279,STAR,gri,,2,3,2,3,,,,,,,19.932,0.036,19.517,0.012,19.24,0.013,18.903,0.013,18.9,0.037,,,,,,,,,,,,,,,,,,,,,,,,,,,,,,,,,
1050,1050,1050,211926903,08 56 04.827,+19 07 39.82,1,17.108,,,,08560482+1907398,5061-301-2-0134-0188,EXTENDED,gri,,-8,2,-7,2,,,,,,,18.932,0.036,17.701,0.007,17.159,0.007,16.854,0.014,16.629,0.024,16.645,0.168,16.077,0.21,15.618,0.199,,,,,,,,,,,,,,,,,,,,,,,,,,,
1051,1051,1051,211926908,09 05 34.817,+19 07 40.04,1,15.713,,,,09053481+1907400,5080-301-4-0155-0243,EXTENDED,gri,,-7,2,-4,2,,,,,,,17.827,0.023,16.405,0.004,15.765,0.003,15.416,0.004,15.16,0.009,15.653,0.125,15.078,0.145,14.704,0.15,,,,,,,,,,,,,,,,,,,,,,,,,,,
1052,1052,1052,211926922,08 39 24.027,+19 07 40.59,1,15.646,,,546-046640,08392403+1907406,5037-301-2-0112-0239,STAR,gri,lam,1.6,3.8,-0.4,4,,,16.796,0.07,15.915,0.063,,,16.304,0.056,15.655,0.03,15.364,0.11,,,14.225,0.026,13.775,0.035,13.663,0.045,5091,82,144,2.419,0.025,0.035,-0.582,0.12,0.15,9.706,0.551,0.33,0.903,0.059,0.027,9.69E-04,1.28E-04,1.13E-04,8818,1476,1067,0.036,0.007,0.011,,,
1053,1053,1053,211927000,08 40 49.226,+19 07 44.47,1,11.325,,1395-1151-1,546-046711,08404922+1907445,,STAR,gri,plx,15.7,1.6,0.5,1.7,,,12.001,0.205,11.116,0.112,,,11.667,0.01,11.308,0.01,11.178,0.01,,,10.289,0.022,10.012,0.021,9.943,0.018,6136,98,98,4.117,0.18,0.15,-0.291,0.25,0.35,1.411,0.305,0.251,1.064,0.156,0.156,0.326,0.29,0.134,335.8,92.11,92.11,0.03,0.008,0.007,,,
1054,1054,1054,211927010,09 05 46.805,+19 07 45.17,1,17.384,,,,09054680+1907451,5080-301-4-0155-0297,EXTENDED,gri,,3,2,4,2,,,,,,,20.165,0.086,18.287,0.009,17.401,0.007,16.997,0.007,16.65,0.017,16.551,0.166,15.844,0.187,,,,,,,,,,,,,,,,,,,,,,,,,,,,,
1055,1055,1055,211927013,09 03 55.108,+19 07 45.45,1,17.391,,,,09035510+1907454,5112-301-4-0177-0308,EXTENDED,gri,,-3,2,2,2,,,,,,,20.288,0.114,18.407,0.011,17.389,0.007,16.956,0.008,16.637,0.022,16.469,0.126,15.639,0.15,15.349,0.155,,,,,,,,,,,,,,,,,,,,,,,,,,,
1056,1056,1056,211927030,08 43 38.104,+19 07 46.71,1,13.354,,,546-046829,08433811+1907467,,STAR,gri,rpm,-94.6,2.8,33.8,3,,,15.684,0.04,14.24,0.02,,,15.01,0.06,13.649,0.01,12.645,0.04,,,10.888,0.022,10.257,0.02,10.048,0.019,3476,83,41,5.044,0.025,0.045,0.076,0.08,0.06,0.234,0.042,0.013,0.22,0.063,0.013,17.25,1.883,4.074,42.1,22.51,2.9,0.005,0.003,0.001,,,
1057,1057,1057,211927042,08 46 56.663,+19 07 47.14,1,15.171,,,546-046969,08465666+1907472,,STAR,gri,rpm,-26.3,3.6,-2.9,3.8,,,17.201,0.1,15.892,0.062,,,16.644,0.062,15.25,0.059,14.54,0.05,,,13.002,0.026,12.328,0.03,12.145,0.02,3884,62,46,4.862,0.042,0.042,0.073,0.09,0.21,0.42,0.041,0.044,0.47,0.052,0.043,6.251,1.178,0.991,183,23.28,20.65,0.026,0.002,0.006,,,
1058,1058,1058,211927072,08 44 28.667,+19 07 48.81,1,13.968,,,546-046877,08442867+1907488,,STAR,gri,rpm,1.2,2.7,-8.1,2.8,,,14.961,0.06,14.197,0.01,,,14.525,0.04,13.946,0.01,13.729,0.04,,,12.724,0.025,12.282,0.026,12.166,0.021,5258,126,105,3.377,0.905,0.905,-0.896,0.56,0.4,2.648,4.679,1.691,0.886,0.053,0.053,0.026,0.544,0.025,1641,2587,1004,0.033,0.008,0.006,,,
1059,1059,1059,211927118,08 45 28.496,+19 07 50.55,1,17.761,,,,08452849+1907505,5061-301-4-0118-0382,STAR,gri,rpm,1,3,-90,3,,,,,,,21.698,0.119,19.385,0.011,17.939,0.007,17.065,0.006,16.582,0.01,15.333,0.062,14.743,0.061,14.575,0.082,3562,35,35,5.055,0.027,0.02,-0.149,0.06,0.06,0.23,0.01,0.011,0.22,0.015,0.011,17.82,1.945,1.069,237.6,47.93,12.15,0.028,0.01,0.003,,,
1060,1060,1060,211927125,08 53 17.525,+19 07 51.17,1,11.2,,1396-1878-1,546-047199,08531751+1907510,,STAR,gri,rpm,-5.7,1.3,-0.3,1.3,,,11.538,0.105,10.954,0.093,,,11.263,0.03,11.179,0.04,11.295,0.03,,,10.765,0.023,10.642,0.021,10.631,0.02,7405,135,225,4.027,0.182,0.13,-0.007,0.08,0.12,1.997,0.415,0.464,1.683,0.134,0.16,0.188,0.182,0.072,662.8,152.6,145.9,0.032,0.005,0.007,,,
1061,1061,1061,211927144,08 42 09.686,+19 07 52.11,1,16.401,,,,08420968+1907521,5037-301-1-0116-0168,STAR,gri,rpm,-16,3,-48,3,,,,,,,18.724,0.016,17.133,0.005,16.394,0.005,16.087,0.005,15.936,0.007,14.978,0.038,14.384,0.043,14.177,0.066,4870,96,96,4.76,0.025,0.075,-1.177,0.28,0.16,0.518,0.073,0.022,0.573,0.049,0.018,4.063,0.444,1.023,747.9,127.2,51.52,0.03,0.005,0.002,,,
1062,1062,1062,211927164,08 37 55.360,+19 07 52.92,1,14.577,,,546-046570,08375536+1907528,,STAR,gri,lam,,,,,,,15.849,0.01,14.885,0.02,,,15.327,0.01,14.523,0.01,14.256,0.03,,,13.211,0.027,12.665,0.032,12.643,0.022,4857,176,146,4.624,0.025,0.03,-0.142,0.12,0.15,0.7,0.04,0.045,0.754,0.046,0.046,2.172,0.265,0.236,452.2,44.77,40.73,0.032,0.008,0.008,,,
1063,1063,1063,211927196,09 04 38.053,+19 07 54.88,1,15.842,,,,09043805+1907548,5080-301-4-0154-0184,EXTENDED,gri,,1,2,2,2,,,,,,,18.985,0.043,16.936,0.005,15.869,0.003,15.373,0.003,14.967,0.006,14.743,0.06,14.038,0.069,13.646,0.068,,,,,,,,,,,,,,,,,,,,,,,,,,,
1064,1064,1064,211927200,08 41 46.844,+19 07 55.19,1,11.338,,1395-1086-1,546-046750,08414684+1907552,,STAR,gri,rpm,-5,1.4,-13.2,1.5,,,12.014,0.199,11.32,0.127,,,11.641,0.02,11.309,0.02,11.208,0.07,,,10.439,0.02,10.158,0.021,10.135,0.02,6245,99,99,4.109,0.195,0.195,-0.18,0.16,0.32,1.51,0.531,0.335,1.166,0.218,0.182,0.296,0.323,0.154,352.7,142.1,75.74,0.029,0.01,0.007,,,
1065,1065,1065,211927287,09 06 10.050,+19 08 00.35,1,14.548,,,546-047654,09061004+1908003,5080-301-4-0156-0120,STAR,gri,rpm,-4.6,1.2,6.5,4,,,15.708,0.11,14.848,0.03,,,15.197,0.03,14.541,0.02,14.27,0.08,,,13.139,0.024,12.659,0.032,12.579,0.03,5150,122,102,3.562,0.966,0.805,-0.597,0.4,0.4,2.35,3.185,1.642,0.89,0.087,0.101,0.039,1.701,0.037,1476,1913,1015,0.033,0.009,0.009,,,
1066,1066,1066,211927290,08 37 55.354,+19 08 00.40,1,16.597,,,,08375535+1908003,5061-301-6-0108-0027,EXTENDED,gri,,,,,,,,,,,,19.722,0.051,17.61,0.006,16.631,0.005,16.163,0.004,15.881,0.009,15.159,0.08,14.385,0.074,14.097,0.067,,,,,,,,,,,,,,,,,,,,,,,,,,,
1067,1067,1067,211927315,09 14 24.756,+19 08 01.59,1,10.824,,1404-1607-1,546-047906,09142475+1908015,,STAR,gri,rpm,10.1,1.4,-29.1,1.5,,,11.385,0.061,10.997,0.065,,,11.038,0.02,10.753,0.01,10.685,0.01,,,9.884,0.024,9.643,0.025,9.599,0.021,6406,127,101,4.177,0.115,0.161,-0.138,0.15,0.3,1.453,0.38,0.222,1.215,0.149,0.174,0.36,0.191,0.162,282.4,68.89,46.97,0.027,0.007,0.006,,,
1068,1068,1068,211927333,09 05 26.552,+19 08 02.79,1,18.997,,,,09052655+1908027,5080-301-4-0155-0335,STAR,gri,col,,,,,,,,,,,23.66,0.527,21.06,0.032,19.566,0.015,18.113,0.008,17.349,0.014,15.801,0.059,15.092,0.059,15.069,0.117,3142,31,31,5.162,0.02,0.02,0.089,0.12,0.08,0.16,0.003,0.003,0.137,0.003,0.003,32.91,1.975,1.975,184.4,16.86,15.45,0.022,0.005,0.007,,,
1069,1069,1069,211927389,09 05 20.337,+19 08 06.33,1,14.909,,,546-047630,09052034+1908064,5080-301-4-0155-0046,STAR,gri,rpm,1.8,4.5,-1.7,4.9,,,15.812,0.06,15.094,0.06,,,15.368,0.03,14.904,0.03,14.712,0.16,,,13.73,0.022,13.3,0.03,13.216,0.028,5638,134,168,4.426,0.1,0.76,-0.618,0.42,0.49,0.982,1.31,0.195,0.872,0.07,0.084,0.983,0.505,0.914,976.6,1152,223.4,0.034,0.01,0.007,,,
1070,1070,1070,211927404,08 58 05.586,+19 08 06.87,1,17,,,,08580558+1908068,5071-301-1-0134-0212,EXTENDED,gri,,-38,4,26,4,,,,,,,19.083,0.033,17.816,0.007,17.071,0.005,16.65,0.005,16.396,0.012,15.886,0.084,15.299,0.109,14.757,0.118,,,,,,,,,,,,,,,,,,,,,,,,,,,
1071,1071,1071,211927436,09 04 46.455,+19 08 08.58,1,17.349,,,,09044645+1908085,5080-301-4-0154-0232,EXTENDED,gri,,-3,2,-3,2,,,,,,,19.287,0.038,18.013,0.007,17.418,0.006,17.065,0.006,16.856,0.017,16.326,0.11,15.658,0.141,15.428,0.168,,,,,,,,,,,,,,,,,,,,,,,,,,,
1072,1072,1072,211927477,09 09 27.255,+19 08 11.54,1,12.093,,,546-047752,09092725+1908115,,STAR,gri,rpm,-1.6,2.1,-10.2,2.7,,,13.451,0.02,12.434,0.02,,,12.875,0.031,12.098,0.01,11.757,0.01,,,10.512,0.022,9.974,0.03,9.822,0.019,4771,75,56,2.128,0.525,1.155,-1.023,0.55,1.54,13.087,28.661,5.363,0.867,0.134,0.095,3.27E-04,0.002,3.20E-04,2227,5285,885.2,0.032,0.01,0.002,,,
1073,1073,1073,211927484,09 15 12.063,+19 08 12.12,1,12.902,,,546-047934,09151204+1908122,,STAR,gri,lam,6.4,1.8,-16,2.1,,,14.023,0.07,13.153,0.01,,,13.567,0.02,12.884,0.01,12.617,0.03,,,11.577,0.021,11.089,0.022,11.054,0.018,5068,182,152,4.591,0.025,0.03,-0.101,0.12,0.15,0.755,0.045,0.042,0.808,0.056,0.047,1.851,0.226,0.201,247.2,25.73,23.3,0.027,0.007,0.006,,,
1074,1074,1074,211927489,08 38 54.638,+19 08 12.42,1,17.243,,,,08385463+1908124,5037-301-2-0112-0310,STAR,gri,rpm,-2,3,-58,3,,,,,,,21.518,0.097,18.896,0.009,17.454,0.006,16.534,0.005,16.013,0.007,14.758,0.035,14.284,0.044,13.959,0.05,3535,35,42,5.05,0.03,0.03,-0.04,0.1,0.06,0.238,0.022,0.026,0.231,0.023,0.033,17.13,2.765,2.816,194.2,17.18,19.52,0.024,0.004,0.005,,,
1075,1075,1075,211927492,08 44 16.528,+19 08 12.54,1,11.41,,1396-349-1,546-046865,08441650+1908127,,STAR,gri,rpm,-3.5,2.2,-13.9,2.3,,,12.018,0.152,11.706,0.175,,,12.094,0.05,11.389,0.02,11.118,0.03,,,10.003,0.025,9.494,0.021,9.397,0.018,4950,79,98,2.723,0.546,0.455,-0.586,0.25,0.4,6.01,4.638,2.279,0.973,0.189,0.095,0.003,0.012,0.003,912.9,673.5,336.9,0.033,0.01,0.007,,,
1076,1076,1076,211927581,08 47 34.686,+19 08 17.83,1,14.898,,,546-046989,08473468+1908179,5061-301-4-0121-0320,STAR,gri,rpm,-38.1,3.6,-13.4,3.9,,,17.402,0.113,15.797,0.06,,,16.614,0.03,15.207,0.02,14.162,0.08,,,12.328,0.029,11.667,0.032,11.406,0.021,3547,56,113,5.004,0.045,0.02,0.111,0.22,0.1,0.278,0.006,0.048,0.279,0.014,0.064,13.27,4.548,0.796,70.69,9.139,6.811,0.012,0.002,0.002,,,
1077,1077,1077,211927599,08 50 39.847,+19 08 18.82,1,12.981,,,546-047109,08503985+1908187,,STAR,JHK,rpm,-1.3,3.1,-5.4,2.2,,,,,,,,,,,,,,,,,11.812,0.022,11.522,0.022,11.43,0.018,6022,141,176,4.149,0.22,0.264,-0.122,0.15,0.24,1.408,0.537,0.332,1.114,0.15,0.125,0.341,0.405,0.207,607.9,239,146.8,0.034,0.01,0.007,,,
1078,1078,1078,211927610,09 06 37.612,+19 08 19.48,1,17.488,,,,09063761+1908194,5080-301-4-0157-0116,EXTENDED,gri,,-3,2,-7,2,,,,,,,20.195,0.083,18.434,0.009,17.563,0.007,17.083,0.006,16.717,0.017,16.159,0.105,15.402,0.144,15.049,0.123,,,,,,,,,,,,,,,,,,,,,,,,,,,
1079,1079,1079,211927621,09 08 43.933,+19 08 20.39,1,12.261,,,546-047736,09084393+1908205,,STAR,gri,rpm,-17,1.2,-9.7,1.3,,,12.89,0.01,12.391,0.03,,,12.555,0.02,12.228,0.04,12.134,0.02,,,11.351,0.021,11.092,0.03,11.04,0.021,6240,101,127,4.2,0.12,0.168,-0.315,0.25,0.25,1.322,0.332,0.155,1.095,0.128,0.153,0.419,0.194,0.191,485.5,137.1,62.64,0.03,0.007,0.006,,,
1080,1080,1080,211927646,08 50 08.702,+19 08 21.73,1,11.756,,1396-1339-1,546-047086,08500871+1908217,,STAR,gri,plx,-12.8,1.7,-13.4,1.7,,,12.41,0.276,11.446,0.135,,,11.966,0.02,11.686,0.04,11.61,0.05,,,10.909,0.023,10.769,0.031,10.648,0.02,6543,211,132,4.255,0.065,0.104,-0.093,0.12,0.15,1.361,0.197,0.145,1.27,0.111,0.111,0.459,0.132,0.137,244.3,54.78,54.78,0.029,0.011,0.006,,,
1081,1081,1081,211927667,08 53 23.047,+19 08 22.82,1,16.704,,,,08532304+1908228,,STAR,JHK,col,,,,,,,,,,,,,,,,,,,,,14.482,0.032,13.85,0.031,13.633,0.036,3849,276,230,4.896,0.114,0.095,-0.151,0.2,0.28,0.362,0.098,0.103,0.404,0.121,0.145,7.419,5.474,2.738,298.2,112.5,95.09,0.029,0.008,0.007,,,
1082,1082,1082,211927716,08 57 43.777,+19 08 24.99,1,12.552,,,546-047362,08574378+1908249,,STAR,gri,rpm,-32,1.2,-32.3,1.6,,,13.55,0.03,12.759,0.01,,,13.089,0.05,12.527,0.02,12.322,0.01,,,11.343,0.019,10.997,0.019,10.953,0.019,5581,89,111,4.49,0.045,0.09,-0.173,0.25,0.35,0.897,0.136,0.099,0.918,0.066,0.105,1.233,0.301,0.364,285,60.82,36.78,0.032,0.011,0.007,,,
1083,1083,1083,211927774,08 40 41.197,+19 08 28.10,1,14.49,,,546-046702,08404119+1908281,,STAR,gri,rpm,-15.1,3.3,-16.2,3.5,,,15.805,0.03,14.803,0.01,,,15.331,0.01,14.464,0.02,14.13,0.08,,,13.001,0.022,12.491,0.024,12.422,0.024,4841,59,59,4.611,0.03,0.03,-0.061,0.15,0.12,0.718,0.048,0.039,0.784,0.039,0.033,2.07,0.253,0.267,418.5,31.17,24.32,0.032,0.007,0.008,,,
1084,1084,1084,211927781,08 47 46.024,+19 08 28.38,1,12.124,,1396-1706-1,546-047003,08474603+1908284,,STAR,gri,rpm,-4.3,1.9,-10.6,2.2,,,13.092,0.366,12.187,0.215,,,12.435,0.01,12.118,0.01,11.991,0.04,,,11.211,0.022,10.923,0.031,10.93,0.024,6274,125,125,4.103,0.176,0.11,-0.277,0.25,0.5,1.477,0.303,0.296,1.1,0.199,0.199,0.302,0.253,0.096,506.5,109.8,90.22,0.029,0.009,0.007,,,
1085,1085,1085,211927803,08 38 13.433,+19 08 29.99,1,17.821,,,,08381343+1908299,5037-301-2-0111-0248,STAR,gri,rpm,-6,5,18,5,,,,,,,22.481,0.203,20.001,0.015,18.514,0.009,16.887,0.006,15.892,0.007,14.451,0.038,13.883,0.033,13.639,0.041,3464,104,104,5.087,0.03,0.042,-0.058,0.15,0.18,0.207,0.035,0.017,0.19,0.044,0.019,20.97,3.668,4.767,145.5,32.68,12.8,0.02,0.007,0.006,,,
1086,1086,1086,211927816,08 44 48.205,+19 08 30.52,1,17.939,,,,08444820+1908305,5071-301-4-0115-0249,EXTENDED,gri,,-1,3,0,3,,,,,,,20.687,0.109,18.887,0.012,17.942,0.008,17.533,0.008,17.195,0.021,16.454,0.139,15.789,0.16,,,,,,,,,,,,,,,,,,,,,,,,,,,,,
1087,1087,1087,211927846,09 10 52.632,+19 08 31.87,1,17.083,,,,09105263+1908318,5080-301-3-0163-0186,EXTENDED,gri,,-33,3,31,3,,,,,,,18.608,0.025,17.604,0.006,17.185,0.006,16.86,0.006,16.8,0.02,16.766,0.156,15.789,0.144,15.442,0.161,,,,,,,,,,,,,,,,,,,,,,,,,,,
1088,1088,1088,211927866,08 43 49.264,+19 08 33.50,1,14.453,,,546-046841,08434926+1908336,5037-301-1-0119-0040,STAR,gri,rpm,-5.2,2.1,-2.8,1.6,,,15.77,0.07,14.78,0.01,,,15.257,0.07,14.396,0.02,14.109,0.04,,,12.949,0.025,12.429,0.02,12.321,0.023,4857,77,116,3.267,1.379,0.985,-0.017,0.08,0.44,4.495,5.803,3.879,1.365,0.027,0.59,0.015,1.757,0.016,2607,2197,2291,0.033,0.01,0.008,,,
1089,1089,1089,211927867,08 41 36.205,+19 08 33.52,1,9.351,,1395-966-1,546-046741,08413620+1908335,,STAR,gri,rav,-32.7,1,-13.5,1,,,9.727,0.028,9.318,0.025,,,9.877,0.03,9.514,0.04,9.125,0.06,,,8.516,0.023,8.425,0.021,8.351,0.022,6531,158,158,3.986,0.18,0.15,0.012,0.1,0.1,1.937,0.496,0.395,1.448,0.168,0.14,0.174,0.178,0.077,201.6,51.04,40.73,0.024,0.008,0.006,,,
1090,1090,1090,211927910,09 14 39.321,+19 08 35.89,1,11.405,,1404-613-1,546-047909,09143931+1908360,,STAR,gri,rpm,-3.5,2.2,-18,2.4,,,13.401,0.411,12.173,0.204,,,12.242,0.03,11.35,0.02,11.046,0.04,,,9.78,0.024,9.204,0.028,9.076,0.021,4687,74,74,2.599,0.45,0.45,-0.279,0.25,0.35,8.044,4.716,2.973,1.057,0.208,0.13,0.002,0.005,0.001,986.2,548.3,352.4,0.035,0.008,0.007,,,
1091,1091,1091,211927935,09 06 35.517,+19 08 37.26,1,16.606,,,,09063551+1908372,5080-301-4-0157-0109,EXTENDED,gri,,0,2,0,2,,,,,,,19.691,0.06,17.604,0.006,16.619,0.004,16.178,0.004,15.813,0.009,15.443,0.079,14.775,0.091,14.375,0.085,,,,,,,,,,,,,,,,,,,,,,,,,,,
1092,1092,1092,211927938,08 37 59.702,+19 08 37.37,1,12.816,,,546-046574,08375970+1908375,,STAR,gri,rpm,-7.4,1.9,-9,2.2,,,14.193,0.01,13.129,0.01,,,13.635,0.03,12.742,0.01,12.466,0.04,,,11.285,0.027,10.821,0.031,10.7,0.021,4809,57,96,3.376,0.228,0.304,-0.033,0.1,0.1,3.553,1.003,1.003,1.066,0.144,0.072,0.023,0.033,0.014,955.9,201.3,278.2,0.038,0.006,0.007,,,
1093,1093,1093,211927956,08 47 19.687,+19 08 38.21,1,13.682,,,546-046977,08471968+1908382,,STAR,gri,lam,20.5,2.3,-42.2,2.1,,,14.572,0.04,13.882,0.01,,,14.186,0.02,13.71,0.01,13.465,0.01,,,12.424,0.027,11.992,0.033,11.943,0.019,5335,86,107,3.334,0.153,0.102,-1.221,0.18,0.15,3.203,0.434,0.499,0.871,0.017,0.017,0.024,0.017,0.007,1597,186.7,229,0.031,0.007,0.007,,,
1094,1094,1094,211927988,08 38 04.419,+19 08 39.94,1,18.187,,,,,5037-301-2-0111-0224,EXTENDED,gri,,,,,,,,,,,,20.106,0.079,18.672,0.013,18.247,0.018,17.979,0.016,17.86,0.051,,,,,,,,,,,,,,,,,,,,,,,,,,,,,,,,,
1095,1095,1095,211928016,08 58 49.075,+19 08 41.73,1,18.55,,,,,5071-301-1-0136-0220,EXTENDED,gri,,-2,3,0,3,,,,,,,20.195,0.066,18.983,0.013,18.644,0.013,18.364,0.015,18.275,0.046,,,,,,,,,,,,,,,,,,,,,,,,,,,,,,,,,
1096,1096,1096,211928026,09 03 13.622,+19 08 42.35,1,16.743,,,,09031362+1908423,5112-301-4-0176-0274,STAR,gri,col,,,,,,,,,,,21.096,0.079,18.538,0.008,17.044,0.005,15.974,0.005,15.383,0.006,14.092,0.029,13.494,0.027,13.247,0.032,3380,40,33,5.101,0.03,0.036,0.022,0.15,0.12,0.195,0.019,0.018,0.179,0.02,0.02,23.43,4.416,3.716,114.5,13.68,12.22,0.018,0.005,0.005,,,
1097,1097,1097,211928029,09 08 26.585,+19 08 42.63,1,16.558,,,,09082658+1908426,5112-301-3-0184-0163,EXTENDED,gri,,-4,2,3,2,,,,,,,19.072,0.042,17.453,0.006,16.628,0.005,16.175,0.005,15.814,0.012,15.55,0.089,14.934,0.105,14.231,0.079,,,,,,,,,,,,,,,,,,,,,,,,,,,
1098,1098,1098,211928040,08 47 38.243,+19 08 43.32,1,19.365,,,,,5061-301-4-0122-0148,EXTENDED,gri,,1,3,-1,3,,,,,,,20.641,0.078,19.577,0.015,19.294,0.017,19.07,0.022,18.971,0.083,,,,,,,,,,,,,,,,,,,,,,,,,,,,,,,,,
1099,1099,1099,211928066,08 41 47.701,+19 08 45.08,1,17.715,,,,,5061-301-5-0113-0306,EXTENDED,gri,,9,3,-4,3,,,,,,,19.472,0.058,18.309,0.018,17.762,0.009,17.46,0.012,17.269,0.03,,,,,,,,,,,,,,,,,,,,,,,,,,,,,,,,,
1100,1100,1100,211928108,09 06 19.589,+19 08 47.30,1,13.918,,,546-047657,09061957+1908472,,STAR,gri,rpm,-19.5,3.6,4.2,2.3,,,15.071,0.09,14.194,0.04,,,14.575,0.03,13.914,0.03,13.637,0.08,,,12.523,0.022,12.007,0.033,11.928,0.029,5113,101,80,4.54,0.06,1.332,-0.455,0.36,0.36,0.817,3.022,0.105,0.877,0.045,0.109,1.533,0.465,1.518,436.6,1483,73.79,0.03,0.007,0.006,,,
1101,1101,1101,211928112,08 46 14.871,+19 08 47.40,1,16.311,,,,08461487+1908474,5061-301-4-0120-0207,STAR,gri,rpm,-64,3,51,3,,,,,,,20.733,0.059,18.176,0.006,16.617,0.005,15.512,0.005,14.918,0.005,13.6,0.026,13.013,0.022,12.78,0.019,3344,33,33,5.12,0.02,0.033,0.016,0.12,0.1,0.183,0.015,0.009,0.165,0.014,0.01,26.12,2.192,3.527,87.73,7.583,11.85,0.015,0.003,0.004,,,
1102,1102,1102,211928142,09 10 09.993,+19 08 48.91,1,14.291,,,546-047768,09100999+1908489,5080-301-3-0162-0041,STAR,gri,rpm,3.2,3.2,-4.9,3.5,,,15.438,0.02,14.559,0.05,,,14.964,0.04,14.289,0.03,14.002,0.03,,,13.003,0.022,12.516,0.022,12.451,0.022,5049,100,100,3.19,0.564,0.752,-0.665,0.4,0.48,3.756,5.101,1.636,0.891,0.108,0.09,0.013,0.071,0.012,2181,2495,950.1,0.033,0.008,0.007,,,
1103,1103,1103,211928143,08 52 07.129,+19 08 48.93,1,19.756,,,,,5061-301-3-0128-0240,STAR,gri,,-2,5,7,5,,,,,,,19.985,0.036,19.803,0.014,19.741,0.017,19.487,0.02,19.393,0.062,,,,,,,,,,,,,,,,,,,,,,,,,,,,,,,,,
1104,1104,1104,211928156,09 02 54.838,+19 08 49.68,1,17.964,,,,,5112-301-4-0176-0231,EXTENDED,gri,,1,3,-2,3,,,,,,,19.589,0.048,18.43,0.009,17.961,0.009,17.765,0.011,17.559,0.034,,,,,,,,,,,,,,,,,,,,,,,,,,,,,,,,,
1105,1105,1105,211928158,09 04 09.245,+19 08 49.92,1,14.367,,,546-047589,09040925+1908500,,STAR,gri,rpm,-19.7,4.7,-4.6,5,,,15.539,0.04,14.656,0.05,,,15.066,0.05,14.372,0.02,14.067,0.02,,,13.078,0.023,12.595,0.024,12.513,0.02,4999,78,98,4.614,0.05,0.94,-0.406,0.3,0.3,0.696,1.45,0.079,0.759,0.111,0.093,2.093,0.542,2.024,441.5,1056,63.99,0.033,0.008,0.006,,,
1106,1106,1106,211928192,08 38 01.227,+19 08 51.46,1,17.589,,,,08380122+1908514,5061-301-6-0108-0135,EXTENDED,gri,,3,3,0,3,,,,,,,20.119,0.067,18.539,0.009,17.678,0.007,17.182,0.007,16.858,0.017,16.111,0.084,15.415,0.111,14.99,0.106,,,,,,,,,,,,,,,,,,,,,,,,,,,
1107,1107,1107,211928202,08 58 08.744,+19 08 51.80,1,11.494,,1397-1424-1,546-047377,08580874+1908518,,STAR,gri,lam,-2.7,2.4,-6.3,2.5,,,12.11,0.24,11.588,0.204,,,11.86,0.01,11.49,0.02,11.337,0.02,,,10.45,0.021,10.134,0.023,10.1,0.02,5986,118,118,4.044,0.135,0.135,-0.127,0.12,0.15,1.596,0.406,0.275,1.106,0.137,0.098,0.248,0.159,0.111,375.5,79.08,65.33,0.031,0.008,0.007,,,
1108,1108,1108,211928227,09 03 11.599,+19 08 52.83,1,11.297,,,546-047547,09031159+1908527,,STAR,gri,lam,-3.3,1,2,0.9,,,12.555,0.01,11.56,0.01,,,12.016,0.03,11.311,0.01,10.989,0.04,,,9.814,0.022,9.284,0.021,9.209,0.022,4833,117,117,2.413,0.09,0.045,-0.425,0.12,0.15,10.614,0.665,1.215,1.067,0.154,0.096,8.75E-04,2.81E-04,1.04E-04,1357,77.12,114.9,0.034,0.008,0.007,,,
1109,1109,1109,211928236,08 57 06.361,+19 08 53.54,1,17.013,,,,08570636+1908535,,STAR,J,col,,,,,,,,,,,,,,,,,,,,,15.55,0.059,14.345,0.05,12.996,0.028,1708,108,27,5.395,0.02,0.02,-0.303,0.15,0.21,0.088,0.002,0.002,0.071,0.001,0.001,102.5,6.148,6.148,35.52,11.05,20.93,0.005,0.002,0.003,,,
1110,1110,1110,211928243,08 55 49.131,+19 08 53.87,1,16.656,,,,08554913+1908538,,STAR,JHK,col,,,,,,,,,,,,,,,,,,,,,14.481,0.031,13.934,0.039,13.646,0.036,3545,158,190,5.037,0.098,0.07,-0.048,0.15,0.21,0.235,0.068,0.062,0.225,0.107,0.076,16.09,10.37,5.461,176,65.29,55.47,0.021,0.008,0.007,,,
1111,1111,1111,211928260,09 04 37.402,+19 08 54.55,1,17.096,,,,09043740+1908545,5112-301-4-0178-0288,EXTENDED,gri,,4,2,0,2,,,,,,,19.805,0.074,18.082,0.008,17.127,0.006,16.673,0.006,16.317,0.017,16.067,0.1,15.288,0.12,14.861,0.086,,,,,,,,,,,,,,,,,,,,,,,,,,,
1112,1112,1112,211928285,09 04 49.029,+19 08 55.95,1,13.797,,,546-047609,09044902+1908560,,STAR,gri,rpm,-2.9,8.5,-3.5,6,,,14.88,0.05,13.945,0.01,,,14.359,0.07,13.665,0.05,13.557,0.41,,,12.376,0.025,11.884,0.024,11.804,0.022,5031,121,101,3.373,1.074,0.895,-0.495,0.3,0.48,3.195,4.867,2.32,0.908,0.172,0.108,0.017,0.555,0.016,1342,1527,944.2,0.034,0.01,0.008,,,
1113,1113,1113,211928356,08 56 55.327,+19 08 59.44,1,14.525,,,546-047339,08565534+1908594,5080-301-6-0142-0104,STAR,gri,rpm,-14.9,2.4,-8.4,3.1,,,15.844,0.07,14.827,0.05,,,15.322,0.02,14.507,0.02,14.184,0.02,,,12.98,0.02,12.481,0.026,12.387,0.018,4867,98,59,4.617,0.025,0.045,-0.11,0.15,0.18,0.713,0.068,0.029,0.78,0.064,0.04,2.123,0.205,0.39,416,57.26,18.73,0.033,0.008,0.008,,,
1114,1114,1114,211928376,08 50 56.662,+19 09 00.25,1,17.584,,,,,5061-301-3-0126-0256,EXTENDED,gri,,-336,7,-47,7,,,,,,,20.04,0.096,18.39,0.016,17.665,0.011,17.239,0.012,17.026,0.036,,,,,,,,,,,,,,,,,,,,,,,,,,,,,,,,,
1115,1115,1115,211928388,08 42 24.948,+19 09 00.57,1,14.707,,,546-046771,08422494+1909007,5037-301-1-0117-0051,STAR,gri,rpm,6.7,3.8,-1.8,4.4,,,15.892,0.03,14.973,0.03,,,15.345,0.05,14.678,0.03,14.433,0.03,,,13.422,0.022,12.978,0.026,12.859,0.027,5151,124,103,4.537,0.066,1.188,-0.37,0.3,0.42,0.831,2.491,0.109,0.871,0.091,0.107,1.474,0.469,1.45,651.7,1824,104.1,0.034,0.01,0.007,,,
1116,1116,1116,211928436,08 42 00.431,+19 09 02.80,1,14.521,,,546-046757,08420043+1909027,,STAR,gri,lam,-10.9,3,0.6,3.6,,,15.699,0.04,14.768,0.03,,,15.219,0.04,14.481,0.03,14.222,0.08,,,13.125,0.023,12.644,0.024,12.583,0.024,5073,153,153,4.581,0.03,0.03,-0.047,0.1,0.12,0.762,0.052,0.041,0.824,0.051,0.043,1.818,0.222,0.235,502,55.58,42.06,0.032,0.01,0.007,,,
1117,1117,1117,211928450,08 38 10.097,+19 09 03.65,1,13.551,,,546-046581,08381009+1909037,,STAR,gri,lam,1.6,2,-0.5,2.4,,,14.89,0.02,13.847,0.01,,,14.31,0.02,13.518,0.043,13.226,0.04,,,12.068,0.027,11.476,0.032,11.383,0.021,4827,77,77,2.94,0.18,0.1,-0.364,0.15,0.15,5.756,0.474,1.127,1.019,0.168,0.065,0.005,0.005,0.001,2136,244.1,339.6,0.033,0.01,0.008,,,
1118,1118,1118,211928461,08 50 57.662,+19 09 04.06,1,18.972,,,,,5061-301-3-0126-0255,EXTENDED,gri,,0,3,-3,3,,,,,,,20.084,0.044,19.19,0.011,18.9,0.012,18.639,0.013,18.518,0.044,,,,,,,,,,,,,,,,,,,,,,,,,,,,,,,,,
1119,1119,1119,211928470,09 14 56.044,+19 09 04.54,1,12.295,,,546-047925,09145603+1909046,,STAR,gri,lam,13.7,1.2,-38.6,1.9,,,13.365,0.04,12.534,0.02,,,12.919,0.02,12.277,0.03,12.027,0.05,,,11.013,0.02,10.643,0.022,10.532,0.018,5263,158,158,4.551,0.025,0.035,0.034,0.1,0.1,0.83,0.058,0.047,0.905,0.046,0.055,1.542,0.168,0.236,216.4,26.63,19.95,0.025,0.008,0.005,,,
1120,1120,1120,211928482,08 58 23.053,+19 09 05.35,1,17.121,,,,08582305+1909053,5071-301-1-0135-0146,EXTENDED,gri,,1,2,11,2,,,,,,,22.183,0.481,18.138,0.01,17.146,0.006,16.685,0.006,16.45,0.013,15.766,0.093,14.934,0.102,14.669,0.113,,,,,,,,,,,,,,,,,,,,,,,,,,,
1121,1121,1121,211928486,08 42 20.084,+19 09 05.60,1,13.079,,,546-046768,08422008+1909057,,STAR,gri,lam,-37,2.2,-12.9,2.9,,,14.673,0.03,13.486,0.01,,,14.105,0.03,13.02,0.02,12.639,0.04,,,11.394,0.021,10.848,0.021,10.696,0.016,4423,132,132,4.685,0.036,0.03,0.006,0.1,0.08,0.623,0.035,0.046,0.69,0.042,0.05,2.828,0.495,0.365,154.7,16.18,19.22,0.02,0.007,0.004,,,
1122,1122,1122,211928526,08 45 08.547,+19 09 08.23,1,17.861,,,,08450854+1909082,5071-301-4-0116-0150,STAR,gri,rpm,-35,3,-10,3,,,,,,,22.746,0.301,20.017,0.016,18.542,0.009,16.937,0.005,16.069,0.007,14.521,0.028,13.909,0.034,13.576,0.04,3470,103,82,5.075,0.04,0.04,-0.082,0.18,0.1,0.211,0.033,0.022,0.196,0.041,0.021,19.77,5.234,4.138,155.1,30.69,19.64,0.022,0.008,0.006,,,
1123,1123,1123,211928532,09 03 46.528,+19 09 08.77,1,17.027,,,,09034652+1909087,5112-301-4-0177-0294,EXTENDED,gri,,-6,2,2,2,,,,,,,19.558,0.055,17.928,0.007,17.081,0.006,16.641,0.006,16.3,0.015,15.791,0.082,15.142,0.099,14.693,0.096,,,,,,,,,,,,,,,,,,,,,,,,,,,
1124,1124,1124,211928547,08 43 19.292,+19 09 09.44,1,17.738,,,,08431929+1909094,5037-301-1-0118-0340,EXTENDED,gri,,6,3,-1,3,,,,,,,20.339,0.067,18.608,0.01,17.764,0.007,17.365,0.008,17.038,0.018,16.572,0.17,15.793,0.181,15.326,0.193,,,,,,,,,,,,,,,,,,,,,,,,,,,
1125,1125,1125,211928552,09 04 57.588,+19 09 09.85,1,17.333,,,,09045758+1909098,5080-301-4-0154-0293,EXTENDED,gri,,2,2,1,2,,,,,,,20.04,0.068,18.307,0.008,17.349,0.006,16.916,0.005,16.585,0.014,16.053,0.092,15.288,0.122,14.971,0.125,,,,,,,,,,,,,,,,,,,,,,,,,,,
1126,1126,1126,211928584,08 55 53.526,+19 09 11.84,1,19.582,,,,,5061-301-2-0134-0162,STAR,gri,,-12,3,-8,3,,,,,,,20.127,0.039,19.647,0.013,19.56,0.015,19.551,0.02,19.577,0.07,,,,,,,,,,,,,,,,,,,,,,,,,,,,,,,,,
1127,1127,1127,211928598,08 38 46.178,+19 09 12.92,1,17.898,,,,08384617+1909129,,STAR,J,,,,,,,,,,,,,,,,,,,,,,16.372,0.134,15.747,0.174,,,,,,,,,,,,,,,,,,,,,,,,,,,,,
1128,1128,1128,211928658,09 07 32.054,+19 09 16.42,1,14.032,,,546-047698,09073205+1909164,,STAR,gri,col,,,,,,,16.208,0.09,14.811,0.05,,,15.553,0.04,14.214,0.01,13.38,0.03,,,11.683,0.026,11.026,0.028,10.841,0.023,3866,77,93,4.886,0.054,0.036,-0.068,0.12,0.15,0.398,0.031,0.051,0.443,0.04,0.063,6.947,1.88,0.966,92.09,11.24,13.71,0.014,0.005,0.004,,,
1129,1129,1129,211928666,09 03 21.554,+19 09 16.62,1,11.962,,,546-047556,09032155+1909165,,STAR,gri,rpm,-13.2,1.7,-5.1,1,,,12.663,0.041,12.07,0.03,,,12.312,0.03,11.956,0.02,11.811,0.01,,,10.984,0.022,10.705,0.021,10.629,0.022,6093,97,97,4.126,0.22,0.22,-0.327,0.25,0.35,1.445,0.425,0.329,1.046,0.156,0.117,0.317,0.337,0.163,430.8,124.2,96.4,0.03,0.007,0.007,,,
1130,1130,1130,211928668,08 56 49.572,+19 09 16.63,1,11.414,,,546-047336,08564957+1909166,,STAR,gri,rpm,3.5,1.2,-8.7,1.5,,,12.819,0.04,11.731,0.01,,,12.23,0.03,11.393,0.01,11.064,0.04,,,9.799,0.02,9.232,0.019,9.104,0.019,4730,56,75,2.393,0.365,0.438,-0.395,0.2,0.44,10.377,5.028,3.387,1.063,0.201,0.168,9.95E-04,0.002,7.05E-04,1290,619.8,359.7,0.034,0.01,0.007,,,
1131,1131,1131,211928715,08 52 36.993,+19 09 19.59,1,17.874,,,,,5071-301-2-0127-0251,EXTENDED,gri,,3,3,-9,3,,,,,,,19.697,0.064,18.402,0.011,17.932,0.011,17.648,0.012,17.475,0.032,,,,,,,,,,,,,,,,,,,,,,,,,,,,,,,,,
1132,1132,1132,211928727,08 41 09.508,+19 09 20.51,1,18.699,,,,08410950+1909205,5071-301-5-0110-0481,STAR,gri,rpm,-39,4,-5,4,,,,,,,24.187,0.751,21.222,0.039,19.629,0.016,17.618,0.007,16.483,0.008,14.699,0.033,14.025,0.039,13.745,0.049,3270,231,77,5.16,0.02,0.027,-0.183,0.18,0.18,0.165,0.016,0.007,0.145,0.02,0.008,31.62,2.654,4.707,121.1,23.42,11.87,0.017,0.004,0.003,,,
1133,1133,1133,211928766,08 59 01.434,+19 09 22.49,1,19.747,,,,,5071-301-1-0136-0153,STAR,gri,,-3,3,0,3,,,,,,,20.254,0.045,19.799,0.015,19.73,0.017,19.725,0.023,19.687,0.071,,,,,,,,,,,,,,,,,,,,,,,,,,,,,,,,,
1134,1134,1134,211928788,08 51 18.776,+19 09 23.91,1,19.766,,,,,5061-301-3-0127-0156,STAR,gri,,-7,3,1,3,,,,,,,21.076,0.076,19.918,0.015,19.716,0.017,19.644,0.022,19.595,0.077,,,,,,,,,,,,,,,,,,,,,,,,,,,,,,,,,
1135,1135,1135,211928829,09 09 04.567,+19 09 26.33,1,12.596,,,546-047742,09090456+1909264,,STAR,gri,rpm,7.5,2,-14.1,2.5,,,13.334,0.03,12.752,0.01,,,12.96,0.03,12.598,0.01,12.44,0.03,,,11.607,0.027,11.309,0.03,11.246,0.023,6081,97,97,4.171,0.216,0.18,-0.37,0.25,0.25,1.298,0.347,0.322,1.002,0.174,0.124,0.403,0.483,0.194,525.3,139.1,129,0.033,0.008,0.007,,,
1136,1136,1136,211928836,09 03 17.885,+19 09 26.70,1,12.753,,,546-047552,09031788+1909266,,STAR,gri,rpm,-9.7,2,-5,1.9,,,14.195,0.01,13.074,0.01,,,13.611,0.01,12.716,0.01,12.386,0.01,,,11.147,0.022,10.598,0.021,10.453,0.02,4705,75,94,2.621,0.558,0.31,-0.188,0.15,0.15,7.671,3.443,3.735,1.006,0.061,0.061,0.002,0.011,0.001,1794,734.4,826.7,0.036,0.01,0.006,,,
1137,1137,1137,211928852,09 04 32.261,+19 09 27.70,1,17.837,,,,09043226+1909276,5112-301-4-0178-0238,EXTENDED,gri,,-2,3,-2,3,,,,,,,20.463,0.082,18.774,0.01,17.853,0.007,17.435,0.008,17.139,0.02,16.204,0.099,15.531,0.095,15.171,0.119,,,,,,,,,,,,,,,,,,,,,,,,,,,
1138,1138,1138,211928890,09 10 06.563,+19 09 29.57,1,17.912,,,,,5080-301-3-0162-0210,EXTENDED,gri,,-13,3,-2,3,,,,,,,19.537,0.057,18.441,0.011,17.932,0.012,17.685,0.013,17.537,0.043,,,,,,,,,,,,,,,,,,,,,,,,,,,,,,,,,
1139,1139,1139,211928942,08 45 11.456,+19 09 31.56,1,12.787,,,546-046914,08451145+1909315,,STAR,gri,rpm,-15.2,1.6,-8.1,2,,,13.453,0.04,12.9,0.01,,,13.107,0.04,12.739,0.02,12.65,0.06,,,11.793,0.02,11.545,0.019,11.495,0.017,6208,125,125,4.241,0.105,0.168,-0.127,0.12,0.27,1.316,0.223,0.191,1.128,0.08,0.145,0.462,0.221,0.173,587.8,96.48,82.88,0.033,0.01,0.008,,,
1140,1140,1140,211928954,08 58 16.928,+19 09 32.37,1,14.747,,,546-047388,08581693+1909323,5071-301-1-0135-0132,STAR,gri,rpm,-11.1,4.6,-7,5,,,15.794,0.06,14.948,0.04,,,15.31,0.03,14.747,0.02,14.505,0.01,,,13.428,0.024,12.956,0.024,12.904,0.025,5248,63,84,3.118,0.858,0.572,-1.135,0.45,0.81,3.593,3.116,2.185,0.851,0.049,0.069,0.016,0.466,0.015,2652,2940,1719,0.033,0.009,0.005,,,
1141,1141,1141,211928955,08 56 13.434,+19 09 32.52,1,12.415,,,546-047318,08561343+1909324,,STAR,gri,rpm,1.3,1.3,10.3,1.3,,,12.854,0.07,12.428,0.02,,,12.59,0.02,12.356,0.041,12.258,0.04,,,11.467,0.02,11.21,0.024,11.16,0.019,6446,130,130,4.149,0.13,0.156,-0.316,0.25,0.25,1.466,0.323,0.224,1.192,0.13,0.182,0.34,0.186,0.139,577,142.8,79.07,0.031,0.01,0.005,,,
1142,1142,1142,211928959,08 53 55.820,+19 09 32.80,1,16.703,,,546-047238,08535580+1909325,,STAR,JHK,rpm,4.2,5.6,5.8,6.3,,,,,,,,,,,,,,,,,15.32,0.045,14.87,0.065,14.777,0.097,5187,410,410,4.579,0.075,0.105,-0.368,0.3,0.42,0.728,0.148,0.104,0.777,0.098,0.117,1.818,0.692,0.66,1359,452.4,289.4,0.033,0.011,0.007,,,
1143,1143,1143,211929019,08 40 54.553,+19 09 35.78,1,17.515,,,,08405455+1909357,5071-301-5-0110-0087,EXTENDED,gri,,6,3,2,5,,,,,,,19.559,0.067,18.285,0.01,17.593,0.008,17.185,0.009,16.985,0.022,16.757,0.157,,,,,,,,,,,,,,,,,,,,,,,,,,,,,,,
1144,1144,1144,211929045,08 47 23.159,+19 09 37.45,1,18.747,,,,,5061-301-4-0121-0411,EXTENDED,gri,,-3,3,-6,3,,,,,,,20.801,0.156,19.168,0.017,18.795,0.022,18.566,0.028,18.589,0.13,,,,,,,,,,,,,,,,,,,,,,,,,,,,,,,,,
1145,1145,1145,211929047,08 57 30.584,+19 09 37.52,1,17.042,,,,08573058+1909375,5071-301-1-0134-0132,STAR,gri,rpm,64,3,-74,3,,,,,,,21.975,0.162,18.955,0.009,17.445,0.006,16.222,0.005,15.549,0.006,14.248,0.027,13.579,0.03,13.33,0.031,3282,32,39,5.14,0.02,0.02,0.016,0.06,0.08,0.173,0.003,0.007,0.149,0.003,0.005,29.18,2.522,1.751,99.28,26.75,9.648,0.014,0.017,0.001,,,
1146,1146,1146,211929048,09 06 01.078,+19 09 37.57,1,17.464,,,,09060107+1909375,5080-301-4-0156-0221,EXTENDED,gri,,-1,3,-2,3,,,,,,,20.492,0.087,18.484,0.009,17.466,0.006,17.027,0.006,16.659,0.014,16.189,0.098,15.235,0.121,14.769,0.112,,,,,,,,,,,,,,,,,,,,,,,,,,,
1147,1147,1147,211929054,09 10 17.309,+19 09 38.06,1,13.111,,,546-047772,09101730+1909381,,STAR,gri,rpm,-7,1.9,-19.2,2.3,,,14.075,0.03,13.313,0.02,,,13.638,0.02,13.085,0.042,12.885,0.02,,,11.93,0.021,11.545,0.022,11.429,0.018,5507,65,87,4.502,0.045,0.675,-0.165,0.2,0.32,0.897,1.135,0.073,0.918,0.069,0.069,1.25,0.253,1.136,376.3,450.7,31.52,0.033,0.01,0.006,,,
1148,1148,1148,211929109,08 57 37.194,+19 09 40.72,1,18.168,,,,08573719+1909407,,STAR,JHK,col,,,,,,,,,,,,,,,,,,,,,15.632,0.075,14.753,0.083,14.563,0.097,4146,230,277,4.793,0.112,0.08,-0.172,0.2,0.28,0.469,0.086,0.111,0.539,0.092,0.129,4.598,3.393,1.343,740.8,224.6,229.5,0.033,0.01,0.007,,,
1149,1149,1149,211929157,08 59 07.634,+19 09 43.06,1,19.173,,,,08590763+1909430,5071-301-1-0136-0235,STAR,gri,,-29,4,-29,4,,,,,,,22.508,0.261,20.483,0.024,19.157,0.012,18.611,0.011,18.249,0.023,17.037,0.18,16.521,0.195,,,,,,,,,,,,,,,,,,,,,,,,,,,,,
1150,1150,1150,211929179,09 03 19.499,+19 09 44.40,1,13.697,,,546-047554,09031950+1909444,,STAR,gri,rpm,-1.3,5.5,-2.1,2.5,,,14.965,0.01,13.968,0.01,,,14.447,0.01,13.658,0.01,13.375,0.03,,,12.243,0.022,11.75,0.02,11.683,0.017,4902,59,59,3.287,0.288,0.912,-0.244,0.15,0.27,3.876,6.273,1.016,1.038,0.173,0.173,0.018,0.029,0.017,1630,2146,440.5,0.034,0.011,0.009,,,
1151,1151,1151,211929203,08 44 54.941,+19 09 45.68,1,17.404,,,,08445494+1909456,5071-301-4-0115-0295,EXTENDED,gri,,1,3,-4,3,,,,,,,19.905,0.07,18.253,0.008,17.457,0.007,17.04,0.007,16.745,0.018,16.532,0.16,15.678,0.174,15.286,0.174,,,,,,,,,,,,,,,,,,,,,,,,,,,
1152,1152,1152,211929216,08 58 18.816,+19 09 46.47,1,11.812,,,546-047391,08581882+1909465,,STAR,gri,lam,-9.4,1.5,-10.2,1.8,,,12.292,0.02,11.828,0.01,,,11.988,0.01,11.753,0.02,11.647,0.03,,,10.858,0.02,10.642,0.023,10.617,0.022,6297,152,152,4.238,0.09,0.144,-0.205,0.15,0.15,1.323,0.288,0.173,1.144,0.099,0.119,0.45,0.178,0.186,398.2,78.35,55.36,0.029,0.008,0.006,,,
1153,1153,1153,211929217,09 10 51.029,+19 09 46.54,1,19.397,,,,,5080-301-3-0163-0371,EXTENDED,gri,,-5,3,-7,3,,,,,,,20.726,0.091,19.609,0.017,19.327,0.02,19.081,0.023,19.039,0.076,,,,,,,,,,,,,,,,,,,,,,,,,,,,,,,,,
1154,1154,1154,211929264,08 57 43.419,+19 09 48.61,1,13.412,,,546-047361,08574342+1909485,,STAR,gri,rpm,25,2.1,-18.5,1.3,,,14.628,0.03,13.709,0.03,,,14.128,0.05,13.426,0.03,13.105,0.01,,,12.013,0.018,11.548,0.017,11.449,0.018,5039,81,121,4.584,0.045,1.161,-0.309,0.25,0.25,0.74,2.089,0.073,0.817,0.132,0.113,1.843,0.352,1.811,296.4,824.4,47.59,0.033,0.01,0.008,,,
1155,1155,1155,211929298,08 51 54.084,+19 09 50.21,1,10.813,,1396-1101-1,546-047148,08515407+1909502,,STAR,gri,plx,5.5,1.6,-17,1.6,,,11.92,0.197,11.015,0.107,,,11.524,0.01,10.748,0.03,10.508,0.01,,,9.31,0.022,8.77,0.02,8.686,0.017,4876,58,77,2.505,0.572,0.156,-0.437,0.2,0.24,9.457,1.829,4.512,1.063,0.207,0.129,0.001,0.007,5.03E-04,633.7,333.6,333.6,0.033,0.01,0.007,,,
1156,1156,1156,211929312,08 43 27.794,+19 09 50.93,1,16.059,,,546-046822,08432780+1909508,,STAR,JHK,rpm,-3.8,4.2,-48.6,5.8,,,,,,,,,,,,,,,,,14.931,0.041,14.608,0.065,14.581,0.088,5930,503,839,4.565,0.12,0.18,-1.57,0.66,0.77,0.708,0.185,0.13,0.712,0.042,0.067,1.784,1.07,0.831,1235,434.8,375,0.035,0.006,0.006,,,
1157,1157,1157,211929340,08 40 11.449,+19 09 52.94,1,12.717,,,546-046674,08401143+1909529,,STAR,gri,rpm,-5.6,1.2,-2.8,1.3,,,13.366,0.01,12.825,0.02,,,13.021,0.01,12.704,0.01,12.587,0.03,,,11.832,0.021,11.571,0.018,11.542,0.02,6281,125,125,4.124,0.144,0.168,-0.295,0.2,0.28,1.447,0.393,0.263,1.12,0.171,0.171,0.335,0.208,0.159,665.1,178.4,119.5,0.033,0.012,0.006,,,
1158,1158,1158,211929386,08 59 29.626,+19 09 54.94,1,15.834,,,,08592962+1909549,5061-301-1-0139-0111,EXTENDED,gri,,0,2,0,2,,,,,,,17.896,0.019,16.596,0.004,15.949,0.004,15.507,0.004,15.277,0.009,15.13,0.063,14.449,0.072,14.068,0.071,,,,,,,,,,,,,,,,,,,,,,,,,,,
1159,1159,1159,211929403,09 07 52.563,+19 09 55.72,1,10.03,,1404-464-1,546-047706,09075256+1909557,,STAR,gri,plx,-27.2,1.2,-12.3,1.2,,,10.644,0.048,10.036,0.038,,,10.496,0.13,9.963,0.04,9.83,0.02,,,9.068,0.024,8.85,0.03,8.748,0.024,6148,145,181,4.261,0.07,0.084,-0.051,0.16,0.24,1.289,0.104,0.08,1.143,0.072,0.115,0.523,0.128,0.121,164.6,10.84,10.84,0.023,0.006,0.005,,,
1160,1160,1160,211929493,08 49 59.378,+19 10 01.04,1,16.933,,,,08495937+1910010,5071-301-3-0123-0276,STAR,gri,rpm,-37,3,-12,3,,,,,,,20.491,0.051,18.907,0.009,17.523,0.006,16.087,0.005,15.281,0.005,13.866,0.03,13.189,0.037,13.007,0.03,3759,116,116,4.953,0.045,0.054,-0.098,0.15,0.15,0.331,0.042,0.044,0.363,0.045,0.063,9.411,2.825,1.849,205.8,32.12,37.82,0.026,0.007,0.006,,,
1161,1161,1161,211929531,08 43 02.417,+19 10 03.25,1,11.879,,,546-046796,08430241+1910031,,STAR,gri,rpm,-36,0.8,-9.8,1.3,,,12.958,0.05,12.099,0.01,,,12.496,0.03,11.828,0.02,11.614,0.05,,,10.615,0.02,10.251,0.021,10.158,0.021,5313,147,63,4.529,0.045,0.63,-0.098,0.24,0.16,0.841,1.001,0.085,0.89,0.137,0.098,1.447,0.354,1.292,186.7,190.2,33.33,0.025,0.005,0.008,,,
1162,1162,1162,211929567,08 44 40.141,+19 10 04.84,1,14.588,,,546-046887,08444014+1910047,5071-301-4-0115-0086,STAR,gri,lam,-9.2,2.6,-1.7,3.4,,,15.691,0.06,14.779,0.02,,,15.253,0.04,14.55,0.01,14.303,0.06,,,13.228,0.025,12.729,0.026,12.625,0.023,5142,82,82,3.706,0.108,0.06,-0.213,0.12,0.12,2.459,0.22,0.357,1.132,0.087,0.122,0.073,0.033,0.014,1722,118.9,215.3,0.034,0.007,0.006,,,
1163,1163,1163,211929572,09 10 04.422,+19 10 04.99,1,10.777,,,546-047765,09100442+1910048,,STAR,gri,rpm,14,0.8,-21.8,0.5,,,11.595,0.01,10.954,0.02,,,11.201,0.02,10.768,0.02,10.595,0.02,,,9.764,0.027,9.416,0.026,9.34,0.026,5814,138,173,3.997,0.468,0.312,-0.279,0.25,0.8,1.673,0.824,0.756,1.017,0.147,0.147,0.217,0.853,0.142,269.8,142,116.3,0.026,0.008,0.007,,,
1164,1164,1164,211929577,08 53 49.301,+19 10 05.26,1,14.525,,,546-047232,08534929+1910051,5071-301-2-0128-0112,STAR,gri,rpm,-19,3,-16.8,3.1,,,16.449,0.06,15.102,0.06,,,15.925,0.06,14.564,0.03,13.925,0.08,,,12.423,0.023,11.744,0.03,11.626,0.02,3978,79,63,4.818,0.045,0.025,0.063,0.12,0.21,0.469,0.028,0.046,0.533,0.031,0.054,5.078,1.169,0.594,163.6,10.49,19.12,0.024,0.005,0.007,,,
1165,1165,1165,211929693,09 05 39.491,+19 10 11.75,1,13.949,,,546-047642,09053948+1910119,,STAR,gri,rpm,24.2,2.3,-23.7,2.5,,,14.971,0.05,14.178,0.04,,,14.514,0.04,13.936,0.03,13.707,0.12,,,12.686,0.025,12.248,0.032,12.149,0.023,5361,149,85,4.576,0.06,0.05,-0.463,0.25,0.45,0.749,0.067,0.095,0.759,0.083,0.083,1.808,0.575,0.287,428.4,45.68,64.11,0.033,0.01,0.006,,,
1166,1166,1166,211929719,08 39 30.221,+19 10 12.99,1,18.402,,,,08393022+1910129,,STAR,JHK,col,,,,,,,,,,,,,,,,,,,,,15.988,0.078,15.368,0.098,15.075,0.133,3889,563,352,4.901,0.145,0.174,-0.213,0.25,0.35,0.347,0.172,0.133,0.384,0.222,0.185,6.936,8.414,3.802,628.9,479.2,272,0.032,0.008,0.007,,,
1167,1167,1167,211929807,08 51 48.311,+19 10 18.71,1,12.907,,,546-047142,08514831+1910187,,STAR,gri,rpm,-10.3,1.2,0.6,1.6,,,13.586,0.01,12.997,0.02,,,13.236,0.02,12.837,0.03,12.765,0.02,,,11.909,0.023,11.61,0.022,11.575,0.02,6100,97,121,4.192,0.165,0.231,-0.186,0.2,0.28,1.32,0.469,0.295,1.082,0.139,0.139,0.43,0.361,0.247,624.2,170.7,134.1,0.032,0.011,0.006,,,
1168,1168,1168,211929810,08 43 11.612,+19 10 18.92,1,12.179,,,546-046809,08431160+1910189,,STAR,gri,rpm,-12.4,1.1,-12.1,1.7,,,12.87,0.06,12.283,0.01,,,12.517,0.03,12.141,0.03,12.035,0.04,,,11.248,0.025,10.995,0.025,10.937,0.022,6181,123,123,4.233,0.105,0.231,-0.133,0.16,0.28,1.294,0.45,0.179,1.147,0.095,0.172,0.48,0.198,0.271,456.4,141.1,63.44,0.031,0.01,0.007,,,
1169,1169,1169,211929824,08 39 24.883,+19 10 19.51,1,18.159,,,,,5037-301-2-0113-0259,EXTENDED,gri,,-1,3,-3,3,,,,,,,19.814,0.064,18.571,0.01,18.216,0.011,17.982,0.014,17.788,0.04,,,,,,,,,,,,,,,,,,,,,,,,,,,,,,,,,
1170,1170,1170,211929828,09 07 21.473,+19 10 19.92,1,17.651,,,,09072147+1910199,5080-301-4-0158-0196,EXTENDED,gri,,3,3,-2,3,,,,,,,20.751,0.111,18.672,0.01,17.665,0.007,17.214,0.006,16.857,0.015,16.197,0.109,15.351,0.119,15.039,0.128,,,,,,,,,,,,,,,,,,,,,,,,,,,
1171,1171,1171,211929891,08 38 30.843,+19 10 23.54,1,14.157,,,546-046592,08383084+1910234,,STAR,gri,rpm,20.6,2.4,0.5,3.1,,,16.098,0.04,14.73,0.01,,,15.456,0.04,14.151,0.047,13.601,0.03,,,12.187,0.02,11.494,0.019,11.375,0.016,4048,82,65,4.795,0.045,0.025,-0.007,0.14,0.1,0.494,0.022,0.049,0.558,0.023,0.055,4.563,1.051,0.449,157.7,14.1,20.98,0.02,0.006,0.005,,,
1172,1172,1172,211929896,08 44 47.847,+19 10 23.83,1,16.5,,,,08444784+1910238,5071-301-4-0115-0258,EXTENDED,gri,,3,3,0,3,,,,,,,19.538,0.05,17.523,0.006,16.504,0.004,16.061,0.004,15.7,0.008,15.15,0.075,14.413,0.072,13.997,0.068,,,,,,,,,,,,,,,,,,,,,,,,,,,
1173,1173,1173,211929933,09 06 25.317,+19 10 25.54,1,17.934,,,,09062531+1910255,5080-301-4-0156-0319,EXTENDED,gri,,3,3,-8,3,,,,,,,21.729,0.233,19.172,0.013,17.88,0.008,17.403,0.007,17.064,0.017,16.067,0.09,15.519,0.157,14.946,0.138,,,,,,,,,,,,,,,,,,,,,,,,,,,
1174,1174,1174,211929942,09 04 31.800,+19 10 25.87,1,16.732,,,,09043179+1910258,5112-301-4-0178-0255,EXTENDED,gri,,3,2,5,2,,,,,,,19.701,0.075,17.734,0.007,16.749,0.005,16.302,0.005,15.935,0.014,15.851,0.092,14.947,0.085,14.657,0.097,,,,,,,,,,,,,,,,,,,,,,,,,,,
1175,1175,1175,211929980,08 40 52.310,+19 10 28.02,1,15.325,,,546-046714,08405231+1910284,5071-301-5-0110-0329,STAR,JHK,rpm,-39.9,8.1,-21.2,7.8,,,,,,,,,,,,,,,,,12.989,0.023,12.38,0.026,12.104,0.022,3591,106,128,5.008,0.056,0.042,0.009,0.15,0.15,0.267,0.046,0.051,0.267,0.061,0.061,13.83,6.251,3.044,103.6,19.52,22.24,0.015,0.006,0.006,,,
1176,1176,1176,211930005,09 05 00.333,+19 10 29.16,1,16.684,,,,09050033+1910291,5112-301-4-0179-0259,EXTENDED,gri,,-4,2,1,2,,,,,,,18.584,0.034,17.417,0.006,16.762,0.005,16.37,0.006,16.156,0.024,15.987,0.104,15.252,0.122,15.04,0.127,,,,,,,,,,,,,,,,,,,,,,,,,,,
1177,1177,1177,211930019,09 10 22.902,+19 10 30.04,1,16.209,,,,09102290+1910300,5080-301-3-0162-0274,EXTENDED,gri,,1,2,0,2,,,,,,,18.821,0.03,17.148,0.005,16.233,0.004,15.806,0.004,15.466,0.007,15.036,0.055,14.296,0.056,13.912,0.058,,,,,,,,,,,,,,,,,,,,,,,,,,,
1178,1178,1178,211930040,08 42 37.580,+19 10 31.16,1,12.24,,,546-046779,08423757+1910310,,STAR,gri,rpm,0.4,2,8.5,2,,,13.143,0.03,12.426,0.031,,,12.733,0.03,12.221,0.03,12.028,0.05,,,11.077,0.02,10.743,0.019,10.684,0.019,5693,135,135,4.343,0.144,0.576,-0.107,0.15,0.33,1.118,1.214,0.243,1.027,0.208,0.114,0.695,0.587,0.602,345,354.9,80.39,0.032,0.012,0.01,,,
1179,1179,1179,211930090,08 45 41.001,+19 10 33.80,1,11.027,,1396-685-1,546-046932,08454100+1910338,,STAR,gri,rpm,-19.1,1.2,-4.4,1.3,,,11.549,0.091,10.947,0.082,,,11.208,0.01,10.966,0.04,10.885,0.03,,,10.172,0.02,9.985,0.022,9.928,0.017,6606,159,106,4.153,0.12,0.18,-0.054,0.12,0.15,1.576,0.479,0.255,1.365,0.144,0.12,0.34,0.146,0.173,359.5,100.7,60.76,0.029,0.01,0.006,,,
1180,1180,1180,211930127,08 44 38.175,+19 10 35.34,1,18.736,,,,08443817+1910353,,STAR,JHK,col,,,,,,,,,,,,,,,,,,,,,16,0.129,15.231,0.142,14.864,0.139,3954,458,382,4.878,0.155,0.155,-0.208,0.2,0.32,0.379,0.167,0.152,0.413,0.18,0.216,7.081,10.3,3.731,677.2,459.7,313.5,0.032,0.008,0.007,,,
1181,1181,1181,211930134,09 10 29.543,+19 10 35.69,1,17.394,,,,09102954+1910356,5080-301-3-0162-0293,EXTENDED,gri,,-7,2,3,2,,,,,,,19.151,0.034,18.013,0.007,17.465,0.006,17.129,0.007,16.942,0.018,16.48,0.115,15.822,0.133,14.978,0.1,,,,,,,,,,,,,,,,,,,,,,,,,,,
1182,1182,1182,211930196,08 41 38.258,+19 10 39.22,1,19.308,,,,,5061-301-5-0113-0145,STAR,gri,,7,3,0,3,,,,,,,18.972,0.019,18.998,0.009,19.411,0.013,19.701,0.023,20.122,0.113,,,,,,,,,,,,,,,,,,,,,,,,,,,,,,,,,
1183,1183,1183,211930228,08 46 06.636,+19 10 40.97,1,18.068,,,,08460663+1910409,5061-301-4-0119-0314,EXTENDED,gri,,,,,,,,,,,,19.388,0.031,18.494,0.007,18.175,0.008,17.886,0.009,17.879,0.031,16.773,0.181,,,15.396,0.181,,,,,,,,,,,,,,,,,,,,,,,,,,,
1184,1184,1184,211930292,09 10 16.505,+19 10 45.22,1,15.413,,,546-047771,09101651+1910452,5112-301-3-0187-0070,STAR,gri,rpm,1,3.1,-1.6,3.3,,,16.579,0.16,15.656,0.12,,,16.066,0.01,15.375,0.061,15.132,0.08,,,14.207,0.026,13.695,0.028,13.643,0.032,5046,119,99,4.546,0.072,1.764,-0.463,0.35,0.56,0.798,5.232,0.105,0.822,0.099,0.082,1.589,0.506,1.586,907.5,5728,180,0.033,0.008,0.007,,,
1185,1185,1185,211930314,09 02 19.556,+19 10 46.55,1,15.273,,,546-047511,09021955+1910465,5080-301-5-0150-0159,STAR,gri,rpm,-1.3,4.5,-3.8,4.8,,,16.399,0.08,15.598,0.04,,,15.908,0.04,15.319,0.04,15,0.01,,,14.024,0.026,13.59,0.029,13.513,0.031,5160,142,102,3.508,1.07,1.07,-0.915,0.55,0.77,2.469,5.539,1.867,0.826,0.076,0.064,0.04,1.493,0.039,2645,5758,1984,0.033,0.01,0.007,,,
1186,1186,1186,211930426,08 44 26.963,+19 10 52.50,1,15.436,,,546-046876,08442695+1910525,5037-301-1-0120-0194,STAR,gri,rpm,7.2,3.6,-28.6,3.8,,,17.789,0.19,16.108,0.068,,,17.004,0.07,15.611,0.065,14.764,0.086,,,13.118,0.025,12.455,0.024,12.283,0.022,3861,61,92,4.879,0.036,0.03,0.016,0.1,0.08,0.404,0.036,0.039,0.455,0.041,0.049,6.821,1.193,1.015,185.9,21.25,19.07,0.025,0.01,0.008,,,
1187,1187,1187,211930459,08 41 09.376,+19 10 54.32,1,17.143,,,,08410937+1910543,,STAR,J,rpm,10,2,4,5,,,,,,,,,,,,,,,,,15.671,0.075,15.079,0.096,14.631,0.106,3876,488,305,4.893,0.12,0.168,-0.172,0.2,0.28,0.371,0.162,0.113,0.429,0.187,0.156,7.501,6.628,3.992,570,426,212,0.032,0.008,0.007,,,
1188,1188,1188,211930461,08 40 21.337,+19 10 54.38,1,13.49,,,546-046682,,,STAR,gri,,-29.4,2.8,9.1,4.1,,,15.518,0.01,14.114,0.01,,,14.885,0.03,13.53,0.01,12.893,0.01,,,,,,,,,,,,,,,,,,,,,,,,,,,,,,,,,,,
1189,1189,1189,211930580,09 08 36.278,+19 11 00.26,1,10.231,,1404-472-1,546-047726,09083627+1911002,,STAR,gri,plx,3.1,1.5,0.6,1.6,,,11.749,0.134,10.53,0.056,,,11.053,0.01,10.203,0.04,9.879,0.01,,,8.638,0.02,8.097,0.031,8.001,0.021,4750,57,76,2.441,0.168,0.12,-0.268,0.16,0.24,11.029,1.064,1.685,1.205,0.312,0.195,9.02E-04,5.85E-04,2.71E-04,932.2,512.8,512.8,0.034,0.008,0.007,,,
1190,1190,1190,211930590,08 38 04.828,+19 11 00.96,1,12.324,,,546-046577,08380482+1911010,,STAR,gri,rpm,-9.4,1,-8.3,1.1,,,13.074,0.02,12.447,0.01,,,12.686,0.02,12.299,0.01,12.17,0.02,,,11.364,0.026,11.076,0.034,10.987,0.02,6051,96,72,4.127,0.231,0.165,-0.176,0.15,0.24,1.396,0.39,0.357,1.086,0.112,0.131,0.331,0.485,0.157,526.1,121.1,148.5,0.032,0.008,0.007,,,
1191,1191,1191,211930593,09 03 52.541,+19 11 01.02,1,15.693,,,546-047574,09035254+1911011,5112-301-4-0177-0182,STAR,gri,rpm,-3.3,4.4,-4.7,4.8,,,16.879,0.12,15.968,0.04,,,16.345,0.03,15.683,0.01,15.413,0.04,,,14.251,0.029,13.821,0.031,13.739,0.035,5193,102,102,4.571,0.04,1.032,-0.381,0.3,0.42,0.773,1.943,0.075,0.809,0.096,0.08,1.717,0.371,1.672,885.5,2036,103.5,0.034,0.008,0.007,,,
1192,1192,1192,211930600,08 57 59.228,+19 11 01.49,1,17.166,,,,08575922+1911014,,STAR,J,col,,,,,,,,,,,,,,,,,,,,,15.693,0.08,15.141,0.092,14.582,0.089,3610,298,248,5.008,0.105,0.126,-0.092,0.18,0.27,0.257,0.11,0.077,0.257,0.157,0.098,14.71,12.06,7.54,346.6,259.1,128.9,0.028,0.01,0.008,,,
1193,1193,1193,211930677,09 09 27.648,+19 11 05.44,1,18.704,,,,,5112-301-3-0186-0090,STAR,gri,,2,3,0,3,,,,,,,19.362,0.025,18.692,0.008,18.708,0.009,18.649,0.011,18.282,0.027,,,,,,,,,,,,,,,,,,,,,,,,,,,,,,,,,
1194,1194,1194,211930729,08 44 00.781,+19 11 08.69,1,16.808,,,,08440078+1911086,5037-301-1-0119-0204,STAR,gri,rpm,-96,3,-146,3,,,,,,,21.55,0.09,18.729,0.008,17.222,0.005,15.984,0.005,15.321,0.005,13.948,0.026,13.432,0.032,13.23,0.033,3306,77,77,5.133,0.035,0.028,-0.047,0.15,0.21,0.171,0.019,0.013,0.15,0.022,0.011,28.93,5.059,5.087,72.88,33.83,12.65,0.012,0.006,0.004,,,
1195,1195,1195,211930753,09 09 09.001,+19 11 09.78,1,18.849,,,,09090900+1911097,5112-301-3-0185-0204,STAR,gri,,1,3,-3,3,,,,,,,19.336,0.025,18.947,0.009,18.816,0.01,18.599,0.011,18.561,0.034,16.991,0.175,,,15.566,0.172,,,,,,,,,,,,,,,,,,,,,,,,,,,
1196,1196,1196,211930794,09 04 07.446,+19 11 12.16,1,13.481,,,546-047587,09040745+1911122,,STAR,gri,rpm,-1.4,2.1,1.1,2,,,14.808,0.05,13.773,0.02,,,14.257,0.03,13.495,0.04,13.149,0.04,,,11.967,0.022,11.436,0.022,11.287,0.02,4852,94,94,2.579,0.66,1.188,-0.605,0.4,1.36,7.145,22.366,3.395,0.953,0.243,0.152,0.002,0.013,0.002,2400,6603,1084,0.035,0.01,0.007,,,
1197,1197,1197,211930807,08 40 35.415,+19 11 12.91,1,11.234,,,546-046694,08403541+1911128,,STAR,gri,rpm,1.4,2.1,4.4,1.5,,,12.784,0.01,11.596,0.02,,,12.161,0.02,11.184,0.02,10.838,0.01,,,9.506,0.022,8.9,0.024,8.745,0.02,4536,54,72,2.35,0.175,0.28,-0.123,0.2,0.28,12.022,4.497,1.766,1.202,0.232,0.194,6.80E-04,5.02E-04,4.29E-04,1240,423.5,183.6,0.035,0.011,0.008,,,
1198,1198,1198,211930840,09 15 12.062,+19 11 14.64,1,19.13,,,,,5112-301-2-0194-0157,STAR,gri,,-12,3,-8,3,,,,,,,18.392,0.015,18.748,0.008,19.258,0.013,19.65,0.022,20.009,0.106,,,,,,,,,,,,,,,,,,,,,,,,,,,,,,,,,
1199,1199,1199,211930924,09 05 48.072,+19 11 18.83,1,11.662,,,546-047645,09054806+1911188,,STAR,gri,rpm,-12.9,0.7,-14.2,1.1,,,12.215,0.07,11.696,0.04,,,11.877,0.04,11.59,0.03,11.474,0.1,,,10.652,0.023,10.435,0.03,10.355,0.021,6455,128,154,4.128,0.15,0.18,-0.097,0.12,0.18,1.526,0.404,0.271,1.278,0.146,0.104,0.334,0.234,0.157,422.4,108.1,86.1,0.031,0.008,0.007,,,
1200,1200,1200,211930966,08 39 15.868,+19 11 20.94,1,12.766,,,546-046634,08391586+1911208,,STAR,gri,rpm,-0.5,1.6,-10.7,1.8,,,13.665,0.01,12.934,0.02,,,13.249,0.032,12.734,0.01,12.559,0.04,,,11.658,0.02,11.282,0.023,11.228,0.02,5659,90,113,4.419,0.08,0.64,-0.113,0.16,0.32,1.006,1.337,0.139,0.987,0.239,0.109,0.924,0.381,0.837,388,500.9,59.28,0.032,0.01,0.007,,,
1201,1201,1201,211931027,08 38 52.493,+19 11 24.35,1,13.19,,,546-046613,08385250+1911243,,STAR,gri,lam,-3.4,1.6,1.9,1.9,,,14.269,0.04,13.432,0.01,,,13.801,0.033,13.169,0.01,12.928,0.02,,,11.873,0.021,11.433,0.021,11.355,0.018,5006,81,61,3.361,0.132,0.11,-0.442,0.15,0.18,3.4,0.54,0.466,1.011,0.149,0.081,0.024,0.015,0.009,1240,219.6,186.5,0.033,0.01,0.007,,,
1202,1202,1202,211931054,08 58 20.893,+19 11 25.66,1,12.981,,,546-047393,08582089+1911257,,STAR,gri,rpm,-7.3,1.5,-24.9,1.6,,,13.732,0.03,13.131,0.03,,,13.357,0.02,12.986,0.01,12.819,0.02,,,11.882,0.02,11.562,0.023,11.542,0.02,6002,95,95,4.29,0.145,0.348,-0.725,0.36,0.24,1.095,0.522,0.25,0.881,0.086,0.086,0.63,0.44,0.453,490.6,213.3,111.5,0.031,0.007,0.006,,,
1203,1203,1203,211931056,08 41 44.708,+19 11 25.71,1,18.187,,,,08414470+1911257,5061-301-5-0113-0331,EXTENDED,gri,,0,3,0,3,,,,,,,20.964,0.081,19.212,0.011,18.179,0.008,17.748,0.008,17.407,0.018,16.215,0.097,15.479,0.115,14.989,0.128,,,,,,,,,,,,,,,,,,,,,,,,,,,
1204,1204,1204,211931082,09 10 38.976,+19 11 27.33,1,16.853,,,,09103897+1911273,5080-301-3-0163-0162,EXTENDED,gri,,-3,2,-1,2,,,,,,,18.925,0.036,17.627,0.008,16.927,0.006,16.522,0.006,16.272,0.014,16.106,0.096,15.461,0.111,15.274,0.141,,,,,,,,,,,,,,,,,,,,,,,,,,,
1205,1205,1205,211931141,08 39 13.950,+19 11 30.07,1,13.724,,,546-046630,08391394+1911300,,STAR,gri,rpm,15.5,1.8,-26.4,2.6,,,14.988,0.02,14.005,0.01,,,14.489,0.02,13.651,0.01,13.396,0.04,,,12.251,0.02,11.756,0.021,11.667,0.022,4897,59,59,4.607,0.025,0.025,-0.008,0.08,0.22,0.735,0.031,0.053,0.804,0.026,0.077,2.001,0.275,0.176,310.7,21.3,29.42,0.028,0.005,0.007,,,
1206,1206,1206,211931173,09 04 38.574,+19 11 31.61,1,17.301,,,,09043857+1911316,5112-301-4-0179-0164,EXTENDED,gri,,1,2,4,2,,,,,,,20.246,0.092,18.382,0.009,17.41,0.007,16.838,0.006,16.416,0.015,15.651,0.062,14.777,0.067,14.352,0.068,,,,,,,,,,,,,,,,,,,,,,,,,,,
1207,1207,1207,211931206,08 38 26.825,+19 11 33.61,1,17.244,,,,08382682+1911336,5061-301-6-0108-0239,EXTENDED,gri,,1,3,4,3,,,,,,,18.431,0.024,17.46,0.005,17.172,0.007,16.871,0.007,16.848,0.02,16.605,0.169,16.153,0.206,,,,,,,,,,,,,,,,,,,,,,,,,,,,,
1208,1208,1208,211931286,09 10 27.271,+19 11 38.31,1,10.996,,1404-562-1,546-047779,09102727+1911383,,STAR,gri,rpm,-38.7,1.5,2.4,1.5,,,11.646,0.067,11.076,0.066,,,11.331,0.02,11.004,0.04,10.852,0.03,,,10.068,0.022,9.81,0.022,9.7,0.017,6185,98,123,4.235,0.13,0.182,-0.249,0.2,0.28,1.322,0.304,0.247,1.068,0.124,0.124,0.473,0.286,0.229,261.9,63.9,43.57,0.027,0.007,0.006,,,
1209,1209,1209,211931309,08 40 32.961,+19 11 39.57,1,8.929,,1395-2377-1,546-046690,08403296+1911395,,STAR,gri,plx,-34.6,1.2,-13.2,1.2,,,8.933,0.02,8.612,0.017,,,9.716,0.01,9.245,0.14,8.591,0.01,,,8.083,0.035,7.994,0.024,7.964,0.015,6702,274,274,3.961,0.078,0.065,0.029,0.09,0.12,2.103,0.207,0.158,1.557,0.083,0.083,0.156,0.04,0.032,189,12.42,12.42,0.023,0.007,0.006,,,
1210,1210,1210,211931332,08 57 11.042,+19 11 41.37,1,17.93,,,,,5061-301-2-0136-0326,EXTENDED,gri,,0,2,0,2,,,,,,,19.764,0.072,18.457,0.013,17.99,0.014,17.704,0.016,17.446,0.051,,,,,,,,,,,,,,,,,,,,,,,,,,,,,,,,,
1211,1211,1211,211931411,08 41 49.348,+19 11 46.99,1,13.8,,,546-046752,08414934+1911471,,STAR,gri,lam,-39.2,3.2,-13.9,3.2,,,15.864,0.06,14.466,0.06,,,15.228,0.05,13.862,0.02,13.187,0.05,,,11.649,0.02,11.013,0.021,10.834,0.018,4037,128,160,4.828,0.055,0.055,-0.088,0.1,0.12,0.453,0.065,0.067,0.513,0.074,0.089,5.294,1.98,1.232,110.7,22.08,21.7,0.016,0.005,0.005,,,
1212,1212,1212,211931442,08 39 40.100,+19 11 48.42,1,17.971,,,,,5037-301-2-0113-0129,EXTENDED,gri,,15,11,-44,11,,,,,,,20.18,0.102,18.665,0.017,18.019,0.013,17.674,0.015,17.379,0.038,,,,,,,,,,,,,,,,,,,,,,,,,,,,,,,,,
1213,1213,1213,211931524,08 43 47.896,+19 11 53.84,1,12.375,,,546-046839,08434789+1911540,,STAR,gri,rpm,-2.5,1.3,0.9,1.7,,,13.085,0.01,12.486,0.01,,,12.739,0.01,12.362,0.02,12.219,0.04,,,11.424,0.023,11.183,0.025,11.093,0.017,6181,126,126,4.063,0.228,0.19,-0.067,0.1,0.18,1.58,0.542,0.403,1.207,0.21,0.131,0.263,0.365,0.153,591.6,217.5,159,0.034,0.013,0.007,,,
1214,1214,1214,211931526,08 38 55.061,+19 11 53.86,1,9.969,,1395-2375-1,546-046614,08385506+1911539,,STAR,gri,plx,-7.6,1.5,-6.7,1.5,,,11.116,0.082,10.238,0.052,,,10.671,0.02,10.043,0.07,9.668,0.03,,,8.617,0.024,8.145,0.029,8.045,0.018,4999,122,102,2.641,0.4,0.3,-0.683,0.25,0.3,7.755,2.492,3.058,0.938,0.175,0.05,0.002,0.006,0.001,462.4,110.9,110.9,0.032,0.008,0.007,,,
1215,1215,1215,211931551,08 57 31.345,+19 11 55.41,1,15.003,,,546-047359,08573135+1911553,,STAR,gri,rpm,4.1,4.5,-3.4,4.9,,,16.172,0.03,15.323,0.04,,,15.642,0.03,15.079,0.01,14.729,0.02,,,13.52,0.022,12.972,0.024,12.945,0.026,5024,60,50,1.858,0.35,0.07,-2.23,0.36,0.3,16.975,1.51,5.307,0.797,0.016,0.016,1.57E-04,3.73E-04,4.12E-05,12920,1116,4021,0.033,0.006,0.008,,,
1216,1216,1216,211931604,09 02 55.444,+19 11 58.22,1,11.827,,,546-047534,09025545+1911582,,STAR,gri,lam,-18.4,0.7,-6,1,,,12.68,0.04,11.993,0.04,,,12.28,0.01,11.806,0.01,11.632,0.02,,,10.715,0.023,10.43,0.027,10.307,0.02,5482,179,224,3.801,0.085,0.119,-0.129,0.15,0.15,2.257,0.437,0.309,1.186,0.163,0.135,0.097,0.044,0.034,526.9,120.7,72.2,0.034,0.01,0.006,,,
1217,1217,1217,211931630,09 05 02.374,+19 11 59.58,1,14.835,,,546-047619,09050237+1911596,5112-301-4-0179-0076,STAR,gri,rpm,-0.9,4.6,-16.1,5,,,15.851,0.09,15.005,0.01,,,15.42,0.05,14.726,0.03,14.584,0.33,,,13.406,0.024,12.949,0.027,12.886,0.032,5175,123,123,4.571,0.03,0.072,-0.22,0.2,0.28,0.778,0.115,0.062,0.833,0.068,0.082,1.755,0.26,0.424,598.5,116.8,56.42,0.033,0.008,0.007,,,
1218,1218,1218,211931646,09 05 20.429,+19 12 00.48,1,17.928,,,,09052042+1912004,5112-301-4-0180-0246,EXTENDED,gri,,-2,3,1,3,,,,,,,19.762,0.046,18.596,0.008,18.026,0.008,17.642,0.008,17.491,0.028,16.672,0.139,15.909,0.15,15.586,0.168,,,,,,,,,,,,,,,,,,,,,,,,,,,
1219,1219,1219,211931651,08 43 22.404,+19 12 00.75,1,16.545,,,,08432240+1912007,5037-301-1-0118-0373,STAR,gri,rpm,-37,3,-12,3,,,,,,,21.324,0.076,18.513,0.008,17.088,0.005,15.702,0.005,14.929,0.005,13.571,0.029,12.938,0.027,12.653,0.026,3545,98,56,5.014,0.04,0.025,0.079,0.12,0.14,0.262,0.027,0.033,0.266,0.039,0.046,13.9,3.438,2.123,128.7,18.38,16.09,0.017,0.006,0.004,,,
1220,1220,1220,211931652,08 45 11.701,+19 12 00.78,1,15.751,,,,08451170+1912007,5071-301-4-0116-0180,EXTENDED,gri,,-51,3,-31,3,,,,,,,18.595,0.049,16.716,0.005,15.808,0.004,15.337,0.004,15.006,0.009,15.464,0.092,14.789,0.101,14.357,0.12,,,,,,,,,,,,,,,,,,,,,,,,,,,
1221,1221,1221,211931675,08 57 02.307,+19 12 01.89,1,17.326,,,,08570230+1912018,,STAR,JHK,col,,,,,,,,,,,,,,,,,,,,,15.854,0.099,15.448,0.14,15.262,0.154,4577,1109,924,4.694,0.287,0.246,-0.347,0.3,0.48,0.555,0.309,0.29,0.627,0.18,0.323,2.989,8.481,1.899,1066,1219,680.2,0.032,0.011,0.007,,,
1222,1222,1222,211931684,08 52 03.795,+19 12 02.55,1,15.379,,,,08520379+1912025,5061-301-3-0128-0117,EXTENDED,gri,,1,2,5,2,,,,,,,17.55,0.015,16.103,0.003,15.445,0.003,15.068,0.003,14.829,0.006,14.724,0.065,13.997,0.08,13.654,0.068,,,,,,,,,,,,,,,,,,,,,,,,,,,
1223,1223,1223,211931714,09 11 37.236,+19 12 04.54,1,16.637,,,,09113723+1912045,5080-301-3-0164-0178,STAR,gri,rpm,-68,3,7,3,,,,,,,20.962,0.07,18.388,0.007,16.907,0.005,15.886,0.004,15.358,0.006,14.079,0.026,13.508,0.027,13.273,0.026,3436,34,34,5.079,0.042,0.042,0.035,0.09,0.15,0.206,0.025,0.019,0.192,0.032,0.024,20.55,4.731,3.846,121.5,20.33,15.09,0.018,0.003,0.003,,,
1224,1224,1224,211931736,08 39 58.067,+19 12 05.93,1,9.518,,1395-2366-1,547-045663,08395807+1912058,,STAR,gri,plx,-36.5,1.1,-11.2,1.1,,,9.689,0.029,9.223,0.024,,,10.025,0.02,9.646,0.1,9.302,0.04,,,8.692,0.02,8.51,0.021,8.482,0.018,6448,230,192,4.149,0.07,0.07,0.027,0.12,0.14,1.588,0.137,0.106,1.339,0.068,0.082,0.322,0.083,0.066,181.2,11.84,11.84,0.023,0.007,0.006,,,
1225,1225,1225,211931781,09 05 57.734,+19 12 08.72,1,15.748,,,,09055773+1912087,5080-301-4-0156-0224,EXTENDED,gri,,5,2,4,2,,,,,,,18.848,0.034,16.787,0.004,15.776,0.003,15.303,0.003,14.919,0.006,14.452,0.055,13.813,0.073,13.325,0.055,,,,,,,,,,,,,,,,,,,,,,,,,,,
1226,1226,1226,211931790,09 03 18.468,+19 12 09.18,1,13.2,,,547-046516,09031846+1912091,,STAR,gri,rpm,8.3,1.8,-8.3,1.6,,,14.297,0.01,13.436,0.02,,,13.824,0.01,13.175,0.02,12.932,0.063,,,11.833,0.023,11.363,0.021,11.291,0.018,5100,101,60,3.1,0.528,0.44,-0.789,0.35,0.25,4.039,2.572,1.803,0.899,0.06,0.018,0.013,0.066,0.011,1321,993.6,493.2,0.032,0.01,0.005,,,
1227,1227,1227,211931823,09 02 54.378,+19 12 10.84,1,14.433,,,547-046507,09025438+1912108,,STAR,JHK,rpm,-7.6,5.3,15.5,3.4,,,,,,,,,,,,,,,,,13.116,0.023,12.747,0.027,12.616,0.02,5519,220,176,4.504,0.05,0.09,-0.231,0.25,0.4,0.857,0.122,0.09,0.889,0.063,0.088,1.342,0.328,0.396,626.8,143.6,75.82,0.033,0.01,0.007,,,
1228,1228,1228,211931848,08 53 17.145,+19 12 12.42,1,18.762,,,,08531714+1912124,,STAR,JHK,rpm,4,3,10,3,,,,,,,,,,,,,,,,,16.106,0.095,15.251,0.107,14.996,0.115,4094,289,289,4.83,0.12,0.1,-0.201,0.2,0.28,0.438,0.098,0.121,0.507,0.106,0.148,5.154,4.203,1.788,858.1,288.8,286.4,0.033,0.011,0.008,,,
1229,1229,1229,211931872,08 41 10.169,+19 12 13.33,1,18.471,,,,08411016+1912133,5071-301-5-0110-0454,STAR,gri,rpm,-34,5,-17,5,,,,,,,24.04,0.692,20.825,0.029,19.283,0.013,17.462,0.007,16.479,0.008,14.892,0.037,14.287,0.047,13.895,0.05,3351,119,99,5.136,0.025,0.035,-0.098,0.2,0.24,0.179,0.015,0.014,0.158,0.018,0.015,27.63,4.094,4.221,147.7,16.88,15.15,0.02,0.005,0.006,,,
1230,1230,1230,211931880,08 40 10.389,+19 12 13.82,1,13.958,,,547-045680,08401037+1912138,,STAR,gri,rpm,-12.6,3.2,-44.3,2.9,,,16.03,0.07,14.583,0.01,,,15.377,0.02,13.985,0.02,13.35,0.01,,,11.8,0.021,11.169,0.019,10.997,0.02,3867,38,38,4.916,0.111,0.02,-0.239,0.09,0.24,0.36,0.018,0.091,0.389,0.036,0.108,8.319,5.939,0.555,80.46,19.35,20.1,0.013,0.004,0.003,,,
1231,1231,1231,211931887,08 43 17.786,+19 12 14.14,1,17.672,,,,08431778+1912141,5037-301-1-0118-0357,EXTENDED,gri,,6,3,10,3,,,,,,,19.547,0.042,18.488,0.01,17.722,0.008,17.322,0.008,17.079,0.022,16.543,0.163,15.765,0.167,15.192,0.176,,,,,,,,,,,,,,,,,,,,,,,,,,,
1232,1232,1232,211931893,08 51 04.367,+19 12 14.42,1,17.449,,,,08510436+1912144,5061-301-3-0127-0134,EXTENDED,gri,,4,2,6,2,,,,,,,19.479,0.047,18.215,0.009,17.494,0.007,17.12,0.008,16.892,0.022,16.543,0.133,15.691,0.139,15.242,0.128,,,,,,,,,,,,,,,,,,,,,,,,,,,
1233,1233,1233,211931925,08 40 18.878,+19 12 15.85,1,18.132,,,,,5037-301-2-0114-0556,EXTENDED,gri,,-5,3,-3,3,,,,,,,19.618,0.057,18.471,0.011,18.153,0.013,17.987,0.016,17.933,0.051,,,,,,,,,,,,,,,,,,,,,,,,,,,,,,,,,
1234,1234,1234,211931932,09 04 30.714,+19 12 16.03,1,14.201,,,547-046563,09043070+1912161,,STAR,gri,rpm,-16.5,3.4,6.5,2.3,,,15.478,0.07,14.521,0.02,,,15.012,0.04,14.184,0.06,13.854,0.05,,,12.741,0.023,12.208,0.024,12.144,0.02,4856,97,97,4.62,0.035,0.042,-0.111,0.15,0.36,0.711,0.07,0.064,0.777,0.059,0.071,2.098,0.413,0.345,368.7,46.9,41.61,0.032,0.01,0.006,,,
1235,1235,1235,211931961,08 57 57.192,+19 12 17.31,1,11.948,,,547-046362,08575719+1912173,,STAR,gri,rpm,-2.3,1.7,-3.8,2.2,,,13.593,0.02,12.356,0.01,,,12.951,0.02,11.948,0.02,11.518,0.02,,,10.12,0.022,9.448,0.022,9.295,0.017,4380,52,52,1.431,0.34,0.408,-0.731,0.3,0.42,27.84,16.589,7.903,0.913,0.099,0.035,3.25E-05,6.67E-05,2.40E-05,3584,1990,969.5,0.035,0.007,0.007,,,
1236,1236,1236,211931973,08 40 35.286,+19 12 18.33,1,15.949,,,,08403528+1912183,,STAR,JHK,col,,,,,,,,,,,,,,,,,,,,,13.704,0.024,13.103,0.024,12.848,0.027,3573,173,173,5.019,0.09,0.075,-0.046,0.15,0.21,0.256,0.069,0.073,0.263,0.104,0.087,14.78,11.2,5.667,131.1,47.39,40.58,0.019,0.007,0.007,,,
1237,1237,1237,211932000,09 02 51.789,+19 12 19.52,1,17.523,,,,,5112-301-4-0176-0237,EXTENDED,gri,,6,5,-31,5,,,,,,,19.057,0.052,18.035,0.009,17.633,0.01,17.304,0.013,17.337,0.059,,,,,,,,,,,,,,,,,,,,,,,,,,,,,,,,,
1238,1238,1238,211932036,09 03 25.786,+19 12 21.02,1,11.222,,1397-1128-1,547-046520,09032577+1912210,,STAR,gri,plx,-4.4,1.6,0.4,1.7,,,11.338,0.108,11.106,0.13,,,11.309,0.02,11.194,0.04,11.194,0.02,,,10.535,0.022,10.397,0.022,10.329,0.02,7138,172,172,4.049,0.115,0.207,-0.04,0.1,0.08,1.934,0.606,0.303,1.589,0.195,0.122,0.208,0.118,0.106,3228,9077,9077,0.031,0.008,0.005,,,
1239,1239,1239,211932055,08 41 58.057,+19 12 21.96,1,17.671,,,,08415805+1912219,5061-301-5-0114-0183,STAR,gri,rpm,-41,3,-43,3,,,,,,,21.734,0.106,19.408,0.011,18.051,0.007,16.927,0.006,16.337,0.008,15.076,0.039,14.491,0.052,14.282,0.07,3400,34,40,5.077,0.025,0.03,0.125,0.12,0.08,0.208,0.02,0.013,0.189,0.024,0.015,20.67,2.791,2.914,189.6,22.64,14.68,0.022,0.005,0.002,,,
1240,1240,1240,211932058,08 58 27.119,+19 12 22.23,1,12.019,,,547-046379,08582711+1912222,,STAR,gri,lam,-8.3,2.4,-11.2,2.1,,,12.745,0.03,12.136,0.02,,,12.357,0.02,12.005,0.04,11.874,0.02,,,11.017,0.02,10.782,0.024,10.695,0.017,5966,142,95,4.213,0.13,0.156,0.074,0.12,0.12,1.344,0.272,0.184,1.151,0.098,0.082,0.433,0.27,0.191,420.2,109.8,73.9,0.029,0.01,0.007,,,
1241,1241,1241,211932063,08 51 14.035,+19 12 22.32,1,17.807,,,,08511403+1912223,5061-301-3-0127-0242,STAR,gri,rpm,-68,4,9,4,,,,,,,22.649,0.252,20.348,0.019,18.718,0.009,16.718,0.005,15.627,0.006,13.981,0.023,13.424,0.028,13.066,0.026,3155,38,63,5.174,0.02,0.028,0.022,0.09,0.36,0.157,0.009,0.006,0.133,0.011,0.003,33.88,3.269,2.982,81.85,7.074,12.5,0.013,0.003,0.007,,,
1242,1242,1242,211932067,08 47 07.248,+19 12 22.63,1,16.475,,,,08470724+1912226,5061-301-4-0121-0261,EXTENDED,gri,,-7,2,-2,2,,,,,,,19.614,0.033,17.287,0.004,16.411,0.004,16.127,0.004,15.976,0.007,14.979,0.048,14.569,0.07,14.497,0.077,,,,,,,,,,,,,,,,,,,,,,,,,,,
1243,1243,1243,211932119,09 04 29.520,+19 12 25.60,1,17.41,,,,09042951+1912255,,STAR,J,col,,,,,,,,,,,,,,,,,,,,,15.92,0.076,15.057,0.088,14.673,0.076,3906,310,372,4.869,0.168,0.12,-0.185,0.2,0.28,0.388,0.121,0.15,0.435,0.135,0.216,6.794,9.354,2.839,632,283.6,282.8,0.032,0.01,0.008,,,
1244,1244,1244,211932124,09 06 07.523,+19 12 26.10,1,9.619,,1404-882-1,547-046626,09060752+1912260,,STAR,gri,plx,-21,1,7.6,1,,,10.409,0.054,9.666,0.037,,,10.289,0.03,9.454,0.04,9.331,0.08,,,8.401,0.024,8.072,0.034,7.998,0.016,5069,142,81,3.609,0.085,0.102,0.013,0.15,0.15,2.971,0.453,0.286,1.381,0.15,0.107,0.05,0.018,0.015,229.6,23.57,23.57,0.025,0.005,0.007,,,
1245,1245,1245,211932174,08 44 39.630,+19 12 28.93,1,17.216,,,,08443963+1912289,5037-301-1-0120-0100,STAR,gri,rpm,-22,3,-35,3,,,,,,,19.095,0.019,17.771,0.006,17.15,0.006,16.978,0.006,16.834,0.01,15.916,0.095,15.394,0.119,15.147,0.144,5295,63,106,4.669,0.066,0.02,-1.153,0.09,0.36,0.623,0.012,0.073,0.653,0.013,0.056,2.73,0.869,0.164,1516,64.14,252.7,0.031,0.002,0.003,,,
1246,1246,1246,211932237,09 06 23.987,+19 12 31.73,1,17.132,,,,09062398+1912317,,STAR,J,col,,,,,,,,,,,,,,,,,,,,,15.661,0.082,14.84,0.101,14.266,0.086,3719,385,321,4.95,0.156,0.156,-0.132,0.2,0.28,0.288,0.152,0.1,0.329,0.183,0.152,9.552,10.64,5.032,405.5,292.7,194.3,0.031,0.01,0.008,,,
1247,1247,1247,211932250,08 46 27.417,+19 12 32.56,1,17.372,,,,08462741+1912325,,STAR,JHK,col,,,,,,,,,,,,,,,,,,,,,14.87,0.038,14.22,0.047,13.916,0.049,3710,306,255,4.957,0.11,0.132,-0.112,0.2,0.24,0.305,0.124,0.102,0.336,0.164,0.137,10.14,8.739,4.693,305.9,168.9,125.4,0.028,0.01,0.008,,,
1248,1248,1248,211932258,09 05 56.632,+19 12 33.05,1,16.629,,,,09055663+1912330,5080-301-4-0156-0225,EXTENDED,gri,,2,2,5,2,,,,,,,19.43,0.055,17.641,0.006,16.663,0.005,16.195,0.004,15.821,0.01,15.407,0.086,15.115,0.132,14.37,0.091,,,,,,,,,,,,,,,,,,,,,,,,,,,
1249,1249,1249,211932369,09 06 00.713,+19 12 39.06,1,17.273,,,,09060071+1912390,5080-301-4-0156-0253,EXTENDED,gri,,-5,3,5,3,,,,,,,20.143,0.091,18.335,0.01,17.306,0.007,16.818,0.006,16.377,0.015,15.944,0.102,15.456,0.141,14.723,0.104,,,,,,,,,,,,,,,,,,,,,,,,,,,
1250,1250,1250,211932435,08 37 54.957,+19 12 42.83,1,13.245,,,547-045560,08375495+1912428,,STAR,gri,lam,2.9,2,-23,1.8,,,14.737,0.03,13.63,0.01,,,14.189,0.01,13.184,0.042,12.84,0.03,,,11.593,0.027,11.029,0.032,10.931,0.02,4444,177,142,4.695,0.04,0.048,-0.131,0.15,0.12,0.605,0.061,0.056,0.656,0.072,0.045,2.993,0.564,0.56,164.8,27.58,19.94,0.021,0.006,0.004,,,
1251,1251,1251,211932447,09 05 10.113,+19 12 43.82,1,13.899,,,547-046589,09051012+1912439,,STAR,gri,rpm,-17.4,3.7,-26,2.8,,,15.76,0.1,14.387,0.03,,,15.08,0.03,13.872,0.03,13.393,0.19,,,11.938,0.02,11.262,0.021,11.179,0.017,4192,85,119,4.757,0.03,0.03,0.026,0.16,0.2,0.531,0.04,0.031,0.596,0.047,0.04,3.845,0.631,0.457,160.3,16.28,14.78,0.022,0.007,0.005,,,
1252,1252,1252,211932456,08 47 35.560,+19 12 44.12,1,17.055,,,,08473556+1912441,5061-301-4-0122-0171,EXTENDED,gri,,4,2,3,2,,,,,,,19.356,0.05,17.876,0.007,17.085,0.006,16.703,0.006,16.4,0.018,16.284,0.15,15.847,0.199,15.12,0.158,,,,,,,,,,,,,,,,,,,,,,,,,,,
1253,1253,1253,211932468,08 59 40.690,+19 12 44.59,1,15.646,,,,08594068+1912445,5071-301-1-0137-0200,EXTENDED,gri,,-4,2,0,2,,,,,,,18.497,0.036,16.593,0.005,15.663,0.004,15.24,0.004,14.914,0.007,15.203,0.076,14.562,0.098,14.177,0.094,,,,,,,,,,,,,,,,,,,,,,,,,,,
1254,1254,1254,211932489,08 56 08.437,+19 12 45.42,1,19.774,,,,,5061-301-2-0134-0222,STAR,gri,,-42,3,11,3,,,,,,,20.173,0.04,19.741,0.014,19.785,0.017,19.91,0.026,20.101,0.11,,,,,,,,,,,,,,,,,,,,,,,,,,,,,,,,,
1255,1255,1255,211932496,08 44 53.914,+19 12 46.12,1,12.345,,,547-045871,08445391+1912461,,STAR,gri,rpm,-7.1,1.6,-1.2,2.3,,,13.56,0.05,12.59,0.031,,,13.054,0.01,12.307,0.01,12.041,0.05,,,10.896,0.022,10.468,0.022,10.308,0.018,5006,83,62,3.204,0.42,0.84,-0.432,0.36,0.2,4.192,5.546,1.664,1.061,0.261,0.131,0.013,0.042,0.012,930.2,1260,324,0.033,0.011,0.006,,,
1256,1256,1256,211932539,08 42 12.336,+19 12 48.64,1,13.225,,,547-045773,08421233+1912488,,STAR,gri,rpm,-39.5,2.5,-12.9,2.6,,,14.912,0.04,13.681,0.03,,,14.319,0.03,13.181,0.03,12.756,0.03,,,11.54,0.022,10.944,0.019,10.833,0.016,4299,104,104,4.734,0.042,0.042,-0.067,0.15,0.15,0.558,0.049,0.051,0.633,0.052,0.037,3.489,0.629,0.614,143.3,21.61,22.23,0.02,0.007,0.005,,,
1257,1257,1257,211932596,08 47 19.391,+19 12 52.05,1,17.273,,,,08471939+1912520,5061-301-4-0121-0304,STAR,gri,rpm,-31,3,-18,3,,,,,,,21.752,0.119,19.386,0.011,17.905,0.007,16.367,0.005,15.517,0.006,14.067,0.034,13.395,0.041,13.152,0.031,3521,86,108,5.073,0.025,0.045,-0.091,0.2,0.2,0.218,0.032,0.019,0.207,0.04,0.029,19.27,3.371,3.893,134.1,23.75,20.18,0.021,0.006,0.005,,,
1258,1258,1258,211932631,08 45 24.591,+19 12 54.68,1,18.029,,,,,5071-301-4-0116-0265,EXTENDED,gri,,10,3,2,3,,,,,,,19.704,0.062,18.453,0.01,18.107,0.011,17.847,0.013,17.885,0.049,,,,,,,,,,,,,,,,,,,,,,,,,,,,,,,,,
1259,1259,1259,211932640,09 04 32.058,+19 12 55.11,1,14.703,,,547-046565,09043204+1912551,,STAR,gri,rpm,-11.8,1.8,-28.3,3.4,,,16.055,0.08,14.997,0.01,,,15.519,0.01,14.704,0.01,14.353,0.09,,,13.259,0.023,12.736,0.021,12.704,0.019,4897,97,97,4.621,0.042,0.035,-0.206,0.16,0.32,0.698,0.056,0.073,0.744,0.054,0.075,2.183,0.466,0.282,467.7,43.24,58.09,0.033,0.009,0.009,,,
1260,1260,1260,211932723,09 05 04.672,+19 12 59.22,1,17.47,,,,09050467+1912592,5112-301-4-0179-0095,EXTENDED,gri,,-6,3,-2,3,,,,,,,20.349,0.084,18.482,0.009,17.46,0.006,17.036,0.007,16.683,0.017,15.925,0.085,15.402,0.103,14.739,0.086,,,,,,,,,,,,,,,,,,,,,,,,,,,
1261,1261,1261,211932724,08 46 06.096,+19 12 59.26,1,19.134,,,,,5071-301-4-0117-0860,EXTENDED,gri,,-2,3,-14,3,,,,,,,20.98,0.254,19.511,0.029,19.165,0.04,18.972,0.047,19.037,0.191,,,,,,,,,,,,,,,,,,,,,,,,,,,,,,,,,
1262,1262,1262,211932750,08 52 42.900,+19 13 00.67,1,12.76,,,547-046170,08524290+1913007,,STAR,gri,lam,-11.1,1.4,-17.9,1.6,,,13.745,0.04,12.916,0.01,,,13.32,0.01,12.664,0.02,12.52,0.02,,,11.506,0.023,11.113,0.023,11.013,0.021,5417,162,195,4.522,0.042,0.03,0.029,0.12,0.1,0.874,0.054,0.061,0.929,0.059,0.049,1.351,0.262,0.161,296.9,30.14,32.53,0.026,0.009,0.005,,,
1263,1263,1263,211932797,08 40 55.947,+19 13 03.51,1,17.595,,,,08405594+1913035,5071-301-5-0110-0351,EXTENDED,gri,,2,3,3,3,,,,,,,20.689,0.087,18.614,0.009,17.607,0.006,17.158,0.006,16.845,0.012,15.93,0.084,15.26,0.1,14.88,0.114,,,,,,,,,,,,,,,,,,,,,,,,,,,
1264,1264,1264,211932810,08 39 46.570,+19 13 03.98,1,14.64,,,547-045655,08394656+1913041,,STAR,gri,rpm,-33.7,3.8,-9.1,4.1,,,16.89,0.01,15.437,0.04,,,16.226,0.01,14.787,0.07,13.96,0.06,,,12.345,0.022,11.68,0.021,11.506,0.02,3856,46,108,4.889,0.042,0.042,0.002,0.16,0.08,0.4,0.035,0.047,0.447,0.037,0.067,6.867,1.699,1.049,123.1,21.99,13.64,0.018,0.018,0.003,,,
1265,1265,1265,211932824,09 15 08.207,+19 13 05.21,1,12.464,,,547-046896,09150819+1913052,,STAR,gri,rpm,-11.6,1.3,3.3,1.8,,,13.047,0.03,12.505,0.02,,,12.685,0.03,12.39,0.02,12.238,0.06,,,11.502,0.024,11.276,0.022,11.211,0.025,6401,130,157,4.188,0.1,0.16,-0.133,0.15,0.3,1.414,0.377,0.174,1.22,0.109,0.131,0.382,0.151,0.158,577.9,153,75.95,0.033,0.006,0.007,,,
1266,1266,1266,211932840,09 07 26.303,+19 13 06.32,1,17.061,,,,09072630+1913063,5080-301-4-0158-0059,EXTENDED,gri,,2,2,-3,2,,,,,,,18.728,0.042,17.613,0.007,17.145,0.007,16.824,0.007,16.669,0.022,16.64,0.171,,,,,,,,,,,,,,,,,,,,,,,,,,,,,,,
1267,1267,1267,211932844,09 09 53.730,+19 13 06.41,1,17.942,,,,,5112-301-3-0186-0075,STAR,gri,,-95,3,2,3,,,,,,,18.271,0.014,17.896,0.006,17.957,0.007,18.095,0.009,18.289,0.027,,,,,,,,,,,,,,,,,,,,,,,,,,,,,,,,,
1268,1268,1268,211932846,09 12 01.714,+19 13 06.54,1,14.58,,,547-046801,09120172+1913067,5080-301-3-0165-0031,STAR,gri,rpm,-13,3.1,-3.3,3.4,,,16.26,0.05,15.042,0.02,,,15.628,0.05,14.539,0.02,14.13,0.05,,,12.85,0.021,12.245,0.023,12.128,0.023,4422,71,71,4.69,0.048,0.02,-0.051,0.12,0.24,0.612,0.028,0.068,0.685,0.022,0.076,2.896,0.716,0.255,295.9,16.81,38.18,0.03,0.006,0.006,,,
1269,1269,1269,211932870,08 54 32.112,+19 13 07.53,1,15.46,,,547-046230,08543211+1913073,5071-301-2-0130-0005,STAR,gri,rpm,-0.4,2.9,-7.1,3.1,,,16.526,0.03,15.662,0.03,,,16.059,0.03,15.41,0.04,15.203,0.04,,,14.225,0.025,13.87,0.037,13.72,0.044,5376,131,131,4.539,0.04,0.064,-0.188,0.2,0.28,0.824,0.096,0.073,0.871,0.067,0.094,1.491,0.301,0.339,957,138.7,102.1,0.034,0.01,0.007,,,
1270,1270,1270,211932912,08 39 17.576,+19 13 09.42,1,18.718,,,,08391757+1913094,,STAR,JHK,col,,,,,,,,,,,,,,,,,,,,,16.022,0.094,15.203,0.111,14.899,0.127,3983,358,358,4.872,0.156,0.13,-0.208,0.2,0.32,0.407,0.132,0.147,0.447,0.14,0.195,5.924,7.338,2.593,742.5,368.5,320.1,0.032,0.01,0.007,,,
1271,1271,1271,211932921,08 57 12.709,+19 13 09.92,1,14.844,,,,08571270+1913099,,STAR,JHK,col,,,,,,,,,,,,,,,,,,,,,12.642,0.023,12.113,0.025,11.799,0.023,3428,132,158,5.077,0.072,0.06,0.011,0.12,0.15,0.207,0.045,0.043,0.186,0.069,0.043,20.37,7.75,6.536,65.59,18.71,19.43,0.009,0.005,0.004,,,
1272,1272,1272,211932923,08 40 26.250,+19 13 09.93,1,12.541,,,547-045690,08402624+1913099,,STAR,gri,rpm,-40.1,2.9,-10.1,1.8,,,13.899,0.044,12.875,0.02,,,13.366,0.01,12.484,0.01,12.188,0.03,,,11.088,0.022,10.583,0.021,10.461,0.02,4754,113,47,4.603,0.04,1.408,0.022,0.16,0.16,0.734,3.418,0.062,0.8,0.196,0.061,1.901,0.385,1.888,177.6,850.3,19.02,0.026,0.004,0.006,,,
1273,1273,1273,211932938,08 39 33.216,+19 13 10.59,1,15.198,,,547-045641,08393320+1913106,5037-301-2-0113-0056,STAR,BV,rpm,-17.9,3.9,16.9,4.3,,,15.432,0.02,15.176,0.048,,,,,,,,,,,14.135,0.023,13.801,0.034,13.824,0.045,5847,285,285,4.45,0.09,0.216,-0.736,0.35,0.35,0.877,0.271,0.122,0.818,0.076,0.076,1.126,0.465,0.599,1079,424.2,181.5,0.034,0.011,0.01,,,
1274,1274,1274,211932949,08 45 19.613,+19 13 11.61,1,18.846,,,,08451961+1913116,,STAR,JHK,rpm,4,3,6,2,,,,,,,,,,,,,,,,,16.299,0.131,15.331,0.132,15.226,0.148,4167,289,289,4.79,0.114,0.095,-0.254,0.25,0.25,0.46,0.122,0.11,0.519,0.104,0.145,4.893,3.848,1.66,980.5,336.1,292.1,0.034,0.01,0.007,,,
1275,1275,1275,211932965,09 05 04.878,+19 13 12.48,1,15.389,,,547-046586,09050487+1913125,5112-301-4-0179-0094,STAR,gri,rpm,-5.4,4.4,-4.9,4.9,,,16.563,0.05,15.653,0.03,,,16.12,0.01,15.368,0.04,15.075,0.07,,,13.976,0.024,13.592,0.03,13.425,0.03,5147,104,83,4.569,0.04,0.04,-0.084,0.16,0.24,0.782,0.058,0.064,0.842,0.054,0.064,1.686,0.332,0.234,776,74.87,81.2,0.035,0.01,0.007,,,
1276,1276,1276,211933035,08 39 16.682,+19 13 15.84,1,13.894,,,547-045630,08391667+1913158,,STAR,gri,rpm,15,10.7,-71.2,8.3,,,15.026,0.01,14.148,0.02,,,14.588,0.01,13.834,0.02,13.597,0.02,,,12.654,0.022,12.176,0.023,12.092,0.023,4955,79,59,4.653,0.04,0.08,-0.606,0.48,0.3,0.629,0.118,0.047,0.67,0.101,0.051,2.587,0.488,0.756,317.1,72.67,23.61,0.032,0.004,0.006,,,
1277,1277,1277,211933087,09 11 37.737,+19 13 18.72,1,16.942,,,,09113773+1913187,5080-301-3-0164-0192,STAR,gri,rpm,-45,3,4,3,,,,,,,21.53,0.103,18.851,0.009,17.31,0.005,16.124,0.005,15.508,0.006,14.188,0.028,13.62,0.028,13.414,0.03,3429,105,147,5.148,0.02,0.027,-0.213,0.25,0.25,0.172,0.012,0.003,0.155,0.009,0.005,29.75,1.785,3.357,109.3,3.278,7.809,0.016,0.004,0.003,,,
1278,1278,1278,211933113,08 38 48.639,+19 13 19.91,1,18.105,,,,08384863+1913199,,STAR,J,,,,,,,,,,,,,,,,,,,,,,16.56,0.137,15.899,0.166,,,,,,,,,,,,,,,,,,,,,,,,,,,,,
1279,1279,1279,211933121,08 54 09.243,+19 13 20.32,1,12.374,,,547-046216,08540923+1913202,,STAR,gri,rpm,26.6,1.3,-23.3,1.7,,,13.5,0.03,12.61,0.03,,,13.017,0.01,12.346,0.03,12.099,0.04,,,10.986,0.02,10.514,0.021,10.464,0.018,5136,102,82,4.54,0.06,1.35,-0.388,0.3,0.42,0.839,2.74,0.098,0.885,0.047,0.094,1.493,0.421,1.479,235.6,602.2,54.39,0.028,0.006,0.006,,,
1280,1280,1280,211933128,09 05 15.661,+19 13 20.65,1,16.807,,,,09051566+1913206,5112-301-4-0180-0238,EXTENDED,gri,,-34,3,5,3,,,,,,,19.143,0.048,17.695,0.007,16.865,0.006,16.427,0.006,16.166,0.016,15.846,0.091,15.125,0.095,14.792,0.105,,,,,,,,,,,,,,,,,,,,,,,,,,,
1281,1281,1281,211933139,08 41 41.068,+19 13 21.08,1,17.151,,,,08414106+1913210,,STAR,J,rpm,8,2,2,2,,,,,,,,,,,,,,,,,15.679,0.07,14.972,0.083,14.437,0.091,3854,372,310,4.893,0.12,0.144,-0.132,0.2,0.24,0.373,0.133,0.114,0.415,0.154,0.154,7.229,6.078,3.302,540.4,279.4,212.7,0.033,0.008,0.007,,,
1282,1282,1282,211933142,09 05 16.245,+19 13 21.33,1,17.48,,,,09051624+1913213,5112-301-4-0180-0237,EXTENDED,gri,,9,2,6,2,,,,,,,20.393,0.078,18.496,0.009,17.479,0.006,17.044,0.006,16.674,0.015,15.977,0.085,15.279,0.093,14.72,0.085,,,,,,,,,,,,,,,,,,,,,,,,,,,
1283,1283,1283,211933164,08 47 34.068,+19 13 22.36,1,13.516,,,547-045965,08473406+1913223,,STAR,gri,lam,-6.2,2.2,5.5,2.2,,,14.804,0.02,13.768,0.02,,,14.264,0.03,13.445,0.01,13.195,0.04,,,12.036,0.027,11.518,0.032,11.391,0.022,4890,77,77,3.553,0.1,0.1,0.01,0.1,0.1,3.002,0.351,0.373,1.234,0.077,0.108,0.041,0.022,0.013,1131,189.2,104.2,0.035,0.007,0.008,,,
1284,1284,1284,211933174,08 56 04.683,+19 13 22.70,1,18.494,,,,,5061-301-2-0134-0063,STAR,gri,,4,3,-1,3,,,,,,,18.92,0.019,18.502,0.007,18.491,0.009,18.324,0.01,18.228,0.024,,,,,,,,,,,,,,,,,,,,,,,,,,,,,,,,,
1285,1285,1285,211933215,08 40 41.902,+19 13 25.47,1,10.463,,,547-045699,08404189+1913255,,STAR,gri,rpm,-34.1,0.7,-11.9,1,,,11.205,0.01,10.567,0.01,,,10.831,0.01,10.415,0.04,10.305,0.06,,,9.459,0.022,9.148,0.021,9.063,0.018,5957,117,117,4.275,0.165,0.33,-0.133,0.2,0.24,1.224,0.57,0.251,1.054,0.132,0.11,0.514,0.43,0.346,181.4,77.94,36.32,0.023,0.008,0.006,,,
1286,1286,1286,211933248,09 07 51.332,+19 13 27.37,1,19.914,,,,,5080-301-4-0159-0255,STAR,gri,,3,3,-7,3,,,,,,,20.864,0.067,20.084,0.017,19.858,0.018,19.867,0.025,19.645,0.073,,,,,,,,,,,,,,,,,,,,,,,,,,,,,,,,,
1287,1287,1287,211933346,08 46 02.890,+19 13 32.67,1,17.969,,,,08460289+1913326,,STAR,J,,,,,,,,,,,,,,,,,,,,,,16.437,0.196,,,,,,,,,,,,,,,,,,,,,,,,,,,,,,,
1288,1288,1288,211933350,08 51 38.761,+19 13 32.85,1,17.66,,,,08513876+1913328,5061-301-3-0128-0205,EXTENDED,gri,,,,,,,,,,,,19.289,0.028,18.403,0.007,17.801,0.006,17.342,0.006,17.155,0.018,16.125,0.088,15.462,0.122,14.838,0.104,,,,,,,,,,,,,,,,,,,,,,,,,,,
1289,1289,1289,211933355,09 04 26.014,+19 13 33.25,1,17.435,,,,09042601+1913332,5112-301-4-0178-0240,EXTENDED,gri,,2,2,-2,2,,,,,,,20.205,0.081,18.382,0.009,17.428,0.006,17.029,0.007,16.693,0.018,16.072,0.082,15.279,0.091,14.845,0.099,,,,,,,,,,,,,,,,,,,,,,,,,,,
1290,1290,1290,211933366,08 46 36.776,+19 13 33.66,1,16.516,,,,08463677+1913336,5061-301-4-0120-0317,STAR,gri,rpm,-31,3,-9,3,,,,,,,20.756,0.059,18.37,0.007,16.917,0.006,15.721,0.005,15.084,0.005,13.757,0.026,13.113,0.026,12.897,0.026,3584,126,84,5.022,0.054,0.03,-0.066,0.2,0.24,0.26,0.026,0.045,0.26,0.045,0.052,14.78,5.624,2.6,137.7,21.5,22.01,0.023,0.005,0.004,,,
1291,1291,1291,211933411,09 04 01.337,+19 13 36.12,1,13.524,,,547-046548,,,STAR,gri,,-40.4,3.2,-45.1,1.8,,,16.061,0.05,14.544,0.03,,,15.345,0.01,13.997,0.02,12.744,0.04,,,,,,,,,,,,,,,,,,,,,,,,,,,,,,,,,,,
1292,1292,1292,211933423,09 10 24.542,+19 13 36.85,1,16.72,,,,09102454+1913368,5112-301-3-0187-0206,STAR,gri,rpm,-75,3,6,3,,,,,,,20.982,0.071,18.558,0.008,17.216,0.006,15.933,0.005,15.256,0.006,13.932,0.022,13.464,0.028,13.127,0.028,3610,57,86,4.998,0.035,0.042,0.008,0.18,0.12,0.275,0.037,0.033,0.288,0.05,0.05,12.58,2.897,2.354,169.7,20.89,28.3,0.019,0.007,0.005,,,
1293,1293,1293,211933524,08 40 39.240,+19 13 41.86,1,9.156,,1395-2321-1,547-045697,08403924+1913418,,STAR,gri,plx,-35.5,1.3,-12.4,1.3,,,7.987,0.017,7.76,0.013,,,,,8.969,0.04,8.039,0.1,,,7.329,0.019,7.243,0.02,7.23,0.021,7441,355,296,3.689,0.102,0.102,0.003,0.15,0.12,3.396,0.441,0.39,2.151,0.129,0.155,0.051,0.024,0.014,233.5,28.72,28.72,0.026,0.008,0.007,,,
1294,1294,1294,211933526,08 43 30.144,+19 13 41.97,1,14.376,,,547-045827,08433014+1913419,,STAR,gri,lam,13.4,17.5,-2.1,3.4,,,15.684,0.01,14.607,0.03,,,15.115,0.01,14.338,0.048,14.06,0.06,,,12.901,0.025,12.391,0.025,12.256,0.026,4807,146,117,2.415,0.13,0.06,-0.477,0.12,0.15,10.035,0.718,1.494,0.962,0.019,0.019,9.13E-04,5.68E-04,1.71E-04,5076,792.5,685.5,0.035,0.01,0.006,,,
1295,1295,1295,211933613,08 38 37.269,+19 13 46.50,1,17.222,,,,08383726+1913465,5061-301-6-0109-0278,EXTENDED,gri,,-4,3,2,3,,,,,,,19.715,0.052,18.156,0.007,17.282,0.006,16.822,0.006,16.538,0.014,15.847,0.077,15.114,0.091,14.719,0.106,,,,,,,,,,,,,,,,,,,,,,,,,,,
1296,1296,1296,211933624,09 09 19.938,+19 13 47.13,1,12.397,,1404-492-1,547-046726,,,STAR,gri,,,,,,,,12.568,0.21,12.521,0.233,,,12.604,0.03,12.328,0.05,12.2,0.01,,,,,,,,,,,,,,,,,,,,,,,,,,,,,,,,,,,
1297,1297,1297,211933640,09 03 43.431,+19 13 48.26,1,12.201,,,547-046536,09034343+1913483,,STAR,gri,rpm,0.5,0.6,-23.3,0.7,,,13.482,0.01,12.506,0.031,,,12.962,0.01,12.24,0.03,11.874,0.05,,,10.703,0.02,10.143,0.021,10.08,0.023,4924,59,59,2.866,0.34,0.17,-0.697,0.3,0.18,5.63,1.154,1.605,0.914,0.097,0.018,0.004,0.01,0.002,1132,364.2,351.6,0.032,0.006,0.008,,,
1298,1298,1298,211933657,09 03 26.829,+19 13 49.38,1,13.763,,,547-046523,09032683+1913493,,STAR,gri,rpm,6.7,2.4,-13.8,3.2,,,15.119,0.08,14.104,0.03,,,14.621,0.01,13.725,0.07,13.395,0.01,,,12.163,0.022,11.603,0.024,11.454,0.02,4715,112,75,4.635,0.03,1.038,-0.064,0.15,0.33,0.694,2.136,0.052,0.761,0.179,0.06,2.207,0.327,2.16,266,832.7,25.63,0.028,0.007,0.005,,,
1299,1299,1299,211933681,09 05 52.221,+19 13 50.60,1,17.823,,,,09055222+1913505,5080-301-4-0156-0214,EXTENDED,gri,,2,3,14,1,,,,,,,20.592,0.093,18.767,0.01,17.827,0.008,17.418,0.007,17.099,0.019,16.494,0.129,16.078,0.21,15.383,0.175,,,,,,,,,,,,,,,,,,,,,,,,,,,
1300,1300,1300,211933710,09 03 32.274,+19 13 52.66,1,11.835,,,547-046527,09033227+1913527,,STAR,gri,rpm,1.1,5.7,-22.5,1.9,,,13.106,0.041,12.118,0.02,,,12.598,0.01,11.843,0.02,11.508,0.03,,,10.256,0.02,9.723,0.022,9.638,0.02,4883,57,76,2.664,0.496,0.372,-0.67,0.3,0.3,7.15,4.037,2.908,0.92,0.129,0.032,0.002,0.009,0.001,1194,603.1,452.9,0.035,0.01,0.007,,,
1301,1301,1301,211933728,09 04 31.619,+19 13 53.44,1,17.01,,,,09043161+1913534,5112-301-4-0179-0010,EXTENDED,gri,,1,2,2,2,,,,,,,20.156,0.081,18.134,0.008,17.003,0.005,16.529,0.005,16.157,0.013,15.592,0.077,14.842,0.092,14.352,0.081,,,,,,,,,,,,,,,,,,,,,,,,,,,
1302,1302,1302,211933755,09 03 39.163,+19 13 54.53,1,12.372,,,547-046535,09033916+1913546,,STAR,gri,rpm,-23.2,1.7,-21.6,1.3,,,13.975,0.01,12.806,0.02,,,13.427,0.01,12.36,0.01,11.92,0.03,,,10.633,0.02,10.081,0.022,9.973,0.02,4414,71,88,4.702,0.039,0.02,-0.152,0.1,0.05,0.583,0.04,0.031,0.647,0.058,0.026,3.128,0.497,0.275,116.7,16.92,17.05,0.022,0.004,0.002,,,
1303,1303,1303,211933776,09 05 33.886,+19 13 55.54,1,15.908,,,547-046606,09053388+1913554,5112-301-4-0180-0303,EXTENDED,gri,,4.2,10,1.6,9.2,,,17.49,0.117,16.237,0.072,,,16.864,0.08,16.027,0.05,15.498,0.11,,,14.574,0.052,13.993,0.067,13.573,0.057,,,,,,,,,,,,,,,,,,,,,,,,,,,
1304,1304,1304,211933787,08 54 28.899,+19 13 55.87,1,16.449,,,,08542889+1913558,5071-301-2-0129-0269,STAR,gri,rpm,5,3,-49,3,,,,,,,20.902,0.075,18.209,0.007,16.763,0.005,15.694,0.004,15.129,0.005,13.83,0.025,13.27,0.033,13.001,0.027,3558,83,104,5.023,0.04,0.025,-0.023,0.2,0.2,0.252,0.024,0.026,0.248,0.036,0.036,15,3.497,2.085,138,18.99,12.72,0.02,0.008,0.005,,,
1305,1305,1305,211933805,09 08 22.372,+19 13 56.94,1,14.348,,,547-046696,09082236+1913569,,STAR,gri,rpm,-26,4.6,-25.8,4.9,,,16.086,0.06,14.802,0.03,,,15.41,0.04,14.328,0.01,13.893,0.03,,,12.59,0.026,12.024,0.033,11.852,0.025,4327,52,52,4.796,0.06,0.072,-0.438,0.36,0.24,0.472,0.09,0.055,0.535,0.107,0.054,4.777,1.448,1.48,194.7,39.91,19.16,0.024,0.006,0.005,,,
1306,1306,1306,211933820,08 41 54.475,+19 13 58.01,1,12.06,,,547-045756,08415447+1913581,,STAR,gri,rpm,-7.7,1.1,-4.8,1.3,,,12.572,0.02,12.092,0.02,,,12.253,0.01,11.995,0.01,11.863,0.06,,,11.186,0.02,10.972,0.023,10.924,0.021,6569,105,131,4.128,0.135,0.189,-0.114,0.12,0.24,1.591,0.506,0.252,1.307,0.168,0.168,0.278,0.173,0.137,557.5,198,78.6,0.033,0.006,0.006,,,
1307,1307,1307,211933828,08 50 36.263,+19 13 58.43,1,11.865,,,547-046092,08503626+1913584,,STAR,gri,lam,0,2.2,-5.6,1.5,,,13.147,0.02,12.12,0.01,,,12.609,0.02,11.806,0.04,11.546,0.02,,,10.321,0.022,9.782,0.021,9.678,0.018,4737,96,96,2.475,0.209,0.095,-0.257,0.12,0.15,10.466,0.811,2.505,1.164,0.185,0.154,0.001,0.001,2.49E-04,1664,123.1,358.6,0.034,0.008,0.007,,,
1308,1308,1308,211933861,08 42 05.768,+19 13 59.67,1,12.895,,,547-045767,08420576+1913597,,STAR,gri,rpm,4.2,1.7,-4.8,1.4,,,13.653,0.043,13.034,0.02,,,13.29,0.01,12.904,0.041,12.726,0.05,,,11.937,0.023,11.655,0.023,11.6,0.018,6087,121,121,4.203,0.175,0.245,-0.146,0.18,0.3,1.311,0.502,0.24,1.087,0.126,0.126,0.395,0.324,0.224,624.2,223.3,108.6,0.033,0.013,0.007,,,
1309,1309,1309,211933891,08 46 40.612,+19 14 01.09,1,10.387,,,547-045937,08464061+1914010,,STAR,gri,rpm,1,0.7,-18.6,1.1,,,11.002,0.04,10.271,0.03,,,10.712,0.03,10.203,0.03,10.248,0.04,,,9.667,0.023,9.426,0.03,9.339,0.02,6004,121,121,4.082,0.301,0.215,0.074,0.12,0.14,1.538,0.585,0.493,1.218,0.202,0.152,0.259,0.432,0.145,256.7,97.64,82.34,0.026,0.01,0.006,,,
1310,1310,1310,211933914,08 46 08.168,+19 14 02.77,1,11.183,,1396-1578-1,547-045914,08460817+1914027,,STAR,gri,rpm,3.7,1.6,-37.4,1.7,,,11.802,0.12,11.301,0.117,,,11.572,0.03,11.132,0.02,11.017,0.05,,,10.175,0.023,9.869,0.02,9.825,0.02,5939,95,95,4.299,0.12,0.312,-0.134,0.2,0.24,1.183,0.511,0.195,1.052,0.093,0.112,0.608,0.323,0.389,243,90.89,42.18,0.026,0.007,0.006,,,
1311,1311,1311,211933985,08 54 14.933,+19 14 06.24,1,18.025,,,,08541493+1914062,,STAR,J,col,,,,,,,,,,,,,,,,,,,,,16.488,0.121,16.004,0.175,15.453,0.18,3801,775,352,4.95,0.13,0.234,-0.254,0.25,0.4,0.3,0.214,0.109,0.345,0.259,0.162,9.718,10.59,6.729,653.5,857.4,294.4,0.032,0.008,0.007,,,
1312,1312,1312,211934022,08 46 39.985,+19 14 08.32,1,10.387,,1396-1299-1,547-045935,08463998+1914082,,STAR,gri,rpm,0.1,1.5,-17.7,1.6,,,11.553,0.084,11.305,0.108,,,10.712,0.03,10.203,0.03,10.248,0.04,,,10.04,0.023,9.78,0.032,9.734,0.02,5977,119,119,4.115,0.282,0.235,0.072,0.12,0.15,1.421,0.7,0.403,1.165,0.207,0.103,0.291,0.54,0.17,280.9,113.2,80.67,0.029,0.008,0.007,,,
1313,1313,1313,211934039,08 51 57.206,+19 14 09.40,1,13.891,,,547-046140,08515720+1914094,,STAR,JHK,rpm,22.4,22.5,-10.3,13.2,,,,,,,,,,,,,,,,,12.269,0.02,11.686,0.02,11.611,0.021,4688,112,141,4.636,0.035,1.624,-0.16,0.25,0.3,0.676,4.029,0.049,0.746,0.203,0.072,2.329,0.42,2.319,269,1592,28.15,0.029,0.011,0.006,,,
1314,1314,1314,211934056,08 37 57.034,+19 14 10.38,1,11.643,,,547-045563,08375703+1914103,,STAR,gri,rpm,-34.9,0.9,-11.1,1,,,12.632,0.02,11.829,0.02,,,12.185,0.02,11.596,0.02,11.41,0.03,,,10.47,0.029,10.12,0.03,10.038,0.02,5485,65,87,4.495,0.04,0.648,-0.043,0.15,0.21,0.913,1.165,0.094,0.978,0.167,0.105,1.234,0.25,1.113,217.2,261.5,42.11,0.028,0.005,0.006,,,
1315,1315,1315,211934057,08 43 29.854,+19 14 10.45,1,11.749,,1396-317-1,547-045826,08432984+1914103,,STAR,gri,plx,2,1.7,-7.4,1.8,,,12.372,0.227,12.287,0.248,,,12.099,0.01,11.711,0.01,11.599,0.05,,,10.83,0.022,10.597,0.027,10.518,0.022,6176,99,99,4.271,0.096,0.224,-0.084,0.15,0.21,1.274,0.359,0.161,1.135,0.1,0.12,0.542,0.213,0.292,312,94.15,94.15,0.031,0.011,0.007,,,
1316,1316,1316,211934058,08 47 24.192,+19 14 10.49,1,14.542,,,547-045961,08472419+1914104,,STAR,gri,rpm,5.9,2.7,-20.5,2.7,,,15.661,0.02,14.791,0.03,,,15.219,0.03,14.509,0.01,14.252,0.02,,,13.139,0.024,12.735,0.033,12.622,0.018,5131,82,82,4.588,0.04,0.04,-0.27,0.25,0.3,0.735,0.063,0.07,0.794,0.073,0.087,1.863,0.429,0.295,503.1,57.5,61.27,0.033,0.014,0.006,,,
1317,1317,1317,211934092,08 45 26.640,+19 14 12.79,1,16.237,,,,08452663+1914127,,STAR,JHK,col,,,,,,,,,,,,,,,,,,,,,13.917,0.026,13.281,0.03,13.037,0.028,3721,206,206,4.946,0.108,0.09,-0.096,0.16,0.24,0.32,0.086,0.09,0.35,0.108,0.13,9.656,6.894,3.493,205.1,72.21,70.65,0.024,0.01,0.008,,,
1318,1318,1318,211934105,08 58 36.976,+19 14 13.36,1,13.762,,,547-046383,08583697+1914133,,STAR,gri,rpm,-4.1,2.3,-1.4,2.6,,,14.853,0.01,14.017,0.02,,,14.366,0.01,13.778,0.01,13.504,0.01,,,12.431,0.02,12.008,0.022,11.899,0.025,5221,62,62,2.492,1.044,0.126,-0.89,0.12,0.45,8.874,1.12,6.169,0.9,0.018,0.031,0.001,0.042,3.61E-04,4045,435.4,2731,0.032,0.008,0.004,,,
1319,1319,1319,211934107,08 40 55.037,+19 14 13.43,1,15.361,,,547-045715,08405503+1914134,5071-301-5-0110-0156,STAR,gri,rpm,3.2,3.6,-6.4,3.9,,,16.886,0.09,15.824,0.04,,,16.328,0.03,15.346,0.06,14.947,0.091,,,13.722,0.024,13.165,0.029,13.045,0.03,4651,92,111,4.647,0.042,0.035,-0.103,0.2,0.24,0.663,0.047,0.061,0.737,0.046,0.074,2.413,0.475,0.335,512.1,51.99,56.11,0.034,0.008,0.007,,,
1320,1320,1320,211934126,09 08 18.608,+19 14 14.27,1,17.708,,,,09081860+1914142,5080-301-4-0159-0314,EXTENDED,gri,,1,3,0,3,,,,,,,20.728,0.085,18.679,0.009,17.75,0.007,17.292,0.006,16.995,0.015,16.162,0.092,15.25,0.106,15.049,0.151,,,,,,,,,,,,,,,,,,,,,,,,,,,
1321,1321,1321,211934142,08 46 05.269,+19 14 15.23,1,13.245,,,547-045909,08460526+1914152,,STAR,gri,rpm,-3.7,5.4,-2.5,2.4,,,14.659,0.04,13.556,0.01,,,14.107,0.03,13.195,0.03,12.876,0.04,,,11.639,0.023,11.029,0.021,10.984,0.021,4651,55,74,2.48,0.66,0.55,-0.353,0.3,0.42,8.568,6.633,4.262,0.971,0.165,0.165,0.001,0.009,9.69E-04,2513,1966,1257,0.033,0.01,0.007,,,
1322,1322,1322,211934148,08 43 07.404,+19 14 15.44,1,15.446,,,547-045808,,5037-301-1-0118-0327,STAR,gri,,-48.2,4.4,-20.5,4.5,,,,,16.42,0.077,,,17.356,0.06,15.936,0.02,14.628,0.07,,,,,,,,,,,,,,,,,,,,,,,,,,,,,,,,,,,
1323,1323,1323,211934171,08 42 08.544,+19 14 16.74,1,17.988,,,,08420854+1914167,,STAR,J,,4,0,8,2,,,,,,,,,,,,,,,,,16.454,0.116,15.711,0.144,,,,,,,,,,,,,,,,,,,,,,,,,,,,,
1324,1324,1324,211934172,08 40 58.905,+19 14 16.74,1,18.705,,,,08405890+1914167,5071-301-5-0110-0479,STAR,gri,rpm,-36,5,-23,5,,,,,,,23.776,0.609,21.223,0.039,19.63,0.016,17.626,0.007,16.542,0.008,14.846,0.034,14.266,0.048,13.979,0.049,3280,135,96,5.158,0.02,0.034,-0.117,0.21,0.12,0.166,0.02,0.005,0.145,0.021,0.007,31.65,1.899,5.565,129.2,20.66,7.958,0.017,0.006,0.005,,,
1325,1325,1325,211934173,08 38 45.866,+19 14 16.80,1,18.229,,,,08384586+1914167,,STAR,J,,,,,,,,,,,,,,,,,,,,,,16.671,0.145,,,,,,,,,,,,,,,,,,,,,,,,,,,,,,,
1326,1326,1326,211934221,08 43 07.448,+19 14 19.27,1,16.728,,,,08430744+1914192,5037-301-1-0118-0328,STAR,gri,rpm,-33,3,47,3,,,,,,,21.332,0.077,18.827,0.009,17.368,0.006,15.828,0.006,14.994,0.005,13.493,0.027,12.928,0.032,12.618,0.026,3461,82,82,5.055,0.06,0.02,0.009,0.12,0.15,0.231,0.009,0.037,0.217,0.02,0.043,17.88,6.687,1.193,105,9.605,19.9,0.016,0.005,0.004,,,
1327,1327,1327,211934231,08 39 07.385,+19 14 19.78,1,13.734,,,547-045620,08390738+1914196,,STAR,gri,lam,-7.1,2.3,5.3,2.3,,,14.898,0.051,13.989,0.01,,,14.404,0.01,13.7,0.044,13.447,0.01,,,12.358,0.022,11.926,0.023,11.827,0.023,5029,150,150,4.601,0.025,0.025,-0.175,0.12,0.18,0.736,0.035,0.046,0.793,0.046,0.055,1.959,0.259,0.193,332.8,32.78,29.84,0.029,0.008,0.007,,,
1328,1328,1328,211934232,09 02 38.198,+19 14 19.80,1,14.236,,,547-046501,09023821+1914201,5080-301-5-0151-0175,STAR,JHK,col,,,,,,,,,,,,,,,,,,,,,12.152,0.025,11.617,0.025,11.344,0.022,3462,132,185,5.055,0.077,0.055,-0.005,0.15,0.15,0.22,0.048,0.046,0.203,0.07,0.059,18.68,8.825,5.994,55.53,16.84,15.12,0.009,0.004,0.004,,,
1329,1329,1329,211934247,08 47 06.598,+19 14 20.53,1,12.741,,,547-045954,08470659+1914206,,STAR,gri,rpm,-2,1.6,0.9,1.6,,,13.912,0.03,12.994,0.01,,,13.421,0.01,12.732,0.03,12.45,0.04,,,11.328,0.023,10.888,0.033,10.782,0.022,5052,101,60,3.011,0.55,0.66,-0.608,0.4,0.25,5.012,5.269,2.258,0.954,0.191,0.064,0.005,0.044,0.005,1396,1156,632.2,0.03,0.007,0.005,,,
1330,1330,1330,211934275,08 42 10.105,+19 14 21.92,1,14.86,,,547-045770,08421010+1914220,,STAR,gri,lam,-4.6,4,-1.8,4.3,,,15.82,0.065,14.988,0.02,,,15.347,0.01,14.835,0.03,14.652,0.09,,,13.761,0.024,13.392,0.029,13.378,0.035,5768,139,139,4.374,0.07,0.14,0.048,0.12,0.12,1.069,0.208,0.101,1.022,0.064,0.064,0.798,0.23,0.317,1109,244.2,129.7,0.034,0.01,0.007,,,
1331,1331,1331,211934277,09 04 07.121,+19 14 22.06,1,10.55,,1404-1206-1,547-046550,09040713+1914221,,STAR,gri,plx,-33.4,1.6,-13.7,1.6,,,11.409,0.114,10.865,0.109,,,11.206,0.05,10.587,0.02,10.268,0.05,,,9.298,0.022,8.848,0.027,8.749,0.019,5105,102,102,2.932,0.39,0.546,-0.814,0.3,0.3,5.013,4.296,1.608,0.909,0.143,0.029,0.007,0.017,0.006,466.9,137.9,137.9,0.032,0.008,0.006,,,
1332,1332,1332,211934302,08 52 07.021,+19 14 23.27,1,17.658,,,,,5061-301-3-0128-0286,EXTENDED,gri,,3,2,-1,2,,,,,,,19.591,0.044,18.229,0.008,17.675,0.007,17.414,0.008,17.254,0.026,,,,,,,,,,,,,,,,,,,,,,,,,,,,,,,,,
1333,1333,1333,211934304,08 57 47.758,+19 14 23.37,1,17.401,,,,08574775+1914233,5061-301-2-0137-0279,EXTENDED,gri,,2,2,2,2,,,,,,,20.202,0.212,18.362,0.01,17.431,0.007,16.989,0.008,16.649,0.018,16.285,0.109,15.645,0.154,15.109,0.133,,,,,,,,,,,,,,,,,,,,,,,,,,,
1334,1334,1334,211934314,08 52 00.489,+19 14 23.83,1,14.359,,,547-046141,08520048+1914238,,STAR,gri,rpm,-9.1,2.4,-15.8,3.1,,,15.352,0.02,14.538,0.01,,,14.928,0.03,14.308,0.02,14.115,0.04,,,13.133,0.023,12.699,0.021,12.604,0.023,5291,126,105,4.552,0.05,0.89,-0.332,0.25,0.45,0.797,1.512,0.073,0.837,0.071,0.086,1.567,0.383,1.5,564.1,1015,63.65,0.031,0.01,0.005,,,
1335,1335,1335,211934327,09 11 53.047,+19 14 24.38,1,14.89,,,547-046798,09115305+1914245,5080-301-3-0165-0017,STAR,gri,rpm,-0.8,3.2,-7.5,3.4,,,15.937,0.03,15.109,0.06,,,15.452,0.04,14.888,0.01,14.649,0.03,,,13.748,0.024,13.29,0.026,13.18,0.028,5208,124,103,3.395,1.03,1.236,-0.938,0.45,0.99,2.677,5.615,1.988,0.845,0.056,0.067,0.027,0.897,0.026,2543,5172,1872,0.032,0.01,0.008,,,
1336,1336,1336,211934389,08 49 55.066,+19 14 27.70,1,12.691,,,547-046065,08495506+1914277,,STAR,gri,lam,-3,0.8,-1.8,1.1,,,13.117,0.02,12.706,0.01,,,12.829,0.02,12.645,0.01,12.653,0.01,,,11.973,0.025,11.806,0.028,11.763,0.028,6649,163,108,4.168,0.09,0.09,-0.071,0.08,0.1,1.562,0.217,0.19,1.347,0.088,0.088,0.324,0.146,0.087,808.5,117.2,86.27,0.032,0.01,0.008,,,
1337,1337,1337,211934394,09 11 09.292,+19 14 28.06,1,14.942,,,547-046774,09110930+1914281,5080-301-3-0164-0016,STAR,gri,rpm,0.7,3,-2.5,3.3,,,16.248,0.04,15.277,0.03,,,15.703,0.03,14.995,0.05,14.616,0.07,,,13.42,0.024,12.84,0.025,12.718,0.023,4813,115,96,1.482,1.935,0.27,-1.69,1.2,0.3,25.637,8.915,22.617,0.808,0.138,0.019,3.96E-05,0.033,2.35E-05,18190,3800,15710,0.032,0.015,0.007,,,
1338,1338,1338,211934400,08 59 10.788,+19 14 28.47,1,15.186,,,547-046400,08591079+1914285,,STAR,JHK,rpm,-1.8,5.3,1.6,5.2,,,,,,,,,,,,,,,,,13.031,0.025,12.385,0.023,12.202,0.018,4043,242,201,4.822,0.065,0.104,-0.108,0.15,0.18,0.449,0.112,0.066,0.521,0.112,0.08,5.106,1.861,1.802,207.8,69.94,44.62,0.024,0.007,0.005,,,
1339,1339,1339,211934454,08 58 44.428,+19 14 31.65,1,14.14,,,547-046386,08584442+1914316,5071-301-1-0136-0011,STAR,gri,rpm,-11.2,2.1,-7.9,4.1,,,15.32,0.01,14.378,0.02,,,14.769,0.01,14.139,0.03,13.87,0.11,,,12.737,0.022,12.228,0.024,12.137,0.022,5127,81,61,3.403,0.28,0.504,-0.781,0.25,0.4,3.081,2.023,0.833,0.892,0.04,0.088,0.027,0.044,0.022,1623,1136,414.3,0.033,0.011,0.005,,,
1340,1340,1340,211934475,08 39 20.534,+19 14 32.78,1,15.439,,,547-045635,08392053+1914327,5037-301-2-0113-0039,STAR,gri,rpm,-2.7,3.8,-5,4,,,16.523,0.07,15.684,0.01,,,16.088,0.03,15.415,0.03,15.161,0.09,,,14.125,0.024,13.723,0.034,13.612,0.045,5285,106,128,4.557,0.035,0.063,-0.163,0.2,0.32,0.801,0.099,0.064,0.857,0.063,0.076,1.615,0.282,0.367,890.1,135.7,85.77,0.034,0.008,0.007,,,
1341,1341,1341,211934493,08 56 30.735,+19 14 33.76,1,12.85,,,547-046307,08563073+1914338,,STAR,gri,rpm,-0.5,1.6,-12.2,1.6,,,13.616,0.04,12.992,0.032,,,13.235,0.03,12.846,0.02,12.685,0.05,,,11.809,0.021,11.507,0.019,11.467,0.021,6038,121,97,4.11,0.22,0.176,-0.262,0.2,0.32,1.44,0.424,0.383,1.048,0.155,0.133,0.34,0.387,0.181,622.5,181.3,164.4,0.033,0.01,0.007,,,
1342,1342,1342,211934499,08 42 19.283,+19 14 34.27,1,15.778,,,,08421928+1914342,,STAR,JHK,col,,,,,,,,,,,,,,,,,,,,,13.445,0.024,12.818,0.03,12.561,0.023,3658,167,201,4.981,0.09,0.09,-0.038,0.15,0.21,0.285,0.084,0.076,0.284,0.107,0.107,12.26,9.043,4.523,137.2,52.19,44.01,0.018,0.008,0.006,,,
1343,1343,1343,211934538,08 53 55.002,+19 14 36.25,1,17.287,,,,08535500+1914362,,STAR,JHK,col,,,,,,,,,,,,,,,,,,,,,15.344,0.049,14.722,0.058,14.578,0.078,4091,430,358,4.818,0.145,0.145,-0.227,0.25,0.3,0.432,0.151,0.13,0.491,0.155,0.186,5.191,5.908,2.435,588.3,327.1,242.2,0.032,0.008,0.007,,,
1344,1344,1344,211934559,08 47 26.120,+19 14 37.24,1,17.28,,,,08472611+1914372,5061-301-4-0122-0147,EXTENDED,gri,,4,2,0,2,,,,,,,20.234,0.07,18.277,0.008,17.306,0.006,16.853,0.006,16.485,0.013,15.818,0.084,14.936,0.088,14.504,0.078,,,,,,,,,,,,,,,,,,,,,,,,,,,
1345,1345,1345,211934576,08 50 23.785,+19 14 37.91,1,15.99,,,,08502378+1914379,5071-301-3-0124-0221,EXTENDED,gri,,-6,2,2,2,,,,,,,18.205,0.035,16.726,0.005,16,0.005,15.675,0.005,15.418,0.012,16.214,0.122,15.493,0.149,15.387,0.167,,,,,,,,,,,,,,,,,,,,,,,,,,,
1346,1346,1346,211934586,08 51 10.084,+19 14 38.25,1,14.525,,,547-046112,08511008+1914381,5061-301-3-0127-0034,STAR,gri,rpm,-8.6,2.4,-0.3,2.7,,,15.734,0.01,14.78,0.02,,,15.217,0.03,14.45,0.01,14.228,0.06,,,13.085,0.023,12.619,0.028,12.51,0.025,5032,81,81,4.581,0.03,1.002,-0.136,0.2,0.24,0.772,2.038,0.057,0.827,0.127,0.07,1.795,0.266,1.745,496.7,1269,44.54,0.033,0.01,0.006,,,
1347,1347,1347,211934598,08 53 56.128,+19 14 39.38,1,13.721,,,547-046212,08535612+1914393,,STAR,gri,rpm,1.3,3.3,-12.9,2.9,,,14.958,0.01,13.968,0.04,,,14.448,0.03,13.676,0.04,13.409,0.03,,,12.295,0.021,11.802,0.021,11.702,0.019,4962,78,58,3.627,0.936,0.624,-0.285,0.3,0.3,2.47,2.041,1.8,0.907,0.214,0.133,0.056,1.67,0.049,1110,686,821.4,0.035,0.013,0.008,,,
1348,1348,1348,211934646,08 50 33.784,+19 14 41.56,1,15.82,,,,08503378+1914415,,EXTENDED,J,,,,,,,,,,,,,,,,,,,,,,14.444,0.065,13.704,0.093,13.424,0.078,,,,,,,,,,,,,,,,,,,,,,,,,,,
1349,1349,1349,211934671,08 43 42.151,+19 14 43.24,1,15.157,,,547-045834,08434214+1914433,,STAR,gri,rpm,-2.3,4.4,0.1,3.8,,,16.784,0.03,15.531,0.01,,,16.11,0.05,15.174,0.02,14.748,0.12,,,13.461,0.027,12.78,0.027,12.672,0.02,4524,72,90,4.651,0.054,3.492,-0.313,0.25,1,0.652,37.962,0.071,0.719,0.092,0.079,2.49,0.574,2.49,440.8,24020,64.23,0.03,0.01,0.005,,,
1350,1350,1350,211934672,09 11 00.675,+19 14 43.25,1,12.998,,,547-046766,09110066+1914434,,STAR,gri,rpm,-2.1,1.3,-8.5,1.4,,,13.536,0.02,13.058,0.01,,,13.209,0.03,12.928,0.02,12.813,0.02,,,12.059,0.022,11.828,0.022,11.72,0.018,6356,102,127,4.101,0.14,0.168,-0.322,0.25,0.35,1.527,0.334,0.323,1.134,0.159,0.19,0.304,0.218,0.145,764.8,194.5,155.1,0.034,0.008,0.007,,,
1351,1351,1351,211934677,08 44 13.527,+19 14 43.66,1,15.394,,,547-045849,08441353+1914436,,STAR,gri,rpm,-4.4,3.7,-2.1,4,,,16.616,0.08,15.653,0.08,,,16.08,0.06,15.339,0.03,15.1,0.06,,,13.984,0.031,13.51,0.03,13.415,0.038,5072,121,121,4.586,0.04,1.008,-0.222,0.24,0.36,0.765,2.085,0.071,0.819,0.098,0.082,1.836,0.371,1.784,742.8,1893,80.78,0.034,0.01,0.007,,,
1352,1352,1352,211934698,08 56 39.835,+19 14 44.98,1,19.197,,,,,5061-301-2-0135-0194,STAR,gri,,2,3,1,3,,,,,,,19.723,0.031,19.259,0.011,19.176,0.012,18.88,0.013,18.83,0.04,,,,,,,,,,,,,,,,,,,,,,,,,,,,,,,,,
1353,1353,1353,211934873,08 41 36.727,+19 14 54.16,1,14.232,,,547-045741,08413672+1914542,,STAR,gri,rpm,6.9,3.2,-16.5,3.2,,,15.494,0.02,14.564,0.03,,,14.962,0.01,14.234,0.047,13.919,0.09,,,12.9,0.022,12.384,0.023,12.288,0.021,5019,81,101,4.597,0.03,0.924,-0.266,0.2,0.24,0.727,1.53,0.049,0.783,0.124,0.057,1.94,0.318,1.87,427.5,957.8,34.91,0.032,0.007,0.006,,,
1354,1354,1354,211934914,09 05 55.300,+19 14 56.91,1,15.066,,,547-046619,09055529+1914568,5080-301-4-0156-0104,STAR,gri,rpm,-1.5,4.5,-3.5,4.7,,,16.214,0.04,15.322,0.01,,,15.697,0.04,15.073,0.05,14.796,0.1,,,13.617,0.027,13.215,0.039,12.956,0.028,5297,184,153,4.523,0.06,0.936,-0.285,0.25,0.5,0.854,1.75,0.102,0.871,0.074,0.089,1.404,0.405,1.349,746.6,1411,114.1,0.034,0.011,0.006,,,
1355,1355,1355,211934935,08 44 16.644,+19 14 58.35,1,16.905,,,,08441664+1914583,5037-301-1-0120-0187,EXTENDED,gri,,3,3,-3,3,,,,,,,18.503,0.031,17.435,0.006,16.988,0.006,16.678,0.007,16.532,0.02,16.518,0.16,,,15.536,0.214,,,,,,,,,,,,,,,,,,,,,,,,,,,
1356,1356,1356,211934943,08 39 31.988,+19 14 58.76,1,12.638,,,547-045638,08393198+1914588,,STAR,gri,rpm,8.7,1.7,-34.4,2,,,13.565,0.01,12.806,0.031,,,13.13,0.01,12.593,0.041,12.427,0.02,,,11.438,0.02,11.091,0.02,11.028,0.018,5602,112,112,4.503,0.036,0.09,-0.138,0.2,0.44,0.896,0.121,0.09,0.931,0.068,0.109,1.261,0.273,0.339,308.4,57.64,41.03,0.028,0.006,0.007,,,
1357,1357,1357,211934976,08 52 50.447,+19 15 00.65,1,17.338,,,,08525044+1915006,5061-301-3-0129-0380,STAR,gri,rpm,-34,3,37,3,,,,,,,22.435,0.207,19.584,0.012,18.059,0.007,16.375,0.005,15.507,0.006,14.028,0.03,13.386,0.028,13.125,0.03,3397,110,137,5.123,0.02,0.02,-0.091,0.18,0.18,0.189,0.005,0.012,0.172,0.007,0.018,25.72,2.222,1.716,107.5,5.796,12.4,0.015,0.003,0.002,,,
1358,1358,1358,211934994,08 59 41.450,+19 15 01.24,1,15.559,,,547-046414,08594144+1915013,,STAR,gri,rpm,3.9,4.6,2.1,5.2,,,16.862,0.03,15.9,0.17,,,16.339,0.01,15.584,0.06,15.225,0.04,,,14.102,0.027,13.723,0.027,13.533,0.032,5181,124,124,4.569,0.04,0.048,-0.123,0.16,0.28,0.786,0.066,0.072,0.846,0.059,0.083,1.686,0.318,0.316,836.9,118.7,87.57,0.036,0.01,0.008,,,
1359,1359,1359,211935052,08 40 13.421,+19 15 04.29,1,14.485,,,547-045681,08401340+1915041,,STAR,gri,lam,-7.6,2.8,-14.9,9.5,,,15.627,0.061,14.685,0.04,,,15.088,0.01,14.442,0.01,14.226,0.08,,,13.148,0.022,12.633,0.023,12.543,0.028,5263,106,106,3.71,0.025,0.14,-0.628,0.12,0.18,2.266,0.307,0.117,0.933,0.065,0.043,0.081,0.01,0.03,1572,193.5,88.64,0.034,0.009,0.009,,,
1360,1360,1360,211935074,09 04 52.944,+19 15 05.27,1,17.221,,,,09045294+1915052,5112-301-4-0179-0263,EXTENDED,gri,,-6,2,2,2,,,,,,,20.163,0.076,18.252,0.008,17.219,0.006,16.779,0.006,16.407,0.014,15.651,0.075,15.046,0.075,14.632,0.094,,,,,,,,,,,,,,,,,,,,,,,,,,,
1361,1361,1361,211935109,08 46 17.849,+19 15 06.92,1,17.053,,,,08461784+1915069,5071-301-4-0118-0183,EXTENDED,gri,,2,2,-2,2,,,,,,,19.236,0.044,17.856,0.007,17.148,0.006,16.709,0.006,16.426,0.015,15.961,0.105,15.392,0.123,14.796,0.121,,,,,,,,,,,,,,,,,,,,,,,,,,,
1362,1362,1362,211935118,08 46 00.078,+19 15 07.29,1,14.664,,,547-045908,08460007+1915074,5071-301-4-0117-0088,STAR,gri,rpm,9.7,3.9,-19.7,4.2,,,16.01,0.01,14.98,0.07,,,15.484,0.02,14.619,0.01,14.312,0.04,,,13.192,0.025,12.691,0.024,12.617,0.023,4820,96,77,4.622,0.03,0.036,-0.097,0.16,0.24,0.702,0.05,0.056,0.762,0.047,0.065,2.154,0.353,0.304,445,43.83,39.9,0.032,0.011,0.008,,,
1363,1363,1363,211935130,08 56 07.075,+19 15 07.85,1,13.544,,,547-046291,08560708+1915078,,STAR,gri,rpm,-18.4,1.7,-64.1,2.5,,,14.996,0.06,13.932,0.035,,,14.477,0.04,13.514,0.02,13.144,0.01,,,11.804,0.02,11.24,0.021,11.115,0.02,4480,89,53,4.73,0.1,0.05,-0.454,0.25,0.45,0.549,0.066,0.103,0.61,0.052,0.114,3.391,2.185,0.747,156.1,47.31,9.609,0.022,0.005,0.002,,,
1364,1364,1364,211935240,08 45 59.168,+19 15 12.70,1,16.935,,,,08455916+1915126,5071-301-4-0117-0315,STAR,gri,rpm,-41,3,-9,3,,,,,,,21.451,0.109,18.996,0.009,17.538,0.006,16.051,0.005,15.235,0.006,13.767,0.027,13.145,0.028,12.88,0.035,3551,56,85,5.04,0.063,0.035,-0.066,0.15,0.15,0.246,0.025,0.043,0.235,0.039,0.046,15.82,6.167,2.6,129.2,14.11,21.98,0.02,0.011,0.005,,,
1365,1365,1365,211935270,09 14 37.110,+19 15 13.99,1,18.479,,,,09143711+1915139,5112-301-2-0194-0013,STAR,gri,,1,3,3,3,,,,,,,18.875,0.019,18.504,0.008,18.471,0.009,18.598,0.011,18.507,0.031,16.985,0.138,,,,,,,,,,,,,,,,,,,,,,,,,,,,,,,
1366,1366,1366,211935310,09 04 16.099,+19 15 16.34,1,17.777,,,,09041609+1915163,5112-301-4-0178-0211,EXTENDED,gri,,4,3,0,3,,,,,,,20.647,0.112,18.898,0.012,17.777,0.008,17.297,0.008,16.906,0.02,16.28,0.111,15.443,0.09,15.066,0.106,,,,,,,,,,,,,,,,,,,,,,,,,,,
1367,1367,1367,211935353,08 55 39.792,+19 15 18.46,1,12.632,,,547-046272,08553979+1915184,,STAR,gri,rpm,-4.3,1.4,-6.3,1.5,,,13.743,0.04,12.877,0.01,,,13.255,0.05,12.633,0.041,12.364,0.03,,,11.214,0.02,10.749,0.021,10.661,0.021,5086,101,81,2.642,0.714,0.306,-0.737,0.2,0.36,6.949,3.396,3.598,0.922,0.09,0.045,0.002,0.024,0.002,1875,737,1010,0.034,0.016,0.008,,,
1368,1368,1368,211935386,09 11 35.721,+19 15 20.16,1,18.857,,,,09113572+1915201,5080-301-3-0164-0271,STAR,gri,col,,,,,,,,,,,23.008,0.337,21.535,0.046,19.928,0.019,17.71,0.007,16.481,0.008,14.737,0.032,14.068,0.033,13.782,0.039,3303,190,163,5.172,0.02,0.036,-0.232,0.24,0.24,0.16,0.019,0.007,0.141,0.022,0.007,33.45,2.807,5.883,120.7,26.57,12.63,0.019,0.007,0.005,,,
1369,1369,1369,211935414,09 02 14.923,+19 15 21.70,1,15.182,,,547-046490,09021492+1915215,5061-301-1-0143-0232,STAR,gri,rpm,-18,4.5,-8.1,4.7,,,17.491,0.13,15.878,0.062,,,16.722,0.064,15.413,0.062,14.521,0.08,,,12.969,0.023,12.316,0.023,12.115,0.02,3791,69,138,4.905,0.072,0.048,0.054,0.08,0.1,0.373,0.042,0.065,0.407,0.061,0.073,7.569,3.197,1.345,153.9,27.74,30.51,0.021,0.003,0.004,,,
1370,1370,1370,211935443,08 38 58.323,+19 15 23.28,1,12.14,,,547-045609,08385832+1915232,,STAR,gri,rpm,-9,0.9,-6.5,1.3,,,13.179,0.01,12.331,0.01,,,12.715,0.01,12.092,0.01,11.894,0.02,,,10.849,0.021,10.439,0.021,10.341,0.016,5280,83,104,2.501,2.025,0.105,-0.707,0.6,0.25,8.686,1.227,7.85,0.907,0.219,0.022,0.001,1.479,4.00E-04,1863,305.8,1652,0.035,0.009,0.011,,,
1371,1371,1371,211935447,08 55 28.963,+19 15 23.42,1,16.378,,,,08552896+1915234,,STAR,JHK,col,,,,,,,,,,,,,,,,,,,,,14.133,0.024,13.547,0.031,13.277,0.032,3592,149,209,5.018,0.09,0.075,-0.056,0.15,0.18,0.247,0.07,0.064,0.247,0.102,0.085,14.77,9.518,5.012,157.4,56.91,48.72,0.02,0.008,0.007,,,
1372,1372,1372,211935470,08 47 12.949,+19 15 24.47,1,12.407,,1396-1651-1,547-045956,08471293+1915246,,STAR,gri,rpm,17.8,2.4,-26.7,2.6,,,12.817,0.255,12.867,0.285,,,12.81,0.01,12.387,0.01,12.235,0.03,,,11.333,0.026,11.026,0.032,10.971,0.02,5934,94,94,4.371,0.085,0.306,-0.306,0.25,0.25,1.044,0.431,0.114,0.96,0.104,0.074,0.814,0.284,0.52,369.6,142.5,46.95,0.03,0.008,0.006,,,
1373,1373,1373,211935495,08 46 34.868,+19 15 26.03,1,16.816,,,,08463486+1915260,5071-301-4-0118-0266,STAR,gri,rpm,-38,3,-16,3,,,,,,,21.065,0.081,18.806,0.008,17.381,0.006,15.963,0.005,15.199,0.005,13.753,0.025,13.125,0.026,12.873,0.025,3579,85,42,5.013,0.025,0.03,0.024,0.1,0.2,0.264,0.03,0.02,0.268,0.038,0.027,14.18,1.73,2.386,141.6,21.28,14.12,0.021,0.01,0.005,,,
1374,1374,1374,211935514,09 08 33.361,+19 15 26.66,1,13.968,,,547-046703,09083335+1915267,,STAR,gri,rpm,19.8,4.8,-11.5,5.1,,,15.331,0.01,14.328,0.06,,,14.814,0.04,13.929,0.02,13.605,0.04,,,12.444,0.022,11.914,0.031,11.818,0.023,4782,76,76,4.636,0.02,0.036,-0.08,0.12,0.21,0.693,0.058,0.039,0.763,0.05,0.05,2.257,0.264,0.345,304.2,34.3,19.65,0.032,0.013,0.009,,,
1375,1375,1375,211935518,08 41 54.364,+19 15 26.70,1,11.181,,1395-2212-1,547-045755,08415437+1915266,,STAR,gri,rpm,-37,1.4,-11.5,1.4,,,11.905,0.163,11.338,0.133,,,11.683,0.02,11.155,0.01,10.966,0.05,,,10.026,0.022,9.732,0.024,9.643,0.019,5729,114,91,4.415,0.078,0.507,0.032,0.15,0.21,1.027,0.917,0.113,1.04,0.133,0.074,0.926,0.253,0.778,192.9,165.3,27.65,0.024,0.01,0.007,,,
1376,1376,1376,211935526,08 58 03.462,+19 15 27.23,1,16.267,,,547-046367,08580348+1915270,5071-301-1-0135-0266,STAR,JHK,rpm,-85.3,19.4,1.2,19.3,,,,,,,,,,,,,,,,,14.058,0.024,13.454,0.026,13.213,0.031,3598,180,180,5.021,0.084,0.07,-0.14,0.2,0.24,0.242,0.081,0.061,0.246,0.103,0.074,15.01,9.331,4.977,150.1,59.02,42.36,0.02,0.008,0.005,,,
1377,1377,1377,211935558,08 38 37.481,+19 15 28.66,1,16.308,,,,08383748+1915286,5061-301-6-0109-0289,STAR,gri,rpm,-36,3,-12,3,,,,,,,20.635,0.055,18.288,0.007,16.86,0.005,15.46,0.004,14.715,0.004,13.323,0.022,12.594,0.021,12.397,0.022,3889,46,77,4.876,0.065,0.025,-0.042,0.1,0.16,0.409,0.021,0.068,0.464,0.023,0.089,6.704,2.636,0.784,203.6,17.6,34.65,0.033,0.009,0.009,,,
1378,1378,1378,211935603,09 10 16.344,+19 15 31.50,1,18.665,,,,,5112-301-3-0187-0100,STAR,gri,,-1,3,7,3,,,,,,,18.676,0.018,18.464,0.007,18.732,0.01,19.005,0.014,19.285,0.058,,,,,,,,,,,,,,,,,,,,,,,,,,,,,,,,,
1379,1379,1379,211935617,08 50 30.390,+19 15 32.48,1,15.001,,,547-046088,08503040+1915324,5071-301-3-0124-0055,STAR,gri,rpm,-5.2,2.8,-6.5,3.1,,,16.042,0.01,15.198,0.03,,,15.566,0.01,15.01,0.05,14.76,0.17,,,13.651,0.025,13.181,0.026,13.085,0.029,5276,152,152,3.664,0.888,0.666,-0.758,0.54,0.45,1.874,2.132,1.193,0.866,0.04,0.088,0.08,1.653,0.072,1628,1657,1060,0.033,0.008,0.006,,,
1380,1380,1380,211935686,09 05 13.314,+19 15 36.50,1,12.471,,,547-046590,09051332+1915365,,STAR,gri,rpm,-6.6,1.2,-9.8,0.5,,,13.127,0.02,12.551,0.05,,,12.763,0.03,12.428,0.02,12.347,0.2,,,11.476,0.022,11.217,0.021,11.172,0.018,6270,124,124,4.149,0.145,0.145,-0.232,0.2,0.32,1.393,0.345,0.234,1.123,0.167,0.195,0.345,0.241,0.142,550.8,134.4,108,0.032,0.008,0.006,,,
1381,1381,1381,211935688,08 55 00.546,+19 15 36.56,1,12.818,,,547-046249,08550054+1915367,,STAR,gri,rpm,-12.1,1.4,-36.4,3,,,13.823,0.04,13.032,0.03,,,13.361,0.05,12.802,0.01,12.585,0.02,,,11.531,0.023,11.132,0.025,11.103,0.02,5381,107,85,4.527,0.048,1.04,-0.333,0.25,0.7,0.831,1.922,0.073,0.859,0.053,0.074,1.43,0.354,1.391,291.6,656.3,30.51,0.031,0.005,0.008,,,
1382,1382,1382,211935709,08 41 18.458,+19 15 37.60,1,10.089,,1395-2210-2,547-045728,,,STAR,BV,,,,,,,,10.719,0.059,10.176,0.05,,,,,,,,,,,,,,,,,,,,,,,,,,,,,,,,,,,,,,,,,,,
1383,1383,1383,211935711,08 39 36.434,+19 15 37.83,1,13.829,,,547-045644,08393643+1915378,,STAR,gri,lam,-32.9,2.6,-9,3.6,,,15.79,0.02,14.381,0.01,,,15.114,0.03,13.787,0.02,13.278,0.05,,,11.809,0.02,11.182,0.021,11.01,0.018,4072,123,147,4.8,0.07,0.035,-0.064,0.1,0.12,0.478,0.044,0.07,0.543,0.05,0.08,4.663,1.774,0.694,127.8,20.98,23.44,0.017,0.007,0.004,,,
1384,1384,1384,211935741,08 41 18.396,+19 15 39.59,1,8.059,,1395-2210-1,547-045727,08411840+1915394,,STAR,BV,plx,-36.7,1.1,-10.6,1.1,,,8.262,0.017,8.028,0.013,,,,,,,,,,,7.426,0.018,7.347,0.044,7.293,0.023,7629,722,601,3.866,0.11,0.154,0.001,0.15,0.15,2.652,0.566,0.342,2,0.169,0.169,0.096,0.044,0.04,199.9,27.7,27.7,0.023,0.009,0.005,,,
1385,1385,1385,211935787,08 57 48.636,+19 15 42.16,1,13.447,,,547-046351,08574864+1915421,,STAR,gri,rpm,-13.9,2.8,-13.8,3,,,14.77,0.04,13.776,0.034,,,14.257,0.03,13.435,0.043,13.1,0.01,,,11.877,0.018,11.381,0.017,11.285,0.018,4899,79,98,4.595,0.042,1.05,-0.069,0.16,0.28,0.754,2.526,0.063,0.815,0.137,0.076,1.884,0.355,1.84,273.2,865.8,36.35,0.028,0.013,0.008,,,
1386,1386,1386,211935790,08 56 11.208,+19 15 42.26,1,13.355,,,547-046293,08561121+1915422,,STAR,gri,rpm,-0.7,1.5,-5.7,1.6,,,14.644,0.02,13.653,0.01,,,14.095,0.03,13.326,0.01,13.038,0.01,,,11.863,0.02,11.39,0.021,11.278,0.022,4936,60,60,3.18,0.355,0.852,-0.343,0.2,0.28,4.157,6.085,1.398,1.028,0.204,0.146,0.013,0.029,0.012,1514,1845,497.6,0.034,0.013,0.007,,,
1387,1387,1387,211935797,08 50 15.306,+19 15 42.80,1,14.447,,,547-046076,08501532+1915427,,STAR,gri,rpm,-16.7,3.5,-0.4,4.2,,,15.462,0.05,14.615,0.03,,,14.996,0.01,14.404,0.049,14.211,0.02,,,13.158,0.023,12.702,0.021,12.614,0.022,5260,125,83,4.55,0.05,1.04,-0.472,0.35,0.42,0.802,1.916,0.087,0.844,0.063,0.095,1.548,0.493,1.507,570.3,1301,87.13,0.031,0.01,0.007,,,
1388,1388,1388,211935805,09 08 25.294,+19 15 43.11,1,18.453,,,,09082529+1915431,,STAR,J,,,,,,,,,,,,,,,,,,,,,,16.884,0.155,15.818,0.153,,,,,,,,,,,,,,,,,,,,,,,,,,,,,
1389,1389,1389,211935845,08 46 31.056,+19 15 45.58,1,18.048,,,,,5071-301-4-0118-0244,EXTENDED,gri,,-2,3,2,3,,,,,,,20.473,0.097,18.78,0.011,18.079,0.01,17.734,0.01,17.513,0.028,,,,,,,,,,,,,,,,,,,,,,,,,,,,,,,,,
1390,1390,1390,211935903,09 08 21.462,+19 15 48.28,1,12.748,,,547-046695,09082145+1915483,,STAR,gri,rpm,-21.1,2.6,-46.6,3.2,,,14.439,0.04,13.242,0.02,,,13.851,0.02,12.704,0.01,12.275,0.03,,,10.905,0.022,10.295,0.028,10.147,0.02,4230,84,50,4.745,0.036,0.03,-0.056,0.15,0.18,0.55,0.03,0.05,0.62,0.027,0.06,3.604,0.699,0.429,118.3,13.82,23.45,0.016,0.004,0.002,,,
1391,1391,1391,211935936,09 05 53.127,+19 15 50.20,1,16.669,,,,09055312+1915502,5112-301-4-0181-0201,EXTENDED,gri,,-3,2,-2,2,,,,,,,19.496,0.052,17.639,0.006,16.704,0.005,16.254,0.005,15.935,0.011,15.502,0.074,14.932,0.101,14.424,0.087,,,,,,,,,,,,,,,,,,,,,,,,,,,
1392,1392,1392,211935953,08 59 28.993,+19 15 51.30,1,17.302,,,,08592899+1915513,5071-301-1-0137-0188,STAR,gri,rpm,-17,3,-75,3,,,,,,,21.658,0.129,18.99,0.01,17.559,0.006,16.579,0.005,16.041,0.007,14.785,0.031,14.185,0.037,14.015,0.041,3494,34,34,5.058,0.02,0.02,0,0.08,0.06,0.227,0.012,0.007,0.214,0.017,0.009,18.28,1.097,1.609,194.9,5.846,18.45,0.024,0.012,0.005,,,
1393,1393,1393,211936003,08 52 25.491,+19 15 53.58,1,15.986,,,547-046159,08522549+1915538,5061-301-3-0129-0260,STAR,JHK,rpm,-62.7,4.7,13.1,4.6,,,,,,,,,,,,,,,,,13.861,0.029,13.213,0.027,13.041,0.03,3965,242,201,4.887,0.075,0.075,-0.338,0.25,0.25,0.38,0.081,0.067,0.428,0.075,0.09,7.512,3.548,2.41,249.6,63.18,59.21,0.028,0.008,0.007,,,
1394,1394,1394,211936024,08 57 56.046,+19 15 54.75,1,16.029,,,547-046360,08575605+1915548,5061-301-2-0137-0067,STAR,gri,rpm,-24.2,6.4,-59.8,6.2,,,18.299,0.162,16.506,0.08,,,17.267,0.1,16.094,0.077,15.499,0.109,,,14.144,0.026,13.436,0.026,13.264,0.027,4016,166,95,4.839,0.056,0.04,-0.193,0.16,0.24,0.432,0.04,0.05,0.491,0.043,0.064,5.689,1.674,0.847,336.1,40.15,49.11,0.028,0.008,0.006,,,
1395,1395,1395,211936038,09 08 21.789,+19 15 55.52,1,18.289,,,,09082178+1915555,5080-301-4-0160-0012,STAR,gri,col,,,,,,,,,,,24.251,0.708,20.661,0.026,18.973,0.011,17.273,0.006,16.442,0.009,14.904,0.06,14.285,0.062,13.936,0.068,2978,29,29,5.201,0.02,0.02,0.046,0.12,0.1,0.144,0.003,0.003,0.12,0.002,0.002,40.24,2.414,2.414,104.1,7.19,11.79,0.015,0.006,0.005,,,
1396,1396,1396,211936049,08 41 53.352,+19 15 55.83,1,18.38,,,,08415335+1915558,5071-301-5-0111-0267,STAR,gri,rpm,-32,4,-10,4,,,,,,,24.635,0.785,20.918,0.031,19.012,0.011,17.293,0.006,16.372,0.008,14.762,0.033,14.238,0.037,13.887,0.049,3527,134,161,5.039,0.065,0.065,-0.027,0.15,0.15,0.232,0.053,0.043,0.23,0.076,0.066,16.99,7.287,5.099,196.6,63.77,48.15,0.021,0.008,0.007,,,
1397,1397,1397,211936067,08 41 39.027,+19 15 56.78,1,12.734,,,547-045746,08413902+1915568,,STAR,gri,rpm,-38.3,2.1,-7.7,2.3,,,14.177,0.02,13.089,0.01,,,13.641,0.033,12.674,0.02,12.346,0.05,,,11.205,0.022,10.674,0.02,10.574,0.021,4716,47,95,4.621,0.028,0.02,0.047,0.09,0.18,0.711,0.022,0.045,0.78,0.016,0.057,2.13,0.316,0.142,174.1,17.68,16.05,0.026,0.007,0.008,,,
1398,1398,1398,211936076,09 09 05.533,+19 15 57.25,1,16.671,,,,09090553+1915572,5112-301-3-0185-0209,EXTENDED,gri,,1,2,-5,2,,,,,,,19.252,0.044,17.624,0.006,16.723,0.005,16.262,0.005,15.909,0.011,15.449,0.075,14.745,0.095,14.266,0.078,,,,,,,,,,,,,,,,,,,,,,,,,,,
1399,1399,1399,211936151,09 02 17.987,+19 16 01.44,1,13.701,,,547-046491,09021799+1916013,,STAR,gri,rpm,2.8,2.4,-3.7,1.9,,,15.07,0.053,14.018,0.01,,,14.563,0.01,13.685,0.01,13.332,0.03,,,12.037,0.023,11.499,0.021,11.384,0.02,4717,75,94,2.626,0.845,1.014,-0.315,0.3,0.96,7.419,15.957,4.151,0.941,0.245,0.175,0.001,0.02,0.001,2688,5519,1350,0.036,0.01,0.008,,,
1400,1400,1400,211936162,08 38 13.066,+19 16 01.93,1,12.813,,,547-045577,08381306+1916020,,STAR,gri,rpm,-2.4,1.6,-4.8,2,,,13.939,0.02,13.051,0.01,,,13.472,0.01,12.774,0.01,12.53,0.01,,,11.419,0.026,10.961,0.032,10.878,0.022,5044,60,101,2.608,0.91,0.35,-0.58,0.28,0.2,6.998,3.643,4.214,0.948,0.067,0.048,0.002,0.039,0.002,2019,946.8,1217,0.033,0.007,0.007,,,
1401,1401,1401,211936168,08 41 45.493,+19 16 02.24,1,10.075,,1395-2196-1,547-045750,08414549+1916023,,STAR,gri,plx,-36.8,1.1,-11,1.1,,,10.555,0.051,10.057,0.044,,,10.377,0.01,10.015,0.01,9.946,0.03,,,9.223,0.02,9.029,0.02,8.933,0.019,6299,100,100,4.298,0.04,0.064,0.015,0.12,0.15,1.281,0.095,0.074,1.21,0.064,0.077,0.559,0.09,0.119,177.9,16.49,16.49,0.022,0.007,0.006,,,
1402,1402,1402,211936199,08 42 12.858,+19 16 03.84,1,12.999,,,547-045774,08421285+1916040,,STAR,gri,rpm,-36.8,2.3,-15.1,2.9,,,14.672,0.02,13.453,0.01,,,14.104,0.01,12.967,0.03,12.526,0.05,,,11.219,0.022,10.627,0.021,10.481,0.014,4299,68,51,4.733,0.045,0.025,-0.016,0.12,0.24,0.562,0.04,0.055,0.634,0.045,0.063,3.467,0.798,0.447,125,19.05,12.05,0.017,0.01,0.005,,,
1403,1403,1403,211936264,08 54 19.628,+19 16 07.17,1,17.448,,,,08541962+1916071,5071-301-2-0129-0246,EXTENDED,gri,,4,2,4,2,,,,,,,19.456,0.05,18.293,0.009,17.501,0.007,17.086,0.007,16.833,0.018,16.396,0.123,15.794,0.16,15.112,0.138,,,,,,,,,,,,,,,,,,,,,,,,,,,
1404,1404,1404,211936271,09 11 17.477,+19 16 07.61,1,14.257,,,547-046780,09111749+1916076,,STAR,gri,rpm,-17.4,3.2,-1,3.4,,,15.627,0.05,14.61,0.03,,,15.081,0.01,14.25,0.02,13.904,0.05,,,12.741,0.022,12.203,0.022,12.068,0.02,4826,56,131,4.631,0.15,0.03,-0.236,0.2,0.88,0.688,0.062,0.185,0.747,0.072,0.193,2.202,2.161,0.31,354.2,39.21,104.6,0.031,0.006,0.004,,,
1405,1405,1405,211936334,09 09 19.979,+19 16 12.03,1,12.684,,,547-046727,09091997+1916121,,STAR,gri,lam,8.9,2,6.7,2.6,,,13.444,0.01,12.862,0.03,,,13.073,0.04,12.676,0.01,12.517,0.02,,,11.61,0.023,11.299,0.034,11.227,0.02,5954,145,97,4.08,0.333,0.185,-0.579,0.15,0.21,1.39,0.397,0.505,0.9,0.099,0.082,0.299,0.696,0.146,556.6,131.3,207.3,0.031,0.011,0.006,,,
1406,1406,1406,211936353,09 05 59.611,+19 16 13.18,1,17.806,,,,09055961+1916131,,STAR,J,col,,,,,,,,,,,,,,,,,,,,,16.288,0.113,15.732,0.176,15.135,0.152,3817,620,344,4.953,0.125,0.225,-0.219,0.24,0.36,0.325,0.226,0.133,0.341,0.255,0.159,9.797,10.44,6.248,625.8,643.7,278.7,0.032,0.01,0.008,,,
1407,1407,1407,211936368,09 02 17.119,+19 16 13.89,1,18.948,,,,,5061-301-1-0143-0116,STAR,gri,,-3,3,-3,3,,,,,,,19.18,0.021,19.152,0.01,18.88,0.01,18.749,0.012,18.783,0.04,,,,,,,,,,,,,,,,,,,,,,,,,,,,,,,,,
1408,1408,1408,211936384,09 08 47.381,+19 16 14.46,1,12.993,,,547-046711,09084738+1916145,,STAR,gri,rpm,-8.4,2.4,-0.4,3,,,13.835,0.02,13.155,0.03,,,13.416,0.04,12.967,0.041,12.812,0.02,,,11.978,0.027,11.588,0.031,11.534,0.021,5743,135,169,4.095,0.42,0.36,-0.339,0.25,0.4,1.409,0.683,0.577,0.964,0.12,0.1,0.272,0.851,0.173,656.5,278.5,270.3,0.032,0.008,0.006,,,
1409,1409,1409,211936457,08 43 56.657,+19 16 18.08,1,19.185,,,,08435665+1916180,5037-301-1-0119-0316,STAR,gri,rpm,-32,5,-12,5,,,,,,,24.404,0.584,21.641,0.047,19.985,0.019,18.133,0.009,17.148,0.011,15.432,0.059,14.935,0.081,14.611,0.079,2916,29,29,5.213,0.02,0.02,0.233,0.05,0.3,0.138,0.003,0.003,0.114,0.002,0.002,42.94,2.576,2.576,117.7,3.531,3.531,0.014,0.008,0.002,,,
1410,1410,1410,211936465,08 41 43.800,+19 16 18.91,1,12.908,,,547-045748,08414380+1916189,,STAR,gri,rpm,-4.7,2.2,17.9,2.4,,,13.596,0.01,13.032,0.01,,,13.258,0.01,12.917,0.03,12.758,0.11,,,11.952,0.02,11.661,0.02,11.62,0.021,6193,98,98,4.21,0.12,0.168,-0.528,0.3,0.3,1.233,0.311,0.162,0.958,0.172,0.095,0.469,0.281,0.218,595,158.2,81.52,0.032,0.008,0.008,,,
1411,1411,1411,211936504,08 55 22.491,+19 16 20.79,1,12.697,,,547-046261,08552249+1916208,,STAR,gri,rpm,-14.5,1,-2.6,1.3,,,13.378,0.05,12.817,0.031,,,13.016,0.04,12.702,0.01,12.561,0.03,,,11.718,0.022,11.488,0.022,11.396,0.021,6254,100,100,4.197,0.11,0.154,-0.287,0.25,0.35,1.326,0.293,0.176,1.1,0.129,0.18,0.435,0.216,0.188,579,121.6,85.05,0.035,0.01,0.008,,,
1412,1412,1412,211936581,08 45 14.095,+19 16 24.81,1,18.072,,,,08451409+1916248,,STAR,JHK,col,,,,,,,,,,,,,,,,,,,,,15.837,0.099,15.262,0.117,14.984,0.142,3981,715,397,4.878,0.155,0.217,-0.263,0.25,0.35,0.37,0.209,0.134,0.42,0.247,0.206,5.972,10.4,3.395,670.2,589.3,313.6,0.032,0.008,0.007,,,
1413,1413,1413,211936649,08 55 51.050,+19 16 28.44,1,15.086,,,547-046279,08555106+1916282,5071-301-2-0132-0146,STAR,JHK,rpm,76.6,5.5,-85,5.3,,,,,,,,,,,,,,,,,13.12,0.021,12.557,0.023,12.347,0.022,3605,145,203,5.018,0.09,0.05,-0.109,0.2,0.28,0.251,0.047,0.061,0.253,0.068,0.082,14.64,8.943,3.407,104.7,27.34,30.77,0.014,0.005,0.005,,,
1414,1414,1414,211936687,08 46 40.320,+19 16 30.41,1,17.981,,,,08464032+1916304,5071-301-4-0118-0154,STAR,gri,rpm,-38,3,-18,3,,,,,,,22.186,0.187,20.18,0.017,18.681,0.009,17.038,0.006,16.156,0.008,14.655,0.04,14.031,0.043,13.702,0.031,3435,147,105,5.097,0.03,0.042,-0.078,0.12,0.18,0.199,0.03,0.02,0.185,0.035,0.026,22.26,4.75,4.497,155.7,28.58,20.4,0.021,0.007,0.005,,,
1415,1415,1415,211936696,08 39 44.665,+19 16 30.77,1,9.167,,1395-2198-1,547-045651,08394466+1916308,,STAR,gri,,-34.7,1.3,-12.9,1.3,,,7.823,0.015,7.631,0.012,,,,,8.965,0.04,7.958,0.11,,,7.226,0.018,,,,,,,,,,,,,,,,,,,,,,,,,,,,,,,
1416,1416,1416,211936748,09 07 47.719,+19 16 33.18,1,13.853,,,547-046679,09074771+1916332,,STAR,JHK,rpm,3.3,4,-4,4.4,,,,,,,,,,,,,,,,,12.271,0.023,11.706,0.027,11.629,0.021,4820,113,142,2.894,1.545,0.618,-0.38,0.35,0.42,5.404,5.114,4.585,0.954,0.203,0.145,0.004,0.795,0.004,2447,1633,2059,0.033,0.01,0.007,,,
1417,1417,1417,211936768,08 47 15.680,+19 16 34.27,1,14.267,,,547-045959,08471567+1916342,,STAR,gri,lam,1.7,2.6,-3.7,2.6,,,15.207,0.02,14.449,0.03,,,14.796,0.01,14.259,0.02,14.04,0.04,,,13.04,0.026,12.588,0.032,12.471,0.025,5117,122,122,2.925,0.195,0.39,-0.958,0.12,0.18,5.401,3.163,1.201,0.89,0.018,0.018,0.005,0.005,0.004,3369,1919,734.6,0.035,0.01,0.01,,,
1418,1418,1418,211936772,08 50 14.658,+19 16 34.37,1,8.863,,1396-1855-1,547-046075,08501465+1916343,,STAR,gri,plx,-48.4,1,-9.8,0.9,,,9.434,0.025,8.801,0.018,,,9.788,0.1,9.334,0.12,8.467,0.01,,,7.617,0.026,7.34,0.027,7.273,0.024,5929,120,120,4.411,0.03,0.048,-0.108,0.2,0.24,1.045,0.044,0.042,1.04,0.065,0.104,0.891,0.097,0.104,65.84,2.442,2.442,0.01,0.004,0.002,,,
1419,1419,1419,211936780,08 58 25.906,+19 16 34.65,1,12.232,,,547-046377,08582590+1916347,,STAR,gri,lam,8.7,0.9,4.3,1.4,,,13.121,0.03,12.41,0.031,,,12.717,0.02,12.238,0.01,12.024,0.01,,,11.01,0.022,10.63,0.021,10.56,0.022,5602,134,167,4.506,0.042,0.049,-0.225,0.12,0.12,0.858,0.086,0.044,0.884,0.075,0.062,1.344,0.178,0.252,239.7,30.99,20.89,0.026,0.008,0.006,,,
1420,1420,1420,211936800,08 40 27.924,+19 16 35.46,1,18.216,,,,08402792+1916354,5037-301-2-0114-0430,STAR,gri,,,,,,,,,,,,24.635,0.805,19.19,0.011,18.156,0.008,17.798,0.008,18.039,0.02,16.584,0.166,,,,,,,,,,,,,,,,,,,,,,,,,,,,,,,
1421,1421,1421,211936827,08 42 11.498,+19 16 37.21,1,11.9,,,547-045772,08421149+1916373,,STAR,gri,rpm,-37.6,1.3,-11.6,1.3,,,13.06,0.041,12.143,0.01,,,12.583,0.01,11.853,0.03,11.607,0.07,,,10.66,0.022,10.242,0.019,10.173,0.016,5185,83,146,4.547,0.045,0.072,0.017,0.12,0.24,0.827,1.339,0.074,0.895,0.029,0.087,1.493,0.269,1.411,187.7,279.5,17.3,0.025,0.007,0.004,,,
1422,1422,1422,211936836,09 08 12.136,+19 16 37.53,1,19.813,,,,,5080-301-4-0159-0302,STAR,gri,,1,3,-2,3,,,,,,,20.015,0.037,19.828,0.014,19.808,0.017,19.597,0.021,19.481,0.064,,,,,,,,,,,,,,,,,,,,,,,,,,,,,,,,,
1423,1423,1423,211936861,09 02 31.459,+19 16 39.05,1,12.961,,,547-046499,09023146+1916391,,STAR,gri,lam,-32.2,5.5,-47.2,2.2,,,14.735,0.04,13.46,0.01,,,14.149,0.02,12.959,0.041,12.452,0.06,,,11.051,0.023,10.433,0.025,10.279,0.02,4224,84,50,4.947,0.036,0.078,-0.823,0.21,0.15,0.345,0.071,0.025,0.389,0.083,0.031,9.256,1.519,2.926,73.6,10.9,12.38,0.012,0.002,0.002,,,
1424,1424,1424,211936869,08 41 27.598,+19 16 39.39,1,14.901,,,547-045733,08412760+1916395,,STAR,JHK,rpm,-35.1,3.9,-7.9,3.8,,,,,,,,,,,,,,,,,12.593,0.022,11.924,0.023,11.717,0.023,4013,192,160,4.823,0.06,0.07,-0.032,0.15,0.21,0.45,0.075,0.056,0.51,0.093,0.067,5.383,1.616,1.59,169.7,42.96,25.26,0.022,0.009,0.005,,,
1425,1425,1425,211936871,08 50 25.845,+19 16 39.49,1,18.523,,,,,5071-301-3-0124-0050,STAR,gri,,21,3,-16,3,,,,,,,18.628,0.017,18.34,0.007,18.584,0.009,18.866,0.012,19.22,0.049,,,,,,,,,,,,,,,,,,,,,,,,,,,,,,,,,
1426,1426,1426,211936878,08 40 02.491,+19 16 39.73,1,16.048,,,,08400249+1916397,,STAR,JHK,col,,,,,,,,,,,,,,,,,,,,,14.025,0.028,13.401,0.027,13.235,0.038,4065,367,275,4.841,0.095,0.133,-0.176,0.2,0.28,0.44,0.143,0.092,0.496,0.157,0.135,5.633,3.193,2.629,308.4,156,78.2,0.029,0.01,0.007,,,
1427,1427,1427,211936906,08 40 27.440,+19 16 40.94,1,11.017,,,547-045692,08402743+1916409,,STAR,gri,rpm,-32.5,0.7,-12.2,0.9,,,11.822,0.02,11.148,0.01,,,11.436,0.01,10.968,0.02,10.837,0.03,,,10.012,0.023,9.698,0.023,9.655,0.02,5857,94,94,4.325,0.138,0.368,-0.088,0.15,0.21,1.127,0.663,0.161,1.027,0.113,0.08,0.657,0.36,0.48,208.7,122.2,33.91,0.026,0.008,0.007,,,
1428,1428,1428,211936963,09 07 46.572,+19 16 43.88,1,12.856,,,547-046677,09074656+1916439,,STAR,gri,rpm,-6.7,2.8,1.3,3.4,,,13.988,0.03,13.134,0.06,,,13.503,0.06,12.876,0.08,12.58,0.01,,,11.591,0.023,11.136,0.028,11.058,0.019,5109,123,154,3.241,0.49,0.882,-0.528,0.35,0.56,3.458,5.806,1.345,0.95,0.23,0.082,0.016,0.068,0.015,1107,1581,430.8,0.032,0.01,0.007,,,
1429,1429,1429,211936988,09 05 24.759,+19 16 45.33,1,9.357,,1404-868-1,547-046597,09052476+1916454,,STAR,BV,plx,-38.2,1,-46.8,1,,,10.063,0.043,9.464,0.035,,,,,,,,,,,8.369,0.021,8.119,0.027,7.996,0.023,5942,149,149,4.419,0.035,0.049,-0.133,0.18,0.33,1.024,0.051,0.048,1.021,0.063,0.125,0.935,0.102,0.109,88.68,4.937,4.937,0.014,0.005,0.004,,,
1430,1430,1430,211936996,09 03 08.823,+19 16 45.74,1,13.447,,,547-046512,09030883+1916456,,STAR,gri,lam,-3.6,1.9,-1,2.1,,,14.227,0.05,13.584,0.02,,,13.873,0.033,13.458,0.01,13.264,0.03,,,12.386,0.027,12.075,0.024,12.063,0.026,5291,84,105,3.308,0.168,0.12,-1.173,0.15,0.15,3.304,0.525,0.536,0.872,0.017,0.017,0.021,0.014,0.007,1653,229.2,262.8,0.031,0.006,0.006,,,
1431,1431,1431,211937058,08 51 36.713,+19 16 49.18,1,15.466,,,547-046129,08513672+1916490,5061-301-3-0128-0052,STAR,gri,rpm,-1.1,2.8,-3.8,3,,,16.734,0.04,15.792,0.02,,,16.209,0.01,15.428,0.07,15.148,0.02,,,13.961,0.026,13.403,0.026,13.322,0.032,4863,95,95,4.618,0.04,1.336,-0.267,0.25,0.3,0.706,3.154,0.069,0.768,0.141,0.088,2.091,0.452,2.075,650.2,3010,78.66,0.034,0.008,0.007,,,
1432,1432,1432,211937102,09 09 32.260,+19 16 51.69,1,15.432,,,547-046734,09093226+1916517,5112-301-3-0186-0051,STAR,gri,rpm,0.2,3.1,0.5,3.5,,,16.798,0.12,15.787,0.03,,,16.266,0.03,15.455,0.01,15.074,0.07,,,13.99,0.028,13.466,0.046,13.335,0.03,4870,95,95,4.615,0.055,1.474,-0.265,0.25,0.4,0.713,4.254,0.095,0.773,0.071,0.106,2.001,0.607,1.994,664.1,3732,106.6,0.035,0.008,0.008,,,
1433,1433,1433,211937226,08 59 16.758,+19 16 57.95,1,12.124,,,547-046403,08591676+1916581,,STAR,gri,lam,16.6,1.4,-23.4,2,,,12.883,0.02,12.254,0.03,,,12.494,0.01,12.127,0.04,11.965,0.03,,,11.094,0.023,10.809,0.021,10.752,0.017,5984,118,118,4.296,0.105,0.189,-0.045,0.1,0.14,1.205,0.34,0.167,1.071,0.09,0.075,0.598,0.247,0.298,372.9,109.3,49.61,0.031,0.008,0.006,,,
1434,1434,1434,211937238,09 14 35.467,+19 16 58.54,1,11.403,,1404-1636-1,547-046876,09143547+1916586,,STAR,gri,rpm,-2.1,1.6,-7.4,1.7,,,11.983,0.104,12.107,0.177,,,11.606,0.02,11.336,0.01,11.246,0.04,,,10.467,0.02,10.269,0.027,10.195,0.017,6556,79,106,4.128,0.11,0.286,-0.019,0.08,0.18,1.632,0.834,0.265,1.355,0.269,0.09,0.295,0.17,0.193,429.8,197.2,73.95,0.034,0.01,0.007,,,
1435,1435,1435,211937241,08 37 55.080,+19 16 58.77,1,11.454,,,547-045561,08375508+1916587,,STAR,gri,rpm,16.4,0.9,4.3,1.2,,,12.359,0.02,11.622,0.02,,,11.932,0.01,11.406,0.02,11.249,0.03,,,10.33,0.027,9.922,0.03,9.893,0.019,5524,130,163,3.722,0.715,1.287,-0.472,0.4,0.72,2.061,6.452,1.212,0.916,0.212,0.044,0.073,0.845,0.072,411.4,966.8,237.9,0.031,0.009,0.011,,,
1436,1436,1436,211937293,08 38 55.269,+19 17 01.72,1,15.036,,,547-045607,08385527+1917017,5061-301-6-0109-0365,STAR,gri,rpm,-34.1,3.6,-11.1,3.7,,,17.257,0.107,15.944,0.063,,,16.734,0.03,15.418,0.05,14.308,0.04,,,12.629,0.021,11.933,0.024,11.741,0.018,3671,103,117,4.926,0.072,0.06,0.16,0.06,0.08,0.345,0.05,0.073,0.374,0.062,0.093,8.975,4.058,2.398,115.7,25.33,28.01,0.017,0.004,0.005,,,
1437,1437,1437,211937315,09 06 34.738,+19 17 02.99,1,14.574,,,547-046641,09063474+1917031,5080-301-4-0157-0035,STAR,gri,rpm,1.8,4.7,-1.3,5.1,,,15.714,0.01,14.838,0.11,,,15.202,0.01,14.539,0.02,14.305,0.04,,,13.235,0.027,12.846,0.032,12.732,0.03,5271,106,127,4.526,0.055,0.913,-0.217,0.24,0.36,0.851,1.764,0.086,0.889,0.111,0.08,1.407,0.364,1.351,630.7,1197,75.02,0.034,0.008,0.008,,,
1438,1438,1438,211937321,08 57 55.191,+19 17 03.13,1,9.024,44022,1397-1728-1,547-046359,08575519+1917031,,STAR,gri,plx,-31.84,1.51,16.56,0.84,6.58,1.14,9.035,0.023,8.659,0.02,,,10.035,0.3,9.168,0.01,8.59,0.06,,,7.907,0.027,7.777,0.021,7.73,0.021,6986,277,332,3.565,0.084,0.035,0.044,0.16,0.1,3.97,0.245,0.49,2.164,0.111,0.178,0.033,0.013,0.005,474.9,152.7,152.7,0.027,0.013,0.005,,,
1439,1439,1439,211937330,08 38 50.785,+19 17 03.40,1,13.059,,,547-045606,08385079+1917033,,STAR,gri,lam,2.8,1.7,-6.5,2.2,,,14.376,0.03,13.331,0.01,,,13.817,0.02,12.999,0.01,12.733,0.02,,,11.539,0.021,11.029,0.023,10.931,0.016,4811,94,75,3.22,0.198,0.165,-0.044,0.1,0.1,4.224,0.89,0.735,1.235,0.098,0.084,0.014,0.011,0.006,1314,226.3,262.1,0.033,0.007,0.005,,,
1440,1440,1440,211937332,08 56 36.951,+19 17 03.56,1,17.877,,,,08563695+1917035,5061-301-2-0135-0197,EXTENDED,gri,,-3,3,-4,3,,,,,,,20.159,0.057,18.746,0.01,17.956,0.008,17.505,0.008,17.177,0.018,16.136,0.094,15.701,0.147,15.273,0.138,,,,,,,,,,,,,,,,,,,,,,,,,,,
1441,1441,1441,211937419,09 06 36.366,+19 17 08.61,1,18.128,,,,09063636+1917086,5080-301-4-0157-0245,STAR,gri,rpm,-2,3,-39,3,,,,,,,23.15,0.451,20.266,0.019,18.754,0.009,17.211,0.006,16.333,0.008,14.819,0.04,14.233,0.05,13.929,0.051,3394,142,81,5.122,0.02,0.048,-0.092,0.15,0.18,0.186,0.031,0.012,0.17,0.032,0.015,25.91,2.829,6.119,150.8,29.84,13.02,0.021,0.006,0.004,,,
1442,1442,1442,211937426,09 15 02.085,+19 17 09.25,1,15.687,,,547-046890,09150206+1917091,5112-301-2-0194-0153,STAR,gri,rpm,-4.5,3.2,4.2,3.5,,,16.722,0.07,15.903,0.062,,,16.246,0.05,15.629,0.04,15.447,0.21,,,14.319,0.03,13.882,0.036,13.805,0.043,5305,157,125,4.552,0.04,0.736,-0.326,0.25,0.4,0.794,1.129,0.07,0.832,0.071,0.086,1.599,0.368,1.487,970.7,1399,107.6,0.034,0.008,0.007,,,
1443,1443,1443,211937431,08 43 44.238,+19 17 09.37,1,15.174,,,547-045835,08434424+1917094,5037-301-1-0119-0099,STAR,gri,lam,-6.5,3.7,-1.2,4,,,16.251,0.06,15.404,0.05,,,15.782,0.02,15.157,0.01,14.913,0.14,,,13.926,0.03,13.55,0.03,13.41,0.037,5391,161,161,4.55,0.03,0.036,-0.217,0.12,0.15,0.804,0.062,0.048,0.838,0.061,0.051,1.58,0.234,0.241,820.7,95.91,72.22,0.033,0.01,0.007,,,
1444,1444,1444,211937449,08 41 59.356,+19 17 10.44,1,14.237,,,547-045759,08415935+1917106,,STAR,gri,lam,-46.3,2.5,-29.3,2.8,,,15.048,0.03,14.413,0.02,,,14.656,0.01,14.268,0.01,14.058,0.03,,,13.229,0.023,12.935,0.026,12.905,0.024,5973,116,139,4.281,0.145,0.261,-0.539,0.15,0.15,1.106,0.467,0.232,0.892,0.057,0.068,0.61,0.426,0.375,906.3,328.7,179.7,0.033,0.01,0.007,,,
1445,1445,1445,211937453,08 41 04.623,+19 17 10.65,1,12.63,,,547-045720,08410462+1917106,,STAR,gri,rpm,-14.8,1.8,-2,1.3,,,13.214,0.01,12.692,0.01,,,12.898,0.031,12.585,0.02,12.515,0.04,,,11.723,0.022,11.476,0.021,11.424,0.018,6325,102,102,4.213,0.09,0.126,-0.262,0.2,0.32,1.322,0.285,0.152,1.121,0.13,0.156,0.448,0.142,0.19,590.3,135.3,80.88,0.033,0.008,0.01,,,
1446,1446,1446,211937468,08 39 15.275,+19 17 11.48,1,15.218,,,547-045628,08391526+1917114,5061-301-6-0110-0368,STAR,JHK,rpm,-31.3,5.1,-15.3,4.9,,,,,,,,,,,,,,,,,13.043,0.022,12.386,0.021,12.208,0.023,4072,223,159,4.816,0.045,0.072,-0.067,0.15,0.24,0.461,0.083,0.045,0.525,0.08,0.057,5.088,1.259,1.436,215.1,50.13,29.9,0.025,0.01,0.008,,,
1447,1447,1447,211937474,08 58 03.893,+19 17 12.07,1,13.977,,,547-046368,08580389+1917120,,STAR,gri,rpm,-4.2,1.8,-5.6,2.6,,,15.292,0.05,14.283,0.038,,,14.734,0.02,13.969,0.02,13.652,0.08,,,12.503,0.022,11.975,0.022,11.889,0.019,4919,78,78,3.146,0.564,0.658,-0.455,0.3,0.42,4.015,4.593,1.749,0.932,0.206,0.092,0.011,0.06,0.01,1874,1817,746.9,0.033,0.01,0.006,,,
1448,1448,1448,211937484,08 39 19.203,+19 17 12.54,1,17.799,,,,08391920+1917125,,STAR,J,col,,,,,,,,,,,,,,,,,,,,,16.281,0.112,15.301,0.116,14.973,0.124,3987,318,382,4.869,0.144,0.12,-0.254,0.25,0.3,0.41,0.119,0.151,0.439,0.153,0.204,6.406,8.542,2.634,819.4,373.2,369.9,0.032,0.01,0.007,,,
1449,1449,1449,211937494,08 43 43.458,+19 17 13.09,1,19.305,,,,,5037-301-1-0119-0198,STAR,gri,,-4,4,-7,4,,,,,,,20.669,0.049,19.499,0.012,19.241,0.012,19.266,0.015,19.168,0.045,,,,,,,,,,,,,,,,,,,,,,,,,,,,,,,,,
1450,1450,1450,211937499,08 45 59.703,+19 17 13.44,1,17.611,,,,08455970+1917134,5071-301-4-0117-0330,EXTENDED,gri,,-2,2,3,2,,,,,,,19.763,0.059,18.247,0.008,17.651,0.007,17.338,0.008,17.098,0.022,16.607,0.171,,,15.334,0.175,,,,,,,,,,,,,,,,,,,,,,,,,,,
1451,1451,1451,211937532,09 09 04.025,+19 17 15.17,1,17.462,,,,,5112-301-3-0185-0305,EXTENDED,gri,,-37,3,-41,3,,,,,,,19.135,0.063,17.96,0.014,17.488,0.012,17.248,0.019,17.128,0.054,,,,,,,,,,,,,,,,,,,,,,,,,,,,,,,,,
1452,1452,1452,211937538,08 56 01.733,+19 17 15.50,1,18.012,,,,08560173+1917155,5061-301-2-0134-0286,STAR,gri,rpm,-44,4,-13,4,,,,,,,22.591,0.244,20.339,0.02,18.811,0.01,17.015,0.006,15.968,0.007,14.351,0.025,13.867,0.038,13.507,0.033,3410,68,68,5.128,0.02,0.04,-0.158,0.21,0.09,0.184,0.02,0.014,0.165,0.022,0.016,26.31,3.483,4.924,120.6,15.27,9.846,0.018,0.006,0.005,,,
1453,1453,1453,211937545,08 46 05.785,+19 17 15.69,1,9.153,,1396-1434-1,547-045910,08460578+1917157,,STAR,gri,rpm,-20.7,1,-6.9,1,,,10.596,0.056,9.456,0.026,,,10.186,0.09,9.654,0.08,8.71,0.03,,,7.421,0.02,6.905,0.026,6.736,0.02,4867,117,97,2.474,0.396,0.108,-0.339,0.3,0.36,10.194,1.066,2.754,1.151,0.78,0.17,0.001,0.002,2.65E-04,446.7,27.56,86.6,0.03,0.007,0.007,,,
1454,1454,1454,211937581,08 52 46.928,+19 17 17.34,1,18.811,,,,08524692+1917173,5061-301-3-0129-0426,STAR,gri,,-36,3,-24,3,,,,,,,23.3,0.396,20.448,0.02,18.963,0.011,18.109,0.009,17.606,0.017,16.379,0.109,15.842,0.133,,,,,,,,,,,,,,,,,,,,,,,,,,,,,
1455,1455,1455,211937592,08 44 36.401,+19 17 17.78,1,19.16,,,,08443640+1917177,5037-301-1-0120-0349,STAR,gri,rpm,-44,5,-14,5,,,,,,,23.863,0.483,21.552,0.044,19.95,0.018,18.135,0.008,17.105,0.011,15.475,0.063,14.763,0.071,14.628,0.093,2917,29,29,5.216,0.02,0.02,0.031,0.2,0.05,0.138,0.003,0.003,0.114,0.002,0.002,43.61,2.617,2.617,121.1,6.408,3.632,0.014,0.005,0.001,,,
1456,1456,1456,211937642,08 54 38.327,+19 17 20.25,1,16.604,,,,08543832+1917202,5071-301-2-0130-0026,EXTENDED,gri,,-3,2,1,2,,,,,,,18.14,0.022,17.066,0.005,16.677,0.005,16.406,0.005,16.28,0.014,16.374,0.125,15.701,0.158,,,,,,,,,,,,,,,,,,,,,,,,,,,,,
1457,1457,1457,211937728,09 05 53.700,+19 17 24.64,1,17.83,,,,09055369+1917246,5112-301-4-0181-0220,EXTENDED,gri,,-4,3,4,3,,,,,,,21.178,0.163,19.061,0.013,17.824,0.008,17.303,0.008,16.922,0.02,16.208,0.1,15.503,0.136,15.127,0.146,,,,,,,,,,,,,,,,,,,,,,,,,,,
1458,1458,1458,211937733,08 38 21.970,+19 17 24.77,1,16.906,,,,08382197+1917247,,STAR,JHK,col,,,,,,,,,,,,,,,,,,,,,14.976,0.04,14.435,0.04,14.214,0.057,3733,713,285,4.973,0.1,0.22,-0.149,0.2,0.32,0.302,0.23,0.09,0.316,0.252,0.126,10.63,8.491,6.935,288.2,309.5,105.5,0.028,0.01,0.008,,,
1459,1459,1459,211937741,08 50 30.753,+19 17 25.28,1,13.395,,,547-046089,08503076+1917252,,STAR,gri,lam,11.7,2,-19.3,2.5,,,14.435,0.03,13.59,0.01,,,14.003,0.01,13.349,0.043,13.134,0.05,,,11.978,0.022,11.566,0.022,11.441,0.018,5252,187,156,4.56,0.03,0.036,-0.067,0.12,0.1,0.799,0.062,0.048,0.863,0.062,0.052,1.635,0.221,0.231,321.7,39.58,29.65,0.029,0.007,0.006,,,
1460,1460,1460,211937762,09 04 34.023,+19 17 26.50,1,16.817,,,,09043402+1917265,5112-301-4-0179-0182,EXTENDED,gri,,1,2,0,2,,,,,,,19.898,0.067,17.826,0.007,16.819,0.005,16.385,0.005,16.04,0.012,15.479,0.068,14.571,0.073,14.56,0.082,,,,,,,,,,,,,,,,,,,,,,,,,,,
1461,1461,1461,211937764,08 59 18.479,+19 17 26.76,1,13.319,,,547-046404,08591848+1917269,,STAR,gri,rpm,6.1,2.2,-4,2,,,14.55,0.01,13.559,0.033,,,14.007,0.03,13.305,0.02,13.025,0.06,,,11.888,0.023,11.388,0.023,11.303,0.023,5001,79,59,3.048,0.415,0.747,-0.653,0.3,0.3,4.516,5.782,1.525,0.927,0.162,0.045,0.008,0.021,0.007,1726,1662,593.7,0.033,0.01,0.006,,,
1462,1462,1462,211937793,08 41 13.906,+19 17 28.62,1,18.69,,,,08411390+1917286,5037-301-2-0115-0459,STAR,gri,col,,,,,,,,,,,23.657,0.489,21.346,0.038,19.642,0.015,17.551,0.007,16.487,0.008,14.799,0.038,14.121,0.04,13.847,0.049,3078,132,94,5.199,0.02,0.02,-0.227,0.25,0.3,0.148,0.005,0.008,0.128,0.005,0.008,38.18,3.877,2.548,103.3,9.964,10.81,0.016,0.005,0.004,,,
1463,1463,1463,211937843,08 40 17.246,+19 17 31.31,1,12.351,,,547-045683,08401723+1917312,,STAR,gri,rpm,-9.2,0.8,1.4,1.4,,,13.148,0.02,12.496,0.031,,,12.761,0.031,12.324,0.04,12.175,0.02,,,11.334,0.022,11.003,0.023,10.938,0.022,5896,120,120,4.092,0.348,0.29,-0.126,0.16,0.32,1.398,0.568,0.404,1.059,0.123,0.103,0.298,0.708,0.19,491.2,201,165.8,0.035,0.011,0.009,,,
1464,1464,1464,211937895,09 06 44.354,+19 17 33.58,1,17.031,,,,09064435+1917335,5080-301-4-0157-0178,EXTENDED,gri,,-2,2,1,2,,,,,,,19.905,0.068,18.001,0.007,17.045,0.005,16.615,0.005,16.258,0.012,15.712,0.085,15.114,0.108,14.718,0.09,,,,,,,,,,,,,,,,,,,,,,,,,,,
1465,1465,1465,211937897,08 43 04.268,+19 17 33.64,1,11.935,,1396-275-1,547-045804,08430429+1917336,,STAR,gri,plx,-26.1,1.7,0.6,1.8,,,12.272,0.215,11.754,0.181,,,12.34,0.02,11.9,0.01,11.762,0.06,,,10.895,0.022,10.596,0.023,10.567,0.02,5885,94,118,4.461,0.03,0.06,-0.371,0.25,0.4,0.945,0.068,0.112,0.887,0.132,0.11,1.072,0.265,0.18,167.1,24.16,24.16,0.028,0.007,0.007,,,
1466,1466,1466,211937951,09 04 36.927,+19 17 36.40,1,16.545,,,,09043692+1917363,,STAR,J,col,,,,,,,,,,,,,,,,,,,,,15.115,0.06,14.453,0.08,14.101,0.071,3846,441,315,4.927,0.13,0.156,-0.132,0.2,0.28,0.334,0.157,0.123,0.358,0.201,0.167,8.487,9.245,4.425,387.7,266.2,180.6,0.029,0.01,0.008,,,
1467,1467,1467,211937971,08 45 21.157,+19 17 37.22,1,16.874,,,,08452115+1917372,5037-301-1-0121-0364,EXTENDED,gri,,8,3,-2,3,,,,,,,19.273,0.031,17.704,0.006,16.95,0.005,16.518,0.005,16.265,0.01,15.478,0.072,14.958,0.086,14.544,0.085,,,,,,,,,,,,,,,,,,,,,,,,,,,
1468,1468,1468,211937975,08 42 07.424,+19 17 37.64,1,14.72,,,547-045768,08420741+1917377,,STAR,gri,rpm,-3,4,-3.5,4.2,,,15.829,0.04,14.929,0.03,,,15.326,0.02,14.665,0.06,14.461,0.04,,,13.465,0.024,13.044,0.023,12.955,0.029,5269,127,106,4.548,0.035,0.833,-0.18,0.2,0.36,0.815,1.511,0.06,0.87,0.066,0.079,1.534,0.302,1.46,671,1225,68.82,0.034,0.008,0.008,,,
1469,1469,1469,211937982,09 15 05.216,+19 17 37.71,1,11.888,,,547-046892,09150520+1917377,,STAR,J,rpm,1.8,6.6,4.7,7.2,,,,,,,,,,,,,,,,,10.202,0.024,9.172,0.022,8.504,0.022,3387,97,219,0.049,0.228,0.19,-0.273,0.28,0.2,148.782,38.093,35.607,1.007,0.025,0.056,2.57E-07,3.08E-07,1.24E-07,6220,2517,2266,0.036,0.007,0.008,,,
1470,1470,1470,211938003,08 38 43.921,+19 17 38.41,1,15.133,,,547-045601,08384393+1917383,5061-301-6-0109-0327,STAR,JHK,rpm,-41,8.4,-12,7.6,,,,,,,,,,,,,,,,,12.834,0.021,12.186,0.021,11.961,0.019,3808,135,113,4.896,0.06,0.05,-0.004,0.15,0.15,0.383,0.055,0.065,0.418,0.073,0.085,7.5,2.664,1.678,147.7,27.43,27.31,0.022,0.007,0.006,,,
1471,1471,1471,211938009,08 41 41.796,+19 17 38.66,1,17.301,,,,08414179+1917386,,STAR,J,col,,,,,,,,,,,,,,,,,,,,,15.819,0.077,15.149,0.126,14.374,0.088,3597,365,260,5.004,0.115,0.138,-0.105,0.16,0.28,0.253,0.115,0.079,0.26,0.18,0.12,14.13,12.49,7.52,356.2,285.5,138.1,0.029,0.01,0.008,,,
1472,1472,1472,211938058,09 04 10.248,+19 17 41.56,1,17.848,,,,,5112-301-4-0178-0400,EXTENDED,gri,,11,2,6,2,,,,,,,20.293,0.124,18.577,0.014,17.885,0.014,17.536,0.017,17.265,0.043,,,,,,,,,,,,,,,,,,,,,,,,,,,,,,,,,
1473,1473,1473,211938092,09 07 42.806,+19 17 43.29,1,14.706,,,547-046674,09074280+1917434,5080-301-4-0159-0031,STAR,gri,rpm,-28,4.6,-17.1,4.9,,,16.071,0.01,15.021,0.07,,,15.534,0.02,14.672,0.01,14.352,0.05,,,13.179,0.026,12.666,0.03,12.573,0.026,4784,77,77,4.635,0.03,0.036,-0.201,0.18,0.21,0.676,0.045,0.05,0.728,0.053,0.061,2.284,0.412,0.295,425.1,32.51,41.67,0.03,0.008,0.008,,,
1474,1474,1474,211938095,08 59 24.944,+19 17 43.35,1,19.159,,,,,5071-301-1-0137-0041,STAR,gri,,-9,3,-5,3,,,,,,,19.551,0.028,19.365,0.012,19.09,0.012,19.07,0.014,19.104,0.041,,,,,,,,,,,,,,,,,,,,,,,,,,,,,,,,,
1475,1475,1475,211938106,08 39 32.807,+19 17 43.86,1,10.952,,,547-045640,08393280+1917439,,STAR,gri,rpm,-5.9,0.6,-3.7,1.5,,,11.208,0.02,10.94,0.01,,,10.986,0.01,10.941,0.01,11.025,0.02,,,10.465,0.02,10.355,0.02,10.324,0.018,7496,212,74,4.02,0.162,0.162,-0.068,0.1,0.1,2.081,0.456,0.44,1.75,0.097,0.136,0.168,0.141,0.067,623.9,127.9,143.4,0.03,0.011,0.006,,,
1476,1476,1476,211938121,08 50 00.235,+19 17 44.85,1,12.012,,,547-046069,08500023+1917448,,STAR,gri,lam,-4.9,1.2,-19.5,1.4,,,12.89,0.02,12.155,0.03,,,12.485,0.03,11.957,0.04,11.809,0.02,,,10.896,0.023,10.537,0.028,10.454,0.023,5569,167,201,4.504,0.035,0.07,-0.019,0.12,0.1,0.899,0.102,0.062,0.951,0.067,0.048,1.273,0.23,0.307,237.6,34.45,25.35,0.025,0.007,0.006,,,
1477,1477,1477,211938154,09 14 37.818,+19 17 46.73,1,10.707,,1404-1816-1,547-046878,09143782+1917467,,STAR,gri,rpm,2.1,1.5,-9.7,1.6,,,11.779,0.112,10.926,0.07,,,11.402,0.03,10.692,0.04,10.409,0.04,,,9.269,0.02,8.752,0.033,8.643,0.019,4911,78,78,2.413,0.506,0.115,-0.548,0.2,0.4,10.351,1.178,4.525,1.031,0.18,0.128,9.02E-04,0.004,2.64E-04,1034,115.5,425.2,0.032,0.008,0.007,,,
1478,1478,1478,211938169,09 04 40.353,+19 17 47.57,1,16.36,,,,09044035+1917475,5112-301-4-0179-0226,EXTENDED,gri,,-5,2,2,2,,,,,,,19.186,0.051,17.375,0.006,16.386,0.004,15.925,0.004,15.552,0.01,15.26,0.066,14.544,0.087,14.264,0.081,,,,,,,,,,,,,,,,,,,,,,,,,,,
1479,1479,1479,211938176,08 59 46.128,+19 17 48.08,1,11.201,,1397-1458-1,547-046417,08594612+1917481,,STAR,gri,lam,22.7,2.3,-1.7,2.4,,,12.042,0.219,11.385,0.152,,,11.629,0.01,11.204,0.01,11.017,0.02,,,10.114,0.022,9.812,0.021,9.734,0.018,5710,136,170,4.466,0.045,0.063,-0.059,0.12,0.12,0.954,0.085,0.066,0.975,0.07,0.059,1.11,0.209,0.238,180.1,23.28,17.35,0.023,0.006,0.005,,,
1480,1480,1480,211938216,09 10 51.559,+19 17 50.60,1,15.404,,,547-046764,09105155+1917507,5112-301-3-0188-0044,STAR,gri,rpm,0.8,3,2.3,3.4,,,16.695,0.06,15.689,0.057,,,16.124,0.04,15.411,0.08,15.096,0.07,,,14.06,0.026,13.547,0.026,13.484,0.026,5001,116,146,4.578,0.05,1.72,-0.35,0.3,0.6,0.766,5.073,0.082,0.799,0.111,0.08,1.758,0.455,1.754,766.9,4932,109.6,0.033,0.01,0.008,,,
1481,1481,1481,211938222,08 44 29.722,+19 17 50.98,1,17.421,,,,08442972+1917509,,STAR,J,col,,,,,,,,,,,,,,,,,,,,,15.931,0.089,15.124,0.106,14.604,0.098,3807,391,326,4.925,0.135,0.162,-0.157,0.2,0.28,0.317,0.147,0.117,0.361,0.171,0.171,9.366,10.43,4.935,517.8,339.6,235.1,0.032,0.011,0.008,,,
1482,1482,1482,211938248,09 04 15.433,+19 17 52.16,1,16.567,,,,09041543+1917521,5112-301-4-0178-0218,EXTENDED,gri,,2,2,-2,2,,,,,,,19.372,0.049,17.502,0.006,16.569,0.004,16.166,0.005,15.839,0.011,15.429,0.061,14.653,0.071,14.477,0.078,,,,,,,,,,,,,,,,,,,,,,,,,,,
1483,1483,1483,211938276,09 11 17.772,+19 17 53.57,1,14.045,,,,,5112-301-3-0189-0037,EXTENDED,gri,,-8,2,-1,2,,,,,,,16.792,0.015,14.94,0.003,14.093,0.002,13.661,0.002,13.323,0.004,,,,,,,,,,,,,,,,,,,,,,,,,,,,,,,,,
1484,1484,1484,211938295,09 06 32.937,+19 17 54.28,1,12.623,,,547-046639,09063293+1917543,,STAR,gri,rpm,16.2,1.2,10.1,0.7,,,13.302,0.02,12.762,0.05,,,12.938,0.05,12.618,0.01,12.488,0.03,,,11.65,0.023,11.349,0.028,11.323,0.022,6111,98,122,4.21,0.155,0.186,-0.325,0.2,0.24,1.253,0.31,0.211,1.017,0.113,0.094,0.442,0.317,0.211,531,114.8,111.1,0.032,0.008,0.006,,,
1485,1485,1485,211938350,08 45 05.909,+19 17 57.51,1,16.639,,,,08450590+1917575,,STAR,JHK,col,,,,,,,,,,,,,,,,,,,,,14.401,0.029,13.863,0.045,13.547,0.039,3528,176,212,5.037,0.098,0.07,-0.058,0.15,0.18,0.231,0.067,0.061,0.22,0.101,0.072,16.09,10.37,5.461,166.4,63.29,53.37,0.021,0.008,0.007,,,
1486,1486,1486,211938353,08 59 23.915,+19 17 57.89,1,14.908,,,547-046406,08592392+1917581,,STAR,gri,rpm,-33.5,4.4,-11.5,4.7,,,17.032,0.04,15.63,0.06,,,16.442,0.02,15.092,0.01,14.25,0.04,,,12.642,0.023,11.929,0.023,11.758,0.023,3765,92,61,4.889,0.042,0.03,0.111,0.1,0.06,0.387,0.027,0.043,0.426,0.038,0.048,7.277,1.8,0.939,138.6,15.62,17.32,0.019,0.012,0.005,,,
1487,1487,1487,211938359,08 49 50.967,+19 17 58.19,1,17.83,,,,08495096+1917581,,STAR,J,col,,,,,,,,,,,,,,,,,,,,,16.31,0.141,15.762,0.209,15.256,0.169,3860,780,390,4.926,0.15,0.24,-0.254,0.25,0.4,0.332,0.263,0.128,0.385,0.259,0.185,8.358,10.57,5.696,663.3,747,309.5,0.032,0.008,0.007,,,
1488,1488,1488,211938367,08 52 29.481,+19 17 58.64,1,17.369,,,,08522948+1917586,5061-301-3-0129-0288,EXTENDED,gri,,-5,3,-1,3,,,,,,,20.272,0.107,18.441,0.011,17.415,0.008,16.91,0.008,16.595,0.021,16.344,0.117,15.601,0.146,14.945,0.11,,,,,,,,,,,,,,,,,,,,,,,,,,,
1489,1489,1489,211938431,08 47 01.692,+19 18 02.88,1,12.681,,,547-045949,08470169+1918028,,STAR,gri,rpm,-6.5,1.6,-13,2,,,13.725,0.02,12.89,0.01,,,13.27,0.01,12.615,0.01,12.428,0.02,,,11.37,0.021,10.978,0.032,10.89,0.018,5308,130,151,3.817,0.712,0.623,-0.215,0.25,0.45,1.815,1.781,1.118,0.936,0.172,0.066,0.107,1.352,0.093,585.3,507.1,340.9,0.033,0.022,0.01,,,
1490,1490,1490,211938494,09 11 43.314,+19 18 07.34,1,17.457,,,,09114331+1918073,,STAR,JHK,col,,,,,,,,,,,,,,,,,,,,,15.095,0.037,14.376,0.035,14.201,0.043,4141,199,199,4.791,0.078,0.065,-0.124,0.16,0.24,0.485,0.069,0.072,0.55,0.071,0.085,4.496,1.767,1.085,590.4,127.6,123.6,0.033,0.01,0.007,,,
1491,1491,1491,211938509,08 41 43.887,+19 18 08.20,1,14.733,,,547-045749,08414388+1918082,,STAR,gri,rpm,-41.4,3.6,-11.4,3.8,,,17.037,0.06,15.511,0.04,,,16.313,0.05,14.882,0.04,14.055,0.04,,,12.475,0.02,11.795,0.021,11.635,0.019,3819,78,78,4.863,0.056,0.035,0.144,0.08,0.16,0.41,0.038,0.055,0.458,0.041,0.074,6.357,2.023,1.008,142.1,13.71,26.07,0.021,0.008,0.005,,,
1492,1492,1492,211938515,09 07 24.238,+19 18 08.55,1,12.799,,,547-046666,09072423+1918085,,STAR,gri,rpm,-14.2,0.8,-5.1,2.3,,,13.264,0.03,12.835,0.05,,,12.96,0.02,12.745,0.01,12.638,0.03,,,11.979,0.024,11.74,0.028,11.72,0.024,6513,133,79,4.204,0.08,0.096,-0.459,0.18,0.12,1.361,0.187,0.142,1.104,0.106,0.026,0.409,0.124,0.111,685.9,91.53,61.51,0.032,0.013,0.003,,,
1493,1493,1493,211938520,08 44 33.267,+19 18 08.84,1,18.808,,,,08443326+1918088,5037-301-1-0120-0318,STAR,gri,rpm,21,3,-69,3,,,,,,,24.203,0.545,20.706,0.024,19.274,0.012,17.994,0.008,17.308,0.012,16.155,0.104,15.527,0.142,15.224,0.154,3250,32,32,5.125,0.02,0.02,0.334,0.05,0.34,0.176,0.004,0.006,0.15,0.003,0.003,27.55,2.381,1.653,244.2,7.327,7.327,0.029,0.001,0.01,,,
1494,1494,1494,211938530,08 41 03.149,+19 18 09.30,1,18.595,,,,08410314+1918093,5037-301-2-0115-0449,STAR,gri,rpm,-25,4,-14,4,,,,,,,23.177,0.348,20.917,0.028,19.383,0.013,17.6,0.007,16.581,0.009,15.006,0.044,14.46,0.05,14.212,0.069,3385,124,103,5.126,0.03,0.036,-0.124,0.25,0.25,0.179,0.023,0.01,0.16,0.027,0.011,27.26,3.326,5.102,157.1,24.85,10.15,0.023,0.009,0.005,,,
1495,1495,1495,211938546,09 06 07.076,+19 18 10.50,1,17.042,,,,09060707+1918104,5112-301-4-0181-0269,EXTENDED,gri,,3,2,6,2,,,,,,,19.259,0.048,17.834,0.007,17.111,0.006,16.702,0.006,16.426,0.019,16.208,0.124,15.529,0.154,15.301,0.174,,,,,,,,,,,,,,,,,,,,,,,,,,,
1496,1496,1496,211938553,08 50 01.016,+19 18 10.81,1,14.294,,,547-046070,08500101+1918107,,STAR,gri,lam,-18.8,3.9,-7.8,2.3,,,15.569,0.01,14.569,0.01,,,15.073,0.01,14.233,0.01,13.961,0.01,,,12.88,0.023,12.431,0.028,12.321,0.024,4839,143,143,4.591,0.028,0.02,0.116,0.1,0.1,0.75,0.037,0.035,0.811,0.033,0.033,1.891,0.221,0.166,414.9,42.13,33.01,0.032,0.008,0.006,,,
1497,1497,1497,211938582,08 47 36.114,+19 18 12.39,1,12.623,,,547-045968,08473611+1918123,,STAR,gri,rpm,-33.5,1.7,-48.8,2,,,13.767,0.01,12.905,0.01,,,13.309,0.02,12.569,0.02,12.329,0.03,,,11.237,0.027,10.743,0.03,10.666,0.02,5032,101,101,4.591,0.045,0.02,-0.208,0.25,0.3,0.745,0.034,0.068,0.785,0.06,0.072,1.874,0.464,0.113,207.8,23.86,31.26,0.026,0.01,0.003,,,
1498,1498,1498,211938583,08 53 03.230,+19 18 12.46,1,17.211,,,,08530323+1918124,,STAR,J,rpm,2,4,8,2,,,,,,,,,,,,,,,,,15.735,0.079,14.977,0.084,14.465,0.075,3870,341,284,4.893,0.12,0.12,-0.105,0.16,0.24,0.361,0.126,0.109,0.397,0.15,0.15,7.483,7.655,3.323,550.5,273.2,211.1,0.033,0.008,0.007,,,
1499,1499,1499,211938625,08 53 46.679,+19 18 14.27,1,14.209,,,547-046207,08534667+1918142,5061-301-3-0131-0201,STAR,gri,rpm,-33.7,3,-11.5,3.2,,,16.282,0.01,14.798,0.01,,,15.654,0.01,14.222,0.01,13.59,0.05,,,11.973,0.023,11.313,0.024,11.165,0.021,3846,46,38,4.934,0.02,0.052,-0.178,0.12,0.06,0.35,0.053,0.019,0.395,0.059,0.033,8.941,0.75,2.032,92.56,16.24,12.39,0.015,0.006,0.005,,,
1500,1500,1500,211938633,09 14 17.201,+19 18 14.79,1,11.218,,1404-34-1,547-046867,09141721+1918148,,STAR,gri,rpm,-52.1,1.3,-29.6,1.4,,,12.116,0.168,11.174,0.084,,,11.638,0.04,11.19,0.04,11.039,0.01,,,10.11,0.021,9.786,0.025,9.736,0.019,5829,139,139,4.394,0.078,0.312,-0.234,0.25,0.3,1.018,0.452,0.125,0.961,0.092,0.092,0.876,0.279,0.569,198.1,82.5,26.75,0.026,0.007,0.006,,,
1501,1501,1501,211938653,09 06 10.266,+19 18 15.88,1,18.28,,,,,5112-301-4-0181-0278,EXTENDED,gri,,2,3,0,3,,,,,,,19.947,0.066,18.741,0.011,18.31,0.011,18.082,0.014,17.936,0.05,,,,,,,,,,,,,,,,,,,,,,,,,,,,,,,,,
1502,1502,1502,211938659,09 09 25.883,+19 18 16.16,1,19.82,,,,,5112-301-3-0186-0122,STAR,gri,,-4,3,8,3,,,,,,,21.295,0.09,19.995,0.016,19.762,0.017,19.702,0.022,19.631,0.079,,,,,,,,,,,,,,,,,,,,,,,,,,,,,,,,,
1503,1503,1503,211938683,08 46 23.714,+19 18 17.81,1,13.069,,,547-045925,08462370+1918177,,STAR,gri,rpm,16.4,2,-9.9,2.3,,,14.086,0.01,13.289,0.01,,,13.65,0.03,13.022,0.02,12.821,0.06,,,11.808,0.022,11.339,0.02,11.267,0.022,5198,102,102,3.577,0.948,0.395,-0.665,0.49,0.35,2.48,1.205,1.724,0.885,0.108,0.09,0.042,1.556,0.03,907.5,434.8,627.1,0.031,0.01,0.007,,,
1504,1504,1504,211938691,08 39 05.847,+19 18 18.31,1,12.325,,,547-045618,08390584+1918182,,STAR,gri,rpm,6.7,1.1,-2,0.9,,,12.846,0.02,12.35,0.01,,,12.53,0.01,12.257,0.04,12.167,0.01,,,11.361,0.02,11.154,0.021,11.111,0.019,6468,181,103,4.153,0.105,0.21,-0.061,0.1,0.18,1.526,0.608,0.219,1.303,0.178,0.118,0.322,0.172,0.175,593.4,210.8,83.66,0.034,0.01,0.007,,,
1505,1505,1505,211938725,08 39 51.357,+19 18 20.20,1,17.401,,,,08395135+1918201,5037-301-2-0114-0018,STAR,gri,col,,,,,,,,,,,23.33,0.402,19.497,0.012,18.003,0.007,16.503,0.006,15.715,0.006,14.264,0.033,13.67,0.043,13.417,0.036,3464,125,125,5.104,0.03,0.048,-0.113,0.2,0.24,0.198,0.03,0.019,0.18,0.036,0.022,22.78,4.294,4.892,126.4,26.14,18.33,0.018,0.007,0.005,,,
1506,1506,1506,211938770,09 02 12.580,+19 18 22.61,1,17.882,,,,,5061-301-1-0143-0243,EXTENDED,gri,,5,3,-2,3,,,,,,,19.231,0.041,18.255,0.01,17.927,0.011,17.722,0.014,17.584,0.043,,,,,,,,,,,,,,,,,,,,,,,,,,,,,,,,,
1507,1507,1507,211938785,08 54 04.320,+19 18 23.11,1,18.317,,,,08540432+1918231,5071-301-2-0129-0211,EXTENDED,gri,,-10,3,-5,3,,,,,,,21.028,0.109,19.268,0.013,18.355,0.009,17.91,0.009,17.584,0.019,16.465,0.124,15.639,0.123,15.239,0.148,,,,,,,,,,,,,,,,,,,,,,,,,,,
1508,1508,1508,211938786,09 10 05.334,+19 18 23.16,1,13.418,,,547-046748,09100533+1918232,,STAR,gri,rpm,-21.2,2.1,7.5,2.4,,,14.419,0.01,13.67,0.03,,,13.964,0.01,13.434,0.01,13.185,0.02,,,12.196,0.022,11.77,0.026,11.692,0.02,5349,64,64,3.551,1.008,0.02,-0.988,0.39,0.09,2.612,0.052,1.838,0.879,0.018,0.088,0.049,1.662,0.003,1192,35.76,828.1,0.029,0.004,0.003,,,
1509,1509,1509,211938790,08 58 53.896,+19 18 23.48,1,13.624,,,547-046391,08585390+1918236,,STAR,gri,lam,17.8,2,-26.7,1.6,,,14.95,0.03,13.948,0.03,,,14.426,0.04,13.604,0.044,13.281,0.03,,,12.122,0.025,11.62,0.023,11.535,0.018,4718,169,141,4.631,0.03,0.03,0.021,0.1,0.12,0.694,0.052,0.04,0.765,0.055,0.046,2.193,0.296,0.261,265.8,28.34,30.43,0.028,0.008,0.007,,,
1510,1510,1510,211938791,08 52 53.769,+19 18 23.50,1,19.506,,,,,5061-301-3-0130-0203,EXTENDED,gri,,-1,3,4,3,,,,,,,20.549,0.069,19.681,0.016,19.447,0.019,19.231,0.024,19.133,0.087,,,,,,,,,,,,,,,,,,,,,,,,,,,,,,,,,
1511,1511,1511,211938794,08 45 24.422,+19 18 23.69,1,16.568,,,,08452442+1918236,5037-301-1-0121-0381,STAR,gri,rpm,-14,3,-2,3,,,,,,,21.071,0.065,18.474,0.008,17.02,0.005,15.751,0.005,15.067,0.005,13.652,0.024,13.075,0.031,12.867,0.026,3572,57,57,5.029,0.04,0.025,-0.031,0.08,0.1,0.251,0.029,0.026,0.252,0.035,0.035,14.85,4.018,2.064,126.5,19.75,12.45,0.021,0.004,0.004,,,
1512,1512,1512,211938817,08 45 12.357,+19 18 24.74,1,18.21,,,,08451235+1918247,5037-301-1-0121-0417,STAR,gri,rpm,-30,3,-18,3,,,,,,,23.913,0.494,20.433,0.02,18.957,0.01,17.258,0.006,16.306,0.008,14.665,0.035,14.016,0.041,13.826,0.049,3549,109,109,5.06,0.042,0.035,-0.138,0.2,0.2,0.224,0.03,0.022,0.214,0.041,0.026,18.21,4.505,3.611,182.3,31.88,23.52,0.024,0.011,0.006,,,
1513,1513,1513,211938860,08 40 06.361,+19 18 26.52,1,10.802,,,547-045674,08400635+1918264,,STAR,gri,rpm,-33,0.4,-14.5,1.4,,,11.761,0.01,10.98,0.01,,,11.32,0.02,10.756,0.01,10.58,0.02,,,9.701,0.022,9.321,0.019,9.228,0.018,5487,109,87,4.407,0.12,0.696,-0.132,0.15,0.45,1.018,1.276,0.187,0.961,0.107,0.089,0.834,0.632,0.754,163.8,173.2,40.07,0.023,0.012,0.006,,,
1514,1514,1514,211938884,09 05 20.129,+19 18 27.62,1,14.327,,,547-046594,09052013+1918277,,STAR,gri,rpm,-4.1,3.4,-2.2,3.4,,,15.402,0.03,14.54,0.06,,,14.913,0.01,14.291,0.02,14.076,0.19,,,13.003,0.022,12.538,0.024,12.469,0.02,5202,103,82,3.44,0.856,0.535,-0.755,0.48,0.3,2.756,2.202,1.798,0.895,0.094,0.036,0.035,0.626,0.029,1634,1265,1052,0.036,0.007,0.01,,,
1515,1515,1515,211938897,09 05 19.112,+19 18 28.10,1,17.257,,,,09051911+1918281,5112-301-4-0180-0037,EXTENDED,gri,,0,2,-1,2,,,,,,,19.195,0.043,17.928,0.007,17.321,0.007,16.969,0.007,16.723,0.022,16.092,0.092,15.346,0.102,15.229,0.156,,,,,,,,,,,,,,,,,,,,,,,,,,,
1516,1516,1516,211938911,08 39 42.556,+19 18 28.85,1,15.969,,,,08394255+1918288,,STAR,JHK,col,,,,,,,,,,,,,,,,,,,,,13.596,0.024,13.009,0.024,12.698,0.026,3414,170,989,5.096,0.192,0.096,-0.036,0.15,0.18,0.198,0.062,0.089,0.187,0.082,0.099,22.69,43.96,9.45,94.82,37.89,64.58,0.014,0.008,0.01,,,
1517,1517,1517,211938917,08 57 28.746,+19 18 29.04,1,19.973,,,,,5061-301-2-0136-0216,STAR,gri,,2,3,-6,3,,,,,,,20.785,0.061,19.99,0.016,19.967,0.02,19.98,0.028,19.616,0.072,,,,,,,,,,,,,,,,,,,,,,,,,,,,,,,,,
1518,1518,1518,211938938,08 50 30.316,+19 18 30.00,1,17.032,,,,08503031+1918299,5071-301-3-0124-0105,STAR,gri,rpm,-26,3,-5,3,,,,,,,21.81,0.142,18.793,0.008,17.415,0.006,16.277,0.005,15.713,0.006,14.401,0.03,13.757,0.031,13.44,0.037,3378,33,33,5.073,0.028,0.024,0.124,0.08,0.08,0.208,0.017,0.016,0.191,0.018,0.018,20.44,3.355,2.432,137.6,15.23,11.53,0.024,0.004,0.007,,,
1519,1519,1519,211938942,08 52 25.819,+19 18 30.32,1,12.785,,,547-046160,08522582+1918303,,STAR,gri,rpm,-39.1,1.4,6,1.5,,,13.956,0.01,13.052,0.01,,,13.49,0.032,12.756,0.041,12.483,0.05,,,11.279,0.023,10.774,0.02,10.679,0.017,4993,79,79,4.608,0.025,0.035,-0.273,0.25,0.25,0.705,0.079,0.036,0.758,0.092,0.046,2.104,0.203,0.354,203.7,38.07,27.11,0.024,0.006,0.006,,,
1520,1520,1520,211938988,08 38 51.034,+19 18 33.53,1,17.243,,,,08385103+1918335,5061-301-6-0109-0349,EXTENDED,gri,,-33,3,-10,3,,,,,,,22.364,0.225,19.402,0.011,17.935,0.006,16.318,0.004,15.448,0.005,13.912,0.025,13.366,0.033,13.041,0.031,,,,,,,,,,,,,,,,,,,,,,,,,,,
1521,1521,1521,211939014,08 40 46.089,+19 18 34.60,1,9.583,,,547-045703,08404608+1918346,,STAR,gri,rav,-35.7,0.7,-12.5,0.9,,,9.967,0.01,9.66,0.03,,,10.005,0.03,9.633,0.1,9.402,0.03,,,8.735,0.026,8.56,0.027,8.534,0.02,6470,158,158,3.825,0.14,0.14,0.001,0.08,0.1,2.472,0.59,0.477,1.594,0.207,0.173,0.096,0.069,0.04,279.4,81.87,53.86,0.028,0.008,0.007,,,
1522,1522,1522,211939015,08 40 00.711,+19 18 34.71,1,13.814,,,547-045669,08400070+1918347,,STAR,gri,rpm,-34,3,-12.5,2.7,,,15.805,0.06,14.427,0.02,,,15.178,0.03,13.843,0.02,13.229,0.05,,,11.744,0.022,11.096,0.021,10.918,0.02,3903,46,62,4.876,0.06,0.025,-0.078,0.08,0.12,0.412,0.024,0.057,0.467,0.026,0.071,6.597,2.12,0.785,107.5,3.226,19.76,0.016,0.006,0.004,,,
1523,1523,1523,211939032,08 51 42.653,+19 18 35.58,1,17.8,,,,08514265+1918355,5061-301-3-0128-0227,EXTENDED,gri,,-3,2,-3,2,,,,,,,19.695,0.049,18.49,0.009,17.863,0.008,17.504,0.009,17.258,0.026,16.555,0.143,15.915,0.158,15.337,0.146,,,,,,,,,,,,,,,,,,,,,,,,,,,
1524,1524,1524,211939034,08 41 48.617,+19 18 35.75,1,12.057,,,547-045752,08414862+1918358,,STAR,gri,rpm,-16.6,0.7,3.3,1.1,,,12.43,0.02,12.05,0.01,,,12.156,0.01,12.024,0.03,12.007,0.06,,,11.418,0.02,11.299,0.021,11.252,0.021,7050,168,84,4.207,0.07,0.112,-0.064,0.06,0.08,1.548,0.259,0.097,1.468,0.052,0.052,0.377,0.098,0.128,646,145.8,44.78,0.033,0.01,0.003,,,
1525,1525,1525,211939058,09 11 36.581,+19 18 37.31,1,13.223,,,547-046788,09113658+1918373,,STAR,gri,lam,-2.9,2.1,-10.7,2.4,,,14.464,0.06,13.497,0.01,,,13.927,0.01,13.155,0.02,12.922,0.01,,,11.828,0.024,11.402,0.022,11.28,0.02,4928,145,174,4.582,0.036,0.03,0.103,0.08,0.1,0.769,0.044,0.049,0.829,0.042,0.042,1.82,0.27,0.235,268.6,28.64,25.88,0.028,0.007,0.006,,,
1526,1526,1526,211939067,08 55 45.688,+19 18 37.97,1,18.389,,,,08554568+1918379,5071-301-2-0132-0140,STAR,gri,col,,,,,,,,,,,22.466,0.256,19.876,0.015,18.431,0.008,17.752,0.007,17.322,0.012,16.102,0.084,15.592,0.117,15.336,0.152,3754,44,44,5.031,0.049,0.035,-0.358,0.1,0.1,0.25,0.032,0.034,0.257,0.046,0.046,15.14,4.772,2.691,432.2,99.53,80.9,0.032,0.01,0.007,,,
1527,1527,1527,211939102,09 14 52.307,+19 18 40.12,1,12.596,,,547-046884,09145230+1918401,,STAR,gri,rpm,-23.1,1.1,-11.9,1.5,,,13.265,0.01,12.721,0.02,,,12.902,0.03,12.598,0.01,12.465,0.05,,,11.714,0.024,11.468,0.022,11.447,0.021,6296,100,100,4.254,0.072,0.18,-0.722,0.48,0.4,1.197,0.255,0.178,0.91,0.225,0.075,0.523,0.199,0.23,523.2,108.2,75.83,0.034,0.005,0.008,,,
1528,1528,1528,211939151,08 42 10.533,+19 18 43.18,1,15.404,,,547-045771,08421052+1918432,5071-301-5-0112-0190,STAR,gri,rpm,-1.4,4.1,-4.6,3.9,,,17.089,0.07,15.794,0.06,,,16.474,0.02,15.388,0.07,14.946,0.04,,,13.753,0.024,13.157,0.024,13.035,0.03,4439,102,127,4.695,0.05,0.05,-0.143,0.24,0.28,0.587,0.067,0.072,0.663,0.071,0.085,2.998,0.847,0.561,434.7,65.56,67.43,0.032,0.006,0.006,,,
1529,1529,1529,211939181,09 04 33.970,+19 18 44.52,1,17.241,,,,09043396+1918445,,STAR,J,col,,,,,,,,,,,,,,,,,,,,,15.763,0.067,15.116,0.088,14.672,0.09,3715,433,271,4.981,0.115,0.161,-0.165,0.2,0.28,0.294,0.145,0.097,0.299,0.188,0.135,11.02,10.22,6.005,416.1,287.3,170,0.031,0.01,0.008,,,
1530,1530,1530,211939184,09 11 49.150,+19 18 44.56,1,13.764,,,547-046794,09114915+1918446,,STAR,gri,rpm,-7.3,3.3,-1.5,3.6,,,15.076,0.01,14.031,0.01,,,14.471,0.02,13.695,0.01,13.461,0.06,,,12.29,0.023,11.766,0.023,11.625,0.018,4909,58,58,3.182,0.48,0.672,-0.36,0.25,0.35,4.009,4.649,1.759,0.963,0.214,0.097,0.012,0.046,0.011,1687,1824,713.4,0.035,0.008,0.006,,,
1531,1531,1531,211939196,08 53 36.841,+19 18 45.12,1,14.767,,,547-046202,08533682+1918452,5061-301-3-0131-0156,STAR,gri,rpm,-55,3.8,-105.6,4.2,,,16.984,0.09,15.375,0.02,,,16.318,0.03,14.793,0.02,14.102,0.07,,,12.381,0.023,11.747,0.023,11.575,0.021,3590,101,57,5.148,0.045,0.09,-0.462,0.12,0.33,0.177,0.055,0.019,0.163,0.068,0.018,28.21,7.305,10.41,45.92,47.71,12.87,0.005,0.011,0.001,,,
1532,1532,1532,211939206,08 39 52.339,+19 18 45.51,1,10.137,,,547-045657,08395234+1918455,,STAR,gri,rpm,-34.5,0.5,-13.5,0.9,,,10.742,0.02,10.217,0.01,,,10.451,0.03,10.116,0.02,10.002,0.04,,,9.283,0.022,9.091,0.023,9.008,0.02,6361,126,126,4.179,0.155,0.217,-0.016,0.12,0.18,1.476,0.453,0.257,1.267,0.133,0.111,0.339,0.244,0.18,219.4,61.16,40.65,0.025,0.008,0.007,,,
1533,1533,1533,211939209,09 11 02.691,+19 18 45.61,1,12.62,,,547-046768,09110268+1918457,,STAR,gri,rpm,-33.1,1.7,-3,2.1,,,13.906,0.02,12.978,0.01,,,13.409,0.01,12.608,0.01,12.282,0.05,,,11.053,0.024,10.523,0.02,10.408,0.018,4855,115,76,4.6,0.055,1.903,-0.277,0.25,0.3,0.749,6.533,0.086,0.823,0.155,0.093,1.91,0.506,1.907,193,1197,26.44,0.027,0.018,0.007,,,
1534,1534,1534,211939215,08 57 50.207,+19 18 46.32,1,18.872,,,,,5061-301-2-0137-0317,EXTENDED,gri,,-7,4,1,4,,,,,,,20.503,0.094,19.311,0.016,18.995,0.018,18.684,0.021,18.648,0.075,,,,,,,,,,,,,,,,,,,,,,,,,,,,,,,,,
1535,1535,1535,211939237,09 09 38.037,+19 18 47.34,1,12.834,,,547-046736,09093803+1918473,,STAR,gri,lam,-1,1.5,7.9,1.9,,,13.538,0.01,12.959,0.03,,,13.17,0.05,12.822,0.01,12.691,0.03,,,11.853,0.025,11.555,0.024,11.506,0.02,6042,120,120,4.195,0.145,0.145,-0.096,0.12,0.15,1.355,0.278,0.231,1.098,0.094,0.078,0.409,0.277,0.165,609.7,116.6,115.5,0.033,0.008,0.007,,,
1536,1536,1536,211939238,08 50 32.259,+19 18 47.35,1,12.375,,,547-046090,08503226+1918473,,STAR,gri,lam,-11,2.1,-21.6,1.4,,,13.101,0.01,12.475,0.01,,,12.742,0.02,12.322,0.02,12.218,0.01,,,11.337,0.022,11.05,0.021,10.986,0.02,5906,140,117,4.383,0.07,0.098,-0.059,0.1,0.12,1.065,0.128,0.096,1.029,0.071,0.059,0.81,0.222,0.233,370.8,55.14,41.54,0.032,0.01,0.007,,,
1537,1537,1537,211939250,09 05 15.453,+19 18 47.84,1,17.609,,,,,5112-301-4-0180-0385,EXTENDED,gri,,2,2,1,2,,,,,,,19.296,0.065,18.197,0.013,17.688,0.011,17.357,0.014,17.175,0.049,,,,,,,,,,,,,,,,,,,,,,,,,,,,,,,,,
1538,1538,1538,211939301,08 44 04.879,+19 18 50.12,1,12.043,,1396-258-1,547-045844,08440490+1918500,,STAR,gri,rpm,-33.5,2.3,-27.5,2.4,,,12.218,0.193,11.824,0.194,,,12.615,0.01,12.014,0.01,11.798,0.04,,,10.829,0.023,10.452,0.022,10.377,0.022,5412,87,87,4.531,0.035,0.434,-0.063,0.12,0.27,0.871,0.607,0.093,0.915,0.053,0.08,1.406,0.3,1.097,215.8,128.1,25.75,0.027,0.022,0.009,,,
1539,1539,1539,211939307,08 54 23.251,+19 18 50.30,1,16.462,,,,08542325+1918502,,STAR,JHK,col,,,,,,,,,,,,,,,,,,,,,14.075,0.025,13.52,0.031,13.172,0.033,3447,129,310,5.074,0.098,0.07,-0.013,0.12,0.15,0.204,0.053,0.056,0.195,0.073,0.06,20.18,14.73,6.536,122.4,41.94,46.01,0.017,0.007,0.007,,,
1540,1540,1540,211939318,08 51 39.566,+19 18 51.21,1,19.952,,,,08513956+1918512,5071-301-3-0126-0140,EXTENDED,gri,,,,,,,,,,,,21.948,0.187,20.803,0.036,19.978,0.027,19.588,0.027,19.449,0.083,15.826,0.085,15.055,0.108,14.587,0.1,,,,,,,,,,,,,,,,,,,,,,,,,,,
1541,1541,1541,211939329,08 57 16.348,+19 18 51.70,1,12.742,,,547-046333,08571635+1918517,,STAR,gri,rpm,-16.5,1.5,-13.6,2.1,,,13.451,0.04,12.854,0.031,,,13.092,0.03,12.722,0.01,12.592,0.02,,,11.724,0.023,11.45,0.027,11.376,0.02,6116,98,98,4.256,0.095,0.133,-0.315,0.25,0.3,1.194,0.235,0.166,0.997,0.124,0.103,0.549,0.235,0.216,525.8,93.39,79.3,0.031,0.01,0.008,,,
1542,1542,1542,211939343,09 10 28.007,+19 18 52.52,1,11.912,,1404-493-1,547-046758,09102803+1918523,,STAR,gri,rpm,-21.9,1.6,-9.6,1.7,,,12.318,0.152,11.975,0.152,,,12.113,0.02,11.845,0.01,11.791,0.02,,,11.053,0.024,10.857,0.023,10.817,0.02,6515,132,106,4.21,0.078,0.065,-0.121,0.15,0.3,1.41,0.176,0.185,1.268,0.066,0.197,0.412,0.139,0.104,475.3,65.92,75.57,0.034,0.009,0.011,,,
1543,1543,1543,211939350,08 42 13.120,+19 18 52.91,1,18.93,,,,08421311+1918529,5071-301-5-0112-0414,STAR,gri,rpm,-25,4,-8,4,,,,,,,23.454,0.472,21.235,0.04,19.745,0.017,17.942,0.008,16.926,0.01,15.344,0.042,14.699,0.058,14.306,0.074,3509,113,142,5.069,0.045,0.054,-0.056,0.16,0.2,0.221,0.037,0.032,0.209,0.054,0.039,18.66,5.657,4.341,239.3,54.42,44.33,0.026,0.01,0.007,,,
1544,1544,1544,211939352,09 04 18.961,+19 18 53.00,1,14.39,,,547-046556,09041896+1918531,5112-301-4-0178-0109,STAR,gri,rpm,-1.5,2.9,-10.1,4.3,,,15.487,0.01,14.637,0.01,,,15.058,0.01,14.426,0.05,14.104,0.08,,,13.017,0.025,12.522,0.021,12.474,0.019,5104,121,101,3.383,1.128,0.47,-0.67,0.42,0.35,3.046,1.974,2.294,0.901,0.063,0.076,0.029,1.415,0.024,1869,1155,1383,0.033,0.008,0.007,,,
1545,1545,1545,211939364,08 39 40.513,+19 18 53.93,1,16.325,,,,08394051+1918539,,STAR,JHK,col,,,,,,,,,,,,,,,,,,,,,14.083,0.028,13.473,0.023,13.228,0.033,3648,180,180,4.982,0.085,0.085,-0.081,0.15,0.21,0.283,0.077,0.071,0.296,0.103,0.103,11.6,8.009,4.11,181.8,64,55.21,0.023,0.008,0.007,,,
1546,1546,1546,211939367,08 39 29.307,+19 18 54.15,1,16.856,,,,08392930+1918541,5061-301-6-0110-0431,EXTENDED,gri,,0,3,10,3,,,,,,,18.654,0.032,17.468,0.006,16.922,0.006,16.594,0.007,16.422,0.017,16.38,0.124,15.82,0.174,15.313,0.173,,,,,,,,,,,,,,,,,,,,,,,,,,,
1547,1547,1547,211939409,08 51 25.848,+19 18 56.43,1,16.313,,,,08512584+1918564,5071-301-3-0125-0224,STAR,gri,rpm,-38,3,-13,3,,,,,,,21.008,0.076,18.309,0.007,16.873,0.005,15.458,0.004,14.704,0.005,13.295,0.022,12.68,0.022,12.403,0.023,3558,71,71,5.023,0.044,0.02,0.014,0.08,0.16,0.26,0.016,0.037,0.258,0.021,0.051,14.44,4.075,1.421,113.6,8.968,21.77,0.016,0.006,0.005,,,
1548,1548,1548,211939416,08 57 11.817,+19 18 56.63,1,15.108,,,547-046331,08571182+1918567,5061-301-2-0136-0055,STAR,gri,rpm,1.1,4.5,-3.4,4.8,,,16.323,0.01,15.429,0.04,,,15.81,0.06,15.157,0.01,14.807,0.03,,,13.732,0.025,13.255,0.027,13.155,0.023,4917,97,77,1.753,1.692,0.47,-1.878,1.19,0.42,17.918,12.581,14.981,0.798,0.048,0.016,1.01E-04,0.033,8.05E-05,13650,9057,11470,0.034,0.009,0.005,,,
1549,1549,1549,211939447,08 43 59.260,+19 18 58.18,1,15.518,,,547-045838,08435926+1918581,5037-301-1-0119-0258,STAR,JHK,rpm,-35,5.1,-12,5.3,,,,,,,,,,,,,,,,,13.084,0.023,12.492,0.027,12.163,0.025,3542,69,110,5.019,0.054,0.03,0.066,0.15,0.15,0.251,0.03,0.037,0.254,0.037,0.046,14.84,5.087,2.497,99.16,13.65,18.49,0.015,0.005,0.005,,,
1550,1550,1550,211939484,08 45 52.803,+19 19 00.67,1,15.849,,,547-045897,08455280+1919006,,STAR,gri,rpm,-44.4,4.1,-10.1,4.2,,,18.305,0.27,16.908,0.096,,,17.806,0.093,16.064,0.076,15.01,0.092,,,12.952,0.023,12.358,0.022,12.103,0.019,3432,136,68,5.058,0.05,0.05,0.039,0.15,0.09,0.22,0.05,0.032,0.21,0.062,0.042,18.4,6.71,4.917,80.02,21.18,16.75,0.011,0.006,0.005,,,
1551,1551,1551,211939516,09 11 28.159,+19 19 02.82,1,16.575,,,,09112815+1919028,5112-301-3-0189-0203,STAR,gri,rpm,19,3,-50,3,,,,,,,20.948,0.068,18.497,0.008,17.168,0.006,15.751,0.005,15.013,0.006,13.558,0.024,12.945,0.023,12.693,0.024,3754,89,111,4.939,0.045,0.054,0.016,0.12,0.18,0.337,0.045,0.039,0.373,0.045,0.063,9.239,2.259,1.815,184.9,26.8,33.98,0.026,0.007,0.006,,,
1552,1552,1552,211939539,08 57 49.900,+19 19 03.86,1,17.53,,,,,5061-301-2-0137-0311,EXTENDED,gri,,-5,2,6,2,,,,,,,18.483,0.03,17.693,0.008,17.476,0.009,17.751,0.053,17.305,0.043,,,,,,,,,,,,,,,,,,,,,,,,,,,,,,,,,
1553,1553,1553,211939542,08 40 44.267,+19 19 04.04,1,14.065,,,547-045702,08404426+1919040,,STAR,gri,rpm,-5.6,2.4,6.1,3,,,15.343,0.05,14.321,0.038,,,14.806,0.038,14.026,0.046,13.748,0.11,,,12.631,0.022,12.12,0.023,11.989,0.023,4936,98,78,3.746,0.882,0.882,-0.231,0.25,0.4,1.995,3.081,1.324,0.89,0.187,0.117,0.083,1.582,0.079,1110,1263,781,0.031,0.011,0.007,,,
1554,1554,1554,211939601,08 43 02.744,+19 19 07.19,1,18.08,,,,08430274+1919071,,STAR,JHK,col,,,,,,,,,,,,,,,,,,,,,16.209,0.112,15.513,0.143,15.465,0.195,4122,609,435,4.839,0.165,0.165,-0.296,0.25,0.35,0.44,0.177,0.166,0.468,0.173,0.208,5.459,7.576,2.816,867.3,588.7,401.5,0.032,0.011,0.007,,,
1555,1555,1555,211939630,08 39 44.508,+19 19 09.11,1,18.34,,,,08394450+1919091,,STAR,J,,,,,,,,,,,,,,,,,,,,,,16.78,0.154,,,,,,,,,,,,,,,,,,,,,,,,,,,,,,,
1556,1556,1556,211939641,08 45 03.900,+19 19 09.74,1,17.2,,,,08450390+1919097,5037-301-1-0121-0289,STAR,gri,rpm,-39,3,14,3,,,,,,,21.53,0.089,18.898,0.009,17.378,0.006,16.472,0.005,15.977,0.007,14.681,0.035,14.113,0.04,13.892,0.048,3501,56,35,5.106,0.028,0.049,-0.213,0.08,0.08,0.196,0.029,0.016,0.184,0.037,0.018,23.04,4.532,4.906,154.9,29.37,10.01,0.021,0.004,0.005,,,
1557,1557,1557,211939642,08 45 15.148,+19 19 09.81,1,13.81,,,547-045879,08451514+1919097,,STAR,gri,lam,-0.4,2.4,-0.6,2.4,,,15.013,0.02,14.052,0.02,,,14.507,0.03,13.791,0.01,13.511,0.05,,,12.446,0.021,11.992,0.021,11.917,0.021,5017,121,121,3.687,0.1,0.12,-0.009,0.12,0.12,2.566,0.397,0.29,1.228,0.09,0.107,0.064,0.029,0.02,1231,173.9,110.9,0.033,0.01,0.007,,,
1558,1558,1558,211939646,08 53 23.791,+19 19 09.99,1,14.736,,,547-046196,08532378+1919100,,STAR,JHK,col,,,,,,,,,,,,,,,,,,,,,12.514,0.02,11.918,0.023,11.665,0.018,3578,104,146,5.026,0.084,0.06,-0.026,0.12,0.18,0.249,0.065,0.059,0.254,0.076,0.076,14.28,8.509,4.053,79.31,23.33,24.03,0.012,0.006,0.005,,,
1559,1559,1559,211939687,09 09 48.672,+19 19 12.64,1,14.609,,,547-046738,09094867+1919126,5112-301-3-0187-0004,STAR,gri,rpm,-17.9,3.2,-0.8,3.5,,,15.665,0.01,14.802,0.03,,,15.15,0.02,14.551,0.01,14.377,0.07,,,13.341,0.023,12.899,0.031,12.82,0.02,5367,105,105,4.552,0.04,0.064,-0.335,0.25,0.35,0.783,0.105,0.067,0.817,0.087,0.072,1.615,0.304,0.39,619.6,109,59.7,0.033,0.007,0.007,,,
1560,1560,1560,211939765,08 54 17.101,+19 19 16.87,1,13.088,,,547-046222,08541709+1919168,,STAR,gri,lam,-2.7,1.7,-0.2,1.8,,,14.415,0.03,13.357,0.03,,,13.87,0.04,13.044,0.04,12.752,0.02,,,11.53,0.021,10.964,0.023,10.876,0.018,4794,95,76,3.097,0.152,0.095,-0.115,0.09,0.15,5.09,0.504,0.795,1.192,0.085,0.102,0.009,0.006,0.002,1481,159.4,210.5,0.033,0.007,0.005,,,
1561,1561,1561,211939797,08 46 10.552,+19 19 18.49,1,18.209,,,,08461055+1919184,5071-301-4-0118-0197,STAR,gri,rpm,45,4,-8,4,,,,,,,22.45,0.241,19.645,0.013,18.228,0.008,17.594,0.007,17.215,0.013,16.011,0.091,15.565,0.125,15.452,0.181,3793,45,45,5.037,0.056,0.04,-0.438,0.08,0.12,0.248,0.036,0.037,0.246,0.049,0.049,15.62,4.97,3.212,404.2,65.26,66.45,0.031,0.01,0.007,,,
1562,1562,1562,211939807,09 06 30.132,+19 19 19.05,1,16.396,,,,09063013+1919190,5112-301-4-0182-0299,EXTENDED,gri,,-2,2,-23,2,,,,,,,19.196,0.068,17.384,0.007,16.418,0.005,15.973,0.005,15.615,0.015,15.908,0.114,14.947,0.145,14.607,0.111,,,,,,,,,,,,,,,,,,,,,,,,,,,
1563,1563,1563,211939853,09 07 48.777,+19 19 21.04,1,12.836,,,547-046680,09074876+1919210,,STAR,gri,rpm,0.4,2.4,-12.6,3,,,13.914,0.03,13.14,0.03,,,13.443,0.04,12.871,0.041,12.576,0.02,,,11.495,0.024,11.004,0.03,10.914,0.021,5124,102,82,2.736,0.702,0.39,-0.948,0.35,0.42,5.929,3.598,3.153,0.891,0.052,0.031,0.004,0.029,0.003,1892,971.5,994.6,0.034,0.007,0.005,,,
1564,1564,1564,211939879,08 53 37.101,+19 19 22.45,1,12.047,,,547-046204,08533709+1919225,,STAR,gri,rpm,0.6,3.3,-4.9,1.1,,,12.611,0.01,12.078,0.01,,,12.29,0.02,11.97,0.01,11.942,0.02,,,11.156,0.022,10.893,0.021,10.84,0.018,6371,76,102,4.16,0.15,0.275,-0.084,0.12,0.21,1.489,0.693,0.259,1.24,0.208,0.149,0.341,0.218,0.214,500.1,243,89.85,0.031,0.008,0.005,,,
1565,1565,1565,211939907,09 09 54.275,+19 19 23.52,1,13.834,,,547-046742,09095426+1919236,,STAR,gri,rpm,20.8,3.3,-20.2,3.5,,,15.65,0.03,14.396,0.03,,,15.03,0.01,13.889,0.01,13.321,0.02,,,11.842,0.022,11.207,0.022,11.054,0.018,4047,129,40,4.781,0.02,0.039,0.181,0.05,0.06,0.506,0.048,0.01,0.573,0.057,0.011,4.345,0.261,0.689,132.4,22.58,3.971,0.011,0.011,0.001,,,
1566,1566,1566,211939950,09 06 39.084,+19 19 26.13,1,19.594,,,,,5112-301-4-0182-0185,EXTENDED,gri,,13,3,-1,3,,,,,,,21.445,0.189,19.973,0.029,19.627,0.037,19.432,0.042,20.709,0.47,,,,,,,,,,,,,,,,,,,,,,,,,,,,,,,,,
1567,1567,1567,211939969,08 41 26.021,+19 19 27.15,1,13.134,,,547-045732,08412602+1919272,,STAR,gri,rpm,-5.8,3,1.1,2.7,,,15.066,0.02,13.609,0.01,,,14.336,0.02,13.079,0.042,12.619,0.03,,,11.136,0.022,10.365,0.023,10.195,0.02,4067,81,48,1.259,0.128,0.48,-0.42,0.09,0.72,38.09,28.562,5.28,0.956,0.019,0.127,1.70E-05,9.18E-06,1.36E-05,6219,5330,650.8,0.033,0.006,0.002,,,
1568,1568,1568,211939981,09 05 52.650,+19 19 28.11,1,14.327,,,547-046616,09055265+1919282,5112-301-4-0181-0225,STAR,JHK,rpm,-34.1,5.9,-1.6,6.1,,,,,,,,,,,,,,,,,12.06,0.023,11.442,0.031,11.197,0.021,3806,87,196,4.951,0.048,0.064,0.07,0.08,0.42,0.319,0.073,0.039,0.35,0.087,0.049,10.02,2.138,2.878,85.5,24.34,6.438,0.013,0.005,0.003,,,
1569,1569,1569,211939989,08 39 15.381,+19 19 28.44,1,18.301,,,,08391538+1919284,5061-301-6-0110-0476,STAR,gri,rpm,-33,4,-13,4,,,,,,,22.642,0.253,20.519,0.021,19.029,0.011,17.35,0.006,16.444,0.008,14.863,0.035,14.179,0.037,13.994,0.054,3556,109,130,5.071,0.042,0.035,-0.175,0.2,0.16,0.219,0.025,0.031,0.213,0.032,0.038,18.61,5.923,2.952,196.6,29.13,34.58,0.025,0.01,0.008,,,
1570,1570,1570,211940006,08 51 04.424,+19 19 29.13,1,18.631,,,,,5071-301-3-0125-0159,EXTENDED,gri,,-3,3,2,3,,,,,,,19.749,0.04,18.848,0.029,18.558,0.01,18.357,0.011,18.22,0.034,,,,,,,,,,,,,,,,,,,,,,,,,,,,,,,,,
1571,1571,1571,211940060,08 57 09.580,+19 19 32.72,1,12.621,,,547-046329,08570958+1919326,,STAR,gri,rpm,-4.6,2,-4.8,1.5,,,13.302,0.04,12.739,0.02,,,12.936,0.04,12.61,0.01,12.486,0.02,,,11.682,0.022,11.367,0.023,11.336,0.02,6092,145,97,4.097,0.248,0.155,-0.281,0.25,0.35,1.445,0.366,0.391,1.037,0.184,0.115,0.285,0.486,0.121,609.9,157.9,168.1,0.031,0.012,0.006,,,
1572,1572,1572,211940076,09 14 45.410,+19 19 33.64,1,14.212,,,547-046879,09144540+1919336,,STAR,gri,rpm,8.2,3.2,-5.4,3.5,,,15.681,0.06,14.574,0.02,,,15.137,0.02,14.173,0.047,13.816,0.07,,,12.572,0.024,12.02,0.022,11.925,0.025,4682,75,94,4.633,0.035,0.035,-0.076,0.2,0.2,0.689,0.051,0.048,0.754,0.058,0.058,2.264,0.372,0.319,316.6,36.02,27.19,0.029,0.01,0.005,,,
1573,1573,1573,211940077,08 54 34.827,+19 19 33.68,1,17.713,,,,08543482+1919336,5071-301-2-0130-0178,EXTENDED,gri,,-1,3,4,3,,,,,,,20.327,0.09,18.801,0.012,17.741,0.008,17.246,0.008,16.905,0.016,16.184,0.101,15.406,0.104,14.883,0.108,,,,,,,,,,,,,,,,,,,,,,,,,,,
1574,1574,1574,211940093,08 39 02.282,+19 19 34.48,1,12.11,,,547-045613,08390228+1919343,,STAR,gri,rpm,-33.3,1.3,-10.7,1.3,,,13.306,0.01,12.366,0.02,,,12.814,0.01,12.044,0.01,11.808,0.01,,,10.73,0.022,10.372,0.021,10.259,0.019,5213,52,126,4.512,0.07,0.686,0.092,0.2,0.16,0.859,1.205,0.084,0.911,0.207,0.074,1.382,0.374,1.263,199,251.8,25.35,0.031,0.01,0.01,,,
1575,1575,1575,211940131,09 08 02.895,+19 19 37.28,1,19.234,,,,,5080-301-4-0159-0296,STAR,gri,,-1,3,-3,3,,,,,,,19.563,0.029,19.193,0.01,19.248,0.012,19.048,0.014,19.049,0.046,,,,,,,,,,,,,,,,,,,,,,,,,,,,,,,,,
1576,1576,1576,211940190,08 57 52.541,+19 19 40.88,1,14.629,,,547-046356,08575254+1919408,5061-301-2-0137-0135,STAR,gri,rpm,2.2,4.7,1.2,5.1,,,15.782,0.1,14.829,0.02,,,15.269,0.06,14.565,0.05,14.355,0.09,,,13.212,0.023,12.753,0.024,12.707,0.023,5139,123,103,3.79,0.77,0.42,-0.282,0.25,0.4,1.905,1.236,1.204,0.891,0.22,0.092,0.115,1.616,0.089,1390,784.6,900.7,0.033,0.01,0.007,,,
1577,1577,1577,211940239,08 46 36.144,+19 19 43.35,1,16.207,,,,08463614+1919433,5071-301-4-0118-0294,EXTENDED,gri,,1,2,0,2,,,,,,,19.246,0.036,17.208,0.004,16.223,0.004,15.778,0.003,15.407,0.006,14.604,0.051,13.956,0.053,13.549,0.053,,,,,,,,,,,,,,,,,,,,,,,,,,,
1578,1578,1578,211940266,09 10 02.802,+19 19 45.66,1,13.516,,,547-046746,09100280+1919457,,STAR,gri,rpm,2.8,2.6,-3.6,3,,,14.907,0.05,13.85,0.03,,,14.323,0.02,13.52,0.01,13.17,0.03,,,11.935,0.023,11.372,0.021,11.228,0.017,4741,56,47,1.22,1.23,0.12,-2.108,1.35,0.25,36.101,5.502,26.38,0.799,0.112,0.016,1.65E-05,0.001,5.68E-06,11880,1854,8564,0.036,0.007,0.007,,,
1579,1579,1579,211940270,08 50 30.765,+19 19 45.79,1,18.17,,,,08503076+1919457,5071-301-3-0124-0270,EXTENDED,gri,,0,3,0,3,,,,,,,20.762,0.085,19.052,0.011,18.103,0.008,17.792,0.024,17.38,0.017,16.529,0.123,15.748,0.132,15.342,0.142,,,,,,,,,,,,,,,,,,,,,,,,,,,
1580,1580,1580,211940322,08 44 48.304,+19 19 48.99,1,16.517,,,,08444830+1919489,5037-301-1-0121-0218,EXTENDED,gri,,8,2,6,4,,,,,,,19.475,0.038,17.533,0.006,16.569,0.004,16.081,0.004,15.715,0.008,15.137,0.058,14.302,0.076,13.933,0.072,,,,,,,,,,,,,,,,,,,,,,,,,,,
1581,1581,1581,211940334,08 41 38.478,+19 19 49.83,1,17.773,,,,08413847+1919498,,STAR,J,col,,,,,,,,,,,,,,,,,,,,,16.257,0.107,15.495,0.139,15.048,0.144,3888,428,357,4.923,0.14,0.168,-0.208,0.24,0.32,0.343,0.159,0.126,0.375,0.179,0.179,8.224,9.158,4.333,677.2,459.7,313.5,0.032,0.008,0.007,,,
1582,1582,1582,211940351,09 10 58.502,+19 19 51.07,1,11.219,,1404-1660-1,547-046765,09105849+1919512,,STAR,gri,rpm,-35.7,1.5,18.2,1.6,,,11.944,0.103,11.18,0.068,,,11.558,0.01,11.191,0.01,11.074,0.01,,,10.23,0.022,9.934,0.023,9.876,0.018,6085,98,98,4.248,0.13,0.208,-0.344,0.25,0.35,1.227,0.335,0.195,0.99,0.137,0.114,0.485,0.358,0.253,261.3,65.54,44.46,0.029,0.007,0.006,,,
1583,1583,1583,211940369,09 06 29.968,+19 19 51.74,1,14.6,,,547-046637,09062996+1919518,5112-301-4-0182-0055,STAR,gri,rpm,-12.4,4.1,-2.7,3,,,15.799,0.04,14.921,0.08,,,15.337,0.06,14.565,0.02,14.285,0.1,,,13.175,0.024,12.654,0.029,12.643,0.028,4978,99,99,4.599,0.035,1.057,-0.177,0.2,0.32,0.737,2.052,0.055,0.808,0.116,0.072,1.894,0.373,1.854,488.8,1387,51.14,0.033,0.008,0.008,,,
1584,1584,1584,211940389,08 42 29.683,+19 19 52.62,1,18.4,,,,08422968+1919526,5071-301-5-0112-0397,STAR,gri,rpm,-31,3,-12,3,,,,,,,22.684,0.259,20.616,0.025,19.15,0.012,17.451,0.007,16.526,0.008,15.017,0.04,14.347,0.047,14.053,0.055,3536,129,108,5.057,0.035,0.042,-0.089,0.2,0.2,0.228,0.033,0.024,0.222,0.044,0.031,17.79,3.599,3.529,214.1,40,28.48,0.028,0.01,0.007,,,
1585,1585,1585,211940393,09 02 39.862,+19 19 52.96,1,17.356,,,,09023986+1919529,5061-301-1-0144-0144,EXTENDED,gri,,-29,4,40,4,,,,,,,19.377,0.072,18.095,0.009,17.395,0.007,17.039,0.009,16.737,0.023,16.737,0.161,16.096,0.199,,,,,,,,,,,,,,,,,,,,,,,,,,,,,
1586,1586,1586,211940402,08 52 37.072,+19 19 53.44,1,14.767,,,,,5061-301-3-0129-0344,EXTENDED,gri,,5,2,3,2,,,,,,,16.872,0.015,15.494,0.003,14.835,0.003,14.456,0.003,14.141,0.006,,,,,,,,,,,,,,,,,,,,,,,,,,,,,,,,,
1587,1587,1587,211940500,08 53 21.240,+19 19 58.70,1,11.995,,1397-97-1,547-046189,,,STAR,gri,,,,,,,,12.253,0.401,10.198,0.071,,,12.328,0.02,11.916,0.01,11.852,0.06,,,,,,,,,,,,,,,,,,,,,,,,,,,,,,,,,,,
1588,1588,1588,211940522,08 53 21.106,+19 19 59.83,1,12.594,,,,08532110+1919598,,STAR,JHK,col,,,,,,,,,,,,,,,,,,,,,11.499,0.024,11.224,0.026,11.173,0.023,6053,218,145,4.242,0.15,0.24,-0.163,0.2,0.36,1.275,0.488,0.234,1.064,0.155,0.155,0.473,0.349,0.278,493.8,160.8,103.4,0.031,0.01,0.007,,,
1589,1589,1589,211940564,08 44 19.826,+19 20 01.74,1,12.527,,,547-045854,08441982+1920017,,STAR,gri,rpm,-36.4,1.5,-41.9,2.2,,,13.683,0.02,12.769,0.031,,,13.201,0.04,12.467,0.041,12.239,0.05,,,11.205,0.022,10.764,0.021,10.671,0.02,5142,103,103,4.573,0.042,0.036,-0.078,0.12,0.3,0.781,0.054,0.062,0.84,0.052,0.073,1.735,0.303,0.21,219,46,38.02,0.025,0.011,0.008,,,
1590,1590,1590,211940576,08 39 15.729,+19 20 02.48,1,18.5,,,,08391572+1920024,5061-301-6-0110-0478,STAR,gri,rpm,-33,5,-9,5,,,,,,,23.639,0.54,20.736,0.025,19.251,0.012,17.541,0.007,16.614,0.009,15.001,0.038,14.463,0.048,14.175,0.06,3453,140,100,5.082,0.035,0.049,-0.034,0.15,0.21,0.211,0.033,0.024,0.197,0.039,0.034,20.81,4.793,4.583,190.8,33.38,28.41,0.025,0.008,0.006,,,
1591,1591,1591,211940622,09 09 24.549,+19 20 04.87,1,17.533,,,,09092454+1920048,5080-301-4-0161-0275,EXTENDED,gri,,-1,3,-1,3,,,,,,,20.092,0.06,18.403,0.008,17.535,0.006,17.16,0.006,16.886,0.015,16.077,0.092,15.395,0.108,14.946,0.116,,,,,,,,,,,,,,,,,,,,,,,,,,,
1592,1592,1592,211940643,08 57 39.944,+19 20 05.82,1,17.097,,,,,5061-301-2-0137-0020,EXTENDED,gri,,,,,,,,,,,,18.861,0.061,17.514,0.01,17.114,0.011,16.918,0.015,16.742,0.042,,,,,,,,,,,,,,,,,,,,,,,,,,,,,,,,,
1593,1593,1593,211940667,08 39 59.441,+19 20 06.95,1,12.381,,,547-045666,08395944+1920070,,STAR,gri,rpm,1.3,1.6,-31.5,1.3,,,13.181,0.03,12.521,0.01,,,12.786,0.02,12.345,0.01,12.207,0.02,,,11.326,0.02,11.037,0.024,10.949,0.02,5959,95,118,4.345,0.1,0.2,-0.233,0.25,0.25,1.086,0.378,0.127,0.976,0.134,0.084,0.746,0.296,0.411,377.7,118.8,53.25,0.032,0.011,0.009,,,
1594,1594,1594,211940684,09 05 54.175,+19 20 08.11,1,17.173,,,,09055417+1920081,5112-301-4-0181-0238,EXTENDED,gri,,1,2,1,2,,,,,,,19.957,0.062,18.135,0.007,17.201,0.006,16.76,0.006,16.425,0.014,15.712,0.077,15.018,0.089,14.848,0.107,,,,,,,,,,,,,,,,,,,,,,,,,,,
1595,1595,1595,211940690,09 09 48.952,+19 20 08.60,1,11.414,,1404-433-1,547-046739,09094894+1920086,,STAR,gri,rpm,-7.9,1.6,-35.8,1.7,,,12.288,0.175,11.562,0.117,,,11.952,0.02,11.371,0.01,11.184,0.02,,,10.206,0.022,9.777,0.021,9.726,0.022,5348,106,85,3.771,0.759,0.345,-0.514,0.4,0.56,2.01,0.797,1.221,0.891,0.099,0.045,0.112,1.356,0.081,359.2,129.8,216.9,0.026,0.01,0.007,,,
1596,1596,1596,211940706,08 53 36.031,+19 20 09.45,1,11.471,,,547-046201,08533602+1920094,,STAR,gri,rpm,-5.8,1.2,-5.3,1.5,,,13.031,0.02,11.771,0.02,,,12.426,0.01,11.346,0.03,11.061,0.01,,,9.694,0.02,9.101,0.021,8.952,0.018,4505,45,45,2.391,0.162,0.09,0.142,0.1,0.1,11.919,0.882,2.298,1.286,0.13,0.108,7.40E-04,6.19E-04,1.79E-04,1336,91.63,216.6,0.035,0.013,0.009,,,
1597,1597,1597,211940712,09 02 53.656,+19 20 09.73,1,15.132,,,547-046506,09025365+1920097,5061-301-1-0144-0069,STAR,gri,rpm,0.5,6.6,0.2,6,,,16.403,0.04,15.381,0.06,,,15.904,0.01,15.057,0.02,14.801,0.05,,,13.563,0.027,13.056,0.029,12.876,0.023,4861,78,78,4.608,0.024,0.918,-0.06,0.16,0.2,0.732,1.977,0.047,0.796,0.176,0.059,1.985,0.268,1.93,557.1,1451,39.57,0.034,0.011,0.009,,,
1598,1598,1598,211940856,09 07 23.302,+19 20 17.34,1,14.539,,,547-046665,09072330+1920172,5080-301-4-0158-0137,STAR,gri,rpm,-10.3,4.7,-14.8,5.1,,,15.73,0.02,14.809,0.08,,,15.213,0.01,14.518,0.03,14.25,0.04,,,13.236,0.024,12.783,0.032,12.728,0.031,5157,82,102,4.578,0.035,0.084,-0.282,0.25,0.3,0.754,0.095,0.071,0.811,0.094,0.094,1.817,0.343,0.39,537.7,98.13,60.68,0.034,0.011,0.008,,,
1599,1599,1599,211940869,08 57 06.312,+19 20 17.88,1,14.213,,,547-046326,08570631+1920178,,STAR,gri,rpm,1.7,4.5,16.5,4.8,,,16.297,0.09,14.841,0.04,,,15.582,0.07,14.275,0.047,13.626,0.01,,,12.186,0.023,11.48,0.025,11.284,0.017,3948,47,47,4.845,0.025,0.035,0.045,0.06,0.06,0.443,0.031,0.025,0.506,0.031,0.031,5.644,0.689,0.728,136.8,13.89,14.99,0.023,0.005,0.005,,,
1600,1600,1600,211940888,08 39 19.233,+19 20 18.82,1,12.448,,,547-045633,08391923+1920187,,STAR,gri,rpm,-5.8,1.2,-3.3,1.4,,,13.159,0.02,12.543,0.01,,,12.788,0.01,12.389,0.02,12.302,0.02,,,11.435,0.022,11.19,0.023,11.11,0.019,6120,123,98,4.143,0.2,0.28,-0.062,0.12,0.21,1.506,0.614,0.382,1.194,0.173,0.144,0.337,0.335,0.209,558.4,261.1,133.8,0.034,0.008,0.007,,,
1601,1601,1601,211941002,08 39 07.112,+19 20 24.87,1,13.885,,,547-045619,08390711+1920248,,STAR,gri,lam,-7.1,2.1,-37,2.5,,,14.723,0.04,14.069,0.02,,,14.38,0.01,13.867,0.01,13.672,0.02,,,12.687,0.02,12.254,0.023,12.221,0.023,5460,130,65,3.365,0.182,0.078,-1.717,0.09,0.12,3.038,0.253,0.551,0.8,0.056,0.016,0.027,0.025,0.005,1621,739.3,122,0.033,0.003,0.005,,,
1602,1602,1602,211941020,08 42 24.481,+19 20 26.06,1,17.402,,,,08422448+1920260,5071-301-5-0112-0326,EXTENDED,gri,,1,3,-4,3,,,,,,,20.152,0.094,18.556,0.013,17.409,0.008,16.908,0.008,16.577,0.016,16.301,0.124,15.276,0.113,14.703,0.109,,,,,,,,,,,,,,,,,,,,,,,,,,,
1603,1603,1603,211941123,08 51 15.931,+19 20 31.30,1,14.57,,,547-046118,,5071-301-3-0125-0048,EXTENDED,gri,,4.1,3.8,-4.1,3.8,,,15.979,0.05,14.915,0.01,,,15.441,0.01,14.567,0.02,14.197,0.06,,,,,,,,,,,,,,,,,,,,,,,,,,,,,,,,,,,
1604,1604,1604,211941134,09 09 16.393,+19 20 31.81,1,11.678,,1404-585-1,547-046725,09091639+1920318,,STAR,gri,rpm,-15.7,1.6,4.5,1.8,,,12.158,0.152,12.019,0.186,,,11.807,0.01,11.635,0.03,11.558,0.03,,,10.857,0.023,10.642,0.034,10.627,0.018,6815,191,109,4.194,0.078,0.143,-0.117,0.12,0.09,1.526,0.352,0.163,1.392,0.113,0.136,0.376,0.097,0.16,484.6,146.1,55.48,0.032,0.007,0.006,,,
1605,1605,1605,211941138,09 11 11.696,+19 20 31.94,1,17.243,,,,,5112-301-3-0189-0138,EXTENDED,gri,,5,3,9,3,,,,,,,18.852,0.065,17.649,0.022,17.217,0.018,17.069,0.027,17.009,0.072,,,,,,,,,,,,,,,,,,,,,,,,,,,,,,,,,
1606,1606,1606,211941229,09 08 24.384,+19 20 37.42,1,16.646,,,,09082438+1920374,,STAR,J,col,,,,,,,,,,,,,,,,,,,,,15.209,0.065,14.548,0.081,14.115,0.081,3709,408,291,4.962,0.115,0.161,-0.132,0.2,0.28,0.302,0.15,0.1,0.317,0.201,0.143,9.779,11.71,5.33,360.3,251.5,148.1,0.029,0.01,0.008,,,
1607,1607,1607,211941293,08 43 41.567,+19 20 40.96,1,17.685,,,,,5061-301-5-0116-0268,STAR,gri,,,,,,,,,,,,21.118,0.071,18.868,0.009,17.675,0.006,17.178,0.006,16.915,0.01,,,,,,,,,,,,,,,,,,,,,,,,,,,,,,,,,
1608,1608,1608,211941323,09 04 40.111,+19 20 42.40,1,16.579,,,,09044011+1920424,5112-301-4-0179-0245,EXTENDED,gri,,4,4,10,3,,,,,,,19.2,0.045,17.509,0.006,16.628,0.005,16.18,0.005,15.841,0.011,15.341,0.068,14.585,0.082,14.188,0.087,,,,,,,,,,,,,,,,,,,,,,,,,,,
1609,1609,1609,211941324,08 59 09.396,+19 20 42.55,1,14.312,,,547-046398,08590940+1920427,5071-301-1-0137-0010,STAR,gri,rpm,-1.2,4.7,0.6,5.1,,,15.518,0.03,14.591,0.01,,,15.002,0.03,14.343,0.01,14.017,0.04,,,12.894,0.023,12.387,0.023,12.318,0.018,5034,79,118,2.949,0.495,1.287,-0.881,0.35,1.12,4.668,13.5,1.9,0.892,0.088,0.106,0.008,0.034,0.008,2575,7327,1041,0.035,0.008,0.007,,,
1610,1610,1610,211941340,09 07 35.843,+19 20 43.52,1,16.74,,,,09073584+1920435,5080-301-4-0159-0248,STAR,gri,rpm,-47,3,-11,3,,,,,,,21.243,0.091,18.751,0.008,17.284,0.005,15.878,0.004,15.104,0.005,13.747,0.024,13.148,0.035,12.82,0.026,3466,121,121,5.076,0.045,0.054,-0.016,0.12,0.15,0.208,0.045,0.027,0.201,0.048,0.041,20.59,5.332,5.674,109.6,24.62,20.1,0.017,0.006,0.005,,,
1611,1611,1611,211941362,08 53 22.077,+19 20 45.04,1,11.654,,,547-046192,08532207+1920450,,STAR,gri,rpm,1.1,1.9,-22.6,1.5,,,12.465,0.01,11.753,0.01,,,12.078,0.03,11.569,0.04,11.472,0.01,,,10.598,0.02,10.291,0.021,10.192,0.017,5868,92,138,4.371,0.095,0.399,-0.017,0.18,0.15,1.085,0.701,0.133,1.061,0.105,0.075,0.798,0.329,0.597,265.9,166.5,37.48,0.028,0.014,0.008,,,
1612,1612,1612,211941379,08 51 13.263,+19 20 45.96,1,16.971,,,,08511326+1920459,5071-301-3-0125-0050,EXTENDED,gri,,1,2,4,2,,,,,,,18.81,0.023,17.618,0.005,17.063,0.005,16.693,0.005,16.502,0.01,15.547,0.068,14.859,0.089,14.415,0.06,,,,,,,,,,,,,,,,,,,,,,,,,,,
1613,1613,1613,211941382,08 39 13.719,+19 20 46.13,1,13.828,,,547-045626,08391371+1920460,,STAR,gri,rpm,1.4,2.8,3.4,2.6,,,15.052,0.02,14.116,0.02,,,14.558,0.037,13.769,0.03,13.515,0.067,,,12.363,0.02,11.911,0.021,11.81,0.023,4997,119,79,3.518,0.99,0.45,-0.289,0.25,0.3,2.842,1.883,2.044,0.964,0.211,0.175,0.046,1.533,0.035,1270,778.3,915,0.035,0.008,0.007,,,
1614,1614,1614,211941383,09 04 40.064,+19 20 46.23,1,18.176,,,,,5112-301-4-0179-0246,EXTENDED,gri,,,,,,,,,,,,20.777,0.177,18.957,0.017,18.21,0.014,17.842,0.016,17.624,0.052,,,,,,,,,,,,,,,,,,,,,,,,,,,,,,,,,
1615,1615,1615,211941407,08 40 36.739,+19 20 47.80,1,14.88,,,547-045696,08403674+1920478,,STAR,gri,lam,-0.3,3.8,-1,4.2,,,16.032,0.02,15.078,0.05,,,15.516,0.02,14.812,0.02,14.607,0.01,,,13.491,0.022,13.069,0.023,12.966,0.028,5040,121,121,3.695,0.136,0.102,-0.014,0.08,0.16,2.674,0.152,0.664,1.142,0.168,0.144,0.068,0.05,0.016,2014,134.1,457.8,0.032,0.01,0.007,,,
1616,1616,1616,211941458,08 49 57.403,+19 20 50.15,1,12.559,,,547-046066,08495740+1920501,,STAR,gri,rpm,6.2,1.2,-25.3,1.4,,,13.474,0.02,12.702,0.01,,,13.056,0.01,12.486,0.01,12.346,0.02,,,11.354,0.022,11.063,0.028,10.968,0.021,5693,90,113,4.435,0.055,0.066,0.037,0.1,0.14,0.987,0.09,0.071,0.991,0.059,0.059,1.008,0.218,0.211,334.7,25.93,35.44,0.032,0.014,0.01,,,
1617,1617,1617,211941468,08 38 31.254,+19 20 50.60,1,16.752,,,,08383125+1920506,,STAR,J,col,,,,,,,,,,,,,,,,,,,,,15.307,0.056,14.611,0.065,14.109,0.07,3603,345,345,5.019,0.13,0.13,-0.083,0.18,0.24,0.257,0.128,0.099,0.263,0.179,0.112,14.3,14.56,7.213,293.7,203.9,137.7,0.027,0.01,0.01,,,
1618,1618,1618,211941472,08 41 47.658,+19 20 50.99,1,11.788,,,547-045751,08414765+1920510,,STAR,gri,rpm,-2.8,0.8,-2.8,1,,,12.633,0.01,11.949,0.02,,,12.24,0.02,11.789,0.04,11.594,0.08,,,10.776,0.02,10.472,0.021,10.387,0.019,5916,140,140,3.993,0.408,0.204,-0.144,0.25,0.3,1.676,0.59,0.642,1.126,0.284,0.171,0.198,0.601,0.106,457.6,183.4,181.6,0.03,0.014,0.009,,,
1619,1619,1619,211941508,08 55 58.227,+19 20 52.52,1,17.623,,,,08555822+1920525,5071-301-2-0132-0186,EXTENDED,gri,,-1,2,0,2,,,,,,,19.749,0.047,18.443,0.008,17.683,0.007,17.271,0.007,16.994,0.015,16.307,0.114,15.504,0.11,15.058,0.109,,,,,,,,,,,,,,,,,,,,,,,,,,,
1620,1620,1620,211941566,09 05 21.955,+19 20 55.42,1,14.647,,,547-046595,09052196+1920555,5112-301-4-0180-0120,STAR,gri,rpm,-4.5,4.6,-2.4,5,,,15.821,0.07,14.885,0.06,,,15.284,0.05,14.584,0.04,14.374,0.19,,,13.259,0.023,12.818,0.026,12.711,0.028,5177,124,103,4.539,0.05,1,-0.232,0.25,0.4,0.837,1.947,0.098,0.879,0.154,0.092,1.518,0.35,1.472,603.6,1291,70.57,0.033,0.01,0.008,,,
1621,1621,1621,211941577,08 52 48.343,+19 20 56.03,1,17.958,,,,08524834+1920560,,STAR,J,,14,0,6,12,,,,,,,,,,,,,,,,,16.427,0.184,15.88,0.209,,,,,,,,,,,,,,,,,,,,,,,,,,,,,
1622,1622,1622,211941583,08 40 20.142,+19 20 56.41,1,6.77,42542,1395-2024-1,547-045685,08402013+1920564,,STAR,BV,plx,-38.48,1.17,-8.52,0.83,7.15,1.11,7.018,0.015,6.752,0.011,,,,,,,,,,,6.169,0.021,,,6.045,0.017,7536,150,90,3.557,0.112,0.024,0.052,0.08,0.1,4.258,0.156,0.657,2.385,0.098,0.157,0.03,0.016,0.002,211.5,31.5,31.5,0.024,0.007,0.006,,,
1623,1623,1623,211941641,09 05 16.632,+19 20 59.72,1,16.496,,,,09051663+1920597,5112-301-4-0180-0287,EXTENDED,gri,,-3,2,2,2,,,,,,,19.464,0.043,17.476,0.005,16.496,0.004,16.076,0.004,15.747,0.009,15.014,0.053,14.308,0.06,13.902,0.06,,,,,,,,,,,,,,,,,,,,,,,,,,,
1624,1624,1624,211941698,08 52 20.019,+19 21 02.79,1,9.327,43564,1396-1181-1,547-046154,08522001+1921028,,STAR,gri,plx,-0.9,1,-3.75,0.73,0.74,0.97,8.359,0.017,8.499,0.016,,,9.523,0.03,9.261,0.04,8.853,0.06,,,8.656,0.026,8.774,0.026,8.797,0.018,7770,138,77,3.778,0.198,0.132,0.087,0.08,0.08,3.07,0.537,0.698,2.161,0.138,0.221,0.066,0.076,0.023,1351,1771,1771,0.03,0.011,0.005,,,
1625,1625,1625,211941775,08 58 19.392,+19 21 07.04,1,18.037,,,,08581939+1921070,,STAR,J,col,,,,,,,,,,,,,,,,,,,,,16.499,0.124,15.701,0.153,15.229,0.135,3818,426,355,4.95,0.13,0.182,-0.254,0.25,0.3,0.314,0.157,0.121,0.353,0.2,0.166,9.552,10.64,5.661,730.7,513,344.7,0.032,0.01,0.007,,,
1626,1626,1626,211941847,09 06 19.812,+19 21 11.15,1,14.015,,,547-046634,09061981+1921112,,STAR,gri,rpm,-0.3,2.3,-9.1,3.3,,,15.029,0.01,14.262,0.05,,,14.581,0.03,13.99,0.02,13.772,0.05,,,12.792,0.022,12.367,0.031,12.287,0.024,5362,127,127,4.446,0.114,1.045,-0.341,0.3,0.66,0.935,2.032,0.136,0.896,0.088,0.063,1.101,0.49,1.071,586,1164,105.7,0.032,0.008,0.007,,,
1627,1627,1627,211941902,08 46 10.129,+19 21 13.77,1,14.561,,,,08461012+1921137,5071-301-4-0118-0210,EXTENDED,gri,,-14,3,-9,3,,,,,,,16.743,0.017,15.316,0.003,14.59,0.003,14.238,0.003,13.956,0.006,15.842,0.149,15.131,0.172,14.874,0.186,,,,,,,,,,,,,,,,,,,,,,,,,,,
1628,1628,1628,211941917,08 53 43.352,+19 21 14.20,1,13.56,,,547-046205,08534334+1921142,,STAR,gri,rpm,5.4,2,-2,2.9,,,14.959,0.03,13.839,0.01,,,14.39,0.01,13.505,0.01,13.205,0.04,,,11.94,0.022,11.368,0.023,11.235,0.019,4691,74,56,2.67,0.492,0.492,-0.258,0.25,0.3,6.951,5.229,2.596,0.991,0.212,0.071,0.002,0.008,0.001,2402,1472,912.8,0.033,0.013,0.005,,,
1629,1629,1629,211941920,08 59 38.611,+19 21 14.27,1,17.292,,,,08593861+1921142,5071-301-1-0137-0228,EXTENDED,gri,,-1,3,-4,3,,,,,,,20.512,0.098,18.472,0.01,17.335,0.006,16.786,0.006,16.401,0.011,15.751,0.077,14.958,0.075,14.411,0.082,,,,,,,,,,,,,,,,,,,,,,,,,,,
1630,1630,1630,211941929,09 05 14.780,+19 21 14.82,1,17.766,,,,09051477+1921148,5112-301-4-0180-0284,EXTENDED,gri,,-3,3,0,3,,,,,,,20.699,0.109,18.777,0.011,17.773,0.008,17.332,0.008,16.981,0.021,16.659,0.136,15.546,0.116,15.007,0.094,,,,,,,,,,,,,,,,,,,,,,,,,,,
1631,1631,1631,211941966,08 50 33.675,+19 21 16.98,1,14.144,,,547-046091,08503368+1921170,,STAR,gri,rpm,22.3,2.3,-28.6,2.4,,,15.418,0.04,14.393,0.01,,,14.921,0.01,14.032,0.02,13.81,0.03,,,12.591,0.022,12.163,0.022,12.031,0.018,4884,48,48,4.582,0.026,0.02,0.122,0.05,0.12,0.776,0.016,0.04,0.833,0.017,0.03,1.79,0.2,0.107,371.5,17.87,19.81,0.031,0.002,0.003,,,
1632,1632,1632,211941979,08 40 53.787,+19 21 17.81,1,14.897,,,547-045710,,,EXTENDED,gri,,11,8.4,5.7,8.1,,,16.312,0.01,15.334,0.01,,,15.82,0.06,15,0.02,14.502,0.05,,,,,,,,,,,,,,,,,,,,,,,,,,,,,,,,,,,
1633,1633,1633,211942046,08 59 33.771,+19 21 20.90,1,17.038,,,,08593377+1921209,5071-301-1-0137-0217,EXTENDED,gri,,-5,2,6,2,,,,,,,18.835,0.026,17.644,0.006,17.123,0.005,16.778,0.006,16.6,0.013,16.116,0.095,15.391,0.095,15.197,0.12,,,,,,,,,,,,,,,,,,,,,,,,,,,
1634,1634,1634,211942051,08 40 31.322,+19 21 21.21,1,12.08,,,547-045695,08403131+1921211,,STAR,gri,rpm,10.3,1.2,-4.4,1.3,,,13.289,0.03,12.329,0.01,,,12.78,0.01,12.025,0.01,11.78,0.01,,,10.638,0.022,10.165,0.02,10.096,0.02,4983,81,60,3.323,0.36,0.9,-0.334,0.25,0.25,3.547,5.847,1.144,1.033,0.214,0.119,0.02,0.047,0.02,739.4,1076,223.1,0.032,0.01,0.008,,,
1635,1635,1635,211942082,08 53 07.206,+19 21 22.65,1,17.439,,,,08530720+1921226,,STAR,J,col,,,,,,,,,,,,,,,,,,,,,15.947,0.076,15.157,0.114,14.744,0.11,3881,436,363,4.895,0.14,0.14,-0.213,0.25,0.3,0.364,0.137,0.131,0.404,0.159,0.191,7.041,8.221,3.346,616.9,338.6,282.5,0.032,0.01,0.008,,,
1636,1636,1636,211942121,09 09 04.201,+19 21 24.43,1,18.015,,,,,5080-301-4-0161-0230,EXTENDED,gri,,4,3,-8,3,,,,,,,19.644,0.056,18.542,0.012,18.07,0.011,17.789,0.011,17.586,0.038,,,,,,,,,,,,,,,,,,,,,,,,,,,,,,,,,
1637,1637,1637,211942122,08 54 47.611,+19 21 24.47,1,15.656,,,,08544761+1921244,,STAR,JHK,col,,,,,,,,,,,,,,,,,,,,,13.398,0.021,12.788,0.028,12.538,0.024,3650,143,201,5.001,0.085,0.085,-0.037,0.15,0.21,0.271,0.08,0.072,0.281,0.113,0.095,12.86,9.491,4.747,132.5,49.12,41.74,0.018,0.007,0.006,,,
1638,1638,1638,211942140,08 58 58.684,+19 21 25.60,1,14.706,,,547-046395,08585869+1921257,5061-301-2-0139-0017,STAR,gri,rpm,3,2.2,-3.2,4.6,,,15.746,0.08,14.934,0.05,,,15.286,0.02,14.689,0.02,14.458,0.09,,,13.534,0.031,13.048,0.027,13.008,0.036,5234,155,93,3.406,0.996,0.83,-0.775,0.54,0.54,2.355,3.268,1.659,0.873,0.048,0.086,0.04,1.083,0.037,2047,2697,1416,0.034,0.008,0.007,,,
1639,1639,1639,211942143,08 55 16.961,+19 21 25.73,1,10.624,,1397-836-1,547-046259,08551696+1921258,,STAR,gri,plx,0.7,1.3,-0.3,1.3,,,11.056,0.069,10.601,0.068,,,10.953,0.2,10.558,0.02,10.483,0.04,,,9.772,0.023,9.555,0.025,9.517,0.019,6357,190,190,4.025,0.165,0.165,-0.036,0.12,0.18,1.784,0.529,0.347,1.371,0.181,0.151,0.195,0.156,0.087,360.4,94.24,94.24,0.029,0.01,0.007,,,
1640,1640,1640,211942157,08 50 51.192,+19 21 26.18,1,12.051,,1396-1497-1,547-046104,08505120+1921262,,STAR,gri,rpm,1.6,1.7,-7.9,1.7,,,12.007,0.153,12.129,0.265,,,12.132,0.02,12.025,0.01,12.052,0.03,,,11.746,0.023,11.554,0.022,11.495,0.022,7206,116,204,4.11,0.112,0.096,-0.067,0.06,0.16,1.708,0.331,0.157,1.524,0.133,0.133,0.277,0.101,0.098,864.3,185.9,105.3,0.03,0.007,0.002,,,
1641,1641,1641,211942158,08 44 00.436,+19 21 26.20,1,12.276,,,547-045839,08440043+1921263,,STAR,gri,rpm,-53.8,2.9,-20.5,1.9,,,13.996,0.02,12.74,0.01,,,13.446,0.032,12.242,0.01,11.775,0.04,,,10.399,0.021,9.805,0.027,9.655,0.018,4139,64,64,4.785,0.06,0.03,-0.061,0.15,0.21,0.505,0.038,0.062,0.574,0.039,0.07,4.335,1.249,0.516,71.15,6.685,8.406,0.01,0.004,0.002,,,
1642,1642,1642,211942239,08 49 51.096,+19 21 30.47,1,17.087,,,,08495109+1921304,,STAR,J,col,,,,,,,,,,,,,,,,,,,,,15.619,0.075,15.006,0.094,14.525,0.093,3715,433,271,4.981,0.115,0.161,-0.132,0.2,0.28,0.288,0.174,0.094,0.287,0.204,0.128,11.79,10.68,6.352,383,320.4,152.2,0.029,0.01,0.008,,,
1643,1643,1643,211942264,09 07 22.820,+19 21 31.71,1,17.631,,,,09072281+1921317,5080-301-4-0158-0276,STAR,gri,rpm,-86,5,28,5,,,,,,,22.874,0.323,19.842,0.014,18.281,0.007,16.684,0.005,15.813,0.006,14.323,0.032,13.758,0.043,13.421,0.036,3305,157,78,5.156,0.02,0.024,-0.155,0.15,0.21,0.165,0.01,0.003,0.146,0.012,0.004,31.22,1.873,3.396,105.7,11.81,5.453,0.015,0.005,0.002,,,
1644,1644,1644,211942308,09 14 23.822,+19 21 33.80,1,17.239,,,,09142382+1921337,5080-301-3-0169-0043,EXTENDED,gri,,50.9,9,23.2,9,,,,,,,19.618,0.055,18.038,0.009,17.216,0.007,16.896,0.007,16.357,0.014,15.386,0.08,14.621,0.116,14.138,0.08,,,,,,,,,,,,,,,,,,,,,,,,,,,
1645,1645,1645,211942337,08 52 58.025,+19 21 35.09,1,16.712,,,,08525802+1921350,,STAR,J,,57.2,9,24,9,,,,,,,,,,,,,,,,,15.27,0.05,14.35,0.075,,,,,,,,,,,,,,,,,,,,,,,,,,,,,
1646,1646,1646,211942338,08 52 58.252,+19 21 35.37,1,14.418,,,,,5061-301-3-0130-0232,EXTENDED,gri,,0,2,-2,2,,,,,,,17.085,0.014,15.357,0.003,14.485,0.002,14.015,0.002,13.626,0.004,,,,,,,,,,,,,,,,,,,,,,,,,,,,,,,,,
1647,1647,1647,211942350,09 02 35.058,+19 21 36.11,1,17.546,,,,09023505+1921361,5061-301-1-0144-0142,EXTENDED,gri,,6,2,8,5,,,,,,,19.906,0.052,18.377,0.009,17.604,0.007,17.19,0.007,16.874,0.017,16.173,0.099,15.677,0.134,15.42,0.138,,,,,,,,,,,,,,,,,,,,,,,,,,,
1648,1648,1648,211942370,09 14 24.295,+19 21 37.58,1,16.378,,,,09142429+1921375,5080-301-3-0169-0041,EXTENDED,gri,,,,,,,,,,,,19.152,0.036,17.3,0.005,16.417,0.004,15.983,0.004,15.642,0.008,14.864,0.055,14.184,0.075,13.915,0.06,,,,,,,,,,,,,,,,,,,,,,,,,,,
1649,1649,1649,211942391,08 41 17.377,+19 21 38.44,1,17.534,,,,08411737+1921384,,STAR,J,col,,,,,,,,,,,,,,,,,,,,,16.036,0.097,15.129,0.107,14.718,0.096,3945,321,386,4.898,0.156,0.13,-0.213,0.25,0.3,0.381,0.129,0.142,0.431,0.144,0.202,6.654,8.485,2.955,696.3,347.9,332.2,0.032,0.01,0.007,,,
1650,1650,1650,211942396,09 10 24.398,+19 21 38.66,1,13.994,,,547-046756,09102439+1921386,,STAR,gri,rpm,-4.5,2.4,-2.6,2.7,,,14.995,0.04,14.214,0.02,,,14.517,0.02,13.987,0.02,13.77,0.04,,,12.78,0.022,12.377,0.023,12.269,0.023,5449,129,107,3.619,0.8,1.12,-0.866,0.63,0.36,1.883,6.098,1.212,0.883,0.099,0.028,0.058,0.964,0.057,1088,3278,684.8,0.034,0.014,0.006,,,
1651,1651,1651,211942509,08 52 02.757,+19 21 44.59,1,17.855,,,,08520275+1921445,5071-301-3-0126-0222,EXTENDED,gri,,21,3,-5,3,,,,,,,20.974,0.137,19.02,0.014,17.801,0.008,17.356,0.008,17.076,0.019,16.192,0.109,15.7,0.125,14.813,0.11,,,,,,,,,,,,,,,,,,,,,,,,,,,
1652,1652,1652,211942555,09 09 23.321,+19 21 47.20,1,17.709,,,,09092332+1921471,5080-301-4-0161-0288,STAR,gri,rpm,-50,3,-53,3,,,,,,,22,0.165,19.656,0.012,18.29,0.008,16.874,0.005,16.126,0.007,14.731,0.038,14.158,0.046,13.879,0.04,3718,115,144,4.997,0.048,0.04,-0.175,0.25,0.25,0.281,0.036,0.043,0.293,0.051,0.061,12.64,3.794,2.918,253.1,39.91,44.89,0.026,0.007,0.005,,,
1653,1653,1653,211942566,08 52 11.730,+19 21 47.72,1,17.535,,,,08521172+1921477,5071-301-3-0126-0245,EXTENDED,gri,,-2,3,3,3,,,,,,,20.96,0.115,18.762,0.01,17.533,0.006,17.009,0.006,16.641,0.012,15.681,0.07,15.04,0.072,14.539,0.084,,,,,,,,,,,,,,,,,,,,,,,,,,,
1654,1654,1654,211942570,08 59 04.471,+19 21 47.98,1,14.733,,,547-046397,08590448+1921481,,STAR,gri,rpm,0.6,4.7,-4.7,5,,,15.94,0.03,15.025,0.03,,,15.424,0.06,14.758,0.01,14.437,0.03,,,13.316,0.025,12.802,0.023,12.782,0.022,4941,96,96,2.802,1.113,1.272,-0.837,0.48,1.76,5.625,17.27,3.662,0.866,0.095,0.095,0.003,0.076,0.003,3858,10670,2431,0.032,0.01,0.006,,,
1655,1655,1655,211942585,08 39 06.930,+19 21 48.53,1,17.615,,,,08390693+1921485,5061-301-6-0110-0130,STAR,gri,rpm,-1,3,4,3,,,,,,,17.757,0.011,17.679,0.005,17.593,0.006,17.296,0.006,17.311,0.014,16.392,0.116,15.377,0.094,15.495,0.187,4603,137,109,4.686,0.042,0.042,-0.346,0.25,0.25,0.606,0.051,0.056,0.658,0.058,0.058,2.877,0.614,0.428,1575,200.4,177.8,0.033,0.011,0.007,,,
1656,1656,1656,211942624,09 07 34.683,+19 21 50.67,1,12.452,,,547-046670,09073467+1921508,,STAR,gri,rpm,6.1,2.1,-0.8,2.7,,,13.617,0.01,12.73,0.05,,,13.102,0.05,12.431,0.01,12.173,0.02,,,11.148,0.024,10.687,0.03,10.594,0.021,5039,101,101,2.846,0.624,0.52,-0.598,0.25,0.25,5.126,4.659,2.135,0.965,0.18,0.069,0.004,0.028,0.003,1435,951.7,655.6,0.034,0.008,0.007,,,
1657,1657,1657,211942661,09 06 34.392,+19 21 53.04,1,13.847,,,547-046640,09063439+1921531,,STAR,gri,rpm,-5.3,3.1,-12.6,3.5,,,15.136,0.03,14.174,0.05,,,14.557,0.03,13.876,0.01,13.543,0.07,,,12.38,0.025,11.864,0.028,11.769,0.023,5018,100,60,3.27,0.558,0.558,-0.66,0.25,0.25,3.813,2.999,1.679,0.909,0.088,0.044,0.015,0.083,0.013,1674,1251,716.1,0.033,0.009,0.009,,,
1658,1658,1658,211942703,08 38 14.263,+19 21 55.43,1,10.727,,1395-2007-1,547-045578,08381427+1921552,,STAR,gri,rpm,-33,1.3,-10.6,1.4,,,11.658,0.113,10.944,0.093,,,11.204,0.01,10.683,0.02,10.523,0.02,,,9.652,0.027,9.277,0.032,9.188,0.02,5598,101,135,4.033,0.456,0.399,-0.167,0.2,0.72,1.531,0.98,0.671,0.977,0.191,0.106,0.236,0.958,0.179,221.5,170.4,96.31,0.024,0.01,0.008,,,
1659,1659,1659,211942775,09 11 45.323,+19 21 59.27,1,18.966,,,,,5112-301-3-0190-0478,EXTENDED,gri,,5,6,48,6,,,,,,,22.449,0.744,20.575,0.065,18.913,0.024,18.277,0.024,17.732,0.059,,,,,,,,,,,,,,,,,,,,,,,,,,,,,,,,,
1660,1660,1660,211942783,09 06 18.422,+19 21 59.48,1,12.904,,,547-046633,09061842+1921596,,STAR,gri,rpm,0.9,3.7,-5.2,2.1,,,14.191,0.046,13.227,0.04,,,13.664,0.03,12.896,0.02,12.578,0.08,,,11.38,0.022,10.842,0.029,10.703,0.021,4867,77,77,2.632,0.603,0.402,-0.508,0.25,0.35,7.351,3.775,3.236,0.968,0.211,0.081,0.002,0.014,0.001,1932,899.4,800.6,0.033,0.008,0.007,,,
1661,1661,1661,211942798,08 37 57.170,+19 22 00.26,1,18.44,,,,08375716+1922002,,STAR,JHK,col,,,,,,,,,,,,,,,,,,,,,15.688,0.095,14.927,0.096,14.547,0.086,3889,407,339,4.901,0.145,0.145,-0.185,0.2,0.28,0.357,0.148,0.137,0.399,0.173,0.207,8.272,10.68,4.661,539.2,329.2,234.8,0.031,0.01,0.008,,,
1662,1662,1662,211942812,08 41 35.671,+19 22 00.76,1,13.68,,,547-045740,08413567+1922007,,STAR,gri,rpm,-0.3,2.5,-0.4,2.1,,,14.884,0.051,13.948,0.02,,,14.371,0.02,13.671,0.02,13.384,0.04,,,12.307,0.022,11.819,0.021,11.738,0.019,5008,80,60,2.871,0.672,0.672,-0.556,0.2,0.44,5.078,5.838,2.394,0.959,0.155,0.103,0.006,0.034,0.005,2137,2540,915.7,0.033,0.008,0.006,,,
1663,1663,1663,211942823,08 39 45.752,+19 22 01.16,1,10.54,,,547-045653,08394575+1922011,,STAR,gri,rav,-34.1,1,-11.6,1.2,,,11.257,0.04,10.64,0.03,,,10.89,0.01,10.493,0.04,10.39,0.02,,,9.565,0.02,9.357,0.023,9.259,0.02,5947,118,141,4.146,0.204,0.17,-0.095,0.12,0.12,1.384,0.362,0.337,1.069,0.101,0.084,0.36,0.4,0.167,214.8,54.37,50.95,0.025,0.008,0.007,,,
1664,1664,1664,211942853,08 55 16.767,+19 22 02.59,1,15.368,,,547-046258,08551678+1922027,,STAR,JHK,col,,,,,,,,,,,,,,,,,,,,,13.206,0.022,12.596,0.025,12.375,0.02,3719,147,177,4.969,0.07,0.084,-0.061,0.15,0.21,0.307,0.072,0.068,0.329,0.091,0.109,10.56,6.332,3.421,133.3,40.82,36.56,0.019,0.007,0.006,,,
1665,1665,1665,211942874,08 43 17.529,+19 22 03.55,1,12.965,,,547-045817,08431752+1922035,,STAR,gri,rpm,3.3,4.5,3.8,9.7,,,13.847,0.08,13.052,0.04,,,13.458,0.05,12.885,0.02,12.754,0.05,,,12.251,0.023,11.972,0.025,11.906,0.023,5823,115,138,4.356,0.096,0.416,0.029,0.15,0.21,1.112,0.719,0.162,1.07,0.138,0.086,0.715,0.323,0.554,594.1,357.1,108.5,0.035,0.013,0.01,,,
1666,1666,1666,211942887,08 53 50.360,+19 22 04.35,1,16.894,,,,08535036+1922043,5061-301-3-0131-0251,STAR,gri,rpm,-15,4,-68,4,,,,,,,18.43,0.015,17.318,0.005,16.869,0.005,16.712,0.005,16.669,0.01,15.859,0.074,15.392,0.099,15.402,0.146,3416,598,498,5.118,0.085,0.119,-0.302,0.3,0.54,0.179,0.106,0.045,0.168,0.139,0.06,25.62,16.41,12.81,229.8,206.5,95.12,0.026,0.01,0.008,,,
1667,1667,1667,211942960,08 59 17.290,+19 22 08.69,1,16.221,,,,08591728+1922086,5071-301-1-0137-0178,STAR,gri,rpm,-50,3,-33,3,,,,,,,21.232,0.091,18.335,0.007,16.756,0.005,15.315,0.004,14.539,0.005,13.086,0.023,12.535,0.023,12.27,0.018,3236,244,38,5.168,0.02,0.02,-0.09,0.06,0.3,0.161,0.006,0.003,0.141,0.01,0.003,33.02,1.981,1.981,60.67,1.82,1.82,0.012,0.002,0.001,,,
1668,1668,1668,211942970,08 46 52.437,+19 22 09.21,1,15.868,,,,08465243+1922092,5071-301-4-0119-0178,EXTENDED,gri,,-107,2,49,2,,,,,,,20.504,0.058,18.037,0.006,16.475,0.004,14.939,0.003,14.095,0.004,12.651,0.023,12.091,0.034,11.825,0.022,,,,,,,,,,,,,,,,,,,,,,,,,,,
1669,1669,1669,211942979,08 50 34.638,+19 22 09.63,1,13.907,,,,08503463+1922096,5071-301-3-0124-0141,EXTENDED,gri,,-11,5,-33,5,,,,,,,16.371,0.012,14.701,0.002,13.94,0.002,13.567,0.002,13.245,0.004,14.564,0.093,13.898,0.123,13.672,0.109,,,,,,,,,,,,,,,,,,,,,,,,,,,
1670,1670,1670,211943031,08 41 18.331,+19 22 12.11,1,17.107,,,,08411833+1922121,,STAR,JHK,col,,,,,,,,,,,,,,,,,,,,,14.996,0.039,14.405,0.051,14.18,0.061,3817,522,290,4.92,0.12,0.192,-0.164,0.2,0.32,0.342,0.164,0.111,0.374,0.22,0.157,7.867,7.472,4.336,371.7,299.7,144.6,0.03,0.008,0.008,,,
1671,1671,1671,211943037,08 41 06.501,+19 22 12.64,1,11.565,,,547-045724,08410650+1922127,,STAR,gri,rpm,7,0.9,-27.8,1.6,,,12.355,0.01,11.691,0.01,,,11.971,0.01,11.522,0.01,11.391,0.03,,,10.549,0.023,10.262,0.021,10.22,0.02,5937,95,95,4.254,0.185,0.222,-0.111,0.15,0.21,1.21,0.398,0.255,1.058,0.091,0.091,0.503,0.478,0.278,304.5,79.74,74.16,0.031,0.007,0.01,,,
1672,1672,1672,211943063,08 51 32.204,+19 22 13.97,1,17.589,,,,08513220+1922139,5071-301-3-0126-0128,EXTENDED,gri,,2,3,4,1,,,,,,,20.503,0.119,18.633,0.012,17.574,0.008,17.141,0.008,16.798,0.019,16.548,0.133,15.678,0.145,15.37,0.149,,,,,,,,,,,,,,,,,,,,,,,,,,,
1673,1673,1673,211943069,09 05 53.375,+19 22 14.48,1,11.438,,1404-1088-1,547-046618,09055337+1922145,,STAR,gri,rpm,10.8,1.5,-17.3,1.6,,,11.758,0.123,11.827,0.246,,,11.613,0.04,11.38,0.02,11.279,0.08,,,10.548,0.023,10.316,0.028,10.241,0.021,6502,183,104,4.176,0.1,0.175,-0.164,0.15,0.24,1.509,0.332,0.272,1.231,0.182,0.114,0.341,0.219,0.153,401.9,80.18,66.85,0.031,0.008,0.007,,,
1674,1674,1674,211943096,09 14 27.608,+19 22 15.99,1,17.965,,,,09142760+1922159,,STAR,JHK,col,,,,,,,,,,,,,,,,,,,,,15.036,0.057,14.234,0.083,13.842,0.063,3933,309,371,4.87,0.161,0.115,-0.124,0.2,0.28,0.393,0.117,0.147,0.434,0.16,0.187,6.483,8.645,2.666,447.2,197.7,198.3,0.031,0.01,0.008,,,
1675,1675,1675,211943097,08 41 27.794,+19 22 15.99,1,11.594,,,547-045734,08412779+1922161,,STAR,gri,rpm,-19.3,1,-10.1,0.5,,,12.332,0.02,11.734,0.01,,,11.979,0.02,11.587,0.01,11.429,0.06,,,10.607,0.023,10.288,0.023,10.248,0.02,6072,73,121,4.277,0.14,0.252,-0.213,0.2,0.24,1.183,0.496,0.19,1.072,0.122,0.122,0.56,0.327,0.337,311.9,129.9,54.85,0.028,0.01,0.007,,,
1676,1676,1676,211943112,08 58 20.784,+19 22 16.70,1,17.792,,,,08582078+1922166,,STAR,JHK,col,,,,,,,,,,,,,,,,,,,,,15.342,0.044,14.844,0.067,14.414,0.067,3549,205,246,5.038,0.102,0.085,-0.067,0.15,0.24,0.237,0.083,0.072,0.22,0.124,0.077,16.42,10.52,6.41,258.2,122,95.9,0.026,0.008,0.007,,,
1677,1677,1677,211943134,09 14 48.309,+19 22 17.99,1,17.44,,,,09144830+1922179,5080-301-3-0169-0249,EXTENDED,gri,,2,2,2,1,,,,,,,19.231,0.034,18.106,0.008,17.514,0.007,17.154,0.007,16.935,0.017,16.422,0.098,15.837,0.125,15.563,0.17,,,,,,,,,,,,,,,,,,,,,,,,,,,
1678,1678,1678,211943254,08 43 03.664,+19 22 24.35,1,17.864,,,,08430366+1922243,5071-301-5-0113-0411,EXTENDED,gri,,10,3,-3,3,,,,,,,21.15,0.193,19.03,0.016,17.946,0.01,17.364,0.01,16.999,0.021,16.362,0.14,,,,,,,,,,,,,,,,,,,,,,,,,,,,,,,
1679,1679,1679,211943255,08 56 06.420,+19 22 24.55,1,17.617,,,,08560642+1922245,,STAR,J,col,,,,,,,,,,,,,,,,,,,,,16.113,0.095,15.796,0.152,14.841,0.1,3546,303,252,5.031,0.1,0.1,-0.088,0.16,0.28,0.234,0.113,0.065,0.222,0.144,0.08,15.4,14.49,7.467,370.1,215.1,136,0.03,0.01,0.008,,,
1680,1680,1680,211943302,08 54 18.549,+19 22 27.18,1,10.075,,1397-304-1,547-046224,08541854+1922271,,STAR,gri,plx,-11.6,2.1,-8.1,2.1,,,11.428,0.105,10.243,0.052,,,10.908,0.14,10.008,0.03,9.717,0.02,,,8.535,0.021,8.007,0.023,7.861,0.018,4716,93,74,2.455,0.192,0.08,-0.143,0.18,0.18,11.159,0.607,1.332,1.33,0.374,0.233,9.29E-04,6.78E-04,1.95E-04,862.4,462.5,462.5,0.034,0.01,0.007,,,
1681,1681,1681,211943316,08 58 49.183,+19 22 27.69,1,18.202,,,,08584918+1922276,,STAR,J,col,,,,,,,,,,,,,,,,,,,,,16.647,0.127,16.122,0.133,15.62,0.165,3723,589,327,4.969,0.12,0.192,-0.254,0.25,0.35,0.282,0.188,0.098,0.311,0.226,0.141,11.29,11.49,7.064,652.5,635.1,282.2,0.032,0.01,0.007,,,
1682,1682,1682,211943330,09 04 19.773,+19 22 28.55,1,17.719,,,,09041977+1922285,5080-301-5-0154-0071,EXTENDED,gri,,-3,3,-5,3,,,,,,,20.597,0.067,18.709,0.009,17.758,0.006,17.295,0.006,16.978,0.012,15.961,0.079,15.253,0.086,14.83,0.099,,,,,,,,,,,,,,,,,,,,,,,,,,,
1683,1683,1683,211943333,08 56 43.390,+19 22 28.63,1,19.735,,,,,5071-301-2-0133-0175,STAR,gri,,-7,3,-2,3,,,,,,,20.203,0.045,19.777,0.015,19.721,0.018,19.747,0.024,19.56,0.066,,,,,,,,,,,,,,,,,,,,,,,,,,,,,,,,,
1684,1684,1684,211943335,08 55 03.040,+19 22 28.71,1,18.225,,,,08550303+1922287,,STAR,J,,,,,,,,,,,,,,,,,,,,,,16.668,0.144,15.999,0.192,,,,,,,,,,,,,,,,,,,,,,,,,,,,,
1685,1685,1685,211943395,08 38 12.573,+19 22 31.92,1,12.34,,,547-045576,08381257+1922319,,STAR,gri,rpm,-15.6,1.8,-10,1.6,,,13.22,0.01,12.503,0.01,,,12.806,0.01,12.312,0.01,12.14,0.02,,,11.18,0.024,10.862,0.032,10.784,0.022,5762,92,92,4.06,0.42,0.252,-0.207,0.25,0.3,1.537,0.564,0.638,0.994,0.141,0.094,0.235,0.901,0.128,477.3,164.2,185.7,0.033,0.009,0.009,,,
1686,1686,1686,211943484,08 59 09.792,+19 22 37.25,1,11.133,,1397-920-1,547-046399,08590979+1922373,,STAR,gri,lam,-2.1,2.6,1.4,2.8,,,12.928,0.486,11.793,0.242,,,11.965,0.01,11.117,0.01,10.776,0.03,,,9.497,0.023,8.932,0.02,8.807,0.022,4782,96,77,2.948,0.168,0.14,-0.075,0.12,0.12,6.407,2.074,1.369,1.355,0.566,0.2,0.005,0.003,0.002,704.2,266.1,127.8,0.033,0.01,0.006,,,
1687,1687,1687,211943500,08 55 25.914,+19 22 37.97,1,18.171,,,,08552591+1922379,,STAR,J,col,,,,,,,,,,,,,,,,,,,,,16.62,0.133,15.617,0.118,15.22,0.122,3919,337,405,4.899,0.168,0.14,-0.254,0.25,0.3,0.341,0.132,0.125,0.372,0.159,0.191,8.111,9.471,3.854,818.2,457.8,379,0.033,0.01,0.007,,,
1688,1688,1688,211943531,09 10 34.332,+19 22 39.67,1,13.304,,,547-046760,09103432+1922396,,STAR,gri,lam,3,2.4,0.5,2.6,,,14.619,0.01,13.578,0.03,,,14.049,0.03,13.292,0.02,12.985,0.01,,,11.797,0.024,11.2,0.023,11.112,0.02,4827,77,77,2.733,0.186,0.155,-0.548,0.18,0.12,6.629,1.25,1.051,0.961,0.093,0.046,0.003,0.002,0.001,2220,394.3,334.8,0.035,0.01,0.007,,,
1689,1689,1689,211943544,09 09 55.655,+19 22 40.12,1,15.68,,,,09095565+1922401,5080-301-4-0162-0183,EXTENDED,gri,,1,2,10,2,,,,,,,17.154,0.017,16.136,0.004,15.705,0.004,15.484,0.004,15.256,0.012,16.302,0.167,,,,,,,,,,,,,,,,,,,,,,,,,,,,,,,
1690,1690,1690,211943583,08 55 29.813,+19 22 42.74,1,18.013,,,,08552981+1922427,,STAR,J,,,,,,,,,,,,,,,,,,,,,,16.477,0.164,,,,,,,,,,,,,,,,,,,,,,,,,,,,,,,
1691,1691,1691,211943601,09 09 16.838,+19 22 43.55,1,16.183,,,,09091683+1922435,5080-301-4-0161-0255,EXTENDED,gri,,4,2,4,2,,,,,,,18.149,0.028,16.814,0.005,16.206,0.004,15.913,0.005,15.683,0.015,16.391,0.176,,,,,,,,,,,,,,,,,,,,,,,,,,,,,,,
1692,1692,1692,211943613,08 40 53.823,+19 22 44.05,1,14.92,,,547-045711,08405382+1922440,5037-301-2-0115-0227,STAR,gri,rpm,-35.3,3.5,-14.4,3.7,,,17.27,0.11,15.73,0.058,,,16.533,0.06,15.216,0.058,14.228,0.1,,,12.491,0.022,11.837,0.023,11.633,0.022,3745,89,74,4.909,0.048,0.04,0.123,0.08,0.12,0.367,0.044,0.045,0.403,0.059,0.059,7.911,1.957,1.569,118.4,24.34,14.8,0.018,0.004,0.004,,,
1693,1693,1693,211943617,08 39 18.506,+19 22 44.23,1,18.565,,,,08391850+1922442,5061-301-6-0110-0484,STAR,gri,rpm,-38,5,-8,5,,,,,,,23.521,0.491,20.857,0.027,19.366,0.013,17.582,0.007,16.621,0.009,15.014,0.04,14.439,0.051,14.007,0.05,3434,120,100,5.094,0.03,0.048,-0.034,0.15,0.21,0.201,0.032,0.018,0.185,0.037,0.023,22.17,3.877,5.039,185.9,29.52,25.47,0.026,0.008,0.008,,,
1694,1694,1694,211943618,08 38 59.067,+19 22 44.27,1,14.054,,,547-045610,08385906+1922441,5071-301-6-0107-0125,STAR,gri,rpm,2.5,2.4,-5,2.7,,,15.17,0.02,14.28,0.02,,,14.715,0.03,13.954,0.01,13.771,0.03,,,12.67,0.022,12.236,0.02,12.165,0.021,5100,61,61,4.565,0.025,0.92,-0.051,0.15,0.21,0.805,1.829,0.045,0.877,0.235,0.043,1.627,0.199,1.568,438.2,957.7,33,0.031,0.008,0.007,,,
1695,1695,1695,211943620,09 09 09.485,+19 22 44.30,1,11.628,,1404-621-1,547-046723,09090947+1922441,,STAR,gri,rpm,-2.1,1.6,-19.1,1.6,,,12.234,0.187,11.656,0.149,,,11.852,0.03,11.553,0.01,11.456,0.01,,,10.641,0.024,10.413,0.034,10.339,0.018,6389,103,128,4.129,0.15,0.21,-0.189,0.2,0.28,1.525,0.56,0.305,1.231,0.133,0.213,0.284,0.268,0.153,403.3,154.4,73.97,0.031,0.011,0.007,,,
1696,1696,1696,211943622,08 52 26.052,+19 22 44.37,1,14.441,,,547-046161,08522605+1922442,,STAR,gri,lam,-22.8,2.9,1.8,3.1,,,16.441,0.06,14.936,0.02,,,15.795,0.02,14.391,0.07,13.86,0.05,,,12.354,0.025,11.66,0.021,11.534,0.019,4082,123,98,4.928,0.07,0.07,-0.605,0.15,0.12,0.355,0.053,0.057,0.391,0.079,0.094,8.672,3.437,2.462,118.8,27.36,22.24,0.018,0.007,0.005,,,
1697,1697,1697,211943635,09 03 08.196,+19 22 44.87,1,17.912,,,,09030819+1922448,,STAR,JHK,col,,,,,,,,,,,,,,,,,,,,,15.448,0.11,14.583,0.114,14.405,0.121,4078,348,348,4.802,0.154,0.11,-0.227,0.25,0.3,0.457,0.12,0.142,0.504,0.124,0.173,4.944,4.944,1.931,644.9,285.1,258.6,0.032,0.01,0.007,,,
1698,1698,1698,211943653,09 04 39.202,+19 22 46.07,1,18.178,,,,,5080-301-5-0154-0320,EXTENDED,gri,,-1,3,-5,3,,,,,,,20.058,0.052,18.695,0.01,18.271,0.009,17.957,0.01,17.836,0.027,,,,,,,,,,,,,,,,,,,,,,,,,,,,,,,,,
1699,1699,1699,211943714,09 02 14.681,+19 22 49.07,1,18.138,,,,09021468+1922490,5061-301-1-0143-0269,EXTENDED,gri,,-1,3,2,3,,,,,,,21.207,0.113,19.31,0.013,18.095,0.008,17.635,0.008,17.276,0.018,16.317,0.097,15.274,0.075,14.999,0.108,,,,,,,,,,,,,,,,,,,,,,,,,,,
1700,1700,1700,211943724,08 55 54.672,+19 22 49.50,1,12.733,,,547-046284,08555468+1922494,,STAR,gri,rpm,9.1,1.3,-5.8,1.5,,,13.224,0.04,12.744,0.031,,,12.905,0.04,12.676,0.01,12.563,0.02,,,11.766,0.021,11.56,0.023,11.498,0.022,6482,132,132,4.131,0.174,0.145,-0.152,0.12,0.3,1.521,0.355,0.288,1.218,0.138,0.138,0.312,0.236,0.135,677.2,188.8,102.4,0.033,0.011,0.006,,,
1701,1701,1701,211943736,09 05 08.564,+19 22 50.39,1,17.969,,,,09050856+1922503,5112-301-4-0180-0265,EXTENDED,gri,,-2,3,2,3,,,,,,,20.859,0.118,18.94,0.012,17.99,0.008,17.553,0.009,17.223,0.024,16.513,0.115,15.937,0.152,15.381,0.138,,,,,,,,,,,,,,,,,,,,,,,,,,,
1702,1702,1702,211943744,09 11 21.289,+19 22 50.94,1,19.356,,,,,5112-301-3-0189-0324,EXTENDED,gri,,-8,3,-4,3,,,,,,,20.928,0.121,19.777,0.02,19.4,0.022,19.176,0.029,18.854,0.084,,,,,,,,,,,,,,,,,,,,,,,,,,,,,,,,,
1703,1703,1703,211943814,08 52 15.027,+19 22 53.83,1,13.32,,,547-046152,08521502+1922540,,STAR,gri,rpm,19.3,1.7,-14.5,1.8,,,14.51,0.02,13.572,0.02,,,14.048,0.02,13.255,0.01,13.008,0.01,,,11.849,0.022,11.354,0.023,11.238,0.019,4985,59,79,4.587,0.025,0.025,-0.014,0.12,0.12,0.758,0.037,0.027,0.823,0.039,0.032,1.855,0.156,0.171,273.3,22.8,21.04,0.027,0.012,0.005,,,
1704,1704,1704,211943832,09 12 04.225,+19 22 54.79,1,13.014,,,547-046802,09120422+1922548,,STAR,gri,rpm,3.4,2.1,7.5,2.5,,,14.272,0.04,13.301,0.01,,,13.731,0.01,12.992,0.01,12.707,0.02,,,11.518,0.021,10.946,0.022,10.877,0.018,4869,58,58,2.443,0.468,0.234,-0.823,0.36,0.2,9.155,2.291,3.554,0.904,0.065,0.022,0.001,0.004,5.26E-04,2644,677,968.1,0.032,0.01,0.007,,,
1705,1705,1705,211943858,09 14 18.816,+19 22 56.28,1,16.036,,,,09141881+1922562,5080-301-3-0169-0141,EXTENDED,gri,,2,2,3,2,,,,,,,18.606,0.027,16.921,0.004,16.071,0.004,15.657,0.003,15.331,0.007,14.917,0.062,14.212,0.069,13.844,0.055,,,,,,,,,,,,,,,,,,,,,,,,,,,
1706,1706,1706,211943925,08 44 07.557,+19 22 59.53,1,13.164,,,547-045845,08440755+1922594,,STAR,gri,rpm,0.7,2.2,-1.9,2.2,,,14.447,0.047,13.421,0.02,,,13.91,0.02,13.118,0.01,12.845,0.03,,,11.736,0.023,11.201,0.021,11.115,0.017,4842,77,77,2.777,0.528,0.44,-0.458,0.25,0.35,6.303,3.826,2.381,1.002,0.211,0.117,0.003,0.012,0.003,1948,1034,675.6,0.036,0.009,0.009,,,
1707,1707,1707,211943982,08 45 26.902,+19 23 01.72,1,14.342,,,547-045889,08452690+1923017,,STAR,JHK,rpm,0.1,3.2,-19.2,3.8,,,,,,,,,,,,,,,,,12.998,0.021,12.57,0.021,12.48,0.026,5252,156,125,4.56,0.04,0.072,-0.165,0.2,0.36,0.799,0.132,0.065,0.853,0.064,0.077,1.641,0.309,0.396,520.5,132.4,55.75,0.033,0.008,0.008,,,
1708,1708,1708,211944001,09 09 26.210,+19 23 02.70,1,16.883,,,,09092621+1923026,5080-301-4-0161-0306,EXTENDED,gri,,2,3,-2,3,,,,,,,20.386,0.114,18.116,0.009,16.847,0.005,16.354,0.005,15.981,0.011,15.587,0.088,14.978,0.13,14.343,0.101,,,,,,,,,,,,,,,,,,,,,,,,,,,
1709,1709,1709,211944013,09 04 21.258,+19 23 03.13,1,10.134,,1404-1077-1,547-046559,09042124+1923032,,STAR,gri,plx,-2,1.5,-3.2,1.6,,,11.255,0.11,10.652,0.092,,,10.872,0.03,10.151,0.04,9.818,0.01,,,8.678,0.02,8.185,0.04,8.016,0.02,4874,77,96,2.38,0.12,0.4,-0.588,0.25,0.65,10.984,5.3,1.284,0.963,0.247,0.112,8.01E-04,3.46E-04,5.87E-04,1663,1890,1890,0.034,0.01,0.008,,,
1710,1710,1710,211944042,08 53 37.140,+19 23 04.74,1,15.603,,,,08533714+1923047,5061-301-3-0131-0191,EXTENDED,gri,,-3,2,1,2,,,,,,,17.459,0.012,16.282,0.003,15.637,0.003,15.312,0.003,15.028,0.006,14.334,0.045,13.699,0.055,13.373,0.05,,,,,,,,,,,,,,,,,,,,,,,,,,,
1711,1711,1711,211944056,08 52 03.215,+19 23 05.43,1,13.711,,,547-046148,08520321+1923055,,STAR,gri,rpm,-36.8,2.6,-16.6,2.8,,,16.231,0.05,14.67,0.02,,,15.492,0.03,14.115,0.01,12.947,0.05,,,11.001,0.02,10.376,0.021,10.129,0.017,3670,131,43,4.983,0.02,0.039,0.02,0.12,0.3,0.298,0.039,0.006,0.319,0.047,0.012,11.97,0.719,2.441,53.99,10.27,15.87,0.008,0.004,0.002,,,
1712,1712,1712,211944075,08 44 03.857,+19 23 06.34,1,13.731,,,547-045842,08440385+1923064,,STAR,gri,rpm,-25,2.8,-8.2,3.2,,,15.494,0.02,14.198,0.01,,,14.913,0.039,13.681,0.01,13.224,0.03,,,11.85,0.023,11.229,0.029,11.084,0.017,4166,50,66,4.807,0.045,0.054,-0.229,0.36,0.16,0.467,0.08,0.036,0.524,0.102,0.037,4.896,0.99,1.25,130.3,27.8,12.01,0.017,0.005,0.004,,,
1713,1713,1713,211944083,08 54 28.964,+19 23 06.77,1,17.881,,,,08542896+1923067,,STAR,J,col,,,,,,,,,,,,,,,,,,,,,16.357,0.116,15.777,0.133,15.181,0.138,3723,469,352,4.989,0.12,0.168,-0.204,0.25,0.35,0.273,0.175,0.092,0.294,0.211,0.132,10.9,10.85,6.144,574.7,534.5,242.5,0.032,0.008,0.008,,,
1714,1714,1714,211944101,08 55 28.584,+19 23 07.94,1,10.858,,1397-808-1,547-046264,08552858+1923079,,STAR,gri,plx,-7.5,2.3,-12.4,2.3,,,12.103,0.223,11.207,0.122,,,11.607,0.01,10.852,0.01,10.536,0.04,,,9.339,0.02,8.799,0.021,8.695,0.019,4853,57,76,2.366,0.155,0.372,-0.754,0.3,0.36,10.495,4.072,1.945,0.923,0.182,0.048,7.66E-04,5.50E-04,5.33E-04,5854,26680,26680,0.034,0.008,0.007,,,
1715,1715,1715,211944137,09 04 11.634,+19 23 09.64,1,12.236,,,547-046553,09041163+1923097,,STAR,gri,lam,1.2,1.8,-7.8,1,,,13.088,0.02,12.398,0.031,,,12.702,0.01,12.273,0.02,12.036,0.07,,,11.197,0.023,10.842,0.021,10.817,0.019,5576,135,203,3.764,0.098,0.07,-0.35,0.12,0.06,2.256,0.392,0.334,1.152,0.101,0.135,0.094,0.04,0.028,689.1,82.3,100.7,0.032,0.005,0.005,,,
1716,1716,1716,211944175,08 38 10.059,+19 23 11.57,1,11.941,,,547-045572,08381006+1923115,,STAR,gri,rpm,-7.4,1,-8.6,0.4,,,13.162,0.01,12.191,0.01,,,12.634,0.031,11.893,0.02,11.645,0.01,,,10.52,0.026,10.007,0.03,9.936,0.02,4943,79,79,2.929,0.525,0.63,-0.478,0.25,0.25,5.415,4.894,2.249,0.998,0.208,0.087,0.004,0.022,0.004,964.8,782.8,376.7,0.034,0.008,0.007,,,
1717,1717,1717,211944193,08 42 23.826,+19 23 12.48,1,16.856,,,,08422382+1923124,,STAR,JHK,col,,,,,,,,,,,,,,,,,,,,,14.357,0.033,13.726,0.035,13.405,0.035,3546,168,202,5.037,0.112,0.08,-0.04,0.16,0.2,0.237,0.088,0.064,0.232,0.105,0.087,15.1,12.76,5.352,176.6,70.55,58.61,0.022,0.01,0.008,,,
1718,1718,1718,211944196,09 15 00.990,+19 23 12.73,1,19.527,,,,,5080-301-3-0170-0523,EXTENDED,gri,,17,4,-8,4,,,,,,,21.164,0.175,19.95,0.03,19.579,0.035,19.346,0.04,18.955,0.104,,,,,,,,,,,,,,,,,,,,,,,,,,,,,,,,,
1719,1719,1719,211944217,08 57 30.919,+19 23 13.42,1,18.085,,,,08573091+1923134,5061-301-2-0137-0430,EXTENDED,gri,,-32,3,0,3,,,,,,,22.134,0.225,19.84,0.017,18.344,0.009,17.333,0.007,16.675,0.011,15.526,0.059,14.931,0.086,14.681,0.091,,,,,,,,,,,,,,,,,,,,,,,,,,,
1720,1720,1720,211944228,08 41 03.731,+19 23 14.23,1,17.463,,,,08410373+1923142,,STAR,J,col,,,,,,,,,,,,,,,,,,,,,15.97,0.09,15.292,0.096,14.747,0.113,3709,416,297,4.989,0.12,0.168,-0.168,0.2,0.28,0.28,0.143,0.094,0.297,0.187,0.134,10.57,10.28,5.892,442.8,316.1,184.5,0.032,0.01,0.008,,,
1721,1721,1721,211944237,08 44 32.497,+19 23 14.78,1,12.344,,,547-045863,08443249+1923148,,STAR,gri,rpm,-2.7,1.6,-3.6,1.4,,,13.013,0.01,12.446,0.02,,,12.679,0.01,12.332,0.02,12.201,0.04,,,11.441,0.026,11.146,0.028,11.088,0.025,6167,147,98,4.149,0.168,0.21,-0.247,0.2,0.28,1.388,0.597,0.313,1.122,0.152,0.242,0.364,0.38,0.21,517.5,234.7,121.3,0.032,0.008,0.008,,,
1722,1722,1722,211944297,08 54 26.951,+19 23 17.53,1,17.738,,,,08542695+1923175,5061-301-3-0132-0323,EXTENDED,gri,,3,2,5,2,,,,,,,20.055,0.06,18.621,0.009,17.798,0.007,17.359,0.008,17.021,0.02,16.408,0.123,15.547,0.123,14.999,0.12,,,,,,,,,,,,,,,,,,,,,,,,,,,
1723,1723,1723,211944408,08 46 38.769,+19 23 23.62,1,13.745,,,547-045933,08463876+1923236,,STAR,gri,lam,-1.3,2.2,-19.9,2.5,,,14.645,0.03,13.913,0.01,,,14.242,0.03,13.724,0.01,13.531,0.067,,,12.537,0.023,12.128,0.032,12.035,0.02,5564,167,134,4.505,0.048,0.056,-0.239,0.12,0.15,0.854,0.079,0.061,0.876,0.07,0.058,1.34,0.253,0.251,485.1,50.49,54.35,0.032,0.008,0.007,,,
1724,1724,1724,211944434,08 59 34.593,+19 23 25.62,1,11.123,,1397-428-1,547-046410,08593460+1923257,,STAR,gri,lam,35.4,1.9,-77.4,1.9,,,11.654,0.112,11.582,0.168,,,11.517,0.01,11.125,0.04,10.953,0.04,,,10.032,0.022,9.729,0.021,9.649,0.018,5862,138,161,4.257,0.21,0.294,-0.327,0.15,0.12,1.15,0.537,0.276,0.944,0.089,0.075,0.545,0.62,0.357,226.2,81.07,59.68,0.026,0.008,0.006,,,
1725,1725,1725,211944510,08 56 50.620,+19 23 29.84,1,15.412,,,547-046319,08565061+1923298,5071-301-2-0133-0209,STAR,JHK,rpm,33.9,9.9,-42.5,8.8,,,,,,,,,,,,,,,,,13.385,0.024,12.841,0.026,12.594,0.023,3514,175,175,5.056,0.06,0.084,0.006,0.12,0.18,0.223,0.076,0.04,0.213,0.105,0.048,17.56,7.245,6.481,98.32,40.5,21.47,0.016,0.005,0.005,,,
1726,1726,1726,211944543,08 56 30.406,+19 23 31.75,1,17.979,,,,08563040+1923317,,STAR,J,col,,,,,,,,,,,,,,,,,,,,,16.446,0.121,15.636,0.13,15.241,0.14,3889,426,355,4.923,0.14,0.168,-0.254,0.25,0.3,0.346,0.153,0.139,0.371,0.177,0.177,8.474,9.028,4.371,727.3,465.9,325.8,0.032,0.01,0.007,,,
1727,1727,1727,211944581,09 05 09.118,+19 23 33.93,1,17.605,,,,09050911+1923339,5112-301-4-0180-0267,EXTENDED,gri,,1,2,-2,2,,,,,,,19.59,0.063,18.327,0.01,17.684,0.009,17.296,0.011,17.096,0.036,16.81,0.165,15.965,0.159,,,,,,,,,,,,,,,,,,,,,,,,,,,,,
1728,1728,1728,211944612,08 45 50.574,+19 23 35.79,1,12.994,,,547-045896,08455057+1923357,,STAR,gri,lam,-17.6,1.3,-3.9,1.5,,,13.768,0.02,13.14,0.01,,,13.41,0.02,12.967,0.041,12.816,0.04,,,11.934,0.022,11.626,0.022,11.524,0.023,5935,143,119,4.267,0.168,0.252,-0.375,0.15,0.12,1.168,0.424,0.242,0.941,0.081,0.058,0.589,0.478,0.348,532.3,169.4,109.5,0.032,0.008,0.006,,,
1729,1729,1729,211944630,09 02 11.605,+19 23 36.66,1,17.664,,,,09021160+1923366,5061-301-1-0143-0263,EXTENDED,gri,,4,3,-6,3,,,,,,,19.568,0.048,18.314,0.01,17.741,0.009,17.385,0.01,17.138,0.029,17.093,0.196,16.188,0.176,15.494,0.165,,,,,,,,,,,,,,,,,,,,,,,,,,,
1730,1730,1730,211944634,08 38 31.346,+19 23 36.88,1,11.605,,,547-045593,08383135+1923366,,STAR,gri,rpm,2.2,0.9,4.4,2.1,,,12.099,0.03,11.624,0.03,,,11.79,0.01,11.544,0.02,11.502,0.01,,,10.818,0.021,10.636,0.021,10.584,0.016,6681,107,133,4.049,0.165,0.264,-0.063,0.12,0.15,1.754,0.809,0.37,1.446,0.208,0.148,0.215,0.19,0.127,550.4,252.2,122.4,0.032,0.011,0.008,,,
1731,1731,1731,211944657,08 44 32.470,+19 23 38.73,1,11.36,,1396-204-1,547-045862,08443247+1923387,,STAR,gri,plx,-7.4,1.5,-0.6,1.6,,,11.669,0.086,11.322,0.102,,,11.518,0.02,11.308,0.01,11.279,0.05,,,10.594,0.023,10.473,0.024,10.411,0.02,6885,138,138,4.229,0.05,0.13,-0.086,0.12,0.12,1.474,0.333,0.086,1.388,0.1,0.1,0.415,0.078,0.159,297,58.13,58.13,0.032,0.01,0.008,,,
1732,1732,1732,211944662,08 43 06.379,+19 23 38.90,1,17.973,,,,08430637+1923388,,STAR,J,,,,,,,,,,,,,,,,,,,,,,16.441,0.146,,,15.399,0.193,,,,,,,,,,,,,,,,,,,,,,,,,,,
1733,1733,1733,211944705,08 58 28.727,+19 23 41.33,1,17.895,,,,08582872+1923413,5061-301-2-0138-0166,STAR,gri,rpm,-6,4,-41,4,,,,,,,22.103,0.164,19.901,0.015,18.449,0.008,17.035,0.006,16.258,0.008,14.876,0.032,14.303,0.036,13.983,0.046,3518,125,83,5.052,0.035,0.035,-0.053,0.12,0.18,0.229,0.031,0.023,0.226,0.038,0.038,17.62,3.809,3.688,204,37.45,26.73,0.026,0.006,0.006,,,
1734,1734,1734,211944718,08 44 19.387,+19 23 41.81,1,13.349,,,547-045852,08441938+1923418,,STAR,gri,rpm,-26,1.9,-31.1,2.4,,,14.6,0.02,13.621,0.01,,,14.097,0.04,13.286,0.02,13.028,0.03,,,11.93,0.022,11.47,0.021,11.37,0.022,4964,98,79,4.593,0.03,0.025,-0.008,0.08,0.2,0.744,0.046,0.052,0.799,0.058,0.058,1.865,0.306,0.222,279.3,17.23,28.54,0.03,0.012,0.01,,,
1735,1735,1735,211944751,08 49 53.964,+19 23 43.32,1,17.105,,,,08495396+1923433,5061-301-4-0126-0158,EXTENDED,gri,,4,2,-7,2,,,,,,,19.142,0.053,17.78,0.007,17.193,0.007,16.816,0.007,16.546,0.022,16.442,0.141,15.845,0.175,15.377,0.159,,,,,,,,,,,,,,,,,,,,,,,,,,,
1736,1736,1736,211944782,09 09 26.141,+19 23 45.07,1,17.767,,,,,5080-301-4-0161-0317,EXTENDED,gri,,0,3,-2,3,,,,,,,19.978,0.075,18.546,0.011,17.772,0.009,17.433,0.009,17.192,0.027,,,,,,,,,,,,,,,,,,,,,,,,,,,,,,,,,
1737,1737,1737,211944799,09 06 53.993,+19 23 45.85,1,18,,,,09065399+1923458,5112-301-4-0182-0395,EXTENDED,gri,,0,3,-2,3,,,,,,,20.67,0.093,18.926,0.011,18.022,0.008,17.603,0.008,17.307,0.023,16.361,0.119,15.819,0.169,15.502,0.196,,,,,,,,,,,,,,,,,,,,,,,,,,,
1738,1738,1738,211944807,08 42 32.253,+19 23 46.28,1,10.825,,1395-1687-1,547-045784,08423225+1923463,,STAR,gri,plx,-35.7,1.5,-10.7,1.5,,,11.558,0.096,10.832,0.077,,,11.274,0.01,10.791,0.02,10.632,0.06,,,9.836,0.022,9.536,0.023,9.458,0.016,5732,92,92,4.487,0.04,0.04,-0.339,0.25,0.3,0.885,0.083,0.076,0.88,0.12,0.086,1.23,0.283,0.195,128.6,12.95,12.95,0.02,0.007,0.005,,,
1739,1739,1739,211944868,09 02 35.864,+19 23 50.18,1,13.77,,,547-046500,09023586+1923501,,STAR,gri,rpm,-18.1,4.4,-11.8,3.9,,,15.376,0.057,14.213,0.01,,,14.857,0.01,13.75,0.044,13.304,0.03,,,12.018,0.022,11.411,0.023,11.288,0.018,4356,69,69,4.714,0.03,0.025,-0.03,0.15,0.15,0.59,0.03,0.036,0.658,0.04,0.04,3.176,0.521,0.306,189.6,19.83,13.63,0.024,0.007,0.006,,,
1740,1740,1740,211944926,09 09 11.594,+19 23 53.08,1,18.421,,,,,5080-301-4-0161-0098,EXTENDED,gri,,-4,3,-7,3,,,,,,,19.972,0.057,18.868,0.011,18.486,0.011,18.23,0.012,18.226,0.046,,,,,,,,,,,,,,,,,,,,,,,,,,,,,,,,,
1741,1741,1741,211944929,08 41 37.526,+19 23 53.32,1,14.497,,,547-045743,08413753+1923533,5037-301-2-0116-0183,STAR,gri,rpm,-2.3,3.4,12.4,6.3,,,15.856,0.01,14.777,0.02,,,15.259,0.01,14.471,0.02,14.171,0.05,,,13.042,0.022,12.56,0.021,12.433,0.024,4983,59,79,4.598,0.035,0.07,-0.165,0.2,0.24,0.746,1.794,0.069,0.794,0.106,0.076,1.926,0.337,0.575,460.4,926.1,50.45,0.033,0.01,0.006,,,
1742,1742,1742,211944945,08 39 53.440,+19 23 53.98,1,14.193,,,547-045659,08395344+1923539,5061-301-6-0111-0229,STAR,gri,rpm,-44.9,2.5,28.3,2.1,,,16.136,0.05,14.773,0.02,,,15.509,0.03,14.208,0.02,13.629,0.02,,,12.231,0.022,11.56,0.023,11.407,0.02,3986,47,47,4.822,0.025,0.025,0.016,0.06,0.12,0.458,0.031,0.025,0.52,0.032,0.026,5.219,0.637,0.568,143.3,14.55,8.077,0.023,0.004,0.006,,,
1743,1743,1743,211944961,08 46 56.184,+19 23 54.66,1,16.267,,,,08465618+1923546,5071-301-4-0119-0210,STAR,gri,rpm,30,3,-49,3,,,,,,,20.606,0.057,18.156,0.006,16.804,0.005,15.458,0.004,14.763,0.005,13.363,0.024,12.747,0.032,12.51,0.02,3734,102,87,4.952,0.036,0.042,-0.051,0.18,0.18,0.323,0.042,0.028,0.351,0.055,0.034,9.976,1.611,2.124,155.6,28.32,13.56,0.022,0.006,0.005,,,
1744,1744,1744,211944983,09 04 31.128,+19 23 55.98,1,17.397,,,,09043112+1923559,5080-301-5-0154-0280,EXTENDED,gri,,-7,2,2,2,,,,,,,20.164,0.071,18.328,0.009,17.459,0.006,16.998,0.006,16.687,0.014,15.942,0.094,15.47,0.141,15.103,0.117,,,,,,,,,,,,,,,,,,,,,,,,,,,
1745,1745,1745,211945004,08 50 10.474,+19 23 57.32,1,13.791,,,547-046074,08501047+1923572,,STAR,gri,lam,-2.1,2.3,-23.9,2.2,,,15.02,0.04,14.028,0.02,,,14.527,0.01,13.708,0.02,13.475,0.02,,,12.271,0.023,11.756,0.028,11.674,0.023,4871,145,145,4.605,0.025,0.025,0.027,0.1,0.1,0.736,0.036,0.042,0.804,0.04,0.048,1.948,0.258,0.192,313.9,28.71,31.29,0.029,0.009,0.005,,,
1746,1746,1746,211945017,08 57 22.454,+19 23 58.28,1,19.298,,,,,5061-301-2-0136-0244,STAR,gri,,3,3,-4,3,,,,,,,19.881,0.034,19.636,0.013,19.282,0.013,19.153,0.016,19.195,0.052,,,,,,,,,,,,,,,,,,,,,,,,,,,,,,,,,
1747,1747,1747,211945039,09 11 59.459,+19 23 59.64,1,17.97,,,,09115945+1923596,5112-301-3-0190-0256,EXTENDED,gri,,1,3,-3,3,,,,,,,21.073,0.133,19.213,0.014,17.909,0.008,17.438,0.008,17.1,0.02,16.298,0.095,15.654,0.103,14.869,0.088,,,,,,,,,,,,,,,,,,,,,,,,,,,
1748,1748,1748,211945044,08 43 28.005,+19 23 59.83,1,17.493,,,,08432800+1923598,5071-301-5-0114-0304,EXTENDED,gri,,1,3,3,3,,,,,,,21.004,0.13,18.779,0.011,17.473,0.006,16.942,0.006,16.6,0.012,15.707,0.09,15.061,0.09,14.596,0.111,,,,,,,,,,,,,,,,,,,,,,,,,,,
1749,1749,1749,211945052,09 11 13.110,+19 24 00.18,1,14.552,,,,09111311+1924001,5112-301-3-0189-0165,EXTENDED,gri,,1,2,17,2,,,,,,,16.476,0.011,15.209,0.003,14.597,0.003,14.27,0.003,14.027,0.006,15.038,0.093,14.478,0.101,14.069,0.091,,,,,,,,,,,,,,,,,,,,,,,,,,,
1750,1750,1750,211945056,09 04 30.223,+19 24 00.35,1,17.022,,,,09043022+1924003,,STAR,J,col,,,,,,,,,,,,,,,,,,,,,15.559,0.094,14.965,0.117,14.412,0.103,3715,487,271,4.958,0.138,0.184,-0.132,0.2,0.32,0.296,0.184,0.098,0.303,0.219,0.137,10.15,9.644,6.167,404.9,361.6,167,0.031,0.008,0.008,,,
1751,1751,1751,211945079,09 09 20.868,+19 24 01.60,1,14.946,,,548-047285,09092086+1924015,5080-301-4-0161-0158,STAR,gri,rpm,3,6.1,5.8,6.2,,,16.796,0.07,15.441,0.052,,,16.119,0.02,14.888,0.06,14.443,0.03,,,13.043,0.024,12.408,0.035,12.247,0.022,4157,116,99,4.783,0.054,0.054,-0.125,0.2,0.2,0.501,0.062,0.055,0.564,0.065,0.065,4.462,1.027,0.982,237.2,38.93,33.44,0.026,0.006,0.005,,,
1752,1752,1752,211945097,09 14 22.489,+19 24 02.37,1,15.089,,,548-047449,09142248+1924026,5080-301-3-0169-0163,STAR,JHK,col,,,,,,,,,,,,,,,,,,,,,12.691,0.021,12.035,0.03,11.784,0.019,3735,217,181,4.941,0.095,0.095,-0.026,0.15,0.24,0.33,0.093,0.097,0.343,0.119,0.119,9.748,7.427,3.668,111.4,44.14,36.76,0.017,0.007,0.006,,,
1753,1753,1753,211945119,08 39 53.165,+19 24 03.77,1,16.906,,,,08395316+1924037,5061-301-6-0111-0230,STAR,gri,rpm,-34,3,-3,3,,,,,,,21.36,0.095,18.895,0.008,17.444,0.006,16.053,0.004,15.326,0.005,13.905,0.026,13.314,0.03,13.014,0.031,3476,123,68,5.05,0.042,0.035,0.011,0.12,0.15,0.228,0.03,0.026,0.216,0.046,0.029,17.79,4.097,3.33,123.3,29.37,15.41,0.017,0.005,0.006,,,
1754,1754,1754,211945144,09 03 05.462,+19 24 04.95,1,13.94,,,548-047067,09030546+1924050,,STAR,gri,rpm,-4,3.7,-10.2,3.8,,,15,0.04,14.187,0.04,,,14.521,0.04,13.984,0.02,13.691,0.01,,,12.842,0.025,12.424,0.021,12.319,0.02,5185,124,62,2.678,0.816,0.51,-1.661,0.7,0.7,5.707,4.536,3.19,0.805,0.081,0.016,0.002,0.037,0.002,3570,2563,2068,0.042,0.007,0.013,,,
1755,1755,1755,211945178,09 09 53.814,+19 24 07.40,1,12.317,,1404-599-1,548-047303,09095380+1924074,,STAR,gri,rpm,-4.2,1.8,-6.5,2,,,12.981,0.266,12.514,0.206,,,12.677,0.02,12.27,0.01,12.163,0.01,,,11.25,0.021,10.961,0.021,10.891,0.02,6034,96,72,4.127,0.22,0.22,-0.112,0.16,0.24,1.41,0.479,0.358,1.121,0.151,0.126,0.33,0.368,0.196,482.6,195.3,119,0.031,0.008,0.007,,,
1756,1756,1756,211945201,09 06 17.754,+19 24 08.11,1,10.115,,1404-1186-1,548-047168,09061775+1924080,,STAR,gri,plx,44.3,1.1,-42,1.2,,,10.937,0.08,10.154,0.056,,,10.479,0.03,10.038,0.04,9.959,0.08,,,9.144,0.023,8.908,0.028,8.837,0.02,6084,145,120,4.284,0.075,0.105,-0.022,0.15,0.21,1.256,0.139,0.105,1.141,0.059,0.095,0.561,0.162,0.167,165.5,17.12,17.12,0.023,0.006,0.005,,,
1757,1757,1757,211945202,09 09 16.414,+19 24 08.11,1,15.981,,,,09091641+1924081,,STAR,J,col,,,,,,,,,,,,,,,,,,,,,14.593,0.076,14.178,0.108,13.568,0.079,3615,569,284,4.998,0.105,0.21,-0.096,0.18,0.27,0.261,0.208,0.08,0.271,0.272,0.105,13.35,11.22,8.32,212.8,240.1,80.09,0.024,0.01,0.008,,,
1758,1758,1758,211945257,08 40 00.423,+19 24 11.49,1,16.939,,,,08400042+1924114,5061-301-6-0111-0399,STAR,gri,rpm,-29,3,-10,3,,,,,,,20.623,0.056,18.191,0.006,16.955,0.005,16.402,0.005,16.085,0.007,14.987,0.038,14.225,0.041,14.032,0.053,4047,64,48,4.812,0.042,0.03,-0.056,0.12,0.18,0.467,0.032,0.042,0.519,0.038,0.046,5.003,0.971,0.595,532.9,44.73,49.12,0.031,0.01,0.007,,,
1759,1759,1759,211945306,09 11 13.216,+19 24 14.61,1,17.049,,,,,5112-301-3-0189-0170,EXTENDED,gri,,-33,4,-2,4,,,,,,,18.483,0.093,17.538,0.019,17.074,0.019,16.839,0.026,17.082,0.135,,,,,,,,,,,,,,,,,,,,,,,,,,,,,,,,,
1760,1760,1760,211945329,08 39 03.086,+19 24 15.59,1,17.512,,,,08390308+1924155,5071-301-6-0108-0378,STAR,gri,rpm,-37,3,-12,3,,,,,,,22.211,0.214,19.651,0.013,18.168,0.007,16.595,0.005,15.737,0.006,14.261,0.027,13.643,0.027,13.407,0.035,3512,115,173,5.073,0.045,0.054,-0.098,0.21,0.15,0.212,0.035,0.03,0.199,0.049,0.041,19.52,5.627,4.368,142.5,31.85,29.88,0.021,0.008,0.007,,,
1761,1761,1761,211945356,08 57 45.036,+19 24 17.32,1,12.855,,,548-046865,08574503+1924173,,STAR,gri,rpm,2.4,1.4,-10,1.6,,,13.591,0.04,12.984,0.01,,,13.22,0.01,12.86,0.02,12.699,0.01,,,11.877,0.019,11.568,0.019,11.543,0.018,6065,98,98,4.093,0.245,0.175,-0.431,0.25,0.35,1.47,0.261,0.444,0.968,0.13,0.081,0.318,0.424,0.15,656.5,107.8,186.6,0.034,0.011,0.007,,,
1762,1762,1762,211945362,08 39 31.758,+19 24 17.62,1,15.762,,,,08393175+1924176,,STAR,JHK,col,,,,,,,,,,,,,,,,,,,,,13.566,0.026,12.991,0.024,12.725,0.03,3527,147,206,5.031,0.104,0.065,-0.026,0.15,0.18,0.236,0.071,0.07,0.237,0.083,0.083,15.46,12.42,4.766,116.8,37.18,37.47,0.017,0.007,0.006,,,
1763,1763,1763,211945363,08 57 15.422,+19 24 17.67,1,12.349,,,548-046839,08571541+1924177,,STAR,gri,rpm,123.7,2.1,-152.5,1.9,,,15.066,0.01,13.501,0.01,,,14.258,0.04,12.966,0.03,11.531,0.06,,,9.447,0.025,8.866,0.024,8.606,0.018,3706,132,58,4.949,0.03,0.054,0.026,0.12,0.12,0.327,0.053,0.026,0.355,0.059,0.037,9.694,1.565,2.289,36.62,11.21,12.74,0.006,0.002,0.002,,,
1764,1764,1764,211945388,08 54 33.039,+19 24 19.02,1,14.351,,,548-046734,08543304+1924189,5061-301-3-0132-0220,STAR,gri,lam,4.7,2.6,-11.7,2.8,,,15.401,0.05,14.566,0.05,,,14.939,0.04,14.343,0.02,14.098,0.03,,,13.049,0.022,12.658,0.026,12.522,0.022,5303,128,107,3.742,0.066,0.055,-0.521,0.15,0.12,2.186,0.209,0.19,0.959,0.097,0.037,0.092,0.023,0.018,1453,137.3,90.75,0.035,0.008,0.008,,,
1765,1765,1765,211945437,08 45 04.161,+19 24 21.61,1,16.414,,,,08450416+1924216,5037-301-1-0121-0354,EXTENDED,gri,,0,3,4,3,,,,,,,19.499,0.048,17.482,0.006,16.447,0.004,15.956,0.004,15.588,0.008,15.333,0.07,14.635,0.096,14.071,0.081,,,,,,,,,,,,,,,,,,,,,,,,,,,
1766,1766,1766,211945445,08 44 44.809,+19 24 22.18,1,15.655,,,,08444480+1924221,,STAR,JHK,col,,,,,,,,,,,,,,,,,,,,,13.252,0.023,12.634,0.028,12.343,0.019,3526,116,175,5.039,0.084,0.06,-0.021,0.15,0.18,0.235,0.048,0.061,0.229,0.069,0.069,16.17,10.91,4.456,95.68,32.91,27.91,0.014,0.006,0.006,,,
1767,1767,1767,211945477,08 43 47.074,+19 24 23.57,1,11.895,,,548-046315,08434707+1924236,,STAR,gri,rpm,-7.6,0.5,-3.7,0.9,,,13.316,0.042,12.188,0.01,,,12.748,0.01,11.838,0.04,11.53,0.05,,,10.275,0.023,9.719,0.023,9.604,0.017,4693,75,75,2.532,0.408,0.204,-0.182,0.15,0.18,9.115,2.445,3.219,1.201,0.161,0.161,0.001,0.004,6.71E-04,1458,335.8,494.8,0.034,0.013,0.008,,,
1768,1768,1768,211945502,08 43 33.752,+19 24 24.76,1,17.544,,,,08433375+1924247,5071-301-5-0114-0322,STAR,gri,rpm,-33,3,-9,3,,,,,,,22.151,0.171,19.792,0.015,18.255,0.008,16.58,0.005,15.673,0.006,14.127,0.032,13.582,0.037,13.243,0.028,3345,94,33,5.147,0.02,0.038,-0.107,0.08,0.05,0.173,0.026,0.003,0.152,0.032,0.003,29.45,1.767,6.002,99.13,22.32,2.974,0.017,0.01,0.004,,,
1769,1769,1769,211945503,08 56 28.014,+19 24 24.81,1,12.826,,,548-046808,08562802+1924248,,STAR,gri,rpm,-24.3,3.1,1.7,1.7,,,13.679,0.03,12.983,0.01,,,13.263,0.05,12.832,0.041,12.638,0.03,,,11.729,0.02,11.384,0.019,11.333,0.018,5779,138,115,4.424,0.07,0.392,-0.193,0.16,0.36,0.981,0.595,0.105,0.962,0.068,0.095,0.982,0.312,0.735,404,253,50.18,0.029,0.008,0.006,,,
1770,1770,1770,211945515,09 14 31.149,+19 24 25.68,1,16.428,,,,09143114+1924256,5080-301-3-0169-0198,EXTENDED,gri,,0,2,-1,2,,,,,,,19.017,0.043,17.283,0.006,16.464,0.005,16.061,0.005,15.756,0.01,15.796,0.078,15.035,0.097,14.827,0.098,,,,,,,,,,,,,,,,,,,,,,,,,,,
1771,1771,1771,211945525,08 38 33.973,+19 24 26.36,1,19.418,,,,,5071-301-6-0107-0227,STAR,gri,,-3,4,2,4,,,,,,,21.389,0.111,19.567,0.013,19.369,0.014,19.492,0.02,19.454,0.065,,,,,,,,,,,,,,,,,,,,,,,,,,,,,,,,,
1772,1772,1772,211945557,09 09 12.645,+19 24 27.35,1,14.675,,,548-047282,,5080-301-4-0161-0093,EXTENDED,gri,,-4.3,5.9,-0.4,5.3,,,16.13,0.04,15.071,0.06,,,15.553,0.07,14.759,0.01,14.298,0.01,,,,,,,,,,,,,,,,,,,,,,,,,,,,,,,,,,,
1773,1773,1773,211945592,08 51 50.002,+19 24 29.31,1,11.565,,1396-1241-1,548-046648,08515001+1924292,,STAR,gri,plx,-10.3,1.7,3.4,1.8,,,11.989,0.16,11.977,0.249,,,11.863,0.02,11.508,0.04,11.437,0.03,,,10.575,0.02,10.298,0.021,10.234,0.017,6123,121,97,4.334,0.075,0.135,-0.313,0.25,0.35,1.116,0.204,0.126,1.005,0.142,0.118,0.674,0.225,0.249,220.1,47.33,47.33,0.027,0.01,0.008,,,
1774,1774,1774,211945654,08 52 28.418,+19 24 32.81,1,14.372,,,548-046670,08522842+1924328,5071-301-3-0127-0096,STAR,gri,lam,-8.7,2.4,-17.3,2.6,,,15.477,0.01,14.585,0.02,,,15.026,0.02,14.297,0.01,14.092,0.04,,,13.083,0.027,12.599,0.029,12.574,0.024,5258,156,187,4.544,0.035,0.042,-0.003,0.12,0.12,0.825,0.053,0.05,0.878,0.053,0.044,1.514,0.224,0.231,558.1,60.93,54.93,0.032,0.01,0.006,,,
1775,1775,1775,211945701,08 59 23.879,+19 24 35.52,1,17.511,,,,08592387+1924355,,STAR,J,col,,,,,,,,,,,,,,,,,,,,,16.014,0.074,15.256,0.087,14.765,0.097,3783,385,321,4.953,0.125,0.15,-0.168,0.2,0.28,0.318,0.157,0.121,0.334,0.186,0.155,9.797,10.44,5.054,537.7,360.8,247.3,0.032,0.01,0.008,,,
1776,1776,1776,211945729,09 09 41.533,+19 24 36.96,1,14.019,,,548-047300,09094153+1924369,,STAR,gri,rpm,-23.1,3.3,-10.1,3.5,,,15.212,0.05,14.28,0.02,,,14.681,0.03,14.004,0.03,13.734,0.08,,,12.696,0.022,12.242,0.024,12.111,0.018,5179,102,102,4.575,0.04,0.808,-0.242,0.2,0.32,0.775,1.612,0.075,0.834,0.082,0.082,1.749,0.354,1.654,434.7,842.4,49.06,0.034,0.007,0.007,,,
1777,1777,1777,211945744,09 04 30.718,+19 24 37.53,1,16.133,,,,09043071+1924375,5080-301-5-0154-0277,EXTENDED,gri,,2,2,-3,2,,,,,,,19.285,0.057,17.158,0.006,16.114,0.004,15.694,0.004,15.348,0.008,15.461,0.074,14.716,0.083,14.463,0.101,,,,,,,,,,,,,,,,,,,,,,,,,,,
1778,1778,1778,211945768,09 05 48.562,+19 24 39.29,1,19.74,,,,,5112-301-4-0181-0248,STAR,gri,,-28,3,-17,3,,,,,,,19.544,0.029,19.578,0.012,19.794,0.017,20.042,0.028,20.417,0.161,,,,,,,,,,,,,,,,,,,,,,,,,,,,,,,,,
1779,1779,1779,211945783,08 38 37.427,+19 24 39.94,1,16.454,,,,08383742+1924399,5071-301-6-0107-0238,STAR,gri,rpm,-64,3,26,3,,,,,,,20.941,0.079,18.394,0.007,16.839,0.005,15.622,0.004,14.967,0.005,13.619,0.024,13.019,0.026,12.776,0.026,3353,285,129,5.149,0.04,0.04,-0.168,0.15,0.81,0.166,0.021,0.007,0.148,0.024,0.003,30.25,4.884,5.718,77.24,10.03,10.52,0.013,0.004,0.004,,,
1780,1780,1780,211945791,08 42 06.498,+19 24 40.52,1,7.958,,1395-1721-1,548-046248,08420650+1924405,,STAR,BV,plx,-36.4,1.1,-12.7,1.1,,,8.158,0.017,7.926,0.013,,,,,,,,,,,7.545,0.019,7.464,0.02,7.431,0.024,7520,357,268,3.93,0.084,0.06,0.003,0.15,0.12,2.39,0.192,0.206,1.857,0.095,0.095,0.129,0.041,0.023,185.2,12.28,12.28,0.022,0.007,0.005,,,
1781,1781,1781,211945830,08 41 02.015,+19 24 42.41,1,17.189,,,,08410201+1924424,5037-301-2-0116-0272,EXTENDED,gri,,6,3,3,3,,,,,,,19.117,0.037,17.837,0.007,17.235,0.007,16.911,0.007,16.685,0.017,16.534,0.124,15.693,0.142,15.123,0.165,,,,,,,,,,,,,,,,,,,,,,,,,,,
1782,1782,1782,211945831,08 55 09.543,+19 24 42.44,1,14.875,,,,08550954+1924424,,STAR,JHK,col,,,,,,,,,,,,,,,,,,,,,12.686,0.022,12.138,0.023,11.847,0.021,3462,105,148,5.065,0.072,0.06,-0.019,0.15,0.15,0.213,0.048,0.046,0.202,0.069,0.05,18.81,7.762,5.495,70.38,21.34,19.16,0.01,0.005,0.004,,,
1783,1783,1783,211945852,08 41 47.767,+19 24 43.86,1,11.295,,,548-046231,08414776+1924439,,STAR,gri,rpm,-28.3,0.6,-9.7,1,,,11.973,0.01,11.399,0.02,,,11.639,0.03,11.271,0.02,11.147,0.05,,,10.386,0.02,10.177,0.02,10.096,0.021,6251,127,102,4.207,0.11,0.176,-0.074,0.15,0.21,1.397,0.315,0.223,1.184,0.103,0.124,0.416,0.214,0.183,327.5,78.97,46.83,0.029,0.013,0.008,,,
1784,1784,1784,211945878,08 47 34.336,+19 24 45.20,1,12.975,,,548-046473,08473433+1924451,,STAR,gri,lam,1.6,1.4,-5.4,1.2,,,13.555,0.01,13.026,0.02,,,13.24,0.03,12.93,0.041,12.861,0.04,,,12.037,0.027,11.747,0.033,11.74,0.02,6152,123,123,4.228,0.11,0.11,-0.299,0.15,0.15,1.252,0.222,0.159,1.037,0.098,0.082,0.478,0.221,0.175,618.2,119.6,84.7,0.033,0.01,0.007,,,
1785,1785,1785,211945978,08 39 33.001,+19 24 50.24,1,14.556,,,548-046110,08393299+1924502,5061-301-6-0111-0086,STAR,gri,lam,8.1,2.9,-0.9,1.4,,,15.706,0.03,14.774,0.01,,,15.184,0.042,14.526,0.01,14.286,0.03,,,13.206,0.023,12.746,0.024,12.664,0.026,5368,130,227,3.847,0.117,0.065,-0.122,0.1,0.1,1.993,0.223,0.311,1.058,0.104,0.086,0.122,0.071,0.027,1442,199.9,147.9,0.034,0.015,0.005,,,
1786,1786,1786,211945980,08 40 04.163,+19 24 50.26,1,16.916,,,,08400416+1924502,5061-301-6-0111-0408,STAR,gri,rpm,-34,3,-11,3,,,,,,,21.135,0.08,18.947,0.009,17.492,0.006,16.045,0.005,15.254,0.005,13.836,0.023,13.21,0.024,12.967,0.031,3563,109,136,5.03,0.064,0.04,-0.015,0.12,0.21,0.248,0.036,0.052,0.243,0.06,0.06,15.26,7.207,3.277,137.3,27.93,33.3,0.019,0.007,0.005,,,
1787,1787,1787,211946007,08 42 39.438,+19 24 52.01,1,16.57,,,,08423943+1924520,,STAR,JHK,col,,,,,,,,,,,,,,,,,,,,,14.348,0.032,13.769,0.037,13.499,0.043,3632,199,199,4.997,0.095,0.095,-0.073,0.16,0.24,0.271,0.09,0.079,0.269,0.117,0.098,12.55,10.5,4.988,194.9,84.25,68.26,0.022,0.008,0.007,,,
1788,1788,1788,211946016,08 43 06.154,+19 24 52.16,1,16.785,,,,08430615+1924521,5071-301-5-0114-0234,STAR,gri,rpm,-36,3,-12,3,,,,,,,21.285,0.089,18.828,0.009,17.353,0.005,15.909,0.005,15.14,0.005,13.693,0.025,13.042,0.025,12.79,0.025,3536,128,64,5.054,0.036,0.042,-0.036,0.15,0.24,0.236,0.023,0.029,0.231,0.027,0.036,17.82,3.506,3.368,130.6,3.967,20.81,0.021,0.007,0.007,,,
1789,1789,1789,211946038,08 58 45.991,+19 24 53.20,1,14.773,,,548-046908,08584598+1924533,,STAR,gri,rpm,-2.1,4.6,1.7,4.9,,,16.334,0.05,15.158,0.01,,,15.764,0.07,14.806,0.03,14.348,0.04,,,13.08,0.022,12.583,0.021,12.421,0.023,4673,109,136,4.581,0.072,3.96,-0.281,0.25,1.95,0.746,68.903,0.096,0.788,0.019,0.053,1.835,0.652,1.835,462.9,36310,87.68,0.033,0.008,0.006,,,
1790,1790,1790,211946063,08 38 50.729,+19 24 54.15,1,15.988,,,,08385072+1924541,5071-301-6-0107-0281,STAR,gri,rpm,-39,3,-11,3,,,,,,,20.402,0.054,17.821,0.006,16.433,0.004,15.203,0.004,14.547,0.004,13.19,0.024,12.562,0.023,12.327,0.022,3678,108,86,4.987,0.03,0.03,-0.046,0.1,0.16,0.296,0.032,0.034,0.319,0.043,0.051,11.64,2.483,1.732,129,19.45,16.9,0.019,0.005,0.005,,,
1791,1791,1791,211946065,08 58 47.466,+19 24 54.17,1,18.45,,,,08584746+1924541,,STAR,J,,,,,,,,,,,,,,,,,,,,,,16.881,0.152,16.251,0.183,,,,,,,,,,,,,,,,,,,,,,,,,,,,,
1792,1792,1792,211946148,09 05 53.916,+19 24 58.42,1,13.594,,,548-047157,09055391+1924585,,STAR,gri,rpm,-7.5,2,-11.5,1.2,,,15.025,0.06,13.903,0.05,,,14.426,0.04,13.541,0.02,13.237,0.08,,,12.026,0.023,11.516,0.032,11.395,0.021,4864,58,136,4.618,0.025,1.11,-0.07,0.12,0.15,0.714,2.515,0.042,0.802,0.423,0.062,2.114,0.28,2.078,274.7,969.3,28.74,0.032,0.01,0.013,,,
1793,1793,1793,211946160,08 50 19.827,+19 24 58.95,1,12.781,,,548-046590,08501983+1924589,,STAR,gri,rpm,0.9,1.1,-1.9,1.1,,,13.398,0.01,12.845,0.01,,,13.07,0.02,12.728,0.01,12.657,0.01,,,11.845,0.023,11.591,0.022,11.536,0.02,6288,126,101,4.154,0.125,0.2,-0.161,0.16,0.24,1.451,0.515,0.205,1.198,0.128,0.154,0.358,0.216,0.19,663.4,240.2,86.94,0.032,0.014,0.006,,,
1794,1794,1794,211946192,08 51 16.646,+19 25 00.32,1,13.415,,,548-046625,08511665+1925002,,STAR,gri,lam,0.4,1.7,-0.8,1.7,,,14.605,0.049,13.658,0.034,,,14.114,0.01,13.363,0.01,13.116,0.02,,,11.928,0.022,11.467,0.022,11.359,0.018,4887,58,77,3.107,0.132,0.176,-0.314,0.09,0.15,4.762,0.924,0.774,1.118,0.15,0.15,0.01,0.006,0.004,1751,373.7,260.7,0.032,0.01,0.006,,,
1795,1795,1795,211946220,08 58 02.977,+19 25 01.63,1,18.21,,,,08580297+1925016,5061-301-2-0137-0405,EXTENDED,gri,,1,3,-1,3,,,,,,,21.078,0.107,19.2,0.012,18.236,0.009,17.785,0.009,17.427,0.019,16.385,0.105,15.725,0.131,15.331,0.145,,,,,,,,,,,,,,,,,,,,,,,,,,,
1796,1796,1796,211946241,09 09 45.462,+19 25 02.79,1,14.332,,,548-047301,09094546+1925027,5080-301-4-0162-0085,STAR,gri,rpm,-6.1,3.2,-1.5,3.5,,,15.344,0.03,14.568,0.03,,,14.893,0.01,14.34,0.048,14.092,0.05,,,13.053,0.025,12.571,0.022,12.508,0.028,5231,103,82,3.183,0.48,0.576,-1.101,0.49,0.35,3.733,3.161,1.494,0.872,0.04,0.072,0.01,0.04,0.009,2431,1924,935.5,0.033,0.01,0.006,,,
1797,1797,1797,211946280,09 04 23.972,+19 25 05.39,1,11.695,,1404-1480-1,548-047110,09042397+1925055,,STAR,gri,rpm,-14.7,1.8,-30.6,2,,,12.11,0.232,11.716,0.24,,,12.081,0.03,11.569,0.04,11.53,0.06,,,10.165,0.023,9.789,0.023,9.677,0.02,5637,132,132,4.452,0.06,0.576,-0.105,0.16,0.28,0.969,0.968,0.099,0.983,0.104,0.104,1.069,0.277,0.928,188.9,188,24.37,0.024,0.008,0.006,,,
1798,1798,1798,211946370,08 47 02.239,+19 25 10.25,1,18.209,,,,08470223+1925102,,STAR,JHK,col,,,,,,,,,,,,,,,,,,,,,16.104,0.09,15.497,0.125,15.29,0.128,4001,648,405,4.878,0.155,0.186,-0.263,0.25,0.35,0.381,0.193,0.148,0.411,0.201,0.201,6.027,10.05,3.366,744.9,613.7,336.5,0.032,0.008,0.007,,,
1799,1799,1799,211946378,09 09 23.579,+19 25 10.68,1,14.069,,,548-047289,09092357+1925107,,STAR,gri,rpm,-14.9,4.8,-24.3,5.1,,,15.387,0.02,14.429,0.06,,,14.846,0.03,14.097,0.01,13.736,0.04,,,12.537,0.023,12.111,0.038,11.914,0.02,4994,100,100,4.613,0.036,0.03,-0.225,0.2,0.32,0.719,0.055,0.07,0.775,0.067,0.094,2.069,0.407,0.288,352.6,33.13,41.66,0.029,0.007,0.006,,,
1800,1800,1800,211946397,08 39 43.339,+19 25 11.79,1,10.816,,,548-046123,08394333+1925121,,STAR,gri,,-45.3,2.7,-162.8,1.3,,,12.828,0.041,11.432,0.01,,,12.207,0.03,10.832,0.01,10.221,0.02,,,8.746,0.026,,,7.902,0.023,,,,,,,,,,,,,,,,,,,,,,,,,,,
1801,1801,1801,211946398,08 55 55.799,+19 25 11.90,1,12.736,,,548-046785,08555581+1925118,,STAR,gri,rpm,-24.9,7.8,-14.1,6.5,,,13.661,0.05,12.92,0.02,,,13.224,0.04,12.744,0.01,12.526,0.01,,,11.595,0.021,11.269,0.024,11.214,0.02,5671,133,111,4.462,0.075,0.18,-0.207,0.2,0.4,0.92,0.229,0.135,0.93,0.068,0.108,1.072,0.391,0.699,342.7,90.73,49.67,0.031,0.011,0.008,,,
1802,1802,1802,211946477,09 04 24.832,+19 25 16.02,1,12.442,,,548-047111,09042482+1925161,,STAR,JHK,rpm,-12.9,1.3,-33.1,2.7,,,,,,,,,,,,,,,,,10.877,0.023,10.377,0.021,10.242,0.02,5011,99,158,4.539,0.084,1.302,-0.227,0.25,0.4,0.835,2.993,0.14,0.862,0.111,0.093,1.478,0.61,1.462,218.5,628.8,64.73,0.026,0.01,0.008,,,
1803,1803,1803,211946481,08 50 38.515,+19 25 16.42,1,11.541,,1396-2183-1,548-046600,08503850+1925165,,STAR,gri,rpm,-10,1.8,-22.4,1.9,,,12.191,0.249,11.409,0.151,,,12.027,0.01,11.475,0.04,11.333,0.02,,,10.354,0.023,9.97,0.027,9.9,0.017,5548,131,131,4.451,0.075,0.705,-0.132,0.16,0.36,0.982,1.325,0.134,0.973,0.171,0.095,1.06,0.337,0.972,202.7,266,30.18,0.026,0.01,0.007,,,
1804,1804,1804,211946483,08 46 35.626,+19 25 16.61,1,12.371,,1396-1426-1,548-046430,08463559+1925169,,STAR,gri,rpm,-1.3,2.4,-14.8,2.7,,,12.743,0.297,12.216,0.242,,,12.672,0.031,12.348,0.041,12.242,0.03,,,11.463,0.023,11.183,0.02,11.142,0.02,6158,122,97,4.166,0.175,0.175,-0.27,0.25,0.3,1.354,0.426,0.276,1.087,0.152,0.152,0.344,0.402,0.164,524.5,131.3,105,0.032,0.007,0.008,,,
1805,1805,1805,211946518,08 38 41.459,+19 25 18.29,1,14.027,,,548-046055,08384146+1925181,,STAR,gri,lam,-40.6,3.6,-14.3,5.6,,,16.023,0.07,14.64,0.02,,,15.406,0.04,14.038,0.02,13.436,0.03,,,11.997,0.023,11.341,0.023,11.188,0.022,4028,143,143,4.826,0.055,0.055,-0.106,0.15,0.12,0.447,0.06,0.053,0.503,0.065,0.065,5.322,1.534,1.191,128.5,24.58,20.64,0.018,0.005,0.005,,,
1806,1806,1806,211946664,08 41 34.252,+19 25 25.51,1,16.881,,,,08413425+1925255,,STAR,J,col,,,,,,,,,,,,,,,,,,,,,15.427,0.05,14.699,0.054,14.355,0.073,3937,287,345,4.859,0.154,0.11,-0.128,0.2,0.28,0.391,0.109,0.14,0.436,0.126,0.201,6.482,8.096,2.576,520.7,213.1,219.9,0.032,0.011,0.008,,,
1807,1807,1807,211946681,09 14 33.552,+19 25 26.40,1,15.333,,,548-047457,09143354+1925264,5080-301-3-0169-0100,STAR,JHK,rpm,4.9,5.4,1.1,4.7,,,,,,,,,,,,,,,,,13.225,0.023,12.55,0.025,12.41,0.019,4204,167,167,4.747,0.06,0.06,-0.031,0.15,0.24,0.532,0.068,0.071,0.597,0.083,0.069,3.725,1.129,0.867,289.6,54.59,54.21,0.03,0.007,0.006,,,
1808,1808,1808,211946695,08 43 08.949,+19 25 27.06,1,17.014,,,,08430894+1925270,,STAR,J,col,,,,,,,,,,,,,,,,,,,,,15.551,0.083,14.904,0.093,14.284,0.087,3582,340,243,5.022,0.11,0.132,-0.092,0.16,0.24,0.247,0.136,0.076,0.257,0.157,0.098,14.68,12.65,7.716,315.7,245.1,120.1,0.029,0.008,0.008,,,
1809,1809,1809,211946707,09 09 18.062,+19 25 27.56,1,11.375,,1404-610-1,548-047284,09091805+1925276,,STAR,gri,rpm,20.8,1.7,-61.3,1.8,,,12.212,0.171,11.767,0.161,,,11.884,0.03,11.321,0.01,11.157,0.01,,,10.184,0.023,9.781,0.035,9.764,0.018,5503,109,87,4.521,0.04,0.072,-0.241,0.25,0.3,0.839,0.106,0.079,0.894,0.068,0.095,1.407,0.324,0.34,158.7,25.37,15.95,0.023,0.008,0.006,,,
1810,1810,1810,211946708,08 45 51.399,+19 25 27.65,1,16.697,,,548-046404,08455142+1925272,5037-301-1-0122-0125,STAR,BV,rpm,-42.9,7,0.2,6.3,,,18.334,0.27,16.966,0.098,,,,,,,,,,,13.096,0.022,12.401,0.021,12.179,0.021,4041,146,97,4.814,0.04,0.04,-0.086,0.2,0.2,0.464,0.044,0.047,0.528,0.043,0.051,5.082,1.17,0.951,219.9,27.74,28.46,0.025,0.006,0.005,,,
1811,1811,1811,211946722,08 38 59.314,+19 25 28.15,1,11.178,,,548-046078,08385931+1925280,,STAR,gri,rpm,-2.1,1,-2.5,1.4,,,11.438,0.02,11.155,0.01,,,11.211,0.03,11.167,0.01,11.215,0.03,,,10.607,0.02,10.531,0.021,10.47,0.018,7649,123,185,4.042,0.147,0.105,-0.111,0.12,0.12,2.016,0.342,0.397,1.725,0.12,0.168,0.189,0.148,0.064,649,143.6,161.2,0.033,0.01,0.008,,,
1812,1812,1812,211946754,08 56 48.213,+19 25 30.36,1,19.34,,,,,5071-301-2-0133-0213,STAR,gri,,1,3,-4,3,,,,,,,20.126,0.043,19.496,0.012,19.288,0.014,19.053,0.014,19.011,0.041,,,,,,,,,,,,,,,,,,,,,,,,,,,,,,,,,
1813,1813,1813,211946755,09 04 42.794,+19 25 30.45,1,16.789,,,,09044279+1925304,5080-301-5-0155-0066,EXTENDED,gri,,-1,2,3,2,,,,,,,18.632,0.022,17.448,0.005,16.875,0.005,16.506,0.005,16.295,0.01,15.65,0.066,15.16,0.096,14.752,0.082,,,,,,,,,,,,,,,,,,,,,,,,,,,
1814,1814,1814,211946808,09 03 12.672,+19 25 32.87,1,12.677,,,548-047069,09031267+1925329,,STAR,gri,rpm,-10.6,1.9,-7.8,2,,,13.648,0.043,12.824,0.01,,,13.202,0.01,12.646,0.02,12.452,0.061,,,11.515,0.022,11.176,0.021,11.079,0.019,5587,67,90,4.464,0.05,0.64,-0.008,0.1,0.32,0.963,1.172,0.091,0.97,0.179,0.09,1.083,0.287,0.971,345.3,401.2,40.38,0.03,0.013,0.006,,,
1815,1815,1815,211946842,08 46 42.812,+19 25 34.30,1,17.171,,,,08464281+1925343,5071-301-4-0119-0164,STAR,gri,rpm,-39,3,-12,3,,,,,,,22.613,0.267,19.229,0.01,17.781,0.006,16.289,0.005,15.461,0.006,13.944,0.026,13.344,0.037,13.162,0.031,3638,85,128,5.046,0.035,0.042,-0.178,0.2,0.24,0.242,0.034,0.029,0.233,0.045,0.032,16.05,4.25,2.854,141.8,24.19,16.35,0.021,0.006,0.004,,,
1816,1816,1816,211946846,08 37 56.614,+19 25 34.45,1,19.676,,,,08375661+1925344,,STAR,JHK,col,,,,,,,,,,,,,,,,,,,,,16.846,0.163,15.909,0.164,15.681,0.183,3906,445,371,4.905,0.145,0.174,-0.304,0.25,0.35,0.353,0.149,0.137,0.396,0.172,0.206,7.448,10.09,3.8,920,585.8,410.7,0.033,0.01,0.007,,,
1817,1817,1817,211946900,08 44 47.395,+19 25 37.68,1,9.21,,1396-179-1,548-046356,08444738+1925378,,STAR,BV,plx,-0.3,1.3,-86.7,1.3,,,9.936,0.027,9.323,0.021,,,,,,,,,,,8.128,0.034,7.861,0.026,7.805,0.018,6029,143,143,4.388,0.04,0.064,-0.097,0.15,0.27,1.083,0.054,0.037,1.066,0.068,0.122,0.813,0.11,0.132,88.06,3.781,3.781,0.013,0.004,0.003,,,
1818,1818,1818,211946907,08 56 22.770,+19 25 37.96,1,15.12,,,548-046804,08562277+1925379,,STAR,JHK,rpm,-49.9,8.5,-12.7,8.1,,,,,,,,,,,,,,,,,12.862,0.022,12.228,0.023,12.002,0.023,3744,174,116,4.921,0.084,0.06,-0.04,0.2,0.16,0.353,0.064,0.082,0.389,0.08,0.112,8.41,4.586,2.247,135.8,33.2,35.82,0.019,0.008,0.005,,,
1819,1819,1819,211946941,09 09 14.004,+19 25 39.76,1,13.355,,,548-047283,09091400+1925397,,STAR,gri,rpm,11.2,2.7,-24.8,3.4,,,14.529,0.02,13.61,0.03,,,14.021,0.01,13.3,0.02,13.07,0.01,,,11.95,0.023,11.508,0.034,11.44,0.018,5111,82,103,4.571,0.06,0.05,-0.125,0.16,0.48,0.784,0.076,0.107,0.838,0.058,0.14,1.724,0.543,0.306,305.9,34.18,53.1,0.029,0.01,0.01,,,
1820,1820,1820,211946953,08 42 01.454,+19 25 40.17,1,11.584,,,548-046243,08420144+1925402,,STAR,gri,rpm,4.4,0.7,1.5,1.4,,,12.833,0.02,11.863,0.01,,,12.329,0.01,11.575,0.04,11.265,0.07,,,10.144,0.022,9.666,0.023,9.562,0.018,4940,79,79,2.437,0.84,0.072,-0.446,0.21,0.18,10.169,0.818,6.045,1.062,0.2,0.109,9.57E-04,0.016,1.79E-04,1527,141.2,848,0.033,0.01,0.007,,,
1821,1821,1821,211946966,09 14 32.129,+19 25 41.04,1,11.988,,1404-1808-1,548-047455,09143212+1925409,,STAR,gri,rpm,-4,1.9,2.1,2.1,,,13.441,0.472,11.646,0.162,,,12.304,0.04,11.967,0.01,11.852,0.01,,,10.992,0.02,10.723,0.025,10.656,0.017,6190,121,97,4.064,0.248,0.186,-0.147,0.15,0.24,1.542,0.458,0.414,1.185,0.187,0.187,0.253,0.342,0.116,488.2,136.4,125,0.034,0.01,0.006,,,
1822,1822,1822,211946974,09 15 01.573,+19 25 41.41,1,18.059,,,,,5080-301-3-0170-0048,STAR,gri,,4,3,5,3,,,,,,,18.423,0.015,18.097,0.006,18.046,0.007,18.166,0.008,18.043,0.019,,,,,,,,,,,,,,,,,,,,,,,,,,,,,,,,,
1823,1823,1823,211946975,09 03 00.575,+19 25 41.47,1,19.324,,,,09030057+1925414,,STAR,JHK,col,,,,,,,,,,,,,,,,,,,,,16.562,0.114,15.621,0.113,15.418,0.138,4042,336,403,4.873,0.144,0.12,-0.254,0.25,0.3,0.409,0.12,0.152,0.441,0.128,0.179,6.487,7.129,2.667,934.5,422.5,380.1,0.033,0.01,0.007,,,
1824,1824,1824,211947006,08 50 18.542,+19 25 42.68,1,12.513,,,548-046588,08501855+1925427,,STAR,gri,rpm,-35.6,2.1,-7.9,1.5,,,13.68,0.01,12.745,0.031,,,13.212,0.03,12.434,0.01,12.213,0.02,,,11.089,0.022,10.657,0.025,10.526,0.02,5054,50,81,4.593,0.02,0.02,-0.123,0.1,0.18,0.747,0.03,0.034,0.808,0.02,0.059,1.916,0.166,0.128,188.9,13.89,5.668,0.025,0.003,0.002,,,
1825,1825,1825,211947009,08 39 56.278,+19 25 42.76,1,12.528,,,548-046134,08395627+1925428,,STAR,gri,rpm,-5.1,5.5,-1.6,1.8,,,13.764,0.043,12.781,0.02,,,13.245,0.02,12.472,0.02,12.221,0.02,,,11.049,0.022,10.533,0.022,10.41,0.018,4890,59,59,2.878,0.445,0.534,-0.403,0.2,0.28,5.62,4.227,2.098,1.036,0.173,0.115,0.004,0.02,0.003,1388,1058,522.4,0.034,0.008,0.01,,,
1826,1826,1826,211947048,09 04 52.043,+19 25 44.62,1,18.616,,,,,5080-301-5-0155-0313,EXTENDED,gri,,-19,5,6,5,,,,,,,20.411,0.101,19.13,0.018,18.693,0.017,18.396,0.021,18.158,0.057,,,,,,,,,,,,,,,,,,,,,,,,,,,,,,,,,
1827,1827,1827,211947064,09 06 28.261,+19 25 45.34,1,9.636,,1404-1567-1,548-047174,09062825+1925453,,STAR,BV,plx,-17.7,1.2,-18.1,1.2,,,10.034,0.038,9.659,0.038,,,,,,,,,,,8.835,0.027,8.64,0.055,8.608,0.021,6453,333,333,4.207,0.065,0.104,-0.048,0.15,0.18,1.475,0.132,0.102,1.288,0.094,0.125,0.388,0.095,0.102,178.8,12.63,12.63,0.023,0.006,0.005,,,
1828,1828,1828,211947087,08 55 04.201,+19 25 46.64,1,14.876,,,548-046755,08550420+1925467,5061-301-3-0133-0133,STAR,gri,lam,-1.7,2.9,-6.8,3.1,,,16.145,0.14,15.153,0.07,,,15.617,0.06,14.926,0.01,14.558,0.06,,,13.458,0.023,12.935,0.03,12.823,0.024,4991,59,59,2.959,0.135,0.135,-0.755,0.12,0.08,5.213,0.707,0.905,0.905,0.018,0.018,0.006,0.004,0.002,3832,567.8,585.5,0.034,0.01,0.008,,,
1829,1829,1829,211947100,08 58 40.698,+19 25 47.50,1,17.607,,,,08584069+1925474,,STAR,J,rpm,8,5,6,1,,,,,,,,,,,,,,,,,16.104,0.091,15.161,0.09,14.677,0.086,3947,311,311,4.866,0.133,0.114,-0.168,0.2,0.24,0.399,0.118,0.129,0.45,0.13,0.173,6.377,6.464,2.26,765,262.2,287.6,0.033,0.01,0.007,,,
1830,1830,1830,211947120,09 03 55.336,+19 25 48.49,1,14.774,,,548-047093,09035533+1925484,5061-301-1-0146-0051,STAR,gri,rpm,-0.8,4.4,0,4.7,,,16.597,0.1,15.237,0.03,,,15.918,0.03,14.851,0.02,14.284,0.08,,,12.867,0.022,12.167,0.023,12.032,0.021,4294,85,68,4.659,0.078,3.497,-0.43,0.4,0.48,0.64,38.953,0.087,0.697,0.176,0.08,2.588,0.968,2.588,321.6,16630,65.2,0.029,0.007,0.005,,,
1831,1831,1831,211947123,08 57 43.140,+19 25 48.71,1,10.752,,1397-854-1,548-046862,08574314+1925486,,STAR,gri,rpm,-4,1.7,-1.5,1.8,,,11.83,0.205,10.953,0.123,,,11.533,0.03,10.722,0.04,10.417,0.04,,,9.213,0.021,8.687,0.026,8.59,0.018,4802,77,77,2.443,0.35,0.084,-0.308,0.2,0.2,10.87,0.671,2.617,1.205,0.33,0.198,9.24E-04,0.002,1.94E-04,1050,72.53,202.1,0.033,0.01,0.007,,,
1832,1832,1832,211947129,08 56 56.948,+19 25 49.04,1,17.076,,,,08565694+1925490,5071-301-2-0134-0147,EXTENDED,gri,,-2,2,-4,2,,,,,,,20.059,0.067,18.102,0.008,17.078,0.005,16.636,0.005,16.269,0.01,15.699,0.074,14.912,0.086,14.355,0.071,,,,,,,,,,,,,,,,,,,,,,,,,,,
1833,1833,1833,211947142,08 44 33.771,+19 25 49.58,1,16.208,,,,08443377+1925495,5061-301-5-0118-0085,STAR,gri,rpm,28,3,-44,3,,,,,,,17.537,0.009,16.58,0.004,16.205,0.005,16.049,0.005,16.004,0.007,15.214,0.051,14.958,0.078,14.549,0.083,5707,334,286,4.631,0.09,0.07,-2.02,0.75,0.25,0.643,0.044,0.086,0.663,0.034,0.048,2.427,1.033,0.427,1262,131.9,214.7,0.036,0.009,0.013,,,
1834,1834,1834,211947216,08 55 56.238,+19 25 52.79,1,11.974,,,548-046786,08555625+1925527,,STAR,gri,rpm,7.4,4.9,-1.8,1.5,,,13.195,0.05,12.237,0.01,,,12.672,0.03,11.983,0.04,11.674,0.03,,,10.515,0.021,10.038,0.021,9.965,0.02,5004,79,79,2.705,0.7,0.42,-0.577,0.25,0.25,7.144,3.609,3.768,0.981,0.191,0.087,0.002,0.024,0.001,1405,531,740.1,0.033,0.01,0.008,,,
1835,1835,1835,211947262,09 08 02.425,+19 25 55.41,1,12.779,,,548-047231,09080241+1925555,,STAR,gri,rpm,13.5,2.1,-7.4,2.6,,,13.579,0.02,12.964,0.03,,,13.167,0.03,12.782,0.01,12.612,0.02,,,11.759,0.024,11.436,0.028,11.382,0.023,6006,96,120,4.283,0.145,0.319,-0.315,0.2,0.16,1.179,0.491,0.207,0.98,0.112,0.093,0.588,0.388,0.395,487,232,94.77,0.032,0.01,0.007,,,
1836,1836,1836,211947269,08 38 08.798,+19 25 55.72,1,17.046,,,,08380879+1925557,,STAR,J,col,,,,,,,,,,,,,,,,,,,,,15.581,0.08,15.094,0.087,14.562,0.082,3568,298,248,5.031,0.1,0.12,-0.097,0.18,0.27,0.24,0.095,0.068,0.233,0.138,0.086,14.42,10.93,6.219,313,174,111.9,0.028,0.01,0.008,,,
1837,1837,1837,211947405,09 06 26.560,+19 26 03.45,1,13.973,,,548-047172,09062655+1926032,,STAR,JHK,rpm,-17.5,1.3,-15.2,4,,,,,,,,,,,,,,,,,11.632,0.024,10.969,0.031,10.745,0.021,3982,240,200,4.837,0.04,0.104,-0.02,0.16,0.2,0.442,0.107,0.045,0.503,0.123,0.061,5.53,1.352,2.112,109.6,36.21,17.25,0.018,0.008,0.005,,,
1838,1838,1838,211947477,08 45 30.052,+19 26 06.77,1,16.052,,,,08453005+1926067,,STAR,JHK,col,,,,,,,,,,,,,,,,,,,,,13.785,0.028,13.182,0.034,12.922,0.026,3605,193,193,5.001,0.102,0.085,-0.046,0.15,0.21,0.256,0.078,0.07,0.269,0.119,0.099,14.07,10.38,5.192,140.4,58.38,47.9,0.02,0.008,0.007,,,
1839,1839,1839,211947498,08 58 46.782,+19 26 08.04,1,18.063,,,,,5061-301-2-0139-0476,EXTENDED,gri,,-5,5,-22,5,,,,,,,19.838,0.099,18.596,0.016,18.14,0.018,17.834,0.023,17.734,0.078,,,,,,,,,,,,,,,,,,,,,,,,,,,,,,,,,
1840,1840,1840,211947499,08 44 20.814,+19 26 08.05,1,15.884,,,,08442081+1926080,5061-301-5-0118-0239,EXTENDED,gri,,4,3,8,2,,,,,,,18.771,0.035,16.879,0.005,15.925,0.004,15.458,0.004,15.092,0.007,15.104,0.083,14.101,0.092,13.75,0.07,,,,,,,,,,,,,,,,,,,,,,,,,,,
1841,1841,1841,211947522,09 05 29.467,+19 26 09.03,1,7.866,44616,1404-1008-1,548-047142,09052946+1926090,,STAR,BV,plx,38.78,1.13,-23.36,0.98,7.81,1,8.376,0.019,7.92,0.015,,,,,,,,,,,6.979,0.018,6.785,0.018,6.762,0.021,6561,197,197,3.724,0.06,0.05,0.007,0.1,0.08,2.986,0.199,0.222,1.782,0.072,0.072,0.063,0.014,0.01,158.7,6.333,6.333,0.021,0.005,0.005,,,
1842,1842,1842,211947536,08 59 06.632,+19 26 09.83,1,13.529,,,548-046922,08590663+1926100,,STAR,gri,rpm,-9.4,2.4,-3.4,2.4,,,14.647,0.02,13.773,0.01,,,14.16,0.03,13.546,0.043,13.258,0.03,,,12.187,0.025,11.774,0.024,11.676,0.023,5242,126,126,3.481,1.098,1.098,-0.749,0.6,0.5,2.611,5.761,1.966,0.885,0.135,0.085,0.055,1.401,0.054,1131,1716,847.9,0.034,0.008,0.007,,,
1843,1843,1843,211947610,08 40 38.633,+19 26 14.37,1,17.585,,,,08403863+1926143,5037-301-2-0115-0316,EXTENDED,gri,,3,3,2,3,,,,,,,20.129,0.068,18.531,0.01,17.603,0.007,17.179,0.007,16.857,0.016,16.427,0.12,15.582,0.137,14.889,0.127,,,,,,,,,,,,,,,,,,,,,,,,,,,
1844,1844,1844,211947631,08 43 05.940,+19 26 15.24,1,9.838,,1396-174-1,548-046297,08430593+1926152,,STAR,BV,plx,-35.6,1.2,-16.8,1.3,,,10.526,0.044,9.94,0.037,,,,,,,,,,,8.794,0.027,8.52,0.016,8.461,0.021,6094,181,181,4.06,0.08,0.096,-0.099,0.2,0.32,1.647,0.167,0.127,1.176,0.116,0.139,0.248,0.072,0.065,185.6,15.32,15.32,0.022,0.007,0.005,,,
1845,1845,1845,211947637,08 47 35.275,+19 26 15.44,1,15.19,,,548-046476,08473527+1926154,5071-301-4-0120-0052,STAR,BV,rpm,-2.9,3.8,-1.1,4.3,,,16.143,0.04,15.365,0.051,,,,,,,,,,,13.765,0.031,13.308,0.042,13.21,0.03,5192,243,203,4.545,0.06,1.11,-0.238,0.25,0.5,0.805,2.161,0.084,0.845,0.08,0.08,1.539,0.462,1.508,745.8,1838,112.5,0.034,0.01,0.007,,,
1846,1846,1846,211947718,08 40 55.392,+19 26 19.95,1,17.315,,,,08405539+1926199,5037-301-2-0115-0367,STAR,gri,rpm,43,3,-41,3,,,,,,,21.759,0.114,19.071,0.009,17.566,0.006,16.562,0.006,16.003,0.007,14.715,0.037,14.113,0.047,13.871,0.051,3431,34,34,5.118,0.02,0.051,-0.12,0.14,0.08,0.19,0.018,0.008,0.174,0.021,0.01,25.16,1.51,5.403,148.7,15.1,11.51,0.021,0.005,0.001,,,
1847,1847,1847,211947723,08 54 45.386,+19 26 20.32,1,10.557,,1397-1248-1,548-046746,08544538+1926203,,STAR,gri,rpm,-21.6,1.4,-21.3,1.4,,,10.895,0.064,10.498,0.057,,,10.944,0.2,10.501,0.04,10.392,0.03,,,9.618,0.022,9.381,0.023,9.333,0.017,6174,184,147,4.166,0.186,0.217,-0.038,0.15,0.24,1.413,0.534,0.257,1.184,0.178,0.127,0.375,0.276,0.22,239.4,80.59,52.72,0.025,0.008,0.006,,,
1848,1848,1848,211947728,08 45 16.075,+19 26 20.58,1,16.772,,,,08451607+1926205,5037-301-1-0122-0178,EXTENDED,gri,,2,3,1,3,,,,,,,19.743,0.05,17.699,0.006,16.79,0.005,16.375,0.005,16.057,0.01,15.553,0.082,14.987,0.101,14.684,0.109,,,,,,,,,,,,,,,,,,,,,,,,,,,
1849,1849,1849,211947732,08 44 54.502,+19 26 21.41,1,16.757,,,,08445450+1926214,5037-301-1-0121-0327,EXTENDED,gri,,6,3,10,3,,,,,,,19.769,0.044,17.729,0.006,16.793,0.004,16.34,0.004,16.052,0.009,15.307,0.064,14.622,0.075,14.355,0.086,,,,,,,,,,,,,,,,,,,,,,,,,,,
1850,1850,1850,211947747,09 11 05.358,+19 26 22.08,1,16.54,,,,09110535+1926220,5112-301-3-0189-0027,EXTENDED,gri,,5,2,17,2,,,,,,,19.384,0.047,17.489,0.006,16.578,0.004,16.133,0.005,15.825,0.01,15.352,0.064,14.636,0.068,14.179,0.068,,,,,,,,,,,,,,,,,,,,,,,,,,,
1851,1851,1851,211947762,08 51 15.687,+19 26 22.83,1,15.65,,,,08511568+1926228,5071-301-3-0125-0231,EXTENDED,gri,,-1,2,1,2,,,,,,,18.352,0.026,16.506,0.004,15.674,0.003,15.283,0.003,14.989,0.006,14.946,0.068,14.168,0.074,13.968,0.078,,,,,,,,,,,,,,,,,,,,,,,,,,,
1852,1852,1852,211947778,08 58 25.169,+19 26 23.36,1,15.656,,,548-046894,08582516+1926234,5061-301-2-0138-0059,STAR,gri,rpm,1.6,4.5,-0.9,4.8,,,16.995,0.08,15.934,0.063,,,16.383,0.058,15.643,0.066,15.345,0.17,,,14.258,0.029,13.827,0.028,13.707,0.033,5160,156,124,4.568,0.042,0.091,-0.191,0.2,0.32,0.78,0.149,0.065,0.821,0.075,0.075,1.731,0.303,0.477,886.7,219.4,92.78,0.034,0.01,0.007,,,
1853,1853,1853,211947816,08 43 04.942,+19 26 25.38,1,17.946,,,,08430494+1926253,,STAR,J,,,,,,,,,,,,,,,,,,,,,,16.416,0.144,15.742,0.154,,,,,,,,,,,,,,,,,,,,,,,,,,,,,
1854,1854,1854,211947849,08 39 38.369,+19 26 27.13,1,12.358,,,548-046117,08393836+1926272,,STAR,gri,rpm,-32.3,1.4,-9.5,1.5,,,13.627,0.03,12.648,0.01,,,13.121,0.01,12.296,0.01,12.031,0.01,,,10.839,0.022,10.386,0.022,10.286,0.02,4887,58,48,4.603,0.02,0.048,-0.043,0.21,0.09,0.74,0.064,0.033,0.816,0.041,0.041,1.955,0.189,0.359,168.3,28.8,14.53,0.022,0.014,0.007,,,
1855,1855,1855,211947862,09 06 45.681,+19 26 27.72,1,16.277,,,,09064568+1926277,5112-301-4-0182-0374,EXTENDED,gri,,-1,2,-4,2,,,,,,,19.311,0.05,17.274,0.005,16.275,0.004,15.849,0.004,15.487,0.009,15.084,0.062,14.447,0.082,13.924,0.074,,,,,,,,,,,,,,,,,,,,,,,,,,,
1856,1856,1856,211947880,09 04 18.102,+19 26 28.66,1,18.622,,,,09041810+1926286,,STAR,JHK,col,,,,,,,,,,,,,,,,,,,,,16.16,0.09,15.605,0.111,15.227,0.128,3785,589,327,4.953,0.125,0.225,-0.213,0.25,0.35,0.319,0.217,0.112,0.341,0.223,0.16,9.786,10.19,6.183,586.4,583.6,256.7,0.032,0.008,0.008,,,
1857,1857,1857,211947881,09 06 45.175,+19 26 28.69,1,19.039,,,,,5112-301-4-0182-0377,EXTENDED,gri,,-3,3,-10,3,,,,,,,20.862,0.272,19.383,0.033,19.061,0.038,18.892,0.055,18.814,0.223,,,,,,,,,,,,,,,,,,,,,,,,,,,,,,,,,
1858,1858,1858,211947899,09 06 38.300,+19 26 29.75,1,17.253,,,,09063829+1926297,5112-301-4-0182-0358,EXTENDED,gri,,-4,2,0,2,,,,,,,19.256,0.049,17.985,0.007,17.3,0.006,16.939,0.007,16.685,0.021,16.244,0.118,15.701,0.145,15.217,0.148,,,,,,,,,,,,,,,,,,,,,,,,,,,
1859,1859,1859,211947903,08 40 10.556,+19 26 30.01,1,11.639,,,548-046143,08401055+1926300,,STAR,gri,rpm,4.3,0.9,-7.1,1.1,,,12.11,0.02,11.663,0.01,,,11.813,0.01,11.58,0.01,11.528,0.03,,,10.821,0.022,10.67,0.021,10.617,0.018,6718,107,80,4.159,0.09,0.24,-0.058,0.14,0.06,1.604,0.672,0.185,1.403,0.185,0.066,0.327,0.122,0.201,505.6,193.9,61.58,0.031,0.008,0.005,,,
1860,1860,1860,211947924,08 56 04.832,+19 26 31.39,1,18.903,,,,08560483+1926313,5071-301-2-0132-0344,STAR,gri,rpm,1,6,-21,6,,,,,,,23.771,0.65,21.409,0.046,19.754,0.018,17.829,0.008,16.736,0.009,15.153,0.041,14.58,0.052,14.238,0.057,3131,186,74,5.174,0.02,0.02,-0.031,0.12,0.27,0.156,0.008,0.007,0.134,0.011,0.006,35.01,3.555,2.711,130.1,18.46,10.35,0.021,0.005,0.008,,,
1861,1861,1861,211947939,08 58 03.710,+19 26 32.18,1,12.651,,,548-046876,08580371+1926321,,STAR,gri,rpm,-9,1.3,-1.5,1.5,,,13.161,0.01,12.675,0.01,,,12.845,0.02,12.586,0.041,12.491,0.01,,,11.749,0.023,11.548,0.026,11.491,0.021,6479,159,132,4.125,0.15,0.15,-0.152,0.12,0.27,1.512,0.409,0.21,1.25,0.157,0.131,0.315,0.217,0.144,702.2,192.1,111.4,0.033,0.011,0.008,,,
1862,1862,1862,211947967,08 56 10.121,+19 26 33.29,1,19.069,,,,,5071-301-2-0132-0251,STAR,gri,,3,3,3,3,,,,,,,19.641,0.031,19.177,0.01,19.033,0.012,18.869,0.013,18.607,0.03,,,,,,,,,,,,,,,,,,,,,,,,,,,,,,,,,
1863,1863,1863,211947984,08 43 11.355,+19 26 34.43,1,17.742,,,,08431135+1926344,5071-301-5-0114-0259,EXTENDED,gri,,-6,3,7,3,,,,,,,20.456,0.067,18.624,0.009,17.762,0.007,17.364,0.007,17.098,0.014,15.997,0.095,15.315,0.11,14.9,0.11,,,,,,,,,,,,,,,,,,,,,,,,,,,
1864,1864,1864,211947988,09 08 19.838,+19 26 34.74,1,12.633,,,548-047241,09081982+1926347,,STAR,gri,col,,,,,,,14.979,0.01,13.495,0.04,,,14.247,0.05,12.853,0.03,11.941,0.04,,,10.154,0.022,9.572,0.027,9.35,0.02,3623,57,71,4.97,0.036,0.03,0.109,0.1,0.12,0.306,0.03,0.027,0.321,0.041,0.041,11.03,1.929,1.642,32.23,3.767,3.373,0.005,0.002,0.002,,,
1865,1865,1865,211948030,08 41 06.898,+19 26 37.05,1,16.113,,,,08410689+1926370,,STAR,JHK,col,,,,,,,,,,,,,,,,,,,,,13.748,0.024,13.09,0.023,12.853,0.03,3910,221,184,4.876,0.098,0.07,-0.081,0.16,0.24,0.403,0.072,0.093,0.446,0.085,0.119,6.52,4.4,1.797,246.5,58.17,70.87,0.027,0.01,0.008,,,
1866,1866,1866,211948134,08 53 18.855,+19 26 41.71,1,18.646,,,,08531885+1926417,5061-301-3-0131-0104,STAR,gri,,-5,3,-3,3,,,,,,,22.271,0.175,19.87,0.014,18.687,0.009,18.121,0.009,17.84,0.019,16.597,0.133,,,,,,,,,,,,,,,,,,,,,,,,,,,,,,,
1867,1867,1867,211948150,09 11 05.002,+19 26 42.79,1,13.167,,,548-047342,09110499+1926430,,STAR,gri,lam,-18.4,2.2,-3.2,2.6,,,14.451,0.01,13.498,0.02,,,13.938,0.02,13.167,0.01,12.836,0.01,,,11.651,0.022,11.145,0.023,11.027,0.02,4937,148,118,4.604,0.03,0.025,-0.062,0.09,0.12,0.731,0.044,0.035,0.794,0.048,0.04,1.999,0.244,0.217,235.6,27.29,17.74,0.026,0.006,0.005,,,
1868,1868,1868,211948156,08 58 54.862,+19 26 43.01,1,12.911,,,548-046916,08585486+1926431,,STAR,gri,lam,1.3,2.1,-11.7,1.6,,,13.638,0.01,13.022,0.01,,,13.272,0.01,12.894,0.01,12.756,0.04,,,11.921,0.023,11.641,0.021,11.593,0.02,5997,120,120,4.152,0.145,0.174,-0.044,0.12,0.1,1.445,0.341,0.276,1.137,0.115,0.096,0.334,0.305,0.14,672.5,153,146.6,0.033,0.01,0.008,,,
1869,1869,1869,211948197,08 47 29.561,+19 26 45.28,1,16.663,,,,08472956+1926452,5071-301-4-0120-0223,EXTENDED,gri,,-3,2,2,2,,,,,,,19.272,0.046,17.514,0.006,16.688,0.005,16.298,0.005,15.999,0.011,15.711,0.096,15.169,0.137,14.768,0.122,,,,,,,,,,,,,,,,,,,,,,,,,,,
1870,1870,1870,211948213,08 55 19.071,+19 26 46.09,1,19.613,,,,,5061-301-3-0134-0395,EXTENDED,gri,,-1,3,-1,3,,,,,,,20.762,0.108,19.807,0.022,19.548,0.028,19.482,0.057,19.181,0.138,,,,,,,,,,,,,,,,,,,,,,,,,,,,,,,,,
1871,1871,1871,211948214,08 42 01.596,+19 26 46.10,1,16.197,,,,08420159+1926461,,STAR,JHK,col,,,,,,,,,,,,,,,,,,,,,14.133,0.027,13.572,0.036,13.331,0.032,3634,164,230,5.013,0.096,0.08,-0.056,0.15,0.21,0.266,0.078,0.071,0.258,0.109,0.091,14.03,10.01,5.074,168.7,64.73,54.45,0.022,0.008,0.007,,,
1872,1872,1872,211948264,08 44 46.436,+19 26 48.79,1,12.166,,,548-046354,08444643+1926489,,STAR,gri,rpm,6,2,-9.3,1.6,,,13.014,0.02,12.314,0.01,,,12.617,0.03,12.13,0.01,11.972,0.03,,,11.088,0.022,10.774,0.021,10.742,0.018,5809,116,116,4.1,0.336,0.28,-0.102,0.16,0.24,1.485,0.642,0.587,1.06,0.205,0.093,0.281,0.86,0.178,460.2,203.5,184.6,0.032,0.011,0.01,,,
1873,1873,1873,211948267,08 41 07.245,+19 26 48.91,1,12.185,,,548-046194,08410725+1926489,,STAR,gri,rpm,-38.2,1.6,-11.1,1.6,,,13.37,0.02,12.416,0.01,,,12.879,0.02,12.104,0.02,11.887,0.01,,,10.841,0.022,10.396,0.021,10.288,0.018,5066,50,81,4.561,0.044,0.02,-0.043,0.18,0.18,0.791,0.042,0.068,0.855,0.053,0.085,1.667,0.356,0.133,193.7,13.85,24.99,0.027,0.002,0.005,,,
1874,1874,1874,211948313,09 10 37.092,+19 26 51.05,1,11.752,,1404-127-1,548-047321,09103709+1926510,,STAR,gri,rpm,-7.4,1.6,5.4,1.6,,,12.144,0.127,11.627,0.11,,,11.866,0.03,11.714,0.05,11.659,0.02,,,10.964,0.021,10.785,0.019,10.772,0.02,6798,204,204,4.09,0.15,0.21,-0.062,0.1,0.12,1.707,0.582,0.323,1.446,0.184,0.154,0.249,0.228,0.133,577,191.7,106.9,0.032,0.008,0.008,,,
1875,1875,1875,211948345,09 02 43.940,+19 26 53.11,1,15.047,,,548-047048,09024393+1926531,5061-301-1-0144-0085,STAR,gri,rpm,2.9,4.6,-1.1,4.8,,,16.667,0.06,15.481,0.053,,,16.057,0.01,15.072,0.03,14.614,0.03,,,13.273,0.023,12.678,0.022,12.587,0.027,4496,53,44,1.14,3.564,0.486,-1.347,1.26,0.7,37.666,27.429,37.098,0.793,0.024,0.144,1.24E-05,3.444,1.00E-05,22790,15210,22470,0.033,0.006,0.007,,,
1876,1876,1876,211948406,08 53 20.377,+19 26 56.69,1,10.073,,1397-55-1,548-046698,08532037+1926565,,STAR,gri,plx,-6.1,1.6,-15.9,1.7,,,12.126,0.297,10.583,0.077,,,11.166,0.03,10.043,0.04,9.604,0.06,,,8.172,0.035,7.386,0.02,7.231,0.021,4177,66,66,1.392,0.26,0.364,-0.43,0.25,0.35,32.96,14.791,7.668,1.003,0.195,0.108,2.76E-05,3.79E-05,1.94E-05,1968,2847,2847,0.034,0.01,0.007,,,
1877,1877,1877,211948445,08 58 40.441,+19 26 59.55,1,12.216,,,548-046902,08584043+1926596,,STAR,gri,lam,-9.1,1,-0.1,1.1,,,12.674,0.03,12.244,0.02,,,12.375,0.02,12.163,0.02,12.079,0.01,,,11.314,0.023,11.125,0.021,11.026,0.02,6449,103,155,4.092,0.12,0.075,-0.322,0.12,0.12,1.581,0.177,0.189,1.176,0.09,0.075,0.281,0.133,0.068,581.5,70.95,75.03,0.032,0.007,0.007,,,
1878,1878,1878,211948453,09 14 45.651,+19 26 59.93,1,17.359,,,,09144565+1926599,5080-301-3-0169-0264,EXTENDED,gri,,1,3,0,3,,,,,,,21.003,0.142,18.698,0.011,17.302,0.006,16.785,0.006,16.466,0.012,15.787,0.075,15.024,0.075,14.464,0.093,,,,,,,,,,,,,,,,,,,,,,,,,,,
1879,1879,1879,211948455,08 47 37.746,+19 27 00.28,1,14.705,,,548-046482,08473774+1927003,5071-301-4-0120-0066,STAR,gri,rpm,-13.3,3.1,-15.8,6.9,,,15.711,0.05,14.811,0.02,,,15.233,0.01,14.495,0.04,14.478,0.08,,,13.284,0.027,12.826,0.03,12.69,0.025,5135,103,103,4.583,0.03,0.042,-0.152,0.18,0.27,0.768,0.055,0.061,0.824,0.054,0.076,1.782,0.288,0.248,544.5,51.16,55.63,0.034,0.01,0.008,,,
1880,1880,1880,211948484,08 42 01.658,+19 27 01.55,1,17.51,,,,08420165+1927015,5037-301-2-0117-0309,STAR,gri,rpm,-47,3,-10,3,,,,,,,22.121,0.145,19.661,0.013,18.182,0.008,16.588,0.006,15.715,0.006,14.218,0.024,13.71,0.033,13.37,0.03,3418,95,54,5.089,0.025,0.03,-0.003,0.06,0.08,0.204,0.02,0.014,0.188,0.027,0.018,22.06,3.268,3.711,127.3,20.89,12.26,0.019,0.016,0.005,,,
1881,1881,1881,211948531,08 47 17.966,+19 27 04.15,1,15.974,,,,08471796+1927041,5071-301-4-0120-0191,STAR,gri,rpm,27,2,-109,2,,,,,,,20.482,0.053,18.121,0.006,16.666,0.005,15.054,0.004,14.167,0.004,12.626,0.027,12.039,0.03,11.776,0.022,3493,85,85,5.078,0.025,0.045,-0.101,0.18,0.12,0.212,0.032,0.016,0.2,0.04,0.016,20.37,2.75,4.557,87.23,29.47,17.11,0.013,0.007,0.006,,,
1882,1882,1882,211948596,08 43 45.939,+19 27 07.75,1,17.139,,,,08434593+1927077,5071-301-5-0115-0214,EXTENDED,gri,,-38,5,6,5,,,,,,,20.111,0.064,18.148,0.008,17.144,0.005,16.706,0.005,16.37,0.01,15.602,0.082,14.989,0.09,14.707,0.1,,,,,,,,,,,,,,,,,,,,,,,,,,,
1883,1883,1883,211948643,08 43 03.660,+19 27 09.89,1,12.396,,1396-164-1,548-046291,08430365+1927100,,STAR,gri,rpm,-3.3,2.6,-3.1,2.7,,,12.534,0.247,12.334,0.245,,,12.781,0.02,12.362,0.02,12.231,0.05,,,11.389,0.022,11.14,0.023,11.071,0.018,6082,98,98,4.13,0.225,0.27,-0.046,0.12,0.18,1.529,0.661,0.396,1.178,0.168,0.12,0.307,0.388,0.192,548.8,228.5,138.2,0.036,0.013,0.008,,,
1884,1884,1884,211948665,08 56 16.740,+19 27 11.05,1,15.33,,,548-046800,08561675+1927110,5071-301-2-0133-0023,STAR,gri,rpm,1,4.5,1.9,4.8,,,16.451,0.14,15.595,0.01,,,16.024,0.052,15.398,0.05,15.033,0.01,,,13.95,0.026,13.538,0.029,13.406,0.028,5168,153,122,4.537,0.065,1.495,-0.562,0.4,0.64,0.822,3.869,0.129,0.835,0.08,0.096,1.53,0.487,1.521,819.3,3426,131.5,0.035,0.01,0.007,,,
1885,1885,1885,211948667,08 44 03.477,+19 27 11.11,1,17.294,,,,08440347+1927111,,STAR,JHK,col,,,,,,,,,,,,,,,,,,,,,14.771,0.068,14.171,0.104,13.803,0.089,3906,664,369,4.877,0.155,0.217,-0.141,0.2,0.32,0.394,0.233,0.169,0.417,0.243,0.203,7.037,9.271,4.471,392.9,340.4,182.4,0.03,0.011,0.01,,,
1886,1886,1886,211948701,08 53 53.019,+19 27 12.91,1,14.797,,,548-046713,08535301+1927129,5061-301-3-0131-0278,STAR,gri,rpm,-4.1,2.9,-8.3,3.1,,,16.117,0.05,15.026,0.02,,,15.594,0.01,14.674,0.02,14.455,0.04,,,13.244,0.022,12.75,0.023,12.627,0.027,4807,48,57,4.603,0.028,0.02,0.058,0.15,0.15,0.748,0.015,0.049,0.806,0.02,0.044,1.948,0.289,0.117,488.6,14.66,41.35,0.033,0.006,0.006,,,
1887,1887,1887,211948738,08 40 06.278,+19 27 14.77,1,10.126,,,548-046140,08400627+1927148,,STAR,gri,rpm,-39,0.4,-22.6,0.7,,,10.801,0.01,10.224,0.02,,,10.461,0.03,10.118,0.02,9.982,0.03,,,9.185,0.02,8.964,0.021,8.868,0.02,6203,148,74,4.168,0.168,0.14,-0.122,0.2,0.28,1.418,0.322,0.262,1.166,0.136,0.136,0.375,0.254,0.151,192.7,48.34,32.79,0.025,0.01,0.007,,,
1888,1888,1888,211948769,08 59 48.518,+19 27 16.81,1,14.404,,,548-046949,08594852+1927168,5061-301-2-0140-0087,STAR,gri,rpm,-8.7,4.3,-3.4,3,,,15.462,0.02,14.627,0.03,,,14.985,0.04,14.409,0.01,14.155,0.03,,,13.054,0.022,12.629,0.023,12.539,0.026,5266,104,83,3.339,1.122,0.51,-0.935,0.54,0.36,2.934,2.344,2.128,0.87,0.043,0.078,0.025,1.186,0.021,1879,1447,1344,0.035,0.01,0.008,,,
1889,1889,1889,211948819,09 10 23.484,+19 27 19.27,1,14.745,,,548-047318,,5080-301-4-0163-0039,EXTENDED,gri,,-2.7,3.3,0.5,3.6,,,16.258,0.01,15.153,0.01,,,15.646,0.04,14.791,0.02,14.359,0.08,,,,,,,,,,,,,,,,,,,,,,,,,,,,,,,,,,,
1890,1890,1890,211948895,08 43 35.502,+19 27 23.49,1,17.833,,,,08433550+1927234,5071-301-5-0114-0338,STAR,gri,rpm,-40,3,-12,3,,,,,,,22.526,0.227,20.032,0.017,18.507,0.009,16.89,0.006,16.039,0.007,14.527,0.036,13.926,0.035,13.601,0.039,3432,99,70,5.126,0.03,0.036,-0.157,0.18,0.18,0.185,0.018,0.016,0.167,0.022,0.019,25.47,4.802,4.04,132.5,19.21,14.13,0.019,0.01,0.003,,,
1891,1891,1891,211948897,09 04 29.704,+19 27 23.65,1,17.762,,,,09042970+1927236,5061-301-1-0147-0181,EXTENDED,gri,,9,3,1,3,,,,,,,20.886,0.091,18.811,0.01,17.758,0.007,17.313,0.007,16.982,0.015,16.032,0.083,15.282,0.094,14.987,0.098,,,,,,,,,,,,,,,,,,,,,,,,,,,
1892,1892,1892,211948898,09 02 24.806,+19 27 23.70,1,14.09,,,548-047040,09022480+1927236,,STAR,gri,rpm,-1,5.1,1.4,3,,,15.737,0.063,14.515,0.04,,,15.235,0.11,14.119,0.05,13.599,0.01,,,12.168,0.023,11.397,0.021,11.28,0.018,4130,49,49,0.588,0.266,0.228,-1.21,0.35,0.25,74.681,16.564,20.48,0.823,0.026,0.016,1.77E-06,3.20E-06,8.42E-07,20790,7542,4124,0.026,0.01,0.008,,,
1893,1893,1893,211948899,09 09 32.636,+19 27 23.75,1,12.171,,1404-579-1,548-047296,09093262+1927235,,STAR,gri,lam,-1.1,2,-0.8,2.3,,,13.346,0.379,12.436,0.222,,,12.512,0.04,12.143,0.02,12.025,0.01,,,11.239,0.026,10.989,0.043,10.893,0.025,6067,123,123,4.308,0.075,0.105,-0.048,0.12,0.12,1.188,0.19,0.119,1.108,0.079,0.079,0.631,0.201,0.202,409.1,57.37,50.31,0.031,0.009,0.005,,,
1894,1894,1894,211948911,08 57 46.153,+19 27 24.32,1,17.275,,,,08574615+1927243,,STAR,J,col,,,,,,,,,,,,,,,,,,,,,15.794,0.072,14.92,0.079,14.587,0.09,4061,248,347,4.828,0.152,0.095,-0.185,0.2,0.28,0.439,0.096,0.144,0.486,0.101,0.183,5.316,5.894,1.804,717.3,239.2,264.7,0.033,0.01,0.008,,,
1895,1895,1895,211948935,08 47 37.197,+19 27 25.68,1,10.603,,1396-1767-1,548-046480,08473719+1927257,,STAR,gri,rpm,5.2,1.5,-24.4,1.5,,,11.362,0.074,10.773,0.066,,,11.066,0.03,10.551,0.01,10.404,0.01,,,9.401,0.027,9.09,0.033,8.962,0.02,5695,136,113,3.913,0.555,0.185,-0.042,0.16,0.2,1.892,0.585,0.953,1.117,0.193,0.166,0.159,0.976,0.08,255,84.89,124.6,0.024,0.01,0.007,,,
1896,1896,1896,211948950,08 59 48.177,+19 27 26.60,1,17.637,,,,08594817+1927266,,STAR,J,col,,,,,,,,,,,,,,,,,,,,,16.131,0.093,15.378,0.097,14.926,0.101,3812,385,385,4.953,0.125,0.15,-0.168,0.2,0.28,0.314,0.155,0.12,0.336,0.188,0.156,9.786,10.19,4.993,544,367.2,251.1,0.032,0.008,0.008,,,
1897,1897,1897,211948969,08 42 29.168,+19 27 27.37,1,13.437,,,548-046258,08422917+1927273,,STAR,gri,lam,-5.7,2.2,3.3,2.5,,,14.71,0.02,13.712,0.034,,,14.187,0.01,13.423,0.02,13.116,0.07,,,12.059,0.023,11.575,0.024,11.438,0.016,4957,79,59,3.451,0.138,0.115,-0.242,0.12,0.12,3.199,0.551,0.47,1.134,0.132,0.132,0.03,0.02,0.01,1273,198.7,171.9,0.033,0.007,0.007,,,
1898,1898,1898,211948985,08 53 56.183,+19 27 28.10,1,12.866,,,548-046717,08535617+1927281,,STAR,gri,rpm,8.8,1.3,-4.9,1.6,,,13.569,0.04,12.967,0.02,,,13.215,0.01,12.844,0.04,12.717,0.01,,,11.879,0.021,11.539,0.023,11.501,0.019,6019,117,140,4.121,0.252,0.21,-0.333,0.2,0.32,1.439,0.406,0.448,0.999,0.133,0.095,0.317,0.49,0.175,646.8,145.3,197.7,0.033,0.01,0.007,,,
1899,1899,1899,211948997,08 50 33.262,+19 27 28.80,1,15.626,,,,08503326+1927288,5061-301-4-0127-0100,EXTENDED,gri,,0,2,0,2,,,,,,,18.347,0.031,16.518,0.004,15.656,0.003,15.244,0.003,14.919,0.008,15.058,0.09,14.389,0.112,13.927,0.085,,,,,,,,,,,,,,,,,,,,,,,,,,,
1900,1900,1900,211949019,08 43 04.964,+19 27 29.85,1,13.436,,,548-046293,08430496+1927297,,STAR,gri,rpm,6.2,2.6,-18.3,3.2,,,15.165,0.02,13.874,0.04,,,14.571,0.02,13.363,0.03,12.95,0.04,,,11.633,0.022,11.061,0.021,10.925,0.02,4189,100,41,4.793,0.02,0.06,-0.133,0.12,0.06,0.493,0.078,0.01,0.564,0.083,0.011,4.613,0.277,1.162,124.8,27.04,3.743,0.017,0.009,0.001,,,
1901,1901,1901,211949025,08 46 33.693,+19 27 30.15,1,11.726,,1396-1226-1,548-046429,08463368+1927303,,STAR,gri,rpm,-4,1.7,-27.2,2,,,12.226,0.188,12.045,0.216,,,11.94,0.01,11.655,0.03,11.608,0.01,,,10.838,0.022,10.626,0.027,10.596,0.022,6454,183,131,4.186,0.108,0.108,-0.18,0.16,0.2,1.436,0.24,0.157,1.24,0.114,0.151,0.368,0.158,0.111,433.6,72.55,52.45,0.032,0.01,0.007,,,
1902,1902,1902,211949026,08 44 42.740,+19 27 30.22,1,10.809,,1396-154-1,548-046353,08444274+1927304,,STAR,gri,rpm,-2.1,1.6,-90.1,1.8,,,12.279,0.216,11.299,0.103,,,11.633,0.03,10.739,0.01,10.456,0.03,,,9.326,0.022,8.868,0.027,8.716,0.018,4802,58,58,4.603,0.028,0.02,0.044,0.08,0.14,0.742,0.019,0.047,0.802,0.016,0.052,1.983,0.237,0.153,79.43,6.074,6.722,0.012,0.004,0.003,,,
1903,1903,1903,211949039,08 40 15.504,+19 27 31.04,1,13.405,,,548-046146,08401549+1927310,,STAR,gri,rpm,-33.5,2.7,-10.1,2.6,,,15.181,0.04,13.925,0.01,,,14.612,0.03,13.381,0.02,12.888,0.03,,,11.43,0.022,10.85,0.021,10.689,0.02,4092,49,98,4.89,0.02,0.042,-0.364,0.2,0.16,0.391,0.048,0.008,0.44,0.067,0.009,7.233,0.434,1.354,97.8,12.34,22.2,0.021,0.005,0.009,,,
1904,1904,1904,211949049,08 41 48.184,+19 27 31.21,1,13.203,,,548-046232,08414818+1927312,,STAR,gri,lam,-36.8,2.2,-9.5,3.1,,,14.852,0.01,13.644,0.02,,,14.313,0.01,13.159,0.01,12.727,0.02,,,11.411,0.02,10.879,0.021,10.732,0.018,4358,129,155,4.698,0.056,0.028,-0.01,0.08,0.1,0.599,0.04,0.059,0.664,0.046,0.064,3.005,0.743,0.388,146.5,16,22.38,0.019,0.006,0.004,,,
1905,1905,1905,211949057,09 05 55.101,+19 27 31.53,1,17.864,,,,,5112-301-4-0181-0424,EXTENDED,gri,,1,3,11,3,,,,,,,19.48,0.079,18.296,0.013,17.899,0.016,17.679,0.022,17.52,0.07,,,,,,,,,,,,,,,,,,,,,,,,,,,,,,,,,
1906,1906,1906,211949058,08 47 15.732,+19 27 31.80,1,15.518,,,548-046454,08471572+1927319,5071-301-4-0120-0002,STAR,gri,lam,-2.6,3.9,4.8,4,,,16.44,0.08,15.593,0.01,,,15.999,0.051,15.388,0.062,15.312,0.02,,,14.185,0.032,13.792,0.043,13.676,0.047,5312,158,158,4.586,0.03,0.03,-0.458,0.15,0.15,0.73,0.048,0.038,0.76,0.044,0.044,1.895,0.256,0.225,827.6,71.53,78.36,0.034,0.008,0.008,,,
1907,1907,1907,211949097,08 39 24.981,+19 27 33.67,1,10.35,,,548-046099,08392498+1927336,,STAR,gri,rpm,-35.8,0.6,-15.4,0.7,,,11.066,0.02,10.461,0.01,,,10.711,0.02,10.337,0.02,10.195,0.02,,,9.357,0.022,9.088,0.023,8.997,0.018,6095,99,124,4.135,0.216,0.216,-0.157,0.16,0.24,1.429,0.537,0.291,1.113,0.187,0.134,0.339,0.353,0.195,202.7,78.02,42.07,0.025,0.01,0.006,,,
1908,1908,1908,211949107,08 50 04.747,+19 27 34.32,1,17.883,,,,08500474+1927343,5061-301-4-0126-0224,EXTENDED,gri,,1,3,1,3,,,,,,,20.698,0.079,18.832,0.009,17.895,0.007,17.476,0.007,17.139,0.017,16.092,0.085,15.454,0.138,15.035,0.11,,,,,,,,,,,,,,,,,,,,,,,,,,,
1909,1909,1909,211949114,08 51 27.568,+19 27 34.75,1,11.637,,1396-761-1,548-046633,08512755+1927349,,STAR,gri,lam,0.7,1.8,-9.8,1.8,,,12.12,0.246,11.282,0.137,,,11.945,0.01,11.576,0.01,11.505,0.02,,,10.665,0.022,10.441,0.021,10.388,0.02,5944,143,143,4.393,0.06,0.12,-0.112,0.12,0.15,1.063,0.151,0.101,1.03,0.083,0.069,0.861,0.186,0.279,276.8,48.41,35.72,0.028,0.008,0.007,,,
1910,1910,1910,211949135,08 57 45.300,+19 27 35.92,1,12.477,,,548-046866,08574530+1927359,,STAR,gri,rpm,-30.8,1.2,9.3,1.5,,,13.154,0.03,12.594,0.031,,,12.816,0.03,12.473,0.01,12.332,0.01,,,11.499,0.021,11.207,0.019,11.165,0.016,6117,96,96,4.193,0.174,0.261,-0.708,0.3,0.36,1.22,0.461,0.261,0.878,0.098,0.028,0.479,0.334,0.294,465.5,154.7,86.25,0.029,0.011,0.007,,,
1911,1911,1911,211949147,09 05 09.260,+19 27 36.48,1,17.662,,,,09050926+1927364,5080-301-5-0155-0153,EXTENDED,gri,,-2,3,-3,3,,,,,,,20.862,0.118,18.838,0.012,17.68,0.007,17.158,0.007,16.778,0.014,16.127,0.096,15.359,0.107,14.982,0.102,,,,,,,,,,,,,,,,,,,,,,,,,,,
1912,1912,1912,211949158,08 41 46.186,+19 27 36.88,1,17.602,,,,08414618+1927368,5037-301-2-0117-0270,EXTENDED,gri,,4,4,10,3,,,,,,,20.588,0.094,18.579,0.01,17.616,0.007,17.183,0.007,16.801,0.016,16.203,0.095,15.579,0.126,15.048,0.142,,,,,,,,,,,,,,,,,,,,,,,,,,,
1913,1913,1913,211949163,08 39 54.414,+19 27 37.22,1,17.44,,,,08395441+1927372,5061-301-6-0111-0403,STAR,gri,rpm,-35,3,-11,3,,,,,,,22.441,0.223,19.536,0.012,18.067,0.007,16.542,0.005,15.731,0.006,14.242,0.026,13.608,0.041,13.358,0.041,3538,105,126,5.067,0.025,0.055,-0.098,0.21,0.12,0.223,0.039,0.021,0.215,0.051,0.034,18.47,3.942,4.652,146.2,34.09,20.33,0.022,0.006,0.005,,,
1914,1914,1914,211949184,08 53 52.794,+19 27 38.33,1,14.154,,,548-046712,08535279+1927383,,STAR,gri,rpm,-43.1,2.1,-4.9,2.9,,,15.505,0.03,14.44,0.01,,,14.977,0.02,14.075,0.03,13.802,0.02,,,12.597,0.022,12.028,0.021,11.922,0.019,4702,93,74,4.642,0.06,0.03,-0.191,0.25,0.35,0.662,0.051,0.082,0.703,0.064,0.077,2.423,0.684,0.37,305.9,36.54,38.74,0.029,0.008,0.006,,,
1915,1915,1915,211949193,09 09 19.602,+19 27 38.92,1,18.635,,,,,5080-301-4-0161-0310,STAR,gri,,4,3,0,3,,,,,,,19.041,0.022,18.716,0.008,18.608,0.009,18.78,0.011,18.775,0.036,,,,,,,,,,,,,,,,,,,,,,,,,,,,,,,,,
1916,1916,1916,211949229,08 38 13.950,+19 27 40.92,1,19.464,,,,,5037-301-3-0112-0439,EXTENDED,gri,,-4,5,0,5,,,,,,,21.019,0.131,19.682,0.022,19.392,0.027,19.254,0.035,18.956,0.101,,,,,,,,,,,,,,,,,,,,,,,,,,,,,,,,,
1917,1917,1917,211949251,08 40 19.157,+19 27 42.07,1,16.57,,,,08401915+1927420,,STAR,JHK,col,,,,,,,,,,,,,,,,,,,,,14.597,0.032,14.062,0.035,13.822,0.052,3626,277,231,4.999,0.1,0.1,-0.086,0.15,0.27,0.267,0.098,0.072,0.262,0.139,0.1,12.88,9.5,5.467,219.4,106.6,83,0.024,0.01,0.008,,,
1918,1918,1918,211949282,08 57 15.384,+19 27 43.72,1,14,,,548-046838,08571538+1927438,,STAR,gri,rpm,-1.9,1.4,-3.2,2.4,,,15.201,0.07,14.246,0.037,,,14.68,0.02,14.007,0.02,13.709,0.03,,,12.546,0.022,12.045,0.025,11.968,0.022,4990,60,60,2.726,0.535,0.749,-0.846,0.3,0.78,6.071,7.52,2.657,0.902,0.107,0.089,0.002,0.019,0.002,2807,3377,1210,0.033,0.01,0.005,,,
1919,1919,1919,211949328,08 43 57.479,+19 27 46.12,1,17.303,,,,08435747+1927461,,EXTENDED,JHK,,,,,,,,,,,,,,,,,,,,,,15.747,0.129,15.296,0.194,15.116,0.202,,,,,,,,,,,,,,,,,,,,,,,,,,,
1920,1920,1920,211949368,08 57 33.500,+19 27 47.91,1,14.65,,,548-046851,08573350+1927479,,STAR,gri,rpm,-12.1,4.5,-6,4.9,,,16.286,0.11,15.076,0.06,,,15.701,0.02,14.607,0.051,14.2,0.02,,,12.907,0.022,12.299,0.021,12.217,0.022,4430,71,71,4.686,0.044,0.02,-0.021,0.15,0.24,0.625,0.02,0.061,0.691,0.029,0.07,2.824,0.603,0.189,310.1,11.64,36.51,0.029,0.008,0.008,,,
1921,1921,1921,211949413,08 37 57.126,+19 27 49.96,1,16.759,,,,08375712+1927499,5037-301-3-0111-0448,STAR,gri,rpm,-36,3,-10,3,,,,,,,21.303,0.076,18.792,0.008,17.34,0.006,15.888,0.005,15.103,0.006,13.658,0.032,13.018,0.03,12.767,0.028,3551,131,87,5.054,0.025,0.045,-0.031,0.12,0.27,0.231,0.039,0.016,0.225,0.049,0.022,17.99,2.102,4.343,114.1,26.15,5.738,0.018,0.007,0.005,,,
1922,1922,1922,211949455,08 52 30.036,+19 27 52.47,1,14.547,,,548-046672,08523003+1927523,5071-301-3-0127-0125,STAR,JHK,rpm,-2,2.2,-3.5,3.2,,,,,,,,,,,,,,,,,13.044,0.024,12.515,0.026,12.437,0.023,4917,146,146,3.523,1.128,1.128,-0.335,0.3,0.54,2.499,4.337,1.888,0.848,0.179,0.112,0.063,2.726,0.062,1437,2892,1107,0.033,0.007,0.008,,,
1923,1923,1923,211949471,08 40 22.719,+19 27 53.19,1,10.588,,,548-046156,08402271+1927531,,STAR,gri,rpm,-35.1,1.2,-12.9,1,,,11.303,0.02,10.673,0.02,,,10.943,0.01,10.529,0.01,10.436,0.01,,,9.64,0.022,9.401,0.021,9.336,0.02,6089,98,98,4.197,0.155,0.186,-0.044,0.15,0.18,1.334,0.42,0.237,1.144,0.109,0.091,0.418,0.309,0.225,222.6,63.63,42.08,0.025,0.01,0.006,,,
1924,1924,1924,211949497,08 44 11.921,+19 27 54.41,1,15.151,,,548-046337,08441192+1927544,5071-301-5-0115-0280,STAR,JHK,rpm,-4,4.8,-4.3,4.8,,,,,,,,,,,,,,,,,12.868,0.023,12.193,0.024,12,0.022,4146,126,253,4.786,0.055,0.066,0.039,0.09,0.21,0.502,0.064,0.067,0.564,0.075,0.075,4.404,1.14,1.063,217.6,51.59,35.35,0.028,0.005,0.006,,,
1925,1925,1925,211949501,08 43 05.286,+19 27 54.59,1,14.654,,,548-046294,08430528+1927546,,STAR,gri,rpm,-35.4,3.6,-10.1,3.9,,,16.942,0.05,15.374,0.02,,,16.193,0.04,14.758,0.02,13.995,0.04,,,12.36,0.023,11.655,0.021,11.546,0.021,3856,38,38,4.875,0.02,0.028,-0.002,0.16,0.06,0.409,0.026,0.026,0.461,0.028,0.028,6.611,0.671,0.705,126.1,23.02,3.784,0.036,0.002,0.019,,,
1926,1926,1926,211949505,08 38 32.148,+19 27 54.82,1,9.68,,,548-046049,08383216+1927548,,STAR,gri,rpm,-13.7,0.5,-7.4,0.6,,,11.008,0.01,10.049,0.03,,,10.465,0.01,9.893,0.1,9.344,0.04,,,8.185,0.034,7.662,0.021,7.543,0.016,4866,97,97,2.42,0.374,0.17,-0.442,0.25,0.5,10.583,1.943,2.813,1.06,0.301,0.167,8.93E-04,0.002,3.67E-04,632.9,105.6,153.5,0.032,0.01,0.007,,,
1927,1927,1927,211949512,09 10 55.605,+19 27 55.32,1,14.899,,,548-047336,09105560+1927554,5080-301-4-0164-0085,STAR,gri,rpm,-0.2,3.1,-8,3.4,,,15.822,0.07,15.11,0.01,,,15.378,0.02,14.9,0.054,14.694,0.02,,,13.707,0.025,13.305,0.026,13.152,0.023,5512,164,164,4.49,0.078,0.871,-0.548,0.35,0.56,0.867,1.478,0.112,0.86,0.069,0.097,1.247,0.514,1.184,855.3,1291,158.2,0.035,0.01,0.01,,,
1928,1928,1928,211949638,08 52 49.188,+19 28 01.12,1,11.934,,1396-627-1,548-046680,08524919+1928011,,STAR,gri,plx,-14,1.7,-8.2,1.7,,,11.882,0.143,11.591,0.179,,,12.201,0.02,11.838,0.03,11.82,0.01,,,11.003,0.025,10.781,0.021,10.74,0.022,6342,101,127,4.245,0.085,0.136,-0.033,0.12,0.24,1.361,0.293,0.156,1.248,0.078,0.141,0.462,0.176,0.186,340.6,100.4,100.4,0.03,0.011,0.008,,,
1929,1929,1929,211949639,08 53 17.796,+19 28 01.18,1,11.718,,,548-046694,08531779+1928011,,STAR,gri,rpm,-6.7,1.9,7,1.9,,,12.825,0.01,11.896,0.03,,,12.352,0.02,11.631,0.01,11.447,0.03,,,10.302,0.022,9.857,0.021,9.8,0.02,5073,103,82,3.494,0.378,1.08,-0.31,0.3,0.36,3.087,6.235,1.244,1.029,0.298,0.136,0.029,0.065,0.028,563.8,957.8,195.4,0.03,0.01,0.01,,,
1930,1930,1930,211949670,08 46 37.619,+19 28 03.09,1,18.024,,,,,5037-301-1-0124-0255,EXTENDED,gri,,-9,3,-2,3,,,,,,,19.492,0.054,18.407,0.012,18.032,0.014,17.86,0.019,17.69,0.097,,,,,,,,,,,,,,,,,,,,,,,,,,,,,,,,,
1931,1931,1931,211949676,08 44 29.760,+19 28 03.39,1,11.603,,1396-142-1,548-046345,08442976+1928033,,STAR,gri,plx,-25.7,1.6,-9.2,1.7,,,12.094,0.147,11.738,0.158,,,11.79,0.03,11.541,0.01,11.509,0.04,,,10.828,0.025,10.603,0.022,10.588,0.02,6585,130,104,4.224,0.066,0.154,-0.089,0.12,0.18,1.427,0.402,0.152,1.281,0.147,0.147,0.424,0.098,0.197,410.4,116.2,116.2,0.028,0.008,0.006,,,
1932,1932,1932,211949684,09 04 02.038,+19 28 03.66,1,16.2,,,,09040203+1928036,5061-301-1-0146-0078,EXTENDED,gri,,-3,2,1,2,,,,,,,19.394,0.054,17.328,0.006,16.209,0.004,15.717,0.004,15.336,0.009,15.188,0.066,14.442,0.071,14.094,0.071,,,,,,,,,,,,,,,,,,,,,,,,,,,
1933,1933,1933,211949692,08 40 12.966,+19 28 04.26,1,16.577,,,,08401296+1928042,,EXTENDED,J,,20,11,20,7,,,,,,,,,,,,,,,,,15.145,0.065,14.257,0.076,13.828,0.059,,,,,,,,,,,,,,,,,,,,,,,,,,,
1934,1934,1934,211949722,08 54 54.976,+19 28 05.82,1,16.287,,,,08545497+1928058,5061-301-3-0133-0212,STAR,gri,rpm,12,3,-59,3,,,,,,,20.833,0.061,18.186,0.006,16.715,0.005,15.473,0.005,14.81,0.005,13.457,0.023,12.866,0.025,12.628,0.024,3503,105,105,5.071,0.045,0.025,-0.108,0.15,0.12,0.221,0.017,0.03,0.207,0.026,0.037,18.95,5.462,2.061,97.49,16.94,14.44,0.015,0.004,0.004,,,
1935,1935,1935,211949728,08 43 08.394,+19 28 06.11,1,16.517,,,,08430839+1928061,5071-301-5-0114-0267,STAR,gri,rpm,-35,3,-8,3,,,,,,,20.87,0.065,18.624,0.008,17.174,0.005,15.614,0.004,14.768,0.005,13.247,0.025,12.651,0.022,12.388,0.023,3484,105,84,5.063,0.045,0.054,-0.021,0.15,0.15,0.226,0.037,0.032,0.213,0.05,0.05,18.26,5.262,4.085,93.17,16.8,16.81,0.013,0.005,0.005,,,
1936,1936,1936,211949737,08 44 23.281,+19 28 06.43,1,16.155,,,,08442328+1928064,5061-301-5-0118-0264,EXTENDED,gri,,7,3,1,3,,,,,,,19.111,0.043,17.206,0.006,16.242,0.004,15.704,0.004,15.277,0.008,14.895,0.067,14.029,0.061,13.516,0.051,,,,,,,,,,,,,,,,,,,,,,,,,,,
1937,1937,1937,211949766,09 09 37.457,+19 28 08.42,1,14.483,,,548-047299,,5080-301-4-0162-0040,EXTENDED,gri,,-0.2,3.7,6.1,4,,,15.946,0.01,14.934,0.09,,,15.404,0.06,14.488,0.01,14.089,0.02,,,,,,,,,,,,,,,,,,,,,,,,,,,,,,,,,,,
1938,1938,1938,211949776,08 40 13.348,+19 28 08.88,1,17.116,,,,08401334+1928088,,STAR,J,col,,,,,,,,,,,,,,,,,,,,,15.646,0.094,14.956,0.109,14.343,0.091,3636,386,275,4.981,0.115,0.161,-0.132,0.2,0.28,0.268,0.163,0.088,0.273,0.191,0.12,11.6,11.02,6.397,383,320.4,152.2,0.029,0.01,0.008,,,
1939,1939,1939,211949779,08 52 29.304,+19 28 08.98,1,12.504,,,548-046671,08522930+1928089,,STAR,gri,rpm,-16,1.5,-16,1.2,,,13.13,0.01,12.562,0.02,,,12.813,0.02,12.443,0.02,12.371,0.03,,,11.549,0.02,11.252,0.02,11.201,0.021,6128,97,122,4.262,0.105,0.189,-0.333,0.25,0.35,1.198,0.332,0.152,1.003,0.148,0.106,0.54,0.259,0.273,477.5,142.5,64.48,0.029,0.01,0.008,,,
1940,1940,1940,211949825,08 38 23.130,+19 28 11.14,1,17.768,,,,08382313+1928111,5037-301-3-0112-0339,EXTENDED,gri,,-1,3,1,3,,,,,,,19.254,0.032,18.32,0.008,17.843,0.008,17.532,0.009,17.374,0.029,17.071,0.188,,,15.731,0.192,,,,,,,,,,,,,,,,,,,,,,,,,,,
1941,1941,1941,211949840,08 38 50.188,+19 28 12.17,1,18.492,,,,,5037-301-3-0113-0618,EXTENDED,gri,,-13,9,10,9,,,,,,,20.354,0.1,19.018,0.017,18.547,0.018,18.266,0.021,18.054,0.079,,,,,,,,,,,,,,,,,,,,,,,,,,,,,,,,,
1942,1942,1942,211949892,09 11 56.564,+19 28 15.36,1,12.485,,,548-047376,09115656+1928154,,STAR,gri,rpm,-12,1.5,-5.4,2,,,13.547,0.02,12.676,0.03,,,13.045,0.01,12.423,0.01,12.245,0.02,,,11.256,0.021,10.861,0.022,10.779,0.018,5355,107,64,4.478,0.072,0.852,-0.112,0.16,0.36,0.918,1.753,0.096,0.937,0.266,0.051,1.211,0.386,1.153,288.7,470.6,44.1,0.028,0.01,0.007,,,
1943,1943,1943,211949899,08 56 08.870,+19 28 15.75,1,18.213,,,,,5071-301-2-0133-0322,EXTENDED,gri,,-26,5,21,5,,,,,,,20.284,0.133,18.732,0.016,18.286,0.017,17.99,0.02,17.812,0.058,,,,,,,,,,,,,,,,,,,,,,,,,,,,,,,,,
1944,1944,1944,211949906,08 59 59.877,+19 28 15.97,1,18.892,,,,08595987+1928159,,STAR,JHK,col,,,,,,,,,,,,,,,,,,,,,16.455,0.132,15.635,0.127,15.422,0.156,3981,398,398,4.866,0.15,0.15,-0.254,0.25,0.35,0.389,0.151,0.143,0.425,0.154,0.185,6.802,8.355,3.313,805.8,477.2,344.7,0.032,0.01,0.007,,,
1945,1945,1945,211949933,09 11 23.436,+19 28 17.30,1,13.676,,,548-047352,09112345+1928173,,STAR,gri,rpm,-7,2.2,-7.4,2.5,,,14.781,0.02,13.925,0.02,,,14.314,0.02,13.649,0.01,13.403,0.02,,,12.293,0.02,11.752,0.022,11.717,0.023,5016,79,59,2.958,0.365,0.511,-0.86,0.25,0.3,5.037,3.62,1.871,0.898,0.054,0.027,0.006,0.018,0.004,2119,1559,689.8,0.033,0.01,0.008,,,
1946,1946,1946,211949983,08 38 20.895,+19 28 20.20,1,13.952,,,548-046044,08382089+1928201,,STAR,gri,lam,9.4,3.4,-6.7,3.1,,,15.05,0.01,14.186,0.01,,,14.58,0.02,13.934,0.01,13.684,0.04,,,12.601,0.026,12.073,0.029,12.02,0.024,5133,120,100,3.641,0.1,0.14,-0.432,0.18,0.18,2.504,0.468,0.333,0.992,0.137,0.057,0.063,0.026,0.024,1315,225,166.5,0.032,0.008,0.007,,,
1947,1947,1947,211950012,09 09 01.709,+19 28 21.69,1,15.385,,,548-047273,09090171+1928219,5080-301-4-0161-0041,EXTENDED,gri,,14,2,4,2,,,16.717,0.09,15.661,0.07,,,16.141,0.01,15.261,0.02,15.061,0.15,,,14.489,0.099,13.799,0.105,13.472,0.091,,,,,,,,,,,,,,,,,,,,,,,,,,,
1948,1948,1948,211950015,08 45 53.520,+19 28 22.11,1,17.168,,,,08455352+1928221,5037-301-1-0123-0194,EXTENDED,gri,,0,2,-6,2,,,,,,,19.056,0.027,17.891,0.006,17.245,0.005,16.858,0.006,16.609,0.013,15.876,0.095,15.326,0.114,14.836,0.13,,,,,,,,,,,,,,,,,,,,,,,,,,,
1949,1949,1949,211950060,08 57 00.602,+19 28 24.29,1,19.808,,,,,5071-301-2-0134-0202,STAR,gri,,6,5,-13,5,,,,,,,20.202,0.046,19.843,0.015,19.796,0.019,19.596,0.022,19.291,0.054,,,,,,,,,,,,,,,,,,,,,,,,,,,,,,,,,
1950,1950,1950,211950081,08 39 28.586,+19 28 25.19,1,11.382,,,548-046106,08392858+1928251,,STAR,gri,rpm,-31.9,2.4,-5,3,,,12.519,0.02,11.606,0.01,,,12.048,0.02,11.305,0.01,11.096,0.06,,,10.035,0.02,9.626,0.024,9.533,0.021,5132,83,83,4.524,0.05,0.85,-0.003,0.15,0.24,0.856,1.743,0.068,0.911,0.301,0.065,1.428,0.289,1.364,142.9,279.3,15.25,0.022,0.013,0.007,,,
1951,1951,1951,211950176,08 43 07.506,+19 28 30.33,1,13.864,,,548-046299,08430750+1928302,,STAR,gri,lam,-1.7,2.1,0.4,3.2,,,15.164,0.06,14.123,0.02,,,14.608,0.03,13.849,0.02,13.545,0.05,,,12.378,0.023,11.866,0.024,11.778,0.02,4889,58,78,3.018,0.144,0.168,-0.458,0.15,0.12,4.863,1.172,0.695,0.968,0.14,0.023,0.008,0.004,0.003,2187,459.3,321.3,0.034,0.01,0.008,,,
1952,1952,1952,211950218,08 43 50.412,+19 28 32.26,1,14.695,,,548-046317,08435041+1928322,,STAR,gri,lam,14.7,3.8,-7.9,4.2,,,15.991,0.05,14.967,0.01,,,15.452,0.07,14.637,0.051,14.37,0.02,,,13.213,0.023,12.764,0.024,12.611,0.025,4813,176,147,4.63,0.025,0.03,-0.182,0.15,0.15,0.687,0.041,0.038,0.746,0.046,0.046,2.266,0.277,0.292,440.4,50.11,37.83,0.031,0.008,0.008,,,
1953,1953,1953,211950227,08 40 25.542,+19 28 32.78,1,9.816,,,548-046159,08402554+1928328,,STAR,gri,rpm,-35,0.9,-13.4,0.7,,,10.32,0.02,9.864,0.05,,,10.159,0.03,9.769,0.04,9.668,0.03,,,9.004,0.035,8.779,0.026,8.763,0.02,6182,149,149,4.163,0.195,0.234,-0.027,0.12,0.24,1.422,0.641,0.295,1.201,0.188,0.157,0.355,0.361,0.222,173.2,73.72,38.76,0.023,0.011,0.007,,,
1954,1954,1954,211950230,09 12 01.287,+19 28 33.00,1,10.192,,1404-1822-1,548-047381,09120129+1928330,,STAR,gri,rpm,-42.3,1.2,-19.2,1.3,,,10.732,0.037,10.175,0.03,,,10.584,0.14,10.153,0.01,10.024,0.06,,,9.253,0.039,8.968,0.024,8.932,0.02,6012,178,213,4.215,0.19,0.266,-0.079,0.16,0.28,1.322,0.503,0.319,1.102,0.135,0.113,0.456,0.423,0.274,176.8,64.78,40.5,0.023,0.007,0.007,,,
1955,1955,1955,211950238,09 10 45.815,+19 28 33.32,1,12.795,,,548-047331,09104581+1928334,,STAR,gri,rpm,-9.3,1.6,4.3,2,,,13.649,0.02,12.971,0.01,,,13.251,0.02,12.775,0.03,12.6,0.04,,,11.692,0.022,11.33,0.022,11.266,0.018,5741,92,138,4.415,0.078,0.585,-0.14,0.15,0.3,1.011,1.097,0.124,1.019,0.139,0.116,0.925,0.337,0.813,413.6,410.1,70.85,0.03,0.008,0.006,,,
1956,1956,1956,211950298,08 43 10.128,+19 28 36.05,1,16.326,,,,08431012+1928360,5071-301-5-0114-0270,STAR,gri,rpm,-46,3,-18,3,,,,,,,20.928,0.068,18.504,0.007,16.959,0.005,15.392,0.004,14.549,0.004,13.044,0.03,12.426,0.024,12.155,0.024,3556,35,35,5.166,0.02,0.02,-0.466,0.05,0.05,0.171,0.003,0.003,0.157,0.003,0.003,31.23,1.874,1.874,66.21,1.986,1.986,0.01,0.001,0.001,,,
1957,1957,1957,211950304,08 58 19.981,+19 28 36.56,1,12.071,,,548-046891,08581998+1928365,,STAR,gri,rpm,-21.6,1.3,-21.1,2.1,,,12.757,0.02,12.178,0.01,,,12.4,0.02,12.057,0.01,11.93,0.06,,,11.101,0.022,10.871,0.023,10.807,0.023,6238,101,76,4.218,0.125,0.15,-0.266,0.2,0.24,1.301,0.286,0.152,1.083,0.107,0.107,0.463,0.222,0.195,422.9,74.89,53.72,0.031,0.008,0.004,,,
1958,1958,1958,211950313,08 43 48.905,+19 28 37.01,1,16.412,,,548-046316,08434890+1928369,5071-301-5-0115-0040,STAR,BV,rpm,66.5,4,-88.5,4.1,,,17.657,0.16,16.599,0.084,,,17.19,0.075,,,,,,,14.751,0.039,14.22,0.05,14.086,0.053,3492,507,507,5.1,0.096,0.08,-0.421,0.35,0.56,0.194,0.078,0.056,0.177,0.099,0.055,23.01,15.18,9.145,158.6,109.5,64.79,0.021,0.008,0.008,,,
1959,1959,1959,211950367,08 45 46.079,+19 28 40.00,1,16.731,,,,08454607+1928400,5037-301-1-0122-0271,EXTENDED,gri,,-5,2,-7,2,,,,,,,19.045,0.029,17.563,0.006,16.797,0.005,16.375,0.005,16.088,0.01,15.602,0.068,14.79,0.095,14.501,0.087,,,,,,,,,,,,,,,,,,,,,,,,,,,
1960,1960,1960,211950491,08 52 34.245,+19 28 46.91,1,11.425,,,548-046675,08523424+1928468,,STAR,gri,rpm,6.3,1.1,-4,1.2,,,12.549,0.01,11.638,0.02,,,12.076,0.02,11.387,0.01,11.145,0.03,,,9.992,0.02,9.558,0.024,9.433,0.019,5060,82,61,2.448,1.079,0.078,-0.619,0.33,0.15,9.683,0.924,6.441,0.974,0.23,0.061,0.001,0.035,1.88E-04,1388,128.3,878.6,0.033,0.008,0.008,,,
1961,1961,1961,211950523,08 57 21.641,+19 28 49.45,1,16.521,,,,08572164+1928494,,STAR,JHK,col,,,,,,,,,,,,,,,,,,,,,14.213,0.029,13.64,0.033,13.337,0.032,3516,149,209,5.044,0.091,0.065,-0.026,0.15,0.18,0.224,0.061,0.056,0.225,0.081,0.081,16.76,10.05,5.43,147.7,50.64,44.01,0.02,0.008,0.007,,,
1962,1962,1962,211950548,08 58 27.659,+19 28 50.82,1,16.939,,,,08582765+1928508,5061-301-2-0138-0184,EXTENDED,gri,,2,2,-1,2,,,,,,,20.02,0.059,17.967,0.007,16.958,0.005,16.498,0.005,16.105,0.01,15.451,0.064,14.839,0.08,14.254,0.07,,,,,,,,,,,,,,,,,,,,,,,,,,,
1963,1963,1963,211950625,08 59 51.139,+19 28 55.19,1,17.748,,,,08595113+1928551,5061-301-2-0140-0254,EXTENDED,gri,,-2,3,1,3,,,,,,,19.41,0.036,18.332,0.008,17.838,0.008,17.498,0.008,17.33,0.022,16.678,0.136,15.958,0.133,15.778,0.18,,,,,,,,,,,,,,,,,,,,,,,,,,,
1964,1964,1964,211950626,08 39 14.107,+19 28 55.20,1,15.239,,,,08391410+1928552,5071-301-6-0108-0447,EXTENDED,gri,,-1,3,2,3,,,,,,,17.203,0.014,15.911,0.003,15.282,0.003,14.951,0.003,14.666,0.005,14.993,0.092,14.162,0.094,13.904,0.086,,,,,,,,,,,,,,,,,,,,,,,,,,,
1965,1965,1965,211950635,08 44 55.835,+19 28 55.70,1,17.727,,,,08445583+1928556,5061-301-5-0119-0179,STAR,gri,rpm,-52,3,3,3,,,,,,,22.152,0.154,19.7,0.013,18.337,0.008,16.881,0.006,16.111,0.007,14.733,0.04,14.04,0.041,13.848,0.047,3843,70,141,4.955,0.04,0.048,-0.226,0.2,0.2,0.323,0.041,0.036,0.35,0.058,0.058,10.04,2.455,2.318,303,45.7,47,0.029,0.016,0.006,,,
1966,1966,1966,211950691,08 40 58.344,+19 28 58.72,1,13.184,,,548-046188,08405834+1928587,,STAR,gri,rpm,-0.2,1.8,-5,2.1,,,14.357,0.02,13.397,0.02,,,13.865,0.01,13.123,0.02,12.892,0.01,,,11.762,0.023,11.263,0.022,11.172,0.02,4978,59,59,3.262,0.3,0.84,-0.423,0.24,0.24,3.969,5.631,1.074,1.042,0.185,0.138,0.014,0.025,0.013,1314,1617,348.9,0.033,0.011,0.007,,,
1967,1967,1967,211950703,08 40 52.524,+19 28 59.59,1,10.209,,,548-046176,08405252+1928595,,STAR,gri,rpm,-36.1,0.7,-13.2,0.9,,,10.839,0.01,10.267,0.03,,,10.505,0.01,10.169,0.01,10.083,0.01,,,9.337,0.025,9.154,0.024,9.049,0.02,6317,128,102,4.16,0.145,0.203,-0.031,0.12,0.18,1.487,0.5,0.278,1.275,0.144,0.12,0.329,0.223,0.185,220.5,79.96,35.73,0.027,0.008,0.006,,,
1968,1968,1968,211950713,08 41 29.940,+19 29 00.37,1,16.215,,,548-046220,08412991+1929006,5037-301-2-0116-0195,STAR,gri,rpm,39.7,4.9,-40.2,5.2,,,,,16.589,0.083,,,16.709,0.01,16.267,0.01,16.003,0.134,,,15.204,0.047,14.822,0.073,14.796,0.111,5715,57,114,4.64,0.044,0.02,-1.827,0.05,0.08,0.647,0.013,0.043,0.665,0.013,0.021,2.464,0.444,0.148,1281,38.42,180.6,0.023,0.014,0.001,,,
1969,1969,1969,211950716,08 39 41.668,+19 29 00.50,1,17.518,,,,08394166+1929004,,STAR,JHK,col,,,,,,,,,,,,,,,,,,,,,15.092,0.042,14.546,0.059,14.174,0.061,3590,232,232,5.029,0.095,0.095,-0.061,0.15,0.24,0.243,0.093,0.067,0.238,0.139,0.087,14.26,10.52,6.055,240.1,125,82.2,0.025,0.01,0.008,,,
1970,1970,1970,211950733,08 51 44.953,+19 29 01.46,1,14.213,,,548-046644,08514495+1929016,,STAR,gri,rpm,-6.3,2.4,-14,2.4,,,15.268,0.03,14.401,0.02,,,14.833,0.02,14.106,0.03,13.947,0.05,,,12.835,0.023,12.347,0.021,12.269,0.023,5081,80,80,4.585,0.024,0.912,-0.211,0.2,0.28,0.765,1.919,0.051,0.821,0.084,0.06,1.833,0.224,1.762,441,931.2,33.96,0.032,0.007,0.006,,,
1971,1971,1971,211950781,08 39 53.793,+19 29 03.92,1,15.796,,,548-046132,08395379+1929040,,STAR,BV,rpm,27.6,3.7,-60.6,4,,,17.273,0.107,16.032,0.066,,,16.631,0.04,,,,,,,14.397,0.032,13.927,0.039,13.785,0.042,3735,1065,313,5.008,0.11,0.264,-0.388,0.35,0.63,0.272,0.245,0.082,0.279,0.301,0.116,12.53,10.8,8.915,214,367.4,84.18,0.026,0.006,0.008,,,
1972,1972,1972,211950844,08 39 36.456,+19 29 07.93,1,14.401,,,548-046114,08393645+1929079,5045-301-2-0125-0164,STAR,gri,rpm,-31.9,3.7,-11.9,4.1,,,16.544,0.08,15.106,0.02,,,15.908,0.04,14.521,0.05,13.756,0.01,,,12.254,0.02,11.602,0.022,11.391,0.02,3818,46,77,4.902,0.06,0.03,-0.038,0.06,0.05,0.374,0.035,0.056,0.419,0.042,0.075,7.679,2.68,1.067,111.6,14.19,17.22,0.02,0.016,0.008,,,
1973,1973,1973,211950858,09 06 24.827,+19 29 08.44,1,18.438,,,,,5112-301-4-0182-0328,EXTENDED,gri,,-12,3,-7,3,,,,,,,19.6,0.057,18.64,0.012,18.37,0.014,18.078,0.019,18.037,0.07,,,,,,,,,,,,,,,,,,,,,,,,,,,,,,,,,
1974,1974,1974,211950871,09 08 27.048,+19 29 09.07,1,15.134,,,548-047247,09082704+1929090,5112-301-4-0185-0058,STAR,gri,col,,,,,,,17.353,0.12,15.924,0.063,,,16.754,0.064,15.292,0.059,14.439,0.08,,,12.668,0.023,12.018,0.03,11.801,0.023,3656,108,108,4.981,0.055,0.077,-0.026,0.15,0.18,0.288,0.076,0.053,0.313,0.091,0.078,11.84,4.132,4.054,99.44,32.74,21,0.016,0.005,0.005,,,
1975,1975,1975,211950886,08 37 54.885,+19 29 09.79,1,16.826,,,,08375488+1929097,5037-301-3-0111-0450,STAR,gri,rpm,-36,3,-10,3,,,,,,,21.407,0.087,18.849,0.008,17.415,0.006,15.959,0.005,15.187,0.006,13.758,0.032,13.117,0.036,12.903,0.027,3638,73,88,5.026,0.03,0.036,-0.128,0.18,0.21,0.255,0.042,0.023,0.256,0.061,0.033,15.08,2.843,3.239,140.4,28.64,9.674,0.02,0.006,0.006,,,
1976,1976,1976,211950916,08 39 42.014,+19 29 11.55,1,14.287,,,548-046121,08394200+1929115,,STAR,gri,rpm,21.4,2.1,-12.1,3.4,,,15.798,0.02,14.656,0.01,,,15.232,0.02,14.23,0.047,13.882,0.06,,,12.668,0.022,12.121,0.022,12.024,0.022,4656,93,74,4.634,0.03,0.025,0.042,0.1,0.18,0.687,0.039,0.037,0.755,0.031,0.044,2.262,0.299,0.223,326.8,26.28,20.4,0.033,0.005,0.007,,,
1977,1977,1977,211950956,09 06 18.926,+19 29 13.47,1,17.342,,,,09061892+1929134,5112-301-4-0182-0314,EXTENDED,gri,,4,1,6,3,,,,,,,18.81,0.028,17.873,0.008,17.434,0.007,17.114,0.01,17.019,0.046,16.794,0.173,15.599,0.161,15.372,0.18,,,,,,,,,,,,,,,,,,,,,,,,,,,
1978,1978,1978,211950963,08 38 08.596,+19 29 13.81,1,17.08,,,,08380859+1929138,,STAR,J,rpm,8,2,6,2,,,,,,,,,,,,,,,,,15.613,0.091,15.071,0.092,14.564,0.088,3774,481,240,4.931,0.1,0.16,-0.132,0.2,0.28,0.32,0.16,0.092,0.353,0.189,0.135,9.185,6.962,5.016,447.7,370.3,156.6,0.032,0.008,0.007,,,
1979,1979,1979,211951008,08 51 09.344,+19 29 16.12,1,12.79,,,548-046615,08510934+1929162,,STAR,gri,lam,-27,1.3,-43,1.7,,,13.773,0.02,12.938,0.01,,,13.331,0.03,12.695,0.041,12.558,0.04,,,11.602,0.023,11.217,0.022,11.129,0.02,5358,162,129,4.491,0.039,0.02,0.228,0.08,0.12,0.904,0.049,0.046,0.946,0.057,0.029,1.228,0.202,0.082,322,22.23,24.79,0.028,0.016,0.01,,,
1980,1980,1980,211951047,09 08 24.313,+19 29 18.26,1,13.882,,,548-047244,09082430+1929181,,STAR,gri,rpm,-22.2,4.7,-7.6,5.1,,,15.144,0.05,14.192,0.05,,,14.6,0.03,13.861,0.02,13.574,0.01,,,12.425,0.024,11.88,0.028,11.773,0.022,4892,97,48,4.587,0.07,1.946,-0.61,0.45,0.25,0.749,6.6,0.126,0.804,0.061,0.153,1.805,0.745,1.803,352.5,2934,73.13,0.032,0.024,0.006,,,
1981,1981,1981,211951062,08 54 23.972,+19 29 19.01,1,15.263,,,548-046729,08542397+1929190,5061-301-3-0132-0225,STAR,gri,lam,1.4,2.8,-4.7,3.1,,,16.223,0.02,15.442,0.03,,,15.771,0.06,15.205,0.04,15.045,0.05,,,14.075,0.024,13.64,0.036,13.559,0.039,5674,137,171,4.465,0.045,0.054,-0.06,0.1,0.12,0.947,0.075,0.069,0.954,0.061,0.061,1.113,0.21,0.208,1097,111.4,101.1,0.033,0.008,0.007,,,
1982,1982,1982,211951126,09 05 11.702,+19 29 22.91,1,17.707,,,,09051170+1929229,5080-301-5-0155-0201,EXTENDED,gri,,-3,3,3,3,,,,,,,20.609,0.083,18.832,0.011,17.699,0.007,17.225,0.007,16.865,0.014,16.154,0.091,15.505,0.108,15.119,0.111,,,,,,,,,,,,,,,,,,,,,,,,,,,
1983,1983,1983,211951145,08 52 19.878,+19 29 24.12,1,19.984,,,,,5071-301-3-0127-0391,STAR,gri,,-1,5,-1,5,,,,,,,20.79,0.065,20.161,0.018,19.925,0.019,19.81,0.023,19.398,0.058,,,,,,,,,,,,,,,,,,,,,,,,,,,,,,,,,
1984,1984,1984,211951191,09 02 44.861,+19 29 27.17,1,11.65,,,548-047051,09024485+1929272,,STAR,gri,lam,-11.4,0.7,-1.3,0.5,,,12.901,0.041,11.91,0.01,,,12.386,0.01,11.618,0.02,11.334,0.01,,,10.169,0.022,9.668,0.021,9.541,0.019,4862,78,78,3.244,0.14,0.14,-0.11,0.12,0.12,4.245,0.765,0.648,1.233,0.163,0.136,0.014,0.009,0.005,695.3,121.6,122.3,0.033,0.008,0.007,,,
1985,1985,1985,211951222,08 58 53.532,+19 29 28.53,1,14.77,,,548-046915,08585353+1929286,5061-301-2-0139-0056,STAR,gri,rpm,2.9,3.4,-5.5,3.6,,,15.854,0.01,14.992,0.04,,,15.341,0.03,14.774,0.01,14.526,0.02,,,13.621,0.025,13.227,0.026,13.105,0.02,5331,128,85,3.63,0.884,0.34,-0.8,0.48,0.4,2.204,0.989,1.479,0.875,0.035,0.084,0.073,1.76,0.055,1883,820,1246,0.035,0.01,0.006,,,
1986,1986,1986,211951223,08 52 39.670,+19 29 28.56,1,18.033,,,,08523967+1929285,5071-301-3-0128-0261,STAR,gri,rpm,-41,3,-17,3,,,,,,,22.661,0.277,20.258,0.019,18.727,0.01,17.079,0.006,16.196,0.007,14.643,0.03,14.098,0.03,13.763,0.041,3361,156,104,5.129,0.027,0.02,-0.133,0.25,0.25,0.178,0.012,0.007,0.158,0.016,0.009,27.22,3.181,2.395,133.1,13.92,10.59,0.019,0.005,0.005,,,
1987,1987,1987,211951231,08 40 14.280,+19 29 28.91,1,18.137,,,,08401427+1929289,,STAR,J,col,,,,,,,,,,,,,,,,,,,,,16.589,0.14,15.698,0.146,15.14,0.17,3828,428,357,4.93,0.135,0.162,-0.254,0.25,0.3,0.33,0.16,0.125,0.354,0.201,0.167,9.303,10.59,4.951,731.7,491,336.6,0.032,0.01,0.007,,,
1988,1988,1988,211951283,08 42 30.773,+19 29 31.06,1,17.114,,,,08423077+1929310,5037-301-2-0118-0342,STAR,gri,rpm,-35,3,-11,3,,,,,,,21.791,0.114,19.116,0.01,17.667,0.007,16.256,0.006,15.489,0.006,14.101,0.028,13.532,0.026,13.233,0.032,3523,103,82,5.059,0.035,0.042,-0.022,0.1,0.12,0.231,0.031,0.033,0.224,0.041,0.041,17.76,4.342,4.099,139.5,27.9,19.67,0.023,0.006,0.006,,,
1989,1989,1989,211951338,08 51 50.580,+19 29 33.91,1,16.048,,,,08515058+1929339,5071-301-3-0126-0230,EXTENDED,gri,,-7,2,-3,2,,,,,,,18.771,0.044,16.973,0.005,16.08,0.004,15.651,0.004,15.308,0.009,15.564,0.082,14.767,0.085,14.478,0.087,,,,,,,,,,,,,,,,,,,,,,,,,,,
1990,1990,1990,211951359,08 45 52.667,+19 29 35.15,1,15.458,,,548-046405,08455266+1929351,5037-301-1-0123-0018,STAR,gri,rpm,1.7,3.7,-1,4.2,,,16.917,0.04,15.878,0.04,,,16.351,0.01,15.512,0.03,15.075,0.01,,,13.988,0.026,13.475,0.03,13.331,0.039,4637,55,46,0.807,0.284,0.02,-2.215,0.6,0.25,58.215,1.164,16.351,0.796,0.016,0.016,4.02E-06,6.74E-06,2.41E-07,47580,1427,10780,0.032,0.002,0.001,,,
1991,1991,1991,211951388,08 37 54.945,+19 29 36.98,1,17.685,,,,08375494+1929369,,STAR,JHK,col,,,,,,,,,,,,,,,,,,,,,15.755,0.058,15.112,0.072,14.993,0.096,4142,394,394,4.817,0.162,0.135,-0.242,0.25,0.3,0.441,0.14,0.142,0.514,0.143,0.2,5.159,5.278,2.291,723.9,371.7,283.7,0.033,0.011,0.008,,,
1992,1992,1992,211951389,08 58 56.700,+19 29 37.05,1,17.609,,,,08585670+1929370,,STAR,JHK,col,,,,,,,,,,,,,,,,,,,,,15.131,0.054,14.534,0.074,14.19,0.074,3747,445,278,4.959,0.11,0.176,-0.132,0.2,0.28,0.314,0.187,0.101,0.344,0.199,0.142,10.49,9.498,6.236,335,285.4,134.6,0.029,0.008,0.007,,,
1993,1993,1993,211951418,09 08 45.983,+19 29 38.36,1,15.433,,,548-047262,09084598+1929384,5080-301-4-0161-0014,STAR,gri,rpm,5.6,4.4,-9.8,4.6,,,16.688,0.29,15.689,0.05,,,16.221,0.18,15.343,0.01,15.096,0.09,,,13.795,0.027,13.22,0.036,13.123,0.034,4756,142,171,4.634,0.048,0.04,-0.143,0.2,0.28,0.672,0.064,0.068,0.732,0.063,0.076,2.264,0.573,0.337,550.7,65.77,69.73,0.032,0.01,0.008,,,
1994,1994,1994,211951419,09 12 00.635,+19 29 38.38,1,12.274,,1404-1620-1,548-047379,09120064+1929384,,STAR,gri,rpm,0.3,2.4,-43,2.6,,,13.338,0.337,12.04,0.158,,,12.647,0.01,12.246,0.01,12.115,0.03,,,11.218,0.02,10.972,0.024,10.879,0.018,6043,97,97,4.333,0.08,0.16,-0.382,0.25,0.25,1.098,0.209,0.128,0.948,0.114,0.081,0.693,0.242,0.289,366.8,72.58,46.45,0.031,0.01,0.005,,,
1995,1995,1995,211951422,08 40 54.924,+19 29 38.48,1,18.035,,,,08405492+1929384,,STAR,J,,,,,,,,,,,,,,,,,,,,,,16.497,0.141,15.616,0.159,,,,,,,,,,,,,,,,,,,,,,,,,,,,,
1996,1996,1996,211951438,08 41 50.589,+19 29 39.58,1,18.457,,,,08415058+1929395,5037-301-2-0117-0366,STAR,gri,rpm,-32,4,-10,4,,,,,,,23.165,0.321,20.702,0.024,19.184,0.012,17.495,0.007,16.531,0.008,15.034,0.039,14.388,0.045,14.125,0.057,3437,140,112,5.111,0.035,0.042,-0.129,0.2,0.24,0.191,0.029,0.019,0.172,0.035,0.019,24.03,4.53,5.161,172.4,34.77,21.2,0.025,0.008,0.006,,,
1997,1997,1997,211951494,08 41 26.333,+19 29 43.35,1,14.327,,,548-046215,08412633+1929434,5037-301-2-0116-0186,STAR,gri,rpm,-11.3,8.2,-9.6,3.4,,,15.42,0.01,14.556,0.02,,,14.961,0.01,14.287,0.01,14.055,0.02,,,13.017,0.022,12.559,0.024,12.512,0.026,5155,81,101,4.54,0.06,1.21,-0.39,0.28,0.35,0.833,2.604,0.115,0.87,0.09,0.106,1.476,0.497,1.454,544.3,1593,90.74,0.032,0.01,0.007,,,
1998,1998,1998,211951538,09 04 20.565,+19 29 45.27,1,12.426,,,548-047106,,,STAR,gri,,-5,4.5,-3.1,1.9,,,13.254,0.01,12.592,0.02,,,12.881,0.01,12.452,0.03,12.231,0.06,,,,,,,,,,,,,,,,,,,,,,,,,,,,,,,,,,,
1999,1999,1999,211951570,09 04 13.928,+19 29 47.13,1,17.107,,,,09041392+1929471,5061-301-1-0147-0152,EXTENDED,gri,,6,2,-3,2,,,,,,,19.234,0.047,17.821,0.008,17.168,0.007,16.801,0.008,16.55,0.022,16.732,0.163,,,15.607,0.199,,,,,,,,,,,,,,,,,,,,,,,,,,,
2000,2000,2000,211951642,08 51 11.049,+19 29 50.78,1,17.066,,,,08511104+1929507,5061-301-4-0128-0150,STAR,gri,rpm,-148,2,-50,2,,,,,,,20.105,0.04,18.024,0.006,17.067,0.005,16.655,0.005,16.43,0.009,15.439,0.049,14.862,0.068,14.721,0.09,4371,141,176,4.999,0.035,0.105,-1.693,0.3,0.3,0.306,0.097,0.033,0.339,0.12,0.066,11.85,2.931,4.775,423.4,105.5,124.9,0.03,0.007,0.007,,,
2001,2001,2001,211951719,08 55 22.843,+19 29 54.57,1,17.549,,,,08552284+1929545,,STAR,J,col,,,,,,,,,,,,,,,,,,,,,16.05,0.092,15.468,0.106,14.87,0.106,3615,379,271,5.004,0.115,0.138,-0.128,0.2,0.28,0.255,0.148,0.081,0.254,0.173,0.108,14.13,12.48,7.52,410.3,337,161.4,0.031,0.008,0.008,,,
2002,2002,2002,211951764,08 57 48.963,+19 29 57.55,1,10.007,,1397-450-1,548-046868,08574895+1929576,,STAR,gri,plx,-9.9,1,-50.7,1,,,10.445,0.056,9.896,0.047,,,10.467,0.34,9.884,0.01,9.81,0.03,,,9.115,0.021,8.955,0.017,8.9,0.018,6540,198,159,4.211,0.06,0.084,0.014,0.12,0.15,1.479,0.166,0.108,1.333,0.07,0.084,0.409,0.094,0.103,205.8,20.7,20.7,0.025,0.008,0.006,,,
2003,2003,2003,211951812,09 09 29.864,+19 30 00.02,1,17.021,,,,09092986+1930000,5080-301-4-0162-0147,STAR,gri,rpm,-4,4,-4,4,,,,,,,21.089,0.083,18.568,0.007,17.16,0.005,16.358,0.005,15.913,0.007,14.687,0.029,14.167,0.043,13.98,0.048,3687,44,44,4.992,0.025,0.03,-0.082,0.08,0.08,0.293,0.026,0.024,0.312,0.041,0.034,12.06,1.787,1.843,258.2,24.91,27.01,0.026,0.008,0.006,,,
2004,2004,2004,211951824,08 40 41.664,+19 30 00.78,1,16.516,,,,08404166+1930007,,STAR,JHK,col,,,,,,,,,,,,,,,,,,,,,14.364,0.031,13.868,0.034,13.536,0.037,3460,132,185,5.08,0.065,0.078,-0.024,0.15,0.18,0.205,0.061,0.04,0.193,0.076,0.048,20.57,9.505,6.501,143.4,47.83,41.88,0.019,0.007,0.006,,,
2005,2005,2005,211951863,08 38 46.947,+19 30 03.34,1,9.168,,1395-1913-1,548-046061,08384695+1930033,,STAR,gri,plx,-34.2,1.1,-10.1,1,,,9.214,0.023,8.935,0.021,,,9.775,0.03,9.468,0.12,8.907,0.02,,,8.346,0.024,8.296,0.044,8.221,0.02,6849,275,330,4.081,0.07,0.084,0.053,0.1,0.14,1.829,0.169,0.13,1.507,0.078,0.078,0.235,0.061,0.057,188.2,12.2,12.2,0.023,0.008,0.006,,,
2006,2006,2006,211951950,08 44 12.690,+19 30 08.19,1,19.52,,,,,5071-301-5-0115-0312,STAR,gri,,5,4,-1,4,,,,,,,20.129,0.039,19.591,0.013,19.496,0.015,19.467,0.019,19.357,0.052,,,,,,,,,,,,,,,,,,,,,,,,,,,,,,,,,
2007,2007,2007,211951972,08 53 58.501,+19 30 09.69,1,14.408,,,548-046718,08535849+1930097,5061-301-3-0132-0032,STAR,gri,rpm,-19.7,3,-15.7,3.2,,,15.672,0.06,14.71,0.04,,,15.189,0.02,14.38,0.03,14.073,0.07,,,12.887,0.022,12.358,0.024,12.286,0.024,4870,77,58,4.629,0.025,0.04,-0.278,0.28,0.2,0.678,0.065,0.038,0.723,0.075,0.041,2.269,0.277,0.382,380.1,41.3,23.73,0.03,0.007,0.005,,,
2008,2008,2008,211951997,09 11 49.253,+19 30 10.79,1,11.773,,,548-047371,09114925+1930108,,STAR,gri,rpm,-2.2,1.5,-11.2,1.8,,,13.467,0.04,12.171,0.02,,,12.788,0.01,11.74,0.01,11.338,0.04,,,9.937,0.02,9.281,0.022,9.154,0.017,4399,69,52,1.998,0.48,0.48,-0.299,0.35,0.35,15.144,10.386,5.344,1.002,0.215,0.067,2.01E-04,8.11E-04,1.61E-04,1961,1193,741.8,0.035,0.008,0.007,,,
2009,2009,2009,211951998,09 03 22.500,+19 30 10.91,1,17.17,,,,09032250+1930109,5061-301-1-0145-0300,EXTENDED,gri,,1,2,-2,2,,,,,,,19.598,0.049,18.031,0.008,17.213,0.006,16.801,0.006,16.512,0.016,16.164,0.112,15.364,0.13,15.213,0.131,,,,,,,,,,,,,,,,,,,,,,,,,,,
2010,2010,2010,211952003,09 06 04.546,+19 30 11.23,1,19.057,,,,,5080-301-5-0157-0373,EXTENDED,gri,,6,5,8,5,,,,,,,20.604,0.145,19.467,0.028,19.152,0.034,18.882,0.04,18.784,0.112,,,,,,,,,,,,,,,,,,,,,,,,,,,,,,,,,
2011,2011,2011,211952038,09 08 51.775,+19 30 13.79,1,12.918,,,548-047267,09085177+1930138,,STAR,gri,rpm,-2.1,2.2,-2,2.8,,,13.63,0.043,13.07,0.03,,,13.26,0.03,12.902,0.01,12.772,0.062,,,11.977,0.029,11.639,0.031,11.603,0.024,6125,96,120,4.162,0.17,0.204,-0.254,0.16,0.32,1.355,0.387,0.263,1.064,0.137,0.114,0.36,0.349,0.197,662.3,194.9,131.4,0.033,0.008,0.008,,,
2012,2012,2012,211952052,08 52 10.616,+19 30 14.62,1,19.683,,,,,5071-301-3-0127-0199,STAR,gri,,-3,3,0,3,,,,,,,20.156,0.043,19.703,0.014,19.676,0.017,19.609,0.02,19.527,0.066,,,,,,,,,,,,,,,,,,,,,,,,,,,,,,,,,
2013,2013,2013,211952055,08 52 51.317,+19 30 14.72,1,17.54,,,,08525131+1930147,5071-301-3-0128-0184,EXTENDED,gri,,-1,2,-3,2,,,,,,,19.881,0.064,18.423,0.009,17.611,0.007,17.162,0.007,16.867,0.017,16.239,0.103,15.502,0.14,15.095,0.131,,,,,,,,,,,,,,,,,,,,,,,,,,,
2014,2014,2014,211952098,08 39 12.725,+19 30 16.91,1,16.822,,,,08391272+1930169,,STAR,J,col,,,,,,,,,,,,,,,,,,,,,15.372,0.049,14.729,0.066,14.342,0.074,3714,379,271,4.969,0.11,0.154,-0.118,0.2,0.28,0.286,0.138,0.093,0.302,0.189,0.135,10.04,11.72,5.408,361.2,242.4,145.1,0.03,0.01,0.01,,,
2015,2015,2015,211952108,08 45 47.539,+19 30 17.21,1,16.596,,,,08454753+1930172,5037-301-1-0123-0189,STAR,gri,rpm,17,3,-60,3,,,,,,,20.938,0.058,18.45,0.007,17.091,0.005,15.801,0.005,15.129,0.005,13.799,0.029,13.289,0.031,13.082,0.029,3709,110,110,4.986,0.035,0.042,-0.11,0.15,0.21,0.295,0.036,0.032,0.316,0.048,0.048,11.59,2.67,2.17,173.7,33.02,24.07,0.02,0.005,0.005,,,
2016,2016,2016,211952147,09 07 27.467,+19 30 20.66,1,12.691,,,548-047207,09072746+1930205,,STAR,gri,rpm,2.4,0.8,-12.8,0.8,,,13.54,0.01,12.869,0.06,,,13.109,0.05,12.686,0.01,12.512,0.02,,,11.68,0.024,11.35,0.029,11.284,0.02,5863,115,185,4.043,0.387,0.215,-0.261,0.25,0.3,1.509,0.471,0.532,1.021,0.095,0.095,0.25,0.642,0.137,632.1,139.1,228.1,0.034,0.01,0.007,,,
2017,2017,2017,211952159,09 03 53.197,+19 30 21.11,1,12.717,,,548-047092,09035319+1930211,,STAR,gri,rpm,-6,1.6,-3.8,1.9,,,14.11,0.01,13.002,0.01,,,13.553,0.01,12.707,0.03,12.359,0.02,,,11.175,0.022,10.6,0.021,10.522,0.019,4692,74,55,2.348,0.378,0.252,-0.548,0.25,0.25,10.108,3.309,3.309,0.95,0.128,0.046,7.80E-04,0.002,4.87E-04,2476,618.2,799.6,0.035,0.01,0.008,,,
2018,2018,2018,211952181,08 55 31.083,+19 30 22.07,1,19.294,,,,08553108+1930220,5061-301-3-0134-0386,STAR,gri,rpm,-22,4,-24,4,,,,,,,23.282,0.394,21.078,0.032,19.651,0.016,18.53,0.011,17.89,0.02,16.6,0.134,15.869,0.132,15.522,0.162,3360,40,33,5.1,0.025,0.03,0.051,0.12,0.08,0.195,0.016,0.012,0.177,0.015,0.015,23.25,2.837,3.001,354,39.19,29.66,0.029,0.007,0.007,,,
2019,2019,2019,211952187,09 11 14.699,+19 30 22.27,1,15.189,,,548-047348,09111471+1930223,5080-301-4-0164-0170,STAR,gri,rpm,0.4,3.1,-5.2,3.4,,,16.096,0.03,15.463,0.04,,,15.685,0.06,15.233,0.01,14.976,0.08,,,14.032,0.024,13.63,0.026,13.503,0.034,5553,163,163,4.471,0.085,1.003,-0.635,0.42,0.56,0.907,1.893,0.139,0.86,0.065,0.092,1.15,0.512,1.114,1023,1877,185.7,0.035,0.008,0.008,,,
2020,2020,2020,211952254,08 52 47.475,+19 30 25.69,1,11.193,,1396-1433-1,548-046678,08524747+1930258,,STAR,gri,plx,-10.3,1.7,-14.1,1.7,,,11.931,0.204,10.923,0.102,,,11.689,0.02,11.118,0.01,10.981,0.03,,,10.024,0.025,9.65,0.022,9.586,0.02,5534,110,110,3.848,0.075,0.09,-0.189,0.25,0.25,2.06,0.299,0.22,1.108,0.139,0.139,0.121,0.045,0.033,290.3,66.92,66.92,0.03,0.01,0.008,,,
2021,2021,2021,211952279,09 02 16.995,+19 30 26.59,1,18.157,,,,09021699+1930265,,STAR,JHK,col,,,,,,,,,,,,,,,,,,,,,15.679,0.088,14.857,0.106,14.631,0.119,4054,356,356,4.82,0.161,0.115,-0.227,0.25,0.3,0.436,0.118,0.139,0.504,0.124,0.198,5.465,5.642,2.172,705.9,302.7,277.6,0.032,0.01,0.007,,,
2022,2022,2022,211952281,08 59 23.842,+19 30 26.79,1,13.961,,,548-046931,08592384+1930269,,STAR,gri,rpm,-1.9,3.3,-18.6,2.5,,,15.173,0.04,14.259,0.037,,,14.681,0.03,13.946,0.02,13.652,0.01,,,12.522,0.025,12.039,0.024,11.927,0.02,4966,116,97,4.601,0.04,1.36,-0.335,0.3,0.48,0.728,3.164,0.076,0.8,0.11,0.092,1.959,0.396,1.942,361.5,1479,52.68,0.029,0.014,0.005,,,
2023,2023,2023,211952293,09 07 22.351,+19 30 27.48,1,12.362,,1404-524-1,548-047203,09072235+1930273,,STAR,gri,rpm,-9,2.4,-5.4,2.5,,,12.291,0.165,12.888,0.354,,,12.411,0.05,12.345,0.01,12.362,0.04,,,11.778,0.024,11.641,0.028,11.619,0.023,7076,256,85,4.165,0.085,0.136,-0.154,0.14,0.08,1.621,0.373,0.19,1.459,0.172,0.115,0.334,0.111,0.135,806,213.4,89.31,0.035,0.003,0.006,,,
2024,2024,2024,211952323,09 04 25.253,+19 30 28.85,1,15.455,,,548-047113,09042524+1930290,,STAR,JHK,col,,,,,,,,,,,,,,,,,,,,,13.15,0.022,12.503,0.024,12.275,0.02,3796,154,185,4.917,0.104,0.065,-0.061,0.15,0.24,0.345,0.069,0.087,0.39,0.086,0.121,8.096,5.973,2.364,157.6,46.19,50.42,0.021,0.007,0.007,,,
2025,2025,2025,211952329,09 02 59.921,+19 30 29.44,1,13.58,,,548-047064,09025992+1930294,,STAR,gri,lam,-2.3,2.2,-11.7,2.2,,,14.74,0.04,13.818,0.03,,,14.263,0.01,13.564,0.043,13.288,0.01,,,12.258,0.022,11.838,0.024,11.756,0.022,5091,160,200,4.573,0.02,0.036,0.068,0.12,0.08,0.796,0.053,0.036,0.869,0.035,0.042,1.709,0.165,0.234,352.1,38.98,29.5,0.028,0.008,0.006,,,
2026,2026,2026,211952348,09 09 35.202,+19 30 30.64,1,14.814,,,,09093520+1930306,5080-301-4-0162-0152,EXTENDED,gri,,-9,2,12,2,,,,,,,17.566,0.019,15.761,0.003,14.877,0.003,14.408,0.002,14.003,0.004,13.99,0.065,13.429,0.096,12.922,0.063,,,,,,,,,,,,,,,,,,,,,,,,,,,
2027,2027,2027,211952380,09 05 42.997,+19 30 32.02,1,16.632,,,,09054299+1930320,5080-301-5-0156-0279,EXTENDED,gri,,0,2,-1,2,,,,,,,19.634,0.047,17.666,0.006,16.619,0.004,16.189,0.004,15.811,0.008,15.224,0.059,14.527,0.075,14.131,0.069,,,,,,,,,,,,,,,,,,,,,,,,,,,
2028,2028,2028,211952381,08 41 10.020,+19 30 32.09,1,10.031,,,548-046199,08411002+1930322,,STAR,gri,rpm,-35.4,1.2,-11.8,0.7,,,10.613,0.02,10.08,0.02,,,10.303,0.03,9.994,0.03,9.914,0.01,,,9.177,0.023,8.934,0.027,8.908,0.02,6306,125,125,4.14,0.185,0.222,-0.088,0.15,0.24,1.461,0.515,0.251,1.223,0.142,0.17,0.329,0.277,0.171,201.4,70.03,40.39,0.024,0.007,0.007,,,
2029,2029,2029,211952406,09 02 49.853,+19 30 33.57,1,12.906,,,548-047056,09024985+1930335,,STAR,gri,rpm,-31.3,1.8,-18.8,2.3,,,13.83,0.01,13.084,0.01,,,13.413,0.01,12.898,0.02,12.689,0.02,,,11.733,0.021,11.376,0.021,11.287,0.023,5580,110,88,4.526,0.07,0.196,-0.596,0.42,0.35,0.804,0.465,0.113,0.812,0.137,0.085,1.407,0.513,1.049,312.3,170.1,39.67,0.032,0.011,0.006,,,
2030,2030,2030,211952410,08 59 31.802,+19 30 33.92,1,14.95,,,548-046936,08593181+1930340,5061-301-2-0140-0200,EXTENDED,JHK,,-38.8,5.1,-23.3,5,,,,,,,,,,,,,,,,,12.699,0.022,12.099,0.024,11.841,0.022,,,,,,,,,,,,,,,,,,,,,,,,,,,
2031,2031,2031,211952443,09 10 42.529,+19 30 35.76,1,12.824,,,548-047329,09104253+1930360,,STAR,gri,rpm,-9.5,1.5,-37.4,1.9,,,13.632,0.03,12.985,0.02,,,13.237,0.01,12.806,0.04,12.647,0.05,,,11.761,0.022,11.421,0.022,11.373,0.02,5851,114,114,4.427,0.09,0.144,-0.481,0.3,0.42,0.955,0.323,0.159,0.886,0.082,0.131,0.986,0.472,0.535,405.9,141.1,69.06,0.031,0.006,0.005,,,
2032,2032,2032,211952451,08 54 50.672,+19 30 36.11,1,18.329,,,,,5061-301-3-0133-0116,STAR,gri,,-1,3,0,3,,,,,,,18.922,0.019,18.422,0.007,18.298,0.008,18.227,0.009,17.931,0.021,,,,,,,,,,,,,,,,,,,,,,,,,,,,,,,,,
2033,2033,2033,211952472,08 40 14.341,+19 30 36.78,1,14.902,,,548-046145,08401434+1930368,,STAR,gri,lam,-68.8,3.7,-48.9,4,,,16.694,0.06,15.41,0.03,,,16.103,0.07,14.857,0.02,14.387,0.08,,,13.019,0.022,12.382,0.023,12.299,0.026,4174,124,124,4.894,0.072,0.06,-0.591,0.15,0.18,0.388,0.062,0.07,0.448,0.054,0.097,6.923,3.107,1.611,187.8,30.83,40.54,0.021,0.008,0.006,,,
2034,2034,2034,211952482,08 38 36.587,+19 30 37.44,1,12.245,,,548-046051,08383659+1930374,,STAR,gri,rpm,18.1,0.9,-22.1,0.5,,,13.003,0.02,12.357,0.031,,,12.632,0.01,12.194,0.01,12.08,0.01,,,11.263,0.022,10.95,0.021,10.924,0.02,5938,95,95,4.329,0.105,0.231,-0.218,0.2,0.2,1.088,0.346,0.118,0.987,0.119,0.074,0.699,0.288,0.394,375.6,118.2,52.06,0.031,0.008,0.008,,,
2035,2035,2035,211952490,09 02 15.835,+19 30 37.80,1,14.17,,,548-047033,09021583+1930378,5071-301-1-0141-0107,STAR,gri,rpm,-4.7,2.4,-10.4,2.3,,,15.582,0.01,14.492,0.01,,,15.057,0.01,14.164,0.02,13.79,0.02,,,12.583,0.022,12.022,0.022,11.914,0.02,4648,73,55,4.67,0.04,0.056,-0.276,0.2,0.28,0.635,0.084,0.062,0.692,0.097,0.081,2.704,0.661,0.624,289.9,47.59,34.49,0.034,0.006,0.01,,,
2036,2036,2036,211952536,09 05 03.260,+19 30 40.93,1,19.065,,,,09050325+1930409,,STAR,JHK,col,,,,,,,,,,,,,,,,,,,,,16.211,0.095,15.372,0.106,15.039,0.116,3966,358,358,4.872,0.156,0.13,-0.208,0.2,0.32,0.376,0.127,0.14,0.426,0.143,0.2,6.571,8.621,2.96,767.9,386.4,333.9,0.032,0.01,0.007,,,
2037,2037,2037,211952556,09 04 53.213,+19 30 41.97,1,14.163,,,548-047129,09045320+1930420,5061-301-1-0148-0010,STAR,gri,rpm,14.7,8.2,-10.6,4.3,,,15.249,0.01,14.422,0.03,,,14.825,0.01,14.212,0.03,13.879,0.08,,,12.982,0.022,12.556,0.024,12.475,0.022,5310,126,105,4.532,0.05,1.01,-0.395,0.3,0.48,0.825,1.82,0.098,0.878,0.054,0.109,1.45,0.397,1.405,546.5,1099,73.8,0.034,0.01,0.008,,,
2038,2038,2038,211952573,08 39 35.745,+19 30 42.72,1,12.758,,,548-046113,08393574+1930426,,STAR,gri,rpm,-15.7,1.6,7.5,2.3,,,13.475,0.01,12.876,0.01,,,13.115,0.01,12.717,0.02,12.605,0.05,,,11.746,0.022,11.405,0.022,11.365,0.02,5956,118,94,4.315,0.138,0.276,-0.348,0.25,0.35,1.126,0.42,0.238,0.947,0.119,0.099,0.674,0.382,0.399,466.9,178.8,85.64,0.031,0.008,0.007,,,
2039,2039,2039,211952654,08 42 33.898,+19 30 47.47,1,12.72,,,548-046260,08423389+1930475,,STAR,gri,rpm,-3.8,1.6,0.6,1.7,,,13.714,0.01,12.895,0.01,,,13.264,0.032,12.695,0.03,12.487,0.06,,,11.625,0.023,11.308,0.022,11.218,0.02,5710,115,92,4.389,0.09,0.558,-0.082,0.12,0.12,1.034,1.11,0.128,1.037,0.184,0.115,0.82,0.354,0.706,407.1,412.3,67.24,0.034,0.025,0.007,,,
2040,2040,2040,211952662,08 52 32.188,+19 30 48.01,1,18.603,,,,,5071-301-3-0127-0404,EXTENDED,gri,,17,3,6,3,,,,,,,20.238,0.091,19.082,0.016,18.623,0.017,18.398,0.019,18.297,0.068,,,,,,,,,,,,,,,,,,,,,,,,,,,,,,,,,
2041,2041,2041,211952694,08 41 05.978,+19 30 50.13,1,12.411,,,548-046193,08410598+1930501,,STAR,gri,rpm,14.3,6.5,0,1.9,,,13.253,0.02,12.539,0.01,,,12.855,0.02,12.357,0.01,12.221,0.02,,,11.292,0.022,10.958,0.019,10.911,0.02,5778,115,115,4.384,0.085,0.493,-0.11,0.2,0.24,1.07,0.9,0.146,1.03,0.109,0.09,0.821,0.299,0.667,362.5,289,61.27,0.034,0.013,0.011,,,
2042,2042,2042,211952725,08 47 33.973,+19 30 51.54,1,14.783,,,548-046472,08473397+1930516,5071-301-4-0120-0098,STAR,gri,lam,1.5,3.8,-19.6,4.3,,,15.99,0.01,15.005,0.01,,,15.469,0.03,14.712,0.052,14.49,0.02,,,13.362,0.031,12.915,0.032,12.822,0.027,4993,150,150,4.59,0.03,0.03,-0.045,0.12,0.12,0.758,0.043,0.049,0.822,0.042,0.05,1.857,0.227,0.202,540.1,48.03,52.49,0.032,0.008,0.007,,,
2043,2043,2043,211952745,09 12 04.841,+19 30 52.72,1,10.439,,1404-1821-1,548-047382,09120484+1930529,,STAR,gri,rpm,-14,1,-73.2,1.1,,,10.874,0.04,10.442,0.036,,,10.66,0.13,10.355,0.02,10.345,0.02,,,9.66,0.02,9.542,0.022,9.463,0.02,6644,66,134,4.247,0.077,0.042,-0.168,0.08,0.1,1.33,0.131,0.1,1.235,0.059,0.059,0.478,0.129,0.079,227.8,30.16,18.12,0.022,0.004,0.003,,,
2044,2044,2044,211952811,09 05 55.815,+19 30 55.69,1,16.764,,,,09055581+1930556,5080-301-5-0157-0149,EXTENDED,gri,,0,2,-3,2,,,,,,,19.879,0.05,17.763,0.006,16.793,0.004,16.336,0.004,15.971,0.008,15.154,0.059,14.376,0.066,14.083,0.06,,,,,,,,,,,,,,,,,,,,,,,,,,,
2045,2045,2045,211952816,08 37 56.701,+19 30 55.94,1,19.393,,,,,5037-301-3-0111-0457,STAR,gri,,7,4,0,4,,,,,,,19.542,0.027,19.341,0.011,19.411,0.013,19.291,0.016,19.124,0.045,,,,,,,,,,,,,,,,,,,,,,,,,,,,,,,,,
2046,2046,2046,211952857,08 52 58.270,+19 30 58.34,1,17.759,,,,08525826+1930583,5071-301-3-0128-0192,STAR,gri,rpm,24,3,-41,3,,,,,,,22.072,0.17,19.681,0.013,18.211,0.007,16.935,0.005,16.272,0.008,14.966,0.036,14.292,0.044,14.147,0.053,3250,32,38,5.144,0.02,0.02,0.068,0.05,0.05,0.17,0.005,0.003,0.147,0.003,0.003,29.84,1.791,1.791,138.9,4.168,5.026,0.021,0.002,0.002,,,
2047,2047,2047,211952875,08 43 57.942,+19 30 59.30,1,18.959,,,,08435794+1930592,5071-301-5-0115-0377,STAR,gri,rpm,-29,5,-20,5,,,,,,,23.706,0.529,21.273,0.039,19.717,0.017,17.967,0.008,16.992,0.01,15.382,0.057,14.82,0.076,14.508,0.075,2974,29,29,5.197,0.02,0.02,0.131,0.06,0.16,0.145,0.003,0.005,0.12,0.002,0.003,39.52,2.438,2.371,124.2,4.07,5.482,0.018,0.016,0.005,,,
2048,2048,2048,211952878,08 47 06.389,+19 30 59.35,1,18.685,,,,08470638+1930593,,STAR,JHK,col,,,,,,,,,,,,,,,,,,,,,16.202,0.137,15.367,0.165,15.152,0.146,3964,477,398,4.847,0.186,0.155,-0.254,0.25,0.35,0.389,0.157,0.147,0.446,0.164,0.196,6.355,8.406,3.206,791.8,504.2,353.5,0.032,0.01,0.007,,,
2049,2049,2049,211952930,08 51 39.295,+19 31 02.26,1,14.311,,,548-046639,08513931+1931023,5071-301-3-0126-0205,STAR,JHK,rpm,-103.9,3.2,-65.7,3.3,,,,,,,,,,,,,,,,,12.142,0.022,11.567,0.021,11.309,0.022,3462,137,219,5.082,0.078,0.078,-0.088,0.15,0.24,0.199,0.065,0.037,0.189,0.074,0.041,21.59,8.558,8.062,75.87,31.05,28.94,0.011,0.007,0.005,,,
2050,2050,2050,211952943,08 39 20.325,+19 31 02.90,1,15.363,,,548-046094,08392032+1931029,,STAR,gri,rpm,-26,3.7,-16.8,4,,,17.246,0.06,15.876,0.02,,,16.66,0.04,15.276,0.02,14.808,0.09,,,13.222,0.023,12.577,0.024,12.366,0.021,3935,76,107,4.881,0.088,0.04,-0.146,0.12,0.12,0.399,0.047,0.079,0.449,0.051,0.101,6.833,3.414,1.355,194,25.69,42.72,0.022,0.01,0.006,,,
2051,2051,2051,211952953,08 41 02.717,+19 31 03.37,1,17.963,,,,08410271+1931033,,STAR,J,col,,,,,,,,,,,,,,,,,,,,,16.432,0.116,15.443,0.121,15.122,0.157,3988,318,382,4.869,0.144,0.12,-0.254,0.25,0.3,0.399,0.12,0.15,0.444,0.129,0.206,6.097,8.394,2.548,866.6,403.4,359.1,0.032,0.01,0.007,,,
2052,2052,2052,211952954,08 41 57.645,+19 31 03.49,1,16.831,,,,08415764+1931034,5037-301-2-0117-0319,STAR,gri,rpm,-18,3,-44,3,,,,,,,21.385,0.084,18.685,0.008,17.273,0.006,16.037,0.005,15.368,0.006,14.014,0.026,13.441,0.032,13.189,0.032,3573,107,107,5.024,0.03,0.036,-0.052,0.12,0.15,0.259,0.033,0.035,0.256,0.043,0.043,15.02,3.038,2.979,158.4,21.8,29.53,0.021,0.007,0.007,,,
2053,2053,2053,211953038,08 43 18.435,+19 31 07.84,1,15.92,,,,08431843+1931078,,STAR,JHK,col,,,,,,,,,,,,,,,,,,,,,13.573,0.025,12.892,0.024,12.684,0.027,4037,187,155,4.819,0.06,0.06,-0.086,0.15,0.24,0.455,0.065,0.057,0.523,0.07,0.07,5.148,1.638,1.243,270.1,64.05,43.89,0.028,0.01,0.007,,,
2054,2054,2054,211953045,09 10 54.091,+19 31 07.93,1,16.678,,,,09105409+1931079,5080-301-4-0164-0102,EXTENDED,gri,,3,2,1,2,,,,,,,18.133,0.019,17.128,0.005,16.722,0.005,16.485,0.005,16.31,0.012,15.987,0.088,15.455,0.103,15.348,0.137,,,,,,,,,,,,,,,,,,,,,,,,,,,
2055,2055,2055,211953143,09 03 05.960,+19 31 12.60,1,19.251,,,,,5061-301-1-0145-0276,STAR,gri,,-9,5,-2,5,,,,,,,19.534,0.026,19.398,0.011,19.202,0.012,19.283,0.017,19.314,0.057,,,,,,,,,,,,,,,,,,,,,,,,,,,,,,,,,
2056,2056,2056,211953158,08 55 26.223,+19 31 13.30,1,18.723,,,,,5061-301-3-0134-0221,EXTENDED,gri,,,,,,,,,,,,19.562,0.031,18.935,0.009,18.653,0.01,18.339,0.011,18.498,0.045,,,,,,,,,,,,,,,,,,,,,,,,,,,,,,,,,
2057,2057,2057,211953172,08 41 37.409,+19 31 13.91,1,13.173,,,548-046225,08413741+1931140,,STAR,gri,rpm,-35.6,2.2,-11.7,2.5,,,14.807,0.02,13.577,0.02,,,14.217,0.02,13.083,0.03,12.725,0.04,,,11.426,0.02,10.883,0.02,10.731,0.018,4428,71,89,4.681,0.055,0.025,0.032,0.1,0.24,0.626,0.031,0.074,0.69,0.044,0.07,2.801,0.791,0.276,153.5,25.7,22.01,0.021,0.007,0.006,,,
2058,2058,2058,211953254,08 44 52.717,+19 31 17.46,1,12.97,,,548-046362,08445271+1931175,,STAR,gri,rpm,-0.3,1.7,-27.6,2.2,,,14.006,0.01,13.16,0.01,,,13.555,0.01,12.933,0.041,12.719,0.02,,,11.638,0.022,11.179,0.022,11.127,0.019,5237,104,104,3.808,0.784,0.336,-0.485,0.35,0.35,1.894,0.781,1.14,0.884,0.048,0.086,0.117,1.742,0.078,662.3,225.4,400.3,0.031,0.011,0.008,,,
2059,2059,2059,211953336,08 39 04.108,+19 31 21.66,1,13.339,,,548-046081,08390411+1931216,,STAR,gri,lam,-36.2,2.1,-15.7,2.3,,,14.995,0.01,13.772,0.01,,,14.444,0.01,13.274,0.02,12.866,0.01,,,11.562,0.022,10.987,0.019,10.857,0.016,4321,128,153,4.712,0.056,0.04,0.006,0.08,0.1,0.585,0.054,0.067,0.65,0.052,0.063,3.21,0.794,0.54,151.7,20.88,25.06,0.02,0.006,0.005,,,
2060,2060,2060,211953353,08 41 04.785,+19 31 22.47,1,10.784,,,548-046192,08410478+1931225,,STAR,gri,rpm,-10.8,1.7,8.4,1.3,,,11.958,0.02,11.028,0.01,,,11.473,0.02,10.729,0.01,10.488,0.04,,,9.374,0.022,8.857,0.018,8.754,0.02,4917,59,59,2.444,0.752,0.096,-0.512,0.2,0.28,9.766,1.171,5.263,1.005,0.159,0.1,0.001,0.012,2.49E-04,1026,116.7,525.7,0.033,0.01,0.008,,,
2061,2061,2061,211953399,08 58 24.132,+19 31 24.63,1,19.604,,,,,5061-301-2-0138-0194,STAR,gri,,0,5,-5,5,,,,,,,20.061,0.038,19.654,0.013,19.587,0.015,19.524,0.021,19.472,0.065,,,,,,,,,,,,,,,,,,,,,,,,,,,,,,,,,
2062,2062,2062,211953418,09 05 40.825,+19 31 26.16,1,17.154,,,,09054082+1931261,5080-301-5-0156-0275,EXTENDED,gri,,3,3,-1,3,,,,,,,20.007,0.05,18.136,0.007,17.173,0.005,16.733,0.005,16.363,0.009,15.373,0.06,14.737,0.07,14.42,0.072,,,,,,,,,,,,,,,,,,,,,,,,,,,
2063,2063,2063,211953567,08 43 10.753,+19 31 34.64,1,11.603,,1396-72-1,548-046300,08431076+1931346,,STAR,gri,rpm,-40.3,2.4,-18.2,2.5,,,12.873,0.38,11.596,0.163,,,12.144,0.02,11.55,0.02,11.371,0.06,,,10.439,0.023,10.074,0.021,10.007,0.021,5467,87,87,4.516,0.035,0.056,-0.052,0.15,0.18,0.875,0.083,0.055,0.927,0.058,0.07,1.362,0.202,0.27,185.9,24.22,15.57,0.023,0.008,0.006,,,
2064,2064,2064,211953574,08 41 31.361,+19 31 34.80,1,11.319,,,548-046222,08413135+1931348,,STAR,gri,rpm,-6.6,1.2,-5.6,1.3,,,12.066,0.04,11.408,0.01,,,11.692,0.01,11.259,0.02,11.158,0.03,,,10.345,0.022,10.072,0.021,10,0.018,6015,97,97,4.039,0.288,0.24,-0.002,0.12,0.18,1.596,0.716,0.494,1.201,0.255,0.153,0.233,0.461,0.139,350.1,155.9,107.9,0.029,0.011,0.007,,,
2065,2065,2065,211953609,08 55 39.276,+19 31 37.05,1,10.939,,1397-374-1,548-046778,08553927+1931371,,STAR,gri,rpm,23.8,1.6,-18.3,1.6,,,11.812,0.141,11.11,0.108,,,11.376,0.03,10.911,0.02,10.751,0.02,,,9.862,0.02,9.595,0.021,9.492,0.018,5908,94,94,4.224,0.21,0.336,-0.036,0.2,0.2,1.298,0.707,0.309,1.104,0.164,0.109,0.401,0.583,0.26,224.6,111.4,56.16,0.027,0.008,0.007,,,
2066,2066,2066,211953641,08 38 47.725,+19 31 39.33,1,17.316,,,,08384772+1931393,5037-301-3-0113-0490,STAR,gri,rpm,-38,3,-1,3,,,,,,,21.683,0.102,19.086,0.009,17.634,0.006,16.558,0.005,15.999,0.007,14.741,0.037,14.122,0.04,13.949,0.054,3384,54,33,5.101,0.024,0.04,-0.007,0.28,0.06,0.196,0.02,0.011,0.179,0.022,0.012,23.36,2.73,4.285,150.3,23.22,5.703,0.022,0.003,0.006,,,
2067,2067,2067,211953724,08 46 10.100,+19 31 43.80,1,14.454,,,548-046413,08461010+1931438,5037-301-1-0123-0098,STAR,gri,rpm,-36.5,3.8,-12.5,4.1,,,16.627,0.07,15.169,0.01,,,15.916,0.03,14.545,0.01,13.828,0.03,,,12.235,0.023,11.541,0.025,11.372,0.018,3844,38,38,4.895,0.052,0.02,-0.024,0.08,0.1,0.389,0.018,0.047,0.432,0.026,0.047,7.287,2.057,0.717,112.7,12.01,10.85,0.02,0.003,0.004,,,
2068,2068,2068,211953735,08 38 23.287,+19 31 44.26,1,18.089,,,,08382328+1931442,,STAR,J,col,,,,,,,,,,,,,,,,,,,,,16.546,0.113,15.979,0.154,15.045,0.118,3565,327,273,5.026,0.11,0.132,-0.139,0.2,0.28,0.237,0.129,0.072,0.243,0.163,0.109,15.23,12.8,7.905,492.5,324.8,195.7,0.032,0.008,0.008,,,
2069,2069,2069,211953774,08 41 11.303,+19 31 46.65,1,14.927,,,548-046200,08411130+1931467,,STAR,JHK,rpm,-32.2,5.6,-12.8,5.7,,,,,,,,,,,,,,,,,12.768,0.022,12.144,0.023,11.938,0.02,3805,203,135,4.898,0.072,0.06,-0.019,0.12,0.24,0.374,0.067,0.077,0.413,0.067,0.1,7.684,3.474,2.053,139.1,32.83,35.71,0.019,0.006,0.006,,,
2070,2070,2070,211953786,08 46 03.190,+19 31 47.16,1,15.707,,,,08460318+1931471,,STAR,JHK,col,,,,,,,,,,,,,,,,,,,,,13.411,0.026,12.76,0.026,12.539,0.025,3883,193,193,4.89,0.098,0.07,-0.1,0.2,0.24,0.384,0.072,0.093,0.417,0.106,0.124,6.963,4.916,1.976,194.2,61.11,53.07,0.025,0.007,0.007,,,
2071,2071,2071,211953796,09 02 50.863,+19 31 47.80,1,14.058,,,548-047057,09025085+1931477,,STAR,gri,rpm,9.7,2.2,-2.1,1.8,,,16.332,0.1,14.814,0.03,,,15.652,0.046,14.269,0.047,13.375,0.07,,,11.635,0.022,11.022,0.022,10.802,0.021,3862,216,38,4.846,0.021,0.02,0.142,0.15,0.39,0.436,0.009,0.02,0.486,0.01,0.021,5.871,0.596,0.352,104.9,3.147,5.913,0.013,0.003,0.001,,,
2072,2072,2072,211953812,08 52 25.607,+19 31 48.99,1,14.566,,,548-046666,08522561+1931490,5071-301-3-0127-0255,STAR,JHK,rpm,-5.3,3.3,-18.5,3.4,,,,,,,,,,,,,,,,,12.441,0.022,11.854,0.026,11.621,0.026,3666,208,173,4.953,0.054,0.072,0.055,0.24,0.16,0.316,0.079,0.055,0.336,0.096,0.082,9.649,4.33,2.627,99.47,34.22,29.02,0.012,0.004,0.001,,,
2073,2073,2073,211953849,08 40 09.472,+19 31 51.24,1,12.678,,,548-046142,08400947+1931512,,STAR,gri,rpm,-12.5,5.8,-18.8,5.6,,,14.17,0.01,13.04,0.032,,,13.626,0.02,12.588,0.01,12.272,0.02,,,11.058,0.02,10.503,0.02,10.397,0.02,4570,45,46,4.641,0.02,0.02,0.147,0.12,0.08,0.689,0.014,0.02,0.752,0.015,0.015,2.299,0.142,0.138,150.2,10.74,5.099,0.025,0.002,0.007,,,
2074,2074,2074,211953871,08 45 23.262,+19 31 52.70,1,14.614,,,548-046382,08452326+1931526,,STAR,gri,rpm,-25.8,3.8,-12.8,4.1,,,16.885,0.08,15.307,0.05,,,16.139,0.03,14.704,0.01,13.961,0.01,,,12.361,0.023,11.736,0.022,11.528,0.018,3766,37,37,4.937,0.024,0.02,-0.05,0.05,0.08,0.348,0.007,0.016,0.382,0.008,0.014,9.087,0.969,0.545,107,3.211,7.144,0.022,0.001,0.009,,,
2075,2075,2075,211953890,08 51 34.631,+19 31 53.71,1,13.453,,,548-046635,08513463+1931536,,STAR,gri,lam,20,1.9,-23.8,1.9,,,15.23,0.02,13.955,0.01,,,14.658,0.037,13.395,0.043,12.937,0.08,,,11.534,0.02,10.874,0.021,10.77,0.018,4180,151,100,4.775,0.03,0.048,-0.08,0.1,0.12,0.515,0.052,0.032,0.58,0.049,0.042,4.161,0.616,0.779,125.6,17.75,11.32,0.017,0.005,0.004,,,
2076,2076,2076,211953905,08 40 18.099,+19 31 55.15,1,7.513,,1395-1677-1,548-046150,08401810+1931552,,STAR,BV,,-32.8,1.1,-11.3,1,,,7.627,0.016,7.458,0.012,,,,,,,,,,,7.208,0.02,,,7.163,0.017,,,,,,,,,,,,,,,,,,,,,,,,,,,
2077,2077,2077,211953942,08 58 19.673,+19 31 57.28,1,16.939,,,,08581967+1931572,,STAR,JHK,col,,,,,,,,,,,,,,,,,,,,,14.523,0.024,13.806,0.03,13.609,0.038,4136,162,162,4.784,0.06,0.05,-0.064,0.15,0.21,0.495,0.053,0.057,0.554,0.059,0.059,4.284,1.286,0.842,469.4,74.53,76.09,0.033,0.008,0.007,,,
2078,2078,2078,211953944,08 39 02.919,+19 31 57.35,1,15.109,,,548-046080,08390291+1931572,5037-301-3-0113-0525,STAR,JHK,rpm,-32.9,6.8,-10.7,6.7,,,,,,,,,,,,,,,,,12.829,0.022,12.182,0.021,11.962,0.019,3831,123,123,4.885,0.06,0.05,0.001,0.1,0.12,0.387,0.05,0.053,0.439,0.06,0.084,6.962,2.216,1.432,155.2,23.82,28.12,0.022,0.007,0.006,,,
2079,2079,2079,211953972,09 04 41.551,+19 31 58.90,1,18.344,,,,09044155+1931589,,STAR,JHK,col,,,,,,,,,,,,,,,,,,,,,15.814,0.072,15.138,0.09,14.84,0.089,3887,407,339,4.901,0.145,0.174,-0.185,0.2,0.32,0.36,0.151,0.123,0.401,0.174,0.174,7.313,9.673,3.69,560,348.2,246.5,0.032,0.008,0.007,,,
2080,2080,2080,211953973,08 54 14.745,+19 31 58.95,1,18.436,,,,08541474+1931589,,STAR,JHK,col,,,,,,,,,,,,,,,,,,,,,15.993,0.092,15.478,0.107,15.068,0.139,3818,746,339,4.95,0.13,0.234,-0.213,0.25,0.35,0.329,0.229,0.117,0.348,0.261,0.163,9.719,10.59,6.729,544.8,690.6,241.2,0.031,0.008,0.007,,,
2081,2081,2081,211953992,08 55 27.021,+19 32 00.15,1,11.606,,1397-128-1,548-046772,08552702+1932002,,STAR,gri,rpm,10.9,1.7,-11,1.7,,,11.912,0.142,11.606,0.161,,,11.819,0.05,11.535,0.01,11.412,0.02,,,10.587,0.02,10.332,0.021,10.297,0.018,6229,126,126,4.181,0.168,0.252,-0.189,0.2,0.36,1.353,0.666,0.225,1.11,0.214,0.178,0.39,0.257,0.248,355.4,163.1,61.15,0.028,0.01,0.006,,,
2082,2082,2082,211953995,09 04 53.460,+19 32 00.29,1,18.648,,,,09045346+1932002,,STAR,JHK,col,,,,,,,,,,,,,,,,,,,,,16.103,0.086,15.408,0.107,15.104,0.128,3906,432,360,4.901,0.145,0.174,-0.208,0.2,0.32,0.356,0.186,0.122,0.398,0.173,0.173,7.355,9.967,3.753,650.1,414,290.2,0.032,0.008,0.007,,,
2083,2083,2083,211953996,08 46 49.503,+19 32 00.38,1,13.838,,,548-046441,08464950+1932004,,STAR,gri,rpm,-3.3,2.2,-2.6,3.6,,,14.946,0.03,13.979,0.02,,,14.521,0.08,13.729,0.02,13.546,0.03,,,12.335,0.024,11.894,0.032,11.802,0.024,5144,125,156,3.668,0.846,0.564,-0.194,0.24,0.4,2.338,1.393,1.577,0.96,0.259,0.108,0.06,1.606,0.051,1127,804.3,776,0.033,0.008,0.007,,,
2084,2084,2084,211954033,08 40 35.121,+19 32 02.27,1,12.758,,,548-046167,08403512+1932022,,STAR,gri,rpm,-2.7,1.6,-10.1,1.8,,,13.513,0.043,12.866,0.02,,,13.151,0.01,12.733,0.01,12.59,0.01,,,11.769,0.023,11.513,0.022,11.438,0.02,6023,97,97,4.206,0.175,0.245,-0.142,0.2,0.24,1.345,0.441,0.29,1.097,0.109,0.145,0.412,0.355,0.217,582.3,193.5,127,0.032,0.011,0.007,,,
2085,2085,2085,211954065,08 40 53.272,+19 32 04.42,1,13.633,,,548-046179,08405327+1932044,,STAR,gri,rpm,-15.3,3.1,-21.6,2.8,,,14.764,0.05,13.864,0.01,,,14.303,0.01,13.568,0.02,13.346,0.02,,,12.19,0.023,11.735,0.026,11.622,0.022,5080,82,61,4.584,0.024,0.036,-0.178,0.2,0.2,0.763,0.055,0.051,0.832,0.052,0.073,1.805,0.267,0.276,333.1,21.86,30.29,0.029,0.015,0.007,,,
2086,2086,2086,211954097,08 42 36.202,+19 32 06.87,1,19.184,,,,,5037-301-2-0118-0595,EXTENDED,gri,,5,4,6,4,,,,,,,20.804,0.296,19.493,0.022,19.178,0.034,19.052,0.038,19.001,0.119,,,,,,,,,,,,,,,,,,,,,,,,,,,,,,,,,
2087,2087,2087,211954116,09 05 16.013,+19 32 08.04,1,13.161,,,548-047138,09051602+1932082,,STAR,gri,rpm,-8,1.5,-14.5,1.6,,,14.283,0.02,13.319,0.01,,,13.786,0.02,13.046,0.02,12.893,0.26,,,11.768,0.022,11.331,0.021,11.265,0.017,5145,82,82,4.55,0.035,0.833,-0.02,0.15,0.27,0.824,1.715,0.048,0.894,0.213,0.066,1.558,0.256,1.486,302.2,604.2,29.75,0.029,0.011,0.007,,,
2088,2088,2088,211954121,08 46 29.171,+19 32 08.33,1,12.916,,,548-046424,08462916+1932083,,STAR,gri,rpm,3.7,1.9,-7.5,2.1,,,14.051,0.01,13.137,0.03,,,13.565,0.02,12.873,0.01,12.638,0.01,,,11.484,0.023,11.024,0.027,10.921,0.018,5072,81,81,3.242,0.355,0.923,-0.515,0.3,0.25,3.726,6.499,1.008,0.982,0.284,0.075,0.017,0.032,0.016,1162,1770,308.4,0.035,0.008,0.007,,,
2089,2089,2089,211954124,09 09 15.291,+19 32 08.40,1,18.185,,,,09091529+1932084,,STAR,J,col,,,,,,,,,,,,,,,,,,,,,16.632,0.122,16.197,0.199,15.27,0.125,3671,477,298,5.008,0.115,0.161,-0.204,0.25,0.35,0.256,0.152,0.082,0.255,0.196,0.109,12.72,11.8,6.934,542.8,479.2,222.5,0.032,0.008,0.007,,,
2090,2090,2090,211954148,08 44 03.445,+19 32 09.97,1,18.185,,,,08440344+1932099,5071-301-5-0115-0273,STAR,gri,rpm,-78,3,-86,3,,,,,,,22.531,0.222,19.728,0.014,18.222,0.007,17.524,0.007,17.135,0.011,15.772,0.083,15.237,0.117,15.251,0.162,3670,36,43,5.133,0.02,0.048,-0.471,0.05,0.05,0.187,0.026,0.004,0.178,0.025,0.004,26.45,1.587,5.536,212.6,99.96,14.64,0.023,0.009,0.002,,,
2091,2091,2091,211954156,08 58 46.369,+19 32 10.33,1,18.569,,,,,5061-301-2-0139-0358,EXTENDED,gri,,0,3,0,3,,,,,,,20.093,0.08,18.983,0.014,18.649,0.016,18.391,0.022,18.407,0.084,,,,,,,,,,,,,,,,,,,,,,,,,,,,,,,,,
2092,2092,2092,211954174,08 41 35.371,+19 32 11.60,1,12.853,,,548-046223,08413537+1932117,,STAR,gri,rpm,2.7,1.6,-5.5,1.7,,,13.537,0.01,12.946,0.01,,,13.192,0.01,12.825,0.01,12.708,0.03,,,11.875,0.022,11.627,0.023,11.602,0.019,6202,98,98,4.124,0.165,0.165,-0.161,0.16,0.24,1.481,0.397,0.313,1.176,0.139,0.162,0.288,0.319,0.133,708.5,172.8,159.3,0.033,0.009,0.005,,,
2093,2093,2093,211954181,08 47 26.928,+19 32 12.04,1,15.026,,,548-046462,08472691+1932120,,EXTENDED,gri,,7.2,6.6,3.9,7.7,,,16.558,0.11,15.338,0.03,,,15.938,0.02,15.012,0.04,14.636,0.03,,,13.952,0.079,13.362,0.096,12.924,0.074,,,,,,,,,,,,,,,,,,,,,,,,,,,
2094,2094,2094,211954188,09 11 44.222,+19 32 12.30,1,14.223,,,548-047366,09114422+1932123,5080-301-4-0165-0086,STAR,gri,rpm,-19.2,3.2,-0.5,3.5,,,15.524,0.02,14.52,0.03,,,14.983,0.03,14.169,0.01,13.897,0.01,,,12.762,0.021,12.286,0.022,12.173,0.018,4926,59,79,4.608,0.025,0.04,-0.086,0.18,0.18,0.724,0.054,0.042,0.783,0.062,0.051,2.01,0.245,0.299,391,33.79,31.11,0.034,0.01,0.007,,,
2095,2095,2095,211954197,09 00 07.472,+19 32 12.76,1,17.247,,,,09000747+1932127,5061-301-2-0141-0164,STAR,gri,rpm,9,3,-48,3,,,,,,,21.669,0.115,19.099,0.01,17.65,0.006,16.453,0.005,15.791,0.007,14.471,0.032,13.835,0.033,13.556,0.036,3524,105,84,5.049,0.04,0.04,-0.04,0.15,0.18,0.232,0.035,0.026,0.224,0.038,0.032,17.2,3.717,3.599,171.9,27.66,23.83,0.023,0.007,0.006,,,
2096,2096,2096,211954282,08 47 45.853,+19 32 17.06,1,16.869,,,,08474585+1932170,5071-301-4-0121-0183,EXTENDED,gri,,-2,2,16,2,,,,,,,19.175,0.055,17.664,0.008,16.903,0.006,16.529,0.006,16.224,0.017,16.272,0.146,,,,,,,,,,,,,,,,,,,,,,,,,,,,,,,
2097,2097,2097,211954312,08 52 03.446,+19 32 19.13,1,14.192,,,548-046656,08520344+1932193,,STAR,gri,lam,-1,2.4,-3.7,2.8,,,16.068,0.09,14.659,0.01,,,15.407,0.043,14.146,0.047,13.672,0.04,,,12.23,0.022,11.602,0.02,11.423,0.018,4112,148,148,4.799,0.072,0.045,-0.165,0.12,0.12,0.48,0.058,0.067,0.538,0.066,0.077,4.686,1.723,0.833,159.7,23.66,31.67,0.021,0.005,0.005,,,
2098,2098,2098,211954422,08 47 14.927,+19 32 25.24,1,13.946,,,548-046453,08471492+1932253,,STAR,gri,rpm,3.6,2.9,-22.6,3.2,,,14.962,0.02,14.155,0.037,,,14.533,0.037,13.902,0.01,13.694,0.03,,,12.563,0.026,12.078,0.03,11.976,0.018,5245,63,105,4.561,0.04,0.856,-0.381,0.3,0.25,0.797,1.463,0.081,0.847,0.075,0.09,1.629,0.33,1.55,419.1,762.1,49,0.032,0.01,0.006,,,
2099,2099,2099,211954451,08 39 50.715,+19 32 26.93,1,6.409,42497,1395-2737-1,548-046127,,,STAR,BV,plx,-34.08,0.95,-13.07,0.68,3.62,1.05,7.513,0.017,6.566,0.01,,,,,,,,,,,,,,,,,5021,61,81,2.604,0.105,0.21,-0.174,0.08,0.14,12.523,3.684,1.716,2.675,0.385,0.675,0.001,5.48E-04,4.13E-04,276.2,80.13,80.13,0.026,0.006,0.008,,,
2100,2100,2100,211954496,08 39 57.771,+19 32 29.33,1,7.448,,1395-1993-1,548-046136,08395777+1932293,,STAR,BV,plx,-32.7,1,-13.9,1,,,7.722,0.016,7.437,0.012,,,,,,,,,,,7.065,0.019,7.034,0.016,7.007,0.023,8222,674,449,3.894,0.102,0.085,0.007,0.12,0.15,2.688,0.273,0.248,2.165,0.147,0.147,0.104,0.043,0.026,179.2,12.86,12.86,0.024,0.006,0.006,,,
2101,2101,2101,211954547,09 09 36.063,+19 32 32.55,1,15.864,,,,09093606+1932325,5080-301-4-0162-0175,EXTENDED,gri,,7,2,1,2,,,,,,,18.388,0.021,16.665,0.004,15.893,0.003,15.521,0.003,15.225,0.006,14.684,0.058,14.177,0.083,13.811,0.064,,,,,,,,,,,,,,,,,,,,,,,,,,,
2102,2102,2102,211954550,08 41 26.979,+19 32 32.89,1,9.796,,,548-046217,08412698+1932329,,STAR,gri,rav,-37,0.9,-12.5,0.8,,,10.315,0.04,9.816,0.02,,,10.086,0.03,9.71,0.04,9.672,0.06,,,8.935,0.02,8.779,0.021,8.722,0.02,6341,152,190,4.027,0.16,0.16,-0.009,0.1,0.1,1.811,0.469,0.372,1.358,0.175,0.125,0.209,0.172,0.094,218.9,68.87,44.62,0.025,0.008,0.006,,,
2103,2103,2103,211954580,08 50 39.859,+19 32 34.73,1,16.472,,,,08503985+1932347,5061-301-4-0127-0149,STAR,gri,rpm,-51,2,-23,2,,,,,,,20.953,0.074,18.291,0.007,16.811,0.005,15.692,0.005,15.101,0.005,13.785,0.028,13.188,0.03,12.952,0.028,3471,113,142,5.094,0.03,0.036,-0.081,0.18,0.15,0.203,0.025,0.019,0.19,0.031,0.026,21.75,4.399,4.313,107.1,21.79,18.11,0.018,0.004,0.004,,,
2104,2104,2104,211954582,08 41 13.186,+19 32 34.92,1,13.478,,,548-046203,08411319+1932349,,STAR,gri,rpm,-38.8,2.8,-6.8,2.3,,,15.67,0.03,14.189,0.01,,,14.999,0.06,13.584,0.02,12.826,0.062,,,11.211,0.022,10.508,0.019,10.347,0.018,3946,63,95,4.831,0.054,0.036,0.101,0.09,0.15,0.441,0.046,0.049,0.504,0.055,0.066,5.503,1.457,0.978,103.5,10.62,24.38,0.014,0.008,0.002,,,
2105,2105,2105,211954605,09 09 23.765,+19 32 36.14,1,13.319,,,548-047290,09092376+1932362,,STAR,gri,rpm,6.2,2.6,-34.8,3.2,,,14.479,0.01,13.59,0.02,,,13.95,0.01,13.298,0.03,13.049,0.03,,,11.985,0.021,11.601,0.032,11.476,0.02,5312,64,149,4.558,0.063,0.054,-0.142,0.16,0.44,0.801,0.063,0.113,0.856,0.045,0.126,1.584,0.533,0.279,333.9,27.19,61.49,0.028,0.007,0.006,,,
2106,2106,2106,211954631,08 40 47.187,+19 32 37.43,1,10.1,,,548-046173,08404720+1932373,,STAR,gri,,-4,0.6,-0.1,0.9,,,11.261,0.02,10.326,0.01,,,10.763,0.01,10.053,0.04,9.815,0.02,,,8.75,0.024,,,8.195,0.021,,,,,,,,,,,,,,,,,,,,,,,,,,,
2107,2107,2107,211954641,08 58 29.231,+19 32 38.37,1,17.01,,,,08582923+1932383,,STAR,JHK,col,,,,,,,,,,,,,,,,,,,,,15.758,0.056,15.291,0.062,15.308,0.113,4988,514,926,4.618,0.231,0.105,-0.47,0.35,0.49,0.658,0.137,0.255,0.711,0.099,0.217,2.209,3.931,0.766,1415,524.8,751.4,0.033,0.008,0.007,,,
2108,2108,2108,211954646,09 10 49.254,+19 32 38.58,1,16.784,,,,09104925+1932385,5080-301-4-0164-0216,EXTENDED,gri,,-1,2,5,2,,,,,,,18.819,0.044,17.467,0.006,16.869,0.005,16.491,0.006,16.26,0.016,16.135,0.099,15.718,0.144,15.1,0.116,,,,,,,,,,,,,,,,,,,,,,,,,,,
2109,2109,2109,211954668,08 58 36.731,+19 32 39.91,1,12.867,,,548-046901,08583672+1932399,,STAR,gri,lam,-19,2.9,14.6,1.8,,,13.567,0.01,13.001,0.01,,,13.208,0.02,12.862,0.03,12.721,0.03,,,11.885,0.022,11.576,0.024,11.539,0.02,6013,120,120,4.282,0.132,0.154,-0.358,0.15,0.15,1.133,0.275,0.144,0.959,0.1,0.071,0.636,0.294,0.29,510.2,121,85.05,0.032,0.007,0.007,,,
2110,2110,2110,211954690,08 40 27.011,+19 32 41.31,1,6.31,42556,1395-2733-1,548-046160,08402702+1932415,,STAR,BV,plx,-35.6,0.55,-12.98,0.46,5.56,0.56,6.442,0.015,6.26,0.01,,,,,,,,,,,5.94,0.021,5.922,0.027,5.879,0.018,8569,918,574,3.573,0.117,0.045,0.024,0.15,0.12,4.396,0.301,0.46,2.749,0.293,0.251,0.031,0.013,0.004,179.9,18.12,18.12,0.023,0.006,0.007,,,
2111,2111,2111,211954717,08 42 04.484,+19 32 42.77,1,17.183,,,,08420448+1932427,,STAR,JHK,col,,,,,,,,,,,,,,,,,,,,,14.711,0.035,14.15,0.043,13.773,0.054,3530,175,246,5.042,0.105,0.075,-0.056,0.15,0.21,0.233,0.071,0.064,0.216,0.106,0.075,17.09,11.8,6.057,186.3,75.66,62.54,0.022,0.01,0.008,,,
2112,2112,2112,211954783,09 04 52.375,+19 32 46.96,1,17.11,,,,09045237+1932469,,STAR,JHK,rpm,6,2,2,3,,,,,,,,,,,,,,,,,14.931,0.057,14.31,0.07,14.095,0.075,4350,419,503,4.735,0.152,0.114,-0.124,0.16,0.28,0.556,0.12,0.165,0.6,0.119,0.166,3.523,3.315,1.381,678.1,255.8,271.8,0.033,0.008,0.007,,,
2113,2113,2113,211954794,08 51 02.284,+19 32 47.60,1,17.017,,,,08510228+1932476,5061-301-4-0128-0139,EXTENDED,gri,,0,2,0,2,,,,,,,19.951,0.053,18.032,0.006,17.015,0.005,16.582,0.005,16.229,0.011,15.52,0.059,14.764,0.078,14.415,0.083,,,,,,,,,,,,,,,,,,,,,,,,,,,
2114,2114,2114,211954804,08 54 22.203,+19 32 48.12,1,12.358,,,548-046727,08542220+1932482,,STAR,gri,rpm,28.3,0.7,-1.1,2,,,13.141,0.04,12.465,0.01,,,12.753,0.03,12.321,0.04,12.189,0.02,,,11.306,0.022,10.98,0.023,10.936,0.018,5903,117,141,4.326,0.115,0.368,-0.258,0.24,0.28,1.112,0.537,0.162,0.963,0.081,0.081,0.698,0.358,0.497,373.2,157.6,66.35,0.03,0.009,0.005,,,
2115,2115,2115,211954866,09 02 56.845,+19 32 51.62,1,14.476,,,548-047061,09025683+1932515,5071-301-1-0143-0019,STAR,gri,rpm,7.4,4.8,1.6,5.2,,,15.542,0.04,14.72,0.04,,,15.108,0.01,14.432,0.02,14.206,0.09,,,13.119,0.023,12.689,0.022,12.579,0.023,5223,104,104,4.539,0.05,0.93,-0.231,0.25,0.4,0.825,1.783,0.091,0.881,0.124,0.104,1.444,0.395,1.398,579.6,1171,88.54,0.035,0.01,0.008,,,
2116,2116,2116,211954906,09 03 00.348,+19 32 53.71,1,17.134,,,,09030034+1932537,,STAR,J,rpm,2,1,4,1,,,,,,,,,,,,,,,,,15.663,0.093,15.09,0.118,14.616,0.106,4150,723,452,4.774,0.198,0.165,-0.172,0.2,0.32,0.488,0.19,0.18,0.54,0.181,0.217,4.17,5.515,2.104,759.7,551.4,365,0.033,0.008,0.007,,,
2117,2117,2117,211954922,09 09 06.846,+19 32 54.88,1,13.473,,,548-047276,09090684+1932549,,STAR,gri,rpm,-23.1,3.2,-30.6,3.7,,,15.268,0.06,13.986,0.02,,,14.639,0.05,13.436,0.043,12.973,0.03,,,11.576,0.023,10.986,0.032,10.832,0.02,4132,83,66,4.811,0.02,0.068,-0.181,0.24,0.1,0.467,0.079,0.012,0.523,0.091,0.01,5.075,0.304,1.432,114.4,27.96,3.933,0.019,0.005,0.007,,,
2118,2118,2118,211955002,08 37 56.821,+19 33 00.02,1,11.662,,,548-046023,08375682+1933001,,STAR,gri,rpm,-49.4,0.6,7.7,0.6,,,12.411,0.01,11.779,0.01,,,12.043,0.02,11.613,0.01,11.499,0.02,,,10.685,0.027,10.332,0.03,10.32,0.02,5885,93,93,4.411,0.085,0.306,-0.423,0.25,0.3,0.973,0.516,0.129,0.91,0.098,0.098,0.914,0.392,0.643,255.3,113.4,58.95,0.025,0.008,0.006,,,
2119,2119,2119,211955007,08 41 33.551,+19 33 00.29,1,17.868,,,,08413355+1933002,5038-301-2-0028-0334,STAR,gri,rpm,-36,3,-10,3,,,,,,,22.992,0.316,20.014,0.016,18.52,0.009,16.949,0.006,16.074,0.007,14.566,0.031,13.949,0.04,13.683,0.042,3488,82,123,5.088,0.035,0.042,-0.118,0.2,0.2,0.203,0.026,0.023,0.192,0.034,0.028,21.19,4.581,4.436,153.3,27.14,19.47,0.023,0.01,0.007,,,
2120,2120,2120,211955012,08 55 26.777,+19 33 00.49,1,10.343,,1397-966-1,548-046771,08552678+1933004,,STAR,gri,rpm,12,1.3,-8.1,1.3,,,11.658,0.15,10.493,0.067,,,11.164,0.12,10.314,0.01,9.991,0.05,,,8.88,0.026,8.328,0.047,8.192,0.029,4699,114,95,2.441,0.33,0.15,-0.227,0.2,0.32,10.725,1.353,3.507,1.154,0.232,0.193,9.73E-04,0.002,3.98E-04,871.8,112.7,266.4,0.034,0.01,0.007,,,
2121,2121,2121,211955020,09 07 43.815,+19 33 00.88,1,17.661,,,,09074381+1933008,5112-301-4-0184-0047,EXTENDED,gri,,-1,3,7,3,,,,,,,18.223,0.015,18.028,0.006,17.689,0.006,17.504,0.007,17.059,0.014,16.014,0.093,15.224,0.103,14.536,0.076,,,,,,,,,,,,,,,,,,,,,,,,,,,
2122,2122,2122,211955036,08 39 50.835,+19 33 02.07,1,11.594,,,548-046128,08395084+1933020,,STAR,gri,rpm,-36,0.7,-10.6,1.3,,,12.586,0.01,11.749,0.01,,,12.15,0.01,11.522,0.01,11.356,0.01,,,10.421,0.022,10.085,0.024,9.996,0.022,5454,88,88,4.498,0.04,0.6,0.008,0.12,0.15,0.897,0.935,0.062,0.962,0.081,0.058,1.283,0.224,1.125,190.8,193.1,19.18,0.024,0.008,0.006,,,
2123,2123,2123,211955074,08 38 14.323,+19 33 04.55,1,11.059,,1395-2047-1,548-046038,08381432+1933045,,STAR,gri,rpm,-5.4,1.9,-15.3,2,,,11.057,0.072,10.858,0.09,,,11.241,0.03,10.999,0.03,10.97,0.02,,,10.28,0.026,10.102,0.03,10.054,0.02,6686,163,163,4.146,0.115,0.207,-0.029,0.12,0.12,1.603,0.531,0.235,1.399,0.162,0.135,0.306,0.163,0.164,390.4,120.5,60.4,0.031,0.008,0.008,,,
2124,2124,2124,211955087,08 50 10.971,+19 33 05.22,1,17.607,,,,08501097+1933052,5061-301-4-0126-0123,STAR,gri,rpm,-29,3,-12,3,,,,,,,22.037,0.16,19.603,0.012,18.153,0.007,16.752,0.006,16.018,0.007,14.576,0.035,13.935,0.037,13.688,0.043,3600,107,129,5.03,0.042,0.035,-0.092,0.2,0.24,0.247,0.033,0.029,0.245,0.048,0.04,15.57,4.122,2.768,198.2,37.04,26.37,0.024,0.011,0.006,,,
2125,2125,2125,211955110,08 43 58.203,+19 33 06.42,1,12.919,,,548-046322,08435820+1933064,,STAR,gri,rpm,-1.9,1.6,3.8,1.9,,,13.678,0.03,13.029,0.02,,,13.303,0.04,12.86,0.02,12.755,0.01,,,11.893,0.023,11.606,0.022,11.503,0.018,6015,97,121,4.155,0.222,0.185,-0.056,0.12,0.21,1.388,0.503,0.316,1.101,0.153,0.095,0.347,0.362,0.177,628.1,237.3,147.2,0.034,0.017,0.006,,,
2126,2126,2126,211955190,08 39 56.496,+19 33 10.77,1,7.337,,1395-2711-1,548-046135,08395649+1933107,,STAR,BV,rpm,-36,1,-11.6,0.9,,,7.465,0.016,7.286,0.011,,,,,,,,,,,6.907,0.02,6.859,0.027,6.789,0.02,7901,552,394,3.955,0.23,0.276,-0.019,0.15,0.12,2.333,1.15,0.662,1.996,0.331,0.331,0.119,0.199,0.067,149.9,60.39,50.05,0.02,0.007,0.006,,,
2127,2127,2127,211955262,08 57 40.544,+19 33 14.83,1,13.775,,,548-046860,08574054+1933149,,STAR,gri,rpm,-6.1,2.8,-5.5,1.5,,,14.916,0.02,14.032,0.03,,,14.42,0.02,13.81,0.044,13.498,0.03,,,12.398,0.022,11.926,0.019,11.847,0.019,5132,61,103,3.075,0.51,0.765,-0.949,0.45,0.45,4.117,5.668,1.668,0.886,0.111,0.079,0.011,0.032,0.01,1922,2401,740.3,0.031,0.013,0.007,,,
2128,2128,2128,211955295,08 44 00.321,+19 33 16.37,1,12.332,,,548-046324,08440032+1933163,,STAR,gri,rpm,-13.3,1.6,-4.9,2,,,13.812,0.02,12.63,0.01,,,13.224,0.032,12.259,0.01,11.95,0.03,,,10.654,0.023,10.066,0.024,9.902,0.022,4577,45,45,2.694,0.575,0.46,0.006,0.09,0.48,7.233,3.98,3.052,1.172,0.062,0.26,0.002,0.006,0.001,1392,761.7,492.3,0.026,0.02,0.002,,,
2129,2129,2129,211955323,08 54 39.400,+19 33 17.30,1,18.088,,,,08543939+1933173,,STAR,J,col,,,,,,,,,,,,,,,,,,,,,16.545,0.12,16.194,0.178,15.245,0.151,3647,498,332,5.004,0.11,0.176,-0.204,0.25,0.35,0.251,0.146,0.08,0.25,0.212,0.106,13.58,12.3,8.076,519.8,448.1,210.2,0.032,0.01,0.008,,,
2130,2130,2130,211955324,08 44 31.864,+19 33 17.35,1,16.971,,,,08443186+1933173,5071-301-5-0116-0246,STAR,gri,rpm,-37,3,-13,3,,,,,,,21.389,0.094,19.005,0.009,17.556,0.006,16.099,0.005,15.315,0.005,13.843,0.032,13.245,0.026,12.958,0.033,3496,125,83,5.042,0.054,0.03,-0.026,0.12,0.12,0.235,0.03,0.038,0.228,0.046,0.046,16.61,5.9,2.537,130.2,24.55,27.97,0.02,0.006,0.006,,,
2131,2131,2131,211955327,08 46 41.058,+19 33 17.45,1,10.53,,1396-751-1,548-046438,08464106+1933174,,STAR,gri,rpm,6.6,1.5,-7.3,1.6,,,11.574,0.094,10.934,0.082,,,11.253,0.02,10.49,0.03,10.22,0.01,,,9.004,0.023,8.597,0.042,8.428,0.029,4928,80,60,2.446,0.702,0.078,-0.428,0.28,0.16,10.323,0.861,5.237,1.118,0.668,0.143,9.68E-04,0.01,1.81E-04,914.8,87.34,438.9,0.033,0.008,0.007,,,
2132,2132,2132,211955381,08 45 14.460,+19 33 20.60,1,18.442,,,,08451445+1933206,5061-301-5-0119-0329,STAR,gri,rpm,-29,4,-11,4,,,,,,,22.907,0.27,20.786,0.026,19.242,0.012,17.438,0.007,16.46,0.008,14.77,0.038,14.331,0.031,13.905,0.053,3281,130,52,5.134,0.02,0.02,0.037,0.12,0.18,0.175,0.01,0.008,0.151,0.017,0.008,27.9,2.833,2.16,131.9,15.56,6.518,0.017,0.004,0.005,,,
2133,2133,2133,211955382,08 53 49.629,+19 33 20.64,1,17.417,,,,08534962+1933206,5071-301-3-0129-0225,EXTENDED,gri,,-3,3,3,3,,,,,,,19.571,0.051,18.215,0.009,17.485,0.007,17.075,0.007,16.766,0.017,16.353,0.103,15.761,0.145,15.113,0.127,,,,,,,,,,,,,,,,,,,,,,,,,,,
2134,2134,2134,211955421,09 05 45.666,+19 33 23.15,1,15.47,,,548-047153,09054567+1933233,5061-301-1-0149-0044,STAR,gri,rpm,-2.2,4.4,-5,4.7,,,16.74,0.14,15.753,0.08,,,16.244,0.08,15.384,0.07,15.138,0.09,,,14.086,0.029,13.587,0.038,13.541,0.04,4943,148,148,4.606,0.035,0.042,-0.163,0.2,0.28,0.725,0.074,0.056,0.779,0.059,0.059,1.967,0.387,0.323,710.5,98.53,72.88,0.033,0.01,0.007,,,
2135,2135,2135,211955437,08 53 42.780,+19 33 23.98,1,14.275,,,548-046708,08534278+1933239,5071-301-3-0129-0062,STAR,gri,lam,-15.5,2.8,-21.3,3,,,15.372,0.02,14.475,0.01,,,14.927,0.02,14.226,0.02,13.996,0.072,,,12.987,0.025,12.569,0.021,12.472,0.023,5224,155,155,4.556,0.03,0.03,-0.021,0.1,0.12,0.812,0.046,0.044,0.869,0.053,0.044,1.593,0.194,0.173,521.2,46.35,42.56,0.033,0.01,0.007,,,
2136,2136,2136,211955460,09 06 00.174,+19 33 25.24,1,11.773,,,548-047159,09060017+1933252,,STAR,gri,rpm,-7.2,1.2,0.9,0.7,,,12.237,0.02,11.796,0.04,,,11.925,0.05,11.722,0.01,11.707,0.13,,,10.98,0.023,10.786,0.028,10.756,0.021,6711,162,162,4.05,0.185,0.185,-0.062,0.1,0.22,1.773,0.61,0.454,1.424,0.217,0.217,0.218,0.268,0.106,608.4,179,161.9,0.033,0.006,0.008,,,
2137,2137,2137,211955489,08 59 37.682,+19 33 27.37,1,17.854,,,,08593768+1933273,5061-301-2-0140-0238,EXTENDED,gri,,1,3,-4,3,,,,,,,20.82,0.107,18.853,0.011,17.859,0.008,17.426,0.008,17.046,0.018,16.083,0.086,15.654,0.102,15.362,0.141,,,,,,,,,,,,,,,,,,,,,,,,,,,
2138,2138,2138,211955553,08 57 05.997,+19 33 30.70,1,10.16,,1397-402-1,548-046832,08570599+1933307,,STAR,gri,rpm,-27.7,0.9,-13.7,1,,,10.417,0.05,10.031,0.047,,,10.495,0.31,10.041,0.02,10.016,0.03,,,9.342,0.023,9.186,0.022,9.099,0.018,6667,201,201,4.163,0.095,0.171,-0.013,0.12,0.12,1.623,0.372,0.222,1.403,0.123,0.103,0.314,0.14,0.14,253.2,63.07,37.19,0.027,0.007,0.006,,,
2139,2139,2139,211955557,08 55 48.181,+19 33 30.84,1,18.815,,,,,5061-301-3-0135-0007,STAR,gri,,-3,3,2,3,,,,,,,19.109,0.021,18.912,0.009,18.783,0.01,18.546,0.011,18.389,0.029,,,,,,,,,,,,,,,,,,,,,,,,,,,,,,,,,
2140,2140,2140,211955710,08 42 19.467,+19 33 39.41,1,19.335,,,,,5037-301-2-0118-0844,EXTENDED,gri,,6,5,18,5,,,,,,,20.935,0.182,19.725,0.038,19.331,0.043,19.168,0.049,18.803,0.128,,,,,,,,,,,,,,,,,,,,,,,,,,,,,,,,,
2141,2141,2141,211955764,09 03 32.039,+19 33 42.69,1,18.04,,,,09033203+1933426,,STAR,JHK,col,,,,,,,,,,,,,,,,,,,,,15.888,0.077,15.334,0.094,15.06,0.112,3911,687,412,4.895,0.168,0.224,-0.24,0.25,0.35,0.349,0.204,0.129,0.377,0.253,0.181,8.13,9.863,4.996,556.2,572.1,247.7,0.031,0.008,0.007,,,
2142,2142,2142,211955798,08 50 51.571,+19 33 44.14,1,14.902,,,548-046608,08505157+1933442,5061-301-4-0127-0068,STAR,gri,lam,-2.7,2.8,-3.3,3,,,16.195,0.02,15.125,0.05,,,15.661,0.04,14.809,0.02,14.577,0.03,,,13.288,0.025,12.732,0.021,12.62,0.025,4908,148,148,4.604,0.025,0.03,-0.038,0.12,0.1,0.733,0.044,0.035,0.802,0.041,0.049,1.983,0.216,0.232,502.5,47.22,43.16,0.033,0.007,0.007,,,
2143,2143,2143,211955848,09 05 59.125,+19 33 46.74,1,17.371,,,,09055912+1933467,,STAR,J,col,,,,,,,,,,,,,,,,,,,,,15.884,0.09,15.244,0.112,14.652,0.093,3639,386,276,5.004,0.115,0.161,-0.128,0.2,0.28,0.264,0.159,0.086,0.266,0.185,0.115,12.56,11.65,6.847,391,331.1,156.5,0.031,0.008,0.008,,,
2144,2144,2144,211955873,08 43 14.976,+19 33 48.45,1,19.219,,,,08431497+1933484,,STAR,JHK,col,,,,,,,,,,,,,,,,,,,,,16.304,0.135,15.308,0.113,15.114,0.144,4042,336,336,4.843,0.161,0.115,-0.254,0.25,0.3,0.422,0.118,0.151,0.464,0.143,0.191,6.048,7.554,2.404,900.4,413.1,369.7,0.032,0.01,0.007,,,
2145,2145,2145,211955894,08 46 57.784,+19 33 49.15,1,16.082,,,548-046446,08465779+1933492,,STAR,JHK,rpm,-11.3,4.7,-18.6,4.7,,,,,,,,,,,,,,,,,14.916,0.038,14.623,0.07,14.536,0.079,5864,302,363,4.458,0.11,0.176,-0.853,0.35,0.35,0.841,0.22,0.128,0.792,0.058,0.07,1.288,0.661,0.624,1458,458.8,297.2,0.034,0.01,0.007,,,
2146,2146,2146,211955922,08 53 50.006,+19 33 50.59,1,12.679,,,548-046710,08535000+1933505,,STAR,gri,rpm,-8.6,1.4,-5.8,1.5,,,13.28,0.01,12.734,0.02,,,12.963,0.02,12.622,0.01,12.558,0.04,,,11.755,0.021,11.504,0.021,11.452,0.021,6254,125,100,4.185,0.15,0.15,-0.199,0.25,0.25,1.368,0.33,0.196,1.171,0.11,0.155,0.37,0.23,0.163,613.4,135.7,81.61,0.032,0.007,0.004,,,
2147,2147,2147,211955936,09 10 10.709,+19 33 51.48,1,19.308,,,,,5080-301-4-0163-0152,STAR,gri,,1,3,3,3,,,,,,,20.154,0.042,19.834,0.014,19.387,0.014,19.083,0.014,18.904,0.037,,,,,,,,,,,,,,,,,,,,,,,,,,,,,,,,,
2148,2148,2148,211955943,08 59 39.030,+19 33 51.71,1,17.081,,,,08593902+1933517,5061-301-2-0140-0242,EXTENDED,gri,,0,2,-1,2,,,,,,,19.955,0.061,18.029,0.007,17.068,0.005,16.675,0.006,16.288,0.012,15.72,0.063,14.928,0.072,14.716,0.099,,,,,,,,,,,,,,,,,,,,,,,,,,,
2149,2149,2149,211955964,08 56 29.192,+19 33 53.12,1,13.951,,,548-046809,08562919+1933532,,STAR,gri,rpm,3.5,2.1,-12.4,2.6,,,15.292,0.05,14.319,0.02,,,14.785,0.03,14.002,0.02,13.594,0.067,,,12.412,0.021,11.91,0.023,11.801,0.021,4950,79,99,4.586,0.04,1.568,-0.185,0.16,0.4,0.768,4.226,0.064,0.856,0.163,0.089,1.81,0.417,1.803,360.2,1880,45.61,0.032,0.008,0.008,,,
2150,2150,2150,211956020,08 46 02.489,+19 33 55.89,1,11.611,,1396-1194-1,548-046410,08460249+1933557,,STAR,gri,rpm,-15.1,1.6,-1.9,1.7,,,11.998,0.167,11.226,0.103,,,11.813,0.03,11.543,0.04,11.499,0.03,,,10.726,0.022,10.515,0.021,10.502,0.02,6498,199,159,4.189,0.1,0.2,-0.104,0.12,0.15,1.468,0.467,0.189,1.277,0.154,0.103,0.384,0.173,0.202,429.8,125.9,67.66,0.029,0.007,0.006,,,
2151,2151,2151,211956026,09 04 23.400,+19 33 56.07,1,13.401,,,548-047109,09042341+1933561,,STAR,gri,rpm,-231.5,3.8,69.1,3.9,,,15.841,0.02,14.267,0.01,,,15.099,0.03,13.7,0.02,12.673,0.03,,,10.962,0.022,10.361,0.023,10.142,0.022,3591,218,218,5.019,0.075,0.105,-0.076,0.18,0.27,0.248,0.1,0.053,0.252,0.144,0.072,14.53,9.035,6.265,43.96,24.44,18.1,0.007,0.006,0.004,,,
2152,2152,2152,211956059,08 40 42.480,+19 33 57.63,1,11.195,,,548-046170,08404248+1933576,,STAR,gri,rav,-34.9,1.2,-12.4,1.9,,,12.063,0.01,11.331,0.03,,,11.659,0.01,11.14,0.04,10.996,0.01,,,10.091,0.023,9.784,0.022,9.706,0.018,5603,168,135,4.489,0.035,0.049,-0.01,0.1,0.12,0.931,0.064,0.06,0.978,0.059,0.059,1.209,0.195,0.199,171,16.93,15.4,0.022,0.006,0.006,,,
2153,2153,2153,211956084,08 39 30.045,+19 33 59.77,1,14.937,,,548-046107,08393005+1933596,5037-301-3-0114-0124,STAR,gri,lam,-1.9,3.8,2.4,4.2,,,15.896,0.02,15.136,0.04,,,15.433,0.03,14.886,0.054,14.725,0.08,,,13.784,0.026,13.432,0.028,13.284,0.038,5478,191,159,3.917,0.551,0.095,-0.238,0.12,0.18,1.758,0.288,0.871,0.968,0.08,0.08,0.164,1.053,0.048,1737,266.6,836.5,0.035,0.011,0.008,,,
2154,2154,2154,211956096,08 39 59.830,+19 34 00.31,1,11.599,,,548-046137,08395983+1934003,,STAR,gri,rpm,-35.6,1.6,-10.8,1.6,,,12.88,0.01,11.886,0.02,,,12.386,0.01,11.525,0.04,11.262,0.02,,,10.106,0.023,9.63,0.024,9.484,0.018,4903,79,79,4.551,0.066,1.089,0.009,0.12,0.21,0.822,2.434,0.113,0.906,0.326,0.122,1.537,0.585,1.505,134.5,377.7,22.42,0.022,0.014,0.01,,,
2155,2155,2155,211956099,08 53 55.404,+19 34 00.37,1,15.272,,,548-046715,08535539+1934003,5071-301-3-0130-0002,STAR,gri,rpm,6.3,2.8,-0.8,3,,,16.801,0.08,15.651,0.05,,,16.328,0.06,15.199,0.04,14.819,0.15,,,13.505,0.024,12.935,0.027,12.78,0.031,4428,152,203,4.692,0.2,0.05,-0.085,0.25,0.55,0.605,0.071,0.199,0.666,0.073,0.234,2.973,4.847,0.611,393.7,63.56,164,0.03,0.011,0.009,,,
2156,2156,2156,211956148,09 10 03.061,+19 34 02.78,1,15.667,,,548-047307,09100305+1934028,5080-301-4-0163-0122,STAR,JHK,rpm,-43.2,7.1,-7.1,7.1,,,,,,,,,,,,,,,,,13.425,0.023,12.859,0.026,12.57,0.025,3537,85,127,5.046,0.096,0.06,-0.007,0.15,0.18,0.239,0.052,0.065,0.239,0.063,0.076,16.06,12.63,4.427,108,27.34,32.73,0.016,0.004,0.004,,,
2157,2157,2157,211956162,09 08 04.126,+19 34 03.54,1,15.075,,,548-047232,09080411+1934035,5112-301-4-0185-0009,STAR,gri,rpm,35,4.5,-64.8,4.9,,,16.063,0.02,15.327,0.06,,,15.607,0.07,15.075,0.01,14.847,0.08,,,13.904,0.029,13.501,0.033,13.364,0.034,5313,406,254,4.625,0.088,0.055,-1.085,0.3,0.25,0.65,0.069,0.086,0.674,0.055,0.066,2.401,1.07,0.494,641.8,82.97,138.5,0.035,0.002,0.007,,,
2158,2158,2158,211956214,08 46 16.312,+19 34 06.12,1,14.045,,,548-046416,08461630+1934062,,STAR,gri,rpm,-4.9,2.9,-8.9,3.1,,,15.091,0.03,14.25,0.01,,,14.652,0.01,13.989,0.01,13.785,0.06,,,12.777,0.023,12.349,0.025,12.273,0.023,5243,106,106,4.535,0.048,0.984,-0.236,0.25,0.4,0.833,1.866,0.081,0.892,0.096,0.096,1.459,0.361,1.413,501.3,1039,59.84,0.032,0.007,0.006,,,
2159,2159,2159,211956265,08 52 09.829,+19 34 09.13,1,12.961,,,548-046659,08520982+1934093,,STAR,gri,rpm,-1.2,1.5,-7.4,1.8,,,13.89,0.01,13.088,0.01,,,13.476,0.01,12.892,0.01,12.74,0.04,,,11.731,0.022,11.36,0.023,11.27,0.02,5526,66,66,4.485,0.04,0.632,-0.005,0.08,0.2,0.926,1.133,0.064,0.97,0.136,0.057,1.185,0.207,1.061,359.3,426.8,27.06,0.032,0.006,0.007,,,
2160,2160,2160,211956305,09 08 06.424,+19 34 11.21,1,12.64,,,548-047233,09080641+1934111,,STAR,gri,rpm,-4.5,2.2,2.6,2.8,,,13.718,0.01,12.9,0.03,,,13.231,0.02,12.63,0.041,12.386,0.03,,,11.349,0.024,10.947,0.031,10.827,0.02,5282,129,129,3.423,0.568,1.065,-0.663,0.56,0.4,2.979,6.493,1.183,0.914,0.234,0.04,0.029,0.12,0.029,876.2,1746,353.1,0.032,0.011,0.005,,,
2161,2161,2161,211956317,08 51 15.496,+19 34 11.70,1,17.445,,,,08511549+1934117,5061-301-4-0128-0200,EXTENDED,gri,,-4,2,-7,2,,,,,,,19.646,0.065,18.189,0.01,17.56,0.009,17.126,0.009,16.884,0.029,16.802,0.171,15.796,0.149,15.497,0.178,,,,,,,,,,,,,,,,,,,,,,,,,,,
2162,2162,2162,211956350,09 02 55.153,+19 34 14.04,1,11.717,,,548-047060,09025514+1934140,,STAR,gri,rpm,0.6,2.8,-1.5,3.6,,,13.384,0.01,12.094,0.01,,,12.738,0.01,11.717,0.01,11.279,0.01,,,9.852,0.022,9.206,0.024,9.039,0.019,4387,70,70,1.457,0.545,0.654,-0.654,0.45,0.81,24.904,26.532,10.07,0.93,0.229,0.092,3.87E-05,1.89E-04,3.41E-05,3072,2781,1134,0.034,0.01,0.007,,,
2163,2163,2163,211956357,08 59 33.467,+19 34 14.26,1,16.56,,,,08593346+1934142,5061-301-2-0140-0223,EXTENDED,gri,,0,2,3,2,,,,,,,18.629,0.031,17.302,0.006,16.633,0.005,16.242,0.005,15.933,0.013,15.787,0.085,15.147,0.092,14.657,0.101,,,,,,,,,,,,,,,,,,,,,,,,,,,
2164,2164,2164,211956360,08 51 03.452,+19 34 14.31,1,13.422,,,548-046613,08510344+1934143,,STAR,gri,rpm,-4.8,2,-8.6,1.8,,,14.619,0.03,13.673,0.01,,,14.157,0.03,13.367,0.02,13.107,0.05,,,12,0.023,11.532,0.024,11.397,0.02,4963,59,59,3.474,0.324,0.378,-0.239,0.25,0.25,3.106,1.505,1.014,1.076,0.171,0.171,0.031,0.065,0.023,1184,549.7,375.4,0.035,0.007,0.008,,,
2165,2165,2165,211956407,08 38 53.534,+19 34 16.92,1,13.658,,,548-046072,08385354+1934170,,STAR,gri,lam,-35.9,2.9,-14.1,3.1,,,15.526,0.06,14.172,0.01,,,14.915,0.039,13.615,0.02,13.119,0.03,,,11.734,0.022,11.1,0.023,10.965,0.022,4154,148,123,4.771,0.04,0.056,-0.003,0.1,0.1,0.52,0.062,0.047,0.578,0.063,0.052,4.046,0.818,0.802,135.5,27.41,14.74,0.018,0.008,0.005,,,
2166,2166,2166,211956421,08 38 06.763,+19 34 17.81,1,16.828,,,,08380676+1934178,,STAR,JHK,col,,,,,,,,,,,,,,,,,,,,,14.338,0.031,13.706,0.037,13.391,0.033,3580,168,202,5.021,0.112,0.08,-0.04,0.16,0.2,0.245,0.077,0.069,0.236,0.108,0.09,14.14,10.1,5.116,180.1,73.12,60.45,0.021,0.008,0.007,,,
2167,2167,2167,211956426,08 38 41.603,+19 34 18.09,1,18.24,,,,08384160+1934180,5037-301-3-0113-0552,STAR,gri,rpm,-34,3,-13,3,,,,,,,22.639,0.222,20.479,0.02,18.936,0.01,17.28,0.006,16.368,0.008,14.831,0.033,14.231,0.041,13.957,0.052,3318,200,33,5.141,0.02,0.04,-0.14,0.21,0.15,0.176,0.018,0.012,0.156,0.021,0.01,28.11,3.43,4.729,139.9,25.53,10.41,0.02,0.01,0.008,,,
2168,2168,2168,211956430,09 09 06.408,+19 34 18.27,1,18.774,,,,,5112-301-4-0186-0167,STAR,gri,,4,3,-5,3,,,,,,,19.251,0.025,18.963,0.009,18.711,0.009,18.71,0.012,18.771,0.041,,,,,,,,,,,,,,,,,,,,,,,,,,,,,,,,,
2169,2169,2169,211956503,08 41 45.459,+19 34 22.53,1,13.147,,,548-046230,08414545+1934226,,STAR,gri,rpm,-0.9,1.9,0.8,2.3,,,14.384,0.047,13.377,0.033,,,13.857,0.02,13.098,0.02,12.843,0.03,,,11.677,0.02,11.177,0.02,11.084,0.018,4939,59,78,3.104,0.34,0.68,-0.423,0.24,0.24,4.758,4.749,1.519,1.034,0.206,0.114,0.009,0.021,0.008,1505,1248,473.2,0.036,0.009,0.009,,,
2170,2170,2170,211956537,08 55 45.210,+19 34 24.53,1,14.541,,,548-046779,08554520+1934246,5061-301-3-0134-0161,STAR,gri,rpm,0.3,3.1,3,2.6,,,15.702,0.01,14.824,0.04,,,15.237,0.05,14.554,0.03,14.243,0.01,,,13.099,0.023,12.621,0.024,12.459,0.02,4969,60,80,2.576,0.876,0.876,-0.906,0.5,1.3,7.317,11.198,4.425,0.885,0.08,0.095,0.001,0.027,0.001,4170,6440,2531,0.037,0.007,0.008,,,
2171,2171,2171,211956571,08 45 22.484,+19 34 26.67,1,15.202,,,548-046381,08452248+1934265,,STAR,gri,rpm,-20.7,4.1,-14.6,3.9,,,17.707,0.17,16.128,0.068,,,17.012,0.01,15.61,0.05,14.426,0.02,,,12.43,0.022,11.842,0.022,11.605,0.019,3602,101,72,5.003,0.03,0.03,-0.022,0.1,0.08,0.276,0.025,0.038,0.283,0.035,0.052,13.17,4.073,1.831,81.08,13.96,11.91,0.013,0.004,0.002,,,
2172,2172,2172,211956610,08 43 12.656,+19 34 29.04,1,17.563,,,,08431265+1934290,5037-301-2-0119-0400,STAR,gri,rpm,-37,3,-16,3,,,,,,,22.346,0.177,19.701,0.013,18.209,0.008,16.646,0.006,15.778,0.007,14.313,0.03,13.651,0.022,13.463,0.035,3576,86,108,5.074,0.04,0.048,-0.188,0.12,0.12,0.214,0.042,0.025,0.205,0.057,0.029,19.14,4.955,4.62,146.9,30.52,25.27,0.023,0.008,0.006,,,
2173,2173,2173,211956617,09 09 06.311,+19 34 29.26,1,15.441,,,548-047275,09090631+1934292,5112-301-4-0186-0166,EXTENDED,gri,,-4.8,6,5.4,5.8,,,16.632,0.06,15.753,0.059,,,16.153,0.054,15.45,0.063,15.136,0.097,,,14.035,0.048,13.468,0.064,13.191,0.054,,,,,,,,,,,,,,,,,,,,,,,,,,,
2174,2174,2174,211956642,08 59 07.512,+19 34 30.35,1,10.438,,1397-1478-1,548-046924,08590750+1934304,,STAR,gri,rpm,-24.6,1.2,-9,1.2,,,10.813,0.068,10.639,0.082,,,10.738,0.17,10.384,0.02,10.309,0.02,,,9.588,0.022,9.403,0.024,9.351,0.017,6399,193,154,4.16,0.145,0.232,-0.035,0.15,0.15,1.523,0.545,0.265,1.305,0.167,0.104,0.339,0.23,0.191,257.8,97.42,46.81,0.029,0.008,0.007,,,
2175,2175,2175,211956663,08 57 41.912,+19 34 31.13,1,9.943,,1397-1190-1,548-046861,08574190+1934312,,STAR,gri,rpm,-0.1,0.8,-24.5,0.9,,,10.261,0.042,9.907,0.043,,,10.413,0.34,9.855,0.04,9.742,0.01,,,9.014,0.03,8.875,0.017,8.822,0.016,6569,200,200,4.064,0.198,0.231,0.015,0.1,0.12,1.758,0.685,0.368,1.441,0.202,0.145,0.229,0.24,0.13,232.3,93.57,49.89,0.027,0.01,0.006,,,
2176,2176,2176,211956689,08 57 46.098,+19 34 32.17,1,18.256,,,,08574609+1934321,5071-301-2-0135-0305,STAR,gri,,15,3,-44,3,,,,,,,20.993,0.08,19.067,0.01,18.247,0.008,17.908,0.008,17.708,0.016,16.695,0.167,,,,,,,,,,,,,,,,,,,,,,,,,,,,,,,
2177,2177,2177,211956700,09 04 21.458,+19 34 33.07,1,15.626,,,548-047107,09042145+1934331,5061-301-1-0147-0078,STAR,gri,rpm,0.3,4.4,2.1,4.7,,,16.532,0.12,15.844,0.08,,,16.194,0.03,15.548,0.02,15.382,0.05,,,14.395,0.026,14.034,0.032,13.891,0.043,5381,107,107,4.54,0.035,0.049,-0.151,0.16,0.24,0.826,0.086,0.066,0.865,0.066,0.079,1.522,0.266,0.307,1051,135.9,101.3,0.034,0.01,0.007,,,
2178,2178,2178,211956705,08 38 45.790,+19 34 33.20,1,12.403,,,548-046059,08384579+1934332,,STAR,gri,rpm,4.3,0.9,-17.7,2.4,,,12.982,0.041,12.465,0.01,,,12.681,0.031,12.361,0.01,12.285,0.02,,,11.566,0.023,11.385,0.029,11.341,0.027,6362,127,101,4.228,0.066,0.154,-0.213,0.24,0.24,1.38,0.29,0.165,1.186,0.11,0.132,0.438,0.124,0.172,562.8,115.7,70.36,0.031,0.011,0.007,,,
2179,2179,2179,211956772,09 08 47.825,+19 34 36.25,1,12.451,,,548-047265,09084782+1934363,,STAR,gri,rpm,-14.6,0.7,-3.7,0.7,,,13.184,0.042,12.591,0.03,,,12.803,0.05,12.447,0.01,12.3,0.01,,,11.455,0.026,11.192,0.03,11.142,0.022,6089,97,122,4.217,0.18,0.252,-0.277,0.25,0.3,1.277,0.441,0.287,1.053,0.118,0.142,0.421,0.39,0.229,486.1,167.2,106.2,0.033,0.01,0.008,,,
2180,2180,2180,211956852,08 39 59.982,+19 34 40.50,1,12.56,,,548-046138,08395998+1934405,,STAR,gri,rpm,-33.7,2.3,-6.4,4.2,,,13.861,0.04,12.855,0.03,,,13.337,0.04,12.497,0.03,12.227,0.03,,,11.134,0.02,10.65,0.021,10.552,0.018,4903,79,59,4.604,0.025,0.05,-0.058,0.2,0.28,0.738,0.059,0.035,0.811,0.049,0.058,1.96,0.214,0.367,187.5,40.01,13.96,0.023,0.008,0.007,,,
2181,2181,2181,211956926,08 51 32.968,+19 34 44.57,1,16.885,,,,08513296+1934445,5061-301-4-0128-0276,STAR,gri,rpm,-41,9,-121,9,,,,,,,21.101,0.076,18.757,0.008,17.337,0.006,16.083,0.005,15.404,0.006,14.093,0.027,13.592,0.027,13.409,0.034,3296,32,32,5.137,0.02,0.02,0.002,0.05,0.05,0.175,0.003,0.003,0.153,0.003,0.003,28.64,1.718,1.718,100.2,3.007,3.007,0.015,0.001,0.001,,,
2182,2182,2182,211956955,08 46 20.491,+19 34 46.15,1,13.562,,,548-046421,08462049+1934462,,STAR,gri,rpm,-0.3,2.2,-2.4,2.3,,,14.628,0.02,13.755,0.034,,,14.159,0.02,13.507,0.01,13.307,0.03,,,12.18,0.021,11.716,0.023,11.651,0.023,5137,101,81,3.153,0.558,0.837,-0.724,0.4,0.25,3.625,5.817,1.475,0.913,0.156,0.028,0.015,0.078,0.014,1508,2329,562.6,0.033,0.01,0.006,,,
2183,2183,2183,211956988,08 50 31.776,+19 34 48.01,1,17.368,,,,08503177+1934480,5061-301-4-0127-0143,STAR,gri,rpm,-8,3,-119,3,,,,,,,21.894,0.145,19.695,0.013,18.169,0.007,16.371,0.005,15.406,0.006,13.875,0.028,13.328,0.035,13.003,0.029,3438,83,103,5.133,0.024,0.03,-0.196,0.16,0.2,0.18,0.017,0.01,0.162,0.021,0.012,27.02,4.004,4.023,115.2,13.82,34.73,0.018,0.007,0.005,,,
2184,2184,2184,211957000,08 43 50.801,+19 34 48.58,1,18.973,,,,,5037-301-2-0120-0060,STAR,gri,,-4,3,5,3,,,,,,,19.032,0.019,18.977,0.009,18.972,0.011,18.812,0.012,18.715,0.03,,,,,,,,,,,,,,,,,,,,,,,,,,,,,,,,,
2185,2185,2185,211957011,09 07 56.590,+19 34 49.17,1,15.374,,,548-047228,09075658+1934492,5112-301-4-0184-0211,STAR,gri,rpm,-17.6,4.5,-2.5,4.7,,,17.303,0.11,16.036,0.066,,,16.761,0.03,15.478,0.03,14.779,0.02,,,13.239,0.024,12.573,0.032,12.408,0.026,3911,39,47,4.847,0.032,0.02,0.073,0.06,0.08,0.44,0.015,0.035,0.495,0.021,0.042,5.788,0.95,0.386,214.3,9.584,17.95,0.03,0.014,0.01,,,
2186,2186,2186,211957012,08 40 56.299,+19 34 49.22,1,6.783,42600,1395-2552-1,548-046186,08405630+1934492,,STAR,BV,plx,-34.04,0.52,-10.71,0.4,5.86,0.53,6.906,0.015,6.73,0.01,,,,,,,,,,,6.368,0.021,6.33,0.017,6.28,0.018,8053,564,403,3.706,0.095,0.133,-0.006,0.12,0.12,3.44,0.677,0.351,2.361,0.189,0.158,0.053,0.019,0.019,170.6,15.43,15.43,0.022,0.006,0.005,,,
2187,2187,2187,211957024,08 38 50.450,+19 34 49.65,1,11.814,,,548-046066,08385046+1934497,,STAR,gri,rpm,-22,1.4,11.4,2.2,,,12.482,0.01,11.917,0.01,,,12.142,0.02,11.788,0.04,11.674,0.03,,,10.85,0.02,10.539,0.023,10.51,0.02,6080,96,96,4.226,0.15,0.21,-0.292,0.25,0.3,1.242,0.373,0.244,1.007,0.14,0.117,0.522,0.365,0.298,355.6,106.7,69.87,0.03,0.007,0.007,,,
2188,2188,2188,211957061,08 59 03.992,+19 34 51.69,1,12.991,,,548-046921,08590399+1934518,,STAR,gri,rpm,-4.1,1.8,-8.7,10.7,,,13.52,0.03,13.004,0.01,,,13.198,0.02,12.922,0.01,12.801,0.03,,,12.032,0.023,11.789,0.021,11.712,0.02,6335,128,76,4.151,0.135,0.135,-0.517,0.35,0.42,1.394,0.308,0.219,1.048,0.206,0.172,0.368,0.229,0.162,712,168.8,118.7,0.033,0.01,0.006,,,
2189,2189,2189,211957104,08 53 08.325,+19 34 54.29,1,17.944,,,,08530832+1934542,5071-301-3-0128-0240,STAR,gri,rpm,-26,3,-9,3,,,,,,,22.646,0.274,19.942,0.016,18.518,0.009,17.088,0.006,16.306,0.008,14.849,0.036,14.253,0.044,13.986,0.05,3601,127,84,5.01,0.042,0.035,-0.054,0.15,0.18,0.266,0.034,0.036,0.263,0.052,0.044,14.08,3.729,2.504,236.8,44.24,37.28,0.028,0.007,0.007,,,
2190,2190,2190,211957146,08 45 54.352,+19 34 57.74,1,12.603,,,548-046406,08455435+1934577,,STAR,gri,rpm,-4.1,1.3,-7.7,1.3,,,13.371,0.09,12.738,0.11,,,12.996,0.1,12.567,0.11,12.435,0.09,,,11.378,0.022,11.071,0.021,11.016,0.022,5959,178,142,4.132,0.26,0.312,-0.086,0.15,0.3,1.345,0.702,0.328,1.113,0.148,0.148,0.361,0.599,0.249,497.9,210.3,147.9,0.033,0.008,0.008,,,
2191,2191,2191,211957185,08 54 45.198,+19 34 59.87,1,13.799,,,548-046744,08544522+1935002,5061-301-3-0133-0119,STAR,JHK,rpm,-189,8,-186,8,,,,,,,,,,,,,,,,,11.779,0.02,11.216,0.023,10.99,0.019,3642,497,414,5.024,0.15,0.125,-0.206,0.25,0.4,0.251,0.125,0.096,0.233,0.172,0.107,15.32,15.6,7.73,55.96,42.64,24.2,0.01,0.007,0.005,,,
2192,2192,2192,211957188,08 51 52.409,+19 34 59.98,1,17.473,,,,08515240+1934599,5061-301-4-0129-0259,EXTENDED,gri,,3,3,1,3,,,,,,,20.097,0.071,18.378,0.009,17.511,0.007,17.085,0.007,16.769,0.019,16.308,0.112,15.703,0.118,15.254,0.152,,,,,,,,,,,,,,,,,,,,,,,,,,,
2193,2193,2193,211957241,09 02 55.477,+19 35 02.04,1,15.827,,,,09025547+1935020,5071-301-1-0143-0158,EXTENDED,gri,,-1,2,12,2,,,,,,,18.226,0.028,16.696,0.005,15.885,0.004,15.455,0.004,15.112,0.007,15.387,0.1,14.541,0.116,14.395,0.12,,,,,,,,,,,,,,,,,,,,,,,,,,,
2194,2194,2194,211957291,09 06 53.351,+19 35 04.66,1,18.324,,,,,5080-301-5-0158-0183,EXTENDED,gri,,-2,3,4,3,,,,,,,19.832,0.055,18.786,0.012,18.413,0.012,18.126,0.015,17.946,0.038,,,,,,,,,,,,,,,,,,,,,,,,,,,,,,,,,
2195,2195,2195,211957319,08 44 29.870,+19 35 06.46,1,17.31,,,,08442986+1935064,5071-301-5-0116-0251,STAR,gri,rpm,-51,3,6,3,,,,,,,22.023,0.153,19.464,0.012,17.914,0.007,16.387,0.005,15.571,0.006,14.09,0.03,13.521,0.034,13.196,0.032,3280,64,64,5.125,0.025,0.03,0.054,0.1,0.08,0.178,0.014,0.015,0.155,0.017,0.012,27.08,4.372,3.765,97.84,14.5,6.531,0.015,0.002,0.002,,,
2196,2196,2196,211957325,08 53 02.903,+19 35 06.95,1,16.038,,,,08530290+1935069,5071-301-3-0128-0219,EXTENDED,gri,,-4,2,2,2,,,,,,,18.622,0.024,16.845,0.004,16.048,0.003,15.692,0.003,15.412,0.006,14.843,0.053,14.076,0.062,13.837,0.056,,,,,,,,,,,,,,,,,,,,,,,,,,,
2197,2197,2197,211957363,09 02 44.463,+19 35 08.61,1,15.524,,,548-047049,09024445+1935084,,STAR,gri,rpm,-1,4.4,2.5,4.8,,,16.572,0.04,15.716,0.02,,,16.129,0.01,15.555,0.05,15.265,0.1,,,14.25,0.029,13.859,0.03,13.735,0.04,5441,164,131,4.524,0.05,0.15,-0.326,0.25,0.35,0.837,0.313,0.084,0.855,0.072,0.087,1.452,0.355,0.554,1026,1086,147,0.034,0.008,0.007,,,
2198,2198,2198,211957371,08 53 06.180,+19 35 09.07,1,18.935,,,,,5071-301-3-0128-0375,EXTENDED,gri,,6,3,-4,3,,,,,,,20.38,0.09,19.32,0.023,18.961,0.026,18.77,0.026,18.547,0.074,,,,,,,,,,,,,,,,,,,,,,,,,,,,,,,,,
2199,2199,2199,211957459,09 05 10.775,+19 35 13.20,1,15.475,,,548-047136,09051078+1935134,,STAR,gri,rpm,0.6,4.5,0.6,4.7,,,17.396,0.113,16.101,0.068,,,16.999,0.02,15.563,0.03,14.822,0.15,,,13.148,0.025,12.497,0.024,12.308,0.02,3808,38,45,4.968,0.02,0.027,-0.227,0.2,0.05,0.323,0.023,0.012,0.358,0.021,0.017,10.38,0.743,1.214,143.6,11.55,6.209,0.023,0.001,0.009,,,
2200,2200,2200,211957460,08 59 39.745,+19 35 13.25,1,18.222,,,,08593974+1935132,,STAR,JHK,col,,,,,,,,,,,,,,,,,,,,,16.013,0.093,15.28,0.102,15.168,0.115,4071,405,338,4.82,0.156,0.13,-0.263,0.25,0.35,0.438,0.138,0.155,0.477,0.14,0.197,5.28,6.54,2.311,767.9,386.4,297,0.032,0.01,0.007,,,
2201,2201,2201,211957499,08 46 14.895,+19 35 15.30,1,18.365,,,,,5037-301-1-0123-0142,STAR,gri,,-4,3,-8,3,,,,,,,18.013,0.011,18.105,0.006,18.452,0.008,18.687,0.011,18.977,0.039,,,,,,,,,,,,,,,,,,,,,,,,,,,,,,,,,
2202,2202,2202,211957527,09 08 10.111,+19 35 16.98,1,13.16,,,548-047235,09081009+1935169,,STAR,gri,rpm,17.9,4.9,-57.4,5.8,,,14.918,0.01,13.69,0.01,,,14.324,0.01,13.171,0.01,12.661,0.03,,,11.304,0.024,10.65,0.028,10.479,0.02,4173,50,50,4.762,0.036,0.03,0.031,0.12,0.15,0.537,0.036,0.038,0.601,0.032,0.045,3.946,0.648,0.556,121.8,8.414,13.8,0.017,0.004,0.006,,,
2203,2203,2203,211957531,08 42 24.719,+19 35 17.45,1,10.867,,,548-046254,08422471+1935175,,STAR,gri,rpm,-6.4,0.7,-48.8,1.2,,,11.592,0.02,10.975,0.02,,,11.234,0.03,10.827,0.01,10.709,0.02,,,9.848,0.022,9.573,0.024,9.48,0.014,6018,96,96,4.249,0.14,0.224,-0.17,0.15,0.24,1.211,0.476,0.185,1.058,0.096,0.116,0.496,0.402,0.271,220.3,79.06,40.73,0.026,0.008,0.007,,,
2204,2204,2204,211957654,08 46 40.979,+19 35 24.78,1,12.754,,,548-046437,08464097+1935249,,STAR,gri,rpm,-2.4,1.5,-8.8,4.5,,,13.672,0.03,12.889,0.01,,,13.241,0.03,12.696,0.01,12.546,0.04,,,11.583,0.026,11.276,0.03,11.202,0.02,5689,91,114,4.38,0.102,0.527,-0.02,0.12,0.21,1.051,1.046,0.136,1.023,0.161,0.074,0.843,0.321,0.722,393.4,366.6,54.68,0.03,0.008,0.007,,,
2205,2205,2205,211957689,08 38 06.960,+19 35 26.79,1,13.751,,,548-046031,08380696+1935268,,STAR,gri,rpm,-14.9,2.5,-12.7,3.1,,,15.269,0.03,14.133,0.03,,,14.72,0.01,13.676,0.01,13.335,0.02,,,12.074,0.026,11.518,0.029,11.427,0.018,4531,92,92,4.663,0.054,0.02,0.01,0.05,0.2,0.653,0.021,0.068,0.723,0.03,0.072,2.533,0.693,0.152,230.3,9.746,29.72,0.029,0.012,0.006,,,
2206,2206,2206,211957745,08 55 35.350,+19 35 29.75,1,16.262,,,548-046776,08553536+1935298,5061-301-3-0134-0128,STAR,JHK,rpm,-1.1,3.4,-3.5,3.4,,,,,,,,,,,,,,,,,15.54,0.053,15.417,0.094,15.4,0.149,6077,228,342,4.308,0.155,0.217,-0.727,0.35,0.42,1.05,0.289,0.193,0.857,0.079,0.056,0.742,0.547,0.4,2547,719,560.7,0.033,0.01,0.007,,,
2207,2207,2207,211957762,08 51 11.048,+19 35 30.75,1,15.083,,,548-046616,08511104+1935308,5061-301-4-0128-0072,STAR,gri,rpm,-2,2.8,-3.2,3,,,16.17,0.02,15.327,0.04,,,15.722,0.02,15.131,0.05,14.809,0.05,,,13.904,0.029,13.517,0.034,13.392,0.037,5394,160,160,4.519,0.055,0.891,-0.317,0.25,0.5,0.842,1.505,0.097,0.872,0.062,0.1,1.413,0.387,1.346,867.6,1461,124,0.035,0.01,0.007,,,
2208,2208,2208,211957765,08 56 53.470,+19 35 30.94,1,16.484,,,,08565347+1935309,5071-301-2-0134-0233,STAR,gri,rpm,-48,3,23,3,,,,,,,21.1,0.084,18.436,0.007,17.044,0.005,15.648,0.004,14.88,0.005,13.455,0.023,12.867,0.022,12.587,0.025,3579,85,56,4.998,0.042,0.03,0.018,0.15,0.15,0.274,0.03,0.037,0.28,0.042,0.05,12.94,3.807,1.773,130.2,18.94,19.58,0.019,0.006,0.005,,,
2209,2209,2209,211957772,09 06 41.278,+19 35 31.47,1,15.058,,,548-047183,09064128+1935316,5080-301-5-0158-0056,STAR,gri,rpm,-4.1,4.5,-1.4,4.9,,,16.145,0.02,15.282,0.02,,,15.66,0.02,15.071,0.01,14.8,0.02,,,13.71,0.026,13.177,0.03,13.161,0.029,5093,80,60,2.109,1.116,0.18,-1.853,0.9,0.36,12.563,3.036,8.825,0.801,0.09,0.016,3.61E-04,0.016,1.69E-04,10700,1871,7553,0.034,0.004,0.009,,,
2210,2210,2210,211957791,08 39 09.098,+19 35 32.63,1,8.817,,1395-2445-1,548-046083,08390909+1935327,,STAR,gri,plx,-35.3,0.8,-11.7,0.8,,,8.659,0.019,8.459,0.017,,,9.626,0.01,9.233,0.1,8.47,0.03,,,8.006,0.019,7.949,0.027,7.875,0.026,7203,259,215,4.126,0.078,0.065,0.065,0.08,0.14,1.767,0.144,0.158,1.594,0.08,0.08,0.271,0.086,0.056,163.4,14.24,14.24,0.021,0.007,0.006,,,
2211,2211,2211,211957834,08 57 31.445,+19 35 34.31,1,12.996,,,548-046850,08573144+1935343,,STAR,gri,rpm,-10,1.3,-4.3,1.4,,,13.76,0.02,13.123,0.01,,,13.38,0.03,12.987,0.042,12.831,0.05,,,11.955,0.021,11.658,0.019,11.582,0.018,6021,97,121,4.177,0.2,0.24,-0.229,0.2,0.28,1.28,0.476,0.259,1.032,0.11,0.11,0.434,0.432,0.245,615.1,207,154.9,0.033,0.012,0.006,,,
2212,2212,2212,211957847,08 44 35.188,+19 35 35.00,1,15.146,,,548-046349,08443518+1935351,5071-301-5-0116-0111,STAR,gri,rpm,-1.6,3.7,-0.7,4,,,16.233,0.05,15.307,0.03,,,15.743,0.02,15.022,0.03,14.891,0.03,,,13.812,0.028,13.401,0.033,13.261,0.033,5226,105,84,4.555,0.03,0.054,-0.038,0.15,0.21,0.81,0.085,0.056,0.875,0.055,0.066,1.595,0.236,0.316,762.2,99.33,63.86,0.034,0.011,0.008,,,
2213,2213,2213,211957850,08 41 06.475,+19 35 35.14,1,19.248,,,,08410647+1935351,5071-301-6-0111-0294,STAR,gri,,-9,3,-107,3,,,,,,,24.072,0.88,20.852,0.029,19.297,0.013,18.561,0.011,18.112,0.022,16.815,0.159,,,,,,,,,,,,,,,,,,,,,,,,,,,,,,,
2214,2214,2214,211957888,08 38 04.960,+19 35 37.47,1,13.519,,,548-046029,08380496+1935374,,STAR,gri,rpm,-1.2,2.8,-4.9,2.3,,,14.734,0.06,13.795,0.01,,,14.248,0.01,13.493,0.01,13.206,0.01,,,11.995,0.026,11.447,0.029,11.346,0.018,4872,77,57,2.522,0.702,0.234,-0.739,0.35,0.25,8.063,2.449,3.909,0.92,0.175,0.029,0.001,0.012,7.65E-04,2947,780.2,1420,0.033,0.011,0.007,,,
2215,2215,2215,211957959,08 43 04.787,+19 35 42.02,1,11.149,,1396-31-1,548-046292,08430478+1935420,,STAR,gri,plx,-2.7,1.3,-2,1.3,,,11.568,0.087,11.105,0.09,,,11.171,0.02,11.141,0.01,11.266,0.01,,,10.727,0.022,10.663,0.021,10.627,0.023,7806,94,125,4.114,0.085,0.119,-0.064,0.08,0.14,1.886,0.297,0.217,1.729,0.126,0.105,0.247,0.094,0.09,562,237.9,237.9,0.034,0.008,0.011,,,
2216,2216,2216,211958009,08 45 44.388,+19 35 45.11,1,17.07,,,,08454438+1935451,5061-301-5-0120-0273,EXTENDED,gri,,63,3,-64,3,,,,,,,21.703,0.135,19.236,0.011,17.787,0.006,16.142,0.004,15.18,0.005,13.677,0.029,13.086,0.028,12.869,0.028,,,,,,,,,,,,,,,,,,,,,,,,,,,
2217,2217,2217,211958017,08 38 23.916,+19 35 45.40,1,17.138,,,,08382391+1935454,,EXTENDED,J,,,,,,,,,,,,,,,,,,,,,,15.667,0.126,15.093,0.122,14.66,0.139,,,,,,,,,,,,,,,,,,,,,,,,,,,
2218,2218,2218,211958030,09 02 55.077,+19 35 46.04,1,15.065,,,548-047059,09025507+1935459,,STAR,gri,rpm,-8.4,4.6,0.4,4.9,,,16.234,0.04,15.292,0.05,,,15.743,0.05,15.077,0.02,14.774,0.11,,,13.724,0.025,13.287,0.03,13.195,0.026,5216,126,126,4.563,0.04,0.976,-0.288,0.25,0.4,0.791,1.805,0.075,0.842,0.072,0.1,1.622,0.351,1.576,719.3,1596,84.1,0.034,0.01,0.008,,,
2219,2219,2219,211958032,08 54 29.683,+19 35 46.14,1,12.847,,,548-046732,08542968+1935462,,STAR,gri,rpm,-4.4,1.3,-0.7,1.6,,,13.521,0.06,12.906,0.01,,,13.163,0.03,12.784,0.03,12.711,0.02,,,11.908,0.022,11.709,0.021,11.626,0.018,6331,127,152,4.137,0.174,0.174,-0.039,0.12,0.18,1.495,0.422,0.28,1.245,0.144,0.12,0.328,0.235,0.157,728.9,218.8,143.2,0.035,0.008,0.007,,,
2220,2220,2220,211958048,08 46 46.238,+19 35 46.89,1,18.034,,,,08464623+1935468,,STAR,J,col,,,,,,,,,,,,,,,,,,,,,16.496,0.142,15.518,0.145,15.264,0.135,3994,373,373,4.876,0.162,0.135,-0.254,0.25,0.35,0.377,0.135,0.146,0.432,0.145,0.203,6.608,9.428,3.1,889.8,491.5,409.1,0.032,0.01,0.007,,,
2221,2221,2221,211958066,08 39 42.775,+19 35 48.21,1,17.154,,,,,5037-301-3-0114-0369,EXTENDED,gri,,-5,3,7,3,,,,,,,18.9,0.073,17.729,0.007,17.232,0.007,16.908,0.008,16.783,0.033,,,,,,,,,,,,,,,,,,,,,,,,,,,,,,,,,
2222,2222,2222,211958106,08 39 36.890,+19 35 50.00,1,12.893,,,548-046115,08393689+1935500,,STAR,gri,rpm,-2.8,1.4,-16.2,3.4,,,13.8,0.044,13.053,0.01,,,13.388,0.01,12.838,0.01,12.681,0.01,,,11.752,0.022,11.433,0.024,11.347,0.02,5667,90,90,4.447,0.06,0.5,-0.041,0.15,0.21,0.963,0.825,0.089,0.986,0.097,0.081,1.049,0.257,0.867,386.3,315.4,45.17,0.031,0.014,0.005,,,
2223,2223,2223,211958136,08 46 11.643,+19 35 51.29,1,13.665,,,548-046414,08461164+1935513,,STAR,gri,rpm,-1.8,2.5,-4.6,2.7,,,14.808,0.03,13.876,0.035,,,14.346,0.035,13.593,0.043,13.373,0.01,,,12.198,0.023,11.646,0.023,11.576,0.018,4903,77,77,3.04,0.42,0.672,-0.435,0.24,0.42,4.954,4.839,1.982,0.966,0.2,0.086,0.006,0.027,0.005,1911,1853,660,0.033,0.01,0.008,,,
2224,2224,2224,211958139,08 54 25.255,+19 35 51.41,1,17.835,,,,08542525+1935514,5071-301-3-0130-0306,STAR,gri,rpm,-33,3,-35,3,,,,,,,21.938,0.148,19.684,0.013,18.287,0.008,17.042,0.006,16.368,0.008,15.134,0.038,14.525,0.043,14.371,0.063,3268,39,32,5.116,0.021,0.02,0.205,0.05,0.16,0.182,0.004,0.01,0.157,0.006,0.009,26.19,2.793,1.572,163.1,4.893,13.53,0.021,0.001,0.001,,,
2225,2225,2225,211958142,08 55 08.635,+19 35 51.48,1,13.64,,,548-046760,08550868+1935516,,STAR,gri,rpm,-300,8,-91,8,,,15.921,0.13,14.577,0.04,,,15.277,0.04,14.068,0.046,12.939,0.07,,,11.038,0.022,10.454,0.021,10.183,0.021,3623,424,265,4.996,0.12,0.12,-0.101,0.2,0.4,0.258,0.12,0.082,0.25,0.167,0.104,12.73,12.09,6.201,42.05,32.35,14.08,0.007,0.006,0.004,,,
2226,2226,2226,211958159,08 51 26.208,+19 35 52.72,1,13.73,,,548-046631,08512620+1935527,,STAR,gri,rpm,29.8,1.7,-49.9,2.2,,,15.168,0.01,14.07,0.01,,,14.693,0.03,13.643,0.02,13.318,0.01,,,11.947,0.022,11.34,0.021,11.266,0.022,4479,53,71,4.682,0.045,0.025,-0.126,0.15,0.24,0.614,0.037,0.06,0.667,0.053,0.053,2.851,0.64,0.339,197.5,28.01,24.53,0.022,0.005,0.005,,,
2227,2227,2227,211958175,08 59 35.102,+19 35 53.44,1,12.785,,,548-046940,08593510+1935534,,STAR,gri,rpm,35.1,1.5,-33.1,1.5,,,13.592,0.01,12.938,0.02,,,13.216,0.01,12.793,0.03,12.6,0.01,,,11.694,0.022,11.375,0.021,11.314,0.018,5870,120,168,4.447,0.08,0.24,-0.506,0.25,0.35,0.925,0.428,0.147,0.89,0.055,0.122,1.019,0.437,0.694,368.3,144.8,68.94,0.033,0.012,0.01,,,
2228,2228,2228,211958244,08 58 43.274,+19 35 56.82,1,13.162,,,548-046906,08584327+1935569,,STAR,gri,rpm,-30.2,3.2,-20.5,1.9,,,14.595,0.04,13.52,0.01,,,14.08,0.03,13.129,0.01,12.768,0.03,,,11.481,0.023,10.948,0.022,10.816,0.018,4629,73,55,4.644,0.048,0.03,-0.031,0.2,0.2,0.675,0.035,0.065,0.737,0.041,0.065,2.385,0.482,0.308,185.5,25.14,28.92,0.027,0.01,0.005,,,
2229,2229,2229,211958265,09 05 42.234,+19 35 57.71,1,16.396,,,,09054223+1935577,5061-301-1-0149-0164,EXTENDED,gri,,-3,2,-1,2,,,,,,,19.226,0.05,17.366,0.007,16.422,0.005,15.981,0.005,15.635,0.011,15.756,0.095,14.851,0.107,14.586,0.099,,,,,,,,,,,,,,,,,,,,,,,,,,,
2230,2230,2230,211958281,08 42 05.468,+19 35 58.25,1,10.371,,,548-046246,08420547+1935585,,STAR,gri,rpm,-5.5,0.7,-35.2,0.6,,,11.592,0.01,10.604,0.01,,,11.078,0.01,10.317,0.02,10.068,0.03,,,8.98,0.023,8.49,0.021,8.382,0.031,4942,79,59,3.296,0.3,0.48,-0.331,0.27,0.15,3.907,3.302,1.031,1.072,0.16,0.114,0.019,0.03,0.015,358,211.5,90.16,0.031,0.007,0.008,,,
2231,2231,2231,211958345,09 06 02.994,+19 36 02.19,1,15.197,,,549-046477,09060300+1936022,5061-301-1-0150-0004,STAR,gri,rpm,-1.1,4.5,-3.4,4.8,,,16.129,0.12,15.457,0.1,,,15.702,0.04,15.128,0.01,14.98,0.2,,,13.875,0.029,13.408,0.037,13.323,0.036,5366,154,185,4.505,0.07,1.19,-0.478,0.35,0.56,0.861,2.521,0.121,0.858,0.067,0.09,1.295,0.472,1.274,875.2,2236,148.9,0.035,0.007,0.007,,,
2232,2232,2232,211958352,08 55 05.097,+19 36 02.55,1,12.817,,,549-046084,08550510+1936026,,STAR,gri,rpm,-31.3,1.4,-13.5,1.8,,,13.615,0.03,12.961,0.01,,,13.217,0.03,12.812,0.01,12.646,0.01,,,11.716,0.022,11.403,0.021,11.314,0.021,5930,94,118,4.39,0.105,0.462,-0.526,0.35,0.42,1.017,0.655,0.177,0.88,0.099,0.099,0.826,0.483,0.653,412.9,232.5,82.64,0.031,0.012,0.006,,,
2233,2233,2233,211958442,08 57 52.244,+19 36 06.31,1,14.567,,,549-046190,08575224+1936063,,STAR,gri,rpm,-13.8,4.5,-13,4.8,,,16.484,0.08,15.207,0.048,,,15.919,0.01,14.617,0.01,13.988,0.09,,,12.55,0.022,11.881,0.019,11.735,0.018,3954,78,47,4.833,0.025,0.03,0.065,0.08,0.16,0.45,0.033,0.022,0.513,0.037,0.031,5.508,0.601,0.644,162.6,23.05,6.6,0.022,0.008,0.005,,,
2234,2234,2234,211958476,08 58 55.812,+19 36 08.23,1,13.803,,,549-046224,08585581+1936084,,STAR,gri,rpm,6.1,2.3,-35.2,2.8,,,15.6,0.04,14.331,0.03,,,14.993,0.05,13.84,0.01,13.293,0.04,,,11.84,0.023,11.207,0.022,11.068,0.018,4066,113,64,4.806,0.03,0.054,-0.024,0.2,0.16,0.486,0.053,0.035,0.552,0.059,0.049,4.64,0.837,0.92,131,22.92,16.91,0.018,0.006,0.008,,,
2235,2235,2235,211958523,08 52 04.593,+19 36 10.42,1,11.266,,1396-1066-1,549-045977,08520458+1936105,,STAR,gri,rpm,-13,1.6,-0.3,1.6,,,11.858,0.138,11.535,0.154,,,11.526,0.03,11.204,0.04,11.154,0.05,,,10.313,0.022,10.086,0.021,10.03,0.018,6362,152,126,4.107,0.175,0.245,-0.035,0.12,0.18,1.59,0.598,0.324,1.298,0.2,0.125,0.288,0.249,0.168,373.6,143.8,77.52,0.031,0.008,0.007,,,
2236,2236,2236,211958562,08 42 34.026,+19 36 12.27,1,15.073,,,549-045599,08423402+1936123,5037-301-2-0118-0398,STAR,JHK,rpm,-34.1,7.4,-15.3,7.2,,,,,,,,,,,,,,,,,12.931,0.023,12.379,0.022,12.106,0.022,3524,85,149,5.029,0.072,0.04,0.039,0.12,0.12,0.248,0.04,0.053,0.235,0.069,0.069,15.19,7.588,3.398,88.45,20.67,21.6,0.013,0.006,0.005,,,
2237,2237,2237,211958584,09 04 55.685,+19 36 13.70,1,14.437,,,549-046436,09045567+1936137,,STAR,gri,rpm,-14.7,4.7,0.5,5.1,,,15.627,0.08,14.695,0.01,,,15.139,0.05,14.402,0.04,14.136,0.074,,,13.016,0.021,12.606,0.024,12.479,0.02,5207,104,104,4.555,0.035,0.042,-0.08,0.18,0.3,0.812,0.065,0.06,0.873,0.056,0.078,1.596,0.258,0.262,527.8,68.79,52.61,0.032,0.011,0.006,,,
2238,2238,2238,211958605,08 59 17.928,+19 36 15.08,1,17.512,,,,08591792+1936150,,STAR,J,col,,,,,,,,,,,,,,,,,,,,,16.015,0.079,15.171,0.066,14.755,0.083,3844,372,372,4.924,0.156,0.156,-0.168,0.2,0.28,0.353,0.13,0.152,0.397,0.155,0.218,7.881,13.43,3.649,597.3,310.9,291.8,0.031,0.009,0.009,,,
2239,2239,2239,211958687,08 45 47.969,+19 36 18.76,1,16.271,,,,08454796+1936187,,STAR,JHK,col,,,,,,,,,,,,,,,,,,,,,13.898,0.027,13.254,0.026,13,0.029,3721,206,206,4.964,0.09,0.09,-0.096,0.16,0.24,0.31,0.088,0.092,0.343,0.114,0.137,10.45,7.713,3.858,188.2,70.4,67.59,0.024,0.008,0.008,,,
2240,2240,2240,211958743,08 52 29.624,+19 36 21.29,1,11.393,,,549-045995,08522962+1936212,,STAR,gri,rpm,-1.8,1.2,-7.7,1.4,,,12.779,0.01,11.628,0.01,,,12.217,0.02,11.288,0.04,11.041,0.02,,,9.757,0.02,9.238,0.021,9.093,0.019,4728,57,76,2.491,0.48,0.1,-0.12,0.15,0.12,11.035,0.499,4.778,1.296,0.234,0.167,0.001,0.005,2.43E-04,1334,66.07,527.1,0.034,0.01,0.008,,,
2241,2241,2241,211958858,08 56 23.205,+19 36 27.31,1,17.893,,,,08562320+1936273,5061-301-3-0135-0277,STAR,gri,rpm,24,4,-49,4,,,,,,,22.691,0.239,19.826,0.014,18.406,0.008,17.064,0.006,16.333,0.008,14.936,0.036,14.288,0.043,14.149,0.05,3699,91,136,5.016,0.049,0.035,-0.242,0.2,0.16,0.269,0.034,0.041,0.273,0.049,0.058,13.85,5.092,2.461,258,44.43,44.78,0.027,0.01,0.006,,,
2242,2242,2242,211958884,08 41 57.129,+19 36 28.45,1,17.799,,,,08415712+1936284,5061-301-6-0115-0423,EXTENDED,gri,,1,3,0,3,,,,,,,20.74,0.121,18.791,0.011,17.916,0.009,17.374,0.009,17.068,0.021,16.161,0.095,15.548,0.123,14.939,0.114,,,,,,,,,,,,,,,,,,,,,,,,,,,
2243,2243,2243,211958915,08 58 45.524,+19 36 30.09,1,17.376,,,,08584552+1936300,5071-301-2-0137-0204,EXTENDED,gri,,-1,3,-1,3,,,,,,,20.481,0.101,18.413,0.009,17.368,0.006,16.931,0.006,16.57,0.012,15.904,0.076,15.152,0.073,14.774,0.097,,,,,,,,,,,,,,,,,,,,,,,,,,,
2244,2244,2244,211958929,08 41 53.592,+19 36 30.68,1,17.806,,,,08415359+1936306,5061-301-6-0115-0418,STAR,gri,rpm,-46,3,-23,3,,,,,,,22.541,0.239,19.927,0.015,18.422,0.008,16.897,0.005,16.08,0.007,14.561,0.029,13.936,0.04,13.673,0.05,3533,86,150,5.115,0.025,0.045,-0.242,0.25,0.25,0.194,0.023,0.015,0.177,0.026,0.017,24.36,3.608,4.83,147.6,18.77,19.75,0.021,0.007,0.006,,,
2245,2245,2245,211958931,08 56 11.472,+19 36 30.80,1,15.259,,,549-046127,08561148+1936307,5061-301-3-0135-0086,STAR,gri,rpm,2.7,9.7,-5.5,7.9,,,16.308,0.075,15.578,0.055,,,15.959,0.04,15.21,0.01,14.959,0.26,,,13.713,0.026,13.153,0.024,13.056,0.023,4920,96,96,4.607,0.048,1.832,-0.413,0.3,0.3,0.718,5.814,0.074,0.758,0.162,0.09,2.071,0.477,2.067,596.3,4505,75.75,0.032,0.01,0.008,,,
2246,2246,2246,211959003,08 42 33.405,+19 36 34.56,1,17.797,,,,08423340+1936345,,STAR,JHK,rpm,4,3,6,2,,,,,,,,,,,,,,,,,15.349,0.068,14.626,0.086,14.422,0.093,4200,382,318,4.762,0.114,0.095,-0.158,0.2,0.24,0.52,0.108,0.121,0.567,0.102,0.123,4.038,2.511,1.339,721.7,245.1,213.6,0.033,0.011,0.008,,,
2247,2247,2247,211959014,08 54 45.314,+19 36 35.25,1,17.747,,,,08544531+1936352,5061-301-3-0133-0226,EXTENDED,gri,,-3,3,1,3,,,,,,,20.866,0.101,18.81,0.01,17.731,0.007,17.292,0.007,16.938,0.017,16.227,0.089,15.358,0.097,15.031,0.117,,,,,,,,,,,,,,,,,,,,,,,,,,,
2248,2248,2248,211959016,08 58 58.920,+19 36 35.30,1,16.089,,,,08585892+1936353,5071-301-2-0137-0252,EXTENDED,gri,,-2,2,0,2,,,,,,,19.12,0.04,17.11,0.005,16.087,0.004,15.651,0.003,15.304,0.006,14.837,0.052,14.082,0.066,13.706,0.06,,,,,,,,,,,,,,,,,,,,,,,,,,,
2249,2249,2249,211959024,08 42 32.469,+19 36 35.74,1,16.493,,,,08423246+1936357,,STAR,JHK,col,,,,,,,,,,,,,,,,,,,,,14.261,0.029,13.727,0.04,13.409,0.035,3517,158,190,5.052,0.084,0.07,-0.028,0.15,0.18,0.227,0.063,0.058,0.217,0.089,0.063,17.53,10.9,5.815,147.4,53.28,45.61,0.02,0.007,0.007,,,
2250,2250,2250,211959053,08 39 56.292,+19 36 37.52,1,15.487,,,549-045459,08395629+1936375,,STAR,gri,rpm,-23.7,3.7,15.1,3.9,,,17.314,0.109,16.197,0.07,,,16.878,0.16,15.5,0.02,14.891,0.03,,,13.439,0.024,12.77,0.03,12.614,0.024,3963,63,47,4.842,0.035,0.035,-0.02,0.12,0.12,0.443,0.036,0.033,0.5,0.047,0.04,5.621,0.983,0.837,239.6,26.77,24.08,0.028,0.005,0.007,,,
2251,2251,2251,211959078,08 55 32.796,+19 36 38.84,1,15.307,,,549-046105,08553280+1936389,5061-301-3-0134-0282,STAR,gri,rpm,-21.3,3.2,-7.3,3.2,,,17.78,0.17,16.155,0.069,,,17.039,0.071,15.594,0.065,14.564,0.04,,,12.695,0.022,12.019,0.021,11.811,0.018,3638,109,87,4.948,0.05,0.06,0.13,0.06,0.1,0.326,0.057,0.048,0.343,0.075,0.054,9.506,3.2,2.394,108.5,25.36,17.43,0.014,0.005,0.002,,,
2252,2252,2252,211959104,09 05 35.240,+19 36 40.77,1,17.164,,,,,5061-301-1-0149-0156,EXTENDED,gri,,-5,2,-9,2,,,,,,,18.993,0.035,17.73,0.008,17.226,0.007,16.922,0.01,16.697,0.025,,,,,,,,,,,,,,,,,,,,,,,,,,,,,,,,,
2253,2253,2253,211959112,08 52 08.054,+19 36 41.14,1,17.847,,,,,5061-301-4-0129-0313,EXTENDED,gri,,-3,2,0,2,,,,,,,18.967,0.032,18.068,0.007,17.773,0.011,17.455,0.01,17.315,0.037,,,,,,,,,,,,,,,,,,,,,,,,,,,,,,,,,
2254,2254,2254,211959132,08 51 19.658,+19 36 42.17,1,17.409,,,,08511965+1936421,5061-301-4-0128-0247,EXTENDED,gri,,-6,2,0,2,,,,,,,20.102,0.099,18.419,0.011,17.414,0.008,16.976,0.008,16.635,0.024,16.742,0.168,15.883,0.181,15.535,0.184,,,,,,,,,,,,,,,,,,,,,,,,,,,
2255,2255,2255,211959257,08 41 04.250,+19 36 48.69,1,18.105,,,,08410425+1936486,,STAR,J,col,,,,,,,,,,,,,,,,,,,,,16.56,0.134,15.538,0.118,15.142,0.144,3922,338,405,4.898,0.156,0.13,-0.254,0.25,0.3,0.373,0.132,0.144,0.411,0.148,0.208,7.229,9.757,3.302,806.7,428.4,362.4,0.032,0.01,0.007,,,
2256,2256,2256,211959273,08 38 58.327,+19 36 49.58,1,13.38,,,549-045416,08385833+1936497,,STAR,gri,rpm,-27.5,2.3,-12.6,2.5,,,14.899,0.04,13.771,0.02,,,14.379,0.036,13.301,0.01,12.952,0.03,,,11.702,0.02,11.165,0.023,11.037,0.022,4490,54,90,4.675,0.13,0.025,-0.013,0.15,0.51,0.639,0.033,0.163,0.711,0.037,0.187,2.718,2.116,0.296,188,6.339,53.06,0.024,0.022,0.007,,,
2257,2257,2257,211959327,09 06 19.258,+19 36 52.45,1,12.274,,,549-046492,09061925+1936524,,STAR,gri,rpm,-37.6,1.2,-14.4,0.6,,,12.942,0.01,12.366,0.05,,,12.571,0.05,12.202,0.04,12.148,0.09,,,11.327,0.025,11.066,0.027,10.969,0.021,6121,149,186,4.304,0.12,0.168,-0.481,0.3,0.42,1.131,0.23,0.191,0.924,0.13,0.093,0.657,0.284,0.274,387.6,104,69.64,0.032,0.007,0.008,,,
2258,2258,2258,211959419,08 50 56.877,+19 36 57.89,1,16.48,,,,08505687+1936578,5061-301-4-0128-0146,STAR,gri,rpm,-38,3,-11,3,,,,,,,20.727,0.06,18.408,0.007,16.983,0.005,15.653,0.005,14.936,0.005,13.567,0.026,12.935,0.022,12.694,0.028,3642,108,86,5.031,0.035,0.056,-0.132,0.12,0.18,0.258,0.044,0.032,0.255,0.065,0.046,14.92,3.435,3.757,132.5,24.98,24.8,0.017,0.005,0.004,,,
2259,2259,2259,211959428,08 53 26.625,+19 36 58.28,1,11.601,,1397-29-1,549-046023,08532661+1936582,,STAR,gri,rpm,-3.2,2.4,-5.4,2.4,,,12.681,0.365,11.645,0.195,,,11.996,0.03,11.515,0.02,11.432,0.01,,,10.539,0.023,10.247,0.022,10.16,0.018,5922,95,95,4.113,0.315,0.175,0.046,0.12,0.18,1.483,0.352,0.479,1.142,0.126,0.108,0.325,0.61,0.164,364.8,81.94,121.5,0.031,0.007,0.008,,,
2260,2260,2260,211959434,08 41 23.888,+19 36 58.75,1,15.212,,,549-045545,08412389+1936585,,STAR,gri,rpm,3.5,3.7,-3.6,4,,,16.284,0.1,15.433,0.03,,,15.831,0.07,15.14,0.03,14.947,0.091,,,13.856,0.027,13.39,0.033,13.254,0.035,5146,124,124,4.557,0.045,1.197,-0.288,0.25,0.45,0.787,2.433,0.077,0.834,0.082,0.082,1.653,0.357,1.627,752.8,2195,92.6,0.034,0.01,0.008,,,
2261,2261,2261,211959439,08 52 50.596,+19 36 58.91,1,15.118,,,549-046010,08525058+1936589,5071-301-3-0128-0098,STAR,gri,rpm,16.8,3,-50.6,3.2,,,15.724,0.09,15.124,0.047,,,15.356,0.043,14.999,0.02,15.016,0.11,,,14.105,0.029,13.803,0.031,13.794,0.043,6166,98,147,4.505,0.03,0.102,-1.863,0.56,0.4,0.778,0.137,0.019,0.723,0.032,0.014,1.507,0.145,0.483,965.9,218,37.08,0.03,0.008,0.007,,,
2262,2262,2262,211959445,08 59 02.796,+19 36 59.10,1,17.135,,,,08590279+1936591,,STAR,J,rpm,4,2,6,1,,,,,,,,,,,,,,,,,15.664,0.062,15.008,0.071,14.59,0.078,3888,385,275,4.876,0.12,0.144,-0.132,0.2,0.24,0.369,0.137,0.116,0.415,0.154,0.154,6.692,5.769,3.098,546.5,301.9,194.5,0.033,0.008,0.007,,,
2263,2263,2263,211959469,09 02 36.723,+19 37 00.13,1,12.348,,,549-046352,09023671+1937000,,STAR,gri,lam,5,3.3,-6.9,1.7,,,13.639,0.01,12.613,0.031,,,13.108,0.01,12.327,0.02,12.022,0.02,,,10.816,0.022,10.26,0.022,10.207,0.02,4880,58,78,3.19,0.12,0.144,-0.244,0.15,0.12,4.365,0.88,0.636,1.136,0.157,0.131,0.013,0.007,0.005,961.1,157.7,160.2,0.034,0.01,0.006,,,
2264,2264,2264,211959487,08 41 54.770,+19 37 00.99,1,19.132,,,,08415476+1937009,5061-301-6-0115-0597,STAR,gri,rpm,-41,12,-15,12,,,,,,,26.397,0.263,21.505,0.045,19.932,0.019,18.115,0.009,17.117,0.013,15.53,0.054,14.811,0.06,14.537,0.08,2923,29,29,5.213,0.02,0.02,0.052,0.16,0.06,0.139,0.003,0.003,0.115,0.002,0.002,42.94,2.577,2.577,123.6,5.232,3.709,0.015,0.006,0.003,,,
2265,2265,2265,211959509,08 38 23.693,+19 37 02.59,1,12.396,,,549-045387,08382369+1937025,,STAR,gri,rpm,-3.3,0.7,1,2.1,,,13.535,0.01,12.632,0.031,,,13.042,0.031,12.37,0.041,12.119,0.01,,,10.997,0.026,10.516,0.029,10.444,0.02,5019,123,82,2.476,1.037,0.102,-0.643,0.2,0.28,8.849,1.424,6.03,0.952,0.104,0.058,0.001,0.041,3.49E-04,2036,340.8,1332,0.032,0.007,0.005,,,
2266,2266,2266,211959536,08 42 16.851,+19 37 04.00,1,12.885,,,549-045590,08421685+1937040,,STAR,gri,rpm,-9.8,1.4,-5.8,1.5,,,13.766,0.01,13.028,0.01,,,13.352,0.032,12.814,0.01,12.685,0.02,,,11.743,0.022,11.435,0.022,11.361,0.016,5744,114,91,4.423,0.07,0.392,-0.015,0.12,0.18,1.027,0.638,0.113,1.015,0.089,0.074,0.935,0.27,0.697,409.1,252.5,51.14,0.032,0.01,0.007,,,
2267,2267,2267,211959554,08 47 36.991,+19 37 05.14,1,17.499,,,,,5037-301-1-0125-0528,EXTENDED,gri,,-2,3,8,3,,,,,,,19.707,0.073,18.226,0.012,17.502,0.01,17.187,0.011,16.991,0.032,,,,,,,,,,,,,,,,,,,,,,,,,,,,,,,,,
2268,2268,2268,211959569,08 45 50.582,+19 37 05.90,1,11.19,,1396-1116-1,549-045731,08455057+1937059,,STAR,gri,rpm,-18.5,1.6,-15.7,1.6,,,11.711,0.093,11.19,0.095,,,11.487,0.03,11.132,0.04,11.063,0.02,,,10.239,0.022,10.028,0.022,9.957,0.02,6329,127,152,4.201,0.12,0.192,-0.058,0.15,0.18,1.425,0.433,0.218,1.231,0.139,0.116,0.378,0.201,0.187,327.8,91.02,62.1,0.03,0.008,0.006,,,
2269,2269,2269,211959628,08 46 38.949,+19 37 08.85,1,16.862,,,,08463894+1937088,5037-301-1-0124-0305,STAR,gri,rpm,-37,3,-13,3,,,,,,,21.608,0.093,18.882,0.009,17.43,0.006,15.996,0.005,15.212,0.005,13.773,0.029,13.137,0.033,12.93,0.03,3565,106,63,5.032,0.056,0.04,-0.091,0.16,0.2,0.25,0.035,0.045,0.246,0.043,0.05,15.8,6.214,2.958,137.1,19.87,24.11,0.021,0.007,0.005,,,
2270,2270,2270,211959631,08 58 55.125,+19 37 08.86,1,16.545,,,,08585512+1937088,5071-301-2-0137-0240,EXTENDED,gri,,0,2,-5,2,,,,,,,19.494,0.053,17.589,0.006,16.545,0.004,16.097,0.004,15.705,0.008,15.319,0.064,14.572,0.076,14.176,0.075,,,,,,,,,,,,,,,,,,,,,,,,,,,
2271,2271,2271,211959666,09 03 21.893,+19 37 11.14,1,17.195,,,,09032189+1937111,5071-301-1-0143-0119,EXTENDED,gri,,0,2,-2,2,,,,,,,20.218,0.065,18.176,0.008,17.221,0.005,16.774,0.005,16.433,0.01,15.68,0.07,14.971,0.073,14.428,0.073,,,,,,,,,,,,,,,,,,,,,,,,,,,
2272,2272,2272,211959709,09 02 13.232,+19 37 13.16,1,19.555,,,,09021323+1937131,5071-301-1-0142-0318,STAR,gri,col,,,,,,,,,,,23.344,0.467,21.394,0.049,19.945,0.02,18.767,0.012,18.102,0.021,16.844,0.149,16.054,0.132,15.738,0.198,3303,33,33,5.119,0.02,0.02,0.071,0.1,0.08,0.182,0.011,0.009,0.159,0.012,0.008,26.37,2.544,2.759,385,70.47,80.73,0.029,0.008,0.006,,,
2273,2273,2273,211959740,09 04 57.844,+19 37 15.34,1,16.942,,,,09045784+1937153,5061-301-1-0148-0188,EXTENDED,gri,,-1,2,-1,2,,,,,,,19.421,0.05,17.879,0.007,16.975,0.005,16.541,0.006,16.179,0.014,15.853,0.093,15.476,0.12,14.882,0.115,,,,,,,,,,,,,,,,,,,,,,,,,,,
2274,2274,2274,211959779,08 40 09.682,+19 37 17.13,1,11.796,,,549-045474,08400968+1937170,,STAR,gri,rpm,-34.5,0.8,-11.1,1.7,,,12.808,0.041,11.973,0.02,,,12.371,0.01,11.715,0.01,11.55,0.02,,,10.556,0.02,10.24,0.021,10.133,0.02,5488,54,55,4.498,0.025,0.64,0.032,0.12,0.08,0.908,1.158,0.037,0.968,0.188,0.049,1.262,0.109,1.133,214.2,245.1,31.47,0.028,0.004,0.003,,,
2275,2275,2275,211959822,09 04 59.964,+19 37 19.63,1,16.639,,,,09045996+1937196,5061-301-1-0148-0193,EXTENDED,gri,,4,4,6,2,,,,,,,19.744,0.052,17.677,0.006,16.64,0.004,16.194,0.005,15.822,0.009,15.17,0.057,14.652,0.075,14.314,0.068,,,,,,,,,,,,,,,,,,,,,,,,,,,
2276,2276,2276,211959842,08 55 44.470,+19 37 21.10,1,19.984,,,,,5061-301-3-0135-0152,STAR,gri,,0,3,-3,3,,,,,,,20.385,0.045,20.088,0.016,19.949,0.019,19.804,0.024,19.582,0.075,,,,,,,,,,,,,,,,,,,,,,,,,,,,,,,,,
2277,2277,2277,211959854,08 43 45.716,+19 37 22.42,1,18.711,,,,,5037-301-2-0120-0063,STAR,gri,,2,3,0,3,,,,,,,18.879,0.018,18.742,0.008,18.701,0.009,18.507,0.01,18.341,0.023,,,,,,,,,,,,,,,,,,,,,,,,,,,,,,,,,
2278,2278,2278,211959857,08 41 20.442,+19 37 22.52,1,15.092,,,549-045543,08412044+1937224,,STAR,gri,rpm,-33,3.6,-6.8,3.8,,,17.443,0.115,15.983,0.064,,,16.761,0.01,15.323,0.07,14.377,0.04,,,12.676,0.022,11.956,0.026,11.789,0.024,3792,77,92,4.884,0.056,0.035,0.135,0.09,0.15,0.392,0.038,0.06,0.44,0.049,0.069,7.056,2.246,1.119,143.3,18.82,24.21,0.019,0.006,0.005,,,
2279,2279,2279,211959859,08 52 48.772,+19 37 22.62,1,17.414,,,,08524877+1937226,5071-301-3-0128-0199,EXTENDED,gri,,1,3,0,3,,,,,,,19.186,0.024,17.949,0.006,17.457,0.005,17.185,0.006,17.044,0.012,16.186,0.096,15.565,0.109,15.742,0.211,,,,,,,,,,,,,,,,,,,,,,,,,,,
2280,2280,2280,211959865,08 56 55.118,+19 37 23.03,1,12.203,,,549-046153,08565512+1937230,,STAR,gri,rpm,-2.3,1,-8.1,2,,,12.887,0.03,12.335,0.01,,,12.551,0.04,12.2,0.02,12.054,0.04,,,11.205,0.023,10.916,0.022,10.839,0.02,6119,122,122,4.118,0.24,0.18,-0.231,0.24,0.24,1.476,0.375,0.425,1.089,0.157,0.112,0.326,0.469,0.146,489.7,126.2,142.6,0.03,0.012,0.006,,,
2281,2281,2281,211959887,08 46 58.953,+19 37 24.35,1,12.876,,,549-045779,08465895+1937244,,STAR,gri,rpm,21.1,1.8,-36.3,1.8,,,14.077,0.02,13.119,0.01,,,13.608,0.03,12.81,0.01,12.563,0.062,,,11.433,0.026,10.93,0.032,10.845,0.022,4921,80,60,4.613,0.025,0.04,-0.111,0.16,0.2,0.716,0.055,0.043,0.777,0.05,0.06,2.079,0.254,0.309,207.9,26.33,16.98,0.024,0.005,0.004,,,
2282,2282,2282,211959925,08 46 23.455,+19 37 26.67,1,14.607,,,549-045760,08462344+1937267,5037-301-1-0124-0060,STAR,gri,rpm,3.2,3.9,7.8,5.3,,,16,0.1,14.91,0.03,,,15.437,0.02,14.594,0.01,14.251,0.07,,,12.993,0.022,12.333,0.025,12.247,0.023,4669,56,74,1.807,1.025,0.2,-0.886,0.42,0.3,18.362,4.542,12.282,0.832,0.067,0.042,1.17E-04,0.004,5.16E-05,10050,1835,6631,0.041,0.005,0.012,,,
2283,2283,2283,211959945,08 57 59.104,+19 37 27.69,1,14.353,,,549-046195,08575910+1937275,5071-301-2-0136-0021,STAR,gri,rpm,-4.2,2.1,-8.7,3.1,,,15.451,0.04,14.588,0.01,,,15.003,0.03,14.329,0.04,14.075,0.03,,,13.025,0.024,12.607,0.023,12.512,0.023,5247,104,125,4.545,0.04,0.992,-0.205,0.2,0.48,0.832,2.052,0.079,0.878,0.069,0.082,1.501,0.283,1.46,556,1278,69.07,0.033,0.01,0.007,,,
2284,2284,2284,211960078,09 03 22.775,+19 37 34.34,1,11.199,,,549-046371,09032277+1937343,,STAR,gri,rpm,-5.8,1.7,2.1,0.9,,,12.503,0.01,11.461,0.01,,,11.979,0.03,11.177,0.01,10.865,0.06,,,9.69,0.022,9.222,0.021,9.044,0.017,4861,59,59,2.467,0.663,0.085,-0.33,0.24,0.12,10.497,0.627,5.415,1.177,0.546,0.152,9.66E-04,0.008,1.81E-04,1264,97.88,601.7,0.034,0.01,0.007,,,
2285,2285,2285,211960144,09 04 04.199,+19 37 37.61,1,14.853,,,549-046395,09040419+1937377,,STAR,gri,rpm,-9.3,4.6,1.2,5,,,15.868,0.11,15.008,0.02,,,15.453,0.02,14.785,0.09,14.596,0.03,,,13.568,0.026,13.162,0.026,13.058,0.032,5345,129,161,4.541,0.04,0.096,-0.18,0.2,0.32,0.814,0.139,0.068,0.864,0.07,0.082,1.548,0.313,0.477,708,187.4,78.44,0.035,0.01,0.007,,,
2286,2286,2286,211960212,08 38 18.222,+19 37 41.04,1,13.478,,,549-045380,08381822+1937410,,STAR,gri,lam,3,6.3,2.4,6.3,,,14.565,0.02,13.705,0.01,,,14.111,0.034,13.447,0.02,13.207,0.04,,,12.115,0.024,11.656,0.03,11.609,0.02,5032,102,81,3.477,0.145,0.145,-0.337,0.15,0.12,3.097,0.508,0.516,1.103,0.13,0.108,0.036,0.022,0.014,1248,198.1,202.2,0.034,0.007,0.007,,,
2287,2287,2287,211960236,08 55 43.653,+19 37 42.41,1,16.287,,,,08554365+1937424,5061-301-3-0135-0150,STAR,gri,rpm,-41,3,-12,3,,,,,,,20.991,0.067,18.214,0.007,16.815,0.005,15.461,0.005,14.76,0.005,13.333,0.023,12.725,0.026,12.495,0.02,3613,169,84,5,0.02,0.044,0.036,0.12,0.3,0.277,0.045,0.02,0.281,0.066,0.025,12.85,1.568,2.876,122.2,31.36,8.421,0.017,0.006,0.004,,,
2288,2288,2288,211960243,09 02 28.770,+19 37 42.80,1,17.526,,,,09022877+1937427,5071-301-1-0142-0220,EXTENDED,gri,,-5,2,0,2,,,,,,,19.626,0.051,18.304,0.009,17.592,0.008,17.192,0.008,16.961,0.019,16.597,0.125,15.968,0.148,15.313,0.144,,,,,,,,,,,,,,,,,,,,,,,,,,,
2289,2289,2289,211960252,08 43 47.482,+19 37 43.10,1,13.707,,,549-045647,08434748+1937431,,STAR,gri,lam,-8.2,1.9,-6.7,2.3,,,14.743,0.02,13.898,0.02,,,14.29,0.035,13.661,0.044,13.457,0.066,,,12.415,0.025,11.969,0.022,11.881,0.018,5116,103,82,3.566,0.11,0.11,-0.449,0.15,0.15,2.776,0.389,0.405,1.031,0.134,0.084,0.047,0.025,0.016,1309,176.7,155.7,0.034,0.01,0.006,,,
2290,2290,2290,211960271,08 42 05.132,+19 37 44.48,1,17.049,,,,08420513+1937444,5061-301-6-0115-0450,EXTENDED,gri,,-5,3,0,3,,,,,,,19.006,0.044,17.697,0.007,17.036,0.006,16.772,0.008,16.582,0.021,16.57,0.142,15.965,0.172,,,,,,,,,,,,,,,,,,,,,,,,,,,,,
2291,2291,2291,211960407,08 47 08.689,+19 37 51.77,1,14.914,,,549-045783,08470869+1937519,,EXTENDED,gri,,-0.3,9.8,-2.1,5.8,,,16.366,0.05,15.279,0.04,,,15.871,0.02,14.907,0.02,14.504,0.01,,,13.829,0.081,13.212,0.096,12.821,0.069,,,,,,,,,,,,,,,,,,,,,,,,,,,
2292,2292,2292,211960423,08 59 56.135,+19 37 52.43,1,12.333,,,549-046252,08595614+1937524,,STAR,gri,rpm,-1.4,0.9,2.6,2.2,,,13.011,0.01,12.44,0.01,,,12.658,0.02,12.33,0.02,12.194,0.04,,,11.362,0.023,11.083,0.021,11.044,0.02,6244,122,122,4.129,0.16,0.224,-0.232,0.2,0.36,1.468,0.552,0.299,1.152,0.17,0.204,0.335,0.261,0.185,540.8,190.7,109.6,0.033,0.007,0.007,,,
2293,2293,2293,211960450,08 41 28.056,+19 37 53.63,1,17.663,,,,08412805+1937536,5071-301-6-0112-0353,EXTENDED,gri,,4,3,3,3,,,,,,,20.703,0.137,18.702,0.012,17.677,0.008,17.218,0.008,16.885,0.018,16.332,0.113,15.769,0.165,15.151,0.161,,,,,,,,,,,,,,,,,,,,,,,,,,,
2294,2294,2294,211960460,08 59 26.940,+19 37 54.11,1,14.26,,,549-046240,08592695+1937541,5071-301-2-0138-0042,STAR,gri,rpm,-29.8,2.3,-40,5.3,,,16.282,0.02,14.862,0.02,,,15.631,0.06,14.315,0.01,13.673,0.01,,,12.217,0.022,11.561,0.021,11.439,0.02,3961,39,47,4.824,0.048,0.02,0.076,0.1,0.14,0.46,0.016,0.044,0.522,0.017,0.05,5.276,1.215,0.42,143.6,14.22,15.38,0.02,0.006,0.004,,,
2295,2295,2295,211960505,09 04 15.062,+19 37 56.64,1,15.356,,,,09041506+1937566,5061-301-1-0147-0196,EXTENDED,gri,,-4,2,-4,2,,,,,,,18.274,0.026,16.334,0.004,15.38,0.003,14.937,0.003,14.589,0.006,14.625,0.059,13.91,0.073,13.581,0.073,,,,,,,,,,,,,,,,,,,,,,,,,,,
2296,2296,2296,211960520,08 39 20.445,+19 37 57.31,1,14.169,,,549-045437,08392044+1937574,,STAR,gri,lam,-6.8,3.3,-20,3.1,,,15.664,0.05,14.512,0.01,,,15.113,0.03,14.067,0.02,13.765,0.04,,,12.525,0.022,11.961,0.023,11.848,0.019,4540,136,136,4.666,0.036,0.03,-0.035,0.12,0.15,0.637,0.049,0.046,0.709,0.042,0.042,2.648,0.392,0.342,274.6,29.27,31.43,0.028,0.007,0.006,,,
2297,2297,2297,211960529,08 40 58.437,+19 37 57.70,1,17.545,,,,08405843+1937576,5071-301-6-0111-0271,STAR,gri,col,,,,,,,,,,,22.126,0.204,19.399,0.011,18.019,0.007,16.75,0.005,16.093,0.007,14.721,0.04,14.151,0.045,13.824,0.058,3265,32,32,5.123,0.02,0.02,0.138,0.06,0.08,0.178,0.007,0.004,0.153,0.009,0.005,27,1.62,1.802,130.2,9.311,10.36,0.016,0.005,0.005,,,
2298,2298,2298,211960534,08 59 55.238,+19 37 57.90,1,18.87,,,,08595523+1937579,,STAR,JHK,col,,,,,,,,,,,,,,,,,,,,,15.979,0.082,15.151,0.088,14.796,0.089,3959,318,382,4.878,0.15,0.125,-0.208,0.24,0.28,0.376,0.148,0.134,0.441,0.137,0.192,6.548,7.876,2.823,689,320.8,315.2,0.032,0.01,0.007,,,
2299,2299,2299,211960557,09 03 01.435,+19 37 59.59,1,14.414,,,549-046358,09030143+1937596,,STAR,gri,rpm,20.6,5.1,-2.7,3,,,15.533,0.03,14.654,0.02,,,15.064,0.01,14.436,0.02,14.136,0.05,,,13.077,0.025,12.628,0.022,12.506,0.02,5204,103,82,4.548,0.066,1.133,-0.611,0.35,0.35,0.787,2.192,0.1,0.813,0.09,0.108,1.626,0.547,1.594,544.5,1445,92.03,0.034,0.01,0.007,,,
2300,2300,2300,211960581,08 42 04.703,+19 38 00.76,1,18.079,,,,08420470+1938007,,STAR,JHK,col,,,,,,,,,,,,,,,,,,,,,15.961,0.07,15.154,0.083,15.143,0.137,4139,283,283,4.8,0.126,0.09,-0.24,0.25,0.3,0.471,0.093,0.118,0.525,0.097,0.136,4.52,3.173,1.429,863.6,277.5,245.4,0.034,0.008,0.007,,,
2301,2301,2301,211960587,08 40 33.464,+19 38 00.96,1,11.992,,,549-045501,08403347+1938009,,STAR,gri,rpm,-36.1,1.5,-11.7,1.8,,,13.094,0.041,12.198,0.01,,,12.632,0.01,11.901,0.01,11.718,0.01,,,10.706,0.023,10.262,0.021,10.169,0.018,5106,122,61,4.578,0.025,0.755,-0.103,0.12,0.18,0.775,1.37,0.023,0.852,0.095,0.047,1.776,0.149,1.663,183.5,283.8,11.85,0.027,0.008,0.008,,,
2302,2302,2302,211960605,08 52 56.536,+19 38 02.09,1,19.271,,,,,5071-301-3-0128-0370,EXTENDED,gri,,7,3,-1,3,,,,,,,20.383,0.081,19.441,0.017,19.214,0.021,19.075,0.026,19.131,0.104,,,,,,,,,,,,,,,,,,,,,,,,,,,,,,,,,
2303,2303,2303,211960610,08 52 05.974,+19 38 02.45,1,17,,,,08520597+1938024,5061-301-4-0129-0316,STAR,gri,rpm,-70,3,-61,3,,,,,,,21.832,0.13,19.045,0.009,17.531,0.006,16.123,0.005,15.398,0.006,13.963,0.024,13.415,0.026,13.114,0.029,3403,120,100,5.126,0.025,0.035,-0.102,0.16,0.16,0.181,0.02,0.012,0.165,0.02,0.015,26.26,3.891,4.419,102.2,19.77,7.259,0.018,0.003,0.004,,,
2304,2304,2304,211960645,08 41 55.054,+19 38 04.62,1,10.988,,,549-045570,08415505+1938047,,STAR,gri,rpm,0.5,1.2,-5.2,1.1,,,11.493,0.02,10.997,0.01,,,11.199,0.01,10.918,0.02,10.877,0.03,,,10.154,0.022,9.94,0.023,9.898,0.021,6524,130,130,4.018,0.235,0.282,-0.041,0.1,0.14,1.792,0.876,0.506,1.417,0.241,0.172,0.186,0.26,0.108,412.7,201.7,116.5,0.031,0.008,0.007,,,
2305,2305,2305,211960649,08 41 19.923,+19 38 04.73,1,13.166,,,549-045541,08411992+1938047,,STAR,gri,lam,-37.8,2.1,-11.3,3.3,,,14.751,0.01,13.555,0.03,,,14.197,0.035,13.085,0.01,12.724,0.01,,,11.455,0.023,10.896,0.021,10.762,0.02,4395,177,141,4.683,0.056,0.035,0.017,0.12,0.12,0.623,0.043,0.071,0.691,0.042,0.068,2.809,0.76,0.391,158.3,20.96,25.29,0.021,0.006,0.004,,,
2306,2306,2306,211960731,08 40 55.978,+19 38 09.46,1,12.377,,,549-045522,08405595+1938088,,STAR,gri,rpm,-17.8,6.9,10,5.5,,,13.729,0.02,12.76,0.01,,,13.246,0.01,12.408,0.01,12.005,0.01,,,10.736,0.026,10.185,0.03,10.008,0.022,4652,92,55,2.158,0.395,1.106,-0.712,0.3,1.32,12.311,29.964,3.972,0.918,0.064,0.116,3.36E-04,9.28E-04,3.28E-04,2302,5321,694.8,0.036,0.004,0.01,,,
2307,2307,2307,211960745,08 56 18.863,+19 38 10.15,1,18.37,,,,08561886+1938101,,STAR,J,rpm,6,1,6,1,,,,,,,,,,,,,,,,,16.807,0.163,16.141,0.208,15.767,0.207,3948,574,318,4.883,0.125,0.175,-0.283,0.25,0.4,0.371,0.169,0.116,0.417,0.197,0.164,6.71,6.373,3.699,963.6,767.4,372.2,0.033,0.01,0.007,,,
2308,2308,2308,211960810,08 56 42.651,+19 38 13.33,1,16.736,,,,08564265+1938133,5061-301-3-0136-0227,EXTENDED,gri,,0,2,0,2,,,,,,,19.641,0.063,17.861,0.008,16.754,0.005,16.254,0.005,15.851,0.012,15.5,0.068,14.742,0.072,14.241,0.072,,,,,,,,,,,,,,,,,,,,,,,,,,,
2309,2309,2309,211960839,08 55 34.235,+19 38 15.18,1,11.944,,,549-046107,08553423+1938151,,STAR,gri,rpm,-3.6,1.1,-3.7,1.4,,,13.166,0.05,12.209,0.01,,,12.644,0.04,11.937,0.04,11.644,0.01,,,10.476,0.02,9.95,0.021,9.87,0.017,4895,99,79,2.524,0.612,0.216,-0.578,0.25,0.4,8.722,2.437,4.347,1.018,0.17,0.122,0.001,0.009,6.49E-04,1607,494,784.8,0.033,0.01,0.007,,,
2310,2310,2310,211960925,08 57 40.660,+19 38 20.09,1,16.816,,,,08574065+1938200,5071-301-2-0135-0310,EXTENDED,gri,,-4,2,-1,2,,,,,,,18.881,0.044,17.626,0.007,16.85,0.006,16.469,0.006,16.156,0.014,16.048,0.103,15.462,0.147,14.804,0.115,,,,,,,,,,,,,,,,,,,,,,,,,,,
2311,2311,2311,211960926,08 58 29.514,+19 38 20.11,1,14.488,,,549-046209,08582950+1938202,,STAR,gri,rpm,14,4.6,-21.9,5,,,15.816,0.02,14.79,0.02,,,15.324,0.02,14.425,0.02,14.13,0.04,,,12.891,0.023,12.357,0.021,12.247,0.02,4779,57,77,4.621,0.035,0.035,-0.031,0.15,0.24,0.701,0.052,0.058,0.772,0.04,0.073,2.127,0.418,0.296,384.4,36.7,38.79,0.031,0.008,0.006,,,
2312,2312,2312,211960940,08 38 23.562,+19 38 20.63,1,12.3,,,549-045386,08382356+1938205,,STAR,gri,rpm,-7.5,2,3.8,1.2,,,13.177,0.01,12.439,0.01,,,12.766,0.01,12.248,0.02,12.1,0.061,,,11.163,0.027,10.799,0.03,10.764,0.02,5607,167,134,4.232,0.245,0.637,-0.177,0.2,0.6,1.31,1.699,0.446,0.993,0.142,0.118,0.38,0.914,0.334,411.5,510.6,154.5,0.031,0.013,0.011,,,
2313,2313,2313,211960946,08 46 28.407,+19 38 20.88,1,17.369,,,,08462840+1938208,,STAR,J,col,,,,,,,,,,,,,,,,,,,,,15.882,0.116,15.209,0.132,14.737,0.124,3822,493,352,4.923,0.14,0.196,-0.213,0.25,0.3,0.32,0.172,0.112,0.365,0.208,0.174,8.976,10.44,5.419,544.8,432.9,241.2,0.031,0.01,0.008,,,
2314,2314,2314,211960974,08 40 12.321,+19 38 22.36,1,9.812,,,549-045476,08401231+1938222,,STAR,gri,rpm,-36.1,0.5,-14.3,1.1,,,10.364,0.04,9.883,0.03,,,10.134,0.03,9.799,0.05,9.674,0.03,,,8.928,0.023,8.714,0.021,8.669,0.023,6313,126,126,4.175,0.155,0.279,-0.011,0.1,0.16,1.497,0.738,0.272,1.271,0.228,0.125,0.36,0.244,0.232,181.1,84.07,34.57,0.024,0.007,0.006,,,
2315,2315,2315,211961015,08 42 26.349,+19 38 24.58,1,17.384,,,,08422634+1938245,5037-301-2-0118-0379,EXTENDED,gri,,2,3,-1,3,,,,,,,20.11,0.058,18.368,0.008,17.39,0.006,16.962,0.006,16.601,0.012,15.81,0.074,15.273,0.129,14.792,0.115,,,,,,,,,,,,,,,,,,,,,,,,,,,
2316,2316,2316,211961094,08 55 44.780,+19 38 30.06,1,17.931,,,,08554477+1938300,5061-301-3-0135-0169,STAR,gri,rpm,-19,3,-47,3,,,,,,,22.786,0.258,20.015,0.016,18.448,0.008,17.038,0.006,16.28,0.008,14.853,0.035,14.414,0.045,14.022,0.044,3245,78,52,5.141,0.025,0.025,0.033,0.12,0.21,0.171,0.009,0.009,0.149,0.009,0.009,29.47,3.218,3.446,134.3,7.368,11.98,0.019,0.01,0.005,,,
2317,2317,2317,211961200,09 03 01.785,+19 38 36.00,1,17.441,,,,09030178+1938359,,STAR,J,col,,,,,,,,,,,,,,,,,,,,,15.949,0.114,15.22,0.109,14.775,0.092,3755,422,301,4.941,0.144,0.168,-0.168,0.2,0.28,0.308,0.161,0.106,0.332,0.216,0.154,9.685,9.862,5.515,509.5,369.8,214.3,0.032,0.008,0.008,,,
2318,2318,2318,211961220,08 47 25.410,+19 38 36.85,1,16.141,,,549-045799,08472539+1938369,,STAR,JHK,rpm,-31.3,5.1,-8.9,5.2,,,,,16.883,0.095,,,,,,,,,,,13.791,0.026,13.175,0.033,12.901,0.027,3621,171,143,4.996,0.084,0.084,-0.062,0.16,0.2,0.284,0.076,0.077,0.286,0.106,0.088,12.21,7.912,4.253,157.3,58.24,42.51,0.022,0.005,0.006,,,
2319,2319,2319,211961251,08 55 38.361,+19 38 38.81,1,18.353,,,,,5061-301-3-0134-0332,EXTENDED,gri,,8,3,-15,3,,,,,,,19.765,0.064,18.774,0.013,18.431,0.015,18.172,0.019,17.927,0.062,,,,,,,,,,,,,,,,,,,,,,,,,,,,,,,,,
2320,2320,2320,211961287,08 46 47.326,+19 38 40.93,1,10.625,,1396-1136-1,549-045774,08464732+1938410,,STAR,gri,rav,-37.4,1.2,-16.1,1.3,,,11.252,0.069,10.894,0.075,,,10.974,0.01,10.562,0.01,10.475,0.02,,,9.621,0.026,9.422,0.033,9.342,0.019,5892,103,137,4.125,0.216,0.18,0.005,0.12,0.12,1.512,0.405,0.374,1.094,0.117,0.084,0.305,0.357,0.145,236,58.38,62.81,0.026,0.007,0.006,,,
2321,2321,2321,211961326,08 39 56.524,+19 38 43.16,1,15.339,,,549-045460,08395653+1938430,,EXTENDED,gri,,-23.1,7.6,-8,7.3,,,16.756,0.04,15.682,0.06,,,16.196,0.054,15.338,0.061,14.972,0.02,,,14.347,0.058,13.647,0.087,13.358,0.068,,,,,,,,,,,,,,,,,,,,,,,,,,,
2322,2322,2322,211961338,08 57 56.372,+19 38 44.03,1,12.19,,,549-046193,08575637+1938439,,STAR,gri,rpm,-6.8,1.4,10.3,3.3,,,12.802,0.02,12.294,0.01,,,12.489,0.02,12.175,0.01,12.062,0.03,,,11.25,0.02,11.015,0.021,10.94,0.018,6321,100,100,4.13,0.155,0.155,-0.145,0.15,0.39,1.466,0.363,0.291,1.213,0.141,0.226,0.317,0.227,0.151,527.8,155.3,104.7,0.034,0.011,0.008,,,
2323,2323,2323,211961412,08 44 00.200,+19 38 47.69,1,13.637,,,549-045658,08440020+1938477,,STAR,gri,rpm,-6.1,2.5,-20.1,2,,,14.809,0.01,13.862,0.035,,,14.336,0.01,13.582,0.01,13.337,0.065,,,12.245,0.023,11.765,0.024,11.662,0.022,5052,60,60,4.599,0.02,0.034,-0.195,0.18,0.12,0.743,0.055,0.037,0.797,0.06,0.06,1.935,0.116,0.269,320.8,34.21,12.74,0.033,0.007,0.006,,,
2324,2324,2324,211961414,08 38 37.758,+19 38 47.86,1,10.453,,,549-045399,08383776+1938480,,STAR,gri,rpm,0.3,0.7,-46.3,0.8,,,11.078,0.02,10.528,0.01,,,10.755,0.01,10.415,0.01,10.323,0.01,,,9.53,0.022,9.288,0.019,9.224,0.02,6252,100,125,4.236,0.105,0.189,-0.235,0.2,0.32,1.274,0.406,0.139,1.101,0.146,0.146,0.481,0.223,0.238,203.4,69.23,27.71,0.025,0.006,0.006,,,
2325,2325,2325,211961499,08 39 03.388,+19 38 52.77,1,17.553,,,,08390338+1938527,,STAR,J,col,,,,,,,,,,,,,,,,,,,,,16.053,0.098,15.295,0.107,14.644,0.109,3680,393,337,4.978,0.125,0.15,-0.128,0.2,0.28,0.282,0.147,0.096,0.283,0.201,0.125,12.83,13.06,7.304,456.8,331.6,192.1,0.032,0.01,0.008,,,
2326,2326,2326,211961536,08 38 42.995,+19 38 54.95,1,16.343,,,,08384299+1938549,5037-301-3-0113-0509,EXTENDED,gri,,-5,3,2,3,,,,,,,18.479,0.024,17.082,0.005,16.389,0.004,16.026,0.004,15.732,0.009,15.394,0.062,14.589,0.073,14.309,0.09,,,,,,,,,,,,,,,,,,,,,,,,,,,
2327,2327,2327,211961543,08 46 30.427,+19 38 55.35,1,16.662,,,,08463042+1938553,,STAR,JHK,col,,,,,,,,,,,,,,,,,,,,,14.214,0.027,13.574,0.043,13.287,0.032,3645,245,204,4.983,0.1,0.12,-0.068,0.16,0.24,0.276,0.124,0.085,0.296,0.137,0.114,12.03,8.876,5.107,196.6,96.9,75.05,0.024,0.008,0.007,,,
2328,2328,2328,211961549,08 42 10.657,+19 38 55.56,1,14.695,,,549-045582,08421066+1938557,5061-301-6-0115-0178,STAR,gri,rpm,-76,3.6,-108.5,3.9,,,17.357,0.111,15.768,0.059,,,16.693,0.01,15.189,0.05,13.838,0.01,,,11.829,0.022,11.244,0.024,10.979,0.016,3220,32,32,5.135,0.034,0.02,0.143,0.06,0.24,0.172,0.003,0.012,0.147,0.003,0.009,28.91,4.59,1.735,49.52,11.68,9.454,0.008,0.004,0.002,,,
2329,2329,2329,211961571,08 39 31.976,+19 38 57.00,1,12.431,,,549-045441,08393197+1938569,,STAR,gri,rpm,-4.1,0.8,6.2,1.7,,,13.004,0.01,12.485,0.01,,,12.684,0.031,12.372,0.01,12.322,0.01,,,11.55,0.022,11.329,0.022,11.286,0.02,6425,129,129,4.157,0.125,0.175,-0.085,0.12,0.24,1.471,0.44,0.222,1.241,0.17,0.141,0.362,0.186,0.175,617,196.4,97.85,0.032,0.008,0.006,,,
2330,2330,2330,211961572,08 39 41.596,+19 38 57.01,1,12.297,,,549-045447,,,STAR,gri,,,,,,,,13.536,0.02,12.548,0.02,,,13.047,0.02,12.213,0.01,11.975,0.02,,,,,,,,,,,,,,,,,,,,,,,,,,,,,,,,,,,
2331,2331,2331,211961576,08 46 02.975,+19 38 57.21,1,15.497,,,549-045745,08460297+1938572,,STAR,gri,rpm,-1.4,3.7,-3.1,4,,,16.589,0.13,15.625,0.01,,,16.039,0.05,15.363,0.03,15.265,0.13,,,14.184,0.027,13.876,0.026,13.659,0.042,5502,165,132,4.494,0.05,0.06,-0.073,0.18,0.21,0.895,0.084,0.091,0.92,0.057,0.08,1.243,0.286,0.274,1066,130,115.9,0.035,0.01,0.008,,,
2332,2332,2332,211961654,08 50 54.602,+19 39 01.60,1,12.444,,,549-045942,08505460+1939017,,STAR,gri,rpm,-26.7,1.2,-76.6,1.6,,,13.246,0.01,12.559,0.01,,,12.883,0.02,12.382,0.01,12.256,0.01,,,11.308,0.023,10.954,0.021,10.881,0.018,5688,115,115,4.484,0.084,0.06,-0.5,0.3,0.3,0.851,0.084,0.119,0.808,0.094,0.079,1.283,0.537,0.252,269.3,79.23,100,0.028,0.01,0.006,,,
2333,2333,2333,211961766,08 54 29.344,+19 39 07.40,1,18.778,,,,08542934+1939074,5071-301-3-0131-0326,STAR,gri,rpm,-46,3,-15,3,,,,,,,22.386,0.219,20.392,0.021,19.006,0.011,18.086,0.008,17.606,0.015,16.556,0.119,15.629,0.114,15.506,0.166,3564,35,42,4.987,0.066,0.02,0.046,0.06,0.14,0.282,0.01,0.052,0.28,0.017,0.062,12.45,5.339,0.747,536.2,17.57,94.31,0.028,0.007,0.002,,,
2334,2334,2334,211961794,08 52 49.608,+19 39 09.38,1,17.358,,,,08524960+1939093,,STAR,J,col,,,,,,,,,,,,,,,,,,,,,15.872,0.075,15.2,0.102,14.796,0.106,3838,463,330,4.924,0.13,0.156,-0.185,0.2,0.32,0.342,0.167,0.13,0.357,0.203,0.169,8.224,9.158,4.333,531,372.9,250.5,0.031,0.01,0.007,,,
2335,2335,2335,211961846,08 40 11.588,+19 39 11.80,1,15.222,,,,08401158+1939118,,STAR,JHK,col,,,,,,,,,,,,,,,,,,,,,12.939,0.021,12.332,0.023,12.071,0.023,3598,125,166,5.017,0.088,0.055,-0.012,0.15,0.18,0.266,0.053,0.067,0.265,0.077,0.092,13.89,8.535,3.594,99.66,26.38,31.22,0.015,0.006,0.005,,,
2336,2336,2336,211961853,08 43 15.439,+19 39 12.39,1,13.785,,,549-045630,08431544+1939123,,STAR,gri,rpm,-4.4,2.2,1,2.4,,,15.094,0.07,14.03,0.02,,,14.548,0.02,13.735,0.01,13.458,0.05,,,12.277,0.022,11.7,0.024,11.644,0.019,4776,94,56,2.537,0.632,0.395,-0.555,0.3,0.36,7.863,4.4,4.001,0.955,0.174,0.087,0.001,0.011,0.001,3169,1819,1490,0.033,0.01,0.007,,,
2337,2337,2337,211961873,09 02 20.740,+19 39 13.59,1,17.224,,,,,5071-301-1-0142-0285,EXTENDED,gri,,-8,2,0,2,,,,,,,19.766,0.065,18.069,0.01,17.27,0.008,16.862,0.009,16.551,0.017,,,,,,,,,,,,,,,,,,,,,,,,,,,,,,,,,
2338,2338,2338,211961896,08 47 42.900,+19 39 14.64,1,14.7,,,549-045806,08474289+1939146,,STAR,gri,lam,14.6,3.8,-12.9,4.1,,,16.654,0.06,15.227,0.049,,,16.015,0.01,14.636,0.02,14.136,0.03,,,12.653,0.025,12.035,0.028,11.882,0.022,4058,144,120,4.848,0.054,0.063,-0.281,0.15,0.15,0.428,0.062,0.046,0.479,0.073,0.052,5.935,1.367,1.495,168,33.05,23.35,0.022,0.006,0.006,,,
2339,2339,2339,211961936,09 02 32.200,+19 39 16.92,1,17.483,,,,09023219+1939169,5071-301-1-0142-0233,EXTENDED,gri,,-4,2,3,2,,,,,,,19.124,0.03,18.045,0.007,17.528,0.006,17.242,0.007,17.066,0.017,16.341,0.105,15.633,0.118,15.378,0.127,,,,,,,,,,,,,,,,,,,,,,,,,,,
2340,2340,2340,211961986,08 44 54.991,+19 39 19.48,1,14.393,,,549-045697,08445499+1939195,,STAR,gri,lam,-2.5,2.5,-12.7,3.2,,,15.448,0.03,14.6,0.02,,,15.007,0.03,14.287,0.048,14.13,0.05,,,13.055,0.026,12.573,0.022,12.542,0.027,5183,155,186,4.571,0.025,0.03,-0.042,0.12,0.1,0.79,0.045,0.042,0.849,0.053,0.044,1.718,0.21,0.222,518,48.67,44.49,0.032,0.008,0.006,,,
2341,2341,2341,211961990,08 40 27.512,+19 39 19.80,1,12.87,,,549-045495,08402751+1939197,,STAR,gri,rpm,-27.9,7.4,-8.8,2.3,,,14.314,0.01,13.206,0.03,,,13.776,0.033,12.784,0.01,12.482,0.061,,,11.302,0.021,10.807,0.024,10.688,0.02,4683,93,55,4.648,0.025,0.05,-0.073,0.26,0.06,0.671,0.074,0.018,0.74,0.077,0.015,2.382,0.23,0.437,172,29.33,6.981,0.025,0.006,0.003,,,
2342,2342,2342,211962026,08 40 05.891,+19 39 21.89,1,12.516,,,549-045470,08400588+1939218,,STAR,gri,rpm,-15.1,1.5,7.3,2.1,,,13.629,0.03,12.739,0.01,,,13.161,0.031,12.455,0.02,12.239,0.03,,,11.153,0.02,10.782,0.021,10.627,0.018,5252,104,83,4.377,0.175,0.7,-0.112,0.2,0.24,1.768,0.704,0.985,0.947,0.202,0.055,0.187,1.426,0.127,498.3,180.7,273.4,0.029,0.021,0.008,,,
2343,2343,2343,211962049,08 41 52.470,+19 39 23.19,1,13.385,,,549-045567,08415247+1939232,,STAR,gri,lam,11.3,2.5,41.5,2.4,,,15.276,0.02,13.906,0.02,,,14.655,0.037,13.363,0.01,12.841,0.01,,,11.372,0.022,10.738,0.021,10.598,0.019,4153,147,122,4.796,0.06,0.05,-0.223,0.12,0.12,0.479,0.054,0.066,0.537,0.06,0.072,4.679,1.677,0.919,107.8,20.91,20.66,0.016,0.005,0.005,,,
2344,2344,2344,211962174,08 44 31.472,+19 39 30.33,1,18.705,,,,,5037-301-2-0121-0370,EXTENDED,gri,,12,3,-8,3,,,,,,,20.214,0.078,19.026,0.014,18.665,0.016,18.567,0.021,18.479,0.066,,,,,,,,,,,,,,,,,,,,,,,,,,,,,,,,,
2345,2345,2345,211962210,08 40 47.981,+19 39 32.18,1,10.846,,,549-045519,08404798+1939321,,STAR,gri,rpm,-36.7,0.8,-13.4,1.4,,,11.757,0.03,10.991,0.03,,,11.347,0.01,10.78,0.02,10.631,0.01,,,9.693,0.025,9.34,0.022,9.254,0.018,5541,88,66,4.491,0.03,0.618,-0.053,0.15,0.18,0.927,1.168,0.057,0.971,0.159,0.066,1.203,0.178,1.074,140.2,175.1,9.961,0.022,0.008,0.006,,,
2346,2346,2346,211962248,08 39 47.303,+19 39 34.41,1,16.104,,,,08394730+1939344,,STAR,JHK,col,,,,,,,,,,,,,,,,,,,,,13.784,0.026,13.204,0.03,12.904,0.033,3546,127,177,5.036,0.084,0.06,-0.021,0.15,0.21,0.235,0.066,0.059,0.231,0.087,0.073,15.52,9.649,4.532,128.1,40.77,36.15,0.018,0.007,0.006,,,
2347,2347,2347,211962254,08 41 50.046,+19 39 34.62,1,14.949,,,549-045563,08415005+1939347,,STAR,JHK,rpm,-38.8,3.9,-9.4,4.1,,,,,,,,,,,,,,,,,12.737,0.022,12.134,0.023,11.891,0.023,3674,107,85,4.977,0.03,0.072,0.031,0.12,0.12,0.31,0.061,0.039,0.332,0.084,0.052,10.96,2.066,3.202,108.4,27.82,17.07,0.017,0.004,0.005,,,
2348,2348,2348,211962282,08 54 16.644,+19 39 36.07,1,11.282,,1397-276-1,549-046053,08541664+1939362,,STAR,gri,plx,10.3,1.5,-19.3,1.6,,,11.635,0.098,11.213,0.107,,,11.499,0.03,11.21,0.03,11.151,0.03,,,10.359,0.021,10.096,0.021,10.069,0.019,6331,127,127,4.24,0.085,0.136,-0.261,0.25,0.4,1.283,0.21,0.132,1.121,0.127,0.204,0.469,0.184,0.168,298.6,51.08,51.08,0.028,0.008,0.007,,,
2349,2349,2349,211962284,08 57 48.923,+19 39 36.10,1,13.2,,,549-046186,08574892+1939360,,STAR,gri,rpm,-58,2.1,49.9,2.7,,,15.275,0.01,13.845,0.01,,,14.629,0.02,13.275,0.01,12.588,0.03,,,11.07,0.021,10.429,0.017,10.28,0.016,3882,38,38,4.873,0.02,0.02,0.004,0.05,0.08,0.415,0.008,0.021,0.466,0.011,0.031,6.532,0.63,0.392,91.65,8.75,3.721,0.021,0.002,0.008,,,
2350,2350,2350,211962306,08 41 42.291,+19 39 37.94,1,9.486,,1395-1869-1,549-045559,08414229+1939379,,STAR,BV,rpm,-36.7,0.9,-13.1,0.9,,,9.944,0.03,9.525,0.027,,,,,,,,,,,8.693,0.032,8.57,0.024,8.476,0.019,6843,331,275,4.162,0.105,0.189,0.005,0.12,0.12,1.647,0.509,0.229,1.486,0.168,0.14,0.312,0.144,0.155,200.6,51.7,34.89,0.025,0.007,0.006,,,
2351,2351,2351,211962340,08 44 01.199,+19 39 39.88,1,11.968,,,549-045664,08440120+1939399,,STAR,gri,rpm,-13.1,1.2,-18.7,1.4,,,12.899,0.01,12.099,0.01,,,12.473,0.01,11.877,0.01,11.752,0.01,,,10.788,0.023,10.465,0.026,10.376,0.017,5573,111,111,4.5,0.024,0.666,-0.067,0.12,0.15,0.917,1.135,0.067,0.968,0.107,0.067,1.245,0.184,1.126,225.3,269.9,17.92,0.028,0.01,0.007,,,
2352,2352,2352,211962377,08 54 08.903,+19 39 42.33,1,12.824,,,549-046047,08540889+1939423,,STAR,gri,rpm,1.4,0.7,-7.1,1.7,,,13.47,0.04,12.885,0.01,,,13.131,0.03,12.775,0.02,12.692,0.03,,,11.875,0.021,11.616,0.021,11.585,0.019,6244,100,100,4.147,0.155,0.186,-0.161,0.16,0.24,1.494,0.411,0.274,1.195,0.115,0.16,0.303,0.23,0.131,686.7,189,126,0.032,0.008,0.006,,,
2353,2353,2353,211962432,08 41 35.063,+19 39 44.90,1,8.22,,1395-1886-1,549-045551,08413506+1939449,,STAR,BV,rpm,-15.3,0.8,-10.8,0.8,,,9.475,0.027,8.409,0.015,,,,,,,,,,,6.596,0.027,6.071,0.02,5.955,0.023,4751,115,115,2.569,0.186,0.155,-0.015,0.12,0.18,10.963,1.058,1.502,1.694,0.469,0.469,0.001,0.001,3.83E-04,323.7,32.05,34.67,0.032,0.008,0.008,,,
2354,2354,2354,211962497,08 51 33.911,+19 39 48.37,1,11.176,,1396-840-1,549-045962,08513391+1939484,,STAR,gri,rpm,-2.4,2.3,-7.9,2.4,,,12.115,0.235,11.599,0.199,,,11.86,0.02,11.101,0.01,10.882,0.02,,,9.671,0.022,9.213,0.023,9.038,0.022,4953,60,60,2.586,0.816,0.255,-0.42,0.3,0.15,9.704,1.074,5.998,1.117,0.305,0.152,0.002,0.022,8.30E-04,1198,106.5,712.4,0.032,0.008,0.007,,,
2355,2355,2355,211962515,08 38 39.856,+19 39 49.65,1,19.872,,,,,5037-301-3-0113-0630,STAR,gri,,-7,5,-10,5,,,,,,,22.209,0.162,20.125,0.016,19.763,0.016,19.763,0.022,19.795,0.077,,,,,,,,,,,,,,,,,,,,,,,,,,,,,,,,,
2356,2356,2356,211962585,08 47 09.730,+19 39 53.00,1,17.458,,,,08470972+1939529,,STAR,J,col,,,,,,,,,,,,,,,,,,,,,15.965,0.106,15.427,0.158,14.499,0.089,3585,313,260,5.022,0.11,0.132,-0.128,0.2,0.28,0.244,0.132,0.074,0.25,0.17,0.094,15.03,12.64,7.805,388.7,244.6,150.1,0.029,0.01,0.008,,,
2357,2357,2357,211962604,08 52 54.885,+19 39 54.55,1,18.287,,,,08525488+1939545,5061-301-4-0131-0257,STAR,gri,rpm,-25,3,-110,3,,,,,,,22.779,0.281,20.599,0.022,19.139,0.012,17.296,0.006,16.307,0.008,14.765,0.032,14.223,0.044,13.903,0.051,2967,29,29,5.21,0.02,0.02,0.009,0.07,0.05,0.141,0.003,0.003,0.118,0.003,0.002,41.9,2.514,2.514,81.06,21.46,11.75,0.009,0.001,0.001,,,
2358,2358,2358,211962614,08 45 56.082,+19 39 54.98,1,18.907,,,,,5071-301-5-0118-0498,EXTENDED,gri,,-2,3,3,3,,,,,,,20.595,0.1,19.306,0.018,18.927,0.019,18.736,0.025,18.686,0.069,,,,,,,,,,,,,,,,,,,,,,,,,,,,,,,,,
2359,2359,2359,211962735,08 43 52.928,+19 40 01.65,1,14.653,,,549-045651,08435292+1940016,,STAR,gri,lam,8.2,3,-6.4,3.1,,,16.176,0.03,14.973,0.01,,,15.608,0.01,14.508,0.01,14.243,0.03,,,12.92,0.023,12.372,0.021,12.21,0.028,4383,158,132,4.69,0.049,0.035,0.012,0.1,0.12,0.612,0.045,0.058,0.675,0.049,0.059,2.954,0.63,0.44,298.1,40.4,41.08,0.029,0.007,0.006,,,
2360,2360,2360,211962852,08 39 59.148,+19 40 08.34,1,9.857,,,549-045463,08395915+1940083,,STAR,gri,rpm,1.9,0.6,4,0.7,,,10.158,0.01,9.828,0.03,,,10.043,0.02,9.795,0.08,9.662,0.04,,,8.995,0.03,8.873,0.026,8.781,0.02,6775,283,202,3.861,0.225,0.27,0.038,0.12,0.1,2.45,1.167,0.791,1.702,0.278,0.232,0.106,0.137,0.067,342.5,140.2,99.46,0.031,0.008,0.007,,,
2361,2361,2361,211962855,08 56 13.289,+19 40 08.46,1,14.706,,,549-046130,08561329+1940084,5061-301-3-0135-0110,STAR,gri,rpm,9.4,2.9,-9.5,3.2,,,15.845,0.02,15.002,0.02,,,15.37,0.03,14.75,0.04,14.422,0.01,,,13.41,0.023,12.939,0.031,12.882,0.025,5123,123,103,3.672,0.984,0.738,-0.61,0.36,0.36,2.088,2.156,1.417,0.875,0.044,0.125,0.077,2.205,0.071,1692,1607,1183,0.033,0.011,0.006,,,
2362,2362,2362,211962868,08 40 39.918,+19 40 09.19,1,10.713,,,549-045508,08403992+1940092,,STAR,gri,rpm,-33.5,1.6,-10.3,2.3,,,11.58,0.02,10.859,0.03,,,11.19,0.01,10.654,0.01,10.508,0.01,,,9.61,0.025,9.311,0.024,9.189,0.018,5709,91,91,4.34,0.14,0.476,0.026,0.15,0.24,1.113,0.921,0.181,1.052,0.165,0.063,0.649,0.495,0.519,177.6,136,40.99,0.026,0.011,0.007,,,
2363,2363,2363,211962883,08 50 39.432,+19 40 09.90,1,11.865,,,549-045933,08503943+1940099,,STAR,gri,rpm,-6.8,1.4,0.7,1.7,,,13.087,0.01,12.064,0.01,,,12.581,0.02,11.763,0.01,11.558,0.04,,,10.356,0.022,9.893,0.025,9.758,0.02,4888,80,60,3.146,0.355,0.781,-0.194,0.2,0.2,4.741,5.174,1.594,1.204,0.236,0.197,0.009,0.023,0.009,875.6,895.8,328.2,0.034,0.01,0.007,,,
2364,2364,2364,211962897,08 42 34.349,+19 40 10.74,1,17.588,,,,,5061-301-6-0116-0368,EXTENDED,gri,,-4,3,-2,3,,,,,,,19.933,0.104,18.282,0.011,17.619,0.01,17.291,0.012,17.051,0.036,,,,,,,,,,,,,,,,,,,,,,,,,,,,,,,,,
2365,2365,2365,211962912,08 40 22.087,+19 40 11.78,1,6.236,42549,1395-2963-1,549-045486,,,STAR,BV,plx,-36.04,0.58,-12.9,0.45,4.58,0.57,7.424,0.016,6.411,0.01,,,,,,,,,,,,,,,,,4943,59,59,2.613,0.1,0.14,-0.055,0.06,0.12,12.809,2.993,1.575,2.681,0.424,0.265,0.001,4.93E-04,3.95E-04,218.3,27.17,27.17,0.024,0.005,0.006,,,
2366,2366,2366,211962958,08 51 10.194,+19 40 13.75,1,16.741,,,,08511019+1940137,5061-301-4-0128-0227,EXTENDED,gri,,-6,2,-4,2,,,,,,,19.826,0.077,17.823,0.007,16.726,0.005,16.277,0.005,15.953,0.013,15.686,0.074,15.041,0.1,14.579,0.091,,,,,,,,,,,,,,,,,,,,,,,,,,,
2367,2367,2367,211962961,08 41 32.754,+19 40 13.85,1,18.767,,,,08413275+1940138,,STAR,JHK,col,,,,,,,,,,,,,,,,,,,,,16.297,0.093,15.385,0.1,15.36,0.157,4108,271,271,4.809,0.133,0.095,-0.263,0.25,0.3,0.461,0.1,0.124,0.514,0.099,0.158,4.893,4.604,1.66,953.3,338.6,330.4,0.034,0.01,0.007,,,
2368,2368,2368,211962998,08 55 32.234,+19 40 15.59,1,15.949,,,549-046103,08553224+1940155,5061-301-3-0134-0158,STAR,BV,rpm,0.9,2.9,6.4,3.1,,,17.436,0.12,16.187,0.07,,,16.817,0.2,,,,,,,13.55,0.023,12.935,0.022,12.769,0.022,4064,423,235,4.825,0.09,0.15,-0.1,0.2,0.28,0.44,0.166,0.08,0.496,0.176,0.098,5.484,2.443,2.659,255.6,157,54.43,0.028,0.011,0.006,,,
2369,2369,2369,211963002,08 51 57.807,+19 40 15.78,1,10.935,,1396-960-1,549-045976,08515782+1940158,,STAR,gri,rpm,-9.9,2.3,-7.6,2.3,,,11.992,0.174,11.577,0.165,,,11.704,0.03,10.852,0.04,10.606,0.04,,,9.379,0.02,8.834,0.021,8.715,0.02,4753,76,57,2.472,0.506,0.11,-0.264,0.16,0.2,10.478,0.969,4.58,1.164,0.215,0.153,0.001,0.005,3.16E-04,1070,108.7,431.2,0.033,0.01,0.007,,,
2370,2370,2370,211963064,08 55 43.615,+19 40 18.48,1,11.941,,1397-1240-1,549-046113,08554361+1940185,,STAR,gri,rpm,-14.4,2.4,-18,2.5,,,12.4,0.242,12.062,0.239,,,12.365,0.04,11.913,0.01,11.759,0.02,,,10.866,0.02,10.59,0.022,10.524,0.02,5929,118,94,4.249,0.186,0.279,-0.087,0.2,0.24,1.202,0.552,0.207,1.08,0.104,0.104,0.535,0.384,0.333,348,151.1,63.17,0.03,0.008,0.006,,,
2371,2371,2371,211963125,08 38 31.714,+19 40 21.65,1,12.31,,,549-045392,08383171+1940217,,STAR,gri,rpm,4,1.6,1.5,1.4,,,13.077,0.01,12.438,0.02,,,12.702,0.01,12.268,0.04,12.142,0.01,,,11.288,0.024,11.003,0.023,10.951,0.023,6008,96,120,4.137,0.235,0.282,-0.031,0.12,0.3,1.426,0.728,0.364,1.125,0.257,0.128,0.335,0.423,0.228,505.1,260.4,129.8,0.033,0.008,0.007,,,
2372,2372,2372,211963150,08 44 40.714,+19 40 23.15,1,19.043,,,,,5037-301-2-0121-0396,STAR,gri,,-2,3,-1,3,,,,,,,19.303,0.023,19.241,0.01,18.932,0.01,18.958,0.013,19.105,0.04,,,,,,,,,,,,,,,,,,,,,,,,,,,,,,,,,
2373,2373,2373,211963160,08 40 23.266,+19 40 23.74,1,10.513,,,549-045489,08402327+1940236,,STAR,JHK,rpm,-35.6,1,-13,1.3,,,,,,,,,,,,,,,,,9.368,0.032,9.078,0.034,9.005,0.02,6040,188,236,4.178,0.246,0.246,-0.094,0.16,0.24,1.346,0.598,0.311,1.128,0.188,0.134,0.404,0.44,0.26,199.6,80.02,57.12,0.025,0.007,0.006,,,
2374,2374,2374,211963215,08 51 00.463,+19 40 26.86,1,17.413,,,,08510046+1940268,5061-301-4-0128-0188,STAR,gri,rpm,-5,3,-53,3,,,,,,,20.191,0.042,18.18,0.006,17.385,0.006,17.085,0.006,16.932,0.012,15.799,0.062,15.315,0.082,15.208,0.135,4687,223,186,4.807,0.052,0.02,-1.28,0.25,0.45,0.48,0.01,0.057,0.533,0.016,0.048,4.864,1.33,0.292,956.8,82.69,146.2,0.035,0.014,0.007,,,
2375,2375,2375,211963237,08 41 39.219,+19 40 27.96,1,15.516,,,549-045557,08413921+1940282,,STAR,JHK,rpm,-30.6,18.8,-16.4,18.7,,,,,,,,,,,,,,,,,13.186,0.022,12.558,0.021,12.303,0.021,3644,128,106,4.987,0.066,0.055,-0.02,0.12,0.18,0.282,0.055,0.055,0.295,0.08,0.08,11.82,5.108,3.058,121.8,33.31,26.16,0.017,0.007,0.004,,,
2376,2376,2376,211963319,08 45 44.495,+19 40 32.33,1,15.497,,,549-045728,08454448+1940324,5071-301-5-0118-0329,STAR,JHK,rpm,-29.1,8.3,-17.4,7.8,,,,,,,,,,,,,,,,,13.268,0.025,12.657,0.022,12.417,0.023,3674,182,182,4.964,0.065,0.065,0.001,0.15,0.18,0.312,0.068,0.065,0.334,0.081,0.097,10.78,5.536,3.148,141.6,37.9,40,0.02,0.005,0.006,,,
2377,2377,2377,211963321,08 41 44.877,+19 40 32.38,1,12.648,,,549-045562,08414487+1940324,,STAR,gri,rpm,2.7,2,-6.7,2.6,,,13.375,0.02,12.744,0.01,,,13.018,0.02,12.608,0.01,12.489,0.01,,,11.674,0.02,11.412,0.021,11.374,0.019,6069,97,97,4.249,0.126,0.273,-0.117,0.2,0.2,1.275,0.531,0.172,1.119,0.121,0.1,0.478,0.266,0.295,528.6,202.4,72.44,0.033,0.008,0.007,,,
2378,2378,2378,211963336,08 38 25.127,+19 40 33.53,1,17.609,,,,08382512+1940335,,STAR,J,rpm,2,5,4,1,,,,,,,,,,,,,,,,,16.105,0.092,15.606,0.122,14.935,0.132,3931,811,337,4.876,0.135,0.216,-0.185,0.2,0.32,0.364,0.23,0.122,0.414,0.247,0.177,6.377,8.64,4.029,683.6,746.6,280.1,0.033,0.008,0.007,,,
2379,2379,2379,211963339,08 50 03.878,+19 40 33.77,1,16.982,,,,08500387+1940337,5071-301-4-0124-0268,EXTENDED,gri,,0,2,-3,2,,,,,,,20.216,0.087,18.148,0.008,16.973,0.005,16.482,0.005,16.121,0.011,15.405,0.074,14.83,0.094,14.255,0.079,,,,,,,,,,,,,,,,,,,,,,,,,,,
2380,2380,2380,211963369,08 40 02.490,+19 40 35.35,1,15.965,,,,08400249+1940353,,STAR,JHK,col,,,,,,,,,,,,,,,,,,,,,13.71,0.025,13.125,0.026,12.851,0.026,3546,127,152,5.035,0.088,0.066,-0.008,0.12,0.18,0.243,0.052,0.058,0.237,0.075,0.075,15.6,10.53,4.299,124.8,37.46,38.37,0.018,0.006,0.006,,,
2381,2381,2381,211963382,08 39 06.108,+19 40 36.54,1,7.461,,1395-1928-1,549-045423,08390612+1940364,,STAR,BV,rpm,-35.5,0.9,-11.7,0.9,,,7.688,0.017,7.437,0.012,,,,,,,,,,,6.857,0.026,6.769,0.023,6.708,0.018,7369,454,379,3.891,0.204,0.238,0.042,0.1,0.12,2.433,0.966,0.592,1.89,0.232,0.232,0.116,0.139,0.07,134.5,56.02,33.87,0.02,0.01,0.006,,,
2382,2382,2382,211963418,08 44 21.430,+19 40 38.72,1,15.732,,,549-045681,08442142+1940387,5037-301-2-0121-0160,EXTENDED,gri,,-0.3,3.9,0.9,4.4,,,16.547,0.08,15.928,0.04,,,16.249,0.055,15.648,0.07,15.51,0.111,,,14.58,0.04,14.187,0.052,14.147,0.067,,,,,,,,,,,,,,,,,,,,,,,,,,,
2383,2383,2383,211963425,08 54 38.077,+19 40 39.03,1,10.521,,1397-1892-1,549-046068,08543807+1940390,,STAR,gri,rpm,-26.4,1.1,-11.3,1.2,,,10.958,0.068,10.56,0.064,,,10.741,0.09,10.448,0.03,10.43,0.01,,,9.738,0.022,9.574,0.021,9.532,0.019,6707,134,161,4.168,0.12,0.2,-0.01,0.12,0.12,1.572,0.455,0.231,1.403,0.146,0.125,0.346,0.166,0.175,297.8,82.67,47.81,0.027,0.011,0.007,,,
2384,2384,2384,211963447,08 38 20.064,+19 40 39.98,1,14.745,,,549-045383,08382006+1940399,5045-301-3-0124-0046,STAR,gri,rpm,6.2,3.9,-7.1,4.3,,,15.852,0.01,14.888,0.01,,,15.353,0.043,14.633,0.01,14.484,0.08,,,13.356,0.026,12.936,0.032,12.855,0.025,5196,126,105,4.555,0.042,0.084,-0.1,0.2,0.28,0.797,0.107,0.068,0.864,0.065,0.078,1.588,0.299,0.464,609,108.8,67.48,0.034,0.008,0.007,,,
2385,2385,2385,211963488,08 39 10.139,+19 40 42.31,1,9.67,,,549-045428,08391014+1940423,,STAR,gri,rpm,-36.4,2,-12.4,2.4,,,9.83,0.04,9.636,0.06,,,9.884,0.02,9.599,0.09,9.255,0.02,,,8.656,0.027,8.502,0.023,8.415,0.016,6519,201,201,4.12,0.155,0.217,0.005,0.12,0.12,1.583,0.553,0.305,1.358,0.19,0.136,0.305,0.231,0.166,181.8,57.85,37.39,0.024,0.008,0.006,,,
2386,2386,2386,211963540,08 54 31.234,+19 40 45.25,1,17.54,,,,08543123+1940452,,STAR,J,col,,,,,,,,,,,,,,,,,,,,,16.041,0.111,15.395,0.125,14.907,0.113,3798,493,370,4.965,0.12,0.192,-0.213,0.25,0.3,0.31,0.164,0.107,0.328,0.213,0.152,9.685,9.863,5.515,506.7,495.9,219.8,0.031,0.01,0.007,,,
2387,2387,2387,211963542,08 38 02.766,+19 40 45.34,1,18.667,,,,08380276+1940453,5045-301-3-0123-0313,STAR,gri,,-5,3,-37,3,,,,,,,21.531,0.119,19.592,0.013,18.641,0.009,18.271,0.009,18.008,0.023,16.878,0.15,16.23,0.176,,,,,,,,,,,,,,,,,,,,,,,,,,,,,
2388,2388,2388,211963746,08 38 00.486,+19 40 56.25,1,18.911,,,,08380048+1940562,5045-301-3-0123-0423,STAR,gri,rpm,-34,5,-12,5,,,,,,,23.25,0.477,21.415,0.049,19.8,0.019,17.838,0.007,16.703,0.01,14.995,0.04,14.464,0.048,14.117,0.045,3217,202,126,5.155,0.025,0.04,-0.033,0.15,0.18,0.164,0.023,0.011,0.143,0.028,0.013,31.52,4.174,6.426,133.3,30.69,15.59,0.021,0.006,0.005,,,
2389,2389,2389,211963774,08 51 21.628,+19 40 57.69,1,17.472,,,,08512162+1940576,5061-301-4-0128-0270,EXTENDED,gri,,7,3,-4,3,,,,,,,20.995,0.183,18.709,0.012,17.495,0.008,16.942,0.007,16.536,0.019,16.117,0.106,15.529,0.125,14.695,0.097,,,,,,,,,,,,,,,,,,,,,,,,,,,
2390,2390,2390,211963839,08 43 26.295,+19 41 01.69,1,13.255,,,549-045635,08432629+1941017,,STAR,gri,lam,22.7,2,-20.4,1.8,,,14.541,0.02,13.569,0.01,,,14.078,0.02,13.199,0.01,12.902,0.02,,,11.695,0.025,11.17,0.024,11.085,0.019,4638,170,142,4.668,0.042,0.03,-0.309,0.15,0.15,0.627,0.045,0.055,0.672,0.048,0.057,2.712,0.526,0.382,188.3,22,23.38,0.024,0.007,0.005,,,
2391,2391,2391,211963872,08 51 51.029,+19 41 03.79,1,12.367,,,549-045972,08515103+1941039,,STAR,gri,rpm,-1.8,1.5,-1.1,1.6,,,13.794,0.044,12.631,0.031,,,13.226,0.03,12.287,0.02,11.999,0.04,,,10.655,0.022,10.016,0.021,9.9,0.02,4556,72,54,2.324,0.19,0.418,-0.336,0.3,0.3,12.253,6.139,2.907,1.055,0.198,0.124,6.62E-04,6.29E-04,5.09E-04,2203,900.4,499.3,0.033,0.01,0.008,,,
2392,2392,2392,211963943,08 45 55.148,+19 41 08.21,1,10.816,,1396-740-1,549-045734,08455514+1941082,,STAR,gri,rpm,0.3,1.2,-71.8,1.2,,,11.699,0.107,10.961,0.083,,,11.256,0.02,10.763,0.01,10.628,0.01,,,9.69,0.022,9.386,0.015,9.309,0.02,5778,93,116,4.434,0.065,0.273,-0.111,0.15,0.27,1.002,0.425,0.137,0.976,0.095,0.114,0.994,0.331,0.598,155.3,51.7,25.53,0.022,0.008,0.006,,,
2393,2393,2393,211963952,08 54 32.008,+19 41 08.82,1,18.224,,,,08543200+1941088,,STAR,JHK,col,,,,,,,,,,,,,,,,,,,,,16.157,0.099,15.592,0.157,15.354,0.163,3992,838,419,4.849,0.192,0.224,-0.263,0.25,0.4,0.379,0.221,0.14,0.428,0.252,0.21,6.841,9.381,4.413,794,712,375.4,0.032,0.008,0.007,,,
2394,2394,2394,211964001,08 40 26.135,+19 41 11.38,1,9.402,,1395-1999-1,549-045494,08402614+1941111,,STAR,gri,rpm,-36.7,1,-12.2,0.9,,,9.594,0.027,9.147,0.023,,,9.848,0.02,9.474,0.09,9.21,0.04,,,8.563,0.023,8.46,0.038,8.365,0.018,6581,267,267,4.161,0.13,0.234,-0.01,0.12,0.1,1.565,0.646,0.248,1.361,0.192,0.107,0.338,0.164,0.199,169.1,63.59,27.48,0.023,0.008,0.005,,,
2395,2395,2395,211964023,08 47 12.967,+19 41 12.11,1,10.319,,1396-816-1,549-045784,08471296+1941122,,STAR,gri,rpm,-9.5,1.1,3.4,1.2,,,10.713,0.045,10.313,0.045,,,10.439,0.02,10.279,0.09,10.149,0.02,,,9.458,0.027,9.254,0.032,9.169,0.02,6596,263,210,3.963,0.265,0.265,-0.021,0.1,0.12,2.022,0.86,0.604,1.485,0.269,0.225,0.17,0.266,0.115,317.3,172.3,96.25,0.03,0.008,0.007,,,
2396,2396,2396,211964025,08 40 20.748,+19 41 12.25,1,7.605,,1395-2006-1,549-045485,08402075+1941120,,STAR,BV,rpm,-36.9,1.1,-11.9,1,,,7.82,0.016,7.578,0.012,,,,,,,,,,,7.327,0.02,7.294,0.021,7.275,0.023,8181,667,476,4.088,0.16,0.192,-0.019,0.12,0.12,2.025,0.69,0.383,1.91,0.332,0.199,0.204,0.167,0.105,152.2,46.7,31.2,0.02,0.006,0.006,,,
2397,2397,2397,211964030,08 45 13.102,+19 41 12.83,1,10.718,,1396-40-1,549-045707,08451310+1941127,,STAR,gri,rav,-35.9,1.5,-14,1.6,,,11.555,0.089,10.737,0.068,,,11.205,0.01,10.653,0.04,10.509,0.02,,,9.561,0.022,9.267,0.022,9.158,0.019,5405,128,161,4.529,0.03,0.036,-0.018,0.1,0.1,0.863,0.049,0.055,0.924,0.047,0.056,1.424,0.192,0.201,119.5,10.33,9.508,0.017,0.005,0.004,,,
2398,2398,2398,211964067,08 54 16.632,+19 41 14.61,1,17.446,,,,08541663+1941146,,STAR,J,col,,,,,,,,,,,,,,,,,,,,,15.954,0.081,15.335,0.1,14.946,0.106,3825,505,316,4.923,0.15,0.175,-0.197,0.24,0.32,0.323,0.176,0.114,0.349,0.23,0.164,8.309,11.53,4.83,518.9,505,224.4,0.032,0.011,0.008,,,
2399,2399,2399,211964086,08 42 15.493,+19 41 15.54,1,9.842,,1395-2077-1,549-045586,08421549+1941156,,STAR,gri,rpm,-37.4,0.9,-13.6,1,,,10.291,0.034,9.856,0.032,,,10.1,0.03,9.769,0.04,9.731,0.06,,,9.031,0.023,8.845,0.027,8.773,0.016,6406,199,159,4.173,0.13,0.234,0.007,0.12,0.12,1.525,0.485,0.242,1.309,0.139,0.087,0.357,0.203,0.198,196.7,62.01,34.97,0.026,0.01,0.006,,,
2400,2400,2400,211964231,08 41 55.870,+19 41 22.83,1,10.893,,,549-045571,08415587+1941229,,STAR,gri,rpm,-35.4,1.2,-12.4,1.2,,,11.718,0.01,11.006,0.01,,,11.327,0.01,10.827,0.01,10.706,0.02,,,9.869,0.025,9.627,0.024,9.544,0.018,5864,69,93,4.315,0.115,0.322,0.103,0.12,0.18,1.178,0.615,0.172,1.1,0.123,0.068,0.631,0.313,0.442,211.4,110,34.75,0.026,0.007,0.007,,,
2401,2401,2401,211964245,08 50 13.684,+19 41 24.08,1,17.227,,,,08501368+1941240,,STAR,J,col,,,,,,,,,,,,,,,,,,,,,15.75,0.058,14.946,0.075,14.509,0.07,3819,337,337,4.918,0.156,0.156,-0.122,0.16,0.28,0.339,0.159,0.136,0.373,0.159,0.191,7.728,10.73,3.578,523.2,279.7,259.5,0.032,0.011,0.009,,,
2402,2402,2402,211964332,08 38 48.853,+19 41 28.55,1,14.533,,,549-045409,08384885+1941286,,STAR,gri,lam,-21.1,3.3,-15.6,3.2,,,15.648,0.062,14.718,0.04,,,15.164,0.041,14.481,0.03,14.262,0.06,,,13.199,0.025,12.775,0.022,12.62,0.027,5297,157,157,4.548,0.03,0.036,-0.037,0.1,0.12,0.818,0.059,0.046,0.877,0.045,0.045,1.546,0.209,0.218,588.8,65.19,49.33,0.033,0.01,0.008,,,
2403,2403,2403,211964333,08 41 13.435,+19 41 28.57,1,17.36,,,,08411343+1941285,,EXTENDED,JHK,,,,,,,,,,,,,,,,,,,,,,15.892,0.125,15.267,0.164,15.302,0.19,,,,,,,,,,,,,,,,,,,,,,,,,,,
2404,2404,2404,211964398,08 45 57.309,+19 41 31.80,1,12.423,,,549-045736,08455731+1941318,,STAR,gri,rpm,-1,1.5,-1.7,1.8,,,13.608,0.01,12.648,0.01,,,13.116,0.02,12.38,0.041,12.127,0.01,,,10.974,0.023,10.46,0.021,10.35,0.018,4927,59,79,2.719,0.539,0.385,-0.488,0.15,0.27,6.612,3.558,2.668,1.016,0.163,0.091,0.002,0.012,0.002,1594,731.5,654.7,0.033,0.007,0.007,,,
2405,2405,2405,211964487,08 44 02.601,+19 41 37.03,1,14.579,,,549-045665,08440260+1941371,5037-301-2-0121-0065,STAR,JHK,rpm,-5.3,6.2,-1.4,6.1,,,,,,,,,,,,,,,,,12.42,0.023,11.831,0.026,11.59,0.022,3592,215,129,4.977,0.02,0.072,0.06,0.09,0.3,0.302,0.07,0.006,0.317,0.098,0.008,11.47,0.688,3.46,90.61,31.28,2.718,0.012,0.006,0.002,,,
2406,2406,2406,211964488,08 44 12.073,+19 41 37.07,1,13.924,,,549-045673,08441207+1941370,,STAR,gri,lam,2.4,2.4,-16.7,2.5,,,15.054,0.01,14.162,0.02,,,14.584,0.037,13.896,0.045,13.642,0.02,,,12.578,0.022,12.119,0.024,12.03,0.026,5144,122,102,3.638,0.1,0.14,-0.444,0.15,0.18,2.422,0.533,0.283,0.977,0.143,0.048,0.064,0.026,0.025,1266,222.9,122,0.031,0.006,0.007,,,
2407,2407,2407,211964555,08 38 39.293,+19 41 40.17,1,18.314,,,,08383929+1941401,5045-301-3-0124-0490,STAR,gri,rpm,-35,4,-14,4,,,,,,,23.259,0.501,20.667,0.026,19.149,0.012,17.306,0.006,16.301,0.008,14.704,0.031,14.099,0.041,13.868,0.048,3421,171,85,5.106,0.03,0.036,-0.113,0.12,0.21,0.195,0.025,0.019,0.178,0.032,0.023,23.15,4.682,3.894,152.2,27.77,17.17,0.021,0.006,0.004,,,
2408,2408,2408,211964610,08 40 31.501,+19 41 43.04,1,14.462,,,549-045497,08403151+1941430,,STAR,gri,rpm,-37,3.8,-17.4,4.2,,,16.79,0.01,15.249,0.01,,,16.028,0.03,14.611,0.03,13.791,0.04,,,12.105,0.023,11.462,0.022,11.218,0.018,3635,57,71,4.994,0.036,0.036,0.051,0.08,0.16,0.285,0.038,0.029,0.298,0.053,0.038,12.25,1.978,2.317,75.78,11.23,8.241,0.012,0.004,0.002,,,
2409,2409,2409,211964655,08 41 36.783,+19 41 45.09,1,14.797,,,549-045555,08413678+1941451,,STAR,BV,rpm,12.3,3.8,-19.7,4.2,,,16.285,0.05,15.035,0.046,,,15.631,0.046,,,,,,,13.075,0.025,12.546,0.026,12.428,0.023,4819,145,145,4.623,0.042,0.035,-0.136,0.2,0.36,0.69,0.058,0.07,0.746,0.059,0.083,2.23,0.439,0.31,416.2,44.38,47.65,0.03,0.008,0.005,,,
2410,2410,2410,211964755,08 45 35.664,+19 41 50.24,1,13.375,,,549-045719,08453566+1941502,,STAR,gri,rpm,2.7,1.2,-28.2,1.2,,,13.178,0.01,13.281,0.02,,,13.079,0.02,13.474,0.01,13.798,0.04,,,13.668,0.026,13.753,0.037,13.809,0.042,7952,79,79,3.182,0.02,0.02,-2.283,0.05,0.05,3.787,0.076,0.076,0.798,0.016,0.016,0.015,8.80E-04,8.80E-04,3388,101.6,101.6,0.036,0.001,0.001,,,
2411,2411,2411,211964757,08 43 04.774,+19 41 50.36,1,16.932,,,,08430477+1941503,,STAR,JHK,col,,,,,,,,,,,,,,,,,,,,,14.861,0.043,14.177,0.045,14.057,0.059,4178,249,249,4.781,0.102,0.085,-0.152,0.2,0.28,0.494,0.093,0.106,0.563,0.096,0.115,4.319,2.309,1.296,543,159.8,144.5,0.032,0.008,0.007,,,
2412,2412,2412,211964768,08 44 46.534,+19 41 50.94,1,10.271,,1396-29-1,549-045693,08444653+1941509,,STAR,gri,rpm,-50.6,1.2,0.1,1.3,,,11.261,0.071,10.775,0.066,,,10.753,0.04,10.19,0.01,10.065,0.04,,,9.569,0.025,9.275,0.024,9.233,0.021,5746,114,160,4.431,0.07,0.182,0,0.2,0.16,1.007,0.278,0.116,1.015,0.091,0.065,0.956,0.319,0.448,152.3,52.2,20.87,0.021,0.01,0.005,,,
2413,2413,2413,211964774,08 38 03.718,+19 41 51.28,1,16.241,,,,08380371+1941512,5045-301-3-0123-0321,STAR,gri,rpm,-35,3,-9,3,,,,,,,20.626,0.06,18.122,0.006,16.699,0.004,15.435,0.003,14.769,0.005,13.403,0.026,12.729,0.033,12.499,0.024,3621,127,85,5.013,0.025,0.035,-0.037,0.12,0.21,0.27,0.032,0.024,0.281,0.041,0.041,13.51,2.436,2.376,128.3,16.32,17.17,0.019,0.004,0.005,,,
2414,2414,2414,211964794,08 44 46.129,+19 41 52.67,1,11.585,,,549-045691,08444612+1941526,,STAR,JHK,rpm,-6.5,8.8,-7.8,1.9,,,,,,,,,,,,,,,,,10.095,0.026,9.617,0.024,9.494,0.019,4915,148,118,2.721,0.648,0.405,-0.431,0.3,0.36,6.857,3.837,3.489,1.05,0.252,0.157,0.003,0.019,0.002,1087,524.5,552,0.033,0.008,0.007,,,
2415,2415,2415,211964830,08 45 26.054,+19 41 54.46,1,15.318,,,,08452605+1941544,,STAR,JHK,col,,,,,,,,,,,,,,,,,,,,,13.047,0.025,12.386,0.022,12.183,0.02,3924,185,123,4.863,0.072,0.06,-0.093,0.2,0.24,0.41,0.06,0.062,0.465,0.074,0.089,6.174,2.427,1.49,185.2,37.97,37.14,0.024,0.006,0.006,,,
2416,2416,2416,211964922,08 38 57.895,+19 41 59.36,1,11.914,,,549-045415,08385789+1941594,,STAR,gri,rpm,-4.5,1.2,-2.6,2.8,,,12.441,0.02,11.942,0.01,,,12.134,0.03,11.841,0.04,11.771,0.01,,,10.997,0.023,10.798,0.026,10.722,0.019,6499,104,182,4.072,0.175,0.21,-0.057,0.12,0.18,1.668,0.627,0.34,1.326,0.229,0.127,0.247,0.218,0.145,550.2,219.1,117.2,0.034,0.008,0.008,,,
2417,2417,2417,211964961,08 43 53.594,+19 42 01.59,1,10.265,,1396-32-1,549-045653,08435359+1942016,,STAR,gri,rpm,-2.4,1.1,-41.6,1.2,,,10.883,0.053,10.346,0.043,,,10.552,0.02,10.243,0.02,10.142,0.02,,,9.375,0.023,9.158,0.021,9.055,0.02,6339,101,101,4.159,0.135,0.162,-0.1,0.15,0.33,1.432,0.387,0.235,1.205,0.132,0.185,0.352,0.219,0.155,219,59,34.31,0.027,0.01,0.008,,,
2418,2418,2418,211964992,08 47 49.280,+19 42 03.37,1,17.621,,,,08474927+1942033,5037-301-1-0126-0418,EXTENDED,gri,,3,2,-4,2,,,,,,,19.885,0.046,18.43,0.008,17.686,0.007,17.275,0.007,16.979,0.016,16.484,0.142,15.583,0.159,15.18,0.162,,,,,,,,,,,,,,,,,,,,,,,,,,,
2419,2419,2419,211965058,08 41 36.199,+19 42 06.63,1,11.989,,,549-045553,08413619+1942067,,STAR,gri,rpm,9.2,1,-11.4,0.9,,,12.563,0.02,12.047,0.01,,,12.253,0.01,11.944,0.02,11.875,0.03,,,11.121,0.023,10.905,0.022,10.867,0.019,6422,129,129,4.205,0.102,0.187,-0.117,0.12,0.15,1.408,0.369,0.168,1.238,0.112,0.112,0.419,0.173,0.197,483,120.3,57.65,0.031,0.01,0.005,,,
2420,2420,2420,211965103,08 41 51.729,+19 42 08.82,1,15.012,,,549-045565,,,EXTENDED,gri,,0.2,18.3,-6.3,18.2,,,16.319,0.01,15.285,0.01,,,15.794,0.05,14.965,0.03,14.677,0.06,,,,,,,,,,,,,,,,,,,,,,,,,,,,,,,,,,,
2421,2421,2421,211965141,08 49 55.102,+19 42 11.24,1,19.228,,,,08495510+1942112,5071-301-4-0124-0364,STAR,gri,rpm,-46,12,-70,12,,,,,,,23.138,0.418,21.093,0.034,19.755,0.017,18.429,0.01,17.721,0.018,16.401,0.127,15.964,0.206,15.516,0.185,3240,32,32,5.137,0.02,0.02,0.1,0.08,0.08,0.171,0.005,0.005,0.147,0.005,0.004,28.88,2.065,1.928,254.3,24.28,10.32,0.026,0.005,0.003,,,
2422,2422,2422,211965393,08 45 42.858,+19 42 24.11,1,17.954,,,,08454285+1942241,,STAR,J,,,,,,,,,,,,,,,,,,,,,,16.423,0.153,,,,,,,,,,,,,,,,,,,,,,,,,,,,,,,
2423,2423,2423,211965451,08 41 52.234,+19 42 28.31,1,16.22,,,,08415223+1942283,,STAR,JHK,col,,,,,,,,,,,,,,,,,,,,,13.893,0.027,13.245,0.024,13.011,0.026,3770,219,182,4.92,0.098,0.07,-0.1,0.2,0.24,0.343,0.071,0.09,0.369,0.112,0.112,8.611,5.582,2.585,221.7,61.28,71.67,0.025,0.008,0.007,,,
2424,2424,2424,211965543,08 46 15.465,+19 42 32.97,1,9.381,43050,1396-882-1,549-045755,08461546+1942329,,STAR,gri,plx,-36.79,1.11,-12.87,0.69,4.52,0.98,8.605,0.017,8.383,0.014,,,9.537,0.03,9.329,0.04,8.476,0.05,,,7.894,0.018,7.822,0.021,7.786,0.02,7183,171,214,3.865,0.154,0.132,0.027,0.15,0.12,2.535,0.457,0.525,1.815,0.134,0.161,0.105,0.07,0.042,221.2,47.97,47.97,0.026,0.008,0.006,,,
2425,2425,2425,211965552,08 45 44.355,+19 42 33.64,1,17.267,,,,08454435+1942336,,STAR,JHK,col,,,,,,,,,,,,,,,,,,,,,14.9,0.086,14.135,0.106,13.894,0.108,4101,437,364,4.788,0.168,0.12,-0.181,0.2,0.28,0.476,0.136,0.158,0.533,0.132,0.184,4.515,4.962,1.856,512.4,242,214.3,0.031,0.011,0.007,,,
2426,2426,2426,211965662,08 44 37.032,+19 42 39.11,1,10.364,,1396-17-1,549-045688,08443703+1942390,,STAR,gri,rav,-34.6,1.1,-14.7,1.2,,,11.062,0.059,10.434,0.046,,,10.703,0.01,10.317,0.04,10.218,0.02,,,9.42,0.025,9.098,0.024,9.054,0.017,5960,143,143,4.353,0.07,0.14,0.031,0.1,0.12,1.157,0.22,0.127,1.101,0.08,0.067,0.703,0.203,0.279,169,35.69,19.07,0.022,0.007,0.005,,,
2427,2427,2427,211965694,08 38 35.833,+19 42 41.34,1,12.041,,,549-045397,08383583+1942414,,STAR,gri,rpm,-0.6,2.3,5.4,2,,,12.658,0.01,12.107,0.01,,,12.33,0.01,11.995,0.04,11.918,0.01,,,11.077,0.023,10.829,0.021,10.774,0.019,6301,100,125,4.086,0.19,0.19,-0.087,0.12,0.21,1.615,0.58,0.364,1.243,0.211,0.132,0.285,0.29,0.162,506.1,181.6,114.1,0.033,0.01,0.006,,,
2428,2428,2428,211965711,08 45 43.788,+19 42 42.79,1,18.116,,,,08454378+1942427,,STAR,J,,,,,,,,,,,,,,,,,,,,,,16.57,0.153,16.019,0.204,,,,,,,,,,,,,,,,,,,,,,,,,,,,,
2429,2429,2429,211965761,08 52 18.220,+19 42 46.05,1,12.807,,,549-045989,08521821+1942459,,STAR,gri,rpm,-7.9,1,-1.3,1.2,,,13.407,0.042,12.851,0.01,,,13.083,0.03,12.722,0.01,12.689,0.02,,,11.874,0.022,11.645,0.021,11.588,0.02,6303,125,100,4.182,0.114,0.19,-0.081,0.16,0.2,1.454,0.438,0.195,1.244,0.122,0.087,0.374,0.184,0.182,708.1,199.9,108.2,0.032,0.013,0.007,,,
2430,2430,2430,211965785,08 43 08.224,+19 42 47.54,1,12.964,,,549-045622,08430822+1942475,,STAR,gri,rpm,-39.1,2,-11.3,1.9,,,14.458,0.03,13.297,0.01,,,13.917,0.02,12.869,0.02,12.556,0.03,,,11.298,0.023,10.77,0.02,10.667,0.017,4551,45,54,4.629,0.038,0.02,0.259,0.05,0.2,0.698,0.014,0.04,0.751,0.015,0.021,2.225,0.353,0.134,174.2,5.227,15.33,0.021,0.003,0.002,,,
2431,2431,2431,211965824,08 41 28.731,+19 42 49.04,1,18.26,,,,08412873+1942490,5071-301-6-0112-0475,STAR,gri,rpm,-34,3,-17,3,,,,,,,23.011,0.397,20.491,0.022,18.946,0.011,17.304,0.006,16.404,0.008,14.873,0.039,14.269,0.047,13.973,0.056,3383,95,82,5.134,0.02,0.024,-0.088,0.12,0.18,0.178,0.011,0.008,0.161,0.013,0.01,27.64,1.977,2.892,147.2,13.61,10.46,0.021,0.006,0.004,,,
2432,2432,2432,211965881,08 51 40.072,+19 42 52.39,1,14.694,,,549-045967,08514007+1942524,5061-301-4-0129-0083,STAR,gri,rpm,16.3,3,-38.9,3.3,,,17.132,0.102,15.616,0.056,,,16.406,0.057,15.034,0.055,13.96,0.05,,,12.068,0.02,11.479,0.023,11.255,0.022,3653,153,109,4.957,0.048,0.056,0.086,0.06,0.16,0.317,0.053,0.045,0.332,0.087,0.062,10.22,2.946,2.679,80.74,22.08,12.81,0.012,0.004,0.002,,,
2433,2433,2433,211965937,08 40 39.421,+19 42 55.36,1,15.75,,,,08403942+1942553,,STAR,JHK,col,,,,,,,,,,,,,,,,,,,,,13.46,0.026,12.873,0.022,12.59,0.024,3515,104,209,5.06,0.098,0.07,-0.056,0.18,0.18,0.219,0.061,0.056,0.205,0.085,0.06,19.2,11.94,6.367,100.8,34.85,30.22,0.015,0.006,0.005,,,
2434,2434,2434,211965984,08 50 17.033,+19 42 57.78,1,17.836,,,,,5071-301-4-0125-0163,EXTENDED,gri,,,,,,,,,,,,19.377,0.046,18.283,0.009,17.892,0.009,17.645,0.01,17.454,0.033,,,,,,,,,,,,,,,,,,,,,,,,,,,,,,,,,
2435,2435,2435,211966001,08 39 56.729,+19 42 58.79,1,14.798,,,549-045461,08395673+1942587,,STAR,gri,rpm,-16.5,3.8,9.2,4.2,,,16.199,0.05,15.148,0.02,,,15.66,0.02,14.758,0.052,14.428,0.01,,,13.128,0.026,12.554,0.026,12.499,0.023,4722,75,75,4.643,0.025,0.025,-0.122,0.15,0.21,0.672,0.035,0.04,0.741,0.036,0.054,2.343,0.31,0.231,405.2,24.01,27.04,0.03,0.008,0.005,,,
2436,2436,2436,211966005,08 38 23.240,+19 42 59.16,1,17.1,,,,08382324+1942591,,EXTENDED,JHK,,,,,,,,,,,,,,,,,,,,,,15.05,0.136,14.768,0.194,14.252,0.126,,,,,,,,,,,,,,,,,,,,,,,,,,,
2437,2437,2437,211966085,08 45 06.007,+19 43 03.15,1,12.249,,,549-045703,08450600+1943032,,STAR,gri,rpm,-17.6,0.5,-82,0.8,,,13.181,0.01,12.403,0.01,,,12.759,0.03,12.194,0.04,12.03,0.02,,,11.011,0.023,10.631,0.022,10.539,0.018,5479,128,160,4.571,0.045,0.072,-0.732,0.4,0.2,0.728,0.109,0.061,0.74,0.097,0.041,1.798,0.389,0.431,208.6,132,42.67,0.024,0.01,0.007,,,
2438,2438,2438,211966106,08 43 37.585,+19 43 04.22,1,16.634,,,,08433758+1943042,,STAR,JHK,col,,,,,,,,,,,,,,,,,,,,,14.526,0.035,14.03,0.041,13.711,0.045,3494,189,189,5.052,0.084,0.07,-0.056,0.15,0.18,0.222,0.064,0.05,0.206,0.089,0.064,17.69,11.4,6.003,167,62.46,52.94,0.021,0.008,0.007,,,
2439,2439,2439,211966148,08 39 52.787,+19 43 07.08,1,17.816,,,,08395278+1943070,,STAR,J,col,,,,,,,,,,,,,,,,,,,,,16.297,0.114,15.686,0.158,15.189,0.157,3852,609,406,4.924,0.156,0.208,-0.254,0.25,0.35,0.336,0.192,0.122,0.355,0.235,0.168,9.552,10.64,6.202,646.4,527.2,290.4,0.032,0.008,0.007,,,
2440,2440,2440,211966197,08 40 43.206,+19 43 09.53,1,6.841,42578,1395-2605-1,549-045512,08404321+1943095,,STAR,BV,plx,-35.06,0.63,-11.51,0.44,6.09,0.61,7.012,0.015,6.802,0.01,,,,,,,,,,,6.396,0.02,6.367,0.026,6.329,0.017,8303,774,580,3.782,0.095,0.114,-0.006,0.12,0.12,3.23,0.53,0.384,2.33,0.252,0.158,0.065,0.025,0.021,164.2,16.45,16.45,0.022,0.006,0.005,,,
2441,2441,2441,211966226,08 43 09.058,+19 43 11.94,1,17.249,,,,08430905+1943119,,STAR,JHK,col,,,,,,,,,,,,,,,,,,,,,15.58,0.071,14.845,0.079,14.904,0.117,4260,299,299,4.762,0.114,0.095,-0.242,0.25,0.3,0.5,0.105,0.117,0.551,0.107,0.128,4.038,3.061,1.339,795.5,277.6,240.1,0.034,0.011,0.008,,,
2442,2442,2442,211966306,08 42 12.329,+19 43 15.80,1,14.342,,,549-045583,08421232+1943158,,STAR,gri,rpm,-24.1,3,-27.4,3.3,,,15.817,0.04,14.668,0.02,,,15.282,0.01,14.244,0.02,13.939,0.11,,,12.734,0.022,12.181,0.021,12.074,0.019,4586,45,92,4.632,0.042,0.02,0.142,0.05,0.24,0.699,0.014,0.063,0.762,0.015,0.058,2.24,0.478,0.134,341.1,10.23,41.27,0.034,0.007,0.006,,,
2443,2443,2443,211966314,08 38 35.602,+19 43 16.31,1,12.293,,,549-045396,08383560+1943164,,STAR,gri,rpm,1.5,2,-11,2.3,,,13.5,0.04,12.571,0.01,,,13.03,0.02,12.248,0.03,11.978,0.03,,,10.832,0.022,10.34,0.021,10.209,0.018,4913,58,58,3.22,0.22,0.836,-0.318,0.24,0.2,4.326,6.003,1.089,1.088,0.227,0.142,0.013,0.017,0.012,942.8,1136,229.6,0.033,0.011,0.007,,,
2444,2444,2444,211966321,08 41 11.070,+19 43 16.56,1,17.916,,,,08411106+1943165,5071-301-6-0112-0336,EXTENDED,gri,,14,3,-19,3,,,,,,,21.759,0.284,19.151,0.014,17.897,0.008,17.387,0.008,17.054,0.018,16.417,0.115,15.484,0.132,15.002,0.14,,,,,,,,,,,,,,,,,,,,,,,,,,,
2445,2445,2445,211966443,08 39 20.876,+19 43 22.79,1,17.811,,,,08392087+1943227,5037-301-3-0114-0345,EXTENDED,gri,,6,3,6,3,,,,,,,21.239,0.137,18.9,0.011,17.79,0.007,17.345,0.007,16.958,0.015,16.05,0.085,15.198,0.102,15.091,0.136,,,,,,,,,,,,,,,,,,,,,,,,,,,
2446,2446,2446,211966457,08 42 17.668,+19 43 23.40,1,11.09,,,549-045591,08421767+1943234,,STAR,gri,rpm,-13.6,1.4,-6.7,1.2,,,11.776,0.01,11.166,0.02,,,11.429,0.01,11.033,0.02,10.944,0.01,,,10.152,0.022,9.906,0.022,9.847,0.014,6147,99,99,4.095,0.24,0.24,-0.037,0.12,0.18,1.578,0.695,0.414,1.204,0.241,0.12,0.274,0.368,0.175,313.5,138,82.18,0.031,0.008,0.007,,,
2447,2447,2447,211966571,08 39 02.828,+19 43 29.02,1,9.291,,1395-2310-1,549-045422,08390283+1943289,,STAR,gri,rpm,-35.7,1,-11.3,1,,,9.763,0.033,9.291,0.028,,,9.841,0.01,9.53,0.1,9.055,0.03,,,8.366,0.026,8.126,0.021,8.125,0.021,6203,149,149,4.125,0.215,0.301,-0.03,0.09,0.24,1.487,0.827,0.359,1.198,0.29,0.161,0.317,0.338,0.218,141.6,81.18,34.93,0.02,0.006,0.005,,,
2448,2448,2448,211966619,08 39 15.081,+19 43 31.49,1,15.166,,,549-045434,08391510+1943316,5037-301-3-0114-0132,STAR,JHK,rpm,-42.5,6.2,-13.1,6.1,,,,,,,,,,,,,,,,,12.883,0.023,12.26,0.026,12.015,0.021,3618,168,84,4.974,0.055,0.077,0.011,0.21,0.09,0.291,0.084,0.048,0.315,0.101,0.072,11.25,4.861,3.85,112.1,38.21,21.19,0.016,0.006,0.004,,,
2449,2449,2449,211966629,08 43 56.721,+19 43 32.26,1,12.913,,,549-045655,08435672+1943323,,STAR,gri,rpm,-38.7,1.4,-14.3,1.9,,,14.376,0.03,13.243,0.01,,,13.864,0.01,12.822,0.02,12.505,0.01,,,11.236,0.022,10.689,0.021,10.527,0.022,4559,45,45,4.661,0.02,0.024,0.107,0.24,0.09,0.667,0.031,0.013,0.743,0.022,0.031,2.495,0.15,0.24,158.9,25.06,4.768,0.022,0.005,0.005,,,
2450,2450,2450,211966632,08 45 42.674,+19 43 32.31,1,17.805,,,,08454267+1943323,,STAR,JHK,col,,,,,,,,,,,,,,,,,,,,,14.897,0.088,14.077,0.108,13.709,0.098,4024,364,364,4.819,0.175,0.125,-0.141,0.2,0.28,0.427,0.155,0.158,0.49,0.135,0.216,5.299,7.296,2.214,474.3,224,198.3,0.032,0.011,0.008,,,
2451,2451,2451,211966633,08 44 11.791,+19 43 32.32,1,11.431,,1396-1-1,549-045671,08441178+1943323,,STAR,gri,rpm,0.8,2.7,-2,2.9,,,13.386,0.512,11.323,0.129,,,12.292,0.02,11.352,0.02,11.062,0.02,,,9.819,0.022,9.276,0.021,9.098,0.018,4657,56,56,2.447,0.208,0.08,-0.065,0.1,0.1,11.31,0.67,2.326,1.298,0.229,0.153,8.93E-04,9.90E-04,1.97E-04,1397,79.36,252,0.035,0.01,0.008,,,
2452,2452,2452,211966642,08 38 09.642,+19 43 32.41,1,14.296,,,549-045373,,5045-301-3-0124-0030,EXTENDED,gri,,5.6,4.4,-0.6,4.3,,,15.515,0.01,14.586,0.01,,,15.08,0.02,14.256,0.01,13.96,0.02,,,,,,,,,,,,,,,,,,,,,,,,,,,,,,,,,,,
2453,2453,2453,211966711,08 46 08.974,+19 43 35.97,1,14.524,,,549-045750,08460897+1943358,,STAR,gri,lam,-4.1,2.7,-7.5,3.5,,,15.807,0.01,14.8,0.03,,,15.32,0.04,14.489,0.03,14.183,0.1,,,13.066,0.025,12.573,0.022,12.445,0.023,5002,149,149,4.585,0.03,0.03,-0.006,0.12,0.12,0.761,0.04,0.038,0.821,0.042,0.042,1.829,0.223,0.199,482.1,42.87,39.37,0.032,0.008,0.006,,,
2454,2454,2454,211966759,08 39 34.085,+19 43 37.67,1,15.243,,,549-045442,08393408+1943376,5037-301-3-0114-0215,STAR,gri,lam,-5.4,3.7,-5,4.1,,,16.163,0.03,15.383,0.08,,,15.719,0.02,15.193,0.03,15.04,0.15,,,14.064,0.025,13.706,0.029,13.542,0.04,5510,198,165,4.499,0.055,0.55,-0.231,0.15,0.15,0.863,0.835,0.08,0.89,0.082,0.068,1.261,0.378,1.085,994.2,966.7,149.5,0.033,0.008,0.006,,,
2455,2455,2455,211966768,08 43 25.977,+19 43 38.01,1,13.49,,,549-045634,08432597+1943381,,STAR,gri,lam,-16.8,2,-12.7,2.2,,,14.749,0.01,13.758,0.01,,,14.257,0.04,13.444,0.01,13.161,0.03,,,12.013,0.022,11.551,0.021,11.453,0.02,4971,177,148,4.59,0.025,0.03,0.013,0.08,0.08,0.759,0.043,0.034,0.828,0.051,0.042,1.869,0.18,0.226,293.6,33.11,22.61,0.029,0.005,0.007,,,
2456,2456,2456,211966918,08 40 04.902,+19 43 45.37,1,9.754,,,549-045467,08400491+1943452,,STAR,gri,rpm,-35.2,0.7,-12.3,0.8,,,10.257,0.01,9.796,0.03,,,10.067,0.01,9.746,0.05,9.621,0.03,,,8.909,0.018,8.695,0.027,8.651,0.02,6366,127,127,4.182,0.135,0.27,-0.002,0.12,0.18,1.441,0.686,0.2,1.276,0.188,0.113,0.379,0.253,0.242,173.1,82.33,24.06,0.024,0.007,0.006,,,
2457,2457,2457,211967044,08 39 06.514,+19 43 52.67,1,17.805,,,,08390651+1943526,,STAR,J,col,,,,,,,,,,,,,,,,,,,,,16.287,0.1,15.652,0.122,14.868,0.12,3628,327,327,5.027,0.115,0.138,-0.128,0.2,0.28,0.252,0.115,0.079,0.24,0.18,0.1,14.13,12.48,7.52,428.5,360.6,170.9,0.032,0.01,0.008,,,
2458,2458,2458,211967046,08 42 16.101,+19 43 52.68,1,12.162,,,549-045588,08421609+1943526,,STAR,gri,rpm,29.7,4.1,-4.5,2.9,,,13.013,0.01,12.272,0.01,,,12.608,0.031,12.078,0.01,11.971,0.03,,,11.045,0.022,10.763,0.022,10.705,0.016,5824,68,114,4.406,0.05,0.33,-0.033,0.15,0.12,1.033,0.519,0.078,1.025,0.082,0.058,0.877,0.19,0.606,314.6,149.8,32.26,0.028,0.016,0.006,,,
2459,2459,2459,211967060,08 41 34.719,+19 43 53.33,1,11.889,,,549-045550,08413472+1943534,,STAR,gri,rpm,-2.8,1.2,-3.5,1.4,,,13.174,0.02,12.137,0.01,,,12.639,0.01,11.826,0.02,11.568,0.06,,,10.394,0.023,9.912,0.021,9.806,0.018,4860,59,59,2.673,0.612,0.34,-0.319,0.24,0.12,8.131,3.041,4.257,1.14,0.204,0.145,0.002,0.016,0.001,1425,422.7,712.3,0.033,0.01,0.008,,,
2460,2460,2460,211967098,08 38 22.725,+19 43 55.06,1,17.667,,,,08382272+1943550,5045-301-3-0124-0316,EXTENDED,gri,,4,3,8,2,,,,,,,20.481,0.1,18.73,0.011,17.668,0.007,17.211,0.007,16.822,0.017,16.197,0.102,15.602,0.125,15.027,0.12,,,,,,,,,,,,,,,,,,,,,,,,,,,
2461,2461,2461,211967175,08 47 24.986,+19 43 58.76,1,16.185,,,,08472498+1943587,,STAR,JHK,col,,,,,,,,,,,,,,,,,,,,,14.087,0.029,13.519,0.032,13.275,0.031,3607,164,197,5.007,0.09,0.075,-0.068,0.15,0.21,0.263,0.074,0.068,0.261,0.104,0.087,14.08,9.397,4.885,167.4,61.57,52.45,0.021,0.008,0.007,,,
2462,2462,2462,211967188,08 41 22.874,+19 43 59.28,1,17.548,,,,08412287+1943592,5071-301-6-0112-0374,EXTENDED,gri,,,,,,,,,,,,21.197,0.179,18.889,0.012,17.527,0.007,16.973,0.006,16.623,0.013,15.741,0.081,15.229,0.12,14.473,0.101,,,,,,,,,,,,,,,,,,,,,,,,,,,
2463,2463,2463,211967293,08 40 56.691,+19 44 05.21,1,11.986,,,549-045523,08405669+1944052,,STAR,gri,rpm,-33.7,2.1,-11.2,1.5,,,13.095,0.01,12.198,0.01,,,12.623,0.02,11.92,0.01,11.713,0.02,,,10.719,0.025,10.315,0.026,10.213,0.02,5223,62,62,4.498,0.078,0.689,-0.028,0.16,0.24,0.9,1.319,0.129,0.919,0.222,0.079,1.2,0.472,1.095,210.4,271.6,33.37,0.033,0.011,0.009,,,
2464,2464,2464,211967294,08 46 49.751,+19 44 05.34,1,17.919,,,,08464975+1944053,5071-301-5-0120-0255,EXTENDED,gri,,4,3,-4,3,,,,,,,21.435,0.193,19.25,0.016,17.863,0.008,17.348,0.008,17.01,0.016,16.312,0.11,15.456,0.135,15.055,0.126,,,,,,,,,,,,,,,,,,,,,,,,,,,
2465,2465,2465,211967421,08 39 46.755,+19 44 12.65,1,16.861,,,,08394675+1944126,,STAR,JHK,col,,,,,,,,,,,,,,,,,,,,,14.522,0.033,13.941,0.04,13.636,0.053,3603,239,199,4.999,0.1,0.1,-0.086,0.18,0.24,0.261,0.094,0.08,0.254,0.134,0.096,13.65,9.803,5.706,195.2,92.2,62.62,0.024,0.01,0.008,,,
2466,2466,2466,211967589,08 40 29.321,+19 44 22.10,1,17.459,,,,08402932+1944220,5038-301-3-0027-0372,EXTENDED,gri,,8,3,8,3,,,,,,,20.284,0.089,18.366,0.01,17.449,0.007,17.07,0.008,16.768,0.02,16.543,0.14,15.702,0.157,15.317,0.189,,,,,,,,,,,,,,,,,,,,,,,,,,,
2467,2467,2467,211967731,08 47 34.366,+19 44 29.16,1,11.849,,1396-720-1,549-045802,08473435+1944291,,STAR,gri,rpm,4.2,1.6,-5.3,1.7,,,12.005,0.129,11.719,0.159,,,12.101,0.03,11.791,0.01,11.74,0.03,,,10.955,0.027,10.769,0.033,10.708,0.022,6472,128,154,4.078,0.204,0.272,-0.057,0.12,0.18,1.643,0.813,0.329,1.327,0.257,0.117,0.253,0.266,0.156,523.5,252.9,114.3,0.032,0.01,0.008,,,
2468,2468,2468,211967873,08 43 32.382,+19 44 37.74,1,12.083,,,549-045640,08433239+1944378,,STAR,gri,rpm,-40.8,1,-13,1.7,,,13.246,0.02,12.309,0.02,,,12.769,0.01,12.022,0.01,11.789,0.02,,,10.755,0.023,10.32,0.021,10.218,0.022,5073,101,60,4.566,0.036,0.03,-0.058,0.16,0.32,0.793,0.061,0.066,0.844,0.071,0.071,1.677,0.275,0.236,182.7,56.38,28.27,0.025,0.009,0.005,,,
2469,2469,2469,211968029,08 41 59.344,+19 44 45.08,1,14.981,,,549-045575,08415935+1944452,,STAR,JHK,rpm,-36.5,5.2,-14.1,3.9,,,,,,,,,,,,,,,,,12.743,0.022,12.073,0.026,11.889,0.019,4069,186,155,4.799,0.05,0.06,-0.026,0.18,0.24,0.481,0.068,0.06,0.54,0.072,0.06,4.707,1.413,1.087,194.6,40.22,28.2,0.022,0.006,0.005,,,
2470,2470,2470,211968088,08 41 28.684,+19 44 48.05,1,10.831,,,549-045546,08412869+1944481,,STAR,gri,rpm,-39.1,0.5,-14.1,0.5,,,11.605,0.02,10.933,0.02,,,11.221,0.03,10.761,0.01,10.664,0.01,,,9.812,0.022,9.549,0.023,9.469,0.018,5944,96,72,4.309,0.12,0.24,-0.02,0.12,0.18,1.188,0.493,0.176,1.077,0.104,0.065,0.632,0.314,0.372,204.3,81.9,26.77,0.024,0.008,0.007,,,
2471,2471,2471,211968090,08 45 38.088,+19 44 48.13,1,14.385,,,549-045721,08453809+1944481,,STAR,gri,lam,2.1,4.2,2.7,2.3,,,15.547,0.06,14.631,0.02,,,15.064,0.02,14.34,0.01,14.094,0.05,,,12.889,0.025,12.367,0.022,12.306,0.023,4964,78,78,2.827,0.135,0.135,-0.798,0.15,0.12,5.963,1.011,0.864,0.907,0.039,0.018,0.004,0.002,0.002,3325,563.5,481.9,0.034,0.007,0.008,,,
2472,2472,2472,211968107,08 41 05.261,+19 44 48.81,1,12.861,,,549-045531,08410526+1944488,,STAR,gri,rpm,9.9,1.8,33.1,2.2,,,14.073,0.01,13.118,0.01,,,13.582,0.01,12.803,0.02,12.552,0.01,,,11.456,0.022,10.954,0.021,10.872,0.02,4972,79,79,4.6,0.035,0.063,-0.223,0.3,0.25,0.733,0.083,0.063,0.807,0.096,0.096,1.893,0.357,0.457,230.9,33.47,38.13,0.028,0.013,0.006,,,
2473,2473,2473,211968108,08 42 20.581,+19 44 49.13,1,18.02,,,,08422058+1944491,5071-301-6-0113-0359,EXTENDED,gri,,3,3,3,3,,,,,,,21.436,0.203,19.225,0.014,17.985,0.008,17.504,0.008,17.156,0.018,16.32,0.111,15.62,0.137,14.993,0.133,,,,,,,,,,,,,,,,,,,,,,,,,,,
2474,2474,2474,211968151,08 41 16.015,+19 44 51.35,1,13.496,,,549-045539,08411602+1944514,,STAR,gri,lam,-37.6,2.8,-16.9,2.3,,,14.571,0.03,13.702,0.01,,,14.092,0.034,13.42,0.01,13.241,0.02,,,12.217,0.02,11.812,0.023,11.709,0.023,5322,159,190,4.552,0.035,0.042,-0.056,0.12,0.12,0.821,0.059,0.055,0.885,0.045,0.054,1.556,0.251,0.216,377.5,38.33,41.36,0.028,0.01,0.006,,,
2475,2475,2475,211968167,08 43 48.714,+19 44 52.13,1,14.858,,,549-045648,08434871+1944523,,STAR,gri,lam,4.2,1.7,3.6,7.4,,,15.944,0.1,15.065,0.01,,,15.464,0.01,14.775,0.01,14.598,0.03,,,13.503,0.025,13.099,0.028,12.983,0.025,5199,154,154,4.564,0.03,0.036,-0.061,0.1,0.12,0.795,0.052,0.049,0.85,0.042,0.05,1.662,0.203,0.214,634.9,59.65,54.53,0.033,0.008,0.007,,,
2476,2476,2476,211968228,08 40 13.784,+19 44 55.95,1,15.213,,,549-045479,08401378+1944559,5038-301-3-0027-0353,STAR,gri,rpm,-29.2,3.7,-9.7,3.9,,,17.693,0.127,16.039,0.066,,,16.936,0.08,15.506,0.01,14.475,0.05,,,12.752,0.023,12.065,0.023,11.881,0.022,3541,127,84,5.017,0.055,0.077,0.071,0.1,0.12,0.251,0.079,0.045,0.25,0.109,0.055,14.42,5.258,5.089,83.98,31.41,16.03,0.012,0.008,0.003,,,
2477,2477,2477,211968334,08 47 02.215,+19 45 01.12,1,15.641,,,549-045780,08470224+1945012,,STAR,JHK,rpm,-52.6,7.8,-78.3,7.5,,,,,,,,,,,,,,,,,13.662,0.031,13.048,0.038,12.885,0.027,3847,288,240,4.96,0.075,0.09,-0.352,0.35,0.25,0.304,0.087,0.068,0.334,0.101,0.101,10.43,5.538,4.174,178.8,77.99,46.56,0.021,0.007,0.005,,,
2478,2478,2478,211968342,08 39 17.911,+19 45 01.45,1,17.112,,,,08391791+1945014,5037-301-3-0114-0354,EXTENDED,gri,,2,3,2,3,,,,,,,19.928,0.059,18.187,0.008,17.121,0.005,16.651,0.005,16.279,0.011,15.619,0.067,14.795,0.077,14.282,0.078,,,,,,,,,,,,,,,,,,,,,,,,,,,
2479,2479,2479,211968416,08 46 34.404,+19 45 04.97,1,16.998,,,,,5071-301-5-0119-0213,STAR,gri,,-18,2,-48,2,,,,,,,17.412,0.009,16.93,0.004,17.021,0.005,17.127,0.006,17.307,0.012,,,,,,,,,,,,,,,,,,,,,,,,,,,,,,,,,
2480,2480,2480,211968540,08 38 29.564,+19 45 11.83,1,17.471,,,,08382956+1945118,5045-301-3-0124-0390,EXTENDED,gri,,-1,3,5,3,,,,,,,19.235,0.04,18.142,0.008,17.558,0.007,17.184,0.008,16.974,0.022,16.716,0.144,16.021,0.206,15.191,0.158,,,,,,,,,,,,,,,,,,,,,,,,,,,
2481,2481,2481,211968621,08 38 46.498,+19 45 17.31,1,14.581,,,549-045405,08384650+1945173,5045-301-3-0125-0098,STAR,gri,lam,-3.1,3.1,-0.8,3.2,,,15.799,0.03,14.832,0.01,,,15.266,0.01,14.506,0.03,14.287,0.02,,,13.139,0.023,12.647,0.022,12.548,0.024,4987,59,59,3.325,0.154,0.132,-0.464,0.15,0.12,3.527,0.569,0.58,0.962,0.15,0.019,0.022,0.016,0.007,2281,301.9,364.3,0.033,0.011,0.009,,,
2482,2482,2482,211968709,08 47 48.298,+19 45 23.35,1,17.59,,,,08474829+1945233,,STAR,J,,,,,,,,,,,,,,,,,,,,,,16.088,0.135,15.729,0.216,,,,,,,,,,,,,,,,,,,,,,,,,,,,,
2483,2483,2483,211968713,08 42 31.631,+19 45 23.53,1,13.613,,,549-045598,08423163+1945235,,STAR,gri,rpm,-6.3,2.1,0,2.1,,,14.816,0.02,13.834,0.03,,,14.304,0.02,13.574,0.03,13.316,0.065,,,12.237,0.025,11.767,0.03,11.651,0.016,5020,101,80,3.394,0.952,0.68,-0.435,0.3,0.36,3.076,3.873,2.17,0.955,0.209,0.095,0.024,0.802,0.021,1352,1260,939,0.035,0.014,0.01,,,
2484,2484,2484,211968779,08 39 05.121,+19 45 26.42,1,17.271,,,,08390512+1945264,5045-301-3-0125-0381,STAR,gri,rpm,-36,3,-13,3,,,,,,,22.129,0.214,19.369,0.011,17.942,0.006,16.372,0.005,15.547,0.006,14.01,0.024,13.424,0.03,13.164,0.028,3576,104,125,5.04,0.048,0.048,-0.096,0.15,0.15,0.24,0.042,0.036,0.241,0.06,0.052,15.96,4.792,3.685,146.3,33.19,27.05,0.022,0.013,0.007,,,
2485,2485,2485,211968838,08 38 26.300,+19 45 30.68,1,14.759,,,549-045389,08382630+1945307,5045-301-3-0124-0144,STAR,gri,rpm,2.3,3.6,6,3.8,,,17.214,0.01,15.688,0.04,,,16.459,0.01,15.092,0.02,14.03,0.04,,,12.384,0.029,11.748,0.033,11.491,0.019,3831,276,230,4.902,0.065,0.078,-0.06,0.18,0.12,0.377,0.088,0.071,0.423,0.095,0.115,7.682,3.422,2.367,118.7,37.07,28.25,0.017,0.005,0.006,,,
2486,2486,2486,211968993,08 40 54.341,+19 45 40.77,1,17.805,,,,08405434+1945407,,STAR,J,col,,,,,,,,,,,,,,,,,,,,,16.287,0.106,15.842,0.151,15.088,0.148,3674,537,298,5.004,0.115,0.184,-0.204,0.25,0.35,0.27,0.168,0.089,0.276,0.243,0.121,11.6,11.02,7.048,525.1,577,215.9,0.031,0.008,0.007,,,
2487,2487,2487,211969128,08 39 30.163,+19 45 46.97,1,17.832,,,,08393016+1945469,5037-301-3-0114-0377,EXTENDED,gri,,5,3,4,3,,,,,,,20.599,0.076,18.899,0.01,17.811,0.007,17.375,0.007,17.001,0.014,16.068,0.088,15.448,0.116,14.995,0.144,,,,,,,,,,,,,,,,,,,,,,,,,,,
2488,2488,2488,211969254,08 42 26.914,+19 45 54.96,1,16.547,,,,08422691+1945549,5071-301-6-0114-0133,STAR,gri,rpm,-16,3,-66,3,,,,,,,20.93,0.077,18.468,0.007,17.034,0.005,15.724,0.004,15.051,0.005,13.659,0.025,13.059,0.03,12.728,0.029,3507,105,84,5.049,0.035,0.035,0,0.12,0.18,0.232,0.031,0.023,0.221,0.043,0.027,17.23,3.485,2.899,119.6,19.25,16.58,0.018,0.004,0.004,,,
2489,2489,2489,211969262,08 47 11.412,+19 45 55.18,1,18.392,,,,08471141+1945551,,STAR,JHK,col,,,,,,,,,,,,,,,,,,,,,16.013,0.083,15.38,0.116,15.113,0.122,3943,525,375,4.896,0.15,0.18,-0.248,0.24,0.32,0.365,0.176,0.137,0.397,0.192,0.192,6.495,8.046,3.594,688,518.7,337.4,0.032,0.008,0.007,,,
2490,2490,2490,211969273,08 38 27.732,+19 45 55.63,1,14.904,,,549-045390,08382772+1945556,5045-301-3-0124-0387,STAR,JHK,rpm,-35,3.7,-12.5,3.9,,,,,,,,,,,,,,,,,12.63,0.026,11.969,0.03,11.765,0.021,4037,240,240,4.822,0.075,0.09,-0.032,0.15,0.18,0.445,0.105,0.085,0.51,0.109,0.109,5.246,2.585,1.732,174.9,55.65,42.21,0.022,0.008,0.006,,,
2491,2491,2491,211969275,08 46 38.202,+19 45 55.81,1,11.055,,1396-662-1,549-045767,08463820+1945558,,STAR,gri,rpm,-5.6,1.5,-7.5,1.6,,,11.64,0.089,11.013,0.083,,,11.383,0.02,11.001,0.04,10.914,0.01,,,10.075,0.026,9.771,0.03,9.734,0.02,6096,145,121,4.075,0.235,0.235,-0.09,0.15,0.24,1.584,0.755,0.439,1.164,0.27,0.15,0.268,0.405,0.161,309.7,148.8,86.36,0.029,0.008,0.007,,,
2492,2492,2492,211969490,08 45 16.913,+19 46 08.04,1,14.72,,,549-045709,08451691+1946081,,STAR,gri,rpm,-20,3.4,-2.2,2.7,,,15.991,0.01,14.972,0.01,,,15.478,0.03,14.625,0.01,14.395,0.06,,,13.242,0.026,12.792,0.024,12.643,0.026,4940,59,99,4.6,0.03,0.036,-0.017,0.2,0.2,0.74,0.049,0.046,0.808,0.043,0.06,1.929,0.286,0.249,496.5,48.91,44.52,0.034,0.01,0.008,,,
2493,2493,2493,211969494,08 43 20.192,+19 46 08.55,1,10.663,,1396-21-1,549-045632,08432019+1946086,,STAR,gri,rpm,-40.9,1.5,-14.1,1.5,,,11.322,0.073,10.862,0.071,,,11.049,0.02,10.598,0.02,10.497,0.03,,,9.659,0.023,9.416,0.021,9.359,0.018,5991,96,96,4.251,0.14,0.224,0,0.15,0.15,1.267,0.462,0.201,1.129,0.101,0.084,0.469,0.31,0.261,211.2,73.44,35.94,0.025,0.008,0.007,,,
2494,2494,2494,211969546,08 37 55.868,+19 46 11.75,1,17.194,,,,08375586+1946117,5045-301-3-0123-0328,STAR,gri,rpm,47,4,-68,4,,,,,,,20.964,0.077,18.548,0.007,17.204,0.005,16.613,0.004,16.269,0.008,15.066,0.043,14.388,0.048,14.239,0.048,3885,38,38,4.967,0.072,0.06,-0.401,0.15,0.15,0.302,0.06,0.059,0.341,0.064,0.103,10.45,5.15,2.45,347.1,43.97,73.66,0.026,0.005,0.002,,,
2495,2495,2495,211969719,08 38 05.307,+19 46 20.94,1,17.761,,,,08380530+1946209,5045-301-3-0124-0464,EXTENDED,gri,,2,3,-1,3,,,,,,,20.35,0.115,18.695,0.013,17.787,0.009,17.361,0.01,17.03,0.026,16.694,0.152,,,15.732,0.192,,,,,,,,,,,,,,,,,,,,,,,,,,,
2496,2496,2496,211969807,08 38 32.821,+19 46 25.78,1,15.149,,,549-045393,08383283+1946256,5045-301-3-0124-0415,STAR,JHK,rpm,-34.7,3.9,-6.5,4,,,,,,,,,,,,,,,,,12.878,0.025,12.252,0.022,12.014,0.021,3701,145,145,4.953,0.06,0.06,0.009,0.12,0.12,0.323,0.06,0.06,0.34,0.077,0.077,9.761,3.559,2.608,119.3,29.52,23.66,0.017,0.007,0.006,,,
2497,2497,2497,211969913,08 38 13.201,+19 46 31.68,1,11.812,,1395-2333-1,549-045374,08381321+1946317,,STAR,gri,rpm,-18.1,1.9,-3.9,2.1,,,12.417,0.356,11.476,0.184,,,11.979,0.01,11.756,0.01,11.712,0.03,,,10.995,0.027,10.828,0.03,10.754,0.021,6657,133,106,4.209,0.066,0.198,-0.115,0.12,0.18,1.481,0.446,0.17,1.323,0.168,0.14,0.393,0.102,0.205,495.1,157.6,51.8,0.03,0.007,0.005,,,
2498,2498,2498,211969918,08 41 20.194,+19 46 32.04,1,14.267,,,549-045542,08412019+1946321,,STAR,gri,lam,-0.6,3.2,5.4,3.9,,,15.453,0.01,14.496,0.01,,,14.929,0.02,14.198,0.01,13.983,0.02,,,12.902,0.023,12.443,0.024,12.348,0.023,5067,152,152,4.587,0.03,0.025,-0.079,0.12,0.12,0.76,0.038,0.05,0.823,0.041,0.05,1.829,0.242,0.18,452.3,36.83,46.95,0.031,0.008,0.006,,,
2499,2499,2499,211970036,08 43 36.082,+19 46 38.01,1,12.48,,,549-045644,08433608+1946380,,STAR,gri,rpm,4.4,1.1,-11.8,1.2,,,12.997,0.01,12.504,0.01,,,12.705,0.02,12.405,0.01,12.342,0.02,,,11.597,0.023,11.348,0.022,11.321,0.02,6363,127,127,4.214,0.08,0.176,-0.237,0.25,0.3,1.385,0.227,0.195,1.149,0.159,0.159,0.427,0.183,0.186,594.3,115,96.32,0.031,0.008,0.008,,,
2500,2500,2500,211970121,08 39 42.654,+19 46 42.44,1,6.649,42485,1395-2544-1,549-045449,08394265+1946425,,STAR,BV,plx,-37.43,0.69,-12.01,0.45,5.65,0.64,6.873,0.015,6.624,0.01,,,,,,,,,,,6.106,0.026,5.989,0.016,6,0.018,7290,279,279,3.565,0.056,0.04,0.059,0.1,0.12,4.019,0.357,0.328,2.286,0.117,0.164,0.033,0.008,0.005,177,20.05,20.05,0.022,0.005,0.007,,,
2501,2501,2501,211970147,08 40 13.451,+19 46 43.72,1,12.872,,,549-045478,08401345+1946436,,STAR,gri,rpm,-37.1,3,-14.3,2,,,14.318,0.046,13.2,0.01,,,13.782,0.02,12.76,0.02,12.482,0.03,,,11.282,0.022,10.739,0.02,10.64,0.02,4576,55,45,4.635,0.027,0.02,0.257,0.15,0.27,0.699,0.014,0.036,0.768,0.015,0.043,2.266,0.247,0.136,182.2,9.646,23.81,0.021,0.005,0.006,,,
2502,2502,2502,211970184,08 47 45.683,+19 46 46.35,1,9.573,,1396-1026-1,549-045807,08474568+1946463,,STAR,gri,rpm,-4.5,1.4,-13.4,1.5,,,11.244,0.078,9.939,0.034,,,10.575,0.02,9.789,0.02,9.144,0.04,,,7.809,0.043,7.157,0.046,6.992,0.016,4641,92,73,1.575,0.285,0.285,-1.164,0.25,0.4,24.183,10.74,7.437,0.877,0.027,0.027,5.70E-05,9.11E-05,3.51E-05,1187,417.3,308.8,0.033,0.008,0.006,,,
2503,2503,2503,211970195,08 46 45.380,+19 46 47.09,1,11.417,,1396-934-1,549-045771,08464536+1946471,,STAR,gri,col,,,,,,,12.902,0.377,11.703,0.184,,,12.189,0.02,11.343,0.04,11.086,0.03,,,9.868,0.026,9.299,0.03,9.2,0.02,4767,75,75,2.517,0.576,0.192,-0.284,0.2,0.28,9.236,2.381,4.413,1.117,0.217,0.181,0.001,0.008,5.74E-04,1225,298.9,565.1,0.033,0.01,0.008,,,
2504,2504,2504,211970427,08 39 09.854,+19 46 58.90,1,15.071,,,549-045427,08390986+1946589,5045-301-3-0125-0422,STAR,gri,rpm,-34.9,3.7,-14.8,3.8,,,17.701,0.07,16.089,0.07,,,16.965,0.08,15.551,0.08,14.26,0.02,,,12.181,0.02,11.54,0.02,11.347,0.02,3878,137,91,4.888,0.025,0.045,-0.036,0.08,0.12,0.396,0.046,0.021,0.447,0.06,0.03,7.035,0.931,1.317,118.4,20.26,12.64,0.019,0.006,0.006,,,
2505,2505,2505,211970444,08 44 04.178,+19 46 59.83,1,15.405,,,549-045668,08440418+1947000,5037-301-2-0121-0317,STAR,gri,rpm,-1.5,3.6,-32.8,3.8,,,17.497,0.14,16.001,0.065,,,16.847,0.03,15.421,0.02,14.787,0.04,,,13.228,0.027,12.586,0.021,12.396,0.023,3837,46,38,4.955,0.05,0.06,-0.247,0.15,0.15,0.326,0.059,0.042,0.362,0.069,0.058,9.897,2.853,2.594,153.7,31.26,21.97,0.02,0.007,0.002,,,
2506,2506,2506,211970517,08 45 26.305,+19 47 03.82,1,14.995,,,549-045711,08452630+1947040,5037-301-2-0123-0252,STAR,JHK,rpm,-31,4.1,-14.9,4.1,,,,,,,,,,,,,,,,,12.619,0.023,12.021,0.022,11.72,0.023,3541,84,84,5.028,0.05,0.05,0.009,0.12,0.12,0.242,0.051,0.036,0.243,0.068,0.043,15.62,4.736,4.252,78.09,23.96,16,0.012,0.007,0.003,,,
2507,2507,2507,211970520,08 40 04.161,+19 47 04.04,1,11.829,,,549-045465,08400416+1947039,,STAR,gri,rpm,-32.8,0.6,-11.7,2.1,,,12.899,0.02,12.03,0.01,,,12.443,0.01,11.768,0.04,11.566,0.03,,,10.507,0.022,10.123,0.023,10.004,0.02,5258,146,62,4.529,0.055,0.704,-0.033,0.12,0.27,0.85,1.265,0.101,0.916,0.127,0.072,1.377,0.417,1.274,192.4,243.5,50.82,0.028,0.008,0.007,,,
2508,2508,2508,211970613,08 39 06.956,+19 47 08.03,1,18.811,,,,08390695+1947080,5045-301-3-0125-0530,STAR,gri,rpm,-32,4,-18,4,,,,,,,23.196,0.523,21.195,0.039,19.616,0.018,17.789,0.007,16.752,0.01,15.126,0.039,14.545,0.048,14.144,0.061,3294,180,128,5.143,0.025,0.035,-0.024,0.12,0.21,0.172,0.02,0.008,0.151,0.024,0.01,29.49,2.845,4.961,155.6,23.54,17.24,0.022,0.011,0.005,,,
2509,2509,2509,211970624,08 38 11.999,+19 47 08.76,1,16.487,,,,08381199+1947087,5045-301-3-0124-0301,STAR,gri,rpm,-10,3,-3,3,,,,,,,21.248,0.093,18.667,0.008,17.135,0.005,15.552,0.004,14.709,0.004,13.207,0.024,12.633,0.033,12.339,0.023,3572,170,204,5.043,0.075,0.09,-0.068,0.1,0.12,0.237,0.088,0.055,0.244,0.103,0.086,15.76,9.219,5.817,104,39.91,38,0.016,0.005,0.003,,,
2510,2510,2510,211970640,08 43 23.105,+19 47 09.50,1,17.508,,,,08432310+1947095,5061-301-6-0117-0286,STAR,gri,rpm,-30,3,-4,3,,,,,,,21.525,0.113,19.129,0.009,17.691,0.006,16.814,0.005,16.342,0.008,15.088,0.046,14.466,0.057,14.204,0.073,3584,57,43,5.026,0.03,0.042,-0.059,0.12,0.08,0.255,0.042,0.025,0.256,0.053,0.035,15.11,2.643,3.435,258.7,40.81,29.72,0.027,0.011,0.007,,,
2511,2511,2511,211970641,08 46 53.062,+19 47 09.56,1,18.327,,,,08465306+1947095,5071-301-5-0120-0100,EXTENDED,gri,,-7,3,-3,3,,,,,,,22.06,0.233,19.506,0.015,18.365,0.009,17.822,0.009,17.518,0.018,16.342,0.123,15.687,0.149,15.254,0.138,,,,,,,,,,,,,,,,,,,,,,,,,,,
2512,2512,2512,211970678,08 39 29.401,+19 47 11.80,1,12.313,,,549-045440,08392940+1947118,,STAR,gri,rpm,-34.8,1.6,-9.7,1.6,,,13.624,0.02,12.619,0.031,,,13.124,0.01,12.253,0.01,11.965,0.02,,,10.739,0.025,10.222,0.021,10.065,0.018,4797,95,57,4.616,0.02,1.134,-0.018,0.2,0.2,0.717,2.51,0.043,0.792,0.399,0.074,2.104,0.203,2.07,161.5,406.2,22.45,0.024,0.008,0.004,,,
2513,2513,2513,211970750,08 40 17.624,+19 47 15.24,1,9.847,,,549-045483,08401762+1947152,,STAR,gri,,-34.9,1.3,-13.2,0.8,,,10.551,0.04,9.941,0.04,,,10.209,0.01,9.835,0.05,9.692,0.03,,,8.886,0.023,,,8.583,0.018,,,,,,,,,,,,,,,,,,,,,,,,,,,
2514,2514,2514,211970792,08 40 35.710,+19 47 18.53,1,15.217,,,549-045505,08403572+1947186,5038-301-3-0027-0301,STAR,gri,rpm,-41.1,3.7,-56.8,4,,,16.471,0.06,15.441,0.052,,,16.012,0.02,15.055,0.03,14.876,0.01,,,13.563,0.025,12.993,0.022,12.85,0.027,4661,94,75,4.707,0.048,0.04,-0.669,0.15,0.15,0.564,0.053,0.048,0.606,0.037,0.052,3.242,0.701,0.576,394.8,52.27,54.72,0.04,0.013,0.016,,,
2515,2515,2515,211970855,08 45 34.537,+19 47 22.55,1,17.285,,,,08453453+1947225,5037-301-2-0123-0286,STAR,gri,rpm,-22,3,26,3,,,,,,,21.439,0.086,18.97,0.009,17.593,0.007,16.563,0.006,15.973,0.007,14.676,0.033,14.162,0.053,13.927,0.05,3452,34,34,5.029,0.042,0.02,0.197,0.08,0.18,0.244,0.008,0.029,0.234,0.01,0.033,15.81,4.094,0.949,190.6,8.523,20.49,0.021,0.005,0.002,,,
2516,2516,2516,211970861,08 38 13.917,+19 47 22.96,1,14.962,,,549-045376,08381392+1947230,5045-301-3-0124-0124,STAR,JHK,col,,,,,,,,,,,,,,,,,,,,,12.666,0.031,12.025,0.034,11.794,0.024,3763,261,174,4.918,0.102,0.085,-0.064,0.15,0.24,0.343,0.104,0.091,0.38,0.112,0.135,8.292,6.522,2.814,125.6,43.04,42.45,0.017,0.008,0.006,,,
2517,2517,2517,211970874,08 38 14.221,+19 47 23.41,1,13.757,,,549-045377,,5045-301-3-0124-0123,STAR,gri,,-18.9,6.7,-7.3,4.1,,,16.005,0.01,14.542,0.01,,,15.34,0.03,13.901,0.02,13.079,0.01,,,,,,,,,,,,,,,,,,,,,,,,,,,,,,,,,,,
2518,2518,2518,211970966,08 43 06.702,+19 47 29.67,1,13.267,,,549-045621,08430670+1947297,,STAR,gri,rpm,-37.7,2.3,-15.5,1.9,,,14.891,0.03,13.647,0.01,,,14.336,0.03,13.17,0.01,12.808,0.02,,,11.466,0.022,10.887,0.021,10.772,0.022,4338,69,69,4.729,0.02,0.052,-0.008,0.1,0.2,0.568,0.066,0.022,0.641,0.062,0.031,3.442,0.289,0.739,147,14.55,20.61,0.021,0.009,0.005,,,
2519,2519,2519,211970974,08 44 06.992,+19 47 30.13,1,16.71,,,,08440699+1947301,5037-301-2-0121-0330,STAR,gri,rpm,-34,3,-6,3,,,,,,,21.553,0.095,18.816,0.008,17.337,0.006,15.807,0.005,14.972,0.005,13.507,0.027,12.919,0.027,12.65,0.03,3477,82,55,5.023,0.06,0.03,0.111,0.12,0.16,0.251,0.024,0.045,0.246,0.031,0.058,15.31,5.824,2.279,117.1,15.5,23.87,0.016,0.008,0.002,,,
2520,2520,2520,211971074,08 44 26.531,+19 47 35.92,1,13.629,,,549-045684,08442652+1947359,,STAR,gri,rpm,-40.7,2.1,-15,2.9,,,15.466,0.01,14.125,0.01,,,14.88,0.03,13.584,0.01,13.093,0.05,,,11.675,0.022,11.047,0.021,10.908,0.018,4015,48,48,4.859,0.056,0.035,-0.184,0.09,0.24,0.42,0.037,0.054,0.479,0.045,0.064,6.136,1.805,0.913,104.7,8.003,14.34,0.015,0.005,0.002,,,
2521,2521,2521,211971114,08 39 02.584,+19 47 38.21,1,12.58,,,549-045421,08390258+1947381,,STAR,gri,rpm,-11.8,1.9,-3.4,2.2,,,13.786,0.01,12.823,0.02,,,13.281,0.01,12.545,0.041,12.279,0.01,,,11.112,0.02,10.615,0.02,10.511,0.018,4943,99,59,3.08,0.408,0.748,-0.479,0.25,0.4,4.385,5.12,1.407,0.981,0.189,0.105,0.01,0.023,0.009,1140,1176,371,0.033,0.01,0.007,,,
2522,2522,2522,211971134,08 38 02.152,+19 47 39.06,1,18.395,,,,08380215+1947390,5045-301-3-0124-0259,STAR,gri,rpm,14,3,-36,3,,,,,,,22.231,0.204,19.949,0.016,18.52,0.009,17.729,0.007,17.344,0.015,16.161,0.083,15.663,0.102,15.262,0.12,3658,44,44,5.037,0.036,0.03,-0.218,0.08,0.08,0.249,0.023,0.029,0.243,0.032,0.032,15.96,3.139,2.623,412.8,58.54,51.27,0.031,0.007,0.007,,,
2523,2523,2523,211971138,08 39 59.128,+19 47 39.13,1,12.181,,,549-045462,08395913+1947392,,STAR,gri,rpm,-1.5,0.7,5.4,1.8,,,12.699,0.01,12.206,0.01,,,12.397,0.01,12.109,0.01,12.018,0.061,,,11.263,0.025,11.042,0.021,10.962,0.018,6463,130,104,4.055,0.192,0.224,-0.084,0.12,0.18,1.701,0.716,0.378,1.337,0.202,0.151,0.241,0.261,0.139,616.1,267.9,140.1,0.033,0.008,0.007,,,
2524,2524,2524,211971167,08 45 58.941,+19 47 41.22,1,11.776,,1396-716-1,549-045740,08455894+1947413,,STAR,gri,rpm,6.8,2.5,-8.4,2.8,,,13.316,0.492,11.878,0.212,,,12.511,0.02,11.729,0.04,11.46,0.03,,,10.24,0.022,9.738,0.021,9.594,0.02,4883,78,78,2.907,0.4,0.56,-0.375,0.25,0.25,5.604,4.636,1.961,1.097,0.193,0.165,0.004,0.012,0.004,953.7,744.6,322.1,0.033,0.01,0.007,,,
2525,2525,2525,211971189,08 39 16.785,+19 47 42.80,1,15.329,,,549-045435,08391679+1947426,5045-301-3-0125-0488,STAR,JHK,rpm,-42.8,4.2,-8.8,4.2,,,,,,,,,,,,,,,,,12.97,0.022,12.342,0.023,12.077,0.022,3612,128,106,4.996,0.055,0.055,0.009,0.15,0.18,0.279,0.056,0.047,0.294,0.074,0.074,12.86,4.688,3.435,107.7,25.42,20.56,0.016,0.007,0.006,,,
2526,2526,2526,211971278,08 42 10.562,+19 47 48.92,1,17.123,,,,08421056+1947489,,STAR,J,col,,,,,,,,,,,,,,,,,,,,,15.653,0.066,15.09,0.09,14.484,0.084,3568,248,248,5.031,0.1,0.1,-0.097,0.18,0.24,0.24,0.095,0.068,0.23,0.135,0.084,16.15,12.24,6.962,316.5,177.1,113.5,0.028,0.01,0.008,,,
2527,2527,2527,211971288,08 38 15.964,+19 47 49.51,1,17.644,,,,08381596+1947495,5045-301-3-0124-0326,EXTENDED,gri,,-2,3,-4,3,,,,,,,20.404,0.101,18.652,0.011,17.614,0.008,17.212,0.008,16.869,0.02,16.25,0.108,15.914,0.145,15.446,0.157,,,,,,,,,,,,,,,,,,,,,,,,,,,
2528,2528,2528,211971314,08 39 07.639,+19 47 51.03,1,15.347,,,549-045424,08390765+1947510,5045-301-3-0125-0415,STAR,JHK,rpm,21.4,17.9,-64,17.9,,,,,,,,,,,,,,,,,13.073,0.023,12.471,0.024,12.208,0.024,3571,106,85,5.018,0.045,0.054,-0.031,0.15,0.18,0.255,0.053,0.037,0.257,0.079,0.049,14.21,4.096,3.725,100.5,29.16,16.72,0.015,0.007,0.005,,,
2529,2529,2529,211971323,08 38 37.415,+19 47 51.48,1,17.651,,,,08383741+1947514,5045-301-3-0124-0443,EXTENDED,gri,,3,3,-6,3,,,,,,,20.637,0.095,18.727,0.01,17.655,0.007,17.19,0.006,16.865,0.015,16.101,0.087,15.197,0.099,14.867,0.114,,,,,,,,,,,,,,,,,,,,,,,,,,,
2530,2530,2530,211971349,08 40 43.794,+19 47 53.47,1,16.276,,,,08404379+1947534,5038-301-3-0027-0402,STAR,gri,rpm,-11,3,-56,3,,,,,,,20.637,0.051,18.113,0.006,16.759,0.005,15.489,0.006,14.827,0.005,13.458,0.023,12.799,0.028,12.561,0.027,3843,91,114,4.916,0.064,0.04,-0.136,0.16,0.2,0.363,0.039,0.054,0.396,0.048,0.067,8.177,2.803,1.376,192.3,22.97,35.35,0.024,0.011,0.006,,,
2531,2531,2531,211971468,08 39 34.664,+19 48 00.29,1,15.619,,,,08393466+1948002,,STAR,JHK,col,,,,,,,,,,,,,,,,,,,,,13.269,0.023,12.617,0.024,12.379,0.024,3809,182,182,4.9,0.096,0.06,-0.067,0.15,0.21,0.367,0.063,0.091,0.411,0.082,0.131,7.646,4.697,1.978,175.6,45.25,51.1,0.022,0.008,0.007,,,
2532,2532,2532,211971510,08 39 18.922,+19 48 02.62,1,12.468,,,550-045882,08391892+1948025,,STAR,gri,rpm,-12.2,3.5,-1.7,4.7,,,14.272,0.02,12.854,0.01,,,13.572,0.01,12.381,0.01,11.995,0.01,,,10.562,0.02,9.944,0.023,9.778,0.02,4483,71,53,2.461,0.27,0.72,-0.128,0.3,0.48,10.47,9.851,3.437,1.013,0.27,0.104,9.70E-04,0.002,8.81E-04,1719,1519,429.9,0.033,0.007,0.005,,,
2533,2533,2533,211971559,08 40 01.867,+19 48 05.32,1,14.3,,,550-045915,08400186+1948052,,STAR,JHK,rpm,-0.1,5.7,-9.3,3.7,,,,,,,,,,,,,,,,,12.72,0.022,12.227,0.023,12.079,0.022,4984,118,118,3.499,1.111,0.606,-0.371,0.35,0.42,2.941,2.008,2.256,0.904,0.18,0.113,0.039,1.698,0.034,1471,987.2,1122,0.033,0.01,0.006,,,
2534,2534,2534,211971585,08 38 58.074,+19 48 06.58,1,17.396,,,,08385807+1948065,5045-301-3-0125-0372,EXTENDED,gri,,-7,3,2,3,,,,,,,20.413,0.091,18.435,0.009,17.39,0.006,16.95,0.006,16.575,0.014,15.904,0.08,15.188,0.108,14.749,0.107,,,,,,,,,,,,,,,,,,,,,,,,,,,
2535,2535,2535,211971701,08 38 01.884,+19 48 14.15,1,17.475,,,,08380188+1948141,5045-301-3-0124-0268,EXTENDED,gri,,2,4,8,3,,,,,,,20.534,0.135,18.524,0.012,17.443,0.008,17.025,0.008,16.692,0.02,16.276,0.111,15.964,0.174,15.137,0.12,,,,,,,,,,,,,,,,,,,,,,,,,,,
2536,2536,2536,211971817,08 38 30.979,+19 48 20.59,1,16.405,,,,08383097+1948205,,STAR,J,col,,,,,,,,,,,,,,,,,,,,,14.986,0.075,14.247,0.096,13.793,0.083,3838,411,342,4.887,0.15,0.15,-0.141,0.2,0.28,0.355,0.155,0.141,0.384,0.184,0.184,7.124,9.653,3.635,389,252.1,175.4,0.03,0.011,0.009,,,
2537,2537,2537,211971871,08 40 00.624,+19 48 23.61,1,10.217,,,550-045914,08400062+1948235,,STAR,gri,rpm,-35.7,0.9,-13.3,0.9,,,10.824,0.01,10.271,0.01,,,10.501,0.03,10.156,0.01,10.095,0.02,,,9.33,0.022,9.146,0.021,9.079,0.02,6367,102,102,4.199,0.11,0.154,0.014,0.12,0.15,1.446,0.299,0.21,1.28,0.09,0.09,0.396,0.21,0.178,212.6,49.68,34.13,0.024,0.007,0.005,,,
2538,2538,2538,211971887,08 43 42.073,+19 48 24.72,1,13.927,,,550-046088,08434207+1948247,,STAR,gri,rpm,-0.7,2.6,-1.2,2.8,,,15.01,0.053,14.154,0.02,,,14.542,0.03,13.895,0.02,13.664,0.05,,,12.624,0.023,12.133,0.021,12.079,0.023,5114,82,61,3.245,0.355,0.71,-0.726,0.3,0.36,3.523,3.974,1.108,0.909,0.132,0.035,0.016,0.044,0.015,1899,2059,626.8,0.033,0.009,0.009,,,
2539,2539,2539,211971995,08 44 25.319,+19 48 30.50,1,16.855,,,,08442531+1948304,5037-301-2-0121-0399,STAR,gri,rpm,-28,3,-5,3,,,,,,,20.818,0.056,18.233,0.007,16.884,0.006,16.264,0.006,15.914,0.007,14.714,0.038,14.057,0.034,13.881,0.047,3893,46,46,4.889,0.042,0.035,-0.159,0.1,0.12,0.387,0.036,0.046,0.425,0.046,0.055,7.22,1.975,1.145,368.9,43.11,45.82,0.03,0.01,0.007,,,
2540,2540,2540,211972157,08 39 58.318,+19 48 40.71,1,14.669,,,550-045913,08395831+1948408,,STAR,gri,rpm,18,3.6,-21.4,3.9,,,16.589,0.07,15.222,0.049,,,15.858,0.049,14.644,0.051,14.159,0.09,,,12.84,0.027,12.168,0.026,12.031,0.021,4167,98,122,4.773,0.054,0.045,-0.077,0.15,0.15,0.507,0.059,0.045,0.575,0.059,0.049,4.25,1.125,0.755,223.1,32.47,33.56,0.026,0.006,0.007,,,
2541,2541,2541,211972472,08 42 15.501,+19 48 57.65,1,16.348,,,,08421550+1948576,5071-301-6-0113-0364,STAR,gri,rpm,-37,3,-9,3,,,,,,,20.99,0.08,18.249,0.006,16.821,0.005,15.533,0.004,14.857,0.004,13.481,0.026,12.867,0.03,12.625,0.022,3569,113,71,5.018,0.02,0.032,0.028,0.12,0.21,0.257,0.041,0.005,0.261,0.049,0.013,14.63,0.878,2.738,122,23.34,4.414,0.019,0.005,0.005,,,
2542,2542,2542,211972478,08 39 37.149,+19 48 57.97,1,14.551,,,550-045894,08393715+1948580,,STAR,gri,rpm,-34.4,3.7,-10.1,4.1,,,16.824,0.02,15.237,0.04,,,16.093,0.03,14.629,0.02,13.89,0.01,,,12.286,0.023,11.622,0.021,11.386,0.018,3762,37,37,4.987,0.03,0.042,-0.118,0.08,0.18,0.304,0.036,0.032,0.332,0.052,0.052,11.38,2.621,2.13,92.13,11.62,11.92,0.012,0.006,0.005,,,
2543,2543,2543,211972627,08 41 10.305,+19 49 07.01,1,11.353,,,550-045989,08411031+1949071,,STAR,gri,rav,-36.8,1.3,-14,0.7,,,12.268,0.02,11.495,0.02,,,11.85,0.01,11.29,0.02,11.14,0.02,,,10.183,0.022,9.825,0.019,9.753,0.02,5307,126,158,4.557,0.03,0.036,-0.04,0.1,0.12,0.817,0.054,0.042,0.881,0.053,0.042,1.605,0.196,0.207,147.7,13.5,12.37,0.019,0.006,0.005,,,
2544,2544,2544,211972681,08 40 05.779,+19 49 10.31,1,15.39,,,550-045919,08400578+1949101,5038-301-3-0027-0150,STAR,gri,lam,-1.5,3.7,-0.9,4.1,,,16.707,0.12,15.75,0.05,,,16.291,0.02,15.311,0.06,15.004,0.14,,,13.712,0.026,13.19,0.027,13.093,0.027,4805,172,144,4.633,0.03,0.025,-0.23,0.15,0.15,0.68,0.04,0.038,0.73,0.051,0.042,2.313,0.282,0.252,543,51.02,46.64,0.033,0.008,0.008,,,
2545,2545,2545,211972837,08 39 54.622,+19 49 18.91,1,13.547,,,550-045912,08395462+1949189,,STAR,gri,lam,-10.5,1.3,2.4,1.5,,,14.076,0.9,13.594,0.9,,,13.693,0.9,13.498,0.9,13.37,0.75,,,12.514,0.023,12.217,0.026,12.171,0.023,7018,85,141,4.191,0.04,0.112,-0.202,0.08,0.06,1.556,0.271,0.12,1.373,0.097,0.081,0.363,0.065,0.123,1104,203.9,131.8,0.032,0.011,0.005,,,
2546,2546,2546,211972980,08 40 07.095,+19 49 28.02,1,15.255,,,550-045922,08400708+1949279,,STAR,JHK,rpm,-2,4,1.7,4,,,,,,,,,,,,,,,,,12.922,0.022,12.287,0.026,12.038,0.02,3813,91,160,4.896,0.084,0.035,-0.05,0.18,0.12,0.379,0.041,0.075,0.421,0.049,0.099,7.489,3.846,1.144,160.9,15.36,45.73,0.02,0.007,0.004,,,
2547,2547,2547,211973080,08 38 47.156,+19 49 33.12,1,16.339,,,,08384715+1949331,5045-301-3-0125-0325,EXTENDED,gri,,0,3,-1,3,,,,,,,19.184,0.082,17.354,0.008,16.341,0.006,15.904,0.006,15.552,0.014,15.904,0.102,15.258,0.149,14.911,0.141,,,,,,,,,,,,,,,,,,,,,,,,,,,
2548,2548,2548,211986424,09 11 57.058,+20 02 08.48,1,18.046,,,,09115705+2002084,5080-301-5-0167-0177,STAR,gri,rpm,46,5,-47,5,,,,,,,21.947,0.13,20.028,0.016,18.637,0.009,17.196,0.006,16.393,0.008,14.925,0.033,14.341,0.037,14.069,0.043,3643,149,85,5.008,0.036,0.03,-0.168,0.2,0.2,0.268,0.034,0.03,0.277,0.044,0.044,13.65,2.574,2.555,259.2,30.96,32.82,0.027,0.006,0.006,,,
2549,2549,2549,211987856,09 11 35.758,+20 03 28.95,1,14.325,,,551-046209,09113575+2003288,,STAR,gri,rpm,-27.7,3.2,29.2,3.5,,,15.453,0.04,14.584,0.06,,,14.985,0.05,14.294,0.01,14.043,0.01,,,13.055,0.022,12.595,0.024,12.536,0.022,5081,60,101,4.629,0.056,0.04,-0.554,0.3,0.25,0.669,0.052,0.063,0.709,0.045,0.063,2.267,0.529,0.315,418.7,46.79,42.08,0.029,0.007,0.002,,,
2550,2550,2550,211987940,09 09 39.938,+20 03 34.65,1,16.165,,,,09093993+2003346,5061-301-1-0156-0190,EXTENDED,gri,,8,2,-6,2,,,,,,,17.832,0.023,16.7,0.005,16.221,0.005,15.936,0.006,15.749,0.017,16.493,0.158,15.843,0.171,15.673,0.196,,,,,,,,,,,,,,,,,,,,,,,,,,,
2551,2551,2551,211988233,09 10 49.336,+20 03 51.20,1,12.978,,,551-046176,09104933+2003513,,STAR,gri,rpm,-0.7,1.6,-14.2,2,,,13.596,0.043,13.064,0.032,,,13.273,0.032,12.964,0.041,12.852,0.063,,,12.087,0.022,11.834,0.022,11.786,0.018,6275,129,154,4.242,0.09,0.18,-0.262,0.2,0.4,1.273,0.33,0.138,1.097,0.119,0.167,0.479,0.198,0.225,657.3,161.5,75.52,0.033,0.008,0.006,,,
2552,2552,2552,211988505,09 10 51.330,+20 04 06.69,1,12.59,,,551-046178,09105132+2004068,,STAR,gri,rpm,-2.3,1.5,-0.8,1.8,,,13.38,0.042,12.726,0.031,,,13.004,0.031,12.584,0.041,12.412,0.061,,,11.568,0.022,11.264,0.022,11.198,0.02,5997,119,119,4.099,0.24,0.2,-0.111,0.15,0.27,1.526,0.467,0.476,1.105,0.151,0.151,0.275,0.391,0.143,601.9,173.5,179.7,0.033,0.008,0.006,,,
2553,2553,2553,211988587,09 11 05.162,+20 04 11.69,1,16.719,,,,09110516+2004116,,EXTENDED,J,,,,,,,,,,,,,,,,,,,,,,15.277,0.086,14.411,0.088,14.077,0.085,,,,,,,,,,,,,,,,,,,,,,,,,,,
2554,2554,2554,211989404,09 08 20.480,+20 05 01.94,1,10.59,,1407-16-1,551-046098,09082048+2005020,,STAR,gri,plx,-9.6,1.5,-18,1.6,,,11.301,0.095,10.934,0.105,,,11.028,0.03,10.564,0.04,10.402,0.11,,,9.708,0.023,9.46,0.028,9.4,0.02,6029,145,121,4.106,0.165,0.165,-0.007,0.15,0.21,1.542,0.424,0.283,1.156,0.14,0.117,0.283,0.221,0.124,268.4,62.23,62.23,0.028,0.008,0.006,,,
2555,2555,2555,211989789,09 11 51.545,+20 05 23.32,1,14.167,,,551-046220,09115154+2005234,,STAR,gri,rpm,1.2,3.2,-33.5,3.5,,,15.344,0.05,14.482,0.05,,,14.832,0.02,14.157,0.01,13.882,0.03,,,12.738,0.022,12.243,0.022,12.13,0.018,5017,119,59,4.678,0.025,0.08,-0.763,0.45,0.25,0.608,0.114,0.028,0.654,0.117,0.026,2.795,0.37,0.789,330.5,65.03,22.91,0.026,0.011,0.002,,,
2556,2556,2556,211989949,09 07 32.593,+20 05 32.49,1,12.512,,,551-046077,09073259+2005324,,STAR,gri,rpm,-6.1,2.1,2.7,2.6,,,13.483,0.06,12.674,0.04,,,13.095,0.07,12.455,0.08,12.262,0.11,,,11.309,0.023,10.878,0.03,10.837,0.021,5249,126,158,3.103,1.155,0.825,-0.743,0.64,0.4,4.395,5.65,3.224,0.901,0.19,0.022,0.007,0.338,0.007,1080,1338,730.8,0.033,0.007,0.008,,,
2557,2557,2557,211989954,09 06 54.589,+20 05 32.73,1,15.521,,,551-046052,09065458+2005328,5071-301-1-0150-0006,STAR,JHK,rpm,4,4.5,-4.7,4.8,,,,,,,,,,,,,,,,,13.891,0.027,13.298,0.036,13.23,0.032,4649,184,221,4.647,0.054,0.045,-0.142,0.2,0.28,0.657,0.062,0.078,0.721,0.059,0.083,2.465,0.725,0.415,545.6,93.07,91.58,0.033,0.008,0.006,,,
2558,2558,2558,211989968,09 11 54.026,+20 05 33.54,1,12.477,,,551-046224,09115403+2005336,,STAR,gri,rpm,1.7,1.9,-31.9,1.4,,,13.289,0.06,12.632,0.04,,,12.883,0.03,12.459,0.01,12.303,0.01,,,11.44,0.021,11.136,0.022,11.053,0.018,5957,71,94,4.361,0.1,0.28,-0.343,0.25,0.3,1.07,0.414,0.161,0.952,0.125,0.094,0.783,0.336,0.474,389.2,137.5,60.22,0.029,0.011,0.006,,,
2559,2559,2559,211990064,09 10 18.786,+20 05 37.97,1,18.767,,,,09101878+2005379,,STAR,J,,,,,,,,,,,,,,,,,,,,,,17.174,0.188,16.499,0.208,,,,,,,,,,,,,,,,,,,,,,,,,,,,,
2560,2560,2560,211990067,09 08 03.811,+20 05 38.04,1,17.561,,,,09080381+2005380,5071-301-1-0151-0197,EXTENDED,gri,,-3,3,-3,3,,,,,,,20.095,0.059,18.548,0.01,17.576,0.007,17.138,0.006,16.829,0.014,16.01,0.096,15.482,0.137,14.99,0.115,,,,,,,,,,,,,,,,,,,,,,,,,,,
2561,2561,2561,211990119,09 09 43.105,+20 05 40.92,1,15.416,,,551-046144,09094311+2005410,5061-301-1-0156-0102,STAR,gri,rpm,-2.4,3.1,-0.2,3.3,,,16.758,0.088,15.766,0.04,,,16.335,0.057,15.494,0.063,15.022,0.13,,,13.888,0.028,13.346,0.033,13.211,0.03,4797,140,140,4.611,0.045,1.8,-0.222,0.24,0.44,0.712,5.625,0.078,0.772,0.087,0.087,2.091,0.452,2.087,615.8,4403,89.25,0.033,0.01,0.007,,,
2562,2562,2562,211990205,09 11 51.898,+20 05 45.16,1,19.314,,,,09115189+2005451,5080-301-5-0167-0253,STAR,gri,,30,4,-45,4,,,,,,,23.284,0.349,20.914,0.029,19.415,0.014,18.628,0.011,18.182,0.02,17.016,0.153,16.161,0.147,,,,,,,,,,,,,,,,,,,,,,,,,,,,,
2563,2563,2563,211990207,09 11 48.420,+20 05 45.22,1,18.473,,,,09114842+2005452,5080-301-5-0167-0006,STAR,gri,,1,3,4,3,,,,,,,18.822,0.017,18.633,0.008,18.419,0.008,18.13,0.009,18.085,0.019,16.821,0.13,16.179,0.151,,,,,,,,,,,,,,,,,,,,,,,,,,,,,
2564,2564,2564,211990208,09 12 13.811,+20 05 45.25,1,14.743,,,551-046237,09121380+2005452,5080-301-5-0167-0093,STAR,gri,rpm,-3.8,3.1,-4.5,3.4,,,15.986,0.06,15.08,0.02,,,15.459,0.03,14.79,0.01,14.436,0.03,,,13.325,0.023,12.822,0.022,12.723,0.023,4919,98,59,1.704,1.353,0.246,-2.237,1.28,0.64,19.447,7.311,14.926,0.8,0.106,0.016,8.88E-05,0.01,5.00E-05,13270,5106,10130,0.036,0.003,0.012,,,
2565,2565,2565,211990218,09 11 16.165,+20 05 45.56,1,13.41,,,551-046193,09111617+2005455,,STAR,gri,rpm,-13.2,2.4,0.9,2.7,,,14.672,0.05,13.701,0.06,,,14.155,0.03,13.401,0.01,13.091,0.02,,,12.005,0.022,11.518,0.024,11.413,0.021,4925,78,59,3.161,0.48,0.4,-0.389,0.25,0.25,3.859,2.4,1.48,0.957,0.148,0.067,0.013,0.05,0.01,1433,853,534.8,0.032,0.008,0.01,,,
2566,2566,2566,211990286,09 09 04.732,+20 05 50.17,1,15.145,,,551-046122,09090472+2005502,5071-301-1-0153-0026,EXTENDED,BV,,3.5,5.7,-3.7,5.4,,,16.296,0.05,15.374,0.051,,,,,,,,,,,13.967,0.06,13.501,0.093,13.126,0.073,,,,,,,,,,,,,,,,,,,,,,,,,,,
2567,2567,2567,211990316,09 12 06.130,+20 05 51.65,1,12.112,,1407-1962-1,551-046230,09120612+2005516,,STAR,gri,rpm,-9.3,1.6,12.7,1.7,,,12.602,0.176,12.166,0.15,,,12.494,0.04,12.098,0.01,11.948,0.06,,,11.125,0.022,10.881,0.022,10.783,0.018,6127,123,98,4.177,0.186,0.186,-0.087,0.15,0.24,1.354,0.437,0.256,1.149,0.129,0.129,0.42,0.294,0.22,442.3,158.2,76.95,0.033,0.01,0.007,,,
2568,2568,2568,211990490,09 12 12.630,+20 06 01.57,1,19.977,,,,,5080-301-5-0167-0217,STAR,gri,,1,3,7,3,,,,,,,20.246,0.039,20.014,0.016,19.964,0.021,19.912,0.026,19.671,0.061,,,,,,,,,,,,,,,,,,,,,,,,,,,,,,,,,
2569,2569,2569,211990736,09 10 06.510,+20 06 15.39,1,17.459,,,,09100650+2006153,5061-301-1-0157-0094,EXTENDED,gri,,3,3,1,3,,,,,,,20.473,0.143,18.503,0.013,17.483,0.008,17.011,0.009,16.624,0.021,16.537,0.129,15.914,0.201,15.587,0.192,,,,,,,,,,,,,,,,,,,,,,,,,,,
2570,2570,2570,211990809,09 09 16.522,+20 06 19.48,1,19.321,,,,,5061-301-1-0155-0372,EXTENDED,gri,,7,3,-2,3,,,,,,,20.445,0.062,19.522,0.016,19.254,0.017,19.071,0.022,19.033,0.079,,,,,,,,,,,,,,,,,,,,,,,,,,,,,,,,,
2571,2571,2571,211990954,09 09 08.698,+20 06 27.10,1,12.929,,,551-046125,09090869+2006271,,STAR,gri,rpm,-37.5,3.3,-26.3,4.2,,,14.825,0.05,13.428,0.05,,,14.291,0.08,12.92,0.02,12.345,0.08,,,10.965,0.023,10.312,0.03,10.219,0.019,4022,95,63,4.8,0.05,0.025,0.028,0.12,0.12,0.491,0.029,0.053,0.552,0.036,0.054,4.656,1.192,0.458,88.17,13.91,13.85,0.015,0.005,0.006,,,
2572,2572,2572,211991029,09 08 11.999,+20 06 32.27,1,14.166,,,551-046094,09081199+2006322,,STAR,gri,rpm,-9.9,4.7,-1.7,5.1,,,15.345,0.08,14.401,0.03,,,14.874,0.05,14.123,0.06,13.863,0.06,,,12.827,0.025,12.351,0.031,12.273,0.023,5050,121,101,4.541,0.066,1.287,-0.281,0.3,0.36,0.813,2.967,0.099,0.862,0.14,0.087,1.55,0.493,1.533,484.3,1662,75.13,0.032,0.007,0.006,,,
2573,2573,2573,211991063,09 07 05.879,+20 06 34.25,1,15.063,,,551-046060,09070588+2006342,5071-301-1-0150-0053,STAR,JHK,rpm,2.9,4.4,-3.8,4.8,,,,,,,,,,,,,,,,,13.288,0.026,12.672,0.032,12.575,0.024,4501,225,270,4.663,0.084,0.072,-0.097,0.16,0.28,0.633,0.108,0.092,0.696,0.09,0.107,2.571,1.154,0.7,374.8,93.8,75.03,0.03,0.008,0.005,,,
2574,2574,2574,211991219,09 05 59.028,+20 06 42.47,1,16.528,,,,09055902+2006424,5061-301-2-0151-0092,EXTENDED,gri,,3,2,7,2,,,,,,,18.458,0.024,17.18,0.005,16.61,0.005,16.249,0.006,15.982,0.014,15.826,0.106,15.297,0.146,14.701,0.105,,,,,,,,,,,,,,,,,,,,,,,,,,,
2575,2575,2575,211991276,09 05 50.594,+20 06 45.22,1,13.74,,,551-046011,09055059+2006452,,STAR,gri,rpm,-13.7,11.7,-2,5.7,,,15.206,0.01,14.095,0.05,,,14.741,0.08,13.656,0.09,13.312,0.14,,,12.125,0.025,11.562,0.028,11.458,0.021,4633,109,109,4.647,0.03,1.158,-0.059,0.16,0.2,0.677,3.218,0.052,0.742,0.112,0.062,2.327,0.345,2.309,251,1227,23.14,0.028,0.008,0.007,,,
2576,2576,2576,211991576,09 11 24.376,+20 07 01.97,1,15.489,,,551-046202,09112435+2007019,5061-301-1-0159-0113,STAR,gri,col,,,,,,,17.833,0.17,16.749,0.089,,,17.284,0.078,16.184,0.079,14.72,0.084,,,12.721,0.022,12.006,0.022,11.764,0.022,4109,125,125,4.793,0.04,0.04,-0.021,0.15,0.21,0.493,0.045,0.049,0.558,0.05,0.06,4.464,1.104,0.751,199.7,27.48,24.15,0.025,0.007,0.005,,,
2577,2577,2577,211991637,09 10 55.194,+20 07 05.26,1,13.94,,,551-046181,09105519+2007054,,STAR,gri,rpm,-3.2,2.3,4,2.6,,,14.749,0.05,14.077,0.036,,,14.335,0.036,13.913,0.045,13.77,0.01,,,12.917,0.022,12.613,0.023,12.554,0.021,5977,119,119,4.262,0.14,0.252,-0.226,0.2,0.24,1.176,0.49,0.207,1.009,0.115,0.115,0.553,0.435,0.343,851.8,343.7,162.6,0.034,0.011,0.007,,,
2578,2578,2578,211991841,09 08 23.411,+20 07 16.67,1,17.031,,,,,5071-301-1-0152-0189,EXTENDED,gri,,-3,2,-4,2,,,,,,,18.635,0.035,17.494,0.008,17.068,0.008,16.833,0.01,16.666,0.026,,,,,,,,,,,,,,,,,,,,,,,,,,,,,,,,,
2579,2579,2579,211992009,09 10 23.103,+20 07 24.63,1,17.863,,,,09102310+2007246,,STAR,J,rpm,8,4,12,4,,,,,,,,,,,,,,,,,16.34,0.098,15.487,0.088,14.916,0.092,3727,320,228,4.98,0.09,0.126,-0.139,0.2,0.28,0.298,0.116,0.084,0.317,0.165,0.118,10.47,7.519,5.002,560.4,295.6,193.5,0.033,0.01,0.007,,,
2580,2580,2580,211992108,09 04 31.716,+20 07 30.30,1,17.21,,,,09043171+2007303,,STAR,JHK,col,,,,,,,,,,,,,,,,,,,,,16.174,0.089,15.724,0.124,15.887,0.212,4636,1077,897,4.686,0.266,0.19,-0.483,0.35,0.49,0.546,0.274,0.249,0.61,0.164,0.295,3.049,7.425,1.84,1340,1099,826,0.032,0.01,0.007,,,
2581,2581,2581,211992308,09 11 05.900,+20 07 40.65,1,14.348,,,551-046183,09110588+2007408,5061-301-1-0158-0110,EXTENDED,gri,,-25.1,3.1,-2.9,3.4,,,16.38,0.11,15.037,0.08,,,15.751,0.02,14.376,0.048,13.747,0.03,,,12.264,0.025,11.629,0.025,11.449,0.024,,,,,,,,,,,,,,,,,,,,,,,,,,,
2582,2582,2582,211992332,09 09 08.187,+20 07 41.91,1,12.566,,,551-046124,09090819+2007419,,STAR,gri,rpm,-21.4,2,2.2,2.6,,,13.368,0.05,12.666,0.03,,,13.048,0.07,12.533,0.02,12.359,0.07,,,11.611,0.023,11.259,0.03,11.224,0.019,5758,169,237,4.417,0.09,0.375,-0.138,0.2,0.2,1.002,0.615,0.134,0.965,0.09,0.09,0.921,0.321,0.702,381.8,234.5,62.76,0.033,0.007,0.008,,,
2583,2583,2583,211992335,09 06 08.076,+20 07 42.28,1,12.802,,,551-046030,09060807+2007421,,STAR,gri,rpm,-16.5,2,-5.8,2,,,13.668,0.05,12.962,0.04,,,13.325,0.08,12.748,0.08,12.578,0.13,,,11.719,0.024,11.361,0.028,11.288,0.023,5611,221,221,4.455,0.075,0.6,-0.138,0.16,0.28,0.964,1.098,0.122,0.952,0.102,0.085,1.079,0.377,0.946,379.1,383.6,55.69,0.032,0.008,0.007,,,
2584,2584,2584,211992363,09 09 15.401,+20 07 44.16,1,17.835,,,,09091540+2007441,5071-301-1-0153-0179,EXTENDED,gri,,1,3,1,3,,,,,,,20.161,0.063,18.669,0.01,17.9,0.008,17.477,0.008,17.162,0.018,16.518,0.137,15.828,0.167,15.253,0.152,,,,,,,,,,,,,,,,,,,,,,,,,,,
2585,2585,2585,211992634,09 08 17.751,+20 07 59.85,1,13.912,,,551-046097,09081774+2007598,5071-301-1-0152-0083,EXTENDED,gri,,-32.8,4.8,3,5.1,,,15.177,0.06,14.175,0.02,,,14.757,0.11,13.833,0.08,13.549,0.06,,,12.533,0.025,12.066,0.031,11.932,0.024,,,,,,,,,,,,,,,,,,,,,,,,,,,
2586,2586,2586,211992680,09 11 06.467,+20 08 02.50,1,17.232,,,,09110646+2008024,5061-301-1-0158-0113,EXTENDED,gri,,-40,3,35,3,,,,,,,20.213,0.069,18.217,0.008,17.246,0.006,16.81,0.006,16.433,0.013,15.846,0.076,15.101,0.087,14.739,0.107,,,,,,,,,,,,,,,,,,,,,,,,,,,
2587,2587,2587,211992759,09 06 04.951,+20 08 07.14,1,13.374,,,551-046026,09060494+2008070,,STAR,gri,rpm,11.6,5.3,-17.3,7.4,,,14.36,0.05,13.554,0.02,,,13.971,0.09,13.301,0.06,13.118,0.15,,,12.163,0.024,11.739,0.027,11.66,0.024,5284,158,158,4.531,0.04,0.864,-0.139,0.2,0.48,0.846,1.607,0.076,0.888,0.072,0.086,1.44,0.332,1.371,384.8,696.7,50.58,0.03,0.007,0.007,,,
2588,2588,2588,211992935,09 04 45.400,+20 08 17.51,1,11.819,,,551-045976,09044537+2008175,,STAR,gri,rpm,-22.2,1.6,-15.6,1.8,,,12.874,0.05,12.025,0.05,,,12.449,0.07,11.752,0.07,11.549,0.12,,,10.569,0.022,10.149,0.02,10.074,0.02,5251,126,126,4.5,0.09,1.23,-0.202,0.16,0.52,0.879,2.646,0.13,0.883,0.164,0.043,1.267,0.573,1.249,205.5,464.1,47.44,0.027,0.007,0.008,,,
2589,2589,2589,211993046,09 11 49.689,+20 08 24.87,1,12.941,,,551-046219,09114968+2008249,,STAR,gri,rpm,14.8,7.4,-57.3,8.6,,,13.916,0.06,13.165,0.05,,,13.483,0.04,12.921,0.041,12.709,0.01,,,11.682,0.022,11.269,0.022,11.186,0.017,5348,107,107,4.569,0.042,0.03,-0.481,0.36,0.16,0.746,0.073,0.048,0.767,0.103,0.037,1.794,0.266,0.274,270.3,29.1,26.27,0.027,0.003,0.006,,,
2590,2590,2590,211993103,09 05 51.186,+20 08 27.72,1,11.865,,,551-046013,09055118+2008277,,STAR,gri,rpm,-15.1,1.4,-6.5,1.4,,,12.529,0.05,11.959,0.03,,,12.231,0.08,11.814,0.07,11.708,0.11,,,10.975,0.023,10.702,0.028,10.64,0.021,6079,182,182,4.193,0.165,0.231,-0.112,0.2,0.24,1.343,0.469,0.259,1.122,0.141,0.141,0.379,0.367,0.207,422.1,148.3,93.69,0.03,0.007,0.006,,,
2591,2591,2591,211993104,09 03 40.017,+20 08 27.73,1,17.982,,,,09034001+2008277,5071-301-2-0145-0194,STAR,gri,,0,3,3,3,,,,,,,18.16,0.013,18.164,0.006,17.921,0.007,17.94,0.008,17.966,0.019,17.009,0.171,16.137,0.162,,,,,,,,,,,,,,,,,,,,,,,,,,,,,
2592,2592,2592,211993210,09 09 28.947,+20 08 33.99,1,11.886,,1407-74-1,551-046134,09092893+2008339,,STAR,gri,rpm,-9.3,1.6,-6.1,1.7,,,12.095,0.198,11.971,0.255,,,12.269,0.07,11.85,0.03,11.722,0.08,,,11.003,0.023,10.758,0.03,10.71,0.019,6122,184,147,4.184,0.16,0.256,-0.087,0.15,0.18,1.356,0.533,0.254,1.159,0.178,0.111,0.411,0.329,0.251,426.8,156.7,85.43,0.03,0.006,0.007,,,
2593,2593,2593,211993359,09 11 36.907,+20 08 42.87,1,12.81,,,551-046211,09113691+2008429,,STAR,gri,rpm,-9.8,1.6,-19.7,2,,,13.731,0.08,12.99,0.03,,,13.296,0.03,12.775,0.01,12.601,0.01,,,11.718,0.022,11.346,0.026,11.303,0.021,5626,111,89,4.457,0.084,0.644,-0.143,0.15,0.69,0.949,0.992,0.149,0.958,0.041,0.123,1.108,0.475,0.823,377.5,389.4,64.24,0.032,0.008,0.008,,,
2594,2594,2594,211993447,09 11 15.366,+20 08 47.51,1,13.928,,,551-046192,09111537+2008474,,STAR,gri,rpm,-37.4,4.4,-16.5,4.9,,,15.27,0.07,14.256,0.05,,,14.743,0.02,13.85,0.01,13.58,0.02,,,12.429,0.022,11.972,0.026,11.787,0.022,4805,57,57,4.618,0.03,0.03,-0.01,0.12,0.21,0.711,0.044,0.041,0.775,0.041,0.041,2.063,0.339,0.199,316.7,26.74,18.68,0.027,0.005,0.005,,,
2595,2595,2595,211993459,09 06 04.650,+20 08 48.41,1,9.925,,1407-130-1,551-046025,09060464+2008484,,STAR,gri,plx,-35.9,1.2,-12.7,1.2,,,11.014,0.095,10.122,0.057,,,10.743,0.19,10.051,0.15,9.575,0.11,,,8.524,0.027,8.084,0.063,7.96,0.027,4859,185,154,2.475,0.391,0.102,-0.316,0.25,0.45,10.242,1.066,3.071,1.13,0.636,0.227,0.001,0.002,2.81E-04,543.4,270.2,270.2,0.033,0.008,0.007,,,
2596,2596,2596,211993594,09 04 14.300,+20 08 57.78,1,12.688,,,551-045957,09041428+2008579,,STAR,gri,rpm,-2.5,2.3,1.5,2.3,,,13.972,0.04,12.975,0.04,,,13.469,0.06,12.653,0.08,12.353,0.1,,,11.245,0.023,10.72,0.025,10.623,0.02,4851,97,97,2.726,0.522,0.435,-0.348,0.25,0.3,6.614,4.039,2.881,1.058,0.177,0.127,0.003,0.014,0.002,1678,945,696.3,0.034,0.008,0.007,,,
2597,2597,2597,211993625,09 06 07.858,+20 08 59.16,1,14.054,,,551-046029,09060785+2008591,5061-301-2-0151-0116,STAR,gri,rpm,-11.4,2.9,-7.1,3.2,,,16.401,0.15,14.778,0.04,,,15.652,0.06,14.172,0.07,13.369,0.05,,,11.832,0.022,11.198,0.028,10.978,0.021,3779,45,106,4.894,0.111,0.02,0.047,0.05,0.12,0.388,0.014,0.102,0.431,0.017,0.129,7.349,5.422,0.49,102.4,3.071,35.54,0.013,0.001,0.002,,,
2598,2598,2598,211993832,09 06 24.817,+20 09 11.79,1,13.068,,,551-046036,09062479+2009115,,STAR,gri,rpm,-8.4,2.7,-34.4,3.6,,,14.797,0.08,13.552,0.03,,,14.272,0.07,13.057,0.09,12.552,0.1,,,11.257,0.024,10.65,0.027,10.498,0.021,4075,291,72,4.819,0.035,0.098,-0.17,0.24,0.15,0.458,0.113,0.033,0.519,0.131,0.041,5.168,0.834,1.869,93.69,36.84,10.27,0.014,0.006,0.004,,,
2599,2599,2599,211993858,09 08 55.477,+20 09 13.43,1,12.131,,,551-046118,09085547+2009135,,STAR,gri,rpm,-13.8,1.5,-25.3,1.6,,,12.974,0.05,12.233,0.03,,,12.706,0.031,12.074,0.04,11.884,0.09,,,11.094,0.021,10.79,0.031,10.725,0.019,5578,133,111,4.47,0.054,0.243,0.019,0.1,0.18,0.935,0.206,0.074,0.974,0.059,0.071,1.115,0.295,0.585,271.3,81.75,24.78,0.028,0.013,0.005,,,
2600,2600,2600,211993911,09 05 55.120,+20 09 16.50,1,11.492,,1407-167-1,551-046017,09055512+2009164,,STAR,gri,rpm,-11.3,1.9,6.6,2.1,,,12.404,0.333,11.673,0.228,,,11.948,0.08,11.451,0.09,11.297,0.12,,,10.515,0.023,10.221,0.028,10.173,0.021,5955,178,178,4.134,0.27,0.27,-0.064,0.16,0.2,1.457,0.613,0.431,1.108,0.175,0.125,0.303,0.603,0.184,348.1,136.8,111.7,0.03,0.008,0.008,,,
2601,2601,2601,211993996,09 02 58.140,+20 09 21.66,1,13.864,,,551-045905,09025813+2009216,,STAR,gri,rpm,1.3,2.5,-2.7,2.3,,,14.996,0.02,14.124,0.04,,,14.53,0.04,13.844,0.11,13.578,0.13,,,12.44,0.022,11.934,0.024,11.845,0.018,4990,98,98,3.343,0.222,0.999,-0.44,0.25,0.45,3.517,6.351,0.8,0.979,0.169,0.106,0.022,0.025,0.021,1655,2698,399.6,0.033,0.016,0.009,,,
2602,2602,2602,211994080,09 04 06.339,+20 09 26.83,1,18.48,,,,09040633+2009268,,STAR,JHK,col,,,,,,,,,,,,,,,,,,,,,16.107,0.091,15.566,0.106,15.209,0.125,3785,654,327,4.928,0.15,0.225,-0.213,0.25,0.35,0.323,0.223,0.114,0.345,0.259,0.162,8.474,11.76,5.404,599.3,603,263.8,0.032,0.008,0.008,,,
2603,2603,2603,211994774,09 04 36.688,+20 10 07.60,1,18.063,,,,09043668+2010076,5071-301-2-0147-0119,STAR,gri,rpm,23,3,-81,3,,,,,,,21.683,0.137,19.182,0.01,18.026,0.007,17.584,0.007,17.285,0.012,16.215,0.088,15.435,0.087,15.652,0.17,4127,99,124,5.031,0.054,0.03,-1.036,0.2,0.56,0.262,0.036,0.038,0.283,0.047,0.056,14.54,4.895,2.222,504.5,126.3,82.56,0.032,0.004,0.004,,,
2604,2604,2604,211994795,09 12 17.197,+20 10 08.66,1,18.317,,,,09121719+2010086,5061-301-1-0160-0326,STAR,gri,rpm,38,4,-33,4,,,,,,,23.896,0.57,20.551,0.022,19.018,0.011,17.36,0.006,16.416,0.008,14.887,0.032,14.324,0.036,13.831,0.04,3299,156,52,5.128,0.02,0.028,0.034,0.12,0.24,0.178,0.015,0.008,0.156,0.02,0.009,26.96,2.601,3.694,144.6,19.82,9.959,0.023,0.01,0.006,,,
2605,2605,2605,211994947,09 08 56.437,+20 10 17.53,1,19.966,,,,,5071-301-1-0153-0325,STAR,gri,,-10,5,-5,5,,,,,,,20.126,0.04,20.02,0.018,19.948,0.02,19.987,0.026,19.868,0.084,,,,,,,,,,,,,,,,,,,,,,,,,,,,,,,,,
2606,2606,2606,211994981,09 10 08.742,+20 10 19.48,1,15.87,,,551-046159,09100875+2010194,,STAR,gri,rpm,-44.4,3.2,-10.4,3.4,,,17.148,0.02,16.355,0.16,,,16.8,0.066,15.882,0.072,15.471,0.109,,,14.31,0.025,13.698,0.026,13.647,0.033,4530,54,91,4.762,0.06,0.084,-0.713,0.44,0.2,0.51,0.096,0.052,0.561,0.092,0.046,4.082,1.116,1.309,490,91.56,52.88,0.035,0.008,0.007,,,
2607,2607,2607,211995097,09 12 11.053,+20 10 26.12,1,11.353,,1407-1961-1,551-046234,09121103+2010258,,STAR,gri,rpm,4.6,2.2,-7.7,2.3,,,12.509,0.185,11.613,0.105,,,12.254,0.03,11.312,0.04,10.967,0.01,,,9.701,0.021,9.111,0.027,8.967,0.017,4592,74,74,2.438,0.2,0.24,-0.103,0.15,0.27,10.918,2.626,2.427,1.213,0.148,0.177,8.82E-04,0.001,4.70E-04,1300,321.6,257.8,0.034,0.011,0.008,,,
2608,2608,2608,211995242,09 07 51.775,+20 10 34.38,1,19.591,,,,,5071-301-1-0151-0715,EXTENDED,gri,,2,3,-27,3,,,,,,,21.38,0.234,19.947,0.036,19.622,0.042,19.438,0.054,19.063,0.13,,,,,,,,,,,,,,,,,,,,,,,,,,,,,,,,,
2609,2609,2609,211995402,09 02 23.524,+20 10 45.27,1,13.606,,,551-045891,09022352+2010453,,STAR,gri,rpm,4.5,3,-1,2.8,,,14.846,0.04,13.863,0.05,,,14.355,0.036,13.604,0.044,13.285,0.09,,,12.111,0.025,11.602,0.022,11.493,0.018,4931,98,79,3.052,0.498,0.664,-0.534,0.35,0.35,4.353,4.543,1.568,0.964,0.213,0.082,0.008,0.034,0.007,1846,1473,729.6,0.033,0.01,0.007,,,
2610,2610,2610,211995472,09 11 47.714,+20 10 49.81,1,18.639,,,,09114771+2010498,5061-301-1-0159-0184,STAR,gri,col,,,,,,,,,,,22.296,0.175,19.906,0.015,18.631,0.009,18.096,0.009,17.797,0.019,16.448,0.1,15.966,0.127,15.691,0.159,4025,47,47,4.866,0.088,0.055,-0.299,0.2,0.24,0.404,0.053,0.081,0.45,0.064,0.103,6.42,3.501,1.379,874.7,189.1,183.1,0.033,0.008,0.007,,,
2611,2611,2611,211995476,09 02 08.406,+20 10 49.97,1,17.735,,,,,5061-301-3-0145-0077,STAR,gri,,97,3,-330,3,,,,,,,18.947,0.019,18.868,0.008,17.791,0.006,17.249,0.006,17.293,0.014,,,,,,,,,,,,,,,,,,,,,,,,,,,,,,,,,
2612,2612,2612,211995513,09 04 48.509,+20 10 52.20,1,17.81,,,,09044850+2010522,5071-301-2-0147-0157,STAR,gri,rpm,-32,3,-69,3,,,,,,,22.231,0.208,19.636,0.013,18.256,0.008,17.027,0.005,16.349,0.008,15.041,0.04,14.499,0.038,14.232,0.054,3283,32,32,5.108,0.02,0.02,0.254,0.06,0.16,0.187,0.004,0.007,0.162,0.004,0.004,24.94,1.783,1.496,165.7,4.97,11.77,0.019,0.005,0.001,,,
2613,2613,2613,211995634,09 10 53.894,+20 10 58.08,1,14.047,,,551-046179,09105389+2010583,,STAR,gri,rpm,-1.5,3.3,3.6,3.5,,,14.927,0.02,14.23,0.037,,,14.573,0.037,14.022,0.046,13.822,0.06,,,12.861,0.024,12.442,0.023,12.335,0.02,5359,159,127,3.681,0.745,0.745,-0.453,0.35,0.7,1.971,2.99,1.188,0.907,0.167,0.052,0.08,0.957,0.073,1299,1378,826.8,0.032,0.01,0.007,,,
2614,2614,2614,211995862,09 05 49.547,+20 11 10.63,1,12.232,,,551-046010,09054954+2011106,,STAR,gri,rpm,-30.2,1.2,-4,2.1,,,12.952,0.06,12.335,0.04,,,12.619,0.06,12.181,0.09,12.066,0.12,,,11.319,0.023,11.026,0.028,10.958,0.021,5936,178,178,4.357,0.09,0.24,-0.188,0.2,0.28,1.076,0.342,0.117,0.995,0.101,0.101,0.739,0.29,0.416,382.3,118.2,53.14,0.03,0.008,0.007,,,
2615,2615,2615,211995863,09 07 42.187,+20 11 10.74,1,18.93,,,,,5071-301-1-0151-0278,EXTENDED,gri,,-2,3,-1,3,,,,,,,20.274,0.061,19.283,0.014,18.951,0.015,18.779,0.019,18.723,0.056,,,,,,,,,,,,,,,,,,,,,,,,,,,,,,,,,
2616,2616,2616,211995939,09 05 33.219,+20 11 14.83,1,14.497,,,551-045998,09053321+2011148,5061-301-2-0150-0096,STAR,gri,rpm,-11.8,2.2,4.3,3.1,,,15.796,0.064,14.819,0.043,,,15.341,0.09,14.504,0.07,14.136,0.074,,,13.185,0.023,12.636,0.029,12.608,0.026,4816,144,115,4.623,0.025,0.035,-0.122,0.15,0.24,0.699,0.054,0.036,0.763,0.054,0.054,2.201,0.24,0.297,439.4,50.89,33.08,0.03,0.011,0.007,,,
2617,2617,2617,211995945,09 07 20.782,+20 11 15.18,1,11.242,,,551-046070,09072078+2011151,,STAR,gri,rpm,-7.8,0.9,-0.2,1.1,,,12.344,0.06,11.449,0.06,,,11.924,0.09,11.19,0.09,10.95,0.11,,,9.98,0.023,9.523,0.03,9.445,0.02,5001,153,123,2.477,0.976,0.096,-0.514,0.36,0.3,9.008,1.683,5.596,1.008,0.283,0.118,0.001,0.027,3.32E-04,1342,165.1,801.4,0.033,0.008,0.007,,,
2618,2618,2618,211996000,09 03 03.116,+20 11 19.05,1,17.766,,,,09030311+2011190,5071-301-2-0144-0402,STAR,gri,rpm,-87,4,-158,4,,,,,,,23.297,0.513,20.31,0.02,18.815,0.01,16.676,0.005,15.548,0.006,13.999,0.027,13.545,0.026,13.181,0.03,2668,137,42,5.273,0.02,0.027,-0.141,0.2,0.24,0.116,0.009,0.003,0.093,0.009,0.003,58.57,3.514,7.558,56.33,28.15,9.477,0.011,0.003,0.004,,,
2619,2619,2619,211996202,08 58 37.548,+20 11 31.54,1,15.146,,,551-045769,08583754+2011316,,EXTENDED,gri,,-1.5,7.2,4.5,6.8,,,16.805,0.09,15.592,0.055,,,16.087,0.053,15.196,0.058,14.743,0.12,,,13.893,0.049,13.274,0.069,12.926,0.059,,,,,,,,,,,,,,,,,,,,,,,,,,,
2620,2620,2620,211996232,09 07 34.530,+20 11 32.68,1,11.932,,,551-046078,09073453+2011328,,STAR,gri,rpm,-18.9,1.9,-15.2,1.5,,,12.681,0.05,12.028,0.05,,,12.358,0.09,11.867,0.08,11.75,0.1,,,10.956,0.022,10.681,0.03,10.648,0.021,6016,177,142,4.22,0.17,0.204,-0.1,0.16,0.24,1.24,0.412,0.23,1.079,0.101,0.101,0.496,0.396,0.251,373.6,109.5,72.02,0.03,0.01,0.008,,,
2621,2621,2621,211996416,09 02 55.750,+20 11 42.85,1,17.242,,,,09025575+2011428,5061-301-3-0146-0344,EXTENDED,gri,,-2,2,0,2,,,,,,,20.228,0.07,18.332,0.008,17.212,0.005,16.775,0.006,16.472,0.013,15.653,0.063,15.01,0.092,14.338,0.07,,,,,,,,,,,,,,,,,,,,,,,,,,,
2622,2622,2622,211996460,09 00 11.766,+20 11 45.56,1,14.927,,,551-045821,09001176+2011455,,STAR,gri,rpm,-0.4,4.5,3.4,4.9,,,15.933,0.067,15.23,0.01,,,15.558,0.046,15.011,0.055,14.657,0.084,,,13.772,0.025,13.418,0.03,13.266,0.026,5547,166,166,4.497,0.055,0.264,-0.223,0.2,0.36,0.873,0.326,0.088,0.885,0.089,0.074,1.267,0.328,0.949,874.2,672.5,111,0.034,0.01,0.008,,,
2623,2623,2623,211996538,09 11 09.305,+20 11 50.46,1,19.169,,,,,5061-301-1-0158-0168,STAR,gri,,,,,,,,,,,,19.831,0.03,19.251,0.011,19.142,0.012,19.144,0.016,18.873,0.04,,,,,,,,,,,,,,,,,,,,,,,,,,,,,,,,,
2624,2624,2624,211996546,09 08 04.224,+20 11 50.91,1,15.049,,,551-046089,09080422+2011508,5071-301-1-0152-0028,STAR,gri,rpm,10.3,13,0.8,10.8,,,15.016,0.04,14.958,0.03,,,14.915,0.08,15.093,0.03,15.365,0.105,,,15.068,0.042,15.077,0.079,14.796,0.093,8166,341,146,3.245,0.069,0.02,-2.223,0.25,0.35,3.511,0.078,0.261,0.798,0.016,0.016,0.018,0.005,0.001,8214,246.4,477.3,0.038,0.018,0.008,,,
2625,2625,2625,211996682,09 07 14.516,+20 11 57.92,1,12.593,,,551-046068,09071452+2011578,,STAR,gri,rpm,-9.9,1.3,-2.5,1.3,,,13.174,0.05,12.665,0.04,,,12.897,0.07,12.559,0.07,12.463,0.1,,,11.798,0.023,11.534,0.033,11.501,0.023,6145,222,185,4.167,0.155,0.186,-0.156,0.16,0.24,1.402,0.386,0.257,1.13,0.158,0.132,0.395,0.307,0.197,634.5,153.3,123.5,0.032,0.007,0.006,,,
2626,2626,2626,211996684,09 03 40.084,+20 11 58.02,1,12.798,,,551-045936,09034008+2011580,,STAR,gri,rpm,-0.9,2.4,-0.3,1.8,,,14.274,0.05,13.129,0.04,,,13.679,0.06,12.737,0.06,12.421,0.12,,,11.243,0.022,10.673,0.022,10.488,0.02,4668,74,74,2.443,0.432,0.108,-0.158,0.15,0.27,10.371,1.201,3.887,1.147,0.127,0.152,9.43E-04,0.003,2.60E-04,2446,263.3,821.1,0.037,0.007,0.008,,,
2627,2627,2627,211996824,09 07 01.662,+20 12 05.65,1,14.86,,,552-045140,09070165+2012056,5061-301-2-0152-0303,STAR,gri,rpm,-24.2,4.6,-10.3,5,,,17.427,0.114,15.818,0.06,,,16.682,0.02,15.18,0.06,14.079,0.02,,,12.23,0.023,11.632,0.033,11.392,0.022,3732,37,75,4.952,0.051,0.02,-0.484,0.48,0.09,0.339,0.007,0.054,0.373,0.007,0.073,9.625,3.181,0.578,99.7,2.991,19.99,0.009,0.005,0.001,,,
2628,2628,2628,211996865,09 06 07.627,+20 12 07.96,1,11.397,,1407-176-1,552-045102,09060761+2012080,,STAR,gri,rpm,-3,1.6,8.7,1.9,,,12.298,0.31,11.64,0.213,,,11.99,0.07,11.371,0.07,11.143,0.1,,,10.21,0.024,9.753,0.026,9.691,0.021,5099,155,124,2.469,1.05,0.09,-0.731,0.42,0.3,8.876,1.428,5.83,0.931,0.217,0.045,0.001,0.039,3.50E-04,1481,164,944.4,0.033,0.008,0.008,,,
2629,2629,2629,211997123,09 07 06.426,+20 12 23.02,1,15.28,,,552-045142,09070643+2012229,5061-301-2-0153-0026,STAR,gri,rpm,15,4.7,-44.7,5,,,16.069,0.04,15.493,0.04,,,15.802,0.04,15.292,0.06,15.056,0.094,,,14.285,0.032,13.911,0.047,13.975,0.052,5498,223,179,4.585,0.05,0.05,-0.88,0.15,0.15,0.711,0.058,0.064,0.717,0.036,0.043,1.937,0.479,0.326,860.2,105.8,108.9,0.034,0.01,0.008,,,
2630,2630,2630,211997126,08 59 39.301,+20 12 23.22,1,17.532,,,,08593930+2012232,,STAR,J,rpm,6,3,8,1,,,,,,,,,,,,,,,,,16.034,0.086,15.217,0.087,14.582,0.082,3763,334,238,4.945,0.114,0.133,-0.08,0.15,0.24,0.312,0.125,0.089,0.344,0.156,0.13,10.17,7.507,4.932,519.2,290.5,186.3,0.033,0.01,0.007,,,
2631,2631,2631,211997288,09 07 56.324,+20 12 33.25,1,14.216,,,552-045178,09075632+2012333,5071-301-1-0152-0020,STAR,gri,rpm,-13.2,4.7,-4.2,5.1,,,15.549,0.08,14.559,0.02,,,15.089,0.04,14.136,0.1,13.841,0.04,,,12.813,0.026,12.295,0.032,12.217,0.029,4820,144,115,4.609,0.035,0.063,-0.051,0.16,0.24,0.721,0.092,0.047,0.792,0.092,0.066,1.995,0.322,1.909,389.3,107.2,37.51,0.03,0.008,0.006,,,
2632,2632,2632,211997312,09 09 24.342,+20 12 34.78,1,17.497,,,,09092434+2012347,5071-301-1-0154-0156,EXTENDED,gri,,-1,2,-5,2,,,,,,,19.463,0.046,18.155,0.009,17.583,0.008,17.215,0.008,17.02,0.021,16.836,0.188,15.993,0.175,15.58,0.199,,,,,,,,,,,,,,,,,,,,,,,,,,,
2633,2633,2633,211997486,09 04 29.742,+20 12 45.10,1,17.024,,,,09042974+2012451,,STAR,J,rpm,6,4,8,1,,,,,,,,,,,,,,,,,15.56,0.08,14.819,0.091,14.555,0.092,4133,317,317,4.807,0.126,0.105,-0.172,0.2,0.28,0.464,0.108,0.118,0.515,0.13,0.152,4.944,3.53,1.789,714.9,267.4,226.7,0.033,0.008,0.007,,,
2634,2634,2634,211997512,09 03 18.575,+20 12 46.96,1,16.952,,,,09031857+2012469,5071-301-2-0145-0074,STAR,gri,rpm,-8,11,-199,11,,,,,,,17.58,0.01,17.073,0.005,16.912,0.005,16.884,0.006,16.971,0.01,16.273,0.096,16.186,0.18,15.858,0.2,4498,350,80,4.964,0.025,0.165,-1.809,0.25,0.25,0.343,0.139,0.018,0.405,0.143,0.033,9.782,0.993,5.046,442.1,26.2,143.2,0.039,0.005,0.012,,,
2635,2635,2635,211997582,09 09 21.056,+20 12 50.62,1,17.496,,,,09092105+2012506,,STAR,J,col,,,,,,,,,,,,,,,,,,,,,16,0.085,15.277,0.118,14.992,0.124,3988,444,370,4.866,0.15,0.15,-0.208,0.2,0.32,0.379,0.148,0.14,0.445,0.163,0.196,7.032,8.857,3.467,688,412.5,296.5,0.032,0.008,0.007,,,
2636,2636,2636,211997634,09 12 22.792,+20 12 53.96,1,16.05,,,,09122279+2012539,,STAR,J,col,,,,,,,,,,,,,,,,,,,,,14.657,0.032,14.002,0.028,13.562,0.028,2232,79,52,5.34,0.02,0.033,-0.108,0.16,0.24,0.099,0.004,0.002,0.079,0.002,0.003,80.72,4.843,7.945,67.06,8.356,18.79,0.01,0.004,0.003,,,
2637,2637,2637,211997641,09 07 36.608,+20 12 54.44,1,12.821,,,552-045159,09073660+2012546,,STAR,gri,rpm,-4.4,2,-1.8,2.6,,,13.659,0.06,12.955,0.04,,,13.301,0.07,12.749,0.07,12.615,0.09,,,11.768,0.022,11.523,0.03,11.432,0.024,6028,176,141,4.177,0.195,0.234,-0.039,0.15,0.18,1.406,0.553,0.339,1.147,0.156,0.13,0.366,0.398,0.215,600.5,198.4,149.1,0.033,0.012,0.005,,,
2638,2638,2638,211997784,09 04 24.028,+20 13 03.17,1,19.43,,,,,5071-301-2-0146-0694,EXTENDED,gri,,0,3,2,3,,,,,,,21.073,0.251,19.809,0.039,19.449,0.044,19.268,0.056,19.257,0.189,,,,,,,,,,,,,,,,,,,,,,,,,,,,,,,,,
2639,2639,2639,211997792,09 03 21.295,+20 13 03.55,1,15.404,,,552-044999,09032128+2013035,5071-301-2-0145-0079,STAR,gri,rpm,4.1,4.4,-3.4,4.8,,,16.457,0.079,15.726,0.19,,,15.96,0.051,15.329,0.06,15.166,0.098,,,14.142,0.028,13.669,0.033,13.604,0.036,5211,154,154,4.554,0.045,1.071,-0.313,0.25,0.45,0.798,1.98,0.089,0.835,0.071,0.085,1.606,0.425,1.567,862.7,1968,111.3,0.032,0.01,0.006,,,
2640,2640,2640,211997837,08 59 37.855,+20 13 05.69,1,17.837,,,,,5071-301-3-0139-0150,STAR,gri,,-7,3,-18,3,,,,,,,17.772,0.011,17.645,0.005,17.901,0.007,18.155,0.009,18.482,0.029,,,,,,,,,,,,,,,,,,,,,,,,,,,,,,,,,
2641,2641,2641,211997965,08 59 03.877,+20 13 14.49,1,14.517,,,552-044842,08590387+2013145,5071-301-3-0139-0031,STAR,gri,rpm,-4,4.6,-23,5,,,16.119,0.071,14.887,0.044,,,15.671,0.05,14.496,0.049,14.023,0.072,,,12.827,0.023,12.207,0.021,12.134,0.021,4278,130,104,4.731,0.05,0.05,-0.026,0.15,0.21,0.555,0.066,0.059,0.632,0.068,0.068,3.391,0.878,0.698,250.9,44.42,31.87,0.027,0.006,0.005,,,
2642,2642,2642,211998137,09 11 02.898,+20 13 23.90,1,12.674,,,552-045293,09110289+2013241,,STAR,gri,rpm,-10.7,1.9,-6.1,2.5,,,13.53,0.043,12.828,0.031,,,13.143,0.031,12.643,0.041,12.472,0.02,,,11.568,0.022,11.232,0.023,11.159,0.02,5698,172,137,4.269,0.198,0.462,-0.126,0.2,0.28,1.201,0.957,0.305,0.992,0.178,0.111,0.59,0.637,0.483,466.2,316.4,136.1,0.033,0.01,0.01,,,
2643,2643,2643,211998202,08 57 38.525,+20 13 27.65,1,14.296,,,552-044809,08573852+2013278,,STAR,gri,rpm,4.2,4.7,1.5,5.1,,,15.698,0.07,14.569,0.02,,,15.22,0.01,14.212,0.04,13.899,0.06,,,12.749,0.023,12.229,0.019,12.125,0.023,4667,93,56,4.638,0.02,0.028,0.069,0.09,0.21,0.697,0.032,0.04,0.775,0.031,0.05,2.287,0.25,0.267,342.2,28.55,22.1,0.034,0.008,0.007,,,
2644,2644,2644,211998264,08 57 58.372,+20 13 31.67,1,11.847,,,552-044819,08575837+2013316,,STAR,gri,lam,-4.2,1.5,-7.7,1.7,,,13.149,0.03,12.069,0.03,,,12.648,0.05,11.77,0.05,11.503,0.06,,,10.413,0.023,9.953,0.023,9.795,0.021,4762,76,76,2.959,0.145,0.145,-0.118,0.12,0.15,5.953,1.106,0.933,1.227,0.17,0.121,0.006,0.004,0.002,1022,211.3,148.2,0.033,0.011,0.008,,,
2645,2645,2645,211998316,08 58 40.452,+20 13 34.91,1,16.456,,,,08584045+2013349,5071-301-3-0138-0128,EXTENDED,gri,,-3,2,10,2,,,,,,,19.136,0.046,17.433,0.006,16.464,0.005,16.037,0.004,15.715,0.01,15.626,0.075,14.854,0.093,14.402,0.095,,,,,,,,,,,,,,,,,,,,,,,,,,,
2646,2646,2646,211998320,09 04 29.247,+20 13 35.06,1,17.216,,,,09042924+2013350,,STAR,J,col,,,,,,,,,,,,,,,,,,,,,15.739,0.084,14.928,0.099,14.496,0.087,3866,360,360,4.895,0.168,0.14,-0.145,0.2,0.28,0.354,0.138,0.131,0.382,0.164,0.197,8.009,9.352,3.806,554.3,314.1,258.7,0.031,0.01,0.008,,,
2647,2647,2647,211998464,08 58 00.768,+20 13 44.80,1,18.079,,,,08580076+2013447,,STAR,JHK,col,,,,,,,,,,,,,,,,,,,,,15.374,0.073,14.555,0.077,14.248,0.079,4069,275,330,4.822,0.16,0.1,-0.158,0.2,0.28,0.44,0.102,0.138,0.496,0.109,0.174,5.184,6.21,1.837,596,219.2,234.9,0.032,0.011,0.008,,,
2648,2648,2648,211998596,09 03 52.363,+20 13 52.49,1,13.74,,,552-045015,09035236+2013525,,STAR,gri,rpm,-0.9,2.6,-47.6,4,,,14.79,0.02,13.967,0.04,,,14.414,0.06,13.651,0.07,13.451,0.15,,,12.385,0.022,11.911,0.022,11.82,0.018,5021,120,100,4.618,0.035,0.035,-0.366,0.3,0.3,0.685,0.061,0.056,0.733,0.081,0.058,2.14,0.403,0.339,322.2,34.35,31.04,0.03,0.005,0.005,,,
2649,2649,2649,211998659,09 11 42.417,+20 13 56.29,1,17.38,,,,09114241+2013562,5061-301-1-0159-0181,EXTENDED,gri,,-5,2,2,2,,,,,,,19.535,0.044,18.19,0.008,17.491,0.007,17.033,0.007,16.788,0.018,16.127,0.089,15.403,0.105,14.949,0.099,,,,,,,,,,,,,,,,,,,,,,,,,,,
2650,2650,2650,211998711,08 53 25.286,+20 13 59.41,1,19.01,,,,08532528+2013594,5037-301-1-0135-0398,STAR,gri,rpm,-38,4,-25,4,,,,,,,23.679,0.45,21.407,0.041,19.855,0.017,17.982,0.008,16.941,0.01,15.305,0.045,14.618,0.049,14.28,0.06,3439,106,148,5.128,0.036,0.048,-0.169,0.2,0.24,0.179,0.029,0.013,0.165,0.029,0.018,26.83,4.692,6.098,188,35.02,21.6,0.024,0.008,0.007,,,
2651,2651,2651,211998779,09 10 34.743,+20 14 03.13,1,12.982,,,552-045269,09103474+2014031,,STAR,gri,rpm,3,1.7,-8.2,2,,,13.628,0.043,13.09,0.032,,,13.308,0.032,12.967,0.041,12.842,0.063,,,12.046,0.021,11.805,0.022,11.733,0.025,6226,175,125,4.158,0.145,0.174,-0.177,0.16,0.28,1.438,0.371,0.25,1.167,0.148,0.178,0.334,0.234,0.138,722.2,211.6,139.2,0.034,0.008,0.008,,,
2652,2652,2652,211998838,09 10 27.375,+20 14 06.55,1,14.354,,,552-045264,09102738+2014066,,STAR,gri,rpm,-41.6,3.1,3,3.4,,,15.882,0.03,14.828,0.043,,,15.435,0.044,14.316,0.048,13.891,0.07,,,12.563,0.023,11.919,0.023,11.815,0.022,4321,103,86,4.738,0.042,0.042,-0.184,0.24,0.2,0.554,0.056,0.043,0.614,0.057,0.047,3.534,0.754,0.622,226,28.17,25.05,0.025,0.007,0.005,,,
2653,2653,2653,211998860,08 55 46.257,+20 14 07.48,1,14.617,,,552-044749,08554625+2014074,,STAR,JHK,col,,,,,,,,,,,,,,,,,,,,,13.275,0.022,12.845,0.026,12.758,0.026,5266,154,154,4.557,0.045,0.801,-0.282,0.25,0.45,0.797,1.407,0.08,0.846,0.078,0.093,1.644,0.355,1.55,596.8,1050,74.61,0.033,0.008,0.007,,,
2654,2654,2654,211998914,09 05 40.740,+20 14 10.71,1,17.177,,,,09054073+2014107,5071-301-2-0148-0166,EXTENDED,gri,,1,2,-1,2,,,,,,,20.405,0.084,18.276,0.008,17.158,0.005,16.706,0.005,16.317,0.01,15.692,0.078,14.818,0.087,14.43,0.083,,,,,,,,,,,,,,,,,,,,,,,,,,,
2655,2655,2655,211999015,08 55 46.536,+20 14 16.31,1,12.509,,,552-044750,08554653+2014163,,STAR,gri,rpm,-13.5,1.2,-14.8,3.1,,,13.307,0.01,12.614,0.031,,,12.97,0.02,12.439,0.01,12.312,0.03,,,11.478,0.022,11.174,0.021,11.117,0.018,5768,115,92,4.431,0.045,0.171,-0.026,0.15,0.18,1.023,0.198,0.079,1.022,0.054,0.065,0.937,0.216,0.416,365.9,73.2,35.25,0.031,0.011,0.009,,,
2656,2656,2656,211999031,09 12 07.352,+20 14 17.67,1,19.467,,,,,5061-301-1-0160-0323,EXTENDED,gri,,-49,4,-48,4,,,,,,,22.777,0.323,20.77,0.03,19.399,0.015,18.908,0.016,18.512,0.039,,,,,,,,,,,,,,,,,,,,,,,,,,,,,,,,,
2657,2657,2657,211999068,09 02 18.439,+20 14 20.43,1,16.838,,,,09021843+2014204,5061-301-3-0146-0107,EXTENDED,gri,,-6,2,-10,2,,,,,,,18.48,0.016,17.306,0.005,16.809,0.004,16.638,0.005,16.637,0.013,15.583,0.058,15.122,0.065,14.981,0.093,,,,,,,,,,,,,,,,,,,,,,,,,,,
2658,2658,2658,211999205,09 05 39.064,+20 14 28.27,1,17.487,,,,09053906+2014282,5071-301-2-0148-0163,EXTENDED,gri,,2,3,15,3,,,,,,,20.263,0.103,18.484,0.012,17.475,0.008,17.06,0.008,16.75,0.018,16.427,0.132,,,,,,,,,,,,,,,,,,,,,,,,,,,,,,,
2659,2659,2659,211999210,09 06 21.348,+20 14 28.52,1,14.297,,,552-045111,09062133+2014284,,STAR,gri,rpm,0.3,4.7,-13,5.1,,,15.479,0.05,14.603,0.05,,,15.036,0.04,14.35,0.13,13.98,0.08,,,12.919,0.022,12.413,0.028,12.358,0.025,5021,121,151,4.569,0.045,1.368,-0.281,0.25,0.45,0.77,3.06,0.073,0.827,0.121,0.076,1.747,0.378,1.731,470.9,1800,73.05,0.033,0.007,0.006,,,
2660,2660,2660,211999211,08 55 09.825,+20 14 28.56,1,12.822,,,552-044730,08550982+2014286,,STAR,gri,rpm,-5.8,2.4,14.4,1.6,,,13.451,0.01,12.876,0.031,,,13.165,0.02,12.759,0.041,12.676,0.02,,,11.862,0.022,11.543,0.021,11.535,0.019,6009,118,118,4.245,0.165,0.264,-0.251,0.2,0.24,1.256,0.481,0.271,1.035,0.108,0.13,0.463,0.37,0.282,576.2,175,134.2,0.033,0.008,0.007,,,
2661,2661,2661,211999218,08 54 21.273,+20 14 28.94,1,17.832,,,,08542127+2014289,5071-301-4-0132-0283,EXTENDED,gri,,0,3,6,3,,,,,,,20.381,0.101,18.593,0.011,17.868,0.009,17.506,0.009,17.248,0.031,16.686,0.15,16.183,0.18,,,,,,,,,,,,,,,,,,,,,,,,,,,,,
2662,2662,2662,211999267,09 06 54.555,+20 14 31.82,1,9.804,,1407-257-1,552-045133,09065454+2014318,,STAR,gri,plx,-59.1,1.3,-10.2,1.4,,,10.349,0.048,9.899,0.044,,,10.409,0.2,9.907,0.17,9.544,0.1,,,8.79,0.021,8.468,0.036,8.47,0.022,6033,174,139,4.201,0.084,0.07,-0.126,0.2,0.28,1.339,0.099,0.092,1.063,0.102,0.123,0.423,0.135,0.087,147.4,9.152,9.152,0.021,0.006,0.005,,,
2663,2663,2663,211999276,09 10 47.855,+20 14 32.21,1,14.149,,,552-045279,09104787+2014328,5061-301-1-0158-0088,STAR,gri,rpm,-109,8,-202,8,,,16.876,0.07,15.221,0.049,,,16.032,0.051,14.707,0.051,13.342,0.065,,,11.273,0.022,10.69,0.022,10.414,0.018,3435,199,166,5.074,0.072,0.084,-0.016,0.15,0.18,0.207,0.071,0.039,0.184,0.102,0.041,20.45,8.84,7.784,42.51,21.68,18.64,0.007,0.006,0.004,,,
2664,2664,2664,211999281,09 11 09.797,+20 14 32.45,1,18.174,,,,,5061-301-1-0159-0007,STAR,gri,,-5,3,2,3,,,,,,,18.269,0.013,18.185,0.006,18.171,0.007,18.009,0.008,17.999,0.021,,,,,,,,,,,,,,,,,,,,,,,,,,,,,,,,,
2665,2665,2665,211999417,09 09 32.230,+20 14 41.01,1,13.914,,,552-045230,09093223+2014410,,STAR,gri,rpm,-4.3,2.6,-6.7,3,,,15.056,0.01,14.124,0.03,,,14.67,0.09,13.867,0.02,13.59,0.08,,,12.566,0.024,12.098,0.032,12.053,0.021,5021,142,101,3.688,0.847,0.605,-0.231,0.25,0.45,2.085,2.335,1.409,0.888,0.258,0.099,0.095,2.154,0.086,1068,1057,728.6,0.031,0.008,0.006,,,
2666,2666,2666,211999596,08 59 21.218,+20 14 51.92,1,16.931,,,,08592121+2014519,5071-301-3-0139-0207,EXTENDED,gri,,4,2,4,2,,,,,,,19.654,0.062,17.932,0.008,16.934,0.006,16.502,0.006,16.153,0.013,15.923,0.094,15.24,0.102,14.918,0.111,,,,,,,,,,,,,,,,,,,,,,,,,,,
2667,2667,2667,211999627,08 53 33.029,+20 14 53.67,1,17.131,,,,08533302+2014536,5038-301-1-0047-0230,STAR,gri,rpm,-40,3,-9,3,,,,,,,21.78,0.115,19.19,0.01,17.723,0.006,16.248,0.005,15.422,0.006,13.931,0.026,13.351,0.026,13.078,0.025,3522,86,108,5.039,0.06,0.02,-0.073,0.24,0.16,0.244,0.007,0.041,0.233,0.012,0.046,16.36,6.749,1.092,137.1,7.455,24.99,0.018,0.016,0.006,,,
2668,2668,2668,211999662,09 09 50.117,+20 14 56.10,1,17.354,,,,09095011+2014561,5071-301-1-0154-0213,EXTENDED,gri,,-2,2,-2,2,,,,,,,19.15,0.032,17.899,0.007,17.388,0.006,17.121,0.007,16.892,0.016,16.568,0.138,16.068,0.181,15.629,0.192,,,,,,,,,,,,,,,,,,,,,,,,,,,
2669,2669,2669,211999666,09 08 25.479,+20 14 56.12,1,18.603,,,,,5071-301-1-0152-0130,STAR,gri,,-1,3,0,3,,,,,,,18.871,0.018,18.765,0.008,18.549,0.009,18.542,0.01,18.556,0.028,,,,,,,,,,,,,,,,,,,,,,,,,,,,,,,,,
2670,2670,2670,211999776,08 59 21.374,+20 15 02.40,1,18.063,,,,08592137+2015023,,STAR,J,col,,,,,,,,,,,,,,,,,,,,,16.522,0.121,16.124,0.145,15.378,0.142,3647,498,332,5.008,0.115,0.161,-0.204,0.25,0.35,0.251,0.146,0.08,0.252,0.213,0.107,13.58,12.3,8.076,539.3,464.9,218.1,0.031,0.008,0.007,,,
2671,2671,2671,211999816,08 57 14.167,+20 15 04.11,1,14.195,,,552-044795,08571417+2015040,,STAR,gri,rpm,-16.2,3.4,-2.7,3.9,,,15.371,0.04,14.394,0.02,,,14.955,0.04,14.119,0.05,13.87,0.04,,,12.766,0.023,12.345,0.023,12.251,0.025,5117,82,82,4.562,0.03,0.036,0.004,0.2,0.2,0.797,0.049,0.055,0.867,0.036,0.058,1.652,0.245,0.213,454.9,35.23,37.92,0.034,0.008,0.007,,,
2672,2672,2672,211999894,09 11 16.711,+20 15 08.78,1,17.585,,,,09111671+2015087,5061-301-1-0159-0132,EXTENDED,gri,,2,3,1,3,,,,,,,20.56,0.066,18.577,0.008,17.59,0.006,17.16,0.006,16.782,0.013,15.885,0.065,15.171,0.065,14.769,0.077,,,,,,,,,,,,,,,,,,,,,,,,,,,
2673,2673,2673,211999899,08 55 39.934,+20 15 08.93,1,16.312,,,552-044745,08553993+2015089,5071-301-4-0134-0166,STAR,JHK,rpm,29.9,5.9,-43.7,5.7,,,,,,,,,,,,,,,,,14.113,0.024,13.495,0.029,13.271,0.03,3754,177,147,4.962,0.065,0.078,-0.097,0.16,0.28,0.316,0.073,0.07,0.332,0.089,0.089,10.24,4.734,3.237,216.6,66.3,59.39,0.025,0.01,0.007,,,
2674,2674,2674,211999916,09 02 38.736,+20 15 09.91,1,17.169,,,,,5061-301-3-0146-0319,EXTENDED,gri,,-4,3,-6,3,,,,,,,18.818,0.048,17.54,0.008,17.2,0.01,17.01,0.015,16.92,0.049,,,,,,,,,,,,,,,,,,,,,,,,,,,,,,,,,
2675,2675,2675,211999972,09 06 14.343,+20 15 13.42,1,11.596,,,552-045103,09061433+2015133,,STAR,gri,rpm,-5.3,1.7,1.3,1.5,,,12.915,0.04,11.872,0.05,,,12.42,0.08,11.539,0.07,11.244,0.11,,,10.119,0.022,9.55,0.027,9.466,0.02,4715,94,94,2.46,0.39,0.156,-0.261,0.2,0.32,10.56,1.398,3.726,1.152,0.186,0.186,9.70E-04,0.003,3.63E-04,1519,196.4,506.2,0.033,0.01,0.007,,,
2676,2676,2676,211999994,09 04 59.052,+20 15 14.86,1,18.068,,,,09045905+2015148,,STAR,J,col,,,,,,,,,,,,,,,,,,,,,16.527,0.114,15.79,0.131,15.295,0.126,3773,470,336,4.969,0.12,0.168,-0.219,0.24,0.32,0.305,0.161,0.105,0.324,0.209,0.149,9.91,10.32,5.702,652.8,471.2,273.7,0.032,0.01,0.007,,,
2677,2677,2677,212000122,08 51 05.889,+20 15 23.18,1,12.095,,,552-044579,08510589+2015232,,STAR,gri,rpm,-0.2,1.2,-28.1,1.4,,,12.92,0.02,12.222,0.01,,,12.548,0.031,12.041,0.01,11.901,0.03,,,10.972,0.023,10.643,0.022,10.557,0.017,5736,114,91,4.392,0.085,0.493,-0.086,0.15,0.21,1.027,0.808,0.133,1.002,0.098,0.07,0.883,0.308,0.728,300,231.6,44.08,0.027,0.016,0.008,,,
2678,2678,2678,212000149,08 54 58.351,+20 15 25.50,1,14.853,,,552-044722,08545835+2015255,5071-301-4-0133-0065,STAR,gri,rpm,6.1,3.4,5.2,3.1,,,15.923,0.067,15.069,0.046,,,15.512,0.06,14.717,0.01,14.571,0.082,,,13.596,0.023,13.095,0.022,13.01,0.027,4996,79,99,4.592,0.035,0.931,-0.14,0.2,0.28,0.751,1.838,0.053,0.82,0.093,0.067,1.876,0.278,1.816,609.4,1533,56.18,0.032,0.008,0.007,,,
2679,2679,2679,212000177,09 06 09.872,+20 15 27.09,1,19.63,,,,,5061-301-2-0151-0333,STAR,gri,,2,3,-1,3,,,,,,,20.492,0.048,19.807,0.014,19.571,0.015,19.525,0.019,19.208,0.049,,,,,,,,,,,,,,,,,,,,,,,,,,,,,,,,,
2680,2680,2680,212000214,09 07 09.674,+20 15 29.42,1,17.336,,,,09070967+2015294,,STAR,JHK,rpm,6,2,6,3,,,,,,,,,,,,,,,,,14.91,0.056,14.414,0.078,13.992,0.068,3778,985,234,4.914,0.115,0.276,-0.099,0.18,0.27,0.349,0.274,0.106,0.369,0.323,0.147,8.54,7.546,6.133,348.4,538.9,130.1,0.029,0.01,0.007,,,
2681,2681,2681,212000219,08 50 41.255,+20 15 29.67,1,12.781,,,552-044561,08504125+2015297,,STAR,gri,rpm,-8.4,4.2,-22.8,1.9,,,13.533,0.01,12.905,0.01,,,13.18,0.01,12.734,0.01,12.609,0.04,,,11.705,0.023,11.417,0.025,11.334,0.02,5918,118,94,4.331,0.09,0.21,-0.135,0.15,0.24,1.108,0.326,0.134,1.007,0.081,0.081,0.694,0.242,0.356,461.5,135.2,61.4,0.032,0.01,0.007,,,
2682,2682,2682,212000267,09 04 15.818,+20 15 32.48,1,17.549,,,,09041581+2015324,5071-301-2-0146-0182,EXTENDED,gri,,2,3,-1,3,,,,,,,20.788,0.142,18.815,0.013,17.526,0.007,17.006,0.007,16.613,0.014,16.159,0.093,15.284,0.105,14.781,0.097,,,,,,,,,,,,,,,,,,,,,,,,,,,
2683,2683,2683,212000353,08 50 24.586,+20 15 37.41,1,13.513,,,552-044548,08502459+2015374,,STAR,gri,lam,-0.1,2,-3.7,2.8,,,14.8,0.03,13.789,0.01,,,14.283,0.01,13.481,0.043,13.183,0.02,,,11.915,0.023,11.319,0.025,11.247,0.02,4613,92,73,1.723,0.198,0.054,-0.877,0.15,0.18,21.329,1.462,4.23,0.902,0.018,0.018,9.09E-05,8.23E-05,1.60E-05,5757,1251,754.4,0.037,0.013,0.008,,,
2684,2684,2684,212000374,08 52 52.546,+20 15 38.34,1,10.936,,1399-407-1,552-044651,08525253+2015384,,STAR,gri,rpm,-4.4,1.6,-2.3,1.7,,,12.223,0.275,11.294,0.134,,,11.896,0.02,10.882,0.05,10.525,0.04,,,9.204,0.026,8.553,0.024,8.414,0.02,4447,88,88,2.065,0.295,0.472,-0.258,0.3,0.36,15.105,9.012,3.83,1.154,0.211,0.211,2.54E-04,5.34E-04,1.98E-04,1350,766.3,330.7,0.034,0.01,0.008,,,
2685,2685,2685,212000437,09 02 29.197,+20 15 41.37,1,14.983,,,552-044964,09022920+2015414,5061-301-3-0146-0134,STAR,gri,col,,,,,,,16.696,0.086,15.54,0.054,,,16.245,0.08,15.059,0.056,14.442,0.079,,,13.044,0.023,12.419,0.027,12.288,0.019,4008,142,118,4.835,0.055,0.055,-0.085,0.16,0.24,0.445,0.057,0.06,0.495,0.063,0.063,5.433,1.829,1.167,202.4,35.39,30.12,0.024,0.006,0.006,,,
2686,2686,2686,212000447,08 55 09.933,+20 15 41.82,1,15.749,,,,08550993+2015418,5071-301-4-0133-0241,EXTENDED,gri,,-7,2,0,2,,,,,,,17.917,0.022,16.513,0.004,15.809,0.003,15.421,0.003,15.145,0.008,15.256,0.101,14.476,0.119,14.422,0.111,,,,,,,,,,,,,,,,,,,,,,,,,,,
2687,2687,2687,212000543,08 59 16.471,+20 15 47.19,1,14.403,,,552-044849,08591646+2015471,5071-301-3-0139-0100,STAR,gri,rpm,-0.2,4.5,-10.3,5,,,16.096,0.07,15.037,0.046,,,15.599,0.05,14.625,0.051,13.891,0.07,,,12.493,0.022,11.871,0.024,11.677,0.021,3986,332,47,4.827,0.02,0.087,0.065,0.06,0.6,0.46,0.101,0.009,0.522,0.103,0.012,5.32,0.319,1.781,164.2,59.88,4.927,0.018,0.008,0.008,,,
2688,2688,2688,212000579,09 02 41.999,+20 15 49.50,1,15.337,,,552-044976,09024199+2015494,5061-301-3-0146-0173,STAR,BV,rpm,0.1,4.4,1.7,4.7,,,16.368,0.05,15.533,0.054,,,,,,,,,,,14.098,0.025,13.62,0.03,13.531,0.03,5073,181,151,4.576,0.045,1.17,-0.248,0.25,0.55,0.767,2.424,0.072,0.82,0.075,0.075,1.779,0.385,1.746,806.4,2572,105.7,0.033,0.008,0.007,,,
2689,2689,2689,212000584,09 00 02.750,+20 15 49.84,1,13.8,,,552-044872,09000275+2015497,,STAR,gri,rpm,-12.2,2.5,-11.3,2,,,14.989,0.04,14.109,0.05,,,14.584,0.037,13.785,0.044,13.464,0.11,,,12.384,0.025,11.941,0.022,11.837,0.018,5079,123,103,4.557,0.045,0.828,-0.034,0.2,0.28,0.798,1.587,0.058,0.875,0.045,0.063,1.617,0.349,1.537,388.2,742.7,45.38,0.032,0.007,0.008,,,
2690,2690,2690,212000692,09 06 41.723,+20 15 54.96,1,11.552,,1407-165-1,552-045125,09064173+2015549,,STAR,gri,rpm,-7.9,1.8,-4.8,2,,,12.076,0.162,12.459,0.321,,,11.84,0.07,11.514,0.09,11.429,0.12,,,10.797,0.022,10.566,0.029,10.557,0.022,6376,194,233,4.17,0.15,0.24,-0.074,0.12,0.21,1.459,0.621,0.217,1.233,0.185,0.154,0.339,0.267,0.197,426.6,173.2,66.83,0.031,0.008,0.006,,,
2691,2691,2691,212000718,08 58 28.206,+20 15 56.25,1,14.023,,,552-044829,08582820+2015562,,STAR,gri,rpm,-15.7,3.4,-9.6,1.9,,,15.795,0.08,14.439,0.08,,,15.255,0.05,13.883,0.06,13.495,0.06,,,12.191,0.025,11.555,0.025,11.418,0.021,4091,112,96,4.804,0.08,0.048,-0.11,0.12,0.21,0.483,0.052,0.089,0.543,0.052,0.104,4.677,2.337,0.787,155.4,20.25,31.62,0.02,0.005,0.006,,,
2692,2692,2692,212000755,08 54 43.236,+20 15 58.73,1,18.707,,,,08544323+2015587,5071-301-4-0133-0175,STAR,gri,,-10,3,-73,3,,,,,,,22.371,0.22,20.082,0.017,18.719,0.01,18.118,0.008,17.756,0.018,16.625,0.131,15.962,0.163,,,,,,,,,,,,,,,,,,,,,,,,,,,,,
2693,2693,2693,212000799,09 04 03.421,+20 16 01.44,1,19.057,,,,,5071-301-2-0146-0161,STAR,gri,,1,3,-4,3,,,,,,,19.185,0.024,19.157,0.01,19.023,0.011,19.025,0.014,18.979,0.038,,,,,,,,,,,,,,,,,,,,,,,,,,,,,,,,,
2694,2694,2694,212000800,09 12 01.768,+20 16 01.50,1,13.934,,,552-045325,09120176+2016015,,STAR,gri,rpm,-22.2,2.9,8.6,3.2,,,15.127,0.07,14.234,0.04,,,14.621,0.04,13.886,0.01,13.64,0.03,,,12.541,0.022,12.06,0.022,11.953,0.02,5043,80,80,4.602,0.025,0.04,-0.164,0.16,0.32,0.734,0.067,0.044,0.807,0.058,0.069,1.982,0.216,0.303,366.3,42.8,24.45,0.028,0.006,0.006,,,
2695,2695,2695,212000913,09 12 17.808,+20 16 08.69,1,18.194,,,,09121780+2016086,5061-301-1-0160-0267,EXTENDED,gri,,7,3,-4,3,,,,,,,20.376,0.058,19.147,0.012,18.237,0.008,17.786,0.009,17.498,0.022,16.342,0.089,15.462,0.083,14.98,0.085,,,,,,,,,,,,,,,,,,,,,,,,,,,
2696,2696,2696,212000941,08 51 12.649,+20 16 10.33,1,13.893,,,552-044583,08511265+2016103,,STAR,gri,rpm,-0.6,1.8,-4.1,2,,,14.848,0.051,14.048,0.03,,,14.42,0.01,13.828,0.045,13.667,0.03,,,12.608,0.022,12.196,0.024,12.1,0.019,5364,108,130,3.867,0.608,0.76,-0.331,0.25,0.65,1.878,2.415,1.182,0.918,0.171,0.053,0.103,1.347,0.095,952.3,1070,566.5,0.031,0.011,0.008,,,
2697,2697,2697,212000966,08 51 07.736,+20 16 11.70,1,16.74,,,,08510773+2016117,5071-301-5-0127-0374,STAR,gri,rpm,-56,3,6,3,,,,,,,21.04,0.076,18.555,0.008,17.075,0.005,15.962,0.005,15.364,0.005,14.024,0.03,13.469,0.03,13.187,0.023,3361,33,53,5.099,0.024,0.02,0.037,0.1,0.06,0.194,0.008,0.009,0.174,0.009,0.009,23.48,2.384,1.567,109.8,5.174,4.941,0.018,0.002,0.004,,,
2698,2698,2698,212000981,08 54 37.615,+20 16 12.23,1,14.038,,,552-044716,08543761+2016122,,STAR,gri,rpm,0.3,2.6,-2.4,2.7,,,15.786,0.03,14.422,0.03,,,15.143,0.05,13.977,0.06,13.564,0.02,,,12.199,0.022,11.521,0.024,11.371,0.019,4289,68,68,4.717,0.035,4.074,-0.105,0.16,1.32,0.57,71.05,0.025,0.639,0.171,0.031,3.285,0.487,3.285,204.9,22780,18.46,0.026,0.01,0.005,,,
2699,2699,2699,212001052,08 50 57.659,+20 16 16.08,1,14.131,,,552-044570,08505765+2016161,,STAR,gri,lam,2.4,2.5,-32.3,2.5,,,15.169,0.03,14.377,0.01,,,14.771,0.04,14.111,0.02,13.857,0.07,,,12.758,0.025,12.258,0.026,12.156,0.019,5017,181,151,4.63,0.036,0.03,-0.501,0.18,0.15,0.669,0.054,0.05,0.704,0.056,0.046,2.256,0.407,0.291,364.7,46,34.38,0.032,0.007,0.007,,,
2700,2700,2700,212001094,09 08 52.834,+20 16 18.65,1,16.073,,,,,5071-301-1-0153-0165,EXTENDED,gri,,-4,2,11,2,,,,,,,17.769,0.028,16.574,0.006,16.12,0.006,15.859,0.007,15.718,0.027,,,,,,,,,,,,,,,,,,,,,,,,,,,,,,,,,
2701,2701,2701,212001103,09 02 17.914,+20 16 19.31,1,14.719,,,552-044952,09021791+2016194,5061-301-3-0146-0112,STAR,gri,rpm,0.6,4.5,-2.1,4.9,,,15.786,0.06,15.094,0.12,,,15.425,0.044,14.784,0.053,14.416,0.079,,,13.501,0.023,13.011,0.026,12.906,0.025,5058,140,80,3.321,1.176,0.98,-0.56,0.4,0.56,2.997,5.647,2.317,0.875,0.086,0.1,0.023,1.282,0.022,1966,3613,1510,0.035,0.008,0.01,,,
2702,2702,2702,212001108,08 51 30.432,+20 16 19.46,1,11.245,,1399-595-1,552-044600,08513042+2016194,,STAR,gri,rpm,-3.1,1.5,6.5,1.6,,,11.345,0.102,10.954,0.11,,,11.447,0.05,11.178,0.04,11.148,0.05,,,10.42,0.022,10.242,0.021,10.191,0.018,6657,164,164,4.045,0.175,0.245,-0.01,0.1,0.12,1.811,0.875,0.395,1.464,0.218,0.156,0.221,0.195,0.141,458.4,219,99.28,0.032,0.011,0.007,,,
2703,2703,2703,212001160,08 55 44.087,+20 16 22.30,1,11.02,,1400-169-1,552-044747,08554410+2016223,,STAR,gri,plx,-5.5,1.8,-12.6,1.9,,,13.029,0.499,11.706,0.224,,,11.938,0.04,10.941,0.04,10.626,0.03,,,9.348,0.021,8.763,0.018,8.657,0.02,4596,73,73,2.435,0.176,0.132,-0.049,0.12,0.18,11.467,1.281,2.189,1.268,0.183,0.153,8.47E-04,6.98E-04,2.40E-04,1111,686.5,686.5,0.035,0.01,0.007,,,
2704,2704,2704,212001258,08 55 37.150,+20 16 28.20,1,14.691,,,552-044744,08553713+2016283,5071-301-4-0134-0164,STAR,JHK,rpm,-58.1,6.1,-45.2,3.4,,,,,,,,,,,,,,,,,12.267,0.02,11.648,0.021,11.35,0.02,3562,70,99,5.007,0.056,0.035,0.05,0.15,0.15,0.27,0.03,0.045,0.267,0.049,0.059,13.63,4.883,2.678,78.36,11.86,16.4,0.013,0.005,0.005,,,
2705,2705,2705,212001381,09 03 40.338,+20 16 37.50,1,18.012,,,,09034033+2016375,5061-301-3-0148-0118,EXTENDED,gri,,2,3,2,3,,,,,,,20.716,0.066,18.938,0.009,18.002,0.007,17.615,0.007,17.295,0.016,16.219,0.089,15.552,0.094,15.065,0.108,,,,,,,,,,,,,,,,,,,,,,,,,,,
2706,2706,2706,212001407,08 59 14.403,+20 16 39.04,1,16.355,,,,08591440+2016390,5071-301-3-0139-0198,STAR,gri,rpm,1,3,-45,3,,,,,,,20.502,0.051,17.985,0.006,16.671,0.005,15.657,0.004,15.111,0.005,13.835,0.023,13.254,0.027,13.044,0.023,3510,55,35,5.008,0.02,0.036,0.119,0.1,0.06,0.264,0.033,0.022,0.263,0.04,0.033,13.88,1.694,2.599,145.7,20.59,13.13,0.018,0.005,0.003,,,
2707,2707,2707,212001482,09 06 32.173,+20 16 42.77,1,18.403,,,,,5061-301-2-0152-0255,EXTENDED,gri,,0,3,-1,3,,,,,,,19.498,0.029,18.6,0.008,18.337,0.008,17.995,0.009,17.901,0.025,,,,,,,,,,,,,,,,,,,,,,,,,,,,,,,,,
2708,2708,2708,212001530,08 30 22.999,+20 16 45.93,1,17.807,,,,08302299+2016459,,STAR,JHK,col,,,,,,,,,,,,,,,,,,,,,16.198,0.098,15.798,0.135,15.545,0.183,4208,1349,674,4.751,0.282,0.282,-0.351,0.3,0.48,0.459,0.287,0.226,0.533,0.244,0.293,4.155,11.07,2.747,1047,1334,656.3,0.033,0.011,0.008,,,
2709,2709,2709,212001590,09 12 24.664,+20 16 49.79,1,17.265,,,,09122466+2016497,,STAR,JHK,col,,,,,,,,,,,,,,,,,,,,,14.735,0.026,14.124,0.026,13.761,0.033,3458,138,775,5.1,0.153,0.102,-0.023,0.12,0.21,0.209,0.06,0.083,0.189,0.077,0.093,22.04,34.61,8.294,168.9,56.84,102.1,0.019,0.01,0.012,,,
2710,2710,2710,212001634,08 54 08.030,+20 16 52.74,1,14.865,,,552-044695,08540803+2016528,,STAR,JHK,rpm,-44.7,2.9,-4.7,3.4,,,,,,,,,,,,,,,,,12.7,0.022,12.093,0.021,11.868,0.022,3687,108,108,4.957,0.06,0.06,-0.007,0.15,0.15,0.312,0.058,0.058,0.343,0.073,0.087,10.18,3.552,2.633,112.3,28.43,26.65,0.017,0.007,0.007,,,
2711,2711,2711,212001640,09 11 51.011,+20 16 53.39,1,14.465,,,552-045322,09115100+2016538,,STAR,gri,col,,,,,,,17.135,0.29,15.625,0.06,,,16.364,0.01,15.09,0.06,13.651,0.01,,,11.554,0.021,10.985,0.022,10.69,0.018,3586,85,85,4.998,0.04,0.04,0.033,0.12,0.1,0.271,0.038,0.033,0.28,0.058,0.048,13.02,3.183,2.558,75.96,21.9,27.81,0.012,0.005,0.005,,,
2712,2712,2712,212001653,09 00 05.402,+20 16 54.28,1,12.478,,,552-044875,09000540+2016541,,STAR,gri,lam,-7.5,2.2,-1.1,1.4,,,12.919,0.02,12.505,0.03,,,12.686,0.031,12.409,0.041,12.325,0.1,,,11.576,0.022,11.372,0.021,11.338,0.018,6316,127,153,4.072,0.132,0.11,-0.299,0.15,0.15,1.609,0.268,0.272,1.157,0.103,0.124,0.246,0.153,0.082,667.2,114.9,115.8,0.032,0.008,0.006,,,
2713,2713,2713,212001688,08 32 33.431,+20 16 56.95,1,14.116,,,552-043834,08323342+2016569,,STAR,JHK,rpm,-33.8,6.4,-1.8,3.1,,,,,,,,,,,,,,,,,12.096,0.03,11.451,0.023,11.307,0.021,4194,280,280,4.763,0.102,0.085,-0.099,0.2,0.2,0.511,0.092,0.106,0.57,0.103,0.12,4.013,2.601,1.205,159.8,49.89,44.46,0.021,0.007,0.004,,,
2714,2714,2714,212001691,08 50 36.415,+20 16 57.15,1,18.801,,,,08503641+2016571,,STAR,JHK,col,,,,,,,,,,,,,,,,,,,,,16.428,0.113,15.798,0.168,15.53,0.179,3921,672,373,4.896,0.15,0.21,-0.254,0.25,0.4,0.347,0.19,0.123,0.398,0.232,0.193,7.72,9.965,4.865,788.2,666,361,0.032,0.008,0.007,,,
2715,2715,2715,212001727,08 53 00.212,+20 16 59.36,1,12.22,,,552-044656,08530020+2016594,,STAR,gri,rpm,-18.8,1.2,-3.6,1.5,,,13.319,0.01,12.44,0.01,,,12.868,0.01,12.16,0.03,11.942,0.05,,,10.805,0.022,10.375,0.023,10.245,0.018,5103,145,83,3.524,0.875,0.875,-0.182,0.2,0.48,2.306,2.32,1.494,0.973,0.246,0.095,0.036,0.079,0.034,548.1,581.3,348.9,0.032,0.007,0.006,,,
2716,2716,2716,212001778,09 08 04.562,+20 17 02.55,1,12.81,,,552-045186,09080455+2017024,,STAR,gri,rpm,-15.5,2.1,-12,2.7,,,13.576,0.04,12.909,0.05,,,13.244,0.07,12.748,0.07,12.624,0.13,,,11.837,0.024,11.547,0.03,11.466,0.023,5917,142,142,4.337,0.1,0.24,-0.11,0.15,0.24,1.119,0.383,0.169,1.035,0.079,0.11,0.683,0.327,0.394,494.6,158,88.86,0.032,0.011,0.006,,,
2717,2717,2717,212001787,08 26 22.353,+20 17 02.89,1,11.03,,1387-1069-1,552-043568,08262234+2017027,,STAR,BV,plx,-0.4,1.7,-1.9,1.8,,,12.346,0.306,11.232,0.123,,,12.029,0.03,,,,,,,9.108,0.022,8.463,0.029,8.284,0.024,4461,130,104,2.181,0.24,0.432,-0.21,0.25,0.4,14.487,8.179,3.738,1.175,0.2,0.24,3.63E-04,4.50E-04,2.78E-04,1412,934.1,934.1,0.034,0.01,0.007,,,
2718,2718,2718,212001809,08 52 08.748,+20 17 03.94,1,17.524,,,,08520874+2017039,5071-301-5-0129-0179,EXTENDED,gri,,0,3,-1,3,,,,,,,20.737,0.105,18.6,0.01,17.547,0.007,17.063,0.007,16.67,0.013,15.882,0.07,15.172,0.1,14.663,0.084,,,,,,,,,,,,,,,,,,,,,,,,,,,
2719,2719,2719,212001815,08 33 31.575,+20 17 04.35,1,15.314,,,552-043877,08333157+2017043,5037-301-6-0108-0079,STAR,JHK,rpm,-6.8,2.8,-0.2,3.2,,,,,,,,,,,,,,,,,13.879,0.025,13.373,0.027,13.306,0.036,4986,150,150,4.586,0.04,1.264,-0.222,0.24,0.48,0.741,2.596,0.062,0.797,0.103,0.074,1.855,0.35,1.833,674.4,2388,77.48,0.033,0.008,0.007,,,
2720,2720,2720,212001818,08 34 13.860,+20 17 04.50,1,17.296,,,,08341385+2017044,5045-301-5-0120-0200,STAR,gri,rpm,-50,3,19,3,,,,,,,21.606,0.124,19.278,0.011,17.817,0.006,16.446,0.005,15.711,0.006,14.29,0.027,13.721,0.033,13.375,0.028,3461,82,82,5.069,0.03,0.03,0.012,0.12,0.18,0.213,0.024,0.018,0.201,0.034,0.025,19.51,3.678,3.095,139.2,21.96,16,0.021,0.005,0.005,,,
2721,2721,2721,212001868,09 12 25.719,+20 17 06.72,1,11.425,,1407-50-1,552-045339,09122573+2017066,,STAR,gri,rpm,-2,1.5,-7.1,1.6,,,11.824,0.073,11.548,0.09,,,11.712,0.02,11.4,0.01,11.302,0.06,,,10.569,0.022,10.373,0.022,10.305,0.018,6460,131,131,4.119,0.16,0.288,-0.019,0.1,0.12,1.609,0.883,0.316,1.339,0.27,0.104,0.312,0.249,0.215,421.1,221.6,88.15,0.033,0.011,0.005,,,
2722,2722,2722,212001900,08 35 14.990,+20 17 08.38,1,14.263,,,552-043955,08351498+2017083,,STAR,BV,rpm,-13.3,1.8,2.2,2.8,,,15.401,0.06,14.489,0.039,,,14.946,0.039,,,,,,,13.129,0.023,12.748,0.029,12.629,0.019,5467,192,160,4.512,0.045,0.099,-0.136,0.2,0.44,0.858,0.134,0.084,0.895,0.056,0.079,1.355,0.312,0.422,623.7,140.5,66.55,0.033,0.01,0.007,,,
2723,2723,2723,212001927,09 00 14.898,+20 17 09.42,1,12.449,,,552-044882,09001489+2017093,,STAR,gri,rpm,4.5,1.5,-2.8,1.6,,,13.677,0.04,12.714,0.05,,,13.171,0.031,12.454,0.041,12.139,0.14,,,10.962,0.022,10.462,0.021,10.358,0.019,4943,79,59,2.736,0.6,0.5,-0.598,0.25,0.55,6.925,4.254,3.383,0.975,0.153,0.096,0.003,0.017,0.002,1491,927.4,656.6,0.033,0.007,0.007,,,
2724,2724,2724,212001931,09 02 52.663,+20 17 09.57,1,17.657,,,,09025266+2017095,5061-301-3-0147-0019,STAR,gri,,-1,3,-12,3,,,,,,,18.881,0.019,17.935,0.006,17.632,0.006,17.538,0.007,17.533,0.016,17.133,0.194,16.298,0.181,,,,,,,,,,,,,,,,,,,,,,,,,,,,,
2725,2725,2725,212002014,08 35 27.537,+20 17 14.51,1,17.195,,,,08352753+2017145,,STAR,JHK,col,,,,,,,,,,,,,,,,,,,,,15.771,0.067,15.375,0.084,15.204,0.117,5056,677,1355,4.611,0.36,0.18,-0.47,0.35,0.49,0.674,0.223,0.371,0.714,0.121,0.389,2.066,9.08,1.042,1519,855.4,1084,0.032,0.01,0.007,,,
2726,2726,2726,212002052,08 52 03.039,+20 17 16.97,1,11.599,,,552-044623,08520303+2017170,,STAR,gri,rpm,-8.4,1.1,-5.9,1.4,,,12.775,0.01,11.845,0.01,,,12.31,0.01,11.554,0.03,11.294,0.03,,,10.112,0.022,9.637,0.029,9.477,0.022,4938,60,60,2.897,0.445,0.623,-0.439,0.25,0.25,5.898,5.161,2.457,1.063,0.218,0.121,0.004,0.015,0.004,923.6,616.3,369.6,0.033,0.011,0.007,,,
2727,2727,2727,212002117,08 54 16.644,+20 17 21.06,1,13.989,,,552-044703,08541664+2017210,,STAR,gri,rpm,-4.3,2.8,-9.5,2.8,,,15.172,0.03,14.235,0.01,,,14.698,0.02,13.959,0.02,13.685,0.06,,,12.55,0.022,12.069,0.024,11.939,0.021,5023,79,79,3.579,1.056,0.528,-0.281,0.25,0.4,2.602,1.653,1.901,0.894,0.191,0.12,0.058,1.685,0.048,1265,769.5,908.6,0.031,0.008,0.006,,,
2728,2728,2728,212002128,09 06 33.318,+20 17 21.72,1,12.983,,,552-045118,09063331+2017218,,STAR,gri,rpm,6.4,2.5,4.6,3,,,14.1,0.04,13.231,0.05,,,13.662,0.08,12.95,0.07,12.692,0.07,,,11.717,0.024,11.273,0.031,11.195,0.023,5084,155,124,3.357,0.776,0.97,-0.353,0.3,0.48,2.877,4.416,1.742,0.967,0.239,0.102,0.031,0.437,0.029,889.4,1163,576.7,0.033,0.01,0.006,,,
2729,2729,2729,212002142,08 26 46.624,+20 17 22.73,1,18.693,,,,08264662+2017227,6597-301-2-0211-0272,STAR,gri,rpm,-5,3,-51,3,,,,,,,23.222,0.451,20.148,0.018,18.738,0.01,18.069,0.009,17.674,0.016,16.504,0.116,15.91,0.167,15.337,0.131,3764,45,45,5.04,0.042,0.035,-0.414,0.1,0.1,0.247,0.033,0.029,0.245,0.046,0.039,16.07,4.254,2.856,498.7,67.33,70.32,0.031,0.006,0.006,,,
2730,2730,2730,212002236,08 32 17.274,+20 17 26.95,1,14.392,,,552-043825,08321727+2017268,,STAR,BV,rpm,-6.1,2.7,5.4,2.8,,,15.538,0.07,14.62,0.041,,,15.125,0.041,,,,,,,13.183,0.022,12.762,0.025,12.637,0.026,5283,156,156,4.529,0.055,0.935,-0.232,0.25,0.55,0.845,1.703,0.094,0.885,0.066,0.092,1.426,0.369,1.372,608.3,1141,80.92,0.033,0.008,0.007,,,
2731,2731,2731,212002258,09 03 48.303,+20 17 28.38,1,17.433,,,,09034830+2017283,5061-301-3-0148-0152,EXTENDED,gri,,-15,3,0,3,,,,,,,20.337,0.095,18.414,0.01,17.527,0.008,17.013,0.008,16.66,0.021,16.239,0.118,15.447,0.125,15.072,0.137,,,,,,,,,,,,,,,,,,,,,,,,,,,
2732,2732,2732,212002265,08 58 25.860,+20 17 29.03,1,17.173,,,,08582585+2017290,5061-301-4-0140-0183,EXTENDED,gri,,,,,,,,,,,,20.277,0.077,18.264,0.008,17.154,0.005,16.705,0.005,16.341,0.013,15.567,0.078,14.922,0.092,14.487,0.087,,,,,,,,,,,,,,,,,,,,,,,,,,,
2733,2733,2733,212002266,08 29 38.975,+20 17 29.08,1,19.177,,,,08293897+2017290,6728-301-1-0121-0484,STAR,gri,,-33,4,-32,4,,,,,,,23.533,0.688,20.611,0.027,19.264,0.013,18.563,0.01,18.164,0.021,16.61,0.158,16.187,0.214,,,,,,,,,,,,,,,,,,,,,,,,,,,,,
2734,2734,2734,212002276,08 51 04.737,+20 17 29.73,1,14.329,,,552-044578,08510474+2017297,,STAR,gri,rpm,-0.3,2.7,-3,3.2,,,15.366,0.01,14.563,0.04,,,14.979,0.03,14.305,0.02,14.051,0.073,,,12.947,0.022,12.497,0.023,12.428,0.025,5161,102,102,3.693,0.896,0.56,-0.395,0.3,0.48,2.37,1.682,1.642,0.904,0.17,0.077,0.057,1.54,0.048,1418,1143,983.1,0.034,0.008,0.007,,,
2735,2735,2735,212002396,09 04 01.520,+20 17 36.88,1,14.284,,,552-045019,09040151+2017371,,STAR,gri,rpm,0,2.1,-9.7,3.6,,,15.382,0.02,14.542,0.04,,,14.982,0.06,14.229,0.08,13.984,0.072,,,13.026,0.023,12.602,0.021,12.506,0.022,5221,123,123,4.545,0.04,0.904,-0.125,0.2,0.4,0.826,1.852,0.067,0.882,0.072,0.072,1.554,0.293,1.491,544.6,1138,59.23,0.033,0.01,0.007,,,
2736,2736,2736,212002440,08 29 04.457,+20 17 39.88,1,17.476,,,,08290445+2017398,,STAR,J,col,,,,,,,,,,,,,,,,,,,,,15.982,0.078,15.324,0.114,14.925,0.095,3816,474,338,4.95,0.13,0.182,-0.213,0.25,0.3,0.31,0.161,0.106,0.347,0.195,0.163,8.474,9.028,4.371,532,394.6,226.6,0.031,0.01,0.007,,,
2737,2737,2737,212002515,09 08 48.966,+20 17 44.50,1,11.734,,1407-46-1,552-045212,09084897+2017442,,STAR,gri,plx,-12.7,1.6,-12.8,1.7,,,12.165,0.272,11.526,0.213,,,12.213,0.03,11.692,0.04,11.529,0.09,,,10.846,0.024,10.546,0.03,10.497,0.021,5768,136,136,4.45,0.05,0.07,-0.046,0.15,0.27,0.983,0.097,0.105,0.999,0.078,0.11,1.047,0.271,0.253,210.8,42.11,42.11,0.027,0.008,0.007,,,
2738,2738,2738,212002538,08 29 54.069,+20 17 45.75,1,13.725,,,552-043732,08295407+2017457,,STAR,JHK,rpm,-6,1.8,-9.7,3.3,,,,,,,,,,,,,,,,,12.392,0.023,11.979,0.025,11.881,0.023,5300,222,158,4.485,0.075,0.945,-0.189,0.25,0.6,0.908,1.775,0.13,0.896,0.147,0.061,1.168,0.505,1.122,485.6,806.5,101.7,0.032,0.008,0.006,,,
2739,2739,2739,212002546,08 50 30.360,+20 17 46.19,1,13.526,,,552-044553,08503036+2017463,,STAR,gri,lam,3.5,1.8,-8.4,2.7,,,14.692,0.03,13.796,0.034,,,14.217,0.01,13.531,0.03,13.23,0.02,,,11.99,0.023,11.451,0.023,11.367,0.019,4831,75,113,1.842,0.072,0.216,-1.337,0.12,0.12,18.128,4.485,1.897,0.824,0.049,0.016,1.34E-04,4.01E-05,6.73E-05,6835,1159,1431,0.035,0.014,0.009,,,
2740,2740,2740,212002581,09 08 01.504,+20 17 48.91,1,11.159,,1407-44-1,552-045184,09080150+2017489,,STAR,gri,rpm,-23.9,1.7,-7.2,1.8,,,11.845,0.162,11.266,0.146,,,11.5,0.09,11.094,0.07,11.014,0.12,,,10.353,0.022,10.105,0.03,10.102,0.023,6184,187,187,4.219,0.13,0.208,-0.072,0.15,0.24,1.35,0.364,0.212,1.168,0.128,0.128,0.451,0.264,0.235,312.5,93.24,53.17,0.029,0.008,0.006,,,
2741,2741,2741,212002604,08 58 07.619,+20 17 50.55,1,18.492,,,,08580761+2017505,,STAR,JHK,col,,,,,,,,,,,,,,,,,,,,,16.212,0.103,15.505,0.104,15.345,0.138,4025,434,362,4.835,0.18,0.15,-0.246,0.25,0.35,0.421,0.156,0.15,0.464,0.158,0.189,5.69,6.816,2.738,804.7,470.7,341.7,0.032,0.011,0.007,,,
2742,2742,2742,212002616,08 54 25.128,+20 17 51.21,1,14.286,,,552-044709,08542513+2017512,,STAR,gri,rpm,-4,2.8,-0.1,6.1,,,15.417,0.058,14.481,0.039,,,14.933,0.02,14.159,0.02,14.009,0.12,,,12.773,0.023,12.251,0.021,12.164,0.018,4924,77,77,3.199,1.072,0.67,-0.386,0.25,0.25,3.758,3.354,2.834,0.969,0.186,0.116,0.012,0.592,0.011,1954,1593,1487,0.034,0.006,0.006,,,
2743,2743,2743,212002661,08 28 54.109,+20 17 53.96,1,18.013,,,,08285410+2017539,,STAR,J,col,,,,,,,,,,,,,,,,,,,,,16.477,0.117,15.848,0.165,15.176,0.105,3702,470,294,4.989,0.12,0.168,-0.204,0.25,0.3,0.27,0.172,0.091,0.28,0.197,0.123,12.11,11.78,6.75,555.5,507.9,232.2,0.032,0.008,0.008,,,
2744,2744,2744,212002676,08 50 36.916,+20 17 54.99,1,12.861,,,552-044555,08503692+2017552,,STAR,gri,rpm,-1.6,3,-118.5,2,,,15.011,0.02,13.606,0.02,,,14.386,0.01,13.025,0.05,12.207,0.02,,,10.533,0.022,9.915,0.03,9.723,0.024,3712,109,87,4.964,0.035,0.091,0.011,0.15,0.15,0.315,0.084,0.027,0.343,0.105,0.037,10.38,1.816,3.771,72.67,20.95,35.05,0.01,0.005,0.005,,,
2745,2745,2745,212002692,09 09 00.588,+20 17 56.26,1,16.961,,,,09090058+2017562,,STAR,J,col,,,,,,,,,,,,,,,,,,,,,15.502,0.065,14.86,0.096,14.469,0.086,3828,476,357,4.942,0.125,0.175,-0.172,0.2,0.28,0.319,0.167,0.11,0.349,0.195,0.162,9.123,9.719,5.302,447.5,333.7,191.2,0.031,0.01,0.008,,,
2746,2746,2746,212002708,08 26 04.867,+20 17 57.31,1,12.433,,,552-043554,08260487+2017572,,STAR,BV,rpm,-15,1.8,-2.8,2.4,,,13.448,0.042,12.625,0.031,,,13.063,0.031,,,,,,,11.084,0.022,10.676,0.022,10.602,0.017,5292,157,125,3.806,0.705,0.846,-0.207,0.25,0.75,1.708,2.614,1.033,0.903,0.167,0.044,0.109,1.265,0.104,497.7,687.4,288.7,0.029,0.01,0.007,,,
2747,2747,2747,212002721,08 53 20.025,+20 17 58.11,1,16.514,,,552-044668,08532001+2017580,5038-301-1-0047-0210,STAR,BV,rpm,-19.3,3.6,-46.6,3.5,,,17.994,0.18,16.75,0.089,,,,,,,,,,,13.712,0.023,13.088,0.023,12.929,0.026,3939,217,155,4.874,0.072,0.04,-0.231,0.25,0.3,0.398,0.04,0.07,0.452,0.044,0.089,6.617,2.948,1.113,243.1,35.38,47.5,0.025,0.006,0.004,,,
2748,2748,2748,212002725,08 57 17.211,+20 17 58.23,1,16.004,,,,08571721+2017582,5061-301-4-0139-0117,EXTENDED,gri,,0,2,-3,2,,,,,,,18.117,0.029,16.704,0.005,16.071,0.005,15.704,0.006,15.452,0.016,16.126,0.121,15.374,0.165,15.165,0.163,,,,,,,,,,,,,,,,,,,,,,,,,,,
2749,2749,2749,212002771,09 02 27.920,+20 18 01.27,1,16.45,,,,09022792+2018012,5061-301-3-0146-0303,EXTENDED,gri,,-1,2,4,2,,,,,,,19.413,0.057,17.51,0.006,16.505,0.005,15.996,0.005,15.586,0.011,15.357,0.069,14.527,0.086,14.155,0.075,,,,,,,,,,,,,,,,,,,,,,,,,,,
2750,2750,2750,212002779,08 32 25.483,+20 18 01.76,1,17.542,,,,08322548+2018017,5037-301-6-0106-0364,EXTENDED,gri,,0,3,6,3,,,,,,,20.634,0.08,18.575,0.008,17.532,0.006,17.099,0.006,16.715,0.012,15.952,0.105,15.174,0.095,14.607,0.085,,,,,,,,,,,,,,,,,,,,,,,,,,,
2751,2751,2751,212002803,08 30 03.696,+20 18 02.82,1,13.288,,1387-435-1,552-043744,08300368+2018030,,STAR,BV,plx,-1.7,1.7,-9.9,2,,,12.465,0.22,12.976,0.38,,,12.325,0.03,,,,,,,10.215,0.022,9.746,0.023,9.645,0.022,4989,152,121,2.411,0.078,0.091,-0.686,0.25,0.4,10.245,0.911,1.152,0.948,0.153,0.064,8.85E-04,2.42E-04,2.23E-04,6674,18880,18880,0.034,0.008,0.008,,,
2752,2752,2752,212002808,08 33 23.487,+20 18 03.27,1,18.674,,,,08332348+2018032,5037-301-6-0107-0439,STAR,gri,rpm,-33,5,-13,5,,,,,,,24.073,0.614,20.978,0.028,19.49,0.014,17.686,0.007,16.697,0.009,15.014,0.043,14.513,0.045,14.129,0.052,3439,120,100,5.089,0.035,0.049,-0.004,0.12,0.18,0.203,0.03,0.022,0.189,0.039,0.028,21.69,4.996,4.776,183.7,37.97,26.62,0.025,0.008,0.007,,,
2753,2753,2753,212002930,09 03 36.005,+20 18 12.00,1,19.069,,,,09033600+2018119,,STAR,JHK,col,,,,,,,,,,,,,,,,,,,,,16.567,0.134,15.957,0.151,15.613,0.167,3885,587,367,4.923,0.14,0.196,-0.254,0.25,0.4,0.342,0.201,0.127,0.366,0.209,0.174,8.976,10.44,5.419,744.9,787.3,336.5,0.032,0.008,0.007,,,
2754,2754,2754,212002965,09 08 58.675,+20 18 14.26,1,15.98,,,,09085867+2018142,,STAR,J,col,,,,,,,,,,,,,,,,,,,,,14.592,0.062,14.035,0.073,13.53,0.064,3560,207,249,5.035,0.108,0.09,-0.066,0.15,0.21,0.24,0.088,0.075,0.229,0.132,0.083,15.18,13.09,6.14,188.4,93.49,72.23,0.024,0.008,0.008,,,
2755,2755,2755,212002970,08 59 51.576,+20 18 14.48,1,17.823,,,,08595157+2018144,5071-301-3-0140-0164,EXTENDED,gri,,9,3,7,3,,,,,,,20.925,0.106,18.836,0.01,17.811,0.007,17.389,0.007,17.038,0.015,16.148,0.09,15.596,0.117,15.186,0.111,,,,,,,,,,,,,,,,,,,,,,,,,,,
2756,2756,2756,212003014,08 57 41.100,+20 18 17.01,1,17.819,,,,08574110+2018170,5061-301-4-0139-0205,STAR,gri,rpm,84,3,-103,3,,,,,,,21.739,0.125,19.008,0.009,17.806,0.007,17.309,0.006,17.048,0.012,15.91,0.075,15.481,0.096,15.233,0.149,4065,79,79,5.041,0.04,0.048,-0.868,0.12,0.18,0.26,0.032,0.039,0.276,0.039,0.054,14.68,4.628,2.609,271,72.7,65.62,0.026,0.004,0.005,,,
2757,2757,2757,212003056,08 30 59.278,+20 18 19.75,1,12.199,,,552-043773,08305927+2018195,,STAR,BV,rpm,0.6,1.2,-1.6,1.3,,,12.936,0.041,12.315,0.03,,,12.611,0.031,,,,,,,11.243,0.023,10.95,0.021,10.869,0.018,5994,189,236,4.092,0.276,0.23,-0.049,0.16,0.2,1.511,0.594,0.426,1.149,0.196,0.14,0.272,0.473,0.154,512,201.3,144.5,0.033,0.016,0.006,,,
2758,2758,2758,212003129,08 55 05.095,+20 18 24.54,1,16.843,,,,08550509+2018245,5071-301-4-0133-0257,EXTENDED,gri,,0,2,1,2,,,,,,,19.186,0.048,17.721,0.007,16.887,0.005,16.467,0.005,16.162,0.014,16.138,0.116,15.488,0.124,15.164,0.155,,,,,,,,,,,,,,,,,,,,,,,,,,,
2759,2759,2759,212003142,09 11 03.507,+20 18 25.60,1,12.851,,,552-045296,09110350+2018257,,STAR,gri,rpm,-3.6,1.6,-25.6,2,,,13.771,0.07,13.037,0.05,,,13.335,0.03,12.821,0.01,12.644,0.01,,,11.757,0.021,11.411,0.024,11.392,0.021,5667,114,114,4.46,0.07,0.084,-0.24,0.25,0.35,0.915,0.133,0.116,0.902,0.087,0.087,1.085,0.379,0.327,374.4,74.9,52.78,0.032,0.005,0.007,,,
2760,2760,2760,212003224,08 55 26.638,+20 18 30.48,1,13.761,,,552-044739,08552663+2018305,,STAR,gri,lam,14.8,1.6,-16.8,1.9,,,14.734,0.04,13.954,0.01,,,14.367,0.01,13.748,0.04,13.501,0.04,,,12.58,0.02,12.122,0.023,12.075,0.018,5293,158,158,4.576,0.025,0.035,-0.257,0.12,0.15,0.767,0.053,0.041,0.811,0.064,0.046,1.752,0.214,0.226,411.3,43.02,32.72,0.032,0.01,0.008,,,
2761,2761,2761,212003241,08 26 16.997,+20 18 31.30,1,11.33,,1387-617-1,552-043565,08261701+2018313,,STAR,BV,plx,-21.8,1.8,-6.3,2,,,12.613,0.323,11.525,0.152,,,12.104,0.03,,,,,,,9.991,0.021,9.55,0.022,9.454,0.02,5067,154,123,3.357,0.205,0.328,-0.519,0.42,0.49,3.463,1.195,0.661,1.033,0.297,0.186,0.024,0.023,0.016,575.5,139.2,139.2,0.033,0.01,0.007,,,
2762,2762,2762,212003251,09 09 28.663,+20 18 32.00,1,12.217,,,552-045228,09092867+2018320,,STAR,gri,rpm,18.1,1.9,-60.4,1.3,,,13.08,0.04,12.334,0.04,,,12.744,0.07,12.185,0.03,11.991,0.05,,,11.142,0.023,10.838,0.031,10.768,0.022,5678,170,170,4.471,0.075,0.12,-0.326,0.3,0.48,0.893,0.152,0.13,0.869,0.107,0.125,1.2,0.475,0.396,280.1,156.9,86.76,0.029,0.006,0.007,,,
2763,2763,2763,212003275,08 59 09.742,+20 18 32.73,1,15.38,,,552-044846,08590974+2018326,5061-301-4-0141-0259,STAR,BV,rpm,-21.2,4.6,-1.1,4.9,,,17.07,0.09,15.66,0.057,,,,,,,,,,,12.563,0.023,11.915,0.021,11.728,0.02,3962,281,117,4.829,0.042,0.084,-0.025,0.18,0.15,0.448,0.088,0.041,0.508,0.101,0.055,5.357,1.054,1.617,162.9,50.36,16.64,0.022,0.01,0.005,,,
2764,2764,2764,212003277,08 33 53.838,+20 18 32.75,1,11.247,,,552-043897,,,STAR,BV,,-18.5,11.2,-19.5,9.5,,,12.56,0.041,11.448,0.03,,,12.002,0.03,,,,,,,,,,,,,,,,,,,,,,,,,,,,,,,,,,,,,,,
2765,2765,2765,212003379,08 58 28.744,+20 18 38.28,1,16.792,,,,08582874+2018382,5061-301-4-0140-0193,EXTENDED,gri,,-13,2,5,2,,,,,,,19.957,0.082,17.867,0.007,16.788,0.005,16.331,0.005,15.976,0.013,15.826,0.09,15.091,0.1,14.634,0.086,,,,,,,,,,,,,,,,,,,,,,,,,,,
2766,2766,2766,212003392,08 32 28.278,+20 18 39.12,1,16.5,,,,08322827+2018391,,STAR,J,col,,,,,,,,,,,,,,,,,,,,,15.074,0.087,14.358,0.084,13.965,0.078,3846,398,331,4.914,0.14,0.168,-0.141,0.2,0.28,0.347,0.158,0.126,0.379,0.18,0.18,8.123,8.848,4.235,380.9,257.1,175.8,0.03,0.011,0.008,,,
2767,2767,2767,212003399,09 04 56.843,+20 18 39.61,1,11.477,,,552-045059,09045682+2018396,,STAR,gri,rpm,2.6,1.6,2.2,1.7,,,12.877,0.03,11.766,0.05,,,12.326,0.07,11.431,0.07,11.113,0.11,,,9.889,0.022,9.343,0.022,9.237,0.021,4733,94,94,2.447,0.32,0.096,-0.204,0.16,0.2,11.055,0.736,3.25,1.203,0.249,0.178,9.26E-04,0.002,2.14E-04,1418,109.8,416.9,0.034,0.01,0.007,,,
2768,2768,2768,212003402,09 07 00.908,+20 18 40.00,1,14.406,,,552-045138,09070090+2018402,,STAR,JHK,col,,,,,,,,,,,,,,,,,,,,,13.084,0.026,12.663,0.031,12.581,0.021,5316,208,208,4.537,0.055,0.814,-0.281,0.25,0.5,0.813,1.357,0.092,0.866,0.075,0.105,1.476,0.404,1.395,576.6,952,89.22,0.032,0.01,0.007,,,
2769,2769,2769,212003408,08 34 48.720,+20 18 40.47,1,18.692,,,,08344871+2018404,,STAR,JHK,col,,,,,,,,,,,,,,,,,,,,,16.412,0.109,15.984,0.148,15.545,0.137,3794,902,347,4.95,0.13,0.286,-0.254,0.25,0.45,0.298,0.257,0.107,0.342,0.288,0.16,9.718,10.59,7.138,646.4,843.3,290.4,0.032,0.008,0.007,,,
2770,2770,2770,212003422,08 27 22.305,+20 18 41.39,1,15.908,,,,08272230+2018413,6728-301-1-0118-0101,EXTENDED,gri,,-5,2,2,2,,,,,,,18.863,0.035,16.963,0.005,15.889,0.003,15.456,0.003,15.07,0.005,14.646,0.053,13.946,0.065,13.489,0.056,,,,,,,,,,,,,,,,,,,,,,,,,,,
2771,2771,2771,212003484,09 03 41.878,+20 18 46.05,1,14.369,,,552-045008,09034187+2018460,5061-301-3-0148-0034,STAR,gri,rpm,-5.2,1.5,23.1,3.6,,,15.58,0.02,14.711,0.05,,,15.135,0.04,14.387,0.08,14.042,0.072,,,13.037,0.023,12.517,0.022,12.443,0.023,4929,117,117,4.61,0.036,0.03,-0.151,0.18,0.33,0.712,0.051,0.057,0.771,0.053,0.075,2.069,0.373,0.267,430.8,38.31,48.43,0.029,0.008,0.005,,,
2772,2772,2772,212003508,08 52 38.703,+20 18 47.47,1,17.851,,,,08523870+2018474,5037-301-1-0135-0174,EXTENDED,gri,,-3,3,-4,3,,,,,,,21.088,0.12,19.044,0.013,17.817,0.008,17.339,0.008,16.962,0.017,16.153,0.089,15.429,0.102,14.958,0.106,,,,,,,,,,,,,,,,,,,,,,,,,,,
2773,2773,2773,212003518,09 04 58.805,+20 18 48.02,1,17.366,,,,09045880+2018480,5071-301-2-0147-0077,EXTENDED,gri,,1,2,-2,2,,,,,,,19.2,0.039,17.95,0.007,17.434,0.007,17.116,0.007,16.951,0.019,16.674,0.143,16.052,0.154,,,,,,,,,,,,,,,,,,,,,,,,,,,,,
2774,2774,2774,212003539,08 26 30.339,+20 18 49.22,1,13.552,,,552-043574,08263034+2018493,,STAR,BV,rpm,2.5,2.4,3.8,2.9,,,14.634,0.03,13.762,0.034,,,14.201,0.035,,,,,,,12.199,0.021,11.763,0.023,11.66,0.018,5166,157,125,3.373,0.945,0.945,-0.464,0.42,0.56,2.611,5.761,1.797,0.914,0.261,0.054,0.034,0.93,0.033,1113,1673,759.7,0.034,0.008,0.007,,,
2775,2775,2775,212003549,08 51 11.273,+20 18 49.84,1,9.479,,1399-289-1,552-044581,08511127+2018497,,STAR,gri,plx,0.8,1.1,-4,1,,,9.118,0.022,8.946,0.02,,,10.178,0.1,9.655,0.05,9.18,0.04,,,8.648,0.026,8.636,0.018,8.621,0.017,7421,312,223,3.785,0.085,0.119,0.042,0.12,0.12,2.992,0.501,0.372,2.02,0.155,0.129,0.073,0.026,0.026,386.5,52.87,52.87,0.03,0.01,0.006,,,
2776,2776,2776,212003556,08 55 53.692,+20 18 50.01,1,15.42,,,,08555369+2018500,5071-301-4-0134-0223,EXTENDED,gri,,1,2,4,2,,,,,,,17.83,0.026,16.214,0.004,15.453,0.003,15.079,0.003,14.794,0.008,15.395,0.092,14.698,0.118,14.482,0.113,,,,,,,,,,,,,,,,,,,,,,,,,,,
2777,2777,2777,212003607,09 04 49.847,+20 18 52.67,1,14.171,,,552-045053,09044982+2018527,5071-301-2-0147-0054,STAR,gri,rpm,3.5,1.8,-4.8,2.7,,,15.408,0.06,14.459,0.04,,,14.948,0.08,14.094,0.07,13.838,0.12,,,12.69,0.022,12.173,0.022,12.118,0.019,4934,98,78,3.394,1.21,0.66,-0.306,0.3,0.42,3.309,2.904,2.624,0.936,0.218,0.121,0.022,1.388,0.019,1768,1228,1405,0.032,0.009,0.005,,,
2778,2778,2778,212003611,08 30 02.873,+20 18 52.86,1,12.066,,,552-043743,08300287+2018528,,STAR,BV,rpm,4.6,0.7,-12.9,1.7,,,12.708,0.041,12.156,0.03,,,12.422,0.03,,,,,,,11.062,0.022,10.75,0.023,10.718,0.018,5984,140,176,4.189,0.23,0.276,-0.102,0.2,0.28,1.294,0.559,0.335,1.068,0.151,0.126,0.372,0.461,0.231,400,185.7,108.9,0.03,0.01,0.008,,,
2779,2779,2779,212003656,08 50 46.605,+20 18 55.37,1,15.317,,,552-044564,08504661+2018554,,STAR,gri,rpm,-3.3,2.9,-2.9,3,,,16.608,0.084,15.669,0.057,,,16.026,0.04,15.311,0.03,15.014,0.093,,,13.813,0.026,13.286,0.027,13.209,0.029,4996,98,98,3.567,1.022,0.876,-0.478,0.35,0.42,2.557,4.433,1.991,0.836,0.106,0.088,0.052,1.697,0.05,2014,3181,1444,0.035,0.01,0.008,,,
2780,2780,2780,212003661,08 33 42.419,+20 18 55.89,1,12.778,,,552-043889,08334242+2018558,,STAR,BV,rpm,-1.9,1.4,5.4,1.6,,,13.871,0.02,12.991,0.032,,,13.432,0.032,,,,,,,11.552,0.022,11.219,0.023,11.053,0.019,5653,271,169,3.83,0.58,0.12,-0.087,0.2,0.28,2.158,0.454,1.153,1.226,0.104,0.27,0.111,0.832,0.04,777.8,140.3,409,0.035,0.011,0.008,,,
2781,2781,2781,212003671,08 28 41.223,+20 18 56.30,1,17.514,,,,08284122+2018563,,STAR,JHK,col,,,,,,,,,,,,,,,,,,,,,15.124,0.041,14.543,0.054,14.22,0.052,3609,264,220,5,0.105,0.105,-0.099,0.18,0.24,0.255,0.097,0.07,0.266,0.142,0.102,13.04,9.883,5.622,275.2,141.3,107.8,0.028,0.008,0.007,,,
2782,2782,2782,212003673,08 29 01.351,+20 18 56.33,1,12.581,,,552-043690,08290135+2018562,,STAR,BV,rpm,13.8,1.1,-8.2,1.4,,,13.455,0.042,12.734,0.031,,,13.068,0.031,,,,,,,11.32,0.022,10.94,0.022,10.869,0.021,5490,195,162,4.477,0.06,0.696,-0.082,0.16,0.32,0.918,1.312,0.083,0.941,0.154,0.064,1.184,0.306,1.085,305.2,414.5,44.83,0.029,0.01,0.008,,,
2783,2783,2783,212003718,08 32 35.799,+20 18 59.22,1,14.194,,,552-043837,08323580+2018591,,STAR,JHK,rpm,-7,2.7,2.3,2.7,,,,,,,,,,,,,,,,,12.779,0.03,12.389,0.027,12.217,0.021,5374,214,214,4.472,0.085,0.901,-0.181,0.25,0.5,0.927,1.747,0.139,0.918,0.12,0.08,1.134,0.449,1.085,576.5,965.3,106.8,0.033,0.008,0.006,,,
2784,2784,2784,212003737,09 11 03.472,+20 19 00.29,1,15.043,,,552-045295,09110346+2019004,5071-301-1-0156-0072,STAR,gri,rpm,-3.4,3.2,6.2,3.3,,,16.422,0.09,15.391,0.02,,,15.906,0.02,15.012,0.03,14.673,0.06,,,13.496,0.023,12.949,0.027,12.816,0.025,4781,75,113,4.625,0.03,0.025,-0.055,0.12,0.21,0.706,0.037,0.055,0.773,0.038,0.069,2.179,0.323,0.237,506.5,37.48,54.67,0.033,0.008,0.008,,,
2785,2785,2785,212003815,08 29 55.975,+20 19 04.99,1,14.03,,,552-043739,08295597+2019048,6728-301-1-0122-0045,STAR,BV,rpm,-1.7,3.5,-2.8,2.1,,,14.899,0.04,14.182,0.037,,,14.522,0.037,,,,,,,12.623,0.022,12.17,0.023,12.077,0.018,5147,123,153,3.484,0.978,0.815,-0.496,0.4,0.56,2.55,3.225,1.738,0.911,0.212,0.059,0.041,0.991,0.038,1441,1718,1030,0.033,0.011,0.008,,,
2786,2786,2786,212003828,08 57 36.966,+20 19 05.76,1,15.186,,,552-044806,08573696+2019060,5061-301-4-0139-0049,STAR,gri,rpm,3.6,4.5,-6.6,4.8,,,16.345,0.05,15.49,0.053,,,15.912,0.05,15.135,0.057,14.875,0.089,,,13.811,0.025,13.369,0.024,13.266,0.028,5124,102,122,4.573,0.035,0.07,-0.143,0.2,0.32,0.772,0.103,0.058,0.83,0.071,0.071,1.731,0.341,0.485,707.1,137.9,66.66,0.034,0.011,0.006,,,
2787,2787,2787,212003875,09 03 23.293,+20 19 08.87,1,17.081,,,,09032329+2019088,5061-301-3-0147-0250,STAR,gri,col,,,,,,,,,,,21.932,0.13,19.127,0.01,17.713,0.006,16.204,0.005,15.407,0.006,13.943,0.025,13.354,0.024,13.136,0.026,3630,108,86,5.005,0.042,0.035,-0.067,0.15,0.18,0.27,0.034,0.036,0.274,0.054,0.045,13.33,3.764,2.495,163.9,26.47,26.95,0.022,0.007,0.005,,,
2788,2788,2788,212003882,08 51 29.158,+20 19 09.44,1,13.433,,,552-044598,08512915+2019094,,STAR,gri,rpm,35.1,2.3,-103.6,2.4,,,15.439,0.02,14.073,0.01,,,14.844,0.02,13.495,0.06,12.829,0.02,,,11.227,0.022,10.592,0.021,10.411,0.018,3841,61,46,4.892,0.064,0.04,-0.127,0.24,0.15,0.38,0.045,0.046,0.426,0.049,0.059,7.479,2.38,1.4,93.08,42.08,28.98,0.014,0.005,0.003,,,
2789,2789,2789,212003891,09 06 54.830,+20 19 10.05,1,11.926,,,552-045134,09065482+2019102,,STAR,gri,rpm,1.7,2.2,-5.2,2.6,,,13.179,0.04,12.17,0.05,,,12.706,0.08,11.86,0.09,11.592,0.08,,,10.494,0.024,9.982,0.027,9.881,0.021,4852,116,116,2.693,0.624,0.39,-0.343,0.25,0.3,7.253,3.929,3.625,1.14,0.159,0.159,0.003,0.018,0.002,1264,635.8,549.5,0.034,0.01,0.007,,,
2790,2790,2790,212003940,09 02 17.453,+20 19 13.43,1,14.886,,,552-044951,09021745+2019135,5061-301-3-0146-0120,STAR,gri,rpm,-1.6,4.5,-7,4.9,,,16.039,0.08,15.186,0.1,,,15.576,0.046,14.873,0.054,14.59,0.082,,,13.628,0.026,13.178,0.022,13.103,0.026,5140,124,124,4.565,0.04,1.032,-0.235,0.25,0.4,0.786,1.986,0.066,0.844,0.076,0.076,1.661,0.383,1.62,672.2,1595,70.34,0.033,0.008,0.006,,,
2791,2791,2791,212003965,09 02 25.488,+20 19 14.56,1,15.859,,,552-044957,09022549+2019146,5061-301-3-0146-0300,STAR,BV,rpm,-0.9,5,-16.7,5,,,17.423,0.12,16.113,0.068,,,,,,,,,,,13.122,0.025,12.457,0.024,12.213,0.023,3879,179,179,4.885,0.084,0.084,-0.058,0.12,0.21,0.39,0.077,0.087,0.437,0.091,0.109,6.891,3.539,2.013,176.2,44.6,41.79,0.023,0.005,0.007,,,
2792,2792,2792,212003986,08 30 01.027,+20 19 15.66,1,10.526,,,552-043742,08300102+2019155,,STAR,BV,rpm,-8.7,1.1,-3.5,0.8,,,11.632,0.04,10.684,0.03,,,11.206,0.03,,,,,,,8.862,0.024,8.371,0.017,8.271,0.021,4889,98,98,2.484,0.396,0.108,-0.293,0.25,0.3,10.388,0.898,3.034,1.227,0.753,0.266,0.001,0.002,2.50E-04,869.3,77.74,215.9,0.033,0.008,0.007,,,
2793,2793,2793,212004037,08 35 39.145,+20 19 19.29,1,17.779,,,,08353914+2019192,,STAR,J,col,,,,,,,,,,,,,,,,,,,,,16.263,0.121,15.626,0.116,15.062,0.11,3652,399,285,5.004,0.115,0.161,-0.179,0.2,0.28,0.27,0.168,0.089,0.275,0.193,0.121,12.11,11.78,6.75,482.6,433.6,199.7,0.031,0.01,0.007,,,
2794,2794,2794,212004081,08 51 40.582,+20 19 21.93,1,15.125,,,552-044607,08514058+2019218,,STAR,gri,rpm,10.5,3,7.4,3,,,16.66,0.22,15.787,0.2,,,16.301,0.08,15.076,0.02,14.621,0.083,,,13.18,0.02,12.563,0.023,12.406,0.023,4160,146,146,4.815,0.075,0.09,-0.232,0.25,0.3,0.464,0.097,0.081,0.52,0.118,0.074,5.128,1.951,1.863,234.1,67.9,38.94,0.028,0.006,0.005,,,
2795,2795,2795,212004113,08 29 43.231,+20 19 24.20,1,15.562,,,552-043724,08294323+2019240,6728-301-1-0121-0238,STAR,JHK,rpm,-1.4,3,1.8,4.1,,,,,,,,,,,,,,,,,13.982,0.023,13.453,0.025,13.341,0.033,4886,116,146,4.608,0.048,1.368,-0.215,0.25,0.4,0.723,3.245,0.081,0.776,0.107,0.089,2.001,0.53,1.986,662.5,2623,86.81,0.034,0.008,0.007,,,
2796,2796,2796,212004186,08 52 38.882,+20 19 28.57,1,17.489,,,,08523888+2019285,,STAR,J,col,,,,,,,,,,,,,,,,,,,,,15.994,0.079,15.249,0.086,14.912,0.108,3908,368,368,4.876,0.162,0.135,-0.208,0.24,0.28,0.368,0.133,0.129,0.421,0.153,0.183,6.96,9.659,3.222,669.9,353.4,299.7,0.032,0.008,0.007,,,
2797,2797,2797,212004316,09 10 01.115,+20 19 35.73,1,13.892,,,552-045253,09100111+2019356,,STAR,gri,rpm,1.6,2.6,-10.7,2.9,,,15.184,0.04,14.11,0.03,,,14.708,0.08,13.813,0.02,13.543,0.11,,,12.4,0.022,11.916,0.027,11.786,0.023,4999,89,149,4.626,0.097,1.261,-0.061,0.16,0.28,0.731,2.541,0.131,0.826,0.272,0.074,2.11,0.876,2.285,338.4,1183,62.52,0.033,0.008,0.007,,,
2798,2798,2798,212004394,08 35 09.040,+20 19 41.97,1,16.225,,,,08350903+2019419,5045-301-5-0121-0241,STAR,gri,rpm,-41,3,-1,3,,,,,,,20.67,0.066,18.079,0.006,16.644,0.004,15.431,0.004,14.795,0.004,13.464,0.025,12.811,0.027,12.588,0.019,3590,127,42,5.016,0.048,0.03,-0.072,0.12,0.15,0.267,0.024,0.04,0.27,0.035,0.047,14.01,4.5,1.975,129.4,12.48,21.77,0.018,0.005,0.002,,,
2799,2799,2799,212004429,08 53 35.360,+20 19 43.72,1,13.277,,,552-044676,08533535+2019436,,STAR,gri,lam,1.7,1.8,-8.7,1.7,,,14.654,0.01,13.597,0.01,,,14.123,0.02,13.259,0.05,12.915,0.04,,,11.624,0.02,11.083,0.024,10.886,0.017,4679,56,56,1.873,0.126,0.108,-1.003,0.16,0.06,17.705,2.289,2.341,0.891,0.018,0.018,1.53E-04,8.70E-05,4.89E-05,5131,153.9,364.5,0.036,0.007,0.01,,,
2800,2800,2800,212004449,08 28 58.619,+20 19 44.75,1,16.58,,,,08285861+2019447,,STAR,JHK,col,,,,,,,,,,,,,,,,,,,,,14.768,0.036,14.2,0.039,14.043,0.047,3979,676,338,4.858,0.15,0.2,-0.227,0.25,0.35,0.402,0.217,0.141,0.438,0.254,0.159,6.565,5.945,4.225,403.7,365.5,171.4,0.031,0.008,0.008,,,
2801,2801,2801,212004452,09 02 21.229,+20 19 44.85,1,17.78,,,,09022122+2019448,5061-301-3-0146-0285,STAR,gri,rpm,7,3,-47,3,,,,,,,20.315,0.043,18.479,0.007,17.773,0.006,17.48,0.007,17.317,0.014,16.329,0.094,15.838,0.122,15.79,0.183,4899,76,76,4.81,0.028,0.02,-1.804,0.25,0.75,0.479,0.01,0.027,0.542,0.016,0.025,4.899,0.661,0.294,1256,172.8,47.66,0.034,0.018,0.005,,,
2802,2802,2802,212004490,09 09 20.002,+20 19 46.82,1,15.891,,,,09092000+2019468,5071-301-1-0154-0171,EXTENDED,gri,,12,1,8,1,,,,,,,18.936,0.047,16.994,0.006,15.956,0.004,15.419,0.004,15.002,0.007,15.04,0.099,14.323,0.112,13.75,0.098,,,,,,,,,,,,,,,,,,,,,,,,,,,
2803,2803,2803,212004509,09 04 06.501,+20 19 48.30,1,17.498,,,,09040650+2019482,5061-301-3-0149-0161,STAR,gri,rpm,10,3,-30,3,,,,,,,19.736,0.03,18.145,0.006,17.467,0.006,17.221,0.006,17.064,0.012,16.069,0.09,15.541,0.119,15.593,0.171,5047,119,79,4.701,0.03,0.06,-1.063,0.3,0.25,0.583,0.059,0.03,0.627,0.044,0.024,3.132,0.382,0.644,1433,189.8,86.4,0.034,0.016,0.006,,,
2804,2804,2804,212004580,09 12 23.832,+20 19 52.78,1,12.742,,,552-045337,09122383+2019528,,STAR,gri,rpm,0,1.8,-9.6,1.8,,,13.382,0.05,12.872,0.03,,,13.054,0.03,12.739,0.01,12.608,0.01,,,11.842,0.022,11.631,0.022,11.583,0.02,6327,75,101,4.183,0.132,0.154,-0.204,0.16,0.36,1.383,0.4,0.203,1.144,0.153,0.184,0.394,0.196,0.187,641.9,201.2,100.6,0.033,0.008,0.005,,,
2805,2805,2805,212004664,09 08 40.562,+20 19 57.10,1,18.272,,,,09084056+2019570,,STAR,J,,,,,,,,,,,,,,,,,,,,,,16.717,0.137,16.135,0.194,,,,,,,,,,,,,,,,,,,,,,,,,,,,,
2806,2806,2806,212004700,08 56 58.578,+20 19 59.67,1,12.916,,,552-044788,08565858+2019595,,STAR,gri,lam,-5.7,1.7,4.7,2.3,,,13.999,0.03,13.081,0.01,,,13.586,0.05,12.828,0.04,12.63,0.03,,,11.537,0.023,11.09,0.022,10.974,0.02,4988,79,59,3.415,0.16,0.12,-0.292,0.09,0.15,3.37,0.553,0.562,1.105,0.169,0.121,0.028,0.018,0.01,1041,187.7,134.3,0.032,0.011,0.006,,,
2807,2807,2807,212004703,08 29 11.879,+20 19 59.88,1,14.131,,,552-043704,08291187+2019597,,STAR,BV,rpm,29.7,2.2,-11.6,3.2,,,15.527,0.06,14.35,0.038,,,15.015,0.04,,,,,,,11.995,0.022,11.373,0.022,11.252,0.022,4398,181,326,4.702,0.1,0.05,-0.061,0.16,0.24,0.589,0.058,0.101,0.647,0.072,0.115,3.097,1.689,0.665,192.6,32.24,54.87,0.023,0.007,0.005,,,
2808,2808,2808,212004722,08 27 43.926,+20 20 01.05,1,17.182,,,,08274392+2020010,6728-301-1-0119-0183,EXTENDED,gri,,-5,2,2,2,,,,,,,18.686,0.03,17.686,0.007,17.257,0.007,16.966,0.007,16.832,0.019,16.722,0.146,16.11,0.207,15.765,0.202,,,,,,,,,,,,,,,,,,,,,,,,,,,
2809,2809,2809,212004727,08 28 29.694,+20 20 01.27,1,18.448,,,,08282969+2020012,4569-301-3-0104-0384,STAR,gri,rpm,29,4,-101,4,,,,,,,22.425,0.242,20.372,0.022,18.96,0.011,17.623,0.007,16.898,0.011,15.572,0.055,15.006,0.073,14.89,0.103,3215,32,32,5.146,0.02,0.02,0.054,0.05,0.08,0.169,0.003,0.004,0.145,0.003,0.003,30.26,1.816,1.816,168.2,5.047,5.047,0.022,0.001,0.002,,,
2810,2810,2810,212004748,08 27 43.303,+20 20 02.71,1,17.542,,,,08274330+2020027,6728-301-1-0119-0182,STAR,gri,rpm,-32,3,-8,3,,,,,,,22.681,0.346,19.374,0.012,17.898,0.006,16.757,0.005,16.151,0.007,14.868,0.034,14.268,0.052,14.002,0.043,3333,33,33,5.122,0.02,0.02,0.027,0.1,0.06,0.184,0.007,0.006,0.163,0.009,0.005,26.24,1.574,1.751,146.7,8.909,4.402,0.019,0.004,0.005,,,
2811,2811,2811,212004773,08 56 24.977,+20 20 03.88,1,12.698,,,552-044764,08562498+2020038,,STAR,gri,lam,-18.4,1.3,3.1,1.5,,,13.36,0.04,12.768,0.031,,,13.078,0.04,12.65,0.03,12.535,0.04,,,11.703,0.022,11.425,0.023,11.373,0.02,6045,95,119,4.153,0.162,0.135,-0.425,0.15,0.15,1.327,0.25,0.248,0.955,0.077,0.064,0.383,0.311,0.149,555.4,91.16,106.5,0.033,0.013,0.008,,,
2812,2812,2812,212004790,09 06 45.784,+20 20 04.95,1,9.609,,1407-121-1,552-045127,09064578+2020049,,STAR,gri,plx,-49.9,1.2,-80.1,1.2,,,10.379,0.046,9.773,0.039,,,10.386,0.19,9.811,0.21,9.275,0.08,,,8.372,0.02,7.936,0.026,7.909,0.021,5305,103,103,4.547,0.02,0.02,-0.027,0.15,0.12,0.834,0.021,0.025,0.899,0.028,0.041,1.528,0.109,0.092,66.78,2.004,2.004,0.01,0.004,0.002,,,
2813,2813,2813,212004804,08 52 39.504,+20 20 05.96,1,17.781,,,,08523950+2020059,,STAR,J,col,,,,,,,,,,,,,,,,,,,,,16.265,0.095,15.398,0.124,15.02,0.121,3920,350,350,4.876,0.162,0.135,-0.208,0.2,0.32,0.383,0.137,0.148,0.416,0.15,0.18,7.229,9.757,3.302,740.8,393.4,332.8,0.032,0.01,0.007,,,
2814,2814,2814,212004853,09 02 11.848,+20 20 08.59,1,17.692,,,,09021184+2020085,5061-301-3-0146-0255,EXTENDED,gri,,6,3,-2,3,,,,,,,20.523,0.074,18.561,0.008,17.717,0.006,17.32,0.007,17.016,0.017,16.136,0.094,15.438,0.106,15.069,0.136,,,,,,,,,,,,,,,,,,,,,,,,,,,
2815,2815,2815,212004855,09 06 27.259,+20 20 08.75,1,18.138,,,,09062725+2020087,5071-301-2-0150-0333,EXTENDED,gri,,2,3,5,3,,,,,,,21.949,0.279,19.588,0.018,18.072,0.009,17.517,0.008,17.104,0.016,16.202,0.108,15.494,0.128,14.851,0.11,,,,,,,,,,,,,,,,,,,,,,,,,,,
2816,2816,2816,212004931,09 02 41.306,+20 20 12.91,1,13.557,,,552-044975,09024130+2020128,,STAR,gri,rpm,4,4,20,1,,,14.526,0.03,13.813,0.02,,,14.164,0.035,13.637,0.044,13.297,0.1,,,12.303,0.027,11.863,0.029,11.791,0.023,5387,160,128,4.49,0.078,0.962,-0.443,0.3,0.54,0.881,1.738,0.124,0.867,0.071,0.071,1.251,0.417,1.204,441.5,797.1,77.65,0.032,0.006,0.005,,,
2817,2817,2817,212005027,09 05 02.515,+20 20 18.51,1,14.402,,,552-045064,09050251+2020185,5071-301-2-0148-0022,STAR,gri,rpm,8.7,1.7,-4.3,2.1,,,15.631,0.03,14.678,0.03,,,15.172,0.11,14.369,0.1,14.072,0.07,,,12.998,0.025,12.481,0.027,12.425,0.021,4931,118,118,4.582,0.04,1.408,-0.22,0.25,0.4,0.77,3.499,0.081,0.836,0.123,0.092,1.771,0.438,1.759,468.1,1987,61.34,0.031,0.008,0.007,,,
2818,2818,2818,212005061,09 11 10.634,+20 20 20.84,1,11.505,,1407-39-1,552-045302,09111058+2020202,,STAR,gri,col,,,,,,,13.154,0.327,11.966,0.159,,,12.526,0.02,11.424,0.01,11.068,0.06,,,9.798,0.024,9.216,0.022,9.097,0.02,4414,85,102,2.72,2.04,0.476,0.06,0.15,0.57,7.533,5.54,7.055,0.784,0.542,0.226,0.002,4.245,0.002,919.3,625.4,864.3,0.022,0.019,0.016,,,
2819,2819,2819,212005065,09 05 21.539,+20 20 21.12,1,14.271,,,552-045074,09052153+2020211,5071-301-2-0148-0050,STAR,BV,rpm,4.9,14.1,25,16,,,15.425,0.06,14.501,0.04,,,14.951,0.04,,,,,,,13.202,0.025,12.738,0.027,12.609,0.024,5088,148,148,4.582,0.045,0.927,-0.282,0.25,0.45,0.766,1.808,0.093,0.815,0.093,0.093,1.787,0.437,1.726,525,1197,67.74,0.033,0.01,0.007,,,
2820,2820,2820,212005109,08 35 07.891,+20 20 23.21,1,16.426,,,,08350789+2020232,5045-301-5-0121-0246,STAR,gri,rpm,-33,3,-11,3,,,,,,,20.938,0.08,18.295,0.007,16.891,0.004,15.625,0.004,14.968,0.005,13.596,0.027,12.978,0.029,12.746,0.02,3660,85,107,4.992,0.048,0.03,-0.042,0.15,0.18,0.29,0.03,0.044,0.309,0.04,0.056,12.17,4.247,1.692,150.8,20.35,27.65,0.021,0.006,0.004,,,
2821,2821,2821,212005131,08 27 57.334,+20 20 24.91,1,14.268,,,552-043641,08275733+2020250,4569-301-3-0104-0209,STAR,JHK,rpm,-1.3,4.5,-46.9,5,,,,,,,,,,,,,,,,,12.133,0.022,11.544,0.022,11.31,0.022,3677,115,144,4.994,0.035,0.077,-0.024,0.12,0.15,0.289,0.071,0.042,0.294,0.102,0.051,12.63,2.908,4.285,76.34,24.67,14.46,0.011,0.006,0.002,,,
2822,2822,2822,212005141,08 51 36.582,+20 20 25.85,1,13.284,,,552-044605,08513658+2020257,,STAR,gri,rpm,0.9,1.6,-3.1,1.6,,,14.42,0.04,13.532,0.01,,,13.949,0.02,13.26,0.03,12.999,0.02,,,11.828,0.02,11.358,0.023,11.244,0.018,5024,82,61,2.901,0.522,0.609,-0.658,0.25,0.3,5.198,5.064,2.297,0.95,0.164,0.063,0.006,0.026,0.005,1777,1788,722.8,0.035,0.011,0.006,,,
2823,2823,2823,212005216,08 34 03.146,+20 20 30.55,1,16.815,,,,08340314+2020305,5037-301-6-0108-0402,STAR,gri,rpm,-35,3,-16,3,,,,,,,21.339,0.086,18.777,0.008,17.315,0.005,15.974,0.005,15.258,0.005,13.883,0.023,13.281,0.03,12.968,0.026,3506,124,103,5.062,0.05,0.05,-0.054,0.15,0.24,0.217,0.044,0.027,0.211,0.051,0.038,18.24,5.477,4.212,122.7,28.26,19.46,0.019,0.006,0.004,,,
2824,2824,2824,212005243,09 03 26.739,+20 20 31.67,1,13.833,,,552-045000,09032673+2020316,,STAR,gri,rpm,-0.2,2.8,0.8,2.7,,,14.931,0.01,14.076,0.04,,,14.459,0.03,13.813,0.08,13.565,0.03,,,12.62,0.023,12.204,0.022,12.12,0.021,5246,157,126,3.668,0.9,0.75,-0.281,0.25,0.7,2.129,2.382,1.385,0.915,0.241,0.045,0.063,1.118,0.058,1178,1260,752.5,0.032,0.009,0.009,,,
2825,2825,2825,212005281,08 51 16.034,+20 20 34.34,1,13.264,,,552-044585,08511603+2020342,,STAR,gri,lam,-0.9,1.8,-3.7,1.8,,,14.416,0.01,13.495,0.01,,,13.923,0.01,13.218,0.05,12.981,0.03,,,11.802,0.02,11.279,0.021,11.203,0.017,4914,142,171,2.402,0.084,0.072,-0.632,0.12,0.15,10.102,0.903,0.829,0.942,0.027,0.038,9.06E-04,2.86E-04,1.90E-04,3227,327.7,344.3,0.035,0.011,0.007,,,
2826,2826,2826,212005309,08 30 29.818,+20 20 35.90,1,14.587,,,552-043757,08302982+2020357,,STAR,BV,rpm,37.6,3.8,-36.8,3.9,,,16.528,0.16,14.92,0.044,,,15.934,0.05,,,,,,,11.874,0.023,11.268,0.021,11.074,0.02,3794,133,111,4.911,0.063,0.045,-0.024,0.1,0.18,0.362,0.043,0.06,0.395,0.054,0.076,8.212,2.943,1.613,88.47,20.07,16.36,0.013,0.004,0.003,,,
2827,2827,2827,212005315,08 33 53.192,+20 20 36.15,1,13.437,,,552-043896,08335320+2020361,,STAR,BV,rpm,-20.9,1.7,-6.8,2.7,,,14.631,0.03,13.613,0.034,,,14.098,0.034,,,,,,,11.989,0.023,11.561,0.023,11.456,0.021,5235,188,157,4.555,0.04,0.712,-0.057,0.12,0.42,0.811,1.18,0.054,0.868,0.071,0.051,1.584,0.299,1.457,332.3,510.5,40.47,0.031,0.008,0.007,,,
2828,2828,2828,212005316,08 59 31.766,+20 20 36.23,1,15.337,,,552-044856,08593177+2020362,5061-301-4-0142-0079,STAR,JHK,col,,,,,,,,,,,,,,,,,,,,,13.215,0.022,12.629,0.024,12.396,0.021,3620,143,171,5.012,0.084,0.07,-0.056,0.16,0.2,0.267,0.068,0.073,0.266,0.102,0.102,13.87,9.74,4.384,113,38.72,38.19,0.017,0.007,0.005,,,
2829,2829,2829,212005324,08 53 40.458,+20 20 36.60,1,15.156,,,552-044680,08534045+2020366,,STAR,BV,rpm,1.7,2.9,-32.7,3.2,,,16.75,0.06,15.416,0.052,,,,,,,,,,,12.206,0.02,11.547,0.023,11.343,0.022,4007,191,127,4.814,0.072,0.06,-0.054,0.24,0.2,0.462,0.068,0.071,0.512,0.09,0.075,5.252,1.592,1.43,145.9,31.13,25.66,0.019,0.006,0.004,,,
2830,2830,2830,212005353,08 51 19.798,+20 20 38.65,1,17.709,,,,08511979+2020386,,EXTENDED,JHK,,,,,,,,,,,,,,,,,,,,,,15.013,0.074,14.243,0.085,13.89,0.08,,,,,,,,,,,,,,,,,,,,,,,,,,,
2831,2831,2831,212005379,08 50 38.851,+20 20 39.91,1,13.29,,,552-044557,08503885+2020399,,STAR,gri,lam,-9.2,1.5,-10.1,1.7,,,14.268,0.01,13.516,0.01,,,13.853,0.01,13.289,0.02,13.049,0.02,,,12.009,0.023,11.625,0.027,11.505,0.021,5448,164,164,4.516,0.035,0.049,-0.004,0.1,0.1,0.88,0.066,0.061,0.933,0.049,0.049,1.345,0.217,0.221,380.1,39.76,35.99,0.031,0.01,0.007,,,
2832,2832,2832,212005402,08 34 26.391,+20 20 41.13,1,15.052,,,552-043917,08342639+2020413,5045-301-5-0120-0289,STAR,JHK,col,,,,,,,,,,,,,,,,,,,,,12.86,0.021,12.231,0.025,12.02,0.019,3803,147,177,4.918,0.088,0.055,-0.076,0.16,0.28,0.359,0.055,0.081,0.388,0.073,0.102,8.324,5.083,2.266,143.2,30.15,41.67,0.019,0.007,0.006,,,
2833,2833,2833,212005407,09 11 39.141,+20 20 41.66,1,11.3,,1407-36-1,552-045316,09113914+2020418,,STAR,gri,rpm,-20.8,1.5,-9.6,1.6,,,11.81,0.081,11.316,0.076,,,11.561,0.02,11.252,0.01,11.188,0.06,,,10.406,0.021,10.2,0.022,10.137,0.018,6430,131,105,4.19,0.108,0.162,-0.073,0.12,0.18,1.464,0.355,0.186,1.278,0.109,0.109,0.394,0.162,0.182,360.3,94.13,48.65,0.031,0.007,0.006,,,
2834,2834,2834,212005427,08 57 37.927,+20 20 43.11,1,17.916,,,,,5061-301-4-0139-0057,STAR,gri,,,,,,,,,,,,17.81,0.011,17.779,0.005,17.961,0.007,18.137,0.009,18.358,0.031,,,,,,,,,,,,,,,,,,,,,,,,,,,,,,,,,
2835,2835,2835,212005447,08 34 37.306,+20 20 44.64,1,19.149,,,,08343730+2020446,5045-301-5-0120-0390,STAR,gri,col,,,,,,,,,,,22.957,0.38,21.215,0.042,19.715,0.019,18.264,0.01,17.534,0.016,16.17,0.079,15.681,0.114,15.171,0.115,3133,31,31,5.164,0.02,0.02,0.062,0.12,0.08,0.159,0.003,0.003,0.136,0.003,0.003,33.53,2.012,2.012,216.6,23.65,25.33,0.025,0.005,0.006,,,
2836,2836,2836,212005451,08 54 06.145,+20 20 45.08,1,12.571,,,552-044694,08540615+2020451,,STAR,gri,rpm,-9.9,1.3,2.9,2.2,,,13.202,0.01,12.64,0.01,,,12.92,0.02,12.53,0.02,12.421,0.03,,,11.594,0.022,11.342,0.021,11.224,0.018,6112,121,97,4.113,0.198,0.165,-0.137,0.15,0.21,1.438,0.391,0.261,1.152,0.096,0.154,0.325,0.267,0.146,587.6,163.8,108.9,0.034,0.01,0.007,,,
2837,2837,2837,212005458,08 32 04.725,+20 20 45.21,1,10.187,,1398-365-1,552-043816,08320472+2020452,,STAR,BV,plx,9.3,1.5,-18.8,1.5,,,11.176,0.075,10.372,0.049,,,11.024,0.03,,,,,,,9.117,0.024,8.833,0.126,8.629,0.029,6109,869,1304,3.59,0.17,0.51,-0.053,0.15,0.33,3.51,1.38,0.773,1.648,0.277,0.601,0.037,0.038,0.028,460.8,64.82,64.82,0.032,0.01,0.007,,,
2838,2838,2838,212005512,08 27 54.789,+20 20 48.25,1,12.98,,,552-043640,08275478+2020483,,STAR,gri,rpm,-10.3,1.6,-51.6,2,,,13.778,0.02,13.146,0.032,,,13.443,0.032,12.97,0.041,12.782,0.062,,,11.819,0.022,11.449,0.023,11.407,0.023,5686,137,137,4.508,0.045,0.162,-0.577,0.3,0.25,0.838,0.253,0.081,0.812,0.105,0.075,1.344,0.38,0.707,334.7,118.9,43.18,0.031,0.013,0.006,,,
2839,2839,2839,212005529,08 56 12.424,+20 20 48.99,1,12.216,,1400-489-1,552-044761,08561241+2020488,,STAR,gri,lam,5.1,2.5,-2.8,2.7,,,12.602,0.326,12.098,0.256,,,12.494,0.03,12.153,0.01,12.097,0.04,,,11.363,0.022,11.17,0.022,11.134,0.02,6302,153,153,4.102,0.135,0.135,-0.239,0.15,0.15,1.527,0.378,0.257,1.156,0.179,0.112,0.285,0.183,0.112,584,138.5,94.88,0.032,0.01,0.007,,,
2840,2840,2840,212005554,09 10 11.122,+20 20 50.56,1,17.241,,,,09101112+2020505,,STAR,J,rpm,14,3,8,3,,,,,,,,,,,,,,,,,15.763,0.069,15.062,0.073,14.414,0.078,3577,216,180,5.021,0.08,0.096,-0.055,0.15,0.21,0.251,0.094,0.058,0.251,0.126,0.079,14.27,8.085,5.942,345,172.8,99.05,0.03,0.008,0.007,,,
2841,2841,2841,212005566,09 06 36.779,+20 20 50.80,1,11.624,,,552-045120,09063677+2020510,,STAR,gri,rpm,-8.5,2.3,-3.2,3,,,13.023,0.06,11.902,0.05,,,12.486,0.07,11.57,0.09,11.254,0.11,,,10.101,0.022,9.604,0.031,9.439,0.021,4791,112,94,2.592,0.624,0.26,-0.221,0.2,0.24,8.286,3.068,3.873,1.158,0.188,0.188,0.002,0.011,0.001,1244,391.3,556.1,0.033,0.01,0.007,,,
2842,2842,2842,212005630,09 06 15.100,+20 20 54.46,1,10.837,,1407-206-1,552-045106,09061510+2020543,,STAR,gri,rpm,-37.1,1.7,-11.9,1.8,,,12.337,0.351,10.978,0.11,,,11.5,0.08,10.797,0.09,10.553,0.13,,,9.601,0.024,9.157,0.027,9.114,0.023,5151,154,154,3.671,0.912,0.57,-0.278,0.3,0.6,2.29,1.849,1.501,0.91,0.254,0.047,0.065,1.663,0.055,306.6,215.2,200.7,0.026,0.008,0.01,,,
2843,2843,2843,212005662,09 03 29.100,+20 20 56.21,1,17.935,,,,09032910+2020562,5061-301-3-0148-0103,EXTENDED,gri,,4,3,-2,3,,,,,,,20.606,0.073,18.891,0.01,17.945,0.007,17.526,0.008,17.213,0.018,16.375,0.102,15.694,0.124,15.14,0.103,,,,,,,,,,,,,,,,,,,,,,,,,,,
2844,2844,2844,212005671,09 03 01.189,+20 20 56.55,1,18.494,,,,09030118+2020565,,STAR,JHK,col,,,,,,,,,,,,,,,,,,,,,15.965,0.082,15.26,0.101,14.992,0.119,3937,432,360,4.866,0.15,0.15,-0.208,0.2,0.32,0.396,0.152,0.145,0.437,0.159,0.191,6.802,8.355,3.313,702.9,408.6,332.8,0.032,0.008,0.007,,,
2845,2845,2845,212005674,08 32 30.980,+20 20 56.69,1,13.9,,,552-043832,08323098+2020566,5037-301-6-0106-0205,STAR,BV,rpm,-15.3,1.8,-6,2,,,14.933,0.04,14.097,0.036,,,14.426,0.036,,,,,,,12.669,0.029,12.311,0.023,12.159,0.02,5527,258,215,4.486,0.065,0.403,-0.181,0.25,0.4,0.885,0.455,0.096,0.914,0.07,0.084,1.24,0.376,0.853,535.1,447.6,75.44,0.032,0.01,0.006,,,
2846,2846,2846,212005686,08 25 58.753,+20 20 57.27,1,12,,,552-043549,08255875+2020572,,STAR,gri,rpm,-2.3,1.3,-10.4,1.3,,,13.02,0.041,12.192,0.03,,,12.649,0.031,11.937,0.04,11.722,0.06,,,10.611,0.021,10.171,0.02,10.098,0.017,5113,82,103,3.156,0.615,0.82,-0.429,0.36,0.36,3.158,6.099,1.822,0.973,0.316,0.088,0.017,0.132,0.016,655.9,1089,453.2,0.033,0.009,0.011,,,
2847,2847,2847,212005698,08 54 13.073,+20 20 57.97,1,11.962,,,552-044697,08541308+2020580,,STAR,gri,rpm,-19.5,0.9,4,1.5,,,12.671,0.01,12.072,0.01,,,12.369,0.02,11.925,0.01,11.788,0.04,,,10.917,0.023,10.578,0.026,10.508,0.018,5881,115,115,4.06,0.329,0.235,-0.142,0.2,0.76,1.578,0.276,0.54,1.057,0.088,0.159,0.268,0.606,0.146,459.2,57.93,168,0.032,0.019,0.005,,,
2848,2848,2848,212005752,09 03 51.967,+20 21 01.03,1,16.291,,,,09035196+2021010,5061-301-3-0148-0188,EXTENDED,gri,,2,2,-1,2,,,,,,,19.254,0.044,17.282,0.005,16.326,0.004,15.867,0.004,15.507,0.009,15.14,0.064,14.378,0.077,14.066,0.059,,,,,,,,,,,,,,,,,,,,,,,,,,,
2849,2849,2849,212005779,08 33 15.724,+20 21 02.43,1,9.768,,1398-373-1,552-043866,08331572+2021022,,STAR,BV,plx,-3.2,1.2,-3.1,1.2,,,11.071,0.071,9.967,0.035,,,10.923,0.03,,,,,,,8.12,0.024,7.617,0.024,7.481,0.024,4768,113,113,1.854,0.581,0.498,-1.18,1.04,0.65,17.791,12.035,6.224,0.879,0.796,0.067,1.45E-04,6.59E-04,1.19E-04,2881,2691,2691,0.034,0.007,0.007,,,
2850,2850,2850,212005801,08 51 26.315,+20 21 03.54,1,11.901,,,552-044595,08512631+2021034,,STAR,gri,rpm,-11.8,1.2,-0.9,1.6,,,12.91,0.01,12.099,0.01,,,12.492,0.031,11.854,0.03,11.648,0.03,,,10.611,0.022,10.238,0.021,10.112,0.018,5293,190,84,3.722,0.588,1.323,-0.142,0.2,0.76,1.884,5.411,1.168,0.93,0.264,0.037,0.048,0.632,0.047,458,1189,274.4,0.029,0.014,0.007,,,
2851,2851,2851,212005852,09 03 14.757,+20 21 06.67,1,14.408,,,552-044995,09031474+2021065,5061-301-3-0147-0110,STAR,gri,rpm,-22.8,2,5.4,2.6,,,15.788,0.09,14.719,0.04,,,15.251,0.04,14.377,0.09,14.047,0.1,,,12.777,0.023,12.262,0.021,12.127,0.02,4815,147,117,4.619,0.036,0.03,-0.123,0.18,0.24,0.7,0.052,0.056,0.756,0.061,0.061,2.158,0.377,0.279,369.8,34.74,37.78,0.031,0.008,0.007,,,
2852,2852,2852,212005918,09 11 34.661,+20 21 10.93,1,15.457,,,552-045314,09113466+2021108,5071-301-1-0157-0088,STAR,gri,rpm,2.2,3,-5,3.3,,,16.53,0.03,15.685,0.03,,,16.036,0.052,15.374,0.04,15.208,0.099,,,14.151,0.025,13.733,0.028,13.6,0.033,5278,158,126,4.557,0.035,0.077,-0.188,0.2,0.32,0.799,0.11,0.062,0.849,0.06,0.072,1.615,0.282,0.407,900.5,192.1,98.66,0.033,0.01,0.007,,,
2853,2853,2853,212005969,09 07 42.089,+20 21 13.54,1,13.993,,,552-045166,09074209+2021137,,STAR,gri,rpm,-30.1,4.8,-26.3,5.1,,,15.348,0.18,14.329,0.07,,,14.821,0.04,13.901,0.03,13.638,0.08,,,12.539,0.024,11.992,0.028,11.926,0.021,4765,95,134,4.618,0.049,0.035,0.005,0.16,0.36,0.711,0.039,0.085,0.766,0.044,0.088,2.116,0.542,0.252,326.9,26.95,42.32,0.029,0.008,0.007,,,
2854,2854,2854,212005981,08 52 43.986,+20 21 14.03,1,15.772,,,,08524398+2021140,5071-301-5-0130-0213,STAR,gri,rpm,-61,3,-102,3,,,,,,,20.263,0.043,17.696,0.005,16.289,0.004,14.948,0.004,14.266,0.004,12.857,0.025,12.32,0.024,12.047,0.022,3508,84,56,5.029,0.045,0.025,0.032,0.12,0.18,0.246,0.022,0.031,0.234,0.033,0.033,15.51,4.197,2.156,93.59,19.03,22.69,0.015,0.004,0.006,,,
2855,2855,2855,212006014,08 50 20.873,+20 21 15.77,1,9.287,,1399-313-1,552-044544,08502087+2021159,,STAR,gri,plx,-2.7,1.1,-13.5,1,,,11.121,0.102,9.595,0.033,,,10.77,0.09,9.639,0.14,8.651,0.06,,,6.778,0.023,6.061,0.02,5.858,0.026,4134,98,65,1.724,0.135,0.189,0.046,0.15,0.21,26.44,5.202,5.126,1.32,0.222,0.158,6.75E-05,4.71E-05,3.18E-05,479.3,118.6,118.6,0.032,0.008,0.006,,,
2856,2856,2856,212006149,08 29 29.644,+20 21 23.37,1,13.683,,,552-043718,08292967+2021233,4569-301-3-0106-0250,STAR,JHK,col,,,,,,,,,,,,,,,,,,,,,11.416,0.023,10.818,0.023,10.553,0.018,3551,107,151,5.033,0.096,0.06,-0.034,0.15,0.18,0.239,0.054,0.059,0.238,0.076,0.076,15.52,9.245,4.404,49.84,18.8,18,0.008,0.005,0.004,,,
2857,2857,2857,212006179,09 07 10.360,+20 21 25.11,1,16.611,,,,09071035+2021251,5061-301-2-0153-0281,STAR,gri,col,,,,,,,,,,,21.206,0.079,18.71,0.008,17.254,0.006,15.711,0.005,14.83,0.005,13.347,0.026,12.751,0.031,12.479,0.03,3512,85,107,5.065,0.035,0.042,-0.055,0.18,0.18,0.222,0.034,0.025,0.207,0.046,0.029,19.06,3.593,4.093,96.82,17.72,14.98,0.016,0.006,0.004,,,
2858,2858,2858,212006203,09 11 34.552,+20 21 26.26,1,17.786,,,,09113455+2021262,5071-301-1-0157-0089,EXTENDED,gri,,-1,3,6,3,,,,,,,20.95,0.109,19.022,0.012,17.78,0.007,17.256,0.006,16.898,0.013,15.99,0.077,15.263,0.089,14.65,0.074,,,,,,,,,,,,,,,,,,,,,,,,,,,
2859,2859,2859,212006205,08 35 31.020,+20 21 26.30,1,16.373,,,,08353102+2021263,,STAR,JHK,col,,,,,,,,,,,,,,,,,,,,,14.037,0.025,13.485,0.029,13.152,0.02,3410,130,496,5.099,0.126,0.084,-0.013,0.15,0.18,0.195,0.051,0.067,0.176,0.064,0.064,21.27,19.26,7.055,114.5,37.82,49.8,0.017,0.006,0.008,,,
2860,2860,2860,212006275,09 03 22.933,+20 21 30.61,1,17.945,,,,09032293+2021306,,STAR,J,,,,,,,,,,,,,,,,,,,,,,16.415,0.12,15.69,0.147,,,,,,,,,,,,,,,,,,,,,,,,,,,,,
2861,2861,2861,212006305,09 03 56.955,+20 21 32.40,1,17.727,,,,09035695+2021324,5061-301-3-0148-0217,EXTENDED,gri,,7,3,2,3,,,,,,,19.799,0.078,18.427,0.009,17.772,0.008,17.427,0.009,17.201,0.028,16.695,0.143,16.257,0.187,,,,,,,,,,,,,,,,,,,,,,,,,,,,,
2862,2862,2862,212006325,08 50 47.535,+20 21 33.86,1,13.862,,,552-044565,08504753+2021338,,STAR,gri,lam,-12.9,2,6.8,2.1,,,15.057,0.03,14.152,0.03,,,14.588,0.01,13.817,0.03,13.551,0.09,,,12.487,0.022,12.024,0.023,11.941,0.022,4932,179,149,4.592,0.025,0.03,0.029,0.12,0.12,0.752,0.052,0.04,0.825,0.043,0.043,1.858,0.227,0.24,359.9,37.64,28.63,0.03,0.008,0.007,,,
2863,2863,2863,212006344,08 25 54.315,+20 21 34.45,1,12.466,,,552-043542,08255432+2021344,,STAR,gri,rpm,-17.3,2.7,-36.5,3.8,,,14.55,0.03,13.15,0.032,,,13.977,0.034,12.578,0.041,11.818,0.06,,,10.104,0.022,9.457,0.022,9.275,0.018,3866,38,109,4.859,0.048,0.02,0.062,0.05,0.06,0.429,0.009,0.061,0.484,0.01,0.082,6.153,1.847,0.369,49.39,1.482,8.611,0.006,0.002,0.001,,,
2864,2864,2864,212006389,08 32 24.441,+20 21 37.07,1,18.794,,,,08322444+2021370,,STAR,JHK,rpm,8,7,4,1,,,,,,,,,,,,,,,,,16.051,0.121,15.252,0.118,14.913,0.106,4037,384,320,4.846,0.13,0.13,-0.208,0.2,0.28,0.417,0.128,0.13,0.462,0.135,0.162,5.849,5.661,2.522,754.7,359,281.6,0.033,0.01,0.007,,,
2865,2865,2865,212006418,09 07 39.361,+20 21 38.73,1,14.927,,,552-045162,09073936+2021390,5061-301-2-0154-0042,STAR,gri,col,,,,,,,15.698,0.03,15.018,0.01,,,15.366,0.11,14.846,0.07,14.739,0.1,,,13.774,0.026,13.35,0.033,13.285,0.032,5409,215,172,4.537,0.05,0.18,-0.338,0.25,0.45,0.821,0.817,0.089,0.841,0.078,0.093,1.523,0.394,0.686,778.8,314.7,111.3,0.034,0.008,0.007,,,
2866,2866,2866,212006444,08 26 57.850,+20 21 40.73,1,12.95,,,552-043591,08265785+2021408,,STAR,gri,rpm,2.1,1.9,-2.6,2.4,,,13.639,0.043,13.064,0.032,,,13.367,0.032,12.93,0.041,12.771,0.062,,,11.904,0.021,11.581,0.022,11.54,0.021,5921,119,143,4.165,0.24,0.24,-0.101,0.15,0.24,1.304,0.597,0.308,1.046,0.139,0.087,0.372,0.471,0.233,603.1,251.2,151.9,0.033,0.014,0.006,,,
2867,2867,2867,212006455,09 06 58.002,+20 21 41.20,1,19.126,,,,,5071-301-2-0150-0459,EXTENDED,gri,,-16,3,4,3,,,,,,,20.791,0.175,19.412,0.025,19.063,0.03,19.003,0.051,18.786,0.114,,,,,,,,,,,,,,,,,,,,,,,,,,,,,,,,,
2868,2868,2868,212006482,09 05 44.726,+20 21 42.07,1,18.827,,,,,5071-301-2-0149-0428,EXTENDED,gri,,,,,,,,,,,,20.684,0.189,19.288,0.026,18.926,0.03,18.63,0.043,18.355,0.093,,,,,,,,,,,,,,,,,,,,,,,,,,,,,,,,,
2869,2869,2869,212006547,08 27 53.842,+20 21 46.50,1,17.301,,,,08275384+2021465,6597-301-2-0212-0303,STAR,gri,rpm,-46,3,18,3,,,,,,,21.942,0.154,19.208,0.01,17.705,0.006,16.484,0.005,15.804,0.006,14.502,0.029,13.943,0.041,13.74,0.034,3432,104,104,5.103,0.02,0.044,-0.044,0.16,0.2,0.197,0.028,0.017,0.181,0.035,0.02,23.15,2.825,5.18,142.6,23.02,19.82,0.02,0.006,0.005,,,
2870,2870,2870,212006572,08 34 57.576,+20 21 47.84,1,11.924,,1398-460-1,552-043943,08345754+2021477,,STAR,BV,rpm,-7.9,1.7,-2.6,1.8,,,12.167,0.189,11.905,0.214,,,12.087,0.03,,,,,,,10.81,0.028,10.548,0.029,10.493,0.026,6152,247,197,4.121,0.22,0.264,-0.057,0.15,0.27,1.428,0.675,0.307,1.192,0.22,0.157,0.339,0.369,0.199,412.1,188.8,97.33,0.031,0.01,0.006,,,
2871,2871,2871,212006585,09 10 39.959,+20 21 48.83,1,14.097,,,552-045273,09103995+2021489,,STAR,gri,rpm,-2.1,2.9,3,3.1,,,15.033,0.02,14.215,0.037,,,14.584,0.037,14.064,0.046,13.888,0.07,,,12.916,0.021,12.601,0.024,12.529,0.023,5795,140,140,4.373,0.09,0.414,-0.091,0.15,0.24,1.062,0.729,0.143,1.009,0.124,0.103,0.775,0.332,0.602,739.3,501.8,117.3,0.034,0.01,0.007,,,
2872,2872,2872,212006593,09 08 53.399,+20 21 49.23,1,11.137,,,552-045214,09085339+2021491,,STAR,gri,rpm,-1.7,1.9,26.1,0.6,,,11.878,0.06,11.185,0.04,,,11.63,0.03,11.085,0.04,10.926,0.12,,,10.09,0.022,9.808,0.03,9.737,0.021,5796,138,138,4.316,0.135,0.405,0.038,0.15,0.21,1.162,0.797,0.233,1.074,0.134,0.095,0.608,0.464,0.461,222.6,135.1,47,0.028,0.006,0.007,,,
2873,2873,2873,212006630,09 09 43.320,+20 21 51.00,1,16.906,,,,09094331+2021510,5071-301-1-0154-0221,EXTENDED,gri,,-5,3,5,3,,,,,,,20.814,0.157,18.195,0.01,16.853,0.005,16.354,0.005,15.974,0.01,15.61,0.081,14.847,0.105,14.43,0.087,,,,,,,,,,,,,,,,,,,,,,,,,,,
2874,2874,2874,212006671,08 26 48.942,+20 21 53.68,1,14.622,,,,08264894+2021536,6597-301-2-0211-0300,EXTENDED,gri,,1,2,2,2,,,,,,,16.181,0.013,15.017,0.003,14.661,0.003,14.453,0.004,14.338,0.01,16.113,0.119,15.493,0.18,15.264,0.152,,,,,,,,,,,,,,,,,,,,,,,,,,,
2875,2875,2875,212006673,08 25 53.946,+20 21 53.79,1,14.409,,,552-043540,08255395+2021539,,STAR,JHK,col,,,,,,,,,,,,,,,,,,,,,11.99,0.022,11.339,0.02,11.075,0.016,3627,174,116,4.979,0.084,0.084,-0.014,0.15,0.21,0.285,0.079,0.062,0.3,0.117,0.1,11.99,5.952,4.599,77.7,26.15,22.85,0.013,0.006,0.005,,,
2876,2876,2876,212006795,09 04 05.371,+20 22 00.98,1,11.852,,1407-259-1,552-045023,09040535+2022008,,STAR,gri,rpm,46.3,2.2,1.1,2.3,,,11.75,0.118,11.905,0.259,,,12.309,0.06,11.804,0.07,11.655,0.08,,,10.711,0.023,10.344,0.021,10.284,0.018,5649,136,204,4.493,0.05,0.12,-0.206,0.25,0.35,0.887,0.169,0.082,0.914,0.074,0.103,1.236,0.284,0.452,222.1,68.01,32.89,0.026,0.01,0.006,,,
2877,2877,2877,212006803,09 07 40.816,+20 22 01.38,1,12.82,,,552-045164,09074081+2022015,,STAR,gri,rpm,-0.2,2.1,-14.9,2.7,,,13.762,0.06,12.943,0.05,,,13.372,0.08,12.704,0.06,12.584,0.08,,,11.71,0.022,11.371,0.028,11.322,0.023,5612,202,168,4.458,0.06,0.552,-0.05,0.15,0.24,0.963,0.948,0.101,0.979,0.111,0.093,1.078,0.311,0.928,375.9,370,50.01,0.033,0.008,0.008,,,
2878,2878,2878,212006884,09 07 14.942,+20 22 06.07,1,14.447,,,552-045146,09071494+2022061,5061-301-2-0153-0132,STAR,gri,rpm,-13.1,4.7,-2.5,5.1,,,15.417,0.058,14.593,0.04,,,15.053,0.11,14.349,0.04,14.188,0.08,,,13.195,0.025,12.709,0.03,12.686,0.028,5097,152,122,4.569,0.04,1.04,-0.232,0.25,0.4,0.769,1.857,0.073,0.832,0.082,0.082,1.706,0.345,1.662,537.1,1307,66.06,0.032,0.01,0.008,,,
2879,2879,2879,212006897,08 27 50.787,+20 22 07.24,1,17.949,,,,08275078+2022072,,STAR,J,col,,,,,,,,,,,,,,,,,,,,,16.419,0.102,15.938,0.178,15.33,0.136,3746,654,327,4.965,0.12,0.216,-0.204,0.25,0.4,0.287,0.194,0.1,0.318,0.262,0.146,9.786,13.26,6.184,623.6,613.8,271.3,0.032,0.008,0.008,,,
2880,2880,2880,212006999,08 52 06.415,+20 22 13.21,1,12.72,,,552-044626,08520641+2022132,,STAR,gri,rpm,-15.1,1.4,-10.5,1.5,,,13.545,0.02,12.87,0.02,,,13.16,0.02,12.671,0.01,12.531,0.04,,,11.615,0.023,11.259,0.027,11.189,0.022,5774,68,91,4.441,0.052,0.273,-0.165,0.15,0.18,0.97,0.407,0.066,0.977,0.058,0.081,1.032,0.238,0.6,372.6,153.2,29.01,0.032,0.006,0.01,,,
2881,2881,2881,212007008,09 04 05.184,+20 22 13.83,1,17.807,,,,09040518+2022138,,STAR,J,col,,,,,,,,,,,,,,,,,,,,,16.289,0.117,15.481,0.123,15.032,0.117,3850,420,350,4.93,0.135,0.162,-0.219,0.24,0.32,0.323,0.151,0.119,0.359,0.17,0.17,9.302,10.59,4.951,643.7,427.1,294.2,0.032,0.008,0.007,,,
2882,2882,2882,212007009,08 55 22.073,+20 22 13.90,1,16.855,,,,08552207+2022138,5061-301-5-0136-0237,STAR,gri,rpm,-98,3,-21,3,,,,,,,21.166,0.074,18.541,0.007,17.096,0.005,16.132,0.005,15.617,0.006,14.398,0.027,13.764,0.029,13.594,0.034,3503,35,35,5.058,0.035,0.025,-0.052,0.08,0.08,0.222,0.017,0.019,0.212,0.018,0.021,18.43,3.575,2.192,151.5,6.412,20.46,0.02,0.009,0.005,,,
2883,2883,2883,212007015,08 29 11.804,+20 22 14.05,1,14.767,,,552-043703,08291180+2022139,,STAR,gri,rpm,-18.9,3.2,4.5,4.7,,,15.708,0.08,14.716,0.042,,,15.12,0.041,14.638,0.051,14.615,0.083,,,13.561,0.029,13.172,0.038,13.099,0.03,5663,202,134,4.477,0.065,0.13,-0.377,0.25,0.35,0.889,0.209,0.117,0.866,0.074,0.089,1.233,0.355,0.49,795.4,211.5,109,0.032,0.011,0.008,,,
2884,2884,2884,212007046,09 02 57.983,+20 22 16.76,1,11.758,,,552-044980,09025798+2022167,,STAR,gri,rpm,-7.5,2.9,-1,1.9,,,13.21,0.03,12.107,0.06,,,12.675,0.031,11.789,0.04,11.365,0.07,,,10.046,0.025,9.412,0.029,9.271,0.019,4597,71,89,2.228,0.33,0.55,-0.431,0.3,0.42,12.133,9.01,3.221,1.014,0.225,0.125,4.60E-04,9.48E-04,3.89E-04,1723,1134,493,0.033,0.01,0.007,,,
2885,2885,2885,212007091,08 31 56.315,+20 22 18.77,1,15.907,,,,,6597-301-1-0218-0119,EXTENDED,gri,,8,2,-5,2,,,,,,,17.993,0.03,16.557,0.005,15.986,0.004,15.628,0.005,15.497,0.015,,,,,,,,,,,,,,,,,,,,,,,,,,,,,,,,,
2886,2886,2886,212007093,08 52 05.134,+20 22 18.86,1,14.601,,,552-044625,08520513+2022189,,STAR,JHK,rpm,-15.5,2.2,-8.7,2.9,,,,,,,,,,,,,,,,,13.238,0.022,12.829,0.029,12.707,0.025,5339,159,159,4.553,0.04,0.064,-0.254,0.25,0.35,0.788,0.097,0.063,0.834,0.072,0.087,1.642,0.309,0.353,580.3,99.29,61.91,0.033,0.01,0.008,,,
2887,2887,2887,212007103,08 28 00.991,+20 22 20.10,1,15.292,,,552-043645,08280099+2022201,6597-301-2-0213-0025,STAR,BV,rpm,-2.9,4.1,-5.4,4.8,,,16.308,0.14,15.484,0.053,,,16.088,0.053,,,,,,,14.103,0.024,13.654,0.027,13.57,0.029,5199,155,155,4.567,0.04,0.912,-0.248,0.25,0.5,0.778,1.592,0.067,0.824,0.078,0.078,1.71,0.346,1.638,837.5,1685,103,0.033,0.01,0.007,,,
2888,2888,2888,212007116,08 29 47.205,+20 22 20.58,1,12.167,,,552-043729,08294720+2022204,,STAR,gri,rpm,-5.8,1.7,5.4,1.4,,,12.7,0.041,12.232,0.03,,,12.452,0.031,12.134,0.04,12.045,0.061,,,11.247,0.022,11.04,0.025,10.984,0.018,6402,180,128,4.119,0.16,0.192,-0.054,0.12,0.21,1.548,0.534,0.295,1.293,0.178,0.127,0.278,0.228,0.143,560.7,217.6,103.9,0.032,0.01,0.007,,,
2889,2889,2889,212007177,09 03 52.259,+20 22 24.21,1,17.723,,,,,5061-301-3-0148-0211,EXTENDED,gri,,2,2,-10,2,,,,,,,19.229,0.039,18.248,0.008,17.809,0.009,17.498,0.011,17.352,0.036,,,,,,,,,,,,,,,,,,,,,,,,,,,,,,,,,
2890,2890,2890,212007196,08 35 42.436,+20 22 26.05,1,9.959,,1398-481-1,552-043971,08354244+2022261,,STAR,BV,rpm,-6.2,1.3,-94.7,1.4,,,10.775,0.058,10.097,0.043,,,10.686,0.03,,,,,,,9.063,0.024,8.77,0.034,8.695,0.02,5927,242,242,4.355,0.102,0.272,-0.232,0.2,0.36,1.089,0.409,0.147,0.969,0.088,0.088,0.746,0.308,0.462,135.2,46.35,26.82,0.02,0.007,0.005,,,
2891,2891,2891,212007211,08 53 01.519,+20 22 26.99,1,16.693,,,,08530151+2022269,5071-301-5-0130-0289,EXTENDED,gri,,-2,3,-3,3,,,,,,,18.666,0.033,17.456,0.006,16.753,0.005,16.366,0.006,16.11,0.013,16.194,0.135,15.426,0.146,15.001,0.136,,,,,,,,,,,,,,,,,,,,,,,,,,,
2892,2892,2892,212007212,09 03 13.106,+20 22 27.05,1,15.695,,,552-044994,09031309+2022268,5061-301-3-0147-0117,STAR,gri,rpm,2.4,4.5,-1.4,4.7,,,16.969,0.08,15.855,0.061,,,16.356,0.057,15.579,0.065,15.412,0.03,,,14.135,0.027,13.594,0.024,13.539,0.028,4921,118,98,4.609,0.03,0.054,-0.203,0.2,0.28,0.715,0.089,0.051,0.777,0.075,0.063,2.066,0.306,0.455,725.4,134.4,65.35,0.033,0.008,0.007,,,
2893,2893,2893,212007249,09 06 33.615,+20 22 29.34,1,14.675,,,552-045119,09063361+2022295,5071-301-2-0150-0074,STAR,gri,rpm,-7.3,3.7,7.1,4.5,,,15.766,0.09,14.933,0.09,,,15.271,0.01,14.579,0.04,14.419,0.12,,,13.334,0.024,12.847,0.03,12.771,0.028,5116,101,101,4.56,0.045,1.17,-0.31,0.24,0.36,0.799,2.503,0.095,0.852,0.096,0.096,1.643,0.378,1.616,588.3,1715,72.37,0.034,0.008,0.007,,,
2894,2894,2894,212007288,08 51 36.810,+20 22 31.12,1,14.187,,,552-044606,08513681+2022310,,STAR,gri,rpm,-41.9,3.5,-32.6,2.3,,,15.33,0.01,14.469,0.04,,,14.89,0.01,14.134,0.02,13.886,0.02,,,12.685,0.022,12.182,0.023,12.047,0.024,4964,59,99,4.618,0.055,0.055,-0.426,0.3,0.3,0.671,0.089,0.078,0.704,0.081,0.067,2.285,0.592,0.552,360.3,35.49,47.36,0.03,0.013,0.006,,,
2895,2895,2895,212007297,08 30 12.119,+20 22 31.45,1,15.349,,,552-043746,08301211+2022313,6728-301-1-0122-0168,STAR,BV,rpm,6,3,1.6,3.3,,,16.265,0.13,15.514,0.054,,,15.77,0.048,,,,,,,13.883,0.027,13.459,0.029,13.297,0.032,5259,186,186,4.553,0.045,0.81,-0.267,0.25,0.45,0.808,1.5,0.076,0.845,0.077,0.077,1.567,0.339,1.49,794.3,1376,100.9,0.035,0.008,0.007,,,
2896,2896,2896,212007310,08 55 53.769,+20 22 32.10,1,15.836,,,,08555376+2022321,5071-301-4-0134-0252,EXTENDED,gri,,,,,,,,,,,,18.925,0.073,16.901,0.006,15.913,0.005,15.379,0.004,14.961,0.01,15.233,0.059,14.295,0.074,13.845,0.068,,,,,,,,,,,,,,,,,,,,,,,,,,,
2897,2897,2897,212007348,08 50 59.682,+20 22 34.08,1,10.282,,1399-375-1,552-044574,08505968+2022340,,STAR,gri,plx,-15.7,1.1,-18.4,1.2,,,10.635,0.055,10.171,0.051,,,10.825,0.12,10.303,0.04,10.049,0.05,,,9.336,0.02,9.115,0.021,9.099,0.018,6150,147,147,4.298,0.06,0.084,-0.023,0.15,0.27,1.245,0.111,0.086,1.145,0.073,0.116,0.586,0.135,0.148,178.7,15.84,15.84,0.022,0.007,0.006,,,
2898,2898,2898,212007414,08 58 33.703,+20 22 38.25,1,11.86,,,552-044832,08583370+2022382,,STAR,gri,lam,-13.5,2.5,-36.1,1.4,,,12.548,0.02,11.914,0.04,,,12.242,0.05,11.788,0.05,11.696,0.06,,,10.908,0.022,10.643,0.023,10.614,0.024,5989,119,119,4.161,0.196,0.14,-0.047,0.1,0.12,1.387,0.315,0.302,1.091,0.107,0.076,0.383,0.383,0.172,408.5,90.6,87.28,0.031,0.008,0.008,,,
2899,2899,2899,212007452,09 09 21.113,+20 22 40.00,1,16.6,,,,09092111+2022399,,STAR,J,col,,,,,,,,,,,,,,,,,,,,,15.166,0.064,14.512,0.072,14.06,0.062,3628,291,243,5.003,0.11,0.132,-0.097,0.18,0.24,0.255,0.115,0.079,0.272,0.167,0.125,13.12,11.31,6.072,260.6,160.1,99.18,0.028,0.01,0.008,,,
2900,2900,2900,212007460,08 35 02.096,+20 22 40.53,1,12.694,,,552-043946,08350209+2022404,,STAR,BV,rpm,26,3,-58.3,12.1,,,13.836,0.02,12.921,0.031,,,13.359,0.032,,,,,,,11.35,0.023,10.886,0.023,10.81,0.019,5109,149,178,4.598,0.024,0.02,-0.191,0.16,0.48,0.737,0.04,0.032,0.792,0.04,0.04,1.933,0.226,0.202,213.1,19.17,8.181,0.025,0.006,0.005,,,
2901,2901,2901,212007489,08 29 15.596,+20 22 42.04,1,12.346,,,552-043707,08291559+2022419,,STAR,gri,rpm,1.2,0.6,-4.3,1,,,13.082,0.041,12.465,0.031,,,12.755,0.031,12.319,0.04,12.171,0.061,,,11.302,0.022,11.004,0.022,10.964,0.019,5966,142,118,4.203,0.198,0.363,-0.086,0.15,0.15,1.336,0.804,0.303,1.096,0.201,0.091,0.447,0.445,0.335,459.9,289.4,116.8,0.033,0.01,0.006,,,
2902,2902,2902,212007527,08 27 15.208,+20 22 44.27,1,12.625,,,552-043602,08271521+2022444,,STAR,gri,rpm,-32.9,2.2,-9.6,2.8,,,13.948,0.02,12.957,0.031,,,13.505,0.032,12.595,0.041,12.249,0.061,,,10.999,0.022,10.48,0.024,10.343,0.017,4779,96,96,4.621,0.032,0.024,-0.043,0.15,0.18,0.709,0.044,0.041,0.772,0.06,0.05,2.138,0.317,0.233,166.9,16.44,21.94,0.024,0.01,0.006,,,
2903,2903,2903,212007571,09 05 19.194,+20 22 46.94,1,15.467,,,552-045071,09051920+2022470,5071-301-2-0148-0152,STAR,JHK,rpm,-34.9,7.6,-17.3,6.7,,,,,,,,,,,,,,,,,13.235,0.027,12.58,0.027,12.383,0.019,3958,218,155,4.857,0.075,0.075,-0.097,0.16,0.24,0.404,0.079,0.066,0.471,0.09,0.09,6.458,2.77,1.938,200.8,55.51,43.48,0.025,0.007,0.006,,,
2904,2904,2904,212007582,08 32 22.686,+20 22 47.59,1,13.919,,,552-043827,08322268+2022476,,STAR,gri,rpm,15.6,1.9,-15.7,2.2,,,14.825,0.04,14.1,0.036,,,14.469,0.036,13.828,0.045,13.683,0.068,,,12.617,0.029,12.161,0.025,12.093,0.02,5274,127,84,4.55,0.04,0.096,-0.208,0.2,0.28,0.805,0.15,0.066,0.849,0.064,0.064,1.58,0.276,0.507,443.9,534.4,38.13,0.031,0.009,0.005,,,
2905,2905,2905,212007665,09 06 23.437,+20 22 51.92,1,14.823,,,552-045113,09062342+2022518,5071-301-2-0150-0037,STAR,gri,rpm,-20.5,4.5,-4.9,4.8,,,16.735,0.088,15.398,0.052,,,16.203,0.02,14.796,0.04,14.232,0.12,,,12.644,0.024,12,0.028,11.832,0.025,3862,94,110,4.889,0.042,0.028,-0.08,0.12,0.18,0.387,0.033,0.05,0.438,0.031,0.063,7.226,1.684,1.004,141.3,13.91,18.57,0.018,0.006,0.003,,,
2906,2906,2906,212007871,08 31 10.577,+20 23 04.79,1,14.342,,,552-043784,08311057+2023045,,STAR,gri,rpm,13.2,4.7,-26.9,1.8,,,15.498,0.07,14.593,0.04,,,15.051,0.04,14.294,0.048,14.038,0.072,,,12.87,0.023,12.425,0.021,12.343,0.022,5073,140,80,4.583,0.025,0.03,-0.14,0.2,0.2,0.759,0.041,0.045,0.804,0.042,0.051,1.815,0.269,0.197,449.3,24.44,36.5,0.032,0.007,0.006,,,
2907,2907,2907,212007900,09 04 34.820,+20 23 07.04,1,15.427,,,552-045038,09043479+2023070,5061-301-3-0149-0131,STAR,gri,rpm,-0.2,4.4,-5.5,4.8,,,16.785,0.089,15.746,0.059,,,16.123,0.02,15.424,0.15,15.129,0.096,,,14.024,0.029,13.584,0.03,13.464,0.033,5181,187,156,4.567,0.045,0.873,-0.265,0.25,0.4,0.785,1.63,0.082,0.827,0.084,0.084,1.645,0.356,1.584,810,1611,101.3,0.034,0.008,0.008,,,
2908,2908,2908,212007962,09 02 37.135,+20 23 11.14,1,12.662,,,552-044973,09023713+2023111,,STAR,gri,rpm,4.5,1.8,1.4,2.5,,,13.816,0.02,12.906,0.06,,,13.367,0.032,12.674,0.041,12.359,0.08,,,11.193,0.023,10.691,0.025,10.573,0.023,4959,80,80,2.79,0.553,0.474,-0.598,0.25,0.25,6.062,4.502,2.584,0.995,0.161,0.089,0.003,0.023,0.002,1670,851.8,732.2,0.034,0.007,0.006,,,
2909,2909,2909,212008010,09 07 33.137,+20 23 14.77,1,12.437,,,552-045155,09073312+2023149,,STAR,gri,rpm,-0.3,2.1,0.5,2.6,,,13.507,0.05,12.633,0.05,,,13.078,0.05,12.373,0.07,12.162,0.07,,,11.162,0.024,10.715,0.027,10.646,0.021,5080,153,122,2.933,0.786,0.655,-0.548,0.4,0.25,4.675,5.404,2.507,0.996,0.218,0.099,0.005,0.066,0.005,1332,1206,717.7,0.033,0.008,0.008,,,
2910,2910,2910,212008100,09 04 56.033,+20 23 20.41,1,17.362,,,,09045603+2023204,5061-301-3-0150-0159,EXTENDED,gri,,3,3,0,3,,,,,,,19.492,0.051,18.15,0.008,17.419,0.007,17.024,0.008,16.749,0.023,16.45,0.117,15.86,0.172,,,,,,,,,,,,,,,,,,,,,,,,,,,,,
2911,2911,2911,212008128,09 04 41.841,+20 23 22.26,1,19.008,,,,,5061-301-3-0150-0129,EXTENDED,gri,,2,3,3,3,,,,,,,20.553,0.085,19.434,0.016,19.096,0.019,18.825,0.024,18.724,0.083,,,,,,,,,,,,,,,,,,,,,,,,,,,,,,,,,
2912,2912,2912,212008142,09 10 59.446,+20 23 23.01,1,19.264,,,,,5071-301-1-0156-0179,STAR,gri,,-11,4,20,4,,,,,,,19.931,0.035,19.667,0.014,19.334,0.013,19.091,0.015,19.01,0.04,,,,,,,,,,,,,,,,,,,,,,,,,,,,,,,,,
2913,2913,2913,212008144,08 35 18.111,+20 23 23.10,1,19.699,,,,,5045-301-5-0122-0214,STAR,gri,,-2,3,1,3,,,,,,,20.351,0.052,19.867,0.017,19.643,0.017,19.506,0.022,19.347,0.06,,,,,,,,,,,,,,,,,,,,,,,,,,,,,,,,,
2914,2914,2914,212008156,08 33 45.191,+20 23 23.71,1,18.31,,,,08334519+2023237,5037-301-6-0108-0364,STAR,gri,rpm,-36,3,-3,3,,,,,,,22.892,0.284,20.341,0.018,18.828,0.01,17.44,0.006,16.703,0.009,15.187,0.057,14.741,0.085,14.383,0.071,3181,31,31,5.138,0.034,0.02,0.186,0.05,0.22,0.17,0.003,0.011,0.144,0.003,0.008,29.42,4.671,1.765,146.1,4.384,8.491,0.015,0.001,0.002,,,
2915,2915,2915,212008200,08 31 16.384,+20 23 25.30,1,12.645,,1387-285-1,552-043789,08311641+2023253,,STAR,gri,rpm,-12.4,2.5,-10.2,2.8,,,12.698,0.315,12.361,0.268,,,13.101,0.031,12.592,0.041,12.449,0.061,,,11.557,0.027,11.308,0.034,11.273,0.028,5919,120,144,4.275,0.15,0.27,-0.022,0.15,0.18,1.204,0.437,0.212,1.087,0.07,0.084,0.538,0.387,0.335,475.8,158.1,103.7,0.034,0.013,0.008,,,
2916,2916,2916,212008207,08 56 28.080,+20 23 26.06,1,11.636,,1400-437-1,552-044770,08562806+2023260,,STAR,gri,plx,-27.4,2.4,-41.2,2.5,,,12.258,0.231,12.323,0.307,,,12.212,0.04,11.596,0.06,11.39,0.03,,,10.41,0.022,10.025,0.021,9.967,0.02,5434,108,108,4.528,0.03,0.036,-0.061,0.15,0.21,0.85,0.055,0.051,0.906,0.054,0.075,1.426,0.193,0.201,174.9,27.89,27.89,0.022,0.007,0.006,,,
2917,2917,2917,212008242,08 57 13.526,+20 23 27.84,1,19.711,,,,,5071-301-4-0136-0233,STAR,gri,,-1,3,-10,3,,,,,,,19.209,0.025,19.39,0.011,19.818,0.018,20.167,0.031,20.74,0.181,,,,,,,,,,,,,,,,,,,,,,,,,,,,,,,,,
2918,2918,2918,212008259,09 02 29.380,+20 23 28.81,1,16.411,,,552-044965,09022939+2023291,5071-301-3-0144-0245,STAR,JHK,col,,,,,,,,,,,,,,,,,,,,,14.128,0.028,13.438,0.033,13.26,0.028,4124,198,198,4.793,0.078,0.065,-0.098,0.18,0.24,0.476,0.078,0.067,0.547,0.077,0.092,4.526,1.65,1.209,377.5,88.01,71.37,0.031,0.008,0.007,,,
2919,2919,2919,212008281,09 04 18.232,+20 23 29.78,1,17.348,,,,09041823+2023297,5061-301-3-0149-0193,EXTENDED,gri,,-5,3,2,3,,,,,,,19.318,0.042,17.975,0.007,17.344,0.007,17.079,0.008,16.83,0.024,16.77,0.163,,,,,,,,,,,,,,,,,,,,,,,,,,,,,,,
2920,2920,2920,212008305,09 04 12.954,+20 23 31.59,1,13.037,,,552-045028,09041294+2023317,,STAR,gri,rpm,-3.9,1.8,6.8,1.8,,,13.924,0.12,13.22,0.12,,,13.55,0.13,13.024,0.11,12.817,0.15,,,11.726,0.022,11.344,0.021,11.26,0.018,5509,133,166,4.088,0.444,0.999,-0.155,0.2,0.92,1.29,2.65,0.552,0.958,0.173,0.078,0.294,1.125,0.285,509.3,1012,214.6,0.032,0.01,0.008,,,
2921,2921,2921,212008319,09 03 57.189,+20 23 32.43,1,14.479,,,552-045017,09035718+2023324,5061-301-3-0148-0065,STAR,gri,rpm,-10.1,2.6,-0.8,3.3,,,15.555,0.09,14.726,0.06,,,15.062,0.06,14.498,0.09,14.228,0.11,,,13.17,0.023,12.721,0.024,12.63,0.02,5244,155,155,4.524,0.065,1.222,-0.402,0.35,0.56,0.855,2.644,0.131,0.876,0.054,0.097,1.392,0.443,1.371,606.6,1685,99.72,0.032,0.01,0.007,,,
2922,2922,2922,212008348,08 53 20.652,+20 23 33.58,1,12.055,,,552-044670,08532064+2023335,,STAR,gri,rpm,-5.9,1.1,1.6,1.4,,,12.782,0.01,12.166,0.03,,,12.44,0.02,12.015,0.02,11.89,0.03,,,10.993,0.02,10.729,0.02,10.652,0.022,6039,120,72,4.052,0.256,0.16,-0.054,0.15,0.21,1.671,0.438,0.464,1.174,0.167,0.093,0.227,0.343,0.099,507.1,140.2,128.7,0.033,0.013,0.008,,,
2923,2923,2923,212008420,08 31 56.396,+20 23 37.20,1,11.549,,1387-272-1,552-043808,08315640+2023372,,STAR,gri,plx,26.2,1.6,-23.2,1.7,,,12.001,0.18,11.238,0.113,,,12.149,0.03,11.534,0.04,11.291,0.06,,,10.219,0.021,9.833,0.023,9.712,0.019,5372,128,106,3.784,0.08,0.112,-0.247,0.25,0.35,2.163,0.334,0.244,1.077,0.155,0.155,0.102,0.036,0.035,292.1,67.95,67.95,0.032,0.011,0.008,,,
2924,2924,2924,212008438,08 58 37.819,+20 23 38.34,1,12.149,,,552-044833,08583781+2023383,,STAR,gri,rpm,-12.2,1.3,-8.6,1.1,,,13.219,0.03,12.348,0.05,,,12.775,0.05,12.119,0.07,11.88,0.06,,,10.89,0.022,10.52,0.027,10.373,0.021,5335,223,127,3.938,0.575,1.265,-0.072,0.2,0.76,1.558,4.435,0.821,0.957,0.238,0.057,0.214,1.548,0.211,364.1,757.6,172.7,0.031,0.007,0.006,,,
2925,2925,2925,212008444,08 29 11.251,+20 23 38.83,1,16.838,,,,08291125+2023388,4569-301-3-0105-0349,STAR,gri,rpm,-34,3,-41,3,,,,,,,19.07,0.023,17.497,0.005,16.831,0.005,16.555,0.006,16.415,0.009,15.452,0.053,14.94,0.081,14.855,0.085,4761,57,191,4.801,0.02,0.02,-1.331,0.33,0.09,0.486,0.01,0.017,0.545,0.011,0.02,4.713,0.36,0.283,866.2,25.99,68.91,0.026,0.01,0.002,,,
2926,2926,2926,212008495,08 31 41.429,+20 23 42.26,1,16.941,,,,08314142+2023422,,STAR,J,col,,,,,,,,,,,,,,,,,,,,,15.483,0.088,14.756,0.098,14.097,0.079,3558,337,281,5.013,0.12,0.144,-0.092,0.16,0.24,0.249,0.122,0.082,0.245,0.165,0.103,13.87,13.49,6.838,288.7,200.5,118.3,0.029,0.009,0.009,,,
2927,2927,2927,212008499,08 52 49.383,+20 23 42.67,1,11.645,,1399-563-1,552-044650,08524937+2023428,,STAR,gri,plx,10.8,1.7,-2.6,1.9,,,12.072,0.214,11.452,0.159,,,12.025,0.02,11.613,0.01,11.482,0.03,,,10.626,0.023,10.286,0.023,10.2,0.017,5917,116,93,4.305,0.126,0.399,-0.336,0.25,0.5,1.139,0.569,0.192,0.953,0.106,0.088,0.674,0.346,0.495,305.7,85.52,85.52,0.028,0.01,0.006,,,
2928,2928,2928,212008501,08 56 42.189,+20 23 42.70,1,14.81,,,552-044778,08564218+2023426,5071-301-4-0136-0024,STAR,gri,rpm,0.6,4.6,-2.6,4.9,,,16.017,0.07,15.043,0.07,,,15.526,0.04,14.746,0.06,14.503,0.09,,,13.392,0.023,12.882,0.027,12.81,0.023,4975,99,99,4.55,0.072,1.608,-0.285,0.25,0.4,0.793,4.398,0.104,0.831,0.138,0.069,1.637,0.448,1.631,594.9,3078,100.5,0.034,0.008,0.007,,,
2929,2929,2929,212008513,08 31 51.609,+20 23 43.32,1,16.706,,,,08315160+2023433,6597-301-1-0218-0309,EXTENDED,gri,,-4,2,-7,2,,,,,,,18.681,0.029,17.356,0.006,16.777,0.005,16.428,0.005,16.229,0.015,16.118,0.12,15.222,0.116,15.11,0.134,,,,,,,,,,,,,,,,,,,,,,,,,,,
2930,2930,2930,212008549,09 08 05.869,+20 23 44.91,1,18.91,,,,,5061-301-2-0154-0157,STAR,gri,,0,3,-2,3,,,,,,,19.129,0.021,19.097,0.01,18.772,0.01,18.83,0.013,18.94,0.04,,,,,,,,,,,,,,,,,,,,,,,,,,,,,,,,,
2931,2931,2931,212008571,08 28 55.476,+20 23 46.27,1,13.854,,,552-043682,08285547+2023461,4569-301-3-0105-0085,STAR,JHK,rpm,33.2,4.4,0.5,4.9,,,,,,,,,,,,,,,,,11.546,0.022,10.89,0.024,10.67,0.021,3886,209,93,4.868,0.025,0.065,0.017,0.15,0.12,0.415,0.07,0.031,0.473,0.082,0.045,6.269,1.13,1.643,95.94,20.85,12.57,0.015,0.006,0.004,,,
2932,2932,2932,212008587,08 59 55.451,+20 23 47.22,1,16.365,,,,08595545+2023472,5061-301-4-0143-0134,EXTENDED,gri,,3,3,0,3,,,,,,,18.707,0.029,17.254,0.005,16.426,0.004,15.984,0.004,15.676,0.009,15.251,0.064,14.518,0.066,14.141,0.067,,,,,,,,,,,,,,,,,,,,,,,,,,,
2933,2933,2933,212008630,08 59 05.669,+20 23 49.86,1,14.523,,,552-044844,08590566+2023498,5061-301-4-0141-0106,STAR,JHK,rpm,-15.4,4.1,-3.2,4.5,,,,,,,,,,,,,,,,,12.943,0.023,12.437,0.023,12.302,0.017,4933,148,148,4.603,0.035,1.099,-0.125,0.16,0.36,0.732,2.248,0.047,0.795,0.104,0.058,1.96,0.265,1.924,424.9,1267,37.38,0.033,0.008,0.008,,,
2934,2934,2934,212008643,09 02 31.343,+20 23 50.56,1,15.129,,,552-044967,09023134+2023505,5071-301-3-0144-0076,STAR,gri,rpm,2,4.4,-2.5,4.7,,,16.34,0.06,15.402,0.04,,,15.822,0.07,15.183,0.05,14.832,0.08,,,13.643,0.027,13.125,0.027,12.972,0.026,4995,98,98,3.418,1.242,1.035,-0.535,0.35,0.63,2.693,7.793,2.141,0.831,0.124,0.088,0.028,1.878,0.027,2008,4056,1580,0.033,0.01,0.007,,,
2935,2935,2935,212008661,08 53 06.916,+20 23 51.16,1,14.677,,,552-044660,08530691+2023514,,STAR,gri,rpm,0,3,-0.8,3.1,,,15.859,0.1,15.005,0.05,,,15.374,0.01,14.678,0.04,14.379,0.01,,,13.283,0.028,12.818,0.036,12.699,0.028,5042,99,99,3.245,1.05,0.75,-0.527,0.3,0.42,3.004,3.69,2.17,0.922,0.137,0.098,0.023,0.79,0.022,2356,2763,1675,0.035,0.008,0.008,,,
2936,2936,2936,212008710,08 55 02.241,+20 23 54.06,1,13.555,,,552-044727,08550224+2023540,,STAR,gri,rpm,-33.3,2.2,-12.2,4.5,,,15.302,0.04,14.002,0.03,,,14.731,0.04,13.471,0.05,13.051,0.03,,,11.7,0.02,11.089,0.022,10.947,0.02,4116,82,65,4.86,0.04,0.08,-0.43,0.36,0.09,0.417,0.088,0.034,0.475,0.106,0.048,6.112,1.321,1.815,108,28.96,12.1,0.024,0.002,0.008,,,
2937,2937,2937,212008724,09 11 23.799,+20 23 54.75,1,12.574,,,552-045306,09112380+2023547,,STAR,gri,rpm,-30.9,1.4,-29.5,1.4,,,13.443,0.04,12.75,0.05,,,13.036,0.03,12.537,0.04,12.376,0.06,,,11.486,0.022,11.162,0.022,11.071,0.02,5767,115,115,4.44,0.05,0.11,-0.191,0.2,0.28,0.955,0.168,0.081,0.94,0.067,0.081,1.036,0.195,0.375,342.6,77.14,46.26,0.031,0.011,0.008,,,
2938,2938,2938,212008737,08 50 57.818,+20 23 55.68,1,14.638,,,552-044571,08505782+2023556,5037-301-2-0132-0169,STAR,gri,lam,-25.1,2.9,-5.9,3.2,,,15.657,0.03,14.906,0.05,,,15.258,0.02,14.59,0.03,14.372,0.03,,,13.29,0.024,12.818,0.024,12.774,0.02,5214,125,125,4.591,0.02,0.028,-0.309,0.15,0.15,0.744,0.04,0.038,0.783,0.055,0.046,1.883,0.206,0.185,542.3,42.81,39.68,0.033,0.008,0.008,,,
2939,2939,2939,212008738,09 00 03.018,+20 23 55.70,1,12.916,,,552-044874,09000301+2023556,,STAR,gri,rpm,-0.2,2.2,3.9,1.4,,,13.548,0.05,13.027,0.03,,,13.227,0.05,12.927,0.04,12.782,0.07,,,11.959,0.023,11.682,0.022,11.64,0.019,6194,149,124,4.167,0.15,0.21,-0.215,0.16,0.24,1.321,0.474,0.207,1.104,0.156,0.156,0.402,0.25,0.216,651.7,197.2,112.1,0.033,0.007,0.008,,,
2940,2940,2940,212008802,08 56 59.753,+20 23 59.87,1,14.614,,,552-044789,08565975+2023598,,STAR,gri,rpm,3.2,4.8,-5.6,5.1,,,15.663,0.06,14.792,0.08,,,15.216,0.06,14.554,0.1,14.356,0.03,,,13.219,0.023,12.835,0.026,12.666,0.023,5396,163,163,4.514,0.06,0.72,-0.137,0.2,0.4,0.858,1.234,0.084,0.9,0.075,0.09,1.384,0.358,1.274,636.9,884.7,83.46,0.034,0.008,0.007,,,
2941,2941,2941,212008812,08 58 21.341,+20 24 00.19,1,13.209,,,553-045290,08582134+2024002,,STAR,gri,rpm,4.4,1.5,-1.8,1.6,,,14.334,0.02,13.424,0.05,,,13.878,0.05,13.18,0.06,12.923,0.05,,,11.897,0.021,11.409,0.023,11.35,0.019,5006,100,80,3.088,0.45,0.75,-0.598,0.35,0.35,4.346,5.795,1.501,0.957,0.224,0.084,0.01,0.036,0.009,1633,1923,609.1,0.034,0.011,0.007,,,
2942,2942,2942,212008860,08 27 27.238,+20 24 03.69,1,12.292,,,553-043906,08272724+2024037,,STAR,gri,rpm,-7.1,1.5,4.6,1.2,,,12.971,0.01,12.422,0.01,,,12.642,0.06,12.26,0.04,12.141,0.061,,,11.263,0.022,10.933,0.022,10.897,0.017,5937,142,142,4.173,0.26,0.312,-0.142,0.15,0.27,1.368,0.596,0.415,1.062,0.133,0.111,0.334,0.634,0.197,452,191.8,134.6,0.033,0.01,0.008,,,
2943,2943,2943,212008870,08 31 08.410,+20 24 04.26,1,17.474,,,,08310840+2024042,,STAR,JHK,col,,,,,,,,,,,,,,,,,,,,,15.954,0.076,15.587,0.116,15.339,0.173,4975,879,1407,4.62,0.36,0.2,-0.432,0.35,0.49,0.612,0.289,0.347,0.69,0.138,0.413,2.441,9.243,1.487,1396,1196,991.1,0.032,0.011,0.007,,,
2944,2944,2944,212008910,08 28 52.110,+20 24 06.83,1,12.827,,,553-043966,08285211+2024067,,STAR,gri,rpm,9.5,2.6,-1.1,1.5,,,13.464,0.042,12.952,0.031,,,13.167,0.06,12.816,0.01,12.681,0.062,,,11.845,0.022,11.549,0.022,11.496,0.021,6068,121,121,4.168,0.216,0.216,-0.204,0.2,0.28,1.317,0.429,0.276,1.077,0.124,0.149,0.416,0.359,0.219,601.3,169.8,132.4,0.033,0.007,0.006,,,
2945,2945,2945,212008964,08 35 39.281,+20 24 09.91,1,17.301,,,,08353928+2024099,5045-301-5-0122-0266,STAR,gri,rpm,-29,3,-14,3,,,,,,,21.353,0.106,19.489,0.013,18.001,0.007,16.363,0.004,15.468,0.005,13.961,0.025,13.332,0.027,13.046,0.025,3488,82,82,5.063,0.06,0.03,-0.046,0.15,0.21,0.218,0.025,0.035,0.205,0.034,0.04,19.1,6.962,3.029,125.6,15.45,23.08,0.018,0.006,0.003,,,
2946,2946,2946,212009019,09 08 25.072,+20 24 12.92,1,19.694,,,,,5061-301-2-0155-0193,STAR,gri,,0,3,-1,3,,,,,,,19.959,0.035,19.69,0.013,19.695,0.016,19.534,0.02,19.548,0.068,,,,,,,,,,,,,,,,,,,,,,,,,,,,,,,,,
2947,2947,2947,212009051,09 06 34.075,+20 24 14.89,1,15.671,,,,09063407+2024148,5071-301-2-0150-0272,EXTENDED,gri,,31,5,-11,5,,,,,,,17.494,0.022,16.245,0.005,15.695,0.005,15.425,0.005,15.217,0.011,16.453,0.191,,,,,,,,,,,,,,,,,,,,,,,,,,,,,,,
2948,2948,2948,212009052,08 26 01.005,+20 24 14.90,1,20.021,,,,,4508-301-1-0088-0477,STAR,gri,,2,5,-7,5,,,,,,,20.531,0.055,20.133,0.019,19.984,0.021,19.93,0.026,19.725,0.064,,,,,,,,,,,,,,,,,,,,,,,,,,,,,,,,,
2949,2949,2949,212009074,08 33 46.171,+20 24 16.38,1,10.444,,1398-535-1,553-044236,08334617+2024164,,STAR,BV,rpm,-17.3,1.2,-24.3,1.3,,,11.403,0.081,10.62,0.065,,,11.305,0.03,,,,,,,9.341,0.019,8.893,0.034,8.818,0.021,5119,154,154,3.264,0.564,0.846,-0.555,0.48,0.4,3.668,5.856,1.648,0.947,0.264,0.063,0.013,0.079,0.013,432.3,565.4,176,0.031,0.01,0.01,,,
2950,2950,2950,212009125,09 09 58.249,+20 24 19.04,1,12.69,,,553-045724,09095825+2024189,,STAR,gri,rpm,-22.8,1.9,-10.7,2.3,,,14.204,0.05,13.03,0.07,,,13.71,0.07,12.645,0.04,12.253,0.09,,,11.072,0.022,10.543,0.023,10.39,0.023,4708,72,163,4.633,0.025,0.045,0.053,0.21,0.12,0.687,0.07,0.014,0.771,0.06,0.037,2.278,0.137,0.405,156.8,39.15,9.248,0.023,0.005,0.002,,,
2951,2951,2951,212009131,08 31 35.950,+20 24 19.25,1,18.871,,,,08313595+2024192,6597-301-1-0218-0392,STAR,gri,rpm,-28,5,-17,5,,,,,,,24.605,0.823,21.348,0.042,19.777,0.018,17.81,0.008,16.709,0.01,15.073,0.043,14.388,0.049,14.178,0.056,3412,140,168,5.133,0.035,0.049,-0.174,0.25,0.25,0.179,0.032,0.014,0.161,0.042,0.019,27.42,4.944,7.186,163.8,42.03,21.79,0.022,0.01,0.006,,,
2952,2952,2952,212009150,08 27 20.753,+20 24 20.89,1,16.403,,,,08272075+2024208,6597-301-2-0212-0225,STAR,gri,rpm,-115,3,-48,3,,,,,,,21.236,0.091,18.401,0.007,16.875,0.005,15.547,0.005,14.823,0.005,13.473,0.024,12.861,0.024,12.62,0.024,3500,86,129,5.136,0.03,0.03,-0.288,0.2,0.24,0.178,0.019,0.011,0.161,0.022,0.008,27.58,4.085,4.213,95.88,41.06,20.28,0.016,0.005,0.007,,,
2953,2953,2953,212009226,08 51 08.094,+20 24 26.37,1,12.683,,,553-045016,08510809+2024264,,STAR,gri,rpm,7.2,1.8,-43.4,1.7,,,14.267,0.02,13.143,0.01,,,13.739,0.02,12.671,0.04,12.231,0.04,,,10.923,0.023,10.325,0.024,10.242,0.026,4426,53,88,4.685,0.045,0.02,0.044,0.15,0.18,0.618,0.028,0.047,0.69,0.036,0.044,2.818,0.554,0.188,124.7,25.37,17.83,0.018,0.007,0.007,,,
2954,2954,2954,212009240,09 09 32.980,+20 24 26.98,1,15.148,,,,09093297+2024269,5061-301-2-0157-0174,EXTENDED,gri,,3,2,6,2,,,,,,,16.815,0.012,15.64,0.003,15.195,0.003,14.937,0.004,14.751,0.009,15.839,0.152,15.499,0.216,15.148,0.183,,,,,,,,,,,,,,,,,,,,,,,,,,,
2955,2955,2955,212009242,08 35 11.442,+20 24 27.21,1,15.484,,,553-044306,08351144+2024272,5045-301-5-0121-0161,STAR,JHK,rpm,-6.8,3.1,0.7,3.1,,,,,,,,,,,,,,,,,13.951,0.025,13.476,0.027,13.33,0.03,5046,153,153,4.584,0.04,1.072,-0.217,0.25,0.45,0.763,2.097,0.069,0.816,0.09,0.075,1.781,0.36,1.744,726.1,1921,83.41,0.034,0.01,0.008,,,
2956,2956,2956,212009255,09 08 27.272,+20 24 27.72,1,14.082,,,553-045662,09082727+2024276,,STAR,JHK,col,,,,,,,,,,,,,,,,,,,,,12.649,0.021,12.19,0.03,12.077,0.023,5123,151,151,4.545,0.06,1.224,-0.306,0.3,0.48,0.814,2.76,0.107,0.862,0.117,0.117,1.591,0.459,1.568,451,1413,88.44,0.032,0.008,0.007,,,
2957,2957,2957,212009310,08 27 58.545,+20 24 31.32,1,10.862,,1387-211-1,553-043928,08275855+2024312,,STAR,gri,plx,-7.2,1.7,4.1,1.8,,,11.983,0.173,11.278,0.122,,,11.707,0.06,10.831,0.02,10.5,0.06,,,9.209,0.021,8.696,0.073,8.564,0.021,4804,95,95,3.169,0.19,0.304,-0.079,0.16,0.2,4.624,1.738,0.943,1.216,0.158,0.158,0.01,0.012,0.006,409,78.18,78.18,0.033,0.01,0.007,,,
2958,2958,2958,212009368,09 12 22.335,+20 24 34.80,1,15.439,,,553-045807,09122233+2024349,5071-301-1-0158-0159,STAR,gri,rpm,-2.5,3,-3.8,3.4,,,16.498,0.02,15.754,0.06,,,16.036,0.06,15.409,0.07,15.183,0.098,,,14.105,0.024,13.64,0.028,13.543,0.033,5173,153,122,4.556,0.05,1.2,-0.353,0.3,0.54,0.79,2.389,0.083,0.841,0.071,0.085,1.587,0.476,1.563,853.8,2485,115.3,0.033,0.008,0.007,,,
2959,2959,2959,212009377,09 00 01.853,+20 24 35.43,1,11.824,,,553-045358,09000185+2024353,,STAR,gri,rpm,-39.8,6.8,-0.3,5.3,,,12.611,0.04,11.968,0.03,,,12.234,0.05,11.821,0.04,11.647,0.08,,,10.764,0.023,10.492,0.024,10.376,0.023,6009,142,118,4.294,0.1,0.22,-0.235,0.25,0.3,1.164,0.354,0.178,1,0.135,0.112,0.594,0.294,0.306,317.8,98.07,49.17,0.031,0.005,0.008,,,
2960,2960,2960,212009427,08 31 29.870,+20 24 37.52,1,14.072,,,553-044102,08312987+2024374,6597-301-1-0218-0019,STAR,JHK,rpm,-35.6,2.6,-10,2.5,,,,,,,,,,,,,,,,,11.674,0.022,10.949,0.023,10.767,0.02,4109,144,96,4.781,0.025,0.04,0.012,0.18,0.12,0.508,0.042,0.026,0.579,0.054,0.033,4.263,0.564,0.651,131.5,20.88,18.02,0.02,0.005,0.006,,,
2961,2961,2961,212009486,08 59 23.693,+20 24 41.70,1,11.796,,,553-045332,08592369+2024417,,STAR,gri,lam,-4,1.2,-4.9,1.3,,,13.076,0.04,12.073,0.03,,,12.541,0.05,11.79,0.04,11.477,0.07,,,10.298,0.023,9.784,0.023,9.672,0.02,4786,76,76,2.992,0.135,0.135,-0.162,0.12,0.12,5.661,1.005,0.854,1.216,0.179,0.128,0.006,0.004,0.002,940.8,156.9,134.5,0.034,0.008,0.007,,,
2962,2962,2962,212009498,08 26 32.359,+20 24 42.38,1,9.831,,1387-205-1,553-043858,08263236+2024423,,STAR,gri,plx,-27.4,1.2,-1.5,1.3,,,10.966,0.071,10.04,0.042,,,10.624,0.03,10.053,0.04,9.491,0.06,,,8.347,0.018,7.872,0.026,7.766,0.02,5100,61,81,3.053,0.115,0.115,-0.94,0.2,0.2,4.612,0.654,0.573,0.893,0.018,0.018,0.009,0.005,0.003,317.6,32.27,32.27,0.031,0.007,0.006,,,
2963,2963,2963,212009549,09 08 52.985,+20 24 45.82,1,16.767,,,,09085298+2024458,,STAR,J,col,,,,,,,,,,,,,,,,,,,,,15.321,0.076,14.688,0.117,14.216,0.089,3801,502,314,4.927,0.13,0.182,-0.132,0.2,0.32,0.332,0.181,0.117,0.35,0.228,0.163,8.576,9.136,4.984,412.2,309.1,176.6,0.029,0.01,0.008,,,
2964,2964,2964,212009554,09 08 26.776,+20 24 46.11,1,12.362,,,553-045660,09082677+2024459,,STAR,gri,rpm,-21.1,2.1,3,2.6,,,13.151,0.05,12.482,0.09,,,12.802,0.06,12.292,0.1,12.174,0.1,,,11.357,0.022,11.095,0.03,11.03,0.022,6020,183,146,4.24,0.135,0.243,-0.18,0.2,0.24,1.252,0.423,0.208,1.065,0.117,0.097,0.483,0.3,0.26,458.8,157.3,77.19,0.032,0.01,0.005,,,
2965,2965,2965,212009658,08 31 09.851,+20 24 52.01,1,17.375,,,,08310985+2024520,6728-301-1-0124-0246,EXTENDED,gri,,10,2,4,2,,,,,,,18.908,0.034,17.834,0.007,17.421,0.007,17.178,0.008,17.223,0.026,16.404,0.157,16.023,0.213,,,,,,,,,,,,,,,,,,,,,,,,,,,,,
2966,2966,2966,212009702,09 04 52.715,+20 24 54.45,1,13.173,,,553-045531,09045269+2024545,,STAR,gri,rpm,-8.7,2.1,3.5,2,,,13.797,0.09,13.303,0.08,,,13.489,0.1,13.166,0.11,13.038,0.11,,,12.37,0.023,12.095,0.021,12.028,0.019,6090,150,150,4.24,0.13,0.208,-0.229,0.25,0.3,1.268,0.391,0.196,1.05,0.121,0.121,0.487,0.294,0.258,740.4,224,127.4,0.033,0.008,0.007,,,
2967,2967,2967,212009703,08 25 59.670,+20 24 54.47,1,17.673,,,,08255967+2024544,4508-301-1-0088-0272,EXTENDED,gri,,-4,3,-6,3,,,,,,,20.322,0.068,18.561,0.009,17.691,0.006,17.293,0.006,16.995,0.013,16.232,0.096,15.403,0.105,15.202,0.129,,,,,,,,,,,,,,,,,,,,,,,,,,,
2968,2968,2968,212009807,08 32 53.946,+20 25 00.49,1,14.103,,,553-044183,08325394+2025005,4555-301-2-0110-0076,STAR,gri,rpm,14.7,2.1,11.2,2.2,,,15.212,0.02,14.391,0.06,,,14.813,0.03,14.145,0.01,13.799,0.069,,,12.868,0.023,12.459,0.021,12.365,0.021,5250,104,104,4.556,0.035,0.861,-0.233,0.25,0.3,0.802,1.453,0.07,0.851,0.075,0.075,1.606,0.281,1.526,495.6,842,56.74,0.034,0.01,0.007,,,
2969,2969,2969,212009830,09 03 20.763,+20 25 01.80,1,17.105,,,,09032076+2025018,5061-301-3-0148-0098,EXTENDED,gri,,-1,2,-2,2,,,,,,,18.782,0.033,17.615,0.007,17.149,0.008,16.886,0.01,16.782,0.034,16.694,0.152,16.156,0.186,15.82,0.193,,,,,,,,,,,,,,,,,,,,,,,,,,,
2970,2970,2970,212009862,08 57 26.465,+20 25 03.48,1,14.56,,,553-045258,08572646+2025035,5071-301-4-0137-0085,STAR,gri,rpm,-0.2,4.6,-10.6,4.9,,,16.017,0.06,14.957,0.04,,,15.563,0.1,14.547,0.09,14.131,0.06,,,12.896,0.021,12.306,0.021,12.208,0.021,4608,110,138,4.659,0.035,0.035,-0.116,0.16,0.24,0.652,0.05,0.055,0.712,0.053,0.064,2.561,0.413,0.421,336.2,40.32,36.01,0.031,0.008,0.005,,,
2971,2971,2971,212009879,08 26 06.225,+20 25 04.48,1,16.725,,,,08260622+2025044,4508-301-1-0088-0285,EXTENDED,gri,,12,2,50,12,,,,,,,20.667,0.202,17.921,0.011,16.79,0.006,16.213,0.005,15.796,0.011,15.495,0.075,14.735,0.087,14.12,0.061,,,,,,,,,,,,,,,,,,,,,,,,,,,
2972,2972,2972,212009882,08 52 45.899,+20 25 04.50,1,11.401,,1399-345-1,553-045100,08524590+2025044,,STAR,gri,rpm,-16.7,1.6,-3,1.7,,,11.934,0.169,11.577,0.178,,,11.587,0.03,11.34,0.02,11.28,0.04,,,10.566,0.022,10.374,0.022,10.33,0.02,6644,133,133,4.155,0.126,0.147,-0.025,0.08,0.14,1.542,0.359,0.214,1.373,0.086,0.086,0.332,0.153,0.137,432,102.4,60.91,0.03,0.007,0.01,,,
2973,2973,2973,212009901,08 29 39.128,+20 25 05.52,1,17.1,,,,08293912+2025055,,STAR,J,col,,,,,,,,,,,,,,,,,,,,,15.631,0.075,14.955,0.106,14.299,0.075,3609,305,254,5.022,0.11,0.132,-0.092,0.16,0.24,0.248,0.111,0.077,0.255,0.175,0.117,14.68,12.65,7.716,319.8,201.2,123.5,0.029,0.01,0.008,,,
2974,2974,2974,212009960,09 11 29.215,+20 25 09.33,1,10.362,,1407-23-1,553-045776,09112921+2025093,,STAR,gri,rpm,-6.9,1.4,-0.7,1.4,,,11.413,0.062,10.614,0.044,,,11.006,0.02,10.34,0.02,10.086,0.05,,,9.058,0.022,8.606,0.042,8.51,0.018,5074,82,82,2.421,0.63,0.075,-0.683,0.15,0.15,9.831,0.85,5.169,0.967,0.087,0.073,9.55E-04,0.007,2.14E-04,931,80.46,435.2,0.032,0.008,0.007,,,
2975,2975,2975,212009975,09 08 16.801,+20 25 10.09,1,14.054,,,553-045656,09081679+2025104,,STAR,gri,rpm,80,8,-342,8,,,15.839,0.09,14.555,0.05,,,15.304,0.04,14.044,0.08,13.519,0.09,,,12.216,0.022,11.639,0.027,11.477,0.023,3586,587,391,5.054,0.1,0.12,-0.271,0.3,0.48,0.226,0.115,0.066,0.214,0.151,0.084,17.53,13.29,8.622,60.41,35.55,25.74,0.009,0.007,0.005,,,
2976,2976,2976,212009980,08 56 05.509,+20 25 10.31,1,17.659,,,,08560550+2025103,5071-301-4-0135-0185,EXTENDED,gri,,-3,3,-3,3,,,,,,,20.738,0.108,18.757,0.01,17.619,0.007,17.189,0.006,16.904,0.016,16.029,0.081,15.301,0.096,14.805,0.095,,,,,,,,,,,,,,,,,,,,,,,,,,,
2977,2977,2977,212009981,09 08 59.011,+20 25 10.39,1,17.252,,,,09085901+2025103,5061-301-2-0156-0204,EXTENDED,gri,,3,2,-3,2,,,,,,,19.852,0.054,18.223,0.008,17.285,0.006,16.836,0.006,16.461,0.013,15.795,0.078,15.349,0.12,14.675,0.105,,,,,,,,,,,,,,,,,,,,,,,,,,,
2978,2978,2978,212009999,08 31 01.054,+20 25 11.65,1,12.016,,,553-044078,08310105+2025114,,STAR,gri,rpm,-7,1.1,-16.3,1.5,,,12.876,0.02,12.194,0.04,,,12.486,0.04,11.983,0.03,11.814,0.06,,,10.87,0.022,10.507,0.021,10.474,0.022,5665,134,134,4.441,0.06,0.6,-0.077,0.15,0.33,0.985,1.07,0.091,0.991,0.134,0.067,0.985,0.313,0.866,269,290.5,36.65,0.027,0.011,0.006,,,
2979,2979,2979,212010035,08 58 30.150,+20 25 14.46,1,18.732,,,,,5061-301-4-0141-0156,STAR,gri,,3,3,0,3,,,,,,,19.451,0.027,18.918,0.009,18.577,0.009,18.652,0.011,18.548,0.035,,,,,,,,,,,,,,,,,,,,,,,,,,,,,,,,,
2980,2980,2980,212010075,08 34 30.385,+20 25 17.40,1,13.74,,,553-044274,08343038+2025173,,STAR,BV,rpm,-12.7,4.8,-10.6,2.1,,,14.881,0.04,13.905,0.035,,,14.377,0.036,,,,,,,12.362,0.021,11.932,0.023,11.807,0.02,5226,123,123,4.53,0.045,1.008,-0.189,0.25,0.55,0.845,1.92,0.073,0.886,0.088,0.063,1.44,0.356,1.397,415.9,869.3,45.22,0.032,0.008,0.008,,,
2981,2981,2981,212010099,08 53 49.523,+20 25 18.90,1,12.827,,,553-045139,08534953+2025189,,STAR,gri,rpm,-9.6,1.4,-13.2,1.9,,,13.897,0.01,13.025,0.01,,,13.453,0.02,12.774,0.02,12.559,0.03,,,11.472,0.022,11.031,0.022,10.916,0.018,5145,102,81,3.661,0.91,0.325,-0.323,0.24,0.42,2.363,1.294,1.626,0.945,0.249,0.096,0.059,1.578,0.042,775.9,295.1,532.8,0.033,0.008,0.01,,,
2982,2982,2982,212010186,08 52 02.437,+20 25 24.93,1,15.505,,,553-045064,08520243+2025249,,STAR,gri,rpm,3,3.1,-3.9,3.2,,,15.723,0.09,15.531,0.07,,,15.549,0.04,15.491,0.04,15.485,0.11,,,14.764,0.032,14.56,0.045,14.551,0.073,7006,70,422,2.936,1.152,0.02,-1.971,0.14,0.05,5.031,0.101,3.614,0.802,0.019,0.016,0.006,0.318,3.74E-04,8978,269.3,6382,0.029,0.001,0.003,,,
2983,2983,2983,212010280,08 27 19.513,+20 25 30.62,1,16.309,,,,08271951+2025306,6597-301-2-0212-0231,STAR,gri,rpm,-21,3,-57,3,,,,,,,20.664,0.059,18.085,0.006,16.676,0.004,15.548,0.005,14.934,0.005,13.597,0.028,12.993,0.029,12.743,0.024,3588,86,71,5.012,0.042,0.036,0.021,0.15,0.21,0.264,0.031,0.033,0.266,0.045,0.045,13.58,3.715,2.154,135.2,21.11,18.26,0.019,0.01,0.005,,,
2984,2984,2984,212010389,09 11 45.221,+20 25 38.79,1,8.574,45131,1407-22-1,553-045786,09114522+2025388,,STAR,BV,plx,-31.07,1.32,-4.34,0.43,8.4,0.94,9.116,0.017,8.636,0.012,,,,,,,,,,,7.709,0.027,7.5,0.017,7.464,0.021,6458,257,257,4.137,0.1,0.1,-0.027,0.15,0.15,1.612,0.229,0.169,1.34,0.082,0.098,0.29,0.115,0.082,119,13.32,13.32,0.017,0.005,0.003,,,
2985,2985,2985,212010447,08 54 44.321,+20 25 42.41,1,15.018,,,553-045171,08544431+2025425,,STAR,JHK,rpm,21.6,5.3,-62.1,5.3,,,,,,,,,,,,,,,,,12.863,0.023,12.248,0.028,12.034,0.024,3771,146,175,4.931,0.08,0.06,-0.056,0.16,0.2,0.342,0.055,0.081,0.367,0.074,0.103,8.788,4.636,2.045,128.3,31.37,33.84,0.019,0.006,0.006,,,
2986,2986,2986,212010452,08 32 59.620,+20 25 42.79,1,14.643,,,553-044192,08325962+2025429,,STAR,gri,rpm,-3.7,3,-19,3.2,,,16.163,0.11,14.929,0.044,,,15.52,0.04,14.632,0.01,14.267,0.076,,,13.191,0.023,12.684,0.018,12.567,0.021,4801,96,77,4.626,0.025,0.035,-0.097,0.16,0.2,0.701,0.052,0.049,0.762,0.047,0.056,2.172,0.265,0.28,439,41.91,32.12,0.033,0.013,0.009,,,
2987,2987,2987,212010472,08 54 20.549,+20 25 43.83,1,17.598,,,,08542054+2025438,5038-301-1-0048-0284,STAR,gri,rpm,7,3,-39,3,,,,,,,20.785,0.056,18.593,0.008,17.577,0.006,17.171,0.006,16.938,0.011,15.893,0.078,15.329,0.087,14.938,0.099,4349,69,43,4.914,0.072,0.072,-1.108,0.25,0.3,0.378,0.055,0.057,0.435,0.059,0.07,7.851,2.937,2.137,710.9,118.6,120.1,0.032,0.008,0.008,,,
2988,2988,2988,212010494,08 58 11.230,+20 25 45.54,1,10.742,,1400-485-1,553-045285,08581122+2025455,,STAR,gri,plx,11.9,1.2,-0.3,1.2,,,11.088,0.079,10.79,0.091,,,10.92,0.05,10.683,0.07,10.607,0.06,,,9.964,0.021,9.778,0.021,9.744,0.019,6594,200,200,4.231,0.065,0.091,-0.043,0.12,0.15,1.444,0.169,0.127,1.322,0.08,0.096,0.424,0.11,0.117,283.2,40.76,40.76,0.028,0.008,0.007,,,
2989,2989,2989,212010530,08 29 27.247,+20 25 47.11,1,8.793,41638,1387-159-1,553-043998,08292725+2025470,,STAR,BV,plx,-83.89,1.34,14.48,0.92,8.6,1.06,9.365,0.023,8.863,0.019,,,10.182,0.03,,,,,,,7.837,0.034,7.545,0.017,7.541,0.031,6032,178,178,4.01,0.078,0.078,-0.148,0.2,0.28,1.747,0.082,0.109,1.157,0.118,0.118,0.216,0.05,0.04,123.7,5.077,5.077,0.018,0.004,0.004,,,
2990,2990,2990,212010540,09 03 12.851,+20 25 47.51,1,14.552,,,553-045470,09031284+2025473,5061-301-3-0147-0138,STAR,gri,rpm,5.3,4.9,-6.5,3,,,15.748,0.05,14.817,0.04,,,15.232,0.07,14.491,0.06,14.261,0.04,,,13.154,0.022,12.691,0.022,12.591,0.023,5092,121,101,4.548,0.055,1.221,-0.232,0.25,0.45,0.82,2.708,0.102,0.864,0.132,0.083,1.55,0.424,1.528,562.6,1769,89.89,0.033,0.01,0.007,,,
2991,2991,2991,212010565,09 02 20.466,+20 25 49.45,1,14.531,,,553-045454,09022047+2025494,5071-301-3-0144-0053,STAR,gri,rpm,-6.6,3.7,-15,2.3,,,14.746,0.16,14.51,0.12,,,14.529,0.17,14.532,0.15,14.426,0.2,,,13.547,0.022,13.245,0.028,13.171,0.032,6010,182,182,4.329,0.115,0.276,-0.605,0.35,0.42,1.07,0.387,0.181,0.875,0.109,0.061,0.708,0.363,0.423,1030,387.1,167.3,0.033,0.008,0.006,,,
2992,2992,2992,212010576,08 34 36.255,+20 25 50.15,1,15.111,,,553-044279,08343625+2025501,,STAR,JHK,rpm,-6.7,4,-1.7,4.6,,,,,,,,,,,,,,,,,13.148,0.022,12.547,0.027,12.376,0.024,4018,558,232,4.841,0.095,0.209,-0.097,0.16,0.24,0.433,0.228,0.106,0.492,0.246,0.134,5.48,3.912,3.248,208.8,183.2,56.42,0.026,0.008,0.01,,,
2993,2993,2993,212010688,08 57 23.151,+20 25 56.24,1,12.869,,,553-045255,08572315+2025564,,STAR,gri,rpm,-16.6,2.3,-10.9,1.9,,,13.97,0.03,13.082,0.05,,,13.525,0.06,12.799,0.08,12.588,0.04,,,11.536,0.021,11.145,0.019,11.089,0.021,5332,160,96,4.519,0.05,0.7,-0.12,0.24,0.32,0.875,1.247,0.099,0.899,0.113,0.094,1.321,0.361,1.214,297.4,424.2,35.37,0.03,0.01,0.007,,,
2994,2994,2994,212010842,08 55 06.835,+20 26 05.48,1,16.838,,,,08550683+2026054,,STAR,JHK,col,,,,,,,,,,,,,,,,,,,,,14.72,0.031,14.179,0.041,13.902,0.039,3557,183,220,5.027,0.09,0.075,-0.056,0.15,0.21,0.243,0.074,0.066,0.232,0.117,0.084,15.66,10.81,5.549,197.1,79.38,65.78,0.023,0.01,0.007,,,
2995,2995,2995,212010882,08 54 10.141,+20 26 08.35,1,14.504,,,553-045149,08541014+2026085,,STAR,gri,lam,2.9,2.7,-9.7,3,,,15.492,0.01,14.725,0.04,,,15.106,0.02,14.494,0.02,14.247,0.076,,,13.263,0.023,12.831,0.03,12.753,0.024,5185,103,82,3.66,0.084,0.098,-0.539,0.15,0.15,2.387,0.309,0.273,0.95,0.099,0.038,0.07,0.024,0.022,1702,185,146.9,0.034,0.007,0.007,,,
2996,2996,2996,212010906,08 27 58.722,+20 26 09.55,1,15.403,,,553-043929,08275872+2026093,6597-301-2-0213-0067,STAR,JHK,rpm,-1.7,4.1,3.9,5.3,,,,,,,,,,,,,,,,,13.97,0.024,13.458,0.028,13.398,0.035,4944,148,118,4.598,0.042,1.162,-0.22,0.24,0.4,0.735,2.288,0.06,0.794,0.093,0.077,1.922,0.41,1.891,695,2149,77,0.033,0.01,0.007,,,
2997,2997,2997,212010930,08 31 42.312,+20 26 10.46,1,19.005,,,,08314231+2026104,6597-301-1-0218-0295,STAR,gri,,4,3,-1,3,,,,,,,19.58,0.029,19.458,0.012,18.958,0.011,18.811,0.013,18.822,0.039,16.754,0.151,16.215,0.204,,,,,,,,,,,,,,,,,,,,,,,,,,,,,
2998,2998,2998,212010947,09 04 56.691,+20 26 11.25,1,18.254,,,,09045669+2026112,5061-301-3-0150-0063,EXTENDED,gri,,-3,3,5,3,,,,,,,21.25,0.112,19.307,0.012,18.286,0.009,17.803,0.008,17.532,0.022,16.602,0.127,15.685,0.118,15.268,0.119,,,,,,,,,,,,,,,,,,,,,,,,,,,
2999,2999,2999,212010968,08 27 10.373,+20 26 12.52,1,11.551,,1387-122-1,553-043893,08271037+2026126,,STAR,gri,plx,-18,1.9,-23.3,2.1,,,12.669,0.315,11.924,0.212,,,12.066,0.06,11.509,0.01,11.331,0.06,,,10.394,0.022,10.08,0.022,10.005,0.019,5791,114,114,4.414,0.05,0.09,0.029,0.15,0.15,1.043,0.118,0.08,1.028,0.052,0.062,0.889,0.18,0.227,249.3,31.27,31.27,0.027,0.01,0.007,,,
3000,3000,3000,212010971,08 27 22.569,+20 26 12.55,1,18.156,,,,08272256+2026125,6597-301-2-0212-0072,EXTENDED,gri,,8,3,-6,3,,,,,,,18.682,0.019,18.23,0.007,18.131,0.008,17.721,0.008,17.994,0.025,16.803,0.16,,,,,,,,,,,,,,,,,,,,,,,,,,,,,,,
3001,3001,3001,212011066,09 03 39.612,+20 26 18.37,1,16.581,,,,09033961+2026183,5061-301-3-0148-0168,EXTENDED,gri,,-2,2,1,2,,,,,,,19.52,0.054,17.583,0.006,16.614,0.005,16.151,0.005,15.812,0.011,15.427,0.078,14.583,0.069,14.406,0.082,,,,,,,,,,,,,,,,,,,,,,,,,,,
3002,3002,3002,212011130,08 34 20.808,+20 26 21.33,1,17.799,,,,08342080+2026213,,STAR,J,col,,,,,,,,,,,,,,,,,,,,,16.281,0.106,15.768,0.158,14.843,0.113,3573,327,273,5.022,0.11,0.132,-0.128,0.2,0.28,0.242,0.133,0.074,0.252,0.172,0.115,14.68,12.65,7.716,453.4,293.9,178.3,0.031,0.008,0.008,,,
3003,3003,3003,212011225,08 32 07.259,+20 26 26.71,1,15.603,,,,08320725+2026267,6597-301-1-0219-0080,EXTENDED,gri,,,,,,,,,,,,18.46,0.027,16.503,0.004,15.62,0.003,15.217,0.003,14.887,0.006,14.562,0.06,13.918,0.08,13.568,0.066,,,,,,,,,,,,,,,,,,,,,,,,,,,
3004,3004,3004,212011227,08 50 12.570,+20 26 26.79,1,18.576,,,,08501257+2026267,5037-301-2-0132-0188,STAR,gri,col,,,,,,,,,,,22.751,0.25,20.151,0.017,18.783,0.01,17.901,0.008,17.385,0.013,16.027,0.087,15.503,0.102,15.289,0.137,3649,58,43,4.961,0.035,0.042,0.062,0.1,0.08,0.311,0.035,0.031,0.329,0.042,0.042,10.64,2.301,1.892,496.3,93.55,78.71,0.031,0.008,0.007,,,
3005,3005,3005,212011228,08 27 01.135,+20 26 26.86,1,14.11,,,553-043884,08270113+2026269,6597-301-2-0211-0198,STAR,gri,rpm,-1.7,3,1.7,3.4,,,15.177,0.09,14.355,0.07,,,14.764,0.03,14.087,0.02,13.829,0.07,,,12.738,0.024,12.319,0.024,12.207,0.025,5170,122,102,3.473,0.9,0.9,-0.416,0.4,0.4,2.206,3.325,1.507,0.947,0.23,0.125,0.032,0.774,0.031,1180,1174,710,0.034,0.007,0.006,,,
3006,3006,3006,212011229,08 26 49.937,+20 26 26.87,1,14.53,,,553-043869,08264994+2026270,6597-301-2-0211-0056,STAR,gri,rpm,-5.5,4.4,-19.6,4.9,,,15.662,0.06,14.833,0.07,,,15.246,0.03,14.526,0.01,14.224,0.075,,,13.199,0.024,12.78,0.026,12.689,0.022,5146,83,83,4.578,0.035,0.042,-0.137,0.16,0.24,0.776,0.057,0.064,0.832,0.056,0.078,1.761,0.284,0.245,529.7,55.13,49.93,0.034,0.013,0.008,,,
3007,3007,3007,212011230,09 04 57.844,+20 26 26.94,1,12.375,,,553-045538,09045782+2026270,,STAR,gri,rpm,-9.8,1.7,-17.2,2.1,,,13.702,0.05,12.695,0.03,,,13.195,0.05,12.331,0.07,12.023,0.08,,,10.862,0.022,10.33,0.022,10.24,0.019,4876,76,96,3.333,0.959,0.685,-0.162,0.2,0.44,3.618,3.519,2.688,0.988,0.241,0.172,0.02,0.778,0.018,758.5,686.8,574.9,0.033,0.016,0.01,,,
3008,3008,3008,212011306,08 28 30.340,+20 26 30.89,1,14.921,,,553-043951,08283033+2026309,6597-301-2-0213-0159,STAR,BV,rpm,5.1,19.2,4.3,12.7,,,15.684,0.07,15.044,0.05,,,15.3,0.1,,,,,,,13.611,0.024,13.191,0.027,13.108,0.028,5310,211,169,4.544,0.045,0.72,-0.285,0.25,0.45,0.816,1.248,0.089,0.849,0.067,0.081,1.545,0.356,1.427,706.1,1018,86.85,0.033,0.01,0.006,,,
3009,3009,3009,212011311,08 25 46.220,+20 26 31.25,1,13.454,,,553-043823,08254622+2026312,,STAR,gri,rpm,9.8,2.5,-8.2,2.9,,,14.415,0.047,13.686,0.02,,,14.043,0.09,13.425,0.01,13.202,0.064,,,12.046,0.022,11.58,0.023,11.502,0.018,5143,121,101,3.456,1.064,0.76,-0.489,0.4,0.48,2.761,3.115,2.052,0.9,0.171,0.053,0.036,1.142,0.033,1129,1160,812.5,0.032,0.011,0.008,,,
3010,3010,3010,212011318,09 05 49.530,+20 26 31.60,1,17.066,,,,09054952+2026316,5071-301-2-0149-0172,EXTENDED,gri,,-4,2,0,2,,,,,,,18.884,0.03,17.661,0.006,17.11,0.006,16.811,0.006,16.563,0.015,16.23,0.131,15.529,0.169,15.332,0.19,,,,,,,,,,,,,,,,,,,,,,,,,,,
3011,3011,3011,212011357,08 57 53.870,+20 26 33.86,1,18.103,,,,08575386+2026338,5071-301-4-0138-0216,EXTENDED,gri,,-5,3,-5,3,,,,,,,21.598,0.199,19.35,0.014,18.087,0.008,17.568,0.008,17.27,0.019,16.222,0.101,15.559,0.12,15.027,0.121,,,,,,,,,,,,,,,,,,,,,,,,,,,
3012,3012,3012,212011386,08 53 19.886,+20 26 35.43,1,17.249,,,,08531988+2026354,5071-301-5-0131-0240,EXTENDED,gri,,4,3,-1,3,,,,,,,19.729,0.057,18.194,0.009,17.29,0.006,16.844,0.006,16.537,0.013,16.043,0.088,15.187,0.095,14.892,0.1,,,,,,,,,,,,,,,,,,,,,,,,,,,
3013,3013,3013,212011416,08 33 08.445,+20 26 37.38,1,15.132,,,553-044201,08330845+2026372,,STAR,JHK,rpm,-10.9,6.6,1.8,6.3,,,,,,,,,,,,,,,,,12.821,0.023,12.222,0.018,11.944,0.019,3561,113,42,5.002,0.06,0.025,-0.026,0.18,0.09,0.279,0.026,0.055,0.285,0.038,0.069,12.84,5.551,1.657,101,17.66,22.59,0.013,0.007,0.002,,,
3014,3014,3014,212011476,09 04 15.693,+20 26 41.62,1,12.743,,,553-045505,09041567+2026418,,STAR,gri,rpm,3.6,5.2,-9.6,2.3,,,13.11,0.05,12.765,0.04,,,12.851,0.05,12.707,0.08,12.674,0.08,,,12.065,0.025,11.905,0.024,11.835,0.025,6712,248,248,4.187,0.095,0.152,-0.132,0.1,0.12,1.507,0.311,0.198,1.336,0.1,0.12,0.373,0.123,0.147,820.1,150.6,107.5,0.033,0.006,0.011,,,
3015,3015,3015,212011488,08 26 10.004,+20 26 42.33,1,11.384,,1387-88-1,553-043844,08261000+2026422,,STAR,gri,plx,-5.9,1.8,-35.1,1.9,,,12.351,0.261,11.628,0.169,,,11.898,0.07,11.334,0.01,11.163,0.06,,,10.23,0.022,9.915,0.022,9.843,0.018,5775,114,114,4.427,0.045,0.081,0.025,0.12,0.18,1.011,0.11,0.063,1.019,0.053,0.064,0.94,0.177,0.227,222.7,30.79,30.79,0.025,0.008,0.007,,,
3016,3016,3016,212011495,08 59 42.648,+20 26 42.73,1,16.944,,,,08594264+2026427,5061-301-4-0142-0274,EXTENDED,gri,,6,3,-1,3,,,,,,,19.834,0.067,17.953,0.007,16.953,0.005,16.512,0.006,16.176,0.014,15.788,0.072,15.042,0.089,14.656,0.092,,,,,,,,,,,,,,,,,,,,,,,,,,,
3017,3017,3017,212011497,08 26 31.729,+20 26 42.78,1,13.265,,,553-043856,08263173+2026427,,STAR,gri,rpm,-3.4,2.4,4.1,2.8,,,14.305,0.02,13.497,0.03,,,13.868,0.06,13.237,0.01,13.007,0.063,,,11.947,0.021,11.458,0.022,11.373,0.02,5065,101,101,3.001,0.465,0.744,-0.738,0.35,0.35,4.561,6.062,1.709,0.913,0.152,0.04,0.007,0.037,0.006,1688,1891,632.5,0.034,0.01,0.007,,,
3018,3018,3018,212011539,08 51 41.562,+20 26 45.23,1,12.872,,,553-045046,08514156+2026451,,STAR,gri,rpm,-5.4,1.3,-1.6,1.5,,,13.669,0.01,13.034,0.01,,,13.298,0.01,12.841,0.02,12.69,0.05,,,11.772,0.022,11.452,0.021,11.374,0.021,5860,139,92,4.061,0.324,0.27,-0.161,0.15,0.33,1.483,0.612,0.503,1.049,0.14,0.105,0.283,0.646,0.178,632.8,248.8,207.7,0.033,0.011,0.006,,,
3019,3019,3019,212011547,08 35 03.546,+20 26 45.63,1,12.006,,1398-633-1,553-044300,08350355+2026455,,STAR,BV,rpm,-14.3,1.8,-26,2,,,12.425,0.262,12.034,0.221,,,12.078,0.03,,,,,,,10.923,0.023,10.74,0.025,10.58,0.022,6330,153,153,4.22,0.095,0.114,-0.135,0.15,0.21,1.353,0.222,0.191,1.18,0.121,0.121,0.437,0.18,0.148,424.9,67.46,68.87,0.03,0.008,0.005,,,
3020,3020,3020,212011597,09 08 56.953,+20 26 48.36,1,17.472,,,,09085695+2026483,5061-301-2-0156-0043,EXTENDED,gri,,1,2,1,2,,,,,,,19.464,0.045,18.12,0.008,17.554,0.008,17.194,0.009,16.978,0.024,16.658,0.151,16.129,0.2,,,,,,,,,,,,,,,,,,,,,,,,,,,,,
3021,3021,3021,212011634,08 31 50.008,+20 26 50.66,1,12.744,,,553-044115,08315001+2026506,,STAR,gri,rpm,-11.7,2.5,1.8,1.6,,,13.709,0.043,12.974,0.05,,,13.306,0.02,12.754,0.01,12.503,0.061,,,11.545,0.021,11.206,0.025,11.076,0.018,5582,134,111,3.967,0.546,0.252,-0.142,0.25,0.25,1.763,0.613,0.927,1.027,0.216,0.154,0.189,1.216,0.114,618.5,217.4,312.2,0.035,0.005,0.009,,,
3022,3022,3022,212011650,08 59 15.994,+20 26 51.37,1,10.341,,1400-518-1,553-045328,08591598+2026514,,STAR,gri,lam,-11.7,1.4,7.5,1.4,,,10.927,0.066,10.403,0.054,,,10.691,0.06,10.352,0.06,10.191,0.05,,,9.348,0.023,9.035,0.021,8.981,0.017,5866,142,142,3.908,0.07,0.084,-0.599,0.12,0.18,1.759,0.216,0.162,0.938,0.095,0.048,0.16,0.046,0.042,240.2,28.69,18.6,0.026,0.008,0.005,,,
3023,3023,3023,212011699,08 55 22.804,+20 26 54.00,1,17.137,,,,08552280+2026540,,STAR,JHK,col,,,,,,,,,,,,,,,,,,,,,14.694,0.033,14.06,0.037,13.769,0.032,3583,208,208,5.017,0.114,0.095,-0.056,0.15,0.21,0.257,0.089,0.077,0.26,0.118,0.099,13.6,11.72,5.498,213.2,99.28,78.45,0.024,0.011,0.009,,,
3024,3024,3024,212011781,08 52 37.481,+20 26 58.69,1,12.741,,,553-045092,08523747+2026587,,STAR,gri,rpm,-1.7,1.3,-8.3,1.5,,,13.336,0.01,12.838,0.03,,,13.039,0.01,12.707,0.01,12.614,0.05,,,11.808,0.022,11.543,0.022,11.519,0.022,6246,149,99,4.145,0.156,0.156,-0.272,0.25,0.35,1.408,0.401,0.241,1.111,0.167,0.167,0.372,0.231,0.177,633.4,185.6,99.72,0.033,0.013,0.009,,,
3025,3025,3025,212011832,09 05 21.512,+20 27 01.50,1,16.504,,,,09052151+2027015,5061-301-3-0151-0157,EXTENDED,gri,,-7,2,-4,2,,,,,,,18.369,0.057,17.121,0.006,16.569,0.006,16.239,0.006,16.025,0.017,16.348,0.161,15.949,0.215,15.399,0.175,,,,,,,,,,,,,,,,,,,,,,,,,,,
3026,3026,3026,212011870,08 57 49.763,+20 27 03.86,1,17.768,,,,08574976+2027038,5071-301-4-0137-0358,STAR,gri,rpm,-25,3,-66,3,,,,,,,22.372,0.219,19.848,0.014,18.3,0.008,16.876,0.005,16.138,0.008,14.771,0.035,14.179,0.042,14.025,0.047,3491,106,170,5.148,0.02,0.04,-0.325,0.35,0.25,0.176,0.016,0.009,0.161,0.013,0.013,29.03,2.436,4.716,146.8,8.769,13.53,0.022,0.003,0.006,,,
3027,3027,3027,212011980,08 29 35.530,+20 27 09.42,1,14.557,,,553-044008,08293552+2027093,,STAR,gri,rpm,-1,2.7,-1.6,3,,,15.63,0.02,14.823,0.07,,,15.179,0.02,14.437,0.01,14.29,0.076,,,13.155,0.025,12.727,0.029,12.615,0.022,5101,103,82,3.837,0.768,0.384,-0.177,0.2,0.28,1.855,1.29,1.15,0.93,0.288,0.133,0.123,1.545,0.093,1324,782.2,839.8,0.034,0.01,0.007,,,
3028,3028,3028,212012011,08 58 38.652,+20 27 11.44,1,17.789,,,,08583865+2027114,5061-301-4-0141-0053,STAR,gri,col,,,,,,,,,,,22.384,0.211,18.975,0.009,17.793,0.006,17.281,0.006,17.185,0.014,15.751,0.09,15.281,0.12,15.12,0.129,4150,50,66,4.807,0.121,0.055,-0.275,0.3,0.36,0.473,0.065,0.117,0.527,0.075,0.135,4.787,3.785,1.114,759.6,157.9,176.5,0.032,0.008,0.007,,,
3029,3029,3029,212012012,08 54 30.358,+20 27 11.46,1,17.068,,,,08543035+2027114,5038-301-1-0049-0149,EXTENDED,gri,,3,3,-13,3,,,,,,,19.665,0.051,18.008,0.008,17.091,0.006,16.665,0.006,16.341,0.014,15.968,0.087,15.304,0.12,15.034,0.12,,,,,,,,,,,,,,,,,,,,,,,,,,,
3030,3030,3030,212012086,08 58 39.027,+20 27 16.11,1,12.708,,,553-045305,08583903+2027160,,STAR,gri,rpm,-17.1,1.4,-1.9,1.3,,,13.462,0.04,12.822,0.05,,,13.116,0.05,12.687,0.06,12.533,0.07,,,11.71,0.022,11.454,0.027,11.4,0.019,6072,183,146,4.283,0.095,0.171,-0.124,0.15,0.18,1.253,0.316,0.194,1.087,0.115,0.082,0.524,0.258,0.217,525.4,117.4,81.29,0.032,0.01,0.006,,,
3031,3031,3031,212012165,08 51 47.084,+20 27 20.80,1,15.843,,,553-045049,08514709+2027207,5071-301-5-0129-0171,STAR,gri,rpm,-31.6,3.2,0.9,4.3,,,17.584,0.14,16.503,0.08,,,17.273,0.03,15.886,0.09,15.229,0.099,,,13.671,0.025,13.017,0.029,12.806,0.028,3884,116,116,4.874,0.072,0.045,-0.066,0.12,0.21,0.402,0.046,0.064,0.446,0.056,0.09,6.69,2.804,1.314,232.9,35.74,47.56,0.026,0.008,0.007,,,
3032,3032,3032,212012193,08 53 28.622,+20 27 22.40,1,19.177,,,,,5071-301-5-0131-0392,EXTENDED,gri,,-2,3,3,3,,,,,,,20.595,0.122,19.478,0.023,19.164,0.026,19.048,0.037,19.069,0.123,,,,,,,,,,,,,,,,,,,,,,,,,,,,,,,,,
3033,3033,3033,212012199,08 29 44.272,+20 27 22.58,1,12.499,,,553-044017,08294427+2027225,,STAR,gri,rpm,-5,0.6,-1.2,1.1,,,13.174,0.01,12.651,0.031,,,12.874,0.05,12.491,0.041,12.339,0.061,,,11.485,0.023,11.187,0.025,11.122,0.02,6031,143,143,4.16,0.2,0.28,-0.127,0.16,0.28,1.345,0.665,0.299,1.092,0.209,0.13,0.374,0.372,0.232,501.2,275.8,120.1,0.032,0.01,0.007,,,
3034,3034,3034,212012237,09 04 54.768,+20 27 24.87,1,12.881,,,553-045534,09045475+2027248,,STAR,gri,rpm,-10.7,1.8,14.2,2.3,,,13.606,0.04,13.018,0.05,,,13.251,0.05,12.859,0.08,12.722,0.09,,,11.857,0.022,11.589,0.024,11.541,0.02,6061,147,147,4.258,0.12,0.192,-0.159,0.15,0.27,1.218,0.357,0.162,1.061,0.09,0.126,0.547,0.281,0.288,559.1,169.8,85.42,0.033,0.01,0.008,,,
3035,3035,3035,212012311,08 28 03.302,+20 27 28.41,1,16.507,,,,08280330+2027284,6597-301-2-0213-0212,STAR,gri,rpm,-58,3,-30,3,,,,,,,21.376,0.098,18.534,0.008,17.084,0.005,15.638,0.005,14.849,0.005,13.39,0.025,12.758,0.026,12.533,0.023,3559,104,125,5.041,0.035,0.035,-0.048,0.12,0.18,0.239,0.035,0.026,0.23,0.047,0.039,16.8,3.584,3.393,110.4,18.42,18.66,0.017,0.006,0.004,,,
3036,3036,3036,212012339,08 28 30.923,+20 27 30.02,1,17.437,,,,08283092+2027300,,STAR,J,,,,,,,,,,,,,,,,,,,,,,15.945,0.099,15.106,0.108,,,,,,,,,,,,,,,,,,,,,,,,,,,,,
3037,3037,3037,212012354,09 06 07.286,+20 27 30.75,1,15.458,,,553-045573,09060727+2027307,5071-301-2-0149-0104,STAR,gri,rpm,0.2,4.5,5.3,5.1,,,16.683,0.1,15.741,0.14,,,16.189,0.03,15.409,0.1,15.144,0.02,,,14.05,0.031,13.553,0.034,13.541,0.039,5007,148,148,4.596,0.035,0.091,-0.22,0.24,0.36,0.743,1.616,0.062,0.792,0.087,0.072,1.873,0.353,1.805,742.8,1661,95.85,0.033,0.01,0.007,,,
3038,3038,3038,212012355,08 26 16.575,+20 27 30.77,1,17.983,,,,08261657+2027307,,STAR,J,,,,,,,,,,,,,,,,,,,,,,16.45,0.117,,,15.391,0.146,,,,,,,,,,,,,,,,,,,,,,,,,,,
3039,3039,3039,212012368,08 59 09.946,+20 27 31.17,1,14.24,,,553-045323,08590994+2027312,,STAR,gri,rpm,12,5.2,-42.6,3.6,,,15.495,0.07,14.596,0.03,,,15.046,0.03,14.252,0.03,13.894,0.05,,,12.746,0.022,12.182,0.021,12.072,0.02,4741,94,75,4.697,0.084,0.06,-0.603,0.35,0.56,0.581,0.081,0.097,0.613,0.097,0.069,3.004,1.419,0.725,279.5,62.94,35.39,0.026,0.01,0.003,,,
3040,3040,3040,212012387,08 53 06.954,+20 27 32.19,1,13.972,,,553-045116,08530694+2027323,,STAR,gri,rpm,-8.2,2.7,-17.8,2.5,,,15.536,0.14,14.422,0.13,,,15.042,0.15,13.922,0.11,13.514,0.18,,,12.062,0.022,11.433,0.025,11.328,0.022,4412,176,140,4.693,0.048,0.04,-0.045,0.15,0.15,0.609,0.051,0.056,0.672,0.057,0.057,2.908,0.72,0.489,205.3,27.71,28.94,0.025,0.007,0.006,,,
3041,3041,3041,212012399,08 58 20.875,+20 27 32.82,1,12.941,,,553-045288,08582088+2027328,,STAR,gri,lam,-37.6,2.9,6.3,1.7,,,13.799,0.02,13.094,0.06,,,13.424,0.05,12.919,0.07,12.734,0.05,,,11.829,0.021,11.508,0.023,11.435,0.019,5456,194,97,3.724,0.126,0.036,-0.799,0.22,0.08,2.158,0.11,0.252,0.897,0.039,0.018,0.088,0.045,0.01,827,39.77,62.27,0.037,0.014,0.01,,,
3042,3042,3042,212012402,08 58 05.489,+20 27 32.99,1,12.261,,,553-045279,08580549+2027330,,STAR,gri,lam,-4.3,1.8,-15.6,1.4,,,12.996,0.03,12.37,0.06,,,12.665,0.04,12.24,0.07,12.089,0.07,,,11.268,0.02,10.967,0.019,10.915,0.017,5835,140,140,3.931,0.075,0.105,-0.365,0.12,0.12,1.798,0.333,0.193,1.028,0.107,0.054,0.168,0.063,0.058,586.8,93.17,61.4,0.03,0.009,0.009,,,
3043,3043,3043,212012438,08 27 10.125,+20 27 35.31,1,16.271,,,,,6597-301-2-0212-0043,EXTENDED,gri,,-3,2,-12,2,,,,,,,19.049,0.045,17.166,0.005,16.284,0.004,15.887,0.004,15.548,0.009,,,,,,,,,,,,,,,,,,,,,,,,,,,,,,,,,
3044,3044,3044,212012440,08 54 48.364,+20 27 35.34,1,18.578,,,,,5038-301-1-0049-0427,EXTENDED,gri,,,,,,,,,,,,20.206,0.144,18.783,0.04,18.509,0.038,18.341,0.04,18.533,0.169,,,,,,,,,,,,,,,,,,,,,,,,,,,,,,,,,
3045,3045,3045,212012534,08 53 49.323,+20 27 40.96,1,14.256,,,553-045138,08534932+2027411,,STAR,gri,rpm,81.8,2.9,-27.6,3.2,,,,,15.124,0.047,,,16.067,0.07,14.562,0.07,13.48,0.04,,,12.082,0.022,11.48,0.022,11.243,0.018,3480,103,82,5.045,0.055,0.066,0.036,0.16,0.1,0.234,0.055,0.038,0.234,0.072,0.051,16.28,6.715,4.754,70.75,14.39,17.16,0.01,0.005,0.004,,,
3046,3046,3046,212012570,09 03 06.807,+20 27 42.93,1,15.931,,,,09030680+2027429,5071-301-3-0145-0168,EXTENDED,gri,,,,,,,,,,,,18.884,0.038,16.931,0.005,15.958,0.004,15.503,0.003,15.152,0.007,14.927,0.062,14.144,0.084,13.823,0.073,,,,,,,,,,,,,,,,,,,,,,,,,,,
3047,3047,3047,212012584,08 53 17.904,+20 27 44.03,1,17.017,,,,,5071-301-5-0131-0234,EXTENDED,gri,,7,4,-2,4,,,,,,,18.627,0.036,17.496,0.007,17.068,0.006,16.812,0.007,16.63,0.019,,,,,,,,,,,,,,,,,,,,,,,,,,,,,,,,,
3048,3048,3048,212012589,08 33 29.559,+20 27 44.36,1,18.441,,,,08332955+2027443,5037-301-6-0108-0421,STAR,gri,rpm,-15,5,-62,5,,,,,,,23.214,0.369,20.692,0.024,19.149,0.012,17.476,0.006,16.542,0.009,15.072,0.038,14.483,0.043,14.124,0.043,3367,128,128,5.133,0.02,0.024,-0.112,0.2,0.24,0.176,0.013,0.009,0.159,0.013,0.013,27.91,2.693,3.824,161.2,11.53,14.86,0.022,0.005,0.005,,,
3049,3049,3049,212012682,08 53 49.003,+20 27 49.70,1,14.256,,,553-045137,08534900+2027498,,STAR,gri,rpm,76.7,2.9,-21.2,3,,,,,15.124,0.047,,,16.067,0.07,14.562,0.07,13.48,0.04,,,12.625,0.024,12.035,0.026,11.799,0.021,3459,55,41,5.059,0.025,0.025,0.016,0.08,0.1,0.221,0.024,0.016,0.207,0.031,0.02,18.92,2.555,3.074,70.56,9.121,5.163,0.011,0.004,0.002,,,
3050,3050,3050,212012685,09 05 30.380,+20 27 49.89,1,11.144,,1407-233-1,553-045552,09053036+2027499,,STAR,gri,rpm,-6.5,1.7,2.6,1.7,,,11.668,0.121,11.111,0.125,,,11.585,0.05,11.11,0.07,10.955,0.08,,,10.1,0.023,9.858,0.027,9.75,0.02,6099,182,146,4.008,0.294,0.245,0.014,0.12,0.18,1.743,0.777,0.537,1.245,0.292,0.146,0.208,0.438,0.127,346.2,154.2,106.7,0.031,0.008,0.007,,,
3051,3051,3051,212012745,08 28 24.655,+20 27 54.04,1,18.871,,,,08282465+2027540,6597-301-2-0213-0380,STAR,gri,col,,,,,,,,,,,23.81,0.633,21.189,0.036,19.622,0.017,17.878,0.008,16.902,0.011,15.38,0.052,14.837,0.069,14.554,0.075,2973,29,29,5.203,0.02,0.02,0.052,0.12,0.1,0.143,0.003,0.003,0.12,0.002,0.002,40.72,2.443,2.443,124.3,7.974,8.937,0.017,0.004,0.004,,,
3052,3052,3052,212012755,08 33 25.213,+20 27 54.46,1,9.213,,1398-657-1,553-044219,08332521+2027544,,STAR,BV,plx,4.1,1.1,-3.8,1.1,,,10.979,0.079,9.509,0.029,,,10.727,0.03,,,,,,,7.445,0.024,6.806,0.021,6.681,0.024,4465,105,88,2.155,0.19,0.266,-0.165,0.25,0.3,15.197,4.453,2.93,1.237,0.326,0.233,3.52E-04,3.26E-04,1.92E-04,610,146.1,146.1,0.034,0.008,0.007,,,
3053,3053,3053,212012764,08 53 42.890,+20 27 55.03,1,16.114,,,553-045134,08534289+2027554,,STAR,JHK,rpm,-64.4,6.9,-59.9,6.2,,,,,,,,,,,,,,,,,14.598,0.029,14.129,0.029,13.985,0.044,3653,1129,403,5.056,0.09,0.234,-0.335,0.35,0.77,0.222,0.238,0.058,0.218,0.314,0.075,17.45,11.84,12.91,173.6,371.1,61.77,0.022,0.01,0.008,,,
3054,3054,3054,212012872,08 32 28.490,+20 28 02.28,1,12.615,,,553-044155,08322849+2028022,,STAR,gri,rpm,-15.3,1.2,4.5,1.4,,,13.122,0.04,12.65,0.03,,,12.814,0.01,12.549,0.01,12.501,0.061,,,11.763,0.029,11.575,0.023,11.515,0.019,6512,133,80,4.183,0.085,0.102,-0.1,0.15,0.3,1.482,0.224,0.225,1.253,0.161,0.101,0.365,0.169,0.115,695.8,99.41,103,0.033,0.005,0.008,,,
3055,3055,3055,212012902,08 51 17.449,+20 28 03.99,1,17.686,,,,08511744+2028039,,STAR,J,col,,,,,,,,,,,,,,,,,,,,,16.177,0.106,15.478,0.143,14.848,0.094,3706,411,294,4.989,0.12,0.168,-0.168,0.2,0.28,0.276,0.141,0.093,0.288,0.205,0.128,12.52,12.46,7.055,498.6,357.9,208.3,0.032,0.01,0.008,,,
3056,3056,3056,212012932,09 10 20.302,+20 28 06.51,1,14.093,,,553-045739,09102029+2028065,,STAR,gri,rpm,-2.6,3.2,-3.2,3.5,,,15.234,0.09,14.341,0.04,,,14.746,0.06,14.079,0.03,13.813,0.06,,,12.725,0.021,12.249,0.025,12.152,0.021,5064,100,80,3.245,0.546,0.637,-0.606,0.36,0.3,3.654,3.869,1.528,0.922,0.164,0.063,0.015,0.072,0.014,1929,1693,817.6,0.033,0.009,0.005,,,
3057,3057,3057,212012973,08 56 24.284,+20 28 08.43,1,16.998,,,,08562428+2028084,5061-301-5-0138-0174,STAR,gri,,27,3,-16,3,,,,,,,21.709,0.113,19.061,0.009,17.651,0.006,16.114,0.005,15.304,0.005,13.749,0.037,,,12.922,0.043,,,,,,,,,,,,,,,,,,,,,,,,,,,
3058,3058,3058,212012976,08 26 05.203,+20 28 08.57,1,17.931,,,,08260520+2028085,4508-301-1-0089-0226,EXTENDED,gri,,-4,3,-2,3,,,,,,,20.666,0.09,18.922,0.012,17.949,0.008,17.506,0.007,17.176,0.016,16.393,0.106,15.822,0.138,15.058,0.103,,,,,,,,,,,,,,,,,,,,,,,,,,,
3059,3059,3059,212012979,09 07 14.406,+20 28 08.90,1,15.188,,,553-045613,09071440+2028088,,STAR,gri,rpm,-28.2,4.5,-8.8,4.7,,,17.463,0.13,15.838,0.061,,,16.78,0.09,15.408,0.06,14.506,0.12,,,12.944,0.026,12.296,0.03,12.083,0.028,3746,111,88,4.913,0.054,0.045,0.068,0.1,0.16,0.361,0.058,0.042,0.397,0.072,0.062,8.223,2.249,1.766,145,30.93,21.58,0.022,0.004,0.004,,,
3060,3060,3060,212013039,08 28 18.978,+20 28 13.30,1,16.749,,,,08281897+2028132,6597-301-2-0213-0285,STAR,gri,rpm,-27,3,-16,3,,,,,,,21.116,0.082,18.479,0.007,17.032,0.005,16.007,0.005,15.445,0.006,14.129,0.029,13.504,0.032,13.376,0.031,3461,34,34,5.06,0.02,0.04,0.07,0.12,0.06,0.224,0.032,0.004,0.212,0.038,0.005,18.6,1.116,3.688,134.9,25.06,4.046,0.022,0.004,0.002,,,
3061,3061,3061,212013091,08 51 27.185,+20 28 16.28,1,12.994,,,553-045035,08512719+2028162,,STAR,gri,lam,-47.5,1.5,0.8,1.7,,,14.104,0.01,13.257,0.02,,,13.664,0.02,12.947,0.04,12.707,0.02,,,11.599,0.022,11.137,0.021,11.062,0.018,5047,152,121,4.589,0.025,0.03,-0.023,0.08,0.1,0.765,0.041,0.033,0.834,0.043,0.043,1.823,0.199,0.179,250.6,21.66,19.94,0.027,0.008,0.006,,,
3062,3062,3062,212013106,09 05 37.231,+20 28 17.32,1,15.55,,,,09053723+2028173,5061-301-3-0151-0192,EXTENDED,gri,,-6,2,3,2,,,,,,,18.424,0.03,16.45,0.004,15.555,0.003,15.164,0.003,14.829,0.007,14.691,0.059,14.025,0.071,13.793,0.073,,,,,,,,,,,,,,,,,,,,,,,,,,,
3063,3063,3063,212013136,08 29 59.622,+20 28 18.76,1,11.561,,,553-044026,08295962+2028186,,STAR,gri,rpm,-1.6,1.2,1.9,1.4,,,13.161,0.03,11.955,0.01,,,12.55,0.05,11.548,0.01,11.137,0.06,,,9.769,0.022,9.116,0.027,8.955,0.017,4418,87,70,1.987,0.335,0.402,-0.285,0.3,0.36,15.833,7.737,4.468,1.128,0.138,0.165,2.09E-04,4.23E-04,1.54E-04,1893,925.1,534.2,0.034,0.01,0.006,,,
3064,3064,3064,212013154,09 05 37.896,+20 28 19.98,1,18.624,,,,09053789+2028199,5061-301-3-0151-0193,STAR,gri,rpm,-1,3,6,3,,,,,,,23.588,0.455,20.329,0.019,18.917,0.011,17.894,0.008,17.29,0.014,16.184,0.116,15.566,0.157,15.165,0.15,3469,41,41,5.04,0.03,0.03,0.085,0.1,0.08,0.236,0.022,0.02,0.226,0.025,0.025,16.87,2.723,2.345,369.1,44.09,39.38,0.028,0.007,0.006,,,
3065,3065,3065,212013203,09 05 48.349,+20 28 23.12,1,14.168,,,553-045559,09054834+2028230,,STAR,gri,rpm,2.8,5.2,-2.4,2.8,,,15.189,0.04,14.406,0.05,,,14.753,0.04,14.187,0.08,13.917,0.08,,,12.833,0.023,12.409,0.033,12.311,0.028,5311,216,173,3.765,0.705,0.846,-0.341,0.3,0.66,1.9,2.344,1.176,0.909,0.161,0.062,0.088,1.09,0.082,1091,1210,645.5,0.034,0.011,0.007,,,
3066,3066,3066,212013215,08 50 29.387,+20 28 24.25,1,12.017,,,553-044995,08502938+2028243,,STAR,gri,rpm,-23.7,0.7,-12.2,0.9,,,12.439,0.01,12.045,0.01,,,12.184,0.02,11.962,0.03,11.902,0.06,,,11.136,0.022,10.929,0.027,10.898,0.019,6498,78,104,4.247,0.042,0.119,-0.403,0.3,0.42,1.282,0.248,0.042,1.106,0.139,0.223,0.498,0.043,0.178,439.8,54.12,28.79,0.029,0.005,0.008,,,
3067,3067,3067,212013244,09 04 54.712,+20 28 25.76,1,17.888,,,,09045471+2028257,5061-301-3-0150-0180,EXTENDED,gri,,1,3,-3,3,,,,,,,20.911,0.106,18.936,0.011,17.88,0.008,17.439,0.008,17.101,0.019,16.346,0.103,15.939,0.146,15.19,0.124,,,,,,,,,,,,,,,,,,,,,,,,,,,
3068,3068,3068,212013281,08 57 47.750,+20 28 28.16,1,9.425,,1400-188-1,553-045273,08574774+2028282,,STAR,gri,plx,-30.9,0.9,-63.6,0.9,,,9.725,0.03,9.301,0.026,,,10.115,0.09,9.436,0.05,9.13,0.06,,,8.441,0.021,8.292,0.018,8.243,0.023,6311,226,151,4.001,0.078,0.065,0.073,0.12,0.12,1.932,0.172,0.188,1.43,0.059,0.083,0.189,0.06,0.039,189.4,17.75,17.75,0.024,0.011,0.006,,,
3069,3069,3069,212013353,09 03 13.069,+20 28 33.25,1,17.711,,,,09031306+2028332,5071-301-3-0145-0189,STAR,gri,rpm,55,3,-23,3,,,,,,,22.293,0.216,19.658,0.013,18.134,0.007,16.877,0.005,16.194,0.008,14.84,0.038,14.324,0.044,14.065,0.043,3384,130,104,5.117,0.03,0.025,-0.065,0.15,0.3,0.186,0.013,0.015,0.169,0.013,0.019,25.6,3.793,3.303,152,14.05,16.9,0.023,0.005,0.005,,,
3070,3070,3070,212013402,08 30 24.163,+20 28 35.97,1,16.568,,,,08302416+2028359,4569-301-3-0107-0120,EXTENDED,gri,,-5,3,7,3,,,,,,,19.717,0.065,17.671,0.007,16.595,0.005,16.095,0.004,15.723,0.009,15.191,0.071,14.431,0.085,14.102,0.071,,,,,,,,,,,,,,,,,,,,,,,,,,,
3071,3071,3071,212013427,08 54 16.949,+20 28 37.03,1,17.36,,,,08541694+2028370,,STAR,J,col,,,,,,,,,,,,,,,,,,,,,15.874,0.074,15.278,0.098,14.766,0.091,3661,379,271,5,0.11,0.154,-0.145,0.2,0.28,0.26,0.152,0.083,0.286,0.182,0.136,13.42,12.15,7.227,401.5,325.8,156.8,0.03,0.01,0.008,,,
3072,3072,3072,212013474,09 03 28.233,+20 28 39.90,1,16.149,,,,09032823+2028398,5071-301-3-0146-0262,EXTENDED,gri,,-3,2,-1,2,,,,,,,19.096,0.036,17.154,0.005,16.15,0.004,15.719,0.003,15.383,0.007,14.812,0.051,14.118,0.065,13.913,0.062,,,,,,,,,,,,,,,,,,,,,,,,,,,
3073,3073,3073,212013477,08 53 02.130,+20 28 40.09,1,15.09,,,553-045113,08530212+2028403,,STAR,gri,rpm,-1.9,3,-5.4,3,,,16.004,0.02,15.363,0.05,,,15.611,0.03,15.086,0.057,14.866,0.09,,,13.922,0.021,13.467,0.032,13.359,0.028,5333,158,158,4.49,0.085,1.326,-0.637,0.45,0.63,0.906,3.033,0.172,0.844,0.067,0.078,1.166,0.648,1.153,946,2779,220.4,0.033,0.008,0.007,,,
3074,3074,3074,212013497,09 07 27.505,+20 28 41.22,1,11.515,,1407-189-1,553-045623,09072748+2028412,,STAR,gri,rpm,-43.3,1.8,-41.8,2,,,12.547,0.418,11.168,0.136,,,11.958,0.05,11.503,0.07,11.325,0.07,,,10.504,0.025,10.124,0.028,10.104,0.025,5656,172,206,4.485,0.075,0.57,-0.38,0.24,0.42,0.892,0.812,0.14,0.877,0.072,0.115,1.175,0.523,1.002,201.7,146.3,48.13,0.026,0.008,0.005,,,
3075,3075,3075,212013498,09 02 12.297,+20 28 41.30,1,16.078,,,,09021229+2028413,5071-301-3-0144-0045,EXTENDED,gri,,-1,2,3,2,,,,,,,19.023,0.034,17.063,0.005,16.102,0.004,15.656,0.003,15.289,0.006,14.78,0.051,14.053,0.064,13.682,0.058,,,,,,,,,,,,,,,,,,,,,,,,,,,
3076,3076,3076,212013518,09 11 39.361,+20 28 42.30,1,12.46,,,553-045783,09113935+2028423,,STAR,gri,rpm,-41.4,1.8,-32.2,2.2,,,13.428,0.03,12.657,0.03,,,13,0.03,12.42,0.03,12.228,0.05,,,11.226,0.021,10.878,0.022,10.762,0.018,5511,110,132,4.507,0.048,0.048,-0.179,0.18,0.27,0.863,0.09,0.081,0.877,0.053,0.084,1.361,0.275,0.27,259.2,37.57,27.65,0.028,0.008,0.007,,,
3077,3077,3077,212013537,08 52 24.363,+20 28 43.70,1,18.342,,,,08522436+2028437,5071-301-5-0130-0187,EXTENDED,gri,,3,3,-2,3,,,,,,,21.405,0.139,19.412,0.014,18.303,0.009,17.884,0.009,17.55,0.019,16.565,0.135,15.899,0.151,15.327,0.138,,,,,,,,,,,,,,,,,,,,,,,,,,,
3078,3078,3078,212013554,09 09 32.837,+20 28 44.72,1,14.994,,,553-045712,09093284+2028445,5061-301-2-0157-0056,EXTENDED,gri,,-25.4,4,-1.8,4,,,16.471,0.11,15.293,0.01,,,15.891,0.02,15.007,0.02,14.61,0.09,,,13.881,0.073,13.455,0.093,13.041,0.08,,,,,,,,,,,,,,,,,,,,,,,,,,,
3079,3079,3079,212013556,09 10 04.552,+20 28 44.75,1,19.37,,,,,5061-301-2-0158-0347,STAR,gri,,13,3,-48,3,,,,,,,22.884,0.293,20.506,0.022,19.397,0.013,18.883,0.013,18.612,0.032,,,,,,,,,,,,,,,,,,,,,,,,,,,,,,,,,
3080,3080,3080,212013601,08 59 21.271,+20 28 46.55,1,15.149,,,553-045330,08592128+2028467,5061-301-4-0142-0219,STAR,gri,col,,,,,,,17.376,0.12,15.932,0.063,,,16.718,0.1,15.425,0.07,14.476,0.1,,,12.88,0.023,12.262,0.021,12.054,0.02,3681,110,88,4.951,0.055,0.066,0.039,0.12,0.12,0.321,0.058,0.058,0.344,0.069,0.083,9.701,3.385,2.51,125.2,26.03,25.39,0.018,0.006,0.005,,,
3081,3081,3081,212013648,08 33 10.461,+20 28 49.26,1,14.461,,,553-044206,08331046+2028493,5045-301-6-0119-0135,STAR,BV,rpm,-16.6,2.7,-24.4,2.9,,,15.759,0.09,14.659,0.041,,,15.22,0.042,,,,,,,12.49,0.022,11.942,0.018,11.765,0.019,3725,115,144,4.962,0.045,0.072,-0.038,0.1,0.1,0.324,0.065,0.054,0.354,0.068,0.081,10.03,3.564,2.996,109.4,21.22,27.02,0.015,0.006,0.003,,,
3082,3082,3082,212013670,08 59 55.534,+20 28 50.94,1,18.65,,,,08595553+2028509,,STAR,JHK,col,,,,,,,,,,,,,,,,,,,,,16.249,0.114,15.537,0.117,15.341,0.15,3974,503,359,4.866,0.15,0.15,-0.254,0.25,0.35,0.374,0.154,0.143,0.423,0.168,0.202,6.377,8.641,3.254,814.4,524.7,366,0.032,0.01,0.007,,,
3083,3083,3083,212013673,08 29 15.805,+20 28 51.12,1,15.073,,,553-043990,08291581+2028510,,STAR,gri,rpm,-5.7,4.3,2.6,4.9,,,16.31,0.11,15.253,0.02,,,15.727,0.03,15.091,0.01,14.793,0.087,,,13.74,0.024,13.257,0.031,13.235,0.029,5178,122,102,3.707,0.944,0.708,-0.593,0.42,0.36,1.947,2.274,1.337,0.874,0.045,0.116,0.072,1.702,0.065,1827,1859,1190,0.032,0.01,0.008,,,
3084,3084,3084,212013694,09 06 56.388,+20 28 52.12,1,15.313,,,553-045599,09065638+2028523,5071-301-2-0151-0080,STAR,gri,rpm,-6.9,4.7,-5.4,4.9,,,16.22,0.073,15.505,0.054,,,15.936,0.04,15.395,0.06,15.046,0.08,,,14.239,0.028,13.782,0.039,13.814,0.043,5342,189,157,4.542,0.055,1.001,-0.441,0.3,0.48,0.805,1.863,0.089,0.829,0.079,0.079,1.551,0.424,1.504,951.9,1987,138,0.032,0.008,0.007,,,
3085,3085,3085,212013705,08 33 38.381,+20 28 52.56,1,17.476,,,,08333838+2028525,5037-301-6-0108-0376,STAR,gri,rpm,-32,3,-11,3,,,,,,,22.113,0.156,19.544,0.012,18.061,0.007,16.589,0.005,15.768,0.006,14.319,0.027,13.647,0.035,13.43,0.028,3523,147,118,5.06,0.054,0.036,-0.098,0.18,0.18,0.219,0.037,0.032,0.212,0.048,0.04,18.78,6.321,4.135,153.9,31.56,30.87,0.021,0.007,0.007,,,
3086,3086,3086,212013751,08 52 33.695,+20 28 55.50,1,15.129,,,553-045091,08523369+2028557,5071-301-5-0130-0042,STAR,gri,rpm,-2,3.2,-3.6,3.1,,,16.172,0.02,15.402,0.04,,,15.777,0.03,15.203,0.07,14.852,0.088,,,13.892,0.026,13.418,0.036,13.378,0.029,5191,183,152,4.442,0.144,1.488,-0.547,0.45,0.63,0.927,4.019,0.226,0.856,0.067,0.09,0.995,0.832,0.989,1008,3705,311.8,0.033,0.008,0.007,,,
3087,3087,3087,212013760,09 10 29.572,+20 28 56.19,1,14.963,,,553-045746,09102956+2028562,,STAR,gri,rpm,-4.2,3.1,-6.2,3.4,,,16.009,0.05,15.19,0.06,,,15.556,0.07,14.936,0.02,14.709,0.08,,,13.661,0.024,13.236,0.025,13.128,0.03,5297,153,122,4.542,0.05,0.88,-0.288,0.25,0.45,0.807,1.514,0.079,0.85,0.068,0.082,1.532,0.375,1.464,728.6,1308,96.94,0.033,0.01,0.006,,,
3088,3088,3088,212013769,09 11 36.186,+20 28 56.66,1,12.123,,,553-045781,09113619+2028565,,STAR,gri,rpm,-37.6,1.8,32,2.4,,,13.701,0.03,12.561,0.04,,,13.168,0.02,12.081,0.03,11.675,0.05,,,10.364,0.022,9.762,0.022,9.646,0.02,4371,103,68,4.703,0.091,0.042,-0.002,0.18,0.51,0.602,0.048,0.123,0.678,0.053,0.137,3,1.711,0.447,91.34,11.14,20.44,0.016,0.003,0.003,,,
3089,3089,3089,212013787,09 08 38.420,+20 28 57.78,1,19.993,,,,,5061-301-2-0155-0262,STAR,gri,,0,3,-6,3,,,,,,,20.292,0.043,20.013,0.016,19.986,0.02,20.099,0.031,19.913,0.095,,,,,,,,,,,,,,,,,,,,,,,,,,,,,,,,,
3090,3090,3090,212013903,08 54 18.177,+20 29 06.23,1,16.222,,,,08541817+2029062,5038-301-1-0049-0116,EXTENDED,gri,,0,2,-4,2,,,,,,,19.207,0.037,17.266,0.005,16.288,0.004,15.774,0.004,15.415,0.007,14.692,0.047,13.801,0.061,13.378,0.053,,,,,,,,,,,,,,,,,,,,,,,,,,,
3091,3091,3091,212013928,08 51 39.871,+20 29 08.01,1,10.03,,1399-169-1,553-045045,08513987+2029080,,STAR,gri,plx,-3.2,1.2,6,1.3,,,10.577,0.056,10.032,0.047,,,10.644,0.05,10.135,0.06,9.767,0.04,,,9.042,0.03,8.799,0.017,8.721,0.018,5955,143,178,3.8,0.075,0.12,0.037,0.12,0.18,2.456,0.403,0.292,1.444,0.105,0.147,0.092,0.031,0.031,325.4,55.13,55.13,0.03,0.014,0.007,,,
3092,3092,3092,212013936,08 33 23.486,+20 29 08.49,1,19.368,,,,,6597-301-1-0221-0421,EXTENDED,gri,,7,3,0,3,,,,,,,21.077,0.165,19.757,0.025,19.405,0.033,19.201,0.041,19.554,0.199,,,,,,,,,,,,,,,,,,,,,,,,,,,,,,,,,
3093,3093,3093,212013940,09 07 14.307,+20 29 08.61,1,15.05,,,553-045612,09071431+2029085,5071-301-2-0151-0129,STAR,gri,rpm,3.6,4.4,-5.3,4.8,,,16.05,0.08,15.203,0.1,,,15.583,0.04,15.01,0.12,14.821,0.1,,,13.917,0.032,13.454,0.033,13.355,0.04,5203,207,166,4.555,0.05,1.04,-0.317,0.25,0.5,0.793,1.989,0.081,0.832,0.086,0.086,1.608,0.393,1.567,794.7,1918,105.7,0.034,0.008,0.007,,,
3094,3094,3094,212013979,09 07 54.929,+20 29 11.53,1,13.372,,,553-045640,09075492+2029117,,STAR,gri,lam,-20.7,2.8,-0.1,3.3,,,14.603,0.04,13.647,0.08,,,14.165,0.06,13.279,0.08,13.032,0.09,,,11.973,0.022,11.483,0.03,11.402,0.021,5041,153,153,4.579,0.025,0.035,0.065,0.12,0.08,0.785,0.047,0.038,0.853,0.045,0.045,1.735,0.189,0.203,301,31.48,21.64,0.029,0.005,0.007,,,
3095,3095,3095,212013999,08 57 17.772,+20 29 12.54,1,18.312,,,,08571777+2029125,,STAR,JHK,rpm,0.9,9,499.9,9,,,,,,,,,,,,,,,,,15.848,0.066,15.237,0.077,14.914,0.096,2466,1505,627,5.287,0.09,0.126,-0.298,0.25,1.95,0.11,0.07,0.02,0.084,0.091,0.012,60.84,31.24,31.99,41.59,166.1,9.779,0.006,0.023,0.002,,,
3096,3096,3096,212014006,08 35 20.209,+20 29 13.22,1,13.88,,,553-044312,08352021+2029132,,STAR,gri,rpm,-28.3,2.7,6.1,3,,,15.384,0.06,14.294,0.02,,,14.877,0.039,13.833,0.03,13.452,0.06,,,12.32,0.021,11.772,0.027,11.664,0.02,4579,73,91,4.652,0.036,0.02,0.02,0.12,0.21,0.668,0.027,0.05,0.738,0.024,0.061,2.445,0.441,0.215,263.7,15.75,28.89,0.028,0.008,0.006,,,
3097,3097,3097,212014022,08 54 23.208,+20 29 14.15,1,15.696,,,,,5038-301-1-0049-0136,EXTENDED,gri,,-6,3,-1,3,,,,,,,17.518,0.019,16.259,0.004,15.762,0.004,15.455,0.005,15.253,0.012,,,,,,,,,,,,,,,,,,,,,,,,,,,,,,,,,
3098,3098,3098,212014091,08 34 51.146,+20 29 18.23,1,17.646,,,,08345114+2029182,5037-301-6-0110-0272,STAR,gri,rpm,21,4,-43,4,,,,,,,22.427,0.194,19.647,0.012,18.289,0.007,16.788,0.005,15.985,0.007,14.545,0.025,13.969,0.04,13.715,0.033,3703,154,88,4.983,0.035,0.049,-0.124,0.16,0.24,0.298,0.042,0.037,0.322,0.048,0.048,11.24,2.431,2.353,250.9,37.83,38.91,0.027,0.006,0.005,,,
3099,3099,3099,212014139,09 12 05.556,+20 29 20.86,1,15.46,,,553-045798,09120554+2029208,5071-301-1-0158-0148,STAR,gri,rpm,1.9,3,0.5,3.4,,,16.652,0.1,15.919,0.09,,,16.258,0.05,15.472,0.06,15.118,0.07,,,14.077,0.025,13.597,0.026,13.509,0.028,4988,119,119,4.584,0.04,1.288,-0.215,0.25,0.45,0.757,2.8,0.067,0.81,0.087,0.072,1.825,0.42,1.805,765,2810,89.44,0.033,0.008,0.007,,,
3100,3100,3100,212014184,08 54 15.395,+20 29 23.73,1,12.807,,,553-045155,08541539+2029238,,STAR,gri,rpm,-4.7,1.3,0.9,1.5,,,13.835,0.02,12.995,0.01,,,13.425,0.02,12.753,0.02,12.542,0.03,,,11.474,0.022,11.016,0.026,10.927,0.017,5104,81,61,2.983,0.69,0.69,-0.638,0.36,0.15,4.274,5.481,1.903,0.93,0.181,0.03,0.008,0.046,0.007,1261,1565,572.5,0.033,0.014,0.007,,,
3101,3101,3101,212014272,08 31 36.467,+20 29 28.16,1,18.608,,,,,6728-301-1-0125-0360,EXTENDED,gri,,2,3,-8,3,,,,,,,20.067,0.073,19.027,0.015,18.701,0.015,18.428,0.017,18.299,0.047,,,,,,,,,,,,,,,,,,,,,,,,,,,,,,,,,
3102,3102,3102,212014290,09 02 49.888,+20 29 29.02,1,19.747,,,,,5071-301-3-0145-0123,STAR,gri,,-8,3,1,3,,,,,,,20.469,0.052,19.778,0.014,19.737,0.017,19.627,0.02,19.431,0.061,,,,,,,,,,,,,,,,,,,,,,,,,,,,,,,,,
3103,3103,3103,212014347,08 52 22.581,+20 29 32.16,1,19.739,,,,,5071-301-5-0130-0185,STAR,gri,,-1,3,-1,3,,,,,,,21.149,0.08,20.092,0.018,19.705,0.017,19.588,0.022,19.136,0.044,,,,,,,,,,,,,,,,,,,,,,,,,,,,,,,,,
3104,3104,3104,212014372,09 05 39.512,+20 29 33.64,1,18.162,,,,09053951+2029336,5061-301-3-0151-0225,EXTENDED,gri,,1,3,2,3,,,,,,,21.391,0.119,19.26,0.011,18.147,0.008,17.691,0.008,17.326,0.017,16.049,0.092,15.406,0.117,15.208,0.156,,,,,,,,,,,,,,,,,,,,,,,,,,,
3105,3105,3105,212014390,09 05 18.447,+20 29 34.68,1,17.197,,,,,5061-301-3-0151-0522,EXTENDED,gri,,-7,3,4,3,,,,,,,18.916,0.083,17.686,0.016,17.226,0.022,16.987,0.046,16.666,0.06,,,,,,,,,,,,,,,,,,,,,,,,,,,,,,,,,
3106,3106,3106,212014403,09 03 30.694,+20 29 35.30,1,12.805,,,553-045484,09033069+2029352,,STAR,gri,rpm,-29,1.8,-23.3,4.6,,,13.646,0.05,12.98,0.03,,,13.251,0.05,12.789,0.07,12.614,0.08,,,11.667,0.023,11.376,0.022,11.281,0.017,5920,179,179,4.381,0.075,0.135,-0.306,0.25,0.4,1.023,0.194,0.12,0.946,0.09,0.09,0.833,0.265,0.327,415,84.39,59.32,0.031,0.011,0.007,,,
3107,3107,3107,212014420,08 50 21.478,+20 29 36.47,1,15.492,,,553-044991,08502148+2029366,,STAR,gri,rpm,-3.2,2.8,-1.9,3,,,16.597,0.083,15.773,0.08,,,16.167,0.03,15.52,0.03,15.202,0.04,,,14.168,0.026,13.72,0.033,13.642,0.035,5134,120,120,3.692,0.945,1.512,-0.613,0.45,0.9,1.921,7.957,1.324,0.835,0.077,0.077,0.063,1.742,0.062,2160,6583,1486,0.033,0.008,0.006,,,
3108,3108,3108,212014430,09 04 23.253,+20 29 36.84,1,14.822,,,553-045515,09042324+2029370,5061-301-3-0149-0126,STAR,gri,rpm,-7.6,4.5,-0.6,4.9,,,15.947,0.06,15.081,0.06,,,15.443,0.04,14.801,0.09,14.555,0.11,,,13.41,0.025,12.903,0.021,12.813,0.026,5031,119,79,3.646,0.917,0.786,-0.465,0.35,0.42,2.18,2.773,1.543,0.868,0.097,0.113,0.048,2.426,0.043,1752,2185,1298,0.033,0.008,0.006,,,
3109,3109,3109,212014434,09 10 19.826,+20 29 37.22,1,18.677,,,,09101982+2029372,5061-301-2-0158-0254,STAR,gri,,2,3,-46,3,,,,,,,23.156,0.366,19.925,0.015,18.663,0.009,18.142,0.009,17.801,0.018,16.787,0.133,15.748,0.113,,,,,,,,,,,,,,,,,,,,,,,,,,,,,
3110,3110,3110,212014507,09 06 38.497,+20 29 41.99,1,16.309,,,553-045592,09063850+2029422,,STAR,JHK,rpm,-81,8,-177,8,,,,,,,,,,,,,,,,,14.051,0.028,13.366,0.036,13.191,0.03,3324,584,584,5.146,0.085,0.136,-0.331,0.36,0.48,0.162,0.106,0.04,0.148,0.127,0.054,28.62,21.81,15.17,82.27,57.19,29.27,0.014,0.007,0.005,,,
3111,3111,3111,212014591,08 55 35.950,+20 29 46.75,1,18.54,,,,,5038-301-1-0050-0507,EXTENDED,gri,,-6,3,2,3,,,,,,,19.903,0.064,18.92,0.016,18.596,0.018,18.377,0.023,18.209,0.071,,,,,,,,,,,,,,,,,,,,,,,,,,,,,,,,,
3112,3112,3112,212014631,09 02 30.140,+20 29 49.41,1,16.43,,,,09023014+2029494,5071-301-3-0144-0274,EXTENDED,gri,,,,,,,,,,,,19.133,0.052,17.309,0.006,16.491,0.005,16.053,0.005,15.707,0.011,15.719,0.096,14.885,0.095,14.252,0.072,,,,,,,,,,,,,,,,,,,,,,,,,,,
3113,3113,3113,212014634,09 04 13.927,+20 29 49.62,1,17.658,,,,09041392+2029496,,STAR,JHK,col,,,,,,,,,,,,,,,,,,,,,15.142,0.061,14.43,0.077,14.179,0.075,4042,338,338,4.832,0.15,0.125,-0.172,0.2,0.28,0.436,0.129,0.148,0.484,0.132,0.185,5.537,6.274,2.314,514.6,234.4,210.3,0.032,0.008,0.007,,,
3114,3114,3114,212014644,08 58 47.808,+20 29 50.19,1,17.803,,,,08584780+2029501,5071-301-4-0139-0236,EXTENDED,gri,,5,3,-4,3,,,,,,,19.909,0.056,18.554,0.009,17.959,0.008,17.481,0.008,17.322,0.023,16.33,0.113,15.77,0.13,14.99,0.099,,,,,,,,,,,,,,,,,,,,,,,,,,,
3115,3115,3115,212014694,08 29 04.300,+20 29 53.82,1,13.668,,,553-043979,08290430+2029539,,STAR,gri,rpm,-17.1,1.9,-58.6,2.7,,,14.73,0.03,13.964,0.01,,,14.353,0.01,13.649,0.01,13.375,0.066,,,12.216,0.021,11.704,0.022,11.622,0.021,5060,79,99,4.614,0.02,0.036,-0.339,0.2,0.28,0.7,0.054,0.034,0.749,0.053,0.063,2.113,0.183,0.298,301.2,26.93,24.72,0.024,0.004,0.003,,,
3116,3116,3116,212014725,09 12 26.439,+20 29 55.43,1,13.735,,,553-045811,09122643+2029554,,STAR,gri,lam,-3.1,2.3,-2.3,2.6,,,14.761,0.04,13.967,0.04,,,14.306,0.04,13.709,0.04,13.49,0.07,,,12.487,0.02,12.103,0.022,11.971,0.02,5273,189,158,4.575,0.03,0.036,-0.319,0.18,0.15,0.757,0.056,0.052,0.794,0.073,0.046,1.815,0.245,0.256,386.7,46.38,34.84,0.03,0.008,0.007,,,
3117,3117,3117,212014734,09 05 41.031,+20 29 55.67,1,17.028,,,,09054103+2029556,5061-301-3-0151-0236,EXTENDED,gri,,4,3,0,3,,,,,,,19.846,0.084,17.977,0.009,17.019,0.007,16.621,0.007,16.269,0.019,16.302,0.127,15.454,0.134,15.316,0.169,,,,,,,,,,,,,,,,,,,,,,,,,,,
3118,3118,3118,212014838,09 04 53.481,+20 30 01.98,1,19.135,,,,,5061-301-3-0150-0196,STAR,gri,,2,3,0,3,,,,,,,19.847,0.031,19.459,0.011,19.095,0.011,18.996,0.014,19.01,0.045,,,,,,,,,,,,,,,,,,,,,,,,,,,,,,,,,
3119,3119,3119,212014841,08 53 59.140,+20 30 02.18,1,15.678,,,553-045145,08535914+2030022,,STAR,gri,rpm,0,2.8,-5,3,,,16.994,0.096,15.91,0.01,,,16.312,0.07,15.654,0.05,15.406,0.106,,,14.323,0.027,13.862,0.033,13.808,0.044,5185,153,153,4.571,0.035,0.959,-0.311,0.24,0.4,0.773,1.735,0.06,0.811,0.087,0.072,1.723,0.301,1.666,921.3,2060,100.2,0.034,0.008,0.007,,,
3120,3120,3120,212014892,09 10 31.395,+20 30 06.22,1,14.135,,,553-045751,09103138+2030064,,STAR,gri,rpm,-5.9,3.2,-34,3.5,,,15.512,0.01,14.514,0.07,,,15.044,0.04,14.081,0.03,13.745,0.07,,,12.508,0.021,11.893,0.02,11.845,0.021,4587,73,73,4.656,0.04,0.025,-0.101,0.2,0.24,0.654,0.036,0.053,0.715,0.038,0.06,2.517,0.454,0.248,287.5,19.71,27.22,0.027,0.008,0.006,,,
3121,3121,3121,212014904,09 06 44.642,+20 30 06.93,1,18.12,,,,09064464+2030069,,STAR,J,col,,,,,,,,,,,,,,,,,,,,,16.574,0.131,15.786,0.172,15.15,0.135,3749,449,321,4.957,0.125,0.175,-0.219,0.24,0.32,0.289,0.158,0.102,0.318,0.204,0.146,9.91,13.43,5.702,660.7,495.4,283.1,0.032,0.008,0.007,,,
3122,3122,3122,212014977,09 10 05.755,+20 30 11.39,1,12.639,,,553-045732,09100575+2030112,,STAR,gri,rpm,-6.4,1.3,11.7,1,,,13.253,0.04,12.715,0.08,,,12.991,0.05,12.641,0.05,12.489,0.1,,,11.762,0.022,11.553,0.027,11.476,0.02,6296,193,154,4.205,0.095,0.171,-0.099,0.15,0.21,1.411,0.34,0.202,1.211,0.12,0.168,0.401,0.178,0.178,659.4,154.1,124.9,0.034,0.007,0.007,,,
3123,3123,3123,212014981,08 26 08.406,+20 30 11.67,1,13.677,,,553-043841,08260840+2030116,,STAR,gri,rpm,35.3,4.5,14.4,4.9,,,15.333,0.057,14.233,0.037,,,14.98,0.05,13.662,0.01,13.118,0.064,,,11.605,0.024,10.937,0.022,10.803,0.017,4018,96,64,4.815,0.04,0.025,-0.009,0.12,0.12,0.471,0.028,0.041,0.534,0.032,0.045,4.983,1.008,0.542,116,7.44,10.98,0.016,0.005,0.005,,,
3124,3124,3124,212014991,09 08 05.802,+20 30 12.24,1,16.887,,,,09080580+2030122,,EXTENDED,JHK,,,,,,,,,,,,,,,,,,,,,,14.497,0.076,13.934,0.123,13.593,0.091,,,,,,,,,,,,,,,,,,,,,,,,,,,
3125,3125,3125,212015028,08 55 28.503,+20 30 14.71,1,13.216,,,553-045199,08552850+2030148,,STAR,gri,rpm,14.2,1.6,-51,2.1,,,14.603,0.02,13.542,0.02,,,14.109,0.06,13.138,0.04,12.834,0.04,,,11.673,0.022,11.145,0.023,11.025,0.019,4747,76,96,4.636,0.032,0.02,-0.118,0.18,0.27,0.683,0.037,0.049,0.742,0.048,0.067,2.28,0.356,0.225,217.8,17.2,30.71,0.025,0.007,0.007,,,
3126,3126,3126,212015033,08 54 12.439,+20 30 15.24,1,14.485,,,553-045152,08541243+2030154,,STAR,gri,lam,2.4,2.7,-3.5,3,,,15.273,0.04,14.576,0.04,,,14.909,0.039,14.433,0.03,14.304,0.01,,,13.391,0.023,13.102,0.028,12.963,0.024,5517,197,131,3.825,0.06,0.072,-0.45,0.15,0.15,2.026,0.218,0.165,0.996,0.117,0.073,0.12,0.031,0.029,1661,158.5,144.7,0.033,0.006,0.008,,,
3127,3127,3127,212015094,08 51 30.843,+20 30 17.85,1,16.804,,,,08513084+2030178,,EXTENDED,JHK,,,,,,,,,,,,,,,,,,,,,,14.419,0.051,13.589,0.066,13.406,0.077,,,,,,,,,,,,,,,,,,,,,,,,,,,
3128,3128,3128,212015097,08 34 14.265,+20 30 18.08,1,14.817,,,553-044259,08341426+2030181,5037-301-6-0109-0267,STAR,JHK,col,,,,,,,,,,,,,,,,,,,,,12.602,0.021,11.96,0.021,11.755,0.02,3886,186,155,4.873,0.077,0.055,-0.09,0.2,0.28,0.395,0.057,0.077,0.44,0.08,0.094,6.824,3.062,1.588,144.2,26.4,34.01,0.021,0.006,0.006,,,
3129,3129,3129,212015151,08 34 20.272,+20 30 22.30,1,10.296,,1398-553-1,553-044265,08342026+2030223,,STAR,BV,rpm,8.3,1.2,-43.7,1.3,,,11.398,0.087,10.512,0.059,,,11.128,0.03,,,,,,,8.923,0.02,8.454,0.036,8.355,0.027,5027,185,154,3.358,0.315,0.63,-0.449,0.45,0.54,3.584,3.071,1.15,0.955,0.285,0.095,0.023,0.053,0.02,328.8,280.9,95.48,0.03,0.006,0.006,,,
3130,3130,3130,212015197,08 33 24.424,+20 30 25.44,1,12.715,,,553-044217,08332441+2030253,,STAR,BV,rpm,-1.2,1.2,-4.2,1.6,,,13.589,0.043,12.868,0.031,,,13.216,0.032,,,,,,,11.684,0.022,11.335,0.023,11.301,0.019,5726,179,223,4.4,0.09,0.558,-0.128,0.15,0.18,1.035,1.088,0.144,1.028,0.184,0.115,0.802,0.371,0.691,415.1,396.2,83.09,0.032,0.008,0.006,,,
3131,3131,3131,212015201,08 51 00.405,+20 30 25.99,1,12.468,,,553-045010,08510040+2030259,,STAR,gri,rpm,4.2,1.2,-1.5,1.4,,,13.268,0.01,12.636,0.01,,,12.909,0.02,12.458,0.03,12.279,0.06,,,11.38,0.02,11.043,0.021,11,0.017,5884,92,139,4.168,0.228,0.399,-0.142,0.15,0.18,1.407,0.782,0.434,1.057,0.174,0.109,0.334,0.576,0.252,491.4,275.3,152.2,0.032,0.011,0.007,,,
3132,3132,3132,212015217,09 07 37.095,+20 30 27.03,1,19.106,,,,,5071-301-2-0152-0379,EXTENDED,gri,,4,3,-10,3,,,,,,,20.684,0.127,19.547,0.023,19.161,0.024,18.917,0.03,18.717,0.082,,,,,,,,,,,,,,,,,,,,,,,,,,,,,,,,,
3133,3133,3133,212015227,08 55 40.223,+20 30 27.53,1,13.861,,,553-045204,08554022+2030276,,STAR,gri,rpm,-13,1.8,-26.4,2,,,15.153,0.04,14.141,0.03,,,14.677,0.06,13.819,0.07,13.511,0.03,,,12.394,0.02,11.849,0.023,11.745,0.018,4764,114,76,4.626,0.025,0.025,-0.088,0.16,0.2,0.7,0.033,0.044,0.761,0.038,0.06,2.223,0.294,0.219,302.4,24.33,22.52,0.029,0.01,0.008,,,
3134,3134,3134,212015229,09 07 27.077,+20 30 27.66,1,14.212,,,553-045621,09072708+2030276,,STAR,JHK,rpm,-13,4.7,2.1,5,,,,,,,,,,,,,,,,,12,0.019,11.402,0.028,11.154,0.025,3794,106,37,4.889,0.02,0.021,0.045,0.05,0.22,0.39,0.028,0.008,0.435,0.037,0.009,7.257,0.435,0.804,102.5,12.94,3.076,0.014,0.004,0.001,,,
3135,3135,3135,212015252,09 03 17.630,+20 30 29.38,1,17.27,,,,,5071-301-3-0146-0023,EXTENDED,gri,,,,,,,,,,,,19.621,0.083,18.059,0.011,17.342,0.009,16.932,0.008,16.719,0.024,,,,,,,,,,,,,,,,,,,,,,,,,,,,,,,,,
3136,3136,3136,212015316,09 05 26.593,+20 30 33.12,1,12.061,,,553-045550,09052658+2030331,,STAR,gri,rpm,-6,2,-4.8,2,,,12.869,0.05,12.205,0.05,,,12.489,0.05,12.034,0.07,11.878,0.08,,,11.026,0.022,10.752,0.025,10.666,0.02,6050,142,177,4.15,0.21,0.294,-0.057,0.15,0.18,1.421,0.719,0.36,1.153,0.208,0.13,0.351,0.417,0.234,456.4,204.5,121.2,0.033,0.008,0.007,,,
3137,3137,3137,212015317,08 31 03.881,+20 30 33.19,1,12.644,,,553-044081,08310388+2030331,,STAR,gri,rpm,-2,1.4,0,1.7,,,13.805,0.02,12.915,0.05,,,13.322,0.05,12.631,0.03,12.353,0.061,,,11.264,0.021,10.8,0.025,10.691,0.02,5009,101,80,2.828,0.696,0.58,-0.558,0.35,0.25,5.279,4.438,2.411,0.998,0.185,0.103,0.005,0.03,0.004,1379,1137,623.1,0.032,0.007,0.005,,,
3138,3138,3138,212015330,09 02 13.257,+20 30 33.93,1,17.394,,,,09021325+2030339,5071-301-3-0144-0229,EXTENDED,gri,,-6,3,2,3,,,,,,,20.185,0.056,18.286,0.007,17.408,0.005,17.012,0.005,16.712,0.011,15.926,0.074,15.082,0.08,14.809,0.09,,,,,,,,,,,,,,,,,,,,,,,,,,,
3139,3139,3139,212015343,08 54 38.330,+20 30 34.75,1,19.07,,,,,5038-301-1-0049-0178,STAR,gri,,-1,4,3,4,,,,,,,20.314,0.041,19.261,0.011,19.007,0.011,18.871,0.013,18.848,0.037,,,,,,,,,,,,,,,,,,,,,,,,,,,,,,,,,
3140,3140,3140,212015356,09 06 42.927,+20 30 35.50,1,8.36,44716,1407-224-1,553-045593,09064291+2030356,,STAR,gri,plx,-77.96,1.09,-186.51,0.7,1.84,1.23,8.462,0.019,7.698,0.013,,,9.715,0.17,8.875,0.18,7.78,0.17,,,6.105,0.034,5.594,0.027,5.551,0.021,4829,114,143,2.452,0.11,0.528,-0.097,0.15,0.96,15.874,2.453,1.791,2.661,0.366,1.756,6.41E-04,3.16E-04,4.48E-04,387.6,39.61,39.61,0.031,0.007,0.005,,,
3141,3141,3141,212015378,08 31 18.030,+20 30 36.58,1,10.987,,,553-044095,08311802+2030364,,STAR,gri,rpm,-12.9,0.6,-10.9,1.4,,,11.495,0.02,11.064,0.03,,,11.261,0.09,10.96,0.01,10.87,0.06,,,10.14,0.023,9.954,0.027,9.891,0.02,6500,196,196,4.145,0.135,0.243,-0.021,0.12,0.14,1.585,0.623,0.267,1.339,0.2,0.143,0.303,0.194,0.179,344.7,135.5,64.51,0.03,0.01,0.008,,,
3142,3142,3142,212015384,09 09 40.098,+20 30 36.81,1,12.182,,,553-045716,09094010+2030366,,STAR,gri,rpm,-18.7,1.5,-19.3,1.9,,,13.12,0.04,12.312,0.07,,,12.734,0.05,12.137,0.05,11.945,0.09,,,11.08,0.022,10.757,0.025,10.676,0.019,5668,133,133,4.426,0.06,0.6,-0.026,0.15,0.21,0.994,1.082,0.09,0.992,0.145,0.06,0.937,0.298,0.83,303.7,304.5,44.97,0.029,0.008,0.005,,,
3143,3143,3143,212015412,09 07 26.699,+20 30 38.70,1,12.954,,,553-045620,09072670+2030387,,STAR,gri,rpm,-3.8,2.6,-2.6,3.3,,,14.285,0.06,13.267,0.06,,,13.751,0.06,12.933,0.08,12.613,0.06,,,11.484,0.021,10.957,0.028,10.857,0.025,4853,95,114,2.903,0.42,0.588,-0.358,0.25,0.4,5.804,5.185,2.446,1.057,0.186,0.155,0.004,0.02,0.004,1680,1113,669.7,0.033,0.01,0.007,,,
3144,3144,3144,212015420,09 02 32.756,+20 30 38.98,1,14.971,,,553-045457,09023274+2030391,5071-301-3-0144-0303,STAR,JHK,col,,,,,,,,,,,,,,,,,,,,,12.72,0.025,12.161,0.022,11.862,0.023,3454,130,182,5.064,0.078,0.065,0.009,0.15,0.15,0.208,0.053,0.042,0.202,0.064,0.054,19.94,9.214,6.302,69.84,22.65,19.99,0.012,0.005,0.005,,,
3145,3145,3145,212015449,08 25 55.460,+20 30 40.74,1,14.684,,,553-043830,08255545+2030407,,STAR,gri,rpm,0.1,4.3,-3.8,4.9,,,15.866,0.066,14.95,0.045,,,15.453,0.13,14.667,0.051,14.354,0.077,,,13.204,0.024,12.727,0.023,12.623,0.021,5035,100,100,3.785,0.84,0.72,-0.282,0.25,0.4,2.012,2.07,1.393,0.879,0.223,0.101,0.078,1.613,0.07,1514,1376,1051,0.034,0.008,0.007,,,
3146,3146,3146,212015526,09 07 50.895,+20 30 45.64,1,15.459,,,553-045636,09075088+2030457,,STAR,gri,rpm,3.4,4.4,-4.4,4.7,,,16.537,0.082,15.756,0.09,,,16.151,0.06,15.45,0.21,15.163,0.03,,,14.108,0.026,13.713,0.038,13.534,0.037,5360,254,211,4.534,0.05,0.14,-0.248,0.25,0.4,0.832,0.296,0.095,0.868,0.072,0.087,1.458,0.356,0.701,917.2,338.4,122,0.034,0.01,0.007,,,
3147,3147,3147,212015561,09 03 24.018,+20 30 48.21,1,16.888,,,,09032401+2030482,5071-301-3-0146-0266,EXTENDED,gri,,-1,2,3,2,,,,,,,19.816,0.059,17.923,0.007,16.907,0.005,16.445,0.005,16.098,0.01,15.519,0.07,14.855,0.087,14.343,0.068,,,,,,,,,,,,,,,,,,,,,,,,,,,
3148,3148,3148,212015580,08 27 22.973,+20 30 48.99,1,15.32,,,553-043902,08272297+2030490,6597-301-2-0212-0109,STAR,BV,rpm,-6.9,4.1,1.3,4.8,,,16.619,0.19,15.518,0.054,,,,,,,,,,,13.914,0.026,13.467,0.025,13.389,0.028,5198,186,155,4.558,0.04,0.952,-0.267,0.25,0.45,0.789,1.684,0.069,0.831,0.08,0.08,1.632,0.33,1.575,768,1526,89.8,0.034,0.01,0.007,,,
3149,3149,3149,212015593,09 04 29.594,+20 30 49.52,1,14.833,,,553-045520,09042959+2030496,5061-301-3-0150-0017,STAR,gri,rpm,-2.1,4.6,-7.2,5,,,15.888,0.1,15.097,0.05,,,15.435,0.03,14.844,0.09,14.575,0.14,,,13.545,0.025,13.103,0.028,13.013,0.025,5255,188,125,4.542,0.05,1.03,-0.335,0.25,0.5,0.813,1.978,0.083,0.858,0.066,0.093,1.487,0.446,1.449,694.4,1587,93.77,0.033,0.01,0.007,,,
3150,3150,3150,212015599,08 35 29.200,+20 30 49.89,1,18.138,,,,08352919+2030498,5037-301-6-0111-0464,STAR,gri,col,,,,,,,,,,,22.74,0.252,20.806,0.025,19.2,0.012,16.995,0.005,15.757,0.006,13.903,0.022,13.25,0.023,12.897,0.021,3236,141,101,5.176,0.02,0.02,-0.198,0.24,0.24,0.159,0.004,0.003,0.14,0.004,0.004,34.18,2.051,2.051,82.52,6.72,11.96,0.014,0.003,0.004,,,
3151,3151,3151,212015602,09 07 28.289,+20 30 49.97,1,18.98,,,,,5071-301-2-0152-0352,EXTENDED,gri,,1,3,-9,3,,,,,,,20.957,0.173,19.428,0.021,19.016,0.024,18.788,0.03,18.922,0.104,,,,,,,,,,,,,,,,,,,,,,,,,,,,,,,,,
3152,3152,3152,212015614,09 05 26.542,+20 30 51.18,1,18.018,,,,09052654+2030511,5061-301-3-0151-0050,EXTENDED,gri,,-1,3,3,3,,,,,,,19.981,0.049,18.745,0.009,18.097,0.008,17.706,0.008,17.53,0.026,16.662,0.134,15.932,0.137,15.476,0.159,,,,,,,,,,,,,,,,,,,,,,,,,,,
3153,3153,3153,212015626,09 09 26.075,+20 30 51.95,1,11.515,,1407-867-1,553-045707,09092608+2030518,,STAR,gri,rpm,-5.6,1.6,1.4,1.9,,,12.479,0.34,11.865,0.261,,,11.831,0.05,11.493,0.05,11.379,0.1,,,10.724,0.024,10.479,0.03,10.454,0.02,6288,188,188,4.111,0.19,0.266,-0.044,0.12,0.24,1.522,0.76,0.302,1.242,0.277,0.208,0.293,0.278,0.192,420.8,224.9,81.11,0.031,0.011,0.008,,,
3154,3154,3154,212015724,08 28 42.852,+20 30 57.29,1,18.335,,,,08284285+2030572,6597-301-2-0214-0293,STAR,gri,col,,,,,,,,,,,22.625,0.276,20.505,0.022,19.07,0.012,17.405,0.007,16.543,0.009,15.095,0.04,14.599,0.063,14.301,0.059,3054,30,30,5.181,0.02,0.02,0.106,0.1,0.08,0.152,0.003,0.003,0.129,0.003,0.003,36.35,2.181,2.181,118.6,7.087,9.437,0.017,0.002,0.003,,,
3155,3155,3155,212015749,08 53 26.681,+20 30 58.89,1,10.629,,1400-105-1,553-045125,08532667+2030590,,STAR,gri,plx,-15.6,1.3,-24,1.3,,,11.512,0.109,10.829,0.089,,,11.166,0.07,10.61,0.03,10.398,0.04,,,9.446,0.02,9.106,0.021,8.999,0.017,5562,133,133,3.818,0.075,0.105,-0.146,0.2,0.32,2.119,0.382,0.209,1.158,0.159,0.191,0.108,0.034,0.035,304.5,64.77,64.77,0.029,0.008,0.007,,,
3156,3156,3156,212015760,08 33 59.213,+20 30 59.79,1,14.928,,,553-044247,08335920+2030597,,STAR,BV,rpm,-2.7,3,-3.3,3.2,,,15.909,0.1,15.111,0.047,,,15.537,0.045,,,,,,,13.558,0.022,13.105,0.026,12.987,0.023,5134,154,154,4.541,0.055,1.199,-0.31,0.3,0.54,0.814,2.528,0.092,0.85,0.095,0.095,1.518,0.415,1.495,682.2,1960,101.6,0.034,0.01,0.008,,,
3157,3157,3157,212015827,09 04 03.862,+20 31 03.71,1,12.202,,,553-045499,09040386+2031040,,STAR,gri,rpm,-11.5,2.6,-0.8,1.8,,,12.931,0.05,12.337,0.04,,,12.573,0.05,12.188,0.06,12.043,0.08,,,11.184,0.022,10.948,0.021,10.855,0.017,6181,187,150,4.117,0.168,0.14,-0.057,0.15,0.18,1.563,0.339,0.32,1.224,0.104,0.125,0.304,0.239,0.117,533.5,105,100.9,0.033,0.01,0.006,,,
3158,3158,3158,212015879,08 57 19.990,+20 31 07.16,1,12.917,,,553-045254,08571999+2031071,,STAR,gri,rpm,1.3,1.9,-3.9,2.1,,,14.227,0.04,13.195,0.05,,,13.695,0.05,12.904,0.07,12.584,0.04,,,11.393,0.023,10.842,0.024,10.736,0.017,4795,95,76,2.596,0.48,0.3,-0.408,0.25,0.4,7.646,3.831,2.886,1.031,0.191,0.137,0.002,0.008,0.001,2079,890.4,786.5,0.034,0.01,0.007,,,
3159,3159,3159,212015897,08 52 55.638,+20 31 08.23,1,14.339,,,553-045108,08525563+2031083,,STAR,gri,lam,-8.9,2.6,11.4,2.7,,,15.29,0.02,14.589,0.01,,,14.892,0.01,14.321,0.01,14.101,0.01,,,13.184,0.023,12.779,0.027,12.669,0.02,5367,160,160,4.56,0.03,0.036,-0.275,0.15,0.15,0.788,0.063,0.042,0.828,0.07,0.05,1.648,0.244,0.245,571,66.14,51.2,0.032,0.01,0.006,,,
3160,3160,3160,212015915,08 28 01.207,+20 31 08.92,1,18.555,,,,,6597-301-2-0213-0106,STAR,gri,,0,3,29,3,,,,,,,18.601,0.017,18.326,0.007,18.631,0.009,18.872,0.013,19.232,0.056,,,,,,,,,,,,,,,,,,,,,,,,,,,,,,,,,
3161,3161,3161,212015926,09 08 11.817,+20 31 09.58,1,16.373,,,553-045655,09081182+2031094,5071-301-2-0153-0149,STAR,JHK,rpm,-40.2,8.8,27.7,8.4,,,,,,,,,,,,,,,,,14.279,0.032,13.723,0.035,13.468,0.044,3599,186,186,5.025,0.075,0.075,-0.073,0.15,0.21,0.251,0.07,0.055,0.26,0.093,0.093,14.17,8.813,4.7,179.7,64.37,55.25,0.023,0.007,0.006,,,
3162,3162,3162,212015933,09 05 01.662,+20 31 09.96,1,14.346,,,553-045539,09050165+2031099,5061-301-3-0150-0100,STAR,gri,rpm,-0.7,3.3,-1.9,2.7,,,15.436,0.07,14.596,0.06,,,14.997,0.05,14.356,0.06,14.067,0.08,,,13.043,0.023,12.598,0.027,12.494,0.019,5157,153,123,3.53,0.9,0.75,-0.53,0.42,0.49,2.379,2.719,1.676,0.908,0.22,0.066,0.039,1.309,0.036,1622,1783,1127,0.035,0.008,0.008,,,
3163,3163,3163,212015967,09 03 39.454,+20 31 12.28,1,13.019,,,553-045489,09033946+2031122,,STAR,gri,rpm,-33.2,3.7,16.7,2.4,,,14.666,0.05,13.476,0.03,,,14.128,0.04,12.989,0.06,12.544,0.08,,,11.203,0.023,10.604,0.021,10.478,0.024,4387,107,215,4.709,0.077,0.055,-0.031,0.2,0.24,0.581,0.069,0.085,0.663,0.067,0.106,3.117,1.256,0.669,133.8,24.99,27.31,0.02,0.005,0.006,,,
3164,3164,3164,212015978,09 05 34.586,+20 31 12.86,1,17.468,,,,09053458+2031128,5061-301-3-0151-0211,EXTENDED,gri,,-5,3,1,3,,,,,,,20.978,0.128,18.618,0.009,17.458,0.006,16.975,0.006,16.538,0.013,15.731,0.086,15.137,0.099,14.454,0.092,,,,,,,,,,,,,,,,,,,,,,,,,,,
3165,3165,3165,212016011,08 57 18.627,+20 31 14.19,1,17.661,,,,08571862+2031141,,STAR,J,col,,,,,,,,,,,,,,,,,,,,,16.154,0.098,15.4,0.109,14.909,0.096,3732,445,318,4.965,0.12,0.168,-0.168,0.2,0.28,0.304,0.157,0.104,0.318,0.204,0.146,9.685,12.81,4.887,543.1,385.6,257.8,0.031,0.01,0.007,,,
3166,3166,3166,212016065,08 53 52.001,+20 31 17.82,1,11.201,,1400-127-1,553-045141,08535199+2031180,,STAR,gri,rpm,-2.8,1.4,-24.8,1.5,,,11.692,0.112,11.275,0.124,,,11.513,0.04,11.17,0.01,11.068,0.03,,,10.295,0.022,10.004,0.022,9.952,0.018,6144,122,122,4.163,0.17,0.204,-0.224,0.2,0.32,1.314,0.47,0.229,1.082,0.14,0.14,0.407,0.317,0.225,298.7,95.43,53.66,0.028,0.008,0.007,,,
3167,3167,3167,212016097,09 04 38.425,+20 31 19.61,1,19.389,,,,09043842+2031196,5061-301-3-0150-0515,EXTENDED,gri,,-4,5,4,5,,,,,,,22.661,0.306,20.797,0.031,19.318,0.016,18.785,0.015,18.421,0.039,16.959,0.174,16.215,0.172,15.694,0.165,,,,,,,,,,,,,,,,,,,,,,,,,,,
3168,3168,3168,212016104,09 02 17.156,+20 31 19.99,1,17.723,,,,09021715+2031199,5071-301-3-0144-0253,EXTENDED,gri,,-2,3,-1,3,,,,,,,20.38,0.077,18.627,0.009,17.747,0.007,17.336,0.007,17.008,0.016,16.347,0.102,15.587,0.11,15.227,0.115,,,,,,,,,,,,,,,,,,,,,,,,,,,
3169,3169,3169,212016116,09 02 12.417,+20 31 20.49,1,17.841,,,,09021241+2031204,5071-301-3-0144-0234,EXTENDED,gri,,-5,3,0,3,,,,,,,20.58,0.096,18.812,0.011,17.882,0.008,17.425,0.008,17.128,0.019,16.439,0.102,15.751,0.115,15.316,0.12,,,,,,,,,,,,,,,,,,,,,,,,,,,
3170,3170,3170,212016182,09 02 54.050,+20 31 24.40,1,14.274,,,553-045463,09025404+2031245,5071-301-3-0145-0028,STAR,gri,rpm,-15.4,3.6,-16.6,3.2,,,15.46,0.04,14.553,0.01,,,14.967,0.05,14.261,0.03,13.977,0.08,,,12.892,0.023,12.411,0.024,12.382,0.023,5096,101,80,4.594,0.03,0.048,-0.331,0.25,0.25,0.734,0.08,0.052,0.785,0.085,0.071,1.901,0.307,0.405,443.6,67.61,42.75,0.03,0.008,0.006,,,
3171,3171,3171,212016205,08 34 10.901,+20 31 25.68,1,16.684,,,,08341090+2031256,5037-301-6-0109-0257,STAR,gri,rpm,-85,3,-44,3,,,,,,,21.124,0.074,18.613,0.007,17.211,0.005,15.857,0.004,15.125,0.005,13.726,0.023,13.09,0.03,12.83,0.023,3610,86,86,5.02,0.03,0.048,-0.063,0.12,0.18,0.256,0.041,0.024,0.254,0.049,0.027,15.11,2.239,3.648,140.9,29.13,20.43,0.021,0.008,0.006,,,
3172,3172,3172,212016207,08 52 12.463,+20 31 25.79,1,11.469,,1399-2046-1,553-045072,08521245+2031259,,STAR,gri,rpm,22.5,2.2,-38.1,2.3,,,11.775,0.124,11.522,0.158,,,11.89,0.02,11.43,0.03,11.288,0.06,,,10.42,0.022,10.13,0.027,10.044,0.018,5907,95,119,4.325,0.11,0.22,-0.107,0.16,0.24,1.151,0.375,0.167,1.044,0.083,0.1,0.648,0.322,0.359,260,86.57,42.75,0.028,0.01,0.007,,,
3173,3173,3173,212016221,09 04 16.646,+20 31 26.81,1,12.265,,,553-045508,09041664+2031271,,STAR,gri,,0.1,2.1,-25.2,2.7,,,13.071,0.05,12.427,0.03,,,12.693,0.05,12.245,0.06,12.081,0.08,,,11.247,0.026,10.959,0.03,,,,,,,,,,,,,,,,,,,,,,,,,,,,,
3174,3174,3174,212016229,08 54 43.845,+20 31 27.04,1,17.588,,,,08544384+2031270,5038-301-1-0049-0191,EXTENDED,gri,,5,3,-2,3,,,,,,,20.227,0.063,18.557,0.01,17.641,0.007,17.172,0.007,16.887,0.016,16.185,0.103,15.548,0.113,15.058,0.134,,,,,,,,,,,,,,,,,,,,,,,,,,,
3175,3175,3175,212016290,08 27 52.745,+20 31 30.85,1,12.873,,,553-043925,08275274+2031308,,STAR,gri,rpm,-11,1.4,11,3.2,,,13.58,0.01,13.01,0.01,,,13.249,0.04,12.868,0.03,12.712,0.062,,,11.87,0.021,11.588,0.022,11.537,0.022,6063,120,120,4.213,0.15,0.21,-0.258,0.2,0.24,1.288,0.391,0.255,1.041,0.117,0.117,0.428,0.316,0.231,599.4,160.4,126.6,0.033,0.01,0.007,,,
3176,3176,3176,212016356,08 58 27.638,+20 31 34.81,1,12.607,,,553-045297,08582764+2031346,,STAR,gri,lam,-16.2,1.7,-5.3,0.7,,,13.178,0.03,12.658,0.06,,,12.885,0.05,12.58,0.06,12.488,0.06,,,11.734,0.022,11.51,0.02,11.507,0.022,5841,140,93,3.856,0.105,0.105,-0.543,0.2,0.2,1.909,0.446,0.235,1.008,0.226,0.075,0.133,0.063,0.048,778.1,199.2,92.56,0.035,0.006,0.007,,,
3177,3177,3177,212016423,08 26 57.219,+20 31 38.78,1,9.404,,1387-425-1,553-043879,08265720+2031389,,STAR,BV,plx,-6,1.2,-7.9,1.3,,,10.96,0.077,9.656,0.032,,,10.58,0.03,,,,,,,7.38,0.026,6.775,0.038,6.611,0.023,4454,134,134,1.942,0.26,0.26,-0.265,0.25,0.45,18.599,5.987,3.859,1.218,0.52,0.325,1.65E-04,2.08E-04,9.20E-05,810.5,201.4,201.4,0.034,0.008,0.007,,,
3178,3178,3178,212016468,08 26 33.631,+20 31 41.62,1,17.669,,,,08263363+2031416,4508-301-1-0089-0352,EXTENDED,gri,,-4,3,-3,3,,,,,,,19.519,0.043,18.309,0.009,17.76,0.008,17.395,0.008,17.233,0.019,16.715,0.137,16.081,0.171,,,,,,,,,,,,,,,,,,,,,,,,,,,,,
3179,3179,3179,212016496,09 06 02.525,+20 31 43.30,1,16.144,,,,09060252+2031432,,STAR,J,col,,,,,,,,,,,,,,,,,,,,,14.744,0.07,14.005,0.075,13.509,0.067,3651,364,260,4.983,0.115,0.161,-0.093,0.18,0.24,0.288,0.143,0.095,0.29,0.205,0.128,11.64,11.06,6.416,247.5,208.3,98.73,0.028,0.01,0.01,,,
3180,3180,3180,212016518,08 34 20.922,+20 31 44.46,1,18.429,,,,08342092+2031444,5037-301-6-0109-0341,STAR,gri,rpm,-32,4,-17,4,,,,,,,22.941,0.301,20.679,0.023,19.142,0.011,17.465,0.006,16.52,0.008,14.994,0.04,14.487,0.048,14.159,0.054,3352,117,78,5.125,0.02,0.024,-0.036,0.12,0.18,0.18,0.016,0.01,0.161,0.018,0.013,26.81,2.927,3.62,155.7,19.16,12.39,0.021,0.007,0.003,,,
3181,3181,3181,212016564,09 06 57.024,+20 31 47.20,1,12.279,,,553-045602,09065701+2031474,,STAR,gri,lam,-4.1,1.9,-11.6,0.9,,,12.78,0.06,12.308,0.05,,,12.495,0.05,12.208,0.07,12.124,0.07,,,11.411,0.022,11.168,0.028,11.155,0.023,6485,155,129,4.242,0.075,0.09,-0.17,0.12,0.12,1.355,0.227,0.164,1.209,0.115,0.082,0.457,0.152,0.134,534.5,96.39,68.97,0.032,0.008,0.01,,,
3182,3182,3182,212016567,08 32 13.714,+20 31 47.35,1,11.551,,1398-384-1,553-044140,08321371+2031473,,STAR,gri,plx,-20.2,1.7,-20.3,1.8,,,11.785,0.102,11.707,0.164,,,11.755,0.03,11.483,0.01,11.399,0.06,,,10.657,0.023,10.459,0.022,10.434,0.019,6554,130,104,4.072,0.155,0.186,-0.063,0.12,0.18,1.692,0.526,0.298,1.365,0.176,0.126,0.261,0.198,0.129,594.3,264.8,264.8,0.031,0.008,0.006,,,
3183,3183,3183,212016584,08 26 12.637,+20 31 48.44,1,18.192,,,,08261263+2031484,,STAR,J,,,,,,,,,,,,,,,,,,,,,,16.638,0.126,15.568,0.122,,,,,,,,,,,,,,,,,,,,,,,,,,,,,
3184,3184,3184,212016612,08 26 32.990,+20 31 49.71,1,19.094,,,,08263298+2031497,4508-301-1-0089-0351,STAR,gri,col,,,,,,,,,,,23.821,0.652,21.073,0.036,19.556,0.016,18.246,0.009,17.557,0.014,16.261,0.091,15.62,0.115,15.24,0.115,3216,32,32,5.149,0.02,0.02,0.042,0.12,0.1,0.167,0.004,0.003,0.143,0.003,0.003,30.86,1.852,1.852,247.7,30.86,32.56,0.026,0.006,0.006,,,
3185,3185,3185,212016666,09 02 30.004,+20 31 53.01,1,17.373,,,,09023000+2031530,5071-301-3-0144-0296,EXTENDED,gri,,-47,3,-32,3,,,,,,,20.116,0.066,18.309,0.008,17.392,0.006,16.972,0.006,16.624,0.013,16.064,0.089,15.379,0.101,14.968,0.115,,,,,,,,,,,,,,,,,,,,,,,,,,,
3186,3186,3186,212016689,08 57 28.103,+20 31 54.60,1,17.627,,,,08572810+2031545,5071-301-4-0137-0298,STAR,gri,rpm,37,3,-267,3,,,,,,,21.687,0.133,19.294,0.011,17.754,0.006,16.913,0.005,16.433,0.009,15.155,0.045,14.572,0.047,14.498,0.071,3332,539,404,5.181,0.035,0.105,-0.356,0.25,0.45,0.156,0.061,0.022,0.139,0.08,0.025,33.28,8.138,14.44,80.12,74.53,19.2,0.013,0.007,0.004,,,
3187,3187,3187,212016708,08 31 22.914,+20 31 55.95,1,12.593,,,553-044099,08312291+2031559,,STAR,gri,rpm,-3.5,2.2,-2.8,2,,,13.073,0.02,12.635,0.03,,,12.803,0.03,12.523,0.01,12.425,0.061,,,11.715,0.022,11.518,0.023,11.43,0.02,6516,157,105,4.097,0.13,0.156,-0.062,0.12,0.21,1.604,0.425,0.232,1.346,0.142,0.171,0.282,0.17,0.122,727.1,195,106.5,0.034,0.01,0.007,,,
3188,3188,3188,212016728,09 04 43.878,+20 31 56.95,1,14.571,,,553-045527,09044385+2031570,5061-301-3-0150-0044,STAR,gri,rpm,-1.8,3.5,2.4,2.6,,,15.779,0.06,14.865,0.04,,,15.268,0.05,14.579,0.06,14.272,0.06,,,13.163,0.025,12.627,0.024,12.545,0.023,4940,98,78,2.678,1.25,1.25,-0.662,0.45,1.35,4.959,14.379,3.99,0.886,0.096,0.116,0.005,0.32,0.005,2887,8243,2316,0.034,0.007,0.006,,,
3189,3189,3189,212016743,09 06 05.278,+20 31 57.57,1,12.958,,,553-045572,09060526+2031575,,STAR,gri,rpm,-21.1,2.1,10.1,2.1,,,13.843,0.04,13.142,0.05,,,13.453,0.06,12.933,0.07,12.746,0.09,,,11.856,0.024,11.478,0.027,11.423,0.023,5588,199,132,4.487,0.045,0.405,-0.165,0.2,0.32,0.907,0.599,0.087,0.927,0.075,0.075,1.194,0.258,0.934,376.6,293.1,40.96,0.03,0.009,0.004,,,
3190,3190,3190,212016766,09 10 30.370,+20 31 58.64,1,15.352,,,553-045748,09103035+2031587,,STAR,gri,rpm,-2,3,-4.9,3.3,,,16.504,0.07,15.548,0.05,,,15.988,0.03,15.265,0.08,15.079,0.13,,,13.885,0.025,13.374,0.026,13.307,0.024,4991,119,119,4.578,0.04,1.552,-0.317,0.25,0.5,0.763,3.909,0.069,0.811,0.114,0.082,1.77,0.358,1.762,724.2,3795,103.8,0.033,0.01,0.007,,,
3191,3191,3191,212016779,08 55 39.835,+20 31 59.76,1,17.903,,,,08553983+2031597,5038-301-1-0051-0235,EXTENDED,gri,,3,3,4,3,,,,,,,20.901,0.101,18.956,0.012,17.89,0.008,17.452,0.008,17.133,0.018,16.484,0.113,15.476,0.126,15.168,0.13,,,,,,,,,,,,,,,,,,,,,,,,,,,
3192,3192,3192,212016876,09 11 13.578,+20 32 06.68,1,16.983,,,,09111357+2032066,5061-301-2-0159-0279,EXTENDED,gri,,-6,3,-3,3,,,,,,,20.434,0.149,18.212,0.011,16.974,0.007,16.456,0.007,16.107,0.017,16.11,0.099,15.352,0.102,14.794,0.101,,,,,,,,,,,,,,,,,,,,,,,,,,,
3193,3193,3193,212016909,09 00 02.189,+20 32 08.54,1,12.675,,,553-045359,09000218+2032085,,STAR,gri,rpm,-15.1,1.6,7.8,1.3,,,13.494,0.04,12.829,0.03,,,13.102,0.05,12.669,0.06,12.492,0.08,,,11.612,0.023,11.265,0.022,11.237,0.021,5830,170,170,4.367,0.1,0.46,-0.211,0.25,0.25,1.061,0.743,0.172,0.984,0.1,0.1,0.81,0.374,0.646,417.3,281,74.96,0.032,0.008,0.007,,,
3194,3194,3194,212016974,08 30 28.346,+20 32 13.14,1,17.554,,,,08302834+2032131,,STAR,J,col,,,,,,,,,,,,,,,,,,,,,16.054,0.113,15.175,0.108,14.69,0.099,3798,409,341,4.93,0.135,0.162,-0.168,0.2,0.28,0.335,0.151,0.136,0.365,0.173,0.173,8.387,11.92,4.373,581.7,368.3,258.8,0.032,0.01,0.008,,,
3195,3195,3195,212016980,08 30 10.272,+20 32 13.61,1,10.79,,1387-599-1,553-044035,08301027+2032133,,STAR,gri,plx,-13.1,1.5,15.3,1.6,,,11.713,0.123,11.485,0.16,,,11.495,0.06,10.804,0.03,10.488,0.06,,,9.368,0.023,8.893,0.023,8.805,0.018,4968,101,81,2.459,0.57,0.09,-0.619,0.25,0.3,9.475,1.132,4.323,0.976,0.207,0.095,0.001,0.006,2.25E-04,702.7,224.9,224.9,0.034,0.008,0.007,,,
3196,3196,3196,212017054,08 27 40.550,+20 32 17.39,1,14.901,,,553-043914,08274054+2032176,,STAR,gri,col,,,,,,,16.035,0.069,15.179,0.048,,,15.702,0.05,14.91,0.054,14.558,0.081,,,13.405,0.025,12.856,0.025,12.748,0.022,4813,112,112,4.624,0.055,0.066,-0.285,0.25,0.45,0.68,0.096,0.084,0.739,0.085,0.099,2.226,0.709,0.537,482.2,106.1,73.67,0.032,0.008,0.007,,,
3197,3197,3197,212017087,09 05 13.588,+20 32 19.09,1,17.61,,,,09051358+2032190,5061-301-3-0151-0166,EXTENDED,gri,,1,3,2,3,,,,,,,20.572,0.093,18.626,0.01,17.608,0.007,17.174,0.007,16.818,0.018,16.337,0.114,15.503,0.095,15.003,0.102,,,,,,,,,,,,,,,,,,,,,,,,,,,
3198,3198,3198,212017098,08 55 04.989,+20 32 19.80,1,11.201,,1400-504-1,553-045185,08550499+2032197,,STAR,gri,plx,-13.1,1.6,11.8,1.6,,,11.7,0.109,11.344,0.128,,,11.541,0.02,11.155,0.01,11.055,0.04,,,10.268,0.022,9.968,0.021,9.933,0.018,6050,96,96,4.34,0.075,0.15,-0.285,0.25,0.25,1.118,0.211,0.115,0.995,0.138,0.115,0.69,0.209,0.283,227.4,42.68,42.68,0.025,0.008,0.006,,,
3199,3199,3199,212017101,08 52 26.430,+20 32 20.05,1,19.41,,,,,5037-301-2-0135-0284,EXTENDED,gri,,-9,3,-13,3,,,,,,,20.645,0.072,19.579,0.014,19.353,0.017,19.043,0.019,19.055,0.064,,,,,,,,,,,,,,,,,,,,,,,,,,,,,,,,,
3200,3200,3200,212017113,08 54 05.993,+20 32 20.62,1,18.079,,,,08540599+2032206,,STAR,JHK,col,,,,,,,,,,,,,,,,,,,,,15.613,0.068,14.96,0.093,14.678,0.094,3984,439,366,4.863,0.145,0.174,-0.197,0.2,0.32,0.374,0.163,0.132,0.414,0.181,0.181,6.858,7.636,3.613,595.7,397.5,273.1,0.032,0.011,0.008,,,
3201,3201,3201,212017193,08 35 11.264,+20 32 25.11,1,12.265,,,553-044305,08351126+2032251,,STAR,BV,rpm,-6.2,1.2,1.2,1.5,,,13.177,0.042,12.429,0.031,,,12.808,0.031,,,,,,,11.341,0.021,11.02,0.023,10.978,0.019,5857,211,175,4.147,0.28,0.336,-0.166,0.2,0.24,1.348,0.676,0.387,1.064,0.155,0.097,0.373,0.63,0.259,471,251.8,141.4,0.031,0.008,0.006,,,
3202,3202,3202,212017241,09 12 20.946,+20 32 27.68,1,10.732,,1407-951-1,553-045806,09122096+2032280,,STAR,gri,rpm,-76.4,1.2,-180.2,1.2,,,11.436,0.056,10.846,0.049,,,11.155,0.03,10.732,0.02,10.551,0.04,,,9.649,0.021,9.317,0.022,9.247,0.017,5787,138,173,4.491,0.09,0.135,-0.736,0.42,0.35,0.839,0.204,0.126,0.789,0.126,0.07,1.365,0.498,0.535,112.1,45.36,27.64,0.017,0.008,0.006,,,
3203,3203,3203,212017281,08 32 01.968,+20 32 30.14,1,18.164,,,,08320196+2032301,,STAR,J,,,,,,,,,,,,,,,,,,,,,,16.613,0.141,15.502,0.12,,,,,,,,,,,,,,,,,,,,,,,,,,,,,
3204,3204,3204,212017343,08 59 15.974,+20 32 34.19,1,10.449,,1400-270-1,553-045327,08591597+2032341,,STAR,gri,rpm,-0.1,1.7,-1.6,1.8,,,12.326,0.31,11.022,0.108,,,11.815,0.07,10.539,0.06,9.864,0.07,,,8.208,0.024,7.425,0.026,7.179,0.018,3961,62,62,1.379,0.102,0.255,-0.035,0.1,0.24,37.547,11.518,6.532,1.206,0.132,0.132,2.28E-05,1.22E-05,1.38E-05,1815,486.9,326.1,0.031,0.01,0.006,,,
3205,3205,3205,212017358,09 05 33.925,+20 32 34.81,1,19.073,,,,,5061-301-3-0151-0064,EXTENDED,gri,,-3,5,27,5,,,,,,,21.411,0.273,19.603,0.026,19.179,0.03,18.846,0.036,18.926,0.159,,,,,,,,,,,,,,,,,,,,,,,,,,,,,,,,,
3206,3206,3206,212017359,08 28 17.621,+20 32 34.84,1,15.534,,,553-043941,08281761+2032349,6597-301-2-0213-0154,STAR,JHK,rpm,-1.1,4.5,-7,4.8,,,,,,,,,,,,,,,,,14.133,0.028,13.807,0.049,13.579,0.036,5733,276,276,4.426,0.108,0.27,-0.313,0.25,0.35,0.953,0.365,0.154,0.908,0.099,0.083,1.022,0.439,0.618,1139,507.9,211,0.034,0.01,0.007,,,
3207,3207,3207,212017379,08 52 47.884,+20 32 35.96,1,18.627,,,,,5071-301-5-0130-0138,STAR,gri,,4,3,0,3,,,,,,,18.97,0.02,18.709,0.008,18.6,0.009,18.588,0.011,18.44,0.026,,,,,,,,,,,,,,,,,,,,,,,,,,,,,,,,,
3208,3208,3208,212017436,08 25 46.114,+20 32 38.84,1,17.016,,,,08254611+2032388,,STAR,J,col,,,,,,,,,,,,,,,,,,,,,15.553,0.062,14.864,0.073,14.493,0.07,3790,408,291,4.948,0.12,0.144,-0.132,0.2,0.28,0.316,0.152,0.119,0.333,0.183,0.153,10.06,10.01,5.668,436,285.9,197.9,0.031,0.01,0.008,,,
3209,3209,3209,212017515,09 07 56.333,+20 32 42.68,1,11.093,,1407-1141-1,553-045643,09075633+2032427,,STAR,gri,rpm,-26.8,1.3,-9.5,1.5,,,11.623,0.11,11.463,0.15,,,11.504,0.06,11.039,0.09,10.916,0.11,,,10.105,0.022,9.835,0.028,9.809,0.019,6055,181,145,4.208,0.175,0.21,-0.058,0.15,0.27,1.351,0.405,0.265,1.123,0.124,0.124,0.396,0.341,0.208,276.7,89.06,57.41,0.028,0.007,0.006,,,
3210,3210,3210,212017523,08 51 46.137,+20 32 43.01,1,17.577,,,,08514613+2032430,,STAR,J,col,,,,,,,,,,,,,,,,,,,,,16.076,0.094,15.352,0.112,14.495,0.076,3413,192,1116,5.092,0.204,0.085,-0.08,0.15,0.21,0.194,0.069,0.088,0.17,0.091,0.091,22.22,40.4,8.983,292,140.9,209.1,0.028,0.009,0.014,,,
3211,3211,3211,212017569,09 07 26.761,+20 32 45.81,1,18.762,,,,,5071-301-2-0152-0307,STAR,gri,,17,4,-41,4,,,,,,,22.951,0.372,20.658,0.026,19.237,0.013,17.949,0.008,17.672,0.015,,,,,,,,,,,,,,,,,,,,,,,,,,,,,,,,,
3212,3212,3212,212017602,08 58 38.181,+20 32 48.29,1,9.036,44072,1400-236-1,553-045304,08583812+2032483,,STAR,BV,plx,656.51,1.37,-172.96,0.94,47.85,1.14,10.446,0.054,9.257,0.025,,,,,,,,,,,7.051,0.03,6.415,0.031,,,5241,52,52,4.487,0.02,0.02,0.2,0.08,0.05,0.894,0.018,0.018,0.906,0.018,0.018,1.246,0.075,0.075,20.9,0.627,0.627,0,0,0,,,
3213,3213,3213,212017612,08 31 04.001,+20 32 48.86,1,13.431,,,553-044082,08310400+2032488,,STAR,gri,rpm,-3,1.9,-8.9,2,,,14.696,0.08,13.756,0.02,,,14.192,0.04,13.466,0.02,13.104,0.064,,,11.915,0.022,11.351,0.025,11.244,0.022,4868,97,58,2.67,0.574,0.41,-0.713,0.36,0.3,6.424,4.617,2.686,0.914,0.115,0.029,0.002,0.016,0.002,2483,1399,1155,0.032,0.011,0.006,,,
3214,3214,3214,212017640,08 33 45.243,+20 32 50.69,1,14.276,,,553-044234,08334524+2032506,,STAR,BV,rpm,-49.8,3.4,-21.9,3.6,,,15.711,0.08,14.503,0.04,,,15.205,0.041,,,,,,,12.267,0.022,11.674,0.023,11.559,0.02,4483,181,543,4.69,0.168,0.06,-0.157,0.2,0.2,0.597,0.076,0.18,0.637,0.096,0.175,3.029,3.447,0.794,220.3,46.4,91.31,0.024,0.007,0.007,,,
3215,3215,3215,212017730,09 06 55.972,+20 32 56.31,1,14.434,,,553-045598,09065595+2032565,5071-301-2-0151-0095,STAR,gri,lam,-23,4.5,-17.5,4.9,,,16.282,0.11,15.051,0.08,,,15.707,0.09,14.467,0.08,13.889,0.12,,,12.327,0.022,11.677,0.03,11.495,0.019,4136,124,149,4.832,0.07,0.05,-0.334,0.12,0.15,0.44,0.055,0.067,0.498,0.054,0.076,5.486,2.087,1.128,151.6,27.84,27.07,0.022,0.005,0.005,,,
3216,3216,3216,212017760,08 55 53.785,+20 32 57.64,1,15.282,,,553-045209,08555379+2032575,,STAR,gri,rpm,-2.2,2.8,-6.6,3.3,,,16.37,0.12,15.55,0.07,,,15.918,0.09,15.258,0.09,15.009,0.08,,,13.992,0.024,13.541,0.024,13.387,0.03,5148,152,121,4.575,0.04,1,-0.29,0.24,0.42,0.767,1.851,0.072,0.826,0.073,0.087,1.711,0.423,1.668,778.9,1907,94.23,0.034,0.01,0.007,,,
3217,3217,3217,212017783,08 57 03.213,+20 32 58.79,1,15.277,,,553-045243,08570321+2032588,,STAR,gri,rpm,16.3,4.5,-53,5,,,15.732,0.02,15.354,0.08,,,15.494,0.04,15.205,0.06,15.143,0.18,,,14.337,0.029,14.008,0.036,13.932,0.039,6188,111,259,4.5,0.055,0.099,-1.96,0.66,0.55,0.781,0.132,0.045,0.725,0.034,0.021,1.457,0.295,0.485,1045,182.7,69.72,0.037,0.005,0.01,,,
3218,3218,3218,212017815,08 26 05.291,+20 33 00.56,1,14.487,,,553-043836,08260529+2033005,4508-301-1-0089-0081,STAR,gri,rpm,-2.9,4.3,1.5,4.9,,,15.785,0.05,14.714,0.03,,,15.201,0.12,14.432,0.03,14.181,0.075,,,12.981,0.022,12.506,0.023,12.35,0.02,5001,118,118,3.515,1.05,0.63,-0.335,0.3,0.54,2.768,2.473,2.074,0.906,0.231,0.116,0.037,1.544,0.032,1624,1383,1197,0.033,0.009,0.009,,,
3219,3219,3219,212017838,08 33 13.496,+20 33 01.41,1,15.57,,,553-044208,08331347+2033011,6597-301-1-0221-0324,STAR,JHK,rpm,-8.7,6.2,-15.1,6,,,,,,,,,,,,,,,,,13.335,0.021,12.68,0.025,12.482,0.021,4007,188,156,4.83,0.055,0.066,-0.067,0.15,0.21,0.444,0.064,0.056,0.504,0.075,0.075,5.494,1.503,1.384,229.3,48.17,33.69,0.027,0.007,0.007,,,
3220,3220,3220,212017920,08 52 01.059,+20 33 06.37,1,12.027,,,553-045063,08520105+2033064,,STAR,gri,rpm,-4.5,1.5,2.4,1.2,,,12.627,0.041,12.118,0.01,,,12.333,0.02,11.992,0.02,11.896,0.05,,,11.124,0.022,10.862,0.023,10.8,0.02,6281,100,100,4.179,0.156,0.26,-0.114,0.15,0.27,1.422,0.66,0.271,1.198,0.198,0.165,0.36,0.283,0.223,479.3,208.4,96.82,0.031,0.01,0.005,,,
3221,3221,3221,212017939,08 51 15.716,+20 33 07.81,1,14.638,,,553-045024,08511572+2033077,5037-301-2-0133-0185,STAR,gri,lam,-17.1,2.5,5.6,2.6,,,15.726,0.1,14.909,0.04,,,15.313,0.06,14.682,0.07,14.348,0.12,,,13.316,0.023,12.853,0.026,12.785,0.027,5023,151,151,4.611,0.025,0.025,-0.253,0.12,0.18,0.708,0.04,0.038,0.756,0.052,0.044,2.069,0.274,0.204,501.5,45.86,42.02,0.033,0.008,0.007,,,
3222,3222,3222,212017963,09 05 48.688,+20 33 08.99,1,19.506,,,,,5061-301-3-0152-0449,EXTENDED,gri,,-6,5,6,5,,,,,,,20.909,0.156,19.721,0.026,19.435,0.033,19.113,0.041,19.162,0.168,,,,,,,,,,,,,,,,,,,,,,,,,,,,,,,,,
3223,3223,3223,212017965,09 03 51.969,+20 33 09.08,1,15.189,,,,09035196+2033090,5071-301-3-0146-0371,EXTENDED,gri,,-3,2,-3,2,,,,,,,17.04,0.014,15.816,0.003,15.228,0.003,14.92,0.003,14.676,0.007,15.39,0.117,14.747,0.128,14.611,0.121,,,,,,,,,,,,,,,,,,,,,,,,,,,
3224,3224,3224,212017995,08 53 25.773,+20 33 10.67,1,14.587,,,553-045123,08532576+2033108,,STAR,gri,rpm,-1.6,2.9,2.7,3.2,,,15.693,0.05,14.904,0.04,,,15.28,0.03,14.588,0.03,14.29,0.02,,,13.194,0.022,12.709,0.021,12.62,0.027,5011,78,78,3.049,0.624,1.248,-0.682,0.35,1.05,4.138,13.032,1.796,0.886,0.145,0.103,0.01,0.064,0.01,2677,7908,1132,0.036,0.011,0.006,,,
3225,3225,3225,212018003,08 53 49.200,+20 33 11.19,1,17.417,,,,08534920+2033111,5071-301-5-0132-0248,EXTENDED,gri,,-4,3,-4,3,,,,,,,19.733,0.051,18.31,0.008,17.453,0.006,17.034,0.006,16.748,0.014,16.108,0.095,15.289,0.12,14.914,0.115,,,,,,,,,,,,,,,,,,,,,,,,,,,
3226,3226,3226,212018067,08 56 15.257,+20 33 14.43,1,13.299,,,553-045217,08561525+2033143,,STAR,gri,lam,-0.5,1.6,-0.3,1.6,,,14.399,0.05,13.504,0.02,,,13.94,0.06,13.257,0.05,13.024,0.05,,,11.976,0.021,11.558,0.023,11.455,0.02,5197,124,155,3.725,0.075,0.105,-0.23,0.15,0.12,2.405,0.349,0.257,1.153,0.119,0.119,0.077,0.026,0.023,978.7,109.4,98.36,0.034,0.01,0.008,,,
3227,3227,3227,212018077,09 02 47.211,+20 33 15.38,1,16.722,,,,09024721+2033153,5071-301-3-0145-0137,EXTENDED,gri,,4,3,5,3,,,,,,,20.074,0.124,17.939,0.01,16.739,0.006,16.201,0.006,15.74,0.012,15.618,0.08,14.797,0.081,14.256,0.076,,,,,,,,,,,,,,,,,,,,,,,,,,,
3228,3228,3228,212018135,08 34 13.009,+20 33 18.76,1,14.047,,,553-044257,08341300+2033187,5037-301-6-0109-0152,STAR,BV,rpm,-0.2,2,-8.3,2.2,,,15.358,0.06,14.248,0.037,,,14.805,0.038,,,,,,,12.681,0.022,12.189,0.022,12.153,0.026,5029,101,121,3.465,1.1,0.5,-0.371,0.35,0.49,2.725,2.143,2.021,0.906,0.18,0.098,0.031,1.581,0.025,1523,964.4,1138,0.031,0.008,0.007,,,
3229,3229,3229,212018136,08 52 50.466,+20 33 18.91,1,13.979,,,553-045104,08525046+2033190,,STAR,gri,lam,-6,2.5,-22.2,2.6,,,15.864,0.07,14.54,0.01,,,15.295,0.04,13.982,0.04,13.415,0.01,,,11.93,0.022,11.278,0.021,11.103,0.018,4148,122,171,4.846,0.077,0.035,-0.419,0.12,0.15,0.431,0.037,0.071,0.486,0.036,0.087,5.858,2.532,0.963,125.5,16.22,25.07,0.017,0.005,0.004,,,
3230,3230,3230,212018211,08 30 31.142,+20 33 23.79,1,14.501,,,553-044049,08303115+2033237,,STAR,gri,rpm,-1.2,2.8,-2.6,3.2,,,15.947,0.067,14.847,0.043,,,15.288,0.04,14.595,0.06,14.164,0.074,,,13.157,0.023,12.592,0.021,12.516,0.021,4869,77,96,2.274,0.945,0.945,-0.907,0.6,1.6,9.222,15.543,5.788,0.862,0.095,0.08,4.69E-04,0.01,4.49E-04,5282,11440,3260,0.034,0.007,0.005,,,
3231,3231,3231,212018249,09 09 55.374,+20 33 26.67,1,17.134,,,,09095537+2033266,,STAR,J,rpm,6,1,6,6,,,,,,,,,,,,,,,,,15.663,0.088,14.953,0.091,14.581,0.086,4026,372,372,4.846,0.13,0.13,-0.172,0.2,0.28,0.424,0.134,0.135,0.473,0.139,0.167,5.924,5.896,2.593,620.7,301.6,234.8,0.033,0.008,0.007,,,
3232,3232,3232,212018280,09 09 32.677,+20 33 28.11,1,13.001,,,553-045711,09093268+2033282,,STAR,gri,lam,,,,,,,14.949,0.04,13.559,0.06,,,14.383,0.07,13.033,0.03,12.409,0.09,,,11.02,0.024,10.321,0.03,10.211,0.02,4003,166,118,4.839,0.05,0.06,-0.109,0.12,0.15,0.446,0.061,0.054,0.505,0.065,0.065,5.369,1.469,1.153,82.85,18.66,13.24,0.014,0.005,0.005,,,
3233,3233,3233,212018290,09 03 29.178,+20 33 28.79,1,14.574,,,553-045482,09032917+2033286,5071-301-3-0146-0084,STAR,gri,rpm,-1.6,4.5,-34.9,4.9,,,16.454,0.09,15.172,0.04,,,15.905,0.06,14.626,0.07,14.003,0.08,,,12.569,0.025,11.916,0.024,11.752,0.024,4007,95,63,4.846,0.04,0.056,-0.15,0.18,0.15,0.438,0.058,0.051,0.493,0.074,0.062,5.825,1.424,1.345,160.2,27.33,19.71,0.021,0.006,0.005,,,
3234,3234,3234,212018329,08 55 39.129,+20 33 31.86,1,17.371,,,,08553912+2033318,5038-301-1-0051-0239,STAR,gri,rpm,-36,3,-11,3,,,,,,,21.719,0.111,19.225,0.01,17.782,0.006,16.577,0.005,15.979,0.007,14.629,0.033,14.059,0.039,13.791,0.039,3292,32,32,5.118,0.02,0.02,0.131,0.05,0.05,0.182,0.004,0.004,0.16,0.003,0.003,26.28,1.577,1.577,132.1,3.964,5.947,0.014,0.003,0.001,,,
3235,3235,3235,212018342,08 51 02.970,+20 33 32.76,1,12.483,,,553-045014,08510297+2033327,,STAR,gri,rpm,0.6,1,-2.1,1.4,,,12.642,0.01,12.462,0.01,,,12.469,0.02,12.488,0.03,12.545,0.06,,,12.005,0.022,11.928,0.026,11.905,0.025,7386,362,302,4.081,0.126,0.147,-0.124,0.12,0.15,1.84,0.52,0.255,1.596,0.19,0.079,0.239,0.106,0.106,1040,383.7,85.36,0.033,0.008,0.007,,,
3236,3236,3236,212018392,08 58 22.330,+20 33 35.37,1,14.828,,,553-045291,08582232+2033352,5071-301-4-0139-0018,STAR,gri,rpm,3.1,4.6,-6,5,,,15.894,0.08,15.055,0.06,,,15.434,0.01,14.833,0.07,14.568,0.1,,,13.615,0.026,13.23,0.032,13.094,0.027,5434,163,163,4.512,0.05,0.63,-0.235,0.25,0.35,0.858,0.99,0.084,0.887,0.076,0.091,1.364,0.385,1.212,772.2,859.1,96.53,0.034,0.01,0.007,,,
3237,3237,3237,212018403,08 51 26.087,+20 33 36.42,1,12.472,,,553-045034,08512609+2033364,,STAR,gri,rpm,-6.9,1.2,-2.9,1.8,,,13.236,0.01,12.616,0.01,,,12.897,0.02,12.43,0.04,12.29,0.05,,,11.375,0.021,11.079,0.023,11.044,0.021,5941,94,117,4.232,0.18,0.288,-0.061,0.16,0.2,1.289,0.583,0.284,1.09,0.12,0.1,0.455,0.402,0.29,453.8,207,94.99,0.033,0.01,0.008,,,
3238,3238,3238,212018449,08 59 52.501,+20 33 38.96,1,12.352,,,553-045351,08595250+2033388,,STAR,gri,rpm,-12.6,1,-11.8,1.2,,,13.204,0.04,12.518,0.03,,,12.812,0.05,12.353,0.04,12.155,0.08,,,11.247,0.022,10.943,0.021,10.893,0.02,5906,141,141,4.268,0.16,0.32,-0.112,0.2,0.28,1.207,0.594,0.237,1.04,0.15,0.107,0.518,0.425,0.342,390,205.2,81.64,0.032,0.01,0.007,,,
3239,3239,3239,212018460,08 53 10.389,+20 33 39.61,1,14.094,,,553-045117,08531038+2033397,,STAR,gri,rpm,-3.8,3.7,-3.1,2.8,,,15.63,0.01,14.519,0.03,,,15.066,0.02,14.107,0.02,13.677,0.03,,,12.356,0.022,11.704,0.021,11.594,0.022,4466,53,44,0.94,0.14,0.16,-1.51,0.25,0.25,49.378,9.769,6.253,0.81,0.016,0.016,6.26E-06,3.89E-06,2.66E-06,18060,4416,1073,0.032,0.006,0.003,,,
3240,3240,3240,212018528,09 10 29.790,+20 33 44.16,1,15.181,,,553-045747,09102979+2033444,,EXTENDED,gri,,-5,4.7,-5,4.8,,,16.528,0.03,15.575,0.02,,,16.126,0.13,15.209,0.07,14.776,0.03,,,13.919,0.045,13.274,0.052,13.047,0.055,,,,,,,,,,,,,,,,,,,,,,,,,,,
3241,3241,3241,212018610,08 34 28.560,+20 33 48.44,1,12.599,,,553-044272,08342855+2033485,,STAR,BV,rpm,-23.9,1.4,-22,2.3,,,13.372,0.042,12.725,0.031,,,13.027,0.031,,,,,,,11.609,0.023,11.335,0.021,11.273,0.02,6056,144,180,4.341,0.085,0.136,-0.421,0.3,0.36,1.073,0.204,0.125,0.946,0.093,0.093,0.708,0.258,0.278,439.8,82.18,69.24,0.031,0.008,0.006,,,
3242,3242,3242,212018617,08 51 33.917,+20 33 48.81,1,12.099,,,553-045039,08513391+2033488,,STAR,gri,rpm,-5.4,1.1,2,1.3,,,13.407,0.01,12.39,0.03,,,12.878,0.02,12.062,0.03,11.765,0.06,,,10.532,0.02,10.01,0.023,9.917,0.018,4819,77,58,2.76,0.456,0.456,-0.293,0.16,0.24,7.295,4.03,2.991,1.141,0.152,0.152,0.003,0.01,0.002,1329,659.4,509.5,0.033,0.012,0.006,,,
3243,3243,3243,212018666,08 35 23.405,+20 33 52.34,1,14.54,,,553-044316,08352340+2033523,,STAR,JHK,rpm,-9.9,2.9,10.9,3.2,,,,,,,,,,,,,,,,,12.868,0.023,12.287,0.022,12.191,0.022,4690,110,166,4.645,0.042,0.035,-0.093,0.15,0.24,0.671,0.052,0.056,0.73,0.053,0.064,2.376,0.428,0.307,349.7,38.17,40.88,0.03,0.008,0.005,,,
3244,3244,3244,212018672,08 35 17.772,+20 33 52.53,1,8.421,,1398-392-1,553-044311,08351777+2033526,,STAR,BV,rpm,-33.8,1.2,-15.8,1.1,,,8.654,0.018,8.398,0.015,,,9.935,0.03,,,,,,,7.876,0.019,7.807,0.017,7.761,0.018,7703,373,448,4.087,0.135,0.243,0.013,0.1,0.16,1.924,0.756,0.36,1.786,0.201,0.201,0.217,0.139,0.119,176.5,59.4,37.9,0.022,0.006,0.005,,,
3245,3245,3245,212018677,08 57 27.635,+20 33 52.67,1,19.444,,,,,5071-301-4-0137-0321,STAR,gri,,-8,3,-6,3,,,,,,,20.327,0.049,19.589,0.013,19.396,0.014,19.321,0.017,19.045,0.046,,,,,,,,,,,,,,,,,,,,,,,,,,,,,,,,,
3246,3246,3246,212018757,09 07 33.468,+20 33 56.55,1,12.815,,,553-045625,09073345+2033566,,STAR,gri,lam,-7.8,1.9,-6,2.5,,,13.327,0.05,12.843,0.06,,,13.034,0.06,12.743,0.08,12.66,0.09,,,11.984,0.022,11.799,0.027,11.771,0.023,6471,129,129,4.222,0.075,0.09,-0.105,0.1,0.12,1.418,0.166,0.176,1.253,0.088,0.088,0.418,0.139,0.104,734.6,97.26,101.8,0.033,0.008,0.006,,,
3247,3247,3247,212018780,08 32 31.452,+20 33 58.19,1,11.939,,,553-044159,08323145+2033580,,STAR,gri,rpm,-0.6,1.1,-4,2.9,,,12.433,0.02,11.974,0.04,,,12.157,0.03,11.866,0.01,11.748,0.06,,,10.964,0.022,10.772,0.023,10.742,0.02,6480,157,104,4.074,0.16,0.224,-0.052,0.12,0.18,1.721,0.624,0.356,1.357,0.221,0.123,0.256,0.199,0.142,555.3,196.6,108.1,0.031,0.01,0.005,,,
3248,3248,3248,212018820,09 09 57.781,+20 34 00.14,1,18.662,,,,09095778+2034001,,STAR,JHK,col,,,,,,,,,,,,,,,,,,,,,16.253,0.1,15.52,0.141,15.342,0.134,3983,523,373,4.866,0.15,0.15,-0.263,0.25,0.35,0.389,0.157,0.147,0.453,0.167,0.2,6.355,8.406,3.206,780.8,494.3,347.3,0.032,0.01,0.007,,,
3249,3249,3249,212018856,09 10 29.091,+20 34 01.96,1,15.198,,,553-045745,09102907+2034020,5061-301-2-0158-0112,EXTENDED,gri,,,,,,,,16.665,0.06,15.501,0.054,,,16.021,0.052,15.372,0.061,14.845,0.088,,,13.691,0.037,12.979,0.039,12.696,0.04,,,,,,,,,,,,,,,,,,,,,,,,,,,
3250,3250,3250,212018863,08 50 14.131,+20 34 02.33,1,18.072,,,,08501413+2034023,,STAR,JHK,col,,,,,,,,,,,,,,,,,,,,,16.455,0.11,16.061,0.168,15.799,0.214,4095,1272,530,4.835,0.19,0.304,-0.351,0.3,0.48,0.401,0.298,0.171,0.485,0.244,0.293,5.708,9.833,3.992,909.6,1317,478.2,0.032,0.011,0.007,,,
3251,3251,3251,212018921,08 57 30.599,+20 34 05.31,1,14.748,,,553-045261,08573059+2034055,5071-301-4-0137-0136,STAR,gri,rpm,-44.8,4.5,-32.3,4.9,,,16.818,0.27,15.431,0.08,,,16.253,0.13,14.881,0.09,14.103,0.06,,,12.407,0.025,11.74,0.026,11.557,0.026,3856,108,77,4.858,0.054,0.03,0.058,0.12,0.15,0.42,0.032,0.052,0.474,0.034,0.068,6.302,1.705,0.876,139.5,16.31,21.32,0.021,0.017,0.007,,,
3252,3252,3252,212018939,08 52 39.048,+20 34 06.60,1,12.014,,,553-045093,08523904+2034067,,STAR,gri,lam,-11.2,2.8,-27.4,1.1,,,12.808,0.01,12.163,0.01,,,12.451,0.01,11.988,0.02,11.827,0.05,,,10.926,0.023,10.61,0.021,10.565,0.023,5876,117,211,4.006,0.184,0.138,-0.213,0.15,0.12,1.596,0.411,0.327,1.062,0.118,0.099,0.22,0.223,0.09,458.5,100.9,94.98,0.03,0.007,0.008,,,
3253,3253,3253,212018980,08 57 30.892,+20 34 09.14,1,17.863,,,,08573089+2034091,5071-301-4-0137-0137,STAR,gri,col,,,,,,,,,,,22.853,0.343,19.955,0.016,18.558,0.009,16.966,0.005,16.156,0.008,14.561,0.046,13.886,0.047,13.713,0.071,3737,116,116,4.982,0.04,0.056,-0.126,0.18,0.18,0.297,0.054,0.038,0.324,0.058,0.058,11.45,2.966,2.765,252.8,51.84,43.02,0.029,0.008,0.007,,,
3254,3254,3254,212019046,08 33 08.976,+20 34 12.34,1,11.352,,1398-391-1,553-044204,08330897+2034123,,STAR,BV,plx,9.8,1.5,-16.2,1.6,,,11.664,0.089,11.351,0.106,,,11.588,0.03,,,,,,,10.401,0.022,10.11,0.023,10.115,0.019,6089,182,182,3.955,0.125,0.125,-0.1,0.16,0.28,1.829,0.415,0.287,1.232,0.197,0.164,0.171,0.122,0.071,488.7,120.5,120.5,0.031,0.01,0.007,,,
3255,3255,3255,212019049,09 11 28.451,+20 34 12.59,1,17.392,,,,09112845+2034125,5061-301-2-0160-0152,EXTENDED,gri,,6,2,8,1,,,,,,,20.958,0.175,18.662,0.013,17.368,0.007,16.847,0.007,16.388,0.016,16.086,0.08,15.337,0.081,14.792,0.096,,,,,,,,,,,,,,,,,,,,,,,,,,,
3256,3256,3256,212019055,08 29 07.898,+20 34 12.82,1,12.7,,,553-043982,08290790+2034128,,STAR,gri,rpm,-9.6,4.3,0.5,1.8,,,13.324,0.01,12.842,0.02,,,13.038,0.05,12.706,0.01,12.555,0.062,,,11.742,0.022,11.484,0.022,11.428,0.021,6194,124,124,4.114,0.18,0.18,-0.171,0.16,0.28,1.425,0.428,0.28,1.124,0.15,0.15,0.321,0.277,0.169,640,187.5,123.4,0.032,0.01,0.007,,,
3257,3257,3257,212019090,09 09 48.872,+20 34 14.80,1,17.743,,,,,5061-301-2-0157-0338,EXTENDED,gri,,4,2,3,2,,,,,,,20.069,0.094,18.538,0.013,17.803,0.011,17.403,0.013,17.143,0.036,,,,,,,,,,,,,,,,,,,,,,,,,,,,,,,,,
3258,3258,3258,212019105,08 26 09.714,+20 34 15.48,1,16.892,,,,08260971+2034154,,STAR,JHK,col,,,,,,,,,,,,,,,,,,,,,14.354,0.026,13.763,0.03,13.371,0.031,3237,318,796,5.103,0.168,0.096,-0.014,0.15,0.18,0.169,0.075,0.06,0.154,0.09,0.064,20.16,13.3,6.373,102.4,62.18,58.82,0.012,0.011,0.006,,,
3259,3259,3259,212019137,08 26 51.219,+20 34 17.50,1,11.354,,1387-492-1,553-043870,08265124+2034176,,STAR,gri,rpm,-4.5,2,-2.3,2.1,,,12.854,0.44,11.484,0.163,,,12.142,0.06,11.312,0.02,11.016,0.06,,,9.767,0.021,9.261,0.024,9.13,0.017,4800,77,77,2.456,0.51,0.09,-0.275,0.2,0.2,10.806,0.646,4.698,1.191,0.266,0.166,9.47E-04,0.005,1.77E-04,1336,82.41,527.9,0.034,0.008,0.007,,,
3260,3260,3260,212019142,09 08 17.887,+20 34 17.81,1,17.933,,,,,5071-301-2-0153-0410,EXTENDED,gri,,34,4,-16,4,,,,,,,19.962,0.086,18.539,0.013,18.003,0.012,17.673,0.013,17.483,0.036,,,,,,,,,,,,,,,,,,,,,,,,,,,,,,,,,
3261,3261,3261,212019160,09 03 26.699,+20 34 19.20,1,14.654,,,553-045479,09032669+2034191,5071-301-3-0146-0070,STAR,gri,rpm,5.6,4.6,-16.4,5,,,15.596,0.07,14.921,0.03,,,15.219,0.05,14.647,0.08,14.412,0.11,,,13.341,0.025,12.913,0.024,12.788,0.021,5298,126,158,4.56,0.04,0.104,-0.285,0.25,0.4,0.791,0.992,0.073,0.832,0.072,0.087,1.653,0.334,0.591,608.6,785.6,78.53,0.033,0.008,0.007,,,
3262,3262,3262,212019165,08 26 00.926,+20 34 19.31,1,19.794,,,,,4508-301-1-0089-0266,STAR,gri,,-30,4,-13,4,,,,,,,20.327,0.047,19.858,0.016,19.773,0.018,19.778,0.023,19.961,0.079,,,,,,,,,,,,,,,,,,,,,,,,,,,,,,,,,
3263,3263,3263,212019231,09 02 45.148,+20 34 22.31,1,18.528,,,,,5071-301-3-0145-0139,EXTENDED,gri,,7,3,-1,3,,,,,,,20.076,0.063,18.986,0.012,18.532,0.012,18.332,0.014,18.188,0.046,,,,,,,,,,,,,,,,,,,,,,,,,,,,,,,,,
3264,3264,3264,212019248,08 53 50.201,+20 34 24.29,1,12.308,,,553-045140,08535020+2034243,,STAR,gri,rpm,-1.1,1,2.7,1.7,,,12.718,0.01,12.322,0.01,,,12.476,0.03,12.252,0.01,12.203,0.01,,,11.484,0.02,11.295,0.021,11.23,0.019,6684,134,134,4.048,0.175,0.21,-0.046,0.09,0.18,1.757,0.698,0.351,1.43,0.202,0.112,0.217,0.211,0.121,749.1,249.8,187.4,0.029,0.007,0.006,,,
3265,3265,3265,212019272,08 58 53.378,+20 34 25.76,1,11.602,,1400-2110-1,553-045315,08585338+2034257,,STAR,gri,rpm,-19.4,1.8,-22.7,1.9,,,12.201,0.216,11.977,0.236,,,11.972,0.05,11.585,0.06,11.443,0.06,,,10.597,0.023,10.295,0.021,10.245,0.022,5998,145,145,4.255,0.15,0.24,-0.242,0.24,0.28,1.2,0.462,0.249,1.02,0.123,0.103,0.501,0.39,0.277,301.3,108.2,67.96,0.028,0.01,0.006,,,
3266,3266,3266,212019274,09 07 37.152,+20 34 25.85,1,13.793,,,553-045629,09073714+2034260,,STAR,gri,rpm,18.4,3.5,-13.6,3.9,,,14.919,0.07,14.049,0.06,,,14.476,0.05,13.763,0.08,13.5,0.07,,,12.428,0.025,11.973,0.03,11.882,0.019,5140,121,121,4.565,0.035,0.049,-0.08,0.15,0.27,0.789,0.068,0.063,0.859,0.049,0.068,1.645,0.266,0.311,387,53.67,39.69,0.032,0.01,0.007,,,
3267,3267,3267,212019277,08 34 37.583,+20 34 25.94,1,12.937,,,553-044282,08343757+2034259,,STAR,BV,rpm,6,5,6,2,,,13.98,0.01,13.137,0.07,,,13.53,0.13,,,,,,,11.653,0.023,11.09,0.021,11.004,0.02,4807,96,134,2.841,0.642,0.535,-0.308,0.25,0.4,5.537,4.174,2.715,0.984,0.213,0.106,0.003,0.018,0.003,1702,1222,711.1,0.033,0.011,0.008,,,
3268,3268,3268,212019299,08 27 00.872,+20 34 28.01,1,18.077,,,,08270087+2034280,,STAR,JHK,col,,,,,,,,,,,,,,,,,,,,,15.535,0.071,14.953,0.093,14.546,0.08,3708,501,278,4.969,0.11,0.176,-0.117,0.2,0.28,0.29,0.178,0.095,0.303,0.22,0.137,10.67,9.898,6.413,381.3,334.6,155.7,0.03,0.01,0.008,,,
3269,3269,3269,212019346,08 34 04.365,+20 34 30.36,1,12.578,,,553-044249,08340436+2034303,,STAR,BV,rpm,-32,2,-13.2,1.9,,,13.843,0.02,12.769,0.031,,,13.352,0.032,,,,,,,11.038,0.022,10.568,0.021,10.442,0.025,5082,102,81,4.551,0.06,1.19,-0.292,0.3,0.42,0.796,2.36,0.077,0.865,0.07,0.084,1.612,0.455,1.585,206.8,585.2,28.66,0.026,0.007,0.007,,,
3270,3270,3270,212019361,08 33 43.902,+20 34 31.73,1,14.703,,,553-044231,08334390+2034316,6597-301-1-0221-0295,STAR,JHK,rpm,-65.5,3.9,-46.3,3.8,,,,,,,,,,,,,,,,,12.609,0.027,11.945,0.028,11.798,0.026,4088,194,194,4.809,0.072,0.06,-0.161,0.25,0.25,0.458,0.077,0.066,0.523,0.07,0.084,5.024,2.255,1.368,176.3,40.61,33.01,0.024,0.005,0.006,,,
3271,3271,3271,212019407,09 05 27.182,+20 34 34.85,1,19.956,,,,,5061-301-3-0151-0206,STAR,gri,,-1,3,-11,3,,,,,,,20.385,0.044,19.918,0.014,19.968,0.019,19.873,0.024,19.865,0.09,,,,,,,,,,,,,,,,,,,,,,,,,,,,,,,,,
3272,3272,3272,212019460,09 09 35.125,+20 34 38.11,1,19.627,,,,,5061-301-2-0157-0228,STAR,gri,,6,3,5,3,,,,,,,20.449,0.048,19.947,0.015,19.604,0.015,19.49,0.02,19.196,0.05,,,,,,,,,,,,,,,,,,,,,,,,,,,,,,,,,
3273,3273,3273,212019518,08 28 53.990,+20 34 41.58,1,12.394,,,553-043968,08285400+2034416,,STAR,gri,rpm,-39.8,1.3,-12.9,1.6,,,14.054,0.02,12.862,0.031,,,13.519,0.04,12.396,0.02,11.912,0.06,,,10.574,0.021,9.931,0.022,9.821,0.019,4280,102,68,4.728,0.06,0.03,0.046,0.08,0.28,0.577,0.026,0.077,0.651,0.026,0.084,3.367,1.071,0.434,92.09,42.01,10.2,0.017,0.003,0.002,,,
3274,3274,3274,212019527,08 29 27.275,+20 34 42.04,1,14.625,,,553-043999,08292727+2034420,6597-301-2-0215-0102,STAR,gri,rpm,-0.1,2.8,-0.2,3.2,,,15.986,0.1,14.932,0.01,,,15.483,0.01,14.605,0.01,14.257,0.076,,,12.87,0.022,12.245,0.025,12.126,0.022,4664,55,74,2.302,0.774,1.29,-0.496,0.2,1.44,9.625,32.585,5.661,0.885,0.095,0.111,7.07E-04,0.01,6.99E-04,5138,14490,2509,0.04,0.007,0.01,,,
3275,3275,3275,212019558,08 27 17.974,+20 34 44.26,1,17.413,,,,08271797+2034442,4508-301-1-0091-0269,EXTENDED,gri,,-10,3,4,3,,,,,,,19.655,0.051,18.24,0.009,17.474,0.007,17.058,0.006,16.796,0.015,16.181,0.107,15.376,0.112,15.028,0.117,,,,,,,,,,,,,,,,,,,,,,,,,,,
3276,3276,3276,212019571,09 02 12.975,+20 34 45.27,1,17.235,,,,09021297+2034452,5061-301-4-0146-0335,EXTENDED,gri,,3,3,2,3,,,,,,,20.052,0.062,18.134,0.007,17.251,0.006,16.849,0.006,16.536,0.014,15.985,0.079,15.208,0.093,14.848,0.096,,,,,,,,,,,,,,,,,,,,,,,,,,,
3277,3277,3277,212019654,09 02 24.740,+20 34 49.96,1,17.43,,,,09022474+2034499,5071-301-3-0144-0284,EXTENDED,gri,,0,3,5,3,,,,,,,20.329,0.077,18.409,0.008,17.456,0.006,17.01,0.006,16.7,0.014,15.995,0.088,15.175,0.082,14.759,0.091,,,,,,,,,,,,,,,,,,,,,,,,,,,
3278,3278,3278,212019700,08 34 31.868,+20 34 52.77,1,16.603,,,,08343186+2034527,,STAR,JHK,col,,,,,,,,,,,,,,,,,,,,,14.434,0.03,13.805,0.031,13.601,0.029,3849,276,184,4.904,0.108,0.09,-0.151,0.2,0.28,0.368,0.09,0.097,0.403,0.112,0.135,7.95,5.123,3.115,297.3,101.9,88.56,0.029,0.008,0.007,,,
3279,3279,3279,212019712,08 52 39.838,+20 34 53.82,1,14.115,,,553-045094,08523983+2034539,,STAR,gri,lam,7.5,9.4,-10.1,3.6,,,15.065,0.04,14.331,0.04,,,14.676,0.02,14.082,0.04,13.875,0.02,,,12.849,0.022,12.416,0.024,12.324,0.02,5350,192,160,3.767,0.096,0.06,-0.206,0.12,0.12,2.252,0.305,0.269,1.131,0.12,0.086,0.093,0.041,0.019,1377,182.3,135.6,0.033,0.01,0.008,,,
3280,3280,3280,212019726,09 05 52.081,+20 34 54.73,1,14.965,,,553-045564,09055207+2034546,5061-301-3-0152-0031,STAR,gri,rpm,-5.5,4.7,-6.4,5,,,17.484,0.12,16.046,0.066,,,16.877,0.1,15.529,0.04,14.146,0.06,,,12.164,0.024,11.574,0.028,11.34,0.025,3868,46,93,4.882,0.028,0.02,0.031,0.05,0.1,0.397,0.024,0.026,0.447,0.033,0.04,6.964,0.922,0.685,117.4,6.672,9.938,0.022,0.011,0.009,,,
3281,3281,3281,212019727,08 27 20.248,+20 34 54.75,1,11.124,,1387-452-1,553-043899,08272026+2034548,,STAR,gri,plx,-22.2,1.6,-20.8,1.7,,,11.817,0.116,11.346,0.113,,,11.435,0.06,11.116,0.02,10.991,0.06,,,10.188,0.022,9.955,0.022,9.893,0.021,6278,154,154,4.166,0.115,0.138,-0.084,0.15,0.24,1.423,0.304,0.184,1.209,0.111,0.133,0.366,0.175,0.154,324.8,60.8,60.8,0.03,0.01,0.007,,,
3282,3282,3282,212019733,08 58 21.115,+20 34 55.09,1,12.956,,,553-045289,08582112+2034551,,STAR,gri,rpm,13.3,1.5,-25,2.1,,,13.764,0.02,13.077,0.05,,,13.403,0.05,12.93,0.07,12.764,0.07,,,11.934,0.023,11.597,0.023,11.535,0.021,5763,172,172,4.432,0.065,0.325,-0.267,0.25,0.35,0.96,0.463,0.112,0.918,0.085,0.085,1.032,0.282,0.693,428.3,238.1,65.44,0.031,0.01,0.007,,,
3283,3283,3283,212019735,09 10 53.173,+20 34 55.11,1,12.766,,,553-045760,09105315+2034552,,STAR,gri,rpm,-18.5,1,-1.5,1.7,,,13.277,0.04,12.792,0.05,,,12.981,0.05,12.694,0.03,12.603,0.06,,,11.843,0.022,11.585,0.022,11.579,0.018,6275,126,151,4.256,0.085,0.136,-0.302,0.2,0.32,1.273,0.232,0.17,1.05,0.133,0.133,0.513,0.195,0.207,588.6,127.9,91.3,0.033,0.006,0.007,,,
3284,3284,3284,212019755,09 02 26.047,+20 34 56.10,1,16.876,,,,09022604+2034561,5071-301-3-0144-0288,EXTENDED,gri,,2,0,6,5,,,,,,,19.483,0.052,17.863,0.007,16.948,0.005,16.453,0.005,16.098,0.011,15.699,0.082,14.872,0.086,14.517,0.088,,,,,,,,,,,,,,,,,,,,,,,,,,,
3285,3285,3285,212019778,09 08 23.088,+20 34 57.34,1,17.201,,,,09082308+2034573,5071-301-2-0153-0219,EXTENDED,gri,,-1,2,-2,2,,,,,,,19.886,0.054,18.092,0.007,17.218,0.006,16.819,0.005,16.488,0.011,15.777,0.08,15.163,0.104,14.63,0.082,,,,,,,,,,,,,,,,,,,,,,,,,,,
3286,3286,3286,212019806,08 51 10.421,+20 34 58.67,1,11.427,,,553-045020,08511042+2034585,,STAR,gri,rpm,0.9,1,-6.3,2.7,,,13.371,0.01,11.946,0.02,,,12.679,0.03,11.442,0.04,10.89,0.05,,,9.317,0.022,8.525,0.021,8.357,0.033,4045,64,48,1.108,0.39,0.325,-0.509,0.35,0.35,40.641,20.364,11.67,0.961,0.169,0.07,1.24E-05,2.46E-05,9.07E-06,3386,1267,921.8,0.033,0.011,0.008,,,
3287,3287,3287,212019842,08 54 40.703,+20 35 00.92,1,14.11,,,553-045166,,5071-301-5-0133-0172,EXTENDED,gri,,-2.2,2.9,-4.4,3,,,15.385,0.03,14.458,0.039,,,14.951,0.02,14.117,0.046,13.749,0.069,,,,,,,,,,,,,,,,,,,,,,,,,,,,,,,,,,,
3288,3288,3288,212019868,09 02 24.873,+20 35 02.45,1,17.45,,,,09022487+2035024,5071-301-3-0144-0285,EXTENDED,gri,,-1,3,2,3,,,,,,,19.865,0.067,18.299,0.009,17.523,0.007,17.086,0.007,16.801,0.019,16.185,0.099,15.569,0.121,15.087,0.11,,,,,,,,,,,,,,,,,,,,,,,,,,,
3289,3289,3289,212019882,09 03 09.631,+20 35 03.22,1,11.389,,1400-2377-1,553-045468,09030962+2035033,,STAR,gri,rpm,-20.2,1.9,-11.6,1.9,,,12.4,0.313,11.472,0.168,,,12.069,0.05,11.406,0.04,11.098,0.08,,,9.976,0.022,9.455,0.021,9.372,0.02,4972,78,78,2.842,0.495,0.495,-0.674,0.35,0.35,5.313,3.689,2.177,0.919,0.159,0.04,0.004,0.02,0.004,789.2,514.5,311.4,0.032,0.008,0.007,,,
3290,3290,3290,212019900,08 56 23.765,+20 35 04.12,1,10.837,,1400-902-1,553-045224,08562376+2035039,,STAR,gri,rpm,-11.8,1.3,1.9,1.3,,,11.338,0.095,10.739,0.083,,,11.015,0.06,10.778,0.06,10.71,0.05,,,10.009,0.023,9.867,0.021,9.8,0.018,6830,208,208,4.062,0.175,0.245,-0.009,0.12,0.12,1.874,0.772,0.409,1.522,0.206,0.171,0.214,0.198,0.128,406,172.8,90.84,0.033,0.011,0.008,,,
3291,3291,3291,212019914,08 51 55.264,+20 35 05.40,1,17.697,,,,08515526+2035053,,STAR,J,col,,,,,,,,,,,,,,,,,,,,,16.187,0.099,15.593,0.117,14.998,0.115,3669,433,271,5.004,0.115,0.161,-0.168,0.2,0.28,0.265,0.161,0.087,0.272,0.19,0.118,13.26,12.6,7.311,496.3,336.9,200.7,0.032,0.01,0.008,,,
3292,3292,3292,212019920,09 05 58.148,+20 35 06.03,1,12.21,,,553-045567,09055815+2035060,,STAR,gri,rpm,1.4,1.9,-13,2.3,,,12.84,0.05,12.319,0.05,,,12.528,0.05,12.201,0.07,12.074,0.07,,,11.343,0.024,11.086,0.029,11.05,0.025,6218,151,189,4.187,0.155,0.186,-0.14,0.16,0.28,1.41,0.393,0.261,1.153,0.121,0.169,0.397,0.293,0.214,507.5,145.1,95.94,0.032,0.01,0.006,,,
3293,3293,3293,212019944,08 27 59.879,+20 35 06.98,1,15.165,,,553-043933,08275986+2035072,6597-301-2-0213-0253,STAR,JHK,rpm,38.1,7.3,-1.8,6.9,,,,,,,,,,,,,,,,,13.074,0.021,12.481,0.022,12.264,0.023,3645,152,87,4.995,0.06,0.06,-0.03,0.12,0.24,0.289,0.063,0.051,0.295,0.084,0.084,12.45,5.136,3.636,115.6,39.75,25.23,0.017,0.006,0.005,,,
3294,3294,3294,212019960,08 27 03.856,+20 35 08.14,1,14.514,,,553-043890,08270386+2035082,4508-301-1-0090-0213,STAR,gri,rpm,-5.6,4.2,-15.5,4.9,,,16.186,0.07,15.014,0.04,,,15.638,0.15,14.591,0.05,14.032,0.072,,,12.773,0.023,12.148,0.024,12.039,0.019,4191,194,161,4.758,0.06,0.06,-0.056,0.15,0.21,0.523,0.071,0.062,0.58,0.084,0.07,4.063,1.232,1.106,225.8,53.54,36.69,0.025,0.007,0.006,,,
3295,3295,3295,212019990,09 12 06.551,+20 35 09.74,1,15.579,,,553-045799,09120654+2035097,5071-301-1-0159-0178,STAR,JHK,rpm,-9.1,6.3,-44.3,6.8,,,,,,,,,,,,,,,,,13.393,0.024,12.741,0.027,12.555,0.02,3985,186,155,4.859,0.055,0.066,-0.165,0.2,0.2,0.419,0.061,0.063,0.473,0.067,0.08,6.166,1.869,1.434,219,40.09,40.01,0.026,0.007,0.006,,,
3296,3296,3296,212020015,08 26 51.144,+20 35 11.11,1,18.16,,,,,4508-301-1-0090-0154,STAR,gri,,1,3,1,3,,,,,,,18.381,0.015,18.243,0.007,18.133,0.007,18.024,0.008,18.04,0.018,,,,,,,,,,,,,,,,,,,,,,,,,,,,,,,,,
3297,3297,3297,212020025,08 55 21.465,+20 35 11.52,1,11.075,,1400-750-1,553-045193,08552147+2035115,,STAR,gri,rpm,-6.6,1.3,-4.6,1.3,,,11.354,0.094,11.079,0.107,,,11.226,0.05,11.024,0.04,10.984,0.05,,,10.337,0.02,10.198,0.019,10.119,0.018,6897,207,207,4.044,0.16,0.224,-0.012,0.1,0.12,1.892,0.773,0.365,1.537,0.202,0.144,0.193,0.192,0.107,475.5,176.7,96.05,0.033,0.011,0.007,,,
3298,3298,3298,212020068,08 26 52.862,+20 35 14.72,1,12.716,,,553-043875,08265286+2035148,,STAR,gri,rpm,-2.3,1.4,-5.5,3.1,,,13.486,0.01,12.865,0.02,,,13.131,0.06,12.668,0.01,12.539,0.062,,,11.602,0.021,11.304,0.022,11.239,0.022,5949,117,117,4.117,0.3,0.25,-0.075,0.18,0.24,1.404,0.618,0.368,1.109,0.177,0.098,0.315,0.586,0.184,561.3,202.9,149,0.034,0.01,0.007,,,
3299,3299,3299,212020087,09 07 21.086,+20 35 15.82,1,12.785,,,553-045619,09072108+2035158,,STAR,gri,rpm,-8.2,2,-5.1,2.5,,,13.489,0.05,12.904,0.07,,,13.15,0.05,12.748,0.07,12.629,0.07,,,11.864,0.021,11.633,0.03,11.571,0.026,6183,187,187,4.181,0.155,0.186,-0.099,0.15,0.24,1.362,0.441,0.247,1.171,0.129,0.155,0.391,0.281,0.208,628.9,214.4,118.9,0.033,0.008,0.007,,,
3300,3300,3300,212020160,08 53 40.813,+20 35 20.79,1,18.807,,,,08534081+2035207,,STAR,JHK,col,,,,,,,,,,,,,,,,,,,,,16.272,0.105,15.948,0.2,15.293,0.141,3833,1180,416,4.93,0.162,0.297,-0.263,0.25,0.45,0.317,0.289,0.117,0.354,0.334,0.167,9.302,10.59,6.933,629.8,1061,290,0.032,0.008,0.008,,,
3301,3301,3301,212020174,08 27 00.271,+20 35 21.83,1,14.156,,,553-043882,08270027+2035219,,STAR,gri,rpm,7.9,4.4,-1.1,4.9,,,15.27,0.03,14.398,0.01,,,14.812,0.03,14.162,0.03,13.874,0.07,,,12.677,0.021,12.198,0.024,12.052,0.021,5073,102,61,3.291,0.432,0.432,-0.681,0.35,0.25,3.407,1.953,1.241,0.907,0.123,0.029,0.018,0.056,0.014,1831,971,634.5,0.034,0.011,0.007,,,
3302,3302,3302,212020195,09 08 45.935,+20 35 23.01,1,16.283,,,,09084593+2035230,,STAR,JHK,col,,,,,,,,,,,,,,,,,,,,,14.141,0.031,13.57,0.035,13.316,0.032,3578,189,189,5.02,0.096,0.08,-0.043,0.15,0.21,0.25,0.075,0.067,0.263,0.105,0.105,14.73,10.17,5.22,166.1,66.38,55.15,0.021,0.008,0.007,,,
3303,3303,3303,212020217,09 09 36.874,+20 35 24.40,1,18.45,,,,09093687+2035243,,STAR,J,,,,,,,,,,,,,,,,,,,,,,16.881,0.188,,,15.63,0.193,,,,,,,,,,,,,,,,,,,,,,,,,,,
3304,3304,3304,212020224,09 05 49.791,+20 35 24.62,1,12.81,,,553-045562,09054978+2035245,,STAR,gri,rpm,-3.8,2.1,-1.6,2.9,,,14.584,0.01,13.33,0.04,,,14.042,0.07,12.804,0.04,12.283,0.04,,,10.875,0.022,10.22,0.028,10.111,0.024,4316,52,87,0.241,0.12,0.1,-2.068,0.18,0.05,111.206,14.145,17.163,0.801,0.016,0.016,5.42E-07,3.51E-07,1.63E-07,19770,1807,2582,0.033,0.002,0.012,,,
3305,3305,3305,212020246,08 53 30.594,+20 35 26.22,1,14.876,,,,08533059+2035262,5071-301-5-0132-0023,EXTENDED,gri,,-3,3,2,3,,,,,,,16.786,0.013,15.494,0.003,14.929,0.003,14.611,0.003,14.344,0.006,15.013,0.082,14.297,0.104,14.012,0.087,,,,,,,,,,,,,,,,,,,,,,,,,,,
3306,3306,3306,212020266,08 33 48.427,+20 35 27.65,1,13.047,,,553-044240,08334843+2035276,,STAR,BV,rpm,-35.7,4.7,-1.1,2,,,14.157,0.02,13.265,0.032,,,13.755,0.033,,,,,,,11.837,0.023,11.44,0.021,11.325,0.02,5397,210,168,4.542,0.05,0.08,-0.19,0.25,0.55,0.816,0.118,0.087,0.87,0.073,0.102,1.549,0.379,0.457,315.4,68.36,38.67,0.031,0.005,0.006,,,
3307,3307,3307,212020330,08 55 33.855,+20 35 31.47,1,10.232,,1400-778-1,553-045203,08553384+2035315,,STAR,gri,plx,56.3,1.1,-21,1.1,,,10.829,0.064,10.467,0.063,,,10.61,0.1,10.241,0.06,10.069,0.04,,,9.337,0.022,9.051,0.02,9.004,0.017,6058,143,143,4.281,0.08,0.096,-0.098,0.2,0.32,1.206,0.135,0.088,1.06,0.086,0.121,0.584,0.168,0.174,173.6,15.41,15.41,0.021,0.007,0.005,,,
3308,3308,3308,212020363,08 26 39.584,+20 35 33.77,1,11.394,,1387-404-1,553-043863,08263959+2035336,,STAR,gri,plx,-11.2,1.7,17.6,1.7,,,11.84,0.126,11.558,0.154,,,11.609,0.06,11.323,0.02,11.231,0.06,,,10.472,0.022,10.207,0.022,10.174,0.018,6254,152,127,4.069,0.168,0.14,-0.148,0.16,0.32,1.618,0.44,0.294,1.217,0.161,0.193,0.246,0.218,0.101,451.2,129.9,129.9,0.029,0.01,0.007,,,
3309,3309,3309,212020426,08 56 06.963,+20 35 36.96,1,18.234,,,,08560696+2035369,,STAR,JHK,col,,,,,,,,,,,,,,,,,,,,,15.839,0.069,15.129,0.083,14.933,0.116,4082,358,358,4.823,0.15,0.125,-0.197,0.2,0.32,0.424,0.126,0.144,0.491,0.136,0.19,5.586,6.522,2.371,714.9,332.8,296.3,0.033,0.011,0.008,,,
3310,3310,3310,212020442,09 10 02.994,+20 35 37.87,1,13.974,,,553-045729,09100298+2035377,,STAR,gri,rpm,-27.7,3.2,-11.7,3.5,,,16.227,0.06,14.765,0.05,,,15.637,0.12,14.199,0.04,13.262,0.08,,,11.613,0.022,10.97,0.029,10.773,0.02,3782,75,75,4.881,0.022,0.02,0.149,0.06,0.22,0.4,0.008,0.017,0.444,0.024,0.009,6.906,0.701,0.414,85.92,5.722,22.87,0.013,0.002,0.002,,,
3311,3311,3311,212020445,09 10 40.716,+20 35 38.16,1,18.325,,,,09104071+2035381,,STAR,J,col,,,,,,,,,,,,,,,,,,,,,16.766,0.127,16.056,0.129,15.755,0.181,3865,492,351,4.934,0.135,0.189,-0.254,0.25,0.35,0.34,0.17,0.131,0.362,0.206,0.172,9.09,10.57,5.488,811.3,585.6,388.6,0.033,0.008,0.007,,,
3312,3312,3312,212020508,08 59 47.246,+20 35 43.03,1,16.066,,,,08594724+2035430,5071-301-4-0141-0284,EXTENDED,gri,,1,3,2,3,,,,,,,18.065,0.023,16.799,0.004,16.127,0.004,15.752,0.004,15.437,0.009,15.206,0.053,14.433,0.059,14.178,0.078,,,,,,,,,,,,,,,,,,,,,,,,,,,
3313,3313,3313,212020509,09 07 15.878,+20 35 43.10,1,10.934,,1407-1401-1,553-045616,09071587+2035431,,STAR,gri,rpm,0.8,1.3,-15.7,1.3,,,11.285,0.088,11.031,0.106,,,11.218,0.06,10.898,0.07,10.812,0.08,,,10.151,0.021,9.95,0.028,9.885,0.025,6429,196,196,4.101,0.17,0.238,-0.037,0.12,0.15,1.59,0.598,0.324,1.325,0.208,0.148,0.293,0.247,0.169,359,143,76.45,0.031,0.008,0.007,,,
3314,3314,3314,212020632,09 04 36.535,+20 35 50.11,1,17.728,,,,09043653+2035501,5071-301-3-0148-0084,EXTENDED,gri,,0,3,1,3,,,,,,,19.64,0.049,18.458,0.009,17.769,0.008,17.415,0.008,17.212,0.022,16.533,0.127,15.685,0.135,15.195,0.12,,,,,,,,,,,,,,,,,,,,,,,,,,,
3315,3315,3315,212020639,08 33 12.582,+20 35 50.35,1,13.392,,,553-044207,08331258+2035503,,STAR,BV,rpm,-1.8,1.4,-6.3,1.9,,,14.636,0.03,13.579,0.033,,,14.095,0.034,,,,,,,11.802,0.022,11.282,0.023,11.181,0.019,4907,116,96,3.076,0.444,0.74,-0.358,0.25,0.45,4.807,4.696,1.924,0.988,0.228,0.114,0.009,0.033,0.008,1533,1607,503.7,0.032,0.011,0.006,,,
3316,3316,3316,212020650,09 06 22.099,+20 35 51.15,1,18.383,,,,,5061-301-3-0152-0142,STAR,gri,,-7,3,20,3,,,,,,,18.596,0.016,18.229,0.007,18.435,0.008,18.681,0.011,18.935,0.042,,,,,,,,,,,,,,,,,,,,,,,,,,,,,,,,,
3317,3317,3317,212020713,09 03 36.200,+20 35 55.22,1,18.304,,,,,5071-301-3-0146-0329,EXTENDED,gri,,-3,3,-5,3,,,,,,,19.759,0.053,18.661,0.01,18.34,0.012,18.151,0.014,18.033,0.044,,,,,,,,,,,,,,,,,,,,,,,,,,,,,,,,,
3318,3318,3318,212020717,08 56 03.606,+20 35 55.42,1,11.134,,1400-1022-1,553-045213,08560360+2035554,,STAR,gri,plx,14,1.7,-41.5,1.9,,,12.257,0.322,11.212,0.133,,,11.93,0.05,11.118,0.05,10.793,0.04,,,9.58,0.02,9.034,0.019,8.921,0.022,4754,76,76,2.426,0.243,0.135,-0.308,0.2,0.4,10.915,1.248,2.677,1.094,0.241,0.201,8.49E-04,9.41E-04,3.33E-04,12140,124300,124300,0.033,0.008,0.007,,,
3319,3319,3319,212020728,08 28 45.506,+20 35 55.86,1,15.158,,,553-043961,08284550+2035558,6597-301-2-0214-0064,STAR,BV,rpm,-7.2,4.1,-0.7,4.9,,,16.265,0.13,15.375,0.051,,,15.916,0.05,,,,,,,13.568,0.024,13.058,0.033,12.952,0.024,4953,145,145,4.591,0.042,1.239,-0.18,0.2,0.44,0.741,2.489,0.056,0.808,0.116,0.072,1.889,0.33,1.864,588.5,2101,75.93,0.033,0.01,0.008,,,
3320,3320,3320,212020735,08 50 17.313,+20 35 56.41,1,14.112,,,553-044987,08501732+2035565,,STAR,gri,rpm,-35.8,2.6,-54.9,2.3,,,15.447,0.02,14.487,0.02,,,14.957,0.04,14.067,0.03,13.749,0.03,,,12.551,0.025,12.007,0.025,11.894,0.024,4658,129,73,4.679,0.1,0.05,-0.391,0.25,0.5,0.612,0.078,0.119,0.657,0.079,0.111,2.755,1.612,0.567,279.4,38.74,54.37,0.03,0.005,0.006,,,
3321,3321,3321,212020740,09 07 05.242,+20 35 56.68,1,9.075,,1407-1707-1,553-045606,09070524+2035567,,STAR,gri,plx,-5.5,0.9,2.6,0.9,,,10.222,0.046,9.234,0.026,,,10.136,0.17,9.451,0.22,8.621,0.18,,,7.434,0.02,6.967,0.029,6.831,0.023,4874,100,100,2.575,0.222,0.222,-0.16,0.2,0.4,10.528,1.016,1.274,1.77,0.513,0.82,0.001,0.001,4.77E-04,631.3,282.5,282.5,0.031,0.008,0.007,,,
3322,3322,3322,212020746,09 07 38.790,+20 35 56.89,1,16.551,,,,09073879+2035568,5071-301-2-0152-0242,STAR,gri,rpm,-19,3,-60,3,,,,,,,20.992,0.076,18.355,0.007,16.931,0.005,15.778,0.005,15.16,0.005,13.813,0.029,13.189,0.033,12.964,0.036,3304,39,33,5.101,0.02,0.02,0.189,0.18,0.18,0.19,0.006,0.005,0.168,0.005,0.004,24.18,1.451,1.451,91.56,2.747,2.747,0.016,0.003,0.002,,,
3323,3323,3323,212020750,08 32 08.437,+20 35 57.02,1,18.05,,,,08320843+2035570,,STAR,J,,,,,,,,,,,,,,,,,,,,,,16.511,0.119,15.637,0.131,,,,,,,,,,,,,,,,,,,,,,,,,,,,,
3324,3324,3324,212020754,08 27 21.521,+20 35 57.28,1,14.849,,,553-043901,08272152+2035575,4508-301-1-0091-0073,STAR,JHK,rpm,-6.6,4.1,-35.4,4.8,,,,,,,,,,,,,,,,,12.738,0.024,12.085,0.025,11.922,0.022,4112,233,194,4.797,0.065,0.078,-0.071,0.16,0.24,0.481,0.084,0.072,0.552,0.085,0.085,4.444,1.62,1.187,201.4,54.03,42.6,0.022,0.006,0.006,,,
3325,3325,3325,212020773,08 51 54.793,+20 35 58.54,1,13.852,,,553-045055,08515479+2035586,,STAR,gri,rpm,-37.7,2.4,-32,2.5,,,15.22,0.06,14.196,0.01,,,14.758,0.01,13.779,0.03,13.464,0.04,,,12.241,0.022,11.688,0.021,11.589,0.018,4628,56,74,4.649,0.048,0.036,-0.096,0.15,0.27,0.659,0.047,0.069,0.708,0.054,0.063,2.452,0.572,0.341,245.2,29.92,26.67,0.028,0.003,0.005,,,
3326,3326,3326,212020784,08 55 53.046,+20 35 59.20,1,13.995,,,553-045208,08555305+2035591,,STAR,gri,lam,-7.9,2,-7.7,2.9,,,14.712,0.02,14.109,0.03,,,14.376,0.05,13.938,0.06,13.832,0.04,,,12.953,0.021,12.62,0.024,12.609,0.023,5265,231,105,3.605,0.156,0.13,-0.706,0.15,0.15,2.478,0.447,0.379,0.942,0.141,0.054,0.058,0.034,0.021,1570,288.2,205.7,0.032,0.007,0.006,,,
3327,3327,3327,212020787,08 59 54.501,+20 35 59.52,1,14.837,,,553-045352,,5071-301-4-0141-0071,EXTENDED,gri,,1.1,9.3,-13.4,9.2,,,15.891,0.05,15.216,0.06,,,15.497,0.07,14.904,0.04,14.554,0.06,,,,,,,,,,,,,,,,,,,,,,,,,,,,,,,,,,,
3328,3328,3328,212020804,08 33 28.716,+20 36 00.95,1,14.524,,,554-042897,08332871+2036009,6597-301-1-0221-0249,STAR,BV,rpm,-20.5,4.2,-22.3,4.6,,,15.954,0.1,14.75,0.042,,,15.439,0.044,,,,,,,12.864,0.023,12.335,0.022,12.195,0.021,4788,121,974,4.647,0.288,0.045,-0.233,0.25,0.25,0.653,0.081,0.307,0.692,0.091,0.31,2.417,6.564,0.475,345.6,53.95,212.9,0.029,0.011,0.011,,,
3329,3329,3329,212020821,08 50 04.073,+20 36 01.94,1,11.733,,,554-043676,08500407+2036018,,STAR,gri,rpm,-4.6,1.2,-2.8,1.3,,,13.793,0.01,12.288,0.03,,,13.058,0.02,11.756,0.05,11.165,0.05,,,9.54,0.023,8.754,0.028,8.537,0.021,3979,63,47,1.208,0.25,0.35,-0.233,0.25,0.35,39.497,15.986,9.742,1.008,0.025,0.056,1.48E-05,1.99E-05,1.03E-05,3350,1510,695.1,0.032,0.014,0.009,,,
3330,3330,3330,212020858,08 26 07.532,+20 36 04.18,1,13.292,,,554-042528,08260753+2036042,,STAR,gri,rpm,-11.1,2.8,0.3,3.2,,,14.667,0.049,13.658,0.03,,,14.166,0.07,13.283,0.02,12.917,0.063,,,11.386,0.024,10.786,0.022,10.638,0.017,4648,74,92,2.578,0.42,0.252,-0.308,0.3,0.25,8.382,2.317,2.98,0.987,0.2,0.059,0.001,0.003,8.13E-04,2144,620.7,679.9,0.032,0.007,0.007,,,
3331,3331,3331,212020885,08 59 58.255,+20 36 06.43,1,18.366,,,,,5071-301-4-0141-0302,EXTENDED,gri,,-2,3,0,3,,,,,,,19.802,0.05,18.719,0.01,18.401,0.011,18.214,0.013,18.168,0.044,,,,,,,,,,,,,,,,,,,,,,,,,,,,,,,,,
3332,3332,3332,212020896,08 58 54.366,+20 36 06.93,1,17.198,,,,08585436+2036069,5071-301-4-0139-0323,EXTENDED,gri,,10,3,-5,3,,,,,,,18.626,0.029,17.584,0.006,17.25,0.007,17.033,0.009,17.104,0.043,16.849,0.157,,,,,,,,,,,,,,,,,,,,,,,,,,,,,,,
3333,3333,3333,212020909,08 31 49.543,+20 36 07.54,1,12.62,,,554-042811,08314954+2036075,,STAR,gri,rpm,-3.1,1.9,-2,1.5,,,14.017,0.04,12.965,0.02,,,13.46,0.03,12.599,0.01,12.259,0.061,,,11.018,0.022,10.492,0.029,10.372,0.019,4746,76,76,2.618,0.455,0.325,-0.248,0.12,0.27,7.531,3.805,2.528,1.18,0.105,0.21,0.002,0.006,0.001,1795,717.2,595.8,0.034,0.006,0.007,,,
3334,3334,3334,212020984,08 29 55.301,+20 36 12.12,1,14.408,,,554-042718,08295530+2036121,,STAR,gri,rpm,-13.5,4.7,-8.2,2.9,,,15.436,0.11,14.649,0.02,,,15.044,0.08,14.315,0.02,14.135,0.074,,,12.981,0.025,12.585,0.022,12.427,0.018,5271,160,128,4.548,0.035,0.056,-0.085,0.16,0.28,0.822,0.081,0.062,0.873,0.057,0.069,1.537,0.269,0.31,527.8,71.54,53.05,0.034,0.011,0.008,,,
3335,3335,3335,212021014,08 27 03.750,+20 36 13.91,1,18.994,,,,08270375+2036139,,STAR,JHK,col,,,,,,,,,,,,,,,,,,,,,16.573,0.149,16.037,0.205,15.657,0.195,3869,755,377,4.901,0.174,0.232,-0.269,0.24,0.42,0.332,0.263,0.128,0.385,0.259,0.185,7.72,9.965,4.865,752.2,847.1,351,0.032,0.008,0.007,,,
3336,3336,3336,212021015,08 27 14.196,+20 36 14.22,1,13.992,,,554-042573,08271420+2036143,,STAR,gri,rpm,-26.7,4.4,-11,4.9,,,15.332,0.06,14.34,0.01,,,14.855,0.06,14.021,0.02,13.623,0.068,,,12.464,0.023,11.906,0.024,11.802,0.019,4756,94,75,4.634,0.02,0.028,-0.14,0.15,0.15,0.682,0.043,0.029,0.742,0.051,0.037,2.297,0.193,0.278,305.1,33.15,19.05,0.03,0.011,0.009,,,
3337,3337,3337,212021023,08 50 19.326,+20 36 14.53,1,11.974,,1399-1849-1,554-043691,08501933+2036145,,STAR,gri,rpm,8.4,1.6,4.4,1.7,,,12.418,0.255,11.98,0.227,,,12.335,0.02,11.947,0.03,11.82,0.06,,,10.96,0.022,10.677,0.025,10.634,0.019,6099,123,123,4.118,0.252,0.252,-0.139,0.16,0.24,1.496,0.541,0.397,1.139,0.211,0.132,0.299,0.446,0.179,450.2,155.7,115.7,0.032,0.013,0.008,,,
3338,3338,3338,212021046,08 52 39.588,+20 36 15.93,1,17.168,,,,08523958+2036159,,STAR,J,rpm,8,2,4,2,,,,,,,,,,,,,,,,,15.695,0.068,15.175,0.095,14.64,0.094,3742,529,264,4.925,0.12,0.2,-0.092,0.18,0.27,0.338,0.2,0.111,0.366,0.215,0.134,8.691,6.412,5.101,480.6,403.3,169.6,0.032,0.011,0.008,,,
3339,3339,3339,212021053,08 27 52.244,+20 36 16.14,1,13.267,,,554-042619,08275224+2036161,,STAR,gri,rpm,7.4,1.7,-19.5,2.2,,,14.279,0.03,13.488,0.02,,,13.898,0.05,13.238,0.03,12.996,0.063,,,11.863,0.02,11.405,0.023,11.312,0.021,5171,103,103,4.522,0.072,1.176,-0.359,0.36,0.54,0.86,2.513,0.117,0.886,0.062,0.074,1.369,0.512,1.346,339.4,897.5,61.23,0.03,0.01,0.007,,,
3340,3340,3340,212021097,08 30 06.171,+20 36 19.57,1,19.835,,,,,6597-301-2-0216-0325,STAR,gri,,0,5,2,5,,,,,,,19.902,0.036,19.598,0.013,19.914,0.019,20.188,0.033,20.547,0.158,,,,,,,,,,,,,,,,,,,,,,,,,,,,,,,,,
3341,3341,3341,212021099,08 53 19.862,+20 36 19.63,1,11.603,,,554-043809,08531986+2036197,,STAR,gri,lam,-10,1.1,-6.1,1.5,,,12.241,0.01,11.703,0.02,,,11.934,0.02,11.564,0.02,11.461,0.04,,,10.648,0.022,10.415,0.022,10.34,0.017,6045,143,143,4.326,0.09,0.162,-0.07,0.12,0.15,1.172,0.258,0.137,1.076,0.083,0.083,0.648,0.246,0.285,302.4,66.9,40.23,0.029,0.008,0.008,,,
3342,3342,3342,212021116,08 51 41.323,+20 36 20.48,1,16.278,,,,08514132+2036204,,STAR,JHK,col,,,,,,,,,,,,,,,,,,,,,14.4,0.029,13.892,0.035,13.654,0.04,3564,194,194,5.022,0.096,0.08,-0.058,0.15,0.21,0.245,0.077,0.069,0.239,0.115,0.082,14.34,10.58,5.294,183.7,75.78,62.33,0.021,0.008,0.007,,,
3343,3343,3343,212021131,08 33 14.254,+20 36 21.27,1,17.955,,,,08331425+2036212,6728-301-1-0127-0373,STAR,gri,rpm,-38,3,-12,3,,,,,,,22.934,0.387,20.084,0.019,18.648,0.009,17.043,0.005,16.144,0.007,14.58,0.038,13.953,0.035,13.788,0.043,3631,113,113,5.019,0.048,0.04,-0.143,0.18,0.18,0.259,0.036,0.038,0.255,0.056,0.047,14.44,4.078,2.703,205.7,40.48,33.82,0.025,0.008,0.006,,,
3344,3344,3344,212021141,09 06 02.286,+20 36 21.82,1,17.199,,,,09060228+2036218,5061-301-3-0152-0215,STAR,gri,rpm,-54,3,-62,3,,,,,,,20.748,0.055,18.301,0.007,17.175,0.006,16.727,0.006,16.453,0.009,15.318,0.058,14.637,0.069,14.519,0.08,4196,41,41,5.002,0.02,0.022,-1.031,0.18,0.12,0.304,0.021,0.006,0.341,0.029,0.007,12.09,0.725,1.064,421.3,23.93,22.65,0.031,0.014,0.006,,,
3345,3345,3345,212021165,08 55 57.116,+20 36 23.17,1,15.268,,,554-043902,08555712+2036233,5038-301-1-0051-0150,EXTENDED,gri,,-10.5,4.9,-24.1,4.8,,,16.474,0.06,15.616,0.02,,,16.056,0.03,15.218,0.08,14.93,0.07,,,13.952,0.047,13.301,0.06,13.055,0.063,,,,,,,,,,,,,,,,,,,,,,,,,,,
3346,3346,3346,212021166,08 53 10.131,+20 36 23.18,1,12.9,,,554-043803,08531013+2036233,,STAR,gri,rpm,-20.8,1.2,-32.9,1.8,,,13.666,0.01,13.05,0.02,,,13.325,0.02,12.867,0.02,12.718,0.04,,,11.796,0.022,11.459,0.022,11.362,0.02,5806,91,91,4.427,0.09,0.252,-0.351,0.2,0.52,0.926,0.258,0.14,0.896,0.075,0.134,0.984,0.505,0.589,395.9,117.4,77.04,0.03,0.007,0.006,,,
3347,3347,3347,212021192,08 51 42.104,+20 36 24.96,1,16.738,,,,08514210+2036249,,STAR,JHK,col,,,,,,,,,,,,,,,,,,,,,15.004,0.04,14.505,0.053,14.305,0.065,4078,971,582,4.856,0.204,0.272,-0.224,0.25,0.35,0.417,0.29,0.196,0.449,0.307,0.263,5.827,11.53,4.196,424.6,681.5,210.3,0.029,0.011,0.008,,,
3348,3348,3348,212021193,08 26 38.385,+20 36 24.98,1,13.115,,,554-042551,08263840+2036251,,STAR,gri,col,,,,,,,14.39,0.05,13.458,0.01,,,13.981,0.04,13.083,0.03,12.743,0.062,,,11.524,0.021,10.919,0.022,10.853,0.018,4658,73,73,4.596,0.078,2.457,-0.291,0.25,0.4,0.739,12.688,0.125,0.787,0.241,0.121,1.838,0.957,1.838,237.2,3292,77.41,0.028,0.013,0.008,,,
3349,3349,3349,212021214,09 03 08.605,+20 36 25.86,1,17.365,,,,09030860+2036258,5071-301-3-0146-0040,EXTENDED,gri,,0,3,-4,3,,,,,,,20.702,0.178,18.432,0.013,17.452,0.009,16.908,0.008,16.531,0.019,16.311,0.106,15.381,0.108,14.883,0.104,,,,,,,,,,,,,,,,,,,,,,,,,,,
3350,3350,3350,212021237,09 10 09.087,+20 36 27.75,1,18.791,,,,,5061-301-2-0158-0261,STAR,gri,,5,3,0,3,,,,,,,20.074,0.037,19.411,0.011,18.95,0.011,18.526,0.011,18.395,0.027,,,,,,,,,,,,,,,,,,,,,,,,,,,,,,,,,
3351,3351,3351,212021269,09 08 38.484,+20 36 29.21,1,10.252,,1407-880-1,554-044380,09083848+2036291,,STAR,gri,plx,-12.4,1.5,1.1,1.6,,,11.414,0.12,10.419,0.071,,,10.981,0.06,10.231,0.09,9.939,0.11,,,8.914,0.034,8.4,0.057,8.318,0.024,4818,147,118,2.414,0.2,0.125,-0.437,0.3,0.36,10.804,1.207,1.289,1.069,0.366,0.183,8.77E-04,6.16E-04,2.77E-04,1668,1762,1762,0.033,0.008,0.007,,,
3352,3352,3352,212021320,08 58 02.966,+20 36 32.04,1,16.618,,,554-043982,08580299+2036321,5071-301-4-0138-0153,STAR,BV,col,,,,,,,17.222,0.14,16.697,0.087,,,,,,,,,,,14.478,0.033,13.971,0.034,13.728,0.04,3580,195,234,5.037,0.096,0.08,-0.066,0.15,0.24,0.247,0.077,0.069,0.238,0.116,0.083,15.18,10.84,5.491,186.1,74.98,62.13,0.023,0.008,0.007,,,
3353,3353,3353,212021361,09 07 08.286,+20 36 35.17,1,14.649,,,554-044326,09070828+2036351,5061-301-3-0154-0090,STAR,gri,lam,-2.4,4.6,1.5,4.9,,,15.962,0.08,14.963,0.09,,,15.472,0.04,14.576,0.09,14.296,0.1,,,13.238,0.025,12.747,0.034,12.635,0.033,4970,149,179,4.582,0.03,0.03,0.034,0.12,0.1,0.761,0.041,0.039,0.827,0.044,0.044,1.791,0.242,0.172,518.4,44.8,49.08,0.033,0.008,0.007,,,
3354,3354,3354,212021377,09 10 31.234,+20 36 35.95,1,13.461,,,554-044434,09103122+2036359,,STAR,gri,rpm,-1.8,2.3,-2.7,2.6,,,14.731,0.02,13.74,0.05,,,14.208,0.03,13.45,0.04,13.14,0.05,,,11.966,0.021,11.414,0.019,11.329,0.018,4852,76,76,2.588,0.63,0.756,-0.643,0.4,0.72,7.308,8.621,3.49,0.929,0.218,0.109,0.002,0.013,0.002,2724,3801,1264,0.034,0.011,0.007,,,
3355,3355,3355,212021386,08 34 15.585,+20 36 36.39,1,17.467,,,,08341558+2036363,,STAR,J,col,,,,,,,,,,,,,,,,,,,,,15.973,0.088,15.301,0.108,14.748,0.096,3694,386,276,4.981,0.115,0.161,-0.128,0.2,0.28,0.274,0.137,0.091,0.282,0.2,0.125,12.11,11.77,6.75,420.4,371.2,172.3,0.031,0.008,0.008,,,
3356,3356,3356,212021418,08 53 48.655,+20 36 38.31,1,15.64,,,,08534865+2036383,5071-301-5-0132-0163,EXTENDED,gri,,-1,3,-10,3,,,,,,,17.043,0.011,16.066,0.003,15.697,0.003,15.457,0.004,15.308,0.008,15.485,0.085,15.091,0.118,14.637,0.121,,,,,,,,,,,,,,,,,,,,,,,,,,,
3357,3357,3357,212021441,08 34 51.167,+20 36 39.88,1,14.565,,,554-042958,08345116+2036398,,STAR,BV,rpm,3.6,2.9,3.2,3.2,,,15.944,0.1,14.78,0.043,,,15.383,0.043,,,,,,,13.275,0.025,12.804,0.022,12.751,0.022,5132,122,122,3.796,0.784,0.672,-0.347,0.3,0.48,1.908,2.097,1.247,0.873,0.138,0.086,0.099,1.656,0.088,1388,1433,883.9,0.034,0.008,0.007,,,
3358,3358,3358,212021449,08 32 03.840,+20 36 40.33,1,17.437,,,,08320384+2036403,6728-301-1-0126-0189,EXTENDED,gri,,-4,3,3,3,,,,,,,20.181,0.095,18.375,0.011,17.556,0.008,17.035,0.007,16.73,0.016,16.455,0.14,15.673,0.152,15.556,0.185,,,,,,,,,,,,,,,,,,,,,,,,,,,
3359,3359,3359,212021472,08 59 36.648,+20 36 41.36,1,17.256,,,,08593664+2036413,5071-301-4-0140-0273,EXTENDED,gri,,-1,3,-7,3,,,,,,,19.697,0.061,18.207,0.008,17.343,0.007,16.849,0.006,16.521,0.016,15.943,0.089,15.139,0.09,14.636,0.11,,,,,,,,,,,,,,,,,,,,,,,,,,,
3360,3360,3360,212021481,09 12 14.915,+20 36 41.98,1,17.577,,,,09121491+2036419,5080-301-6-0168-0215,EXTENDED,gri,,2,3,2,3,,,,,,,20.326,0.065,18.453,0.008,17.586,0.006,17.201,0.006,16.889,0.012,16.012,0.071,15.297,0.074,14.75,0.08,,,,,,,,,,,,,,,,,,,,,,,,,,,
3361,3361,3361,212021493,09 12 23.280,+20 36 42.67,1,12.723,,,554-044498,09122328+2036427,,STAR,gri,rpm,-18,1.5,-4,1.8,,,13.41,0.03,12.863,0.04,,,13.08,0.03,12.698,0.02,12.57,0.04,,,11.738,0.02,11.464,0.022,11.411,0.02,6087,96,96,4.29,0.085,0.255,-0.244,0.18,0.18,1.202,0.416,0.12,1.053,0.082,0.096,0.587,0.209,0.339,522.3,166.8,58.51,0.03,0.007,0.006,,,
3362,3362,3362,212021500,08 59 42.471,+20 36 43.00,1,10.732,,,554-044037,08594246+2036428,,STAR,gri,rpm,-1.3,1.4,-6,1.1,,,12.22,0.03,11.076,0.03,,,11.631,0.04,10.753,0.05,10.346,0.08,,,9.022,0.023,8.439,0.026,8.292,0.018,4653,73,73,2.419,0.18,0.15,-0.143,0.15,0.24,11.329,1.89,1.915,1.221,0.254,0.181,8.49E-04,6.68E-04,3.26E-04,982.1,193.2,136.5,0.034,0.01,0.007,,,
3363,3363,3363,212021516,09 03 08.644,+20 36 43.67,1,14.54,,,554-044177,09030864+2036436,5071-301-3-0146-0038,STAR,gri,col,,,,,,,16.989,0.21,15.498,0.03,,,16.289,0.07,14.967,0.06,13.791,0.11,,,11.93,0.022,11.236,0.022,11.031,0.02,3767,91,137,4.888,0.077,0.042,0.146,0.09,0.12,0.388,0.036,0.081,0.432,0.047,0.103,7.027,3.609,1.114,99.64,19.6,22.15,0.016,0.006,0.005,,,
3364,3364,3364,212021523,09 08 03.497,+20 36 43.78,1,16.512,,,,09080349+2036437,5071-301-2-0153-0019,EXTENDED,gri,,-5,2,2,2,,,,,,,18.632,0.035,17.312,0.006,16.619,0.005,16.169,0.005,15.902,0.011,15.814,0.091,15.256,0.148,14.746,0.121,,,,,,,,,,,,,,,,,,,,,,,,,,,
3365,3365,3365,212021570,08 53 31.962,+20 36 47.28,1,17.466,,,,08533196+2036472,5071-301-5-0132-0216,EXTENDED,gri,,2,3,-2,3,,,,,,,19.688,0.055,18.354,0.009,17.538,0.007,17.085,0.007,16.739,0.016,16.244,0.106,15.666,0.143,15.167,0.141,,,,,,,,,,,,,,,,,,,,,,,,,,,
3366,3366,3366,212021579,08 55 37.279,+20 36 48.05,1,10.993,,1400-2048-1,554-043887,08553728+2036480,,STAR,gri,rpm,-18.3,1.3,-20.9,1.3,,,11.23,0.088,10.886,0.092,,,11.27,0.05,10.958,0.05,10.874,0.03,,,10.18,0.022,9.944,0.021,9.905,0.019,6310,152,152,4.194,0.12,0.192,-0.105,0.15,0.24,1.408,0.401,0.204,1.19,0.124,0.149,0.4,0.212,0.198,300.9,78.62,45.97,0.029,0.008,0.007,,,
3367,3367,3367,212021607,08 50 29.044,+20 36 50.42,1,11.891,,1399-1823-1,554-043695,08502905+2036504,,STAR,gri,rpm,-80,1.7,-72.4,1.7,,,12.403,0.266,11.85,0.212,,,12.11,0.03,11.818,0.03,11.706,0.07,,,10.889,0.022,10.611,0.023,10.566,0.024,6168,261,149,4.36,0.075,0.255,-1.003,0.3,0.48,0.985,0.328,0.103,0.812,0.069,0.038,0.825,0.275,0.497,261.4,149.1,70.81,0.028,0.006,0.01,,,
3368,3368,3368,212021626,08 27 38.097,+20 36 51.58,1,15.653,,,554-042602,08273809+2036518,4508-301-1-0091-0328,STAR,JHK,rpm,-15.8,5.6,-64.2,5.8,,,,,,,,,,,,,,,,,13.232,0.021,12.579,0.026,12.316,0.022,3665,175,109,4.978,0.06,0.084,-0.051,0.12,0.15,0.303,0.071,0.057,0.32,0.084,0.084,11.46,4.729,3.89,130.6,48.34,30.14,0.019,0.009,0.005,,,
3369,3369,3369,212021699,08 31 28.422,+20 36 54.88,1,17.885,,,,08312842+2036548,,STAR,JHK,col,,,,,,,,,,,,,,,,,,,,,15.444,0.052,14.912,0.071,14.52,0.073,3629,325,232,5.008,0.105,0.126,-0.083,0.15,0.27,0.257,0.134,0.076,0.263,0.161,0.101,13.04,10.42,6.593,313.4,225.2,113.8,0.028,0.01,0.008,,,
3370,3370,3370,212021707,08 35 25.379,+20 36 55.21,1,13.925,,,554-042988,08352538+2036552,5037-301-6-0111-0221,STAR,gri,rpm,-34.6,2.6,-22.7,3.2,,,15.524,0.05,14.339,0.04,,,15.017,0.08,13.883,0.02,13.458,0.06,,,12.26,0.023,11.729,0.025,11.582,0.02,4144,295,73,4.887,0.066,0.187,-0.591,0.39,0.09,0.382,0.196,0.049,0.43,0.208,0.065,7.301,2.213,4.172,128.7,90.79,19.97,0.024,0.002,0.007,,,
3371,3371,3371,212021710,09 06 14.907,+20 36 55.47,1,16.615,,,,09061490+2036554,5061-301-3-0152-0264,EXTENDED,gri,,1,2,6,2,,,,,,,19.398,0.036,17.549,0.005,16.663,0.004,16.215,0.004,15.859,0.009,15.199,0.063,14.596,0.091,14.137,0.077,,,,,,,,,,,,,,,,,,,,,,,,,,,
3372,3372,3372,212021720,08 26 14.779,+20 36 55.96,1,13.733,,,554-042538,08261478+2036559,,STAR,gri,rpm,1,2.6,-16.9,3,,,14.829,0.06,14.005,0.01,,,14.371,0.05,13.716,0.044,13.46,0.066,,,12.311,0.022,11.9,0.024,11.794,0.021,5316,125,157,4.545,0.036,0.792,-0.135,0.16,0.32,0.825,1.425,0.06,0.881,0.085,0.071,1.526,0.246,1.437,395.9,651.1,38.14,0.034,0.008,0.007,,,
3373,3373,3373,212021779,08 50 55.491,+20 36 59.31,1,15.241,,,554-043711,08505549+2036592,,STAR,gri,rpm,-38.9,2.7,-36.9,2.9,,,17.445,0.03,16.048,0.04,,,16.783,0.065,15.314,0.06,14.58,0.18,,,13.074,0.023,12.437,0.021,12.264,0.028,3830,117,117,4.909,0.07,0.05,-0.081,0.15,0.21,0.364,0.056,0.066,0.393,0.066,0.08,7.924,3.372,1.773,159.8,29.26,33.51,0.021,0.006,0.007,,,
3374,3374,3374,212021781,09 09 55.866,+20 36 59.43,1,17.841,,,,09095586+2036594,5061-301-2-0158-0225,EXTENDED,gri,,2,3,2,3,,,,,,,20.993,0.115,18.944,0.011,17.852,0.007,17.368,0.007,17.015,0.017,16.261,0.099,15.406,0.093,15.081,0.114,,,,,,,,,,,,,,,,,,,,,,,,,,,
3375,3375,3375,212021793,08 57 22.859,+20 37 00.23,1,18.156,,,,,5038-301-1-0053-0205,EXTENDED,gri,,11,3,3,3,,,,,,,19.773,0.039,18.626,0.009,18.215,0.009,17.954,0.01,17.787,0.03,,,,,,,,,,,,,,,,,,,,,,,,,,,,,,,,,
3376,3376,3376,212021800,08 53 50.954,+20 37 00.65,1,12.455,,,554-043828,08535095+2037007,,STAR,gri,rpm,-1.6,1,-28.6,1.6,,,13.099,0.01,12.549,0.01,,,12.785,0.03,12.413,0.01,12.313,0.04,,,11.465,0.021,11.197,0.019,11.152,0.019,6134,73,97,4.285,0.085,0.204,-0.358,0.25,0.3,1.16,0.334,0.152,1.004,0.103,0.124,0.584,0.222,0.296,457.4,96.07,79.4,0.03,0.01,0.007,,,
3377,3377,3377,212021812,08 54 41.911,+20 37 01.24,1,14.232,,,554-043852,08544191+2037012,,STAR,gri,lam,4.8,2.3,-18.1,2.9,,,15.34,0.03,14.429,0.02,,,14.914,0.01,14.157,0.02,13.939,0.08,,,12.921,0.023,12.455,0.024,12.358,0.021,5164,156,156,4.569,0.025,0.025,-0.069,0.12,0.12,0.784,0.041,0.039,0.847,0.044,0.052,1.698,0.225,0.167,479.6,45.78,35.09,0.032,0.008,0.006,,,
3378,3378,3378,212021816,09 03 39.207,+20 37 01.44,1,12.062,,,554-044199,09033921+2037013,,STAR,gri,rpm,-34.5,1,-36.7,1,,,12.734,0.06,12.198,0.03,,,12.405,0.04,12.061,0.06,11.914,0.08,,,11.041,0.023,10.762,0.021,10.716,0.019,6078,148,123,4.301,0.1,0.175,-0.532,0.35,0.42,1.122,0.262,0.18,0.906,0.154,0.077,0.591,0.357,0.256,358,84.46,80.35,0.029,0.008,0.007,,,
3379,3379,3379,212021914,08 26 27.709,+20 37 08.01,1,17.716,,,,08262770+2037080,,STAR,J,rpm,2,3,8,3,,,,,,,,,,,,,,,,,16.205,0.098,15.554,0.116,14.716,0.079,3622,224,186,5.005,0.08,0.08,-0.066,0.15,0.21,0.256,0.079,0.06,0.26,0.116,0.083,13.44,7.62,4.863,458,186,132.3,0.032,0.008,0.007,,,
3380,3380,3380,212021923,08 31 46.424,+20 37 08.79,1,13.062,,,554-042808,08314642+2037088,,STAR,gri,rpm,1.4,1.4,-9.2,1.8,,,14.241,0.01,13.37,0.02,,,13.777,0.04,13.093,0.02,12.756,0.062,,,11.624,0.023,11.12,0.023,11.028,0.019,4999,78,78,2.911,0.52,0.624,-0.668,0.35,0.42,5.436,5.085,2.301,0.923,0.192,0.048,0.005,0.022,0.004,1610,1489,677.2,0.033,0.008,0.008,,,
3381,3381,3381,212021937,08 53 21.054,+20 37 09.66,1,14.195,,,554-043810,08532105+2037097,5061-301-6-0134-0048,STAR,gri,rpm,-20.8,2.6,-24,2.8,,,15.342,0.03,14.482,0.02,,,14.927,0.02,14.129,0.01,13.882,0.05,,,12.711,0.022,12.166,0.022,12.07,0.019,4849,96,57,4.646,0.048,0.03,-0.363,0.25,0.25,0.665,0.056,0.075,0.719,0.063,0.089,2.356,0.603,0.28,341.7,34.69,46.14,0.027,0.009,0.003,,,
3382,3382,3382,212022005,08 32 49.702,+20 37 12.86,1,12.793,,,554-042860,08324970+2037128,,STAR,gri,rpm,-3.7,1.6,-2.2,2.5,,,14.216,0.02,13.028,0.032,,,13.668,0.1,12.738,0.01,12.418,0.061,,,11.243,0.021,10.736,0.023,10.595,0.019,4798,94,94,2.833,0.468,0.468,-0.248,0.25,0.25,6.306,4.237,2.197,1.134,0.152,0.152,0.004,0.012,0.004,1517,998.6,521.8,0.036,0.011,0.008,,,
3383,3383,3383,212022012,09 07 33.317,+20 37 13.36,1,19.14,,,,09073331+2037133,5071-301-2-0152-0312,STAR,gri,rpm,-39,4,-35,4,,,,,,,24.686,0.84,20.989,0.032,19.51,0.015,18.348,0.009,17.703,0.015,16.422,0.123,16.012,0.175,15.696,0.209,3317,33,33,5.119,0.02,0.02,0.046,0.08,0.08,0.183,0.008,0.009,0.161,0.008,0.008,25.98,2.638,1.734,293.1,25.62,17.03,0.028,0.006,0.004,,,
3384,3384,3384,212022015,08 26 20.665,+20 37 13.61,1,13.106,,,554-042540,08262067+2037136,,STAR,gri,rpm,-23.4,2.5,-24.7,3,,,14.706,0.03,13.58,0.033,,,14.211,0.06,13.056,0.03,12.632,0.062,,,11.307,0.022,10.713,0.024,10.567,0.017,4302,153,128,4.736,0.042,0.056,-0.044,0.2,0.2,0.556,0.066,0.043,0.632,0.072,0.052,3.567,0.624,0.811,127.7,25.76,15.71,0.019,0.008,0.006,,,
3385,3385,3385,212022019,08 52 00.688,+20 37 13.86,1,14.378,,,554-043755,08520069+2037139,,STAR,gri,lam,-21.7,2.4,-7.2,2.8,,,15.476,0.05,14.63,0.01,,,15.026,0.03,14.348,0.03,14.101,0.08,,,13.108,0.022,12.713,0.021,12.578,0.023,5241,155,186,4.556,0.035,0.035,-0.063,0.12,0.12,0.798,0.053,0.05,0.85,0.06,0.05,1.634,0.242,0.211,536.5,67.68,50.57,0.033,0.011,0.006,,,
3386,3386,3386,212022022,08 53 37.107,+20 37 13.94,1,16.241,,,554-043819,08533709+2037139,,STAR,BV,rpm,26,3.6,-38.3,3.7,,,16.832,0.02,16.317,0.03,,,16.547,0.061,,,,,,,15.188,0.041,14.895,0.074,14.75,0.085,5969,306,1899,4.58,0.372,0.155,-1.814,1.26,0.7,0.693,0.171,0.336,0.68,0.049,0.364,1.886,7.567,0.826,1374,408.3,980,0.035,0.005,0.009,,,
3387,3387,3387,212022053,08 51 49.381,+20 37 15.95,1,11.415,,1399-1822-1,554-043746,08514938+2037159,,STAR,gri,rpm,16.7,1.4,-2.9,1.5,,,11.803,0.182,10.97,0.109,,,11.634,0.03,11.342,0.04,11.228,0.05,,,10.445,0.023,10.209,0.021,10.139,0.017,6368,153,153,4.145,0.155,0.186,-0.105,0.15,0.21,1.528,0.501,0.28,1.242,0.163,0.136,0.316,0.239,0.155,376.3,107.6,71.14,0.029,0.011,0.007,,,
3388,3388,3388,212022056,08 27 45.266,+20 37 16.26,1,17.426,,,,08274526+2037162,,STAR,J,col,,,,,,,,,,,,,,,,,,,,,15.935,0.075,15.268,0.097,14.83,0.079,3750,399,342,4.958,0.138,0.161,-0.157,0.2,0.28,0.298,0.15,0.1,0.307,0.195,0.139,10.11,12.42,5.571,448.1,318.1,186,0.032,0.011,0.008,,,
3389,3389,3389,212022059,09 08 39.164,+20 37 16.38,1,12.955,,,554-044381,09083916+2037164,,STAR,gri,lam,-49.5,5.1,3.3,5.5,,,14.278,0.04,13.253,0.08,,,13.818,0.07,12.88,0.08,12.585,0.11,,,11.449,0.023,10.961,0.031,10.822,0.019,4709,172,143,4.659,0.04,0.025,-0.35,0.18,0.15,0.633,0.041,0.053,0.681,0.047,0.047,2.622,0.509,0.312,174.7,20.87,18.64,0.021,0.005,0.005,,,
3390,3390,3390,212022106,08 50 36.968,+20 37 19.28,1,14.701,,,554-043705,08503696+2037193,,STAR,gri,lam,-2,2.9,-0.8,3.2,,,15.73,0.06,14.924,0.02,,,15.294,0.03,14.656,0.05,14.447,0.03,,,13.41,0.022,12.975,0.027,12.92,0.028,5205,191,127,3.722,0.095,0.114,-0.362,0.1,0.12,2.331,0.225,0.319,1.016,0.118,0.073,0.077,0.035,0.021,1789,181.6,196,0.032,0.008,0.008,,,
3391,3391,3391,212022113,09 03 05.622,+20 37 19.97,1,16.554,,,,09030562+2037199,5071-301-3-0146-0027,EXTENDED,gri,,-2,2,-1,2,,,,,,,19.049,0.035,17.428,0.006,16.624,0.004,16.179,0.004,15.883,0.009,15.36,0.06,14.62,0.068,14.215,0.064,,,,,,,,,,,,,,,,,,,,,,,,,,,
3392,3392,3392,212022123,08 51 37.040,+20 37 20.27,1,13.162,,,554-043736,08513704+2037202,,STAR,gri,lam,0.7,1.5,-8.2,1.7,,,14.315,0.03,13.453,0.01,,,13.848,0.03,13.154,0.03,12.867,0.06,,,11.717,0.02,11.213,0.023,11.134,0.019,4720,114,114,1.456,0.15,0.15,-1.49,0.12,0.18,27.499,4.661,4.71,0.816,0.016,0.016,3.72E-05,2.57E-05,1.52E-05,10600,4208,4857,0.035,0.006,0.008,,,
3393,3393,3393,212022128,08 30 03.653,+20 37 20.34,1,14.225,,,554-042730,08300365+2037203,,STAR,gri,rpm,-1.3,7.2,-0.9,2.9,,,15.165,0.04,14.431,0.04,,,14.787,0.08,14.204,0.02,13.984,0.072,,,13.007,0.023,12.532,0.026,12.467,0.025,5179,103,124,3.479,0.944,0.59,-0.665,0.48,0.4,2.938,2.483,2.075,0.894,0.126,0.063,0.03,1.023,0.026,1675,1416,1183,0.034,0.01,0.008,,,
3394,3394,3394,212022129,08 32 20.103,+20 37 20.38,1,13.013,,,554-042832,08322010+2037202,,STAR,gri,rpm,5.7,5.5,-6.2,2.5,,,14.23,0.04,13.286,0.02,,,13.74,0.02,12.989,0.01,12.702,0.062,,,11.553,0.022,11.07,0.022,11.016,0.022,4984,80,80,3.271,0.342,0.855,-0.343,0.2,0.28,3.714,5.793,1.127,1.033,0.193,0.138,0.019,0.042,0.018,1212,1565,411.3,0.033,0.01,0.007,,,
3395,3395,3395,212022215,09 06 52.426,+20 37 25.89,1,14.976,,,554-044318,09065241+2037260,5061-301-3-0153-0063,STAR,gri,lam,-7.8,4.5,-9.2,4.8,,,15.988,0.06,15.251,0.05,,,15.581,0.04,14.98,0.07,14.717,0.1,,,13.688,0.026,13.172,0.035,13.131,0.032,5160,61,51,2.677,0.144,0.12,-1.456,0.18,0.12,6.742,1.02,0.886,0.818,0.049,0.016,0.003,0.002,8.50E-04,5889,761.3,981.7,0.037,0.01,0.01,,,
3396,3396,3396,212022229,09 08 37.002,+20 37 26.55,1,14.126,,,554-044378,09083700+2037265,5071-301-2-0154-0031,STAR,gri,rpm,-16.9,4.7,-21.7,5.1,,,15.167,0.05,14.298,0.1,,,14.758,0.07,14.011,0.07,13.855,0.11,,,12.865,0.024,12.41,0.032,12.316,0.023,5122,152,121,4.58,0.03,0.042,-0.198,0.2,0.24,0.76,0.051,0.057,0.8,0.059,0.059,1.793,0.289,0.249,446.2,44.18,40.2,0.032,0.01,0.007,,,
3397,3397,3397,212022264,08 52 31.615,+20 37 28.39,1,18.487,,,,,5037-301-2-0135-0324,STAR,gri,,,,,,,,,,,,23.551,0.453,20.287,0.021,18.488,0.009,17.716,0.008,17.157,0.012,,,,,,,,,,,,,,,,,,,,,,,,,,,,,,,,,
3398,3398,3398,212022298,09 11 22.493,+20 37 29.94,1,14.738,,,554-044465,09112250+2037300,,STAR,gri,rpm,2.5,3.1,-7,3.5,,,15.732,0.04,14.986,0.04,,,15.307,0.03,14.702,0.03,14.494,0.04,,,13.361,0.022,12.928,0.022,12.811,0.024,5294,106,127,4.503,0.07,1.218,-0.465,0.35,0.56,0.874,2.62,0.12,0.882,0.076,0.088,1.3,0.474,1.28,708.7,1923,135.8,0.033,0.008,0.005,,,
3399,3399,3399,212022307,09 04 14.040,+20 37 30.30,1,14.253,,,554-044232,09041404+2037305,5071-301-3-0147-0088,STAR,gri,rpm,2.2,2.5,0.4,5.9,,,14.981,0.06,14.427,0.04,,,14.628,0.05,14.27,0.06,14.093,0.04,,,13.26,0.023,12.991,0.027,13.017,0.025,6144,123,148,4.233,0.13,0.182,-0.283,0.2,0.28,1.24,0.329,0.192,1.039,0.123,0.123,0.467,0.282,0.202,1098,271.6,184.7,0.033,0.008,0.007,,,
3400,3400,3400,212022339,08 35 16.454,+20 37 31.55,1,13.17,,,554-042983,08351645+2037315,,STAR,JHK,rpm,0.3,2,-29.2,1.6,,,,,,,,,,,,,,,,,11.837,0.023,11.415,0.021,11.326,0.019,5317,128,161,4.551,0.042,0.07,-0.142,0.2,0.56,0.815,0.094,0.073,0.863,0.049,0.079,1.612,0.282,0.366,309.6,54.48,29.83,0.03,0.005,0.006,,,
3401,3401,3401,212022350,08 52 37.713,+20 37 32.07,1,15.83,,,,08523771+2037320,5037-301-2-0135-0346,STAR,gri,col,,,,,,,,,,,20.586,0.048,17.861,0.006,16.433,0.005,14.96,0.005,14.164,0.005,12.723,0.027,12.203,0.03,11.952,0.026,3547,82,103,5.044,0.04,0.04,-0.064,0.15,0.15,0.235,0.032,0.033,0.225,0.048,0.04,17.11,4.183,3.361,77.3,12.89,11.05,0.012,0.005,0.003,,,
3402,3402,3402,212022383,08 31 35.014,+20 37 33.79,1,14.992,,,554-042800,08313501+2037338,4569-301-3-0109-0200,STAR,JHK,rpm,-2.3,2.8,-7.1,3.1,,,,,,,,,,,,,,,,,13.41,0.023,12.874,0.025,12.768,0.021,4862,143,143,4.608,0.042,1.533,-0.22,0.24,0.44,0.725,3.909,0.061,0.784,0.153,0.077,2.003,0.427,1.994,508.6,2618,63.58,0.034,0.011,0.008,,,
3403,3403,3403,212022385,09 06 13.005,+20 37 33.88,1,17.342,,,,,5061-301-3-0152-0258,EXTENDED,gri,,7,2,-4,2,,,,,,,18.759,0.033,17.755,0.008,17.42,0.008,17.165,0.011,17.113,0.039,,,,,,,,,,,,,,,,,,,,,,,,,,,,,,,,,
3404,3404,3404,212022415,09 07 40.534,+20 37 35.64,1,11.677,,,554-044341,09074052+2037357,,STAR,gri,lam,-13,1,-2.2,0.9,,,12.248,0.05,11.746,0.08,,,11.985,0.07,11.622,0.09,11.545,0.13,,,10.777,0.025,10.575,0.028,10.522,0.019,6313,152,152,4.197,0.095,0.152,-0.254,0.18,0.12,1.343,0.29,0.154,1.132,0.124,0.088,0.418,0.159,0.184,390.3,80.68,56.57,0.032,0.011,0.008,,,
3405,3405,3405,212022425,08 57 04.789,+20 37 36.26,1,17.734,,,,08570478+2037362,,STAR,J,,,,,,,,,,,,,,,,,,,,,,16.221,0.094,15.652,0.111,,,,,,,,,,,,,,,,,,,,,,,,,,,,,
3406,3406,3406,212022475,08 34 45.910,+20 37 40.32,1,17.503,,,,,5037-301-6-0110-0308,EXTENDED,gri,,26,5,25,5,,,,,,,19.393,0.106,17.971,0.019,17.567,0.019,17.302,0.027,17.466,0.087,,,,,,,,,,,,,,,,,,,,,,,,,,,,,,,,,
3407,3407,3407,212022483,09 00 14.893,+20 37 40.67,1,14.506,,,554-044071,09001489+2037407,5071-301-4-0141-0213,STAR,gri,rpm,-14,4.6,-6.8,5,,,16.752,0.18,15.365,0.08,,,16.05,0.06,14.793,0.01,13.844,0.1,,,12.147,0.022,11.502,0.022,11.324,0.02,3805,45,38,4.881,0.02,0.02,0.105,0.06,0.08,0.404,0.008,0.017,0.448,0.009,0.024,6.869,0.594,0.412,113.7,8.303,3.507,0.015,0.009,0.001,,,
3408,3408,3408,212022487,08 31 58.461,+20 37 40.87,1,16.962,,,,08315846+2037408,6728-301-1-0126-0177,EXTENDED,gri,,-3,3,1,3,,,,,,,19.686,0.069,17.914,0.008,17.057,0.006,16.554,0.006,16.218,0.012,15.978,0.095,15.36,0.158,14.789,0.112,,,,,,,,,,,,,,,,,,,,,,,,,,,
3409,3409,3409,212022557,08 58 13.315,+20 37 44.89,1,17.443,,,,08581331+2037448,5071-301-4-0139-0005,STAR,gri,,4,3,-2,3,,,,,,,17.724,0.011,17.468,0.005,17.435,0.006,17.548,0.007,17.511,0.015,16.668,0.134,,,15.783,0.2,,,,,,,,,,,,,,,,,,,,,,,,,,,
3410,3410,3410,212022569,08 34 31.091,+20 37 45.70,1,18.548,,,,08343109+2037456,6597-301-1-0223-0347,STAR,gri,rpm,-38,4,-20,4,,,,,,,23.049,0.385,20.864,0.03,19.302,0.013,17.555,0.007,16.539,0.009,15.044,0.037,14.405,0.049,14.117,0.054,3403,82,123,5.142,0.025,0.03,-0.218,0.24,0.16,0.175,0.015,0.009,0.154,0.017,0.011,29.25,3.193,4.468,156.8,15.92,10.47,0.024,0.007,0.005,,,
3411,3411,3411,212022582,09 10 58.923,+20 37 46.32,1,15.127,,,554-044449,09105891+2037463,,STAR,JHK,rpm,-12.5,5.7,-34.5,5.6,,,,,,,,,,,,,,,,,12.905,0.024,12.31,0.023,12.056,0.02,3621,106,106,4.987,0.066,0.055,0.009,0.15,0.15,0.28,0.057,0.056,0.29,0.084,0.084,12.15,5.491,3.245,105.9,27.72,29.42,0.016,0.006,0.004,,,
3412,3412,3412,212022626,08 50 32.013,+20 37 49.49,1,13.942,,,554-043700,08503201+2037496,5071-301-6-0127-0136,STAR,gri,rpm,32.3,2.4,-12.4,2.3,,,15.762,0.04,14.475,0.02,,,15.179,0.04,13.93,0.04,13.412,0.06,,,12.008,0.022,11.348,0.023,11.224,0.022,4103,113,81,4.782,0.036,0.03,-0.024,0.24,0.2,0.507,0.031,0.041,0.575,0.035,0.042,4.375,0.849,0.52,152.2,14.3,17.98,0.02,0.007,0.003,,,
3413,3413,3413,212022650,08 30 11.340,+20 37 50.97,1,11.354,,1391-12-1,554-042737,08301131+2037509,,STAR,gri,rpm,31.9,1.5,-61.9,1.8,,,12.686,0.423,11.445,0.162,,,11.722,0.05,11.369,0.02,11.196,0.06,,,10.421,0.023,10.118,0.024,10.063,0.022,6028,145,145,4.318,0.095,0.228,-0.572,0.35,0.25,1.082,0.323,0.146,0.905,0.103,0.064,0.677,0.313,0.383,254.4,74.84,37.87,0.026,0.007,0.006,,,
3414,3414,3414,212022653,08 59 31.785,+20 37 51.20,1,14.43,,,554-044031,08593178+2037512,5071-301-4-0140-0125,STAR,gri,rpm,-13.1,3.6,-5.5,2.2,,,15.523,0.05,14.683,0.03,,,15.061,0.06,14.423,0.06,14.16,0.09,,,13.127,0.02,12.682,0.021,12.559,0.018,5217,124,124,4.551,0.055,1.012,-0.286,0.3,0.54,0.811,1.913,0.099,0.86,0.062,0.087,1.58,0.386,1.534,557.7,1236,70.84,0.033,0.011,0.007,,,
3415,3415,3415,212022701,09 03 26.682,+20 37 53.94,1,14.442,,,554-044186,09032668+2037537,5071-301-3-0146-0153,STAR,gri,rpm,-4.9,1.7,-7.4,3.4,,,15.958,0.06,14.909,0.04,,,15.407,0.05,14.499,0.06,14.029,0.12,,,12.759,0.023,12.233,0.021,12.064,0.02,4781,95,133,4.621,0.06,1.58,-0.116,0.16,0.44,0.717,5.124,0.102,0.789,0.18,0.112,2.041,0.619,2.036,370.8,2553,59.53,0.032,0.009,0.004,,,
3416,3416,3416,212022723,08 32 49.821,+20 37 55.66,1,19.257,,,,,6728-301-1-0127-0330,EXTENDED,gri,,2,3,0,3,,,,,,,20.413,0.068,19.456,0.015,19.19,0.016,18.955,0.018,18.898,0.052,,,,,,,,,,,,,,,,,,,,,,,,,,,,,,,,,
3417,3417,3417,212022731,09 02 36.604,+20 37 56.18,1,18.137,,,,09023660+2037561,,STAR,JHK,rpm,6,4,8,2,,,,,,,,,,,,,,,,,15.573,0.077,14.799,0.071,14.494,0.071,4066,278,278,4.828,0.114,0.095,-0.132,0.2,0.24,0.452,0.1,0.124,0.514,0.103,0.144,5.316,4.181,1.804,670.6,221.6,221,0.033,0.008,0.007,,,
3418,3418,3418,212022763,08 26 29.007,+20 37 57.89,1,18.203,,,,08262900+2037578,,STAR,JHK,col,,,,,,,,,,,,,,,,,,,,,15.68,0.059,15.197,0.076,14.712,0.074,3543,235,235,5.046,0.09,0.09,-0.077,0.16,0.24,0.235,0.086,0.063,0.22,0.126,0.079,16.47,11.18,6.658,301.9,152.9,101.5,0.027,0.01,0.008,,,
3419,3419,3419,212022795,08 27 50.223,+20 38 00.07,1,13.394,,,554-042617,08275022+2038000,,STAR,gri,rpm,-2.5,3.3,0.1,1.7,,,14.576,0.02,13.662,0.03,,,14.093,0.09,13.379,0.01,13.095,0.064,,,11.935,0.02,11.415,0.022,11.319,0.02,4933,79,99,2.95,0.48,0.64,-0.528,0.35,0.49,5.01,5.612,1.878,0.973,0.234,0.117,0.006,0.025,0.005,1910,1922,776.9,0.034,0.01,0.007,,,
3420,3420,3420,212022815,08 57 02.556,+20 38 01.01,1,13.854,,,554-043955,08570254+2038008,,STAR,gri,rpm,-7.9,4.8,-6.5,5.1,,,16.082,0.05,14.621,0.06,,,15.418,0.07,14.009,0.08,13.183,0.06,,,11.66,0.024,11.059,0.027,10.852,0.029,3844,38,38,4.864,0.02,0.021,0.107,0.18,0.06,0.416,0.02,0.008,0.469,0.02,0.009,6.426,0.386,0.592,99.19,5.78,2.976,0.011,0.002,0.002,,,
3421,3421,3421,212022847,08 53 44.617,+20 38 02.67,1,15.456,,,554-043825,08534461+2038026,,STAR,gri,lam,1.7,2.8,-5.8,3,,,16.675,0.086,15.764,0.059,,,16.314,0.05,15.431,0.08,15.088,0.095,,,13.85,0.023,13.361,0.028,13.182,0.026,5019,80,60,3.555,0.09,0.126,-0.421,0.12,0.15,2.712,0.393,0.289,0.959,0.034,0.019,0.048,0.018,0.018,2434,398.1,249.6,0.034,0.01,0.007,,,
3422,3422,3422,212022851,09 05 37.685,+20 38 03.17,1,12.785,,,554-044283,09053767+2038032,,STAR,gri,rpm,-1.9,2.2,-1.4,1.5,,,14.009,0.05,13.053,0.05,,,13.49,0.05,12.766,0.07,12.483,0.07,,,11.377,0.022,10.878,0.028,10.806,0.024,4949,99,99,2.878,0.534,0.623,-0.458,0.25,0.3,5.291,5.359,2.081,1.027,0.193,0.107,0.005,0.023,0.004,1496,1336,547.6,0.032,0.009,0.005,,,
3423,3423,3423,212022900,09 05 12.495,+20 38 05.54,1,16.281,,,554-044266,09051248+2038055,5061-301-3-0151-0044,STAR,BV,rpm,3.6,4.7,-42.4,4.9,,,16.695,0.07,16.308,0.074,,,16.471,0.02,,,,,,,14.985,0.036,14.66,0.054,14.569,0.066,5879,298,477,4.541,0.075,0.12,-1.195,0.4,0.88,0.754,0.126,0.083,0.72,0.043,0.031,1.626,0.608,0.504,1366,238.8,240.2,0.036,0.009,0.009,,,
3424,3424,3424,212022969,08 53 55.969,+20 38 09.57,1,17.965,,,,08535596+2038095,,STAR,J,rpm,4,6,18,6,,,,,,,,,,,,,,,,,16.433,0.118,15.565,0.131,15.233,0.143,3881,398,331,4.935,0.115,0.138,-0.254,0.25,0.35,0.331,0.126,0.106,0.358,0.182,0.152,8.513,7.523,3.994,688.6,370.6,277.9,0.033,0.01,0.007,,,
3425,3425,3425,212023019,08 54 48.000,+20 38 12.29,1,14.499,,,554-043858,08544800+2038122,,STAR,gri,lam,-6,3.8,-18.1,3.5,,,15.685,0.02,14.734,0.01,,,15.23,0.03,14.455,0.049,14.186,0.075,,,13.166,0.026,12.668,0.026,12.573,0.026,5111,153,153,4.591,0.025,0.03,-0.164,0.12,0.15,0.748,0.049,0.039,0.808,0.05,0.05,1.878,0.229,0.242,505.5,46.22,42.35,0.032,0.01,0.007,,,
3426,3426,3426,212023054,08 32 19.875,+20 38 14.56,1,12.658,,,554-042831,08321988+2038145,,STAR,gri,rpm,-14,1.3,-6.3,3.7,,,13.529,0.01,12.841,0.04,,,13.134,0.02,12.644,0.02,12.454,0.061,,,11.577,0.022,11.285,0.021,11.185,0.025,5843,117,94,4.366,0.095,0.323,-0.015,0.12,0.15,1.096,0.476,0.133,1.05,0.076,0.076,0.722,0.31,0.475,423.8,190.5,56.39,0.035,0.011,0.011,,,
3427,3427,3427,212023091,08 34 07.258,+20 38 16.50,1,17.577,,,,08340725+2038165,,STAR,J,col,,,,,,,,,,,,,,,,,,,,,16.076,0.095,15.167,0.09,14.751,0.1,3935,301,362,4.893,0.144,0.144,-0.168,0.2,0.28,0.372,0.146,0.146,0.414,0.165,0.193,7.33,8.818,3.605,713.2,336.9,329.1,0.033,0.01,0.008,,,
3428,3428,3428,212023206,09 04 16.008,+20 38 23.31,1,14.158,,,554-044237,09041600+2038235,,STAR,gri,rpm,45.2,2.7,-98.7,2.6,,,14.867,0.04,14.315,0.04,,,14.531,0.05,14.147,0.06,13.998,0.08,,,13.073,0.023,12.723,0.029,12.69,0.026,5781,239,171,4.535,0.07,0.098,-0.986,0.3,1.32,0.745,0.128,0.084,0.718,0.087,0.035,1.653,0.476,0.551,389.4,314,151.5,0.035,0.007,0.01,,,
3429,3429,3429,212023217,08 30 00.506,+20 38 23.99,1,14.363,,,554-042726,08300051+2038239,,STAR,gri,rpm,-2.4,7.3,13.4,2.6,,,15.612,0.1,14.678,0.03,,,15.131,0.08,14.356,0.01,14.034,0.072,,,12.947,0.022,12.371,0.021,12.3,0.022,4781,112,93,4.624,0.035,1.631,-0.205,0.2,0.32,0.696,3.883,0.051,0.765,0.121,0.086,2.187,0.324,2.178,395.8,2380,40.6,0.032,0.008,0.007,,,
3430,3430,3430,212023242,08 59 40.923,+20 38 25.23,1,15.278,,,554-044036,08594092+2038252,5071-301-4-0141-0042,STAR,gri,rpm,-1.2,4.4,-4,4.8,,,16.465,0.1,15.559,0.01,,,15.924,0.05,15.267,0.059,15.001,0.15,,,13.934,0.024,13.41,0.027,13.388,0.032,5044,100,100,4.546,0.078,1.586,-0.497,0.35,0.42,0.8,4.277,0.12,0.826,0.098,0.081,1.568,0.587,1.562,784.1,4051,153.8,0.033,0.01,0.007,,,
3431,3431,3431,212023281,09 11 44.009,+20 38 27.13,1,19.113,,,,09114400+2038271,,STAR,JHK,col,,,,,,,,,,,,,,,,,,,,,16.222,0.102,15.441,0.11,15.039,0.105,3836,403,336,4.93,0.135,0.162,-0.213,0.25,0.3,0.332,0.149,0.119,0.364,0.173,0.173,8.474,9.028,4.371,641.7,406.2,285.5,0.032,0.008,0.007,,,
3432,3432,3432,212023339,09 08 33.938,+20 38 30.88,1,17.118,,,,09083393+2038308,5071-301-2-0153-0267,EXTENDED,gri,,4,0,4,1,,,,,,,19.865,0.048,18.032,0.007,17.135,0.005,16.727,0.005,16.396,0.009,15.488,0.072,14.919,0.088,14.598,0.079,,,,,,,,,,,,,,,,,,,,,,,,,,,
3433,3433,3433,212023349,09 06 27.434,+20 38 31.30,1,16.274,,,,09062743+2038312,5061-301-3-0153-0213,EXTENDED,gri,,2,2,1,2,,,,,,,19.116,0.032,17.19,0.005,16.299,0.004,15.881,0.004,15.54,0.008,14.987,0.053,14.29,0.074,13.932,0.064,,,,,,,,,,,,,,,,,,,,,,,,,,,
3434,3434,3434,212023367,08 34 07.772,+20 38 32.37,1,14.123,,,554-042925,08340776+2038322,,STAR,BV,rpm,0,2.7,-3.9,3.8,,,15.247,0.05,14.345,0.038,,,14.81,0.038,,,,,,,12.671,0.022,12.211,0.024,12.073,0.022,5082,153,153,3.426,1.072,0.67,-0.371,0.35,0.49,2.639,2.506,1.845,0.937,0.218,0.087,0.034,1.146,0.03,1383,1246,1000,0.034,0.011,0.007,,,
3435,3435,3435,212023390,09 05 32.282,+20 38 33.99,1,13.181,,,554-044280,09053227+2038340,,STAR,gri,rpm,-0.3,2.5,2.1,2.5,,,14.549,0.05,13.48,0.04,,,13.996,0.05,13.145,0.06,12.832,0.08,,,11.598,0.024,11.036,0.026,10.96,0.025,4773,93,93,2.56,0.56,0.35,-0.358,0.25,0.4,7.806,3.655,3.419,1.022,0.192,0.144,0.002,0.009,0.001,2305,1089,928.7,0.034,0.008,0.007,,,
3436,3436,3436,212023391,08 31 01.582,+20 38 34.23,1,15.601,,,554-042775,08310158+2038340,6597-301-2-0218-0067,STAR,JHK,rpm,-2,2.7,-2,3,,,,,,,,,,,,,,,,,14.021,0.028,13.485,0.03,13.38,0.03,4858,172,144,4.612,0.045,1.35,-0.215,0.25,0.45,0.716,3.183,0.063,0.767,0.098,0.081,2.064,0.417,2.047,682,3306,86.63,0.035,0.008,0.008,,,
3437,3437,3437,212023441,08 55 29.315,+20 38 37.45,1,14.526,,,554-043884,08552931+2038374,,STAR,gri,lam,17.1,2.9,-33.1,3.1,,,16.056,0.06,14.922,0.03,,,15.497,0.04,14.469,0.05,14.109,0.07,,,12.874,0.022,12.332,0.023,12.185,0.019,4547,163,163,4.674,0.042,0.03,-0.152,0.12,0.15,0.631,0.042,0.054,0.682,0.049,0.049,2.709,0.578,0.35,320.4,34.98,37.47,0.03,0.007,0.007,,,
3438,3438,3438,212023469,09 10 33.034,+20 38 38.90,1,13.262,,,554-044435,09103302+2038390,,STAR,gri,lam,-30.1,2.7,-35.9,3.3,,,14.544,0.02,13.554,0.05,,,14.061,0.04,13.186,0.01,12.919,0.06,,,11.752,0.02,11.253,0.02,11.168,0.018,4771,152,152,4.622,0.025,0.03,0.033,0.1,0.1,0.715,0.041,0.046,0.782,0.04,0.048,2.129,0.26,0.275,228.5,25.53,22.96,0.027,0.007,0.006,,,
3439,3439,3439,212023491,08 53 43.626,+20 38 40.14,1,10.139,,1400-72-1,554-043824,08534361+2038401,,STAR,gri,rpm,0.6,2,-1.1,2.2,,,12.372,0.381,10.696,0.09,,,11.668,0.04,10.381,0.07,9.484,0.06,,,7.624,0.019,6.772,0.018,6.526,0.02,3680,102,36,0.753,0.225,0.054,-0.15,0.12,0.12,73.244,6.55,14.119,1.188,0.148,0.177,2.66E-06,2.80E-06,2.79E-07,2315,226.9,316.3,0.028,0.011,0.008,,,
3440,3440,3440,212023538,09 06 24.011,+20 38 42.20,1,15.942,,,,09062401+2038422,,STAR,J,col,,,,,,,,,,,,,,,,,,,,,14.557,0.056,13.896,0.079,13.532,0.06,3819,420,300,4.93,0.125,0.175,-0.111,0.2,0.28,0.333,0.163,0.127,0.351,0.196,0.164,8.5,9.056,4.385,279.9,199.8,116.6,0.027,0.01,0.008,,,
3441,3441,3441,212023583,09 05 17.216,+20 38 44.80,1,14.468,,,554-044271,09051720+2038448,5071-301-3-0149-0021,STAR,gri,rpm,4.3,4.7,-6.8,5,,,15.713,0.05,14.769,0.06,,,15.201,0.06,14.439,0.07,14.154,0.08,,,13.101,0.023,12.627,0.021,12.522,0.02,5043,102,102,4.56,0.054,1.323,-0.231,0.25,0.4,0.791,3.03,0.079,0.856,0.117,0.088,1.689,0.342,1.672,520.7,1950,65.94,0.033,0.01,0.007,,,
3442,3442,3442,212023623,08 53 48.532,+20 38 47.20,1,19.031,,,,,5071-301-5-0132-0426,EXTENDED,gri,,1,3,7,3,,,,,,,20.492,0.091,19.427,0.021,19.073,0.025,18.862,0.027,18.784,0.079,,,,,,,,,,,,,,,,,,,,,,,,,,,,,,,,,
3443,3443,3443,212023681,08 56 49.036,+20 38 51.46,1,13.184,,,554-043943,08564903+2038513,,STAR,gri,lam,1.9,1.8,-0.8,1.2,,,14.637,0.03,13.458,0.04,,,14.058,0.06,13.093,0.06,12.809,0.02,,,11.589,0.023,11.058,0.023,10.936,0.022,4754,75,94,3.19,0.252,0.168,0.078,0.1,0.1,4.19,1.025,0.967,1.191,0.103,0.047,0.013,0.017,0.006,1293,267.2,286.5,0.032,0.007,0.003,,,
3444,3444,3444,212023690,08 57 58.750,+20 38 51.99,1,14.513,,,554-043977,08575874+2038520,,STAR,gri,rpm,23,4.1,-4,2.2,,,15.667,0.07,14.741,0.04,,,15.195,0.05,14.507,0.06,14.22,0.08,,,13.217,0.023,12.753,0.024,12.669,0.021,5127,121,101,4.586,0.035,0.042,-0.282,0.25,0.3,0.746,0.066,0.061,0.8,0.077,0.077,1.821,0.389,0.32,514.1,71.29,52.73,0.032,0.011,0.008,,,
3445,3445,3445,212023698,09 04 17.624,+20 38 52.65,1,14.729,,,554-044238,09041761+2038528,5071-301-3-0147-0121,STAR,gri,rpm,26.9,4.6,-21.9,4.9,,,17.006,0.06,15.437,0.06,,,16.2,0.03,14.898,0.07,14.099,0.05,,,12.51,0.022,11.852,0.025,11.684,0.02,3845,76,61,4.864,0.036,0.02,0.063,0.15,0.12,0.413,0.03,0.036,0.457,0.037,0.044,6.377,1.15,0.628,139.7,13.83,12.59,0.021,0.007,0.006,,,
3446,3446,3446,212023726,09 07 42.479,+20 38 54.99,1,16.924,,,,09074247+2038549,5061-301-3-0155-0156,STAR,gri,rpm,-44,3,-6,3,,,,,,,21.401,0.087,18.815,0.008,17.345,0.006,16.113,0.005,15.459,0.006,14.144,0.027,13.482,0.035,13.257,0.026,3530,105,84,5.064,0.045,0.054,-0.073,0.16,0.24,0.224,0.045,0.028,0.213,0.059,0.033,17.95,5.387,4.144,142.2,28.92,24.03,0.02,0.008,0.005,,,
3447,3447,3447,212023727,09 09 01.525,+20 38 54.99,1,14.426,,,554-044394,09090151+2038549,5071-301-2-0154-0092,STAR,gri,rpm,-7.9,4.7,-17.2,5,,,15.623,0.02,14.728,0.1,,,15.186,0.07,14.35,0.1,14.101,0.14,,,13.12,0.024,12.7,0.032,12.594,0.024,5194,157,157,4.56,0.045,0.054,-0.132,0.25,0.35,0.782,0.087,0.066,0.842,0.064,0.077,1.628,0.403,0.323,526.3,90.06,56.15,0.033,0.01,0.006,,,
3448,3448,3448,212023795,09 02 30.199,+20 38 58.57,1,19.525,,,,,5061-301-4-0147-0933,STAR,gri,,6,14,-23,14,,,,,,,22.972,0.31,21.061,0.029,19.674,0.016,18.867,0.013,18.485,0.032,,,,,,,,,,,,,,,,,,,,,,,,,,,,,,,,,
3449,3449,3449,212023807,08 35 32.575,+20 38 59.56,1,11.469,,1398-593-1,554-042993,08353260+2038594,,STAR,gri,rpm,-6.9,1.4,-0.4,1.5,,,12.087,0.188,11.463,0.135,,,11.862,0.04,11.462,0.03,11.301,0.06,,,10.603,0.022,10.351,0.027,10.276,0.019,6108,148,123,4.134,0.205,0.205,-0.044,0.15,0.21,1.511,0.486,0.368,1.181,0.18,0.128,0.334,0.325,0.186,380.3,123.8,79.6,0.031,0.011,0.006,,,
3450,3450,3450,212023813,08 58 44.357,+20 39 00.06,1,17.971,,,,08584435+2039000,5071-301-4-0139-0312,EXTENDED,gri,,5,3,-1,3,,,,,,,20.893,0.108,19.074,0.012,17.968,0.008,17.498,0.007,17.17,0.018,16.234,0.086,15.515,0.097,14.978,0.094,,,,,,,,,,,,,,,,,,,,,,,,,,,
3451,3451,3451,212023818,08 33 38.334,+20 39 00.27,1,15.403,,,554-042902,08333833+2039001,6728-301-1-0128-0054,STAR,JHK,rpm,-1.5,2.7,-5.6,3.1,,,,,,,,,,,,,,,,,13.859,0.028,13.376,0.024,13.233,0.028,5011,149,149,4.576,0.045,1.278,-0.293,0.3,0.54,0.764,2.761,0.08,0.807,0.107,0.076,1.779,0.385,1.758,700.6,2426,84.76,0.034,0.01,0.007,,,
3452,3452,3452,212023841,08 33 43.538,+20 39 01.43,1,13.762,,,554-042907,08334353+2039013,6728-301-1-0128-0091,STAR,BV,rpm,-2.5,1.9,0.9,3.8,,,14.853,0.04,13.917,0.035,,,14.379,0.036,,,,,,,12.355,0.023,11.84,0.024,11.761,0.024,4918,117,117,3.044,0.558,0.744,-0.435,0.3,0.48,4.417,5.744,1.882,0.953,0.233,0.129,0.008,0.043,0.008,2040,2333,813,0.034,0.01,0.008,,,
3453,3453,3453,212023843,09 09 38.142,+20 39 01.50,1,12.694,,,554-044409,09093813+2039014,,STAR,gri,rpm,8.7,1.9,10.1,2.3,,,13.752,0.04,12.884,0.07,,,13.339,0.05,12.659,0.04,12.418,0.09,,,11.971,0.055,11.644,0.066,11.56,0.052,5311,212,212,4.454,0.1,0.92,-0.139,0.24,0.48,0.954,1.848,0.157,0.927,0.132,0.066,1.043,0.482,1.001,402.2,705.6,73.77,0.033,0.008,0.007,,,
3454,3454,3454,212023871,08 53 20.840,+20 39 03.54,1,17.04,,,,08532084+2039035,5038-301-2-0048-0147,EXTENDED,gri,,4,8,12,2,,,,,,,19.399,0.062,17.839,0.009,17.071,0.007,16.698,0.008,16.393,0.021,16.7,0.157,,,,,,,,,,,,,,,,,,,,,,,,,,,,,,,
3455,3455,3455,212023920,08 54 48.610,+20 39 05.95,1,13.784,,,554-043859,08544861+2039059,,STAR,gri,rpm,-21.1,2.7,3.5,2.6,,,15.342,0.08,14.197,0.02,,,14.911,0.05,13.705,0.03,13.301,0.02,,,11.937,0.025,11.372,0.023,11.186,0.018,4296,50,101,4.735,0.036,0.03,-0.075,0.18,0.15,0.566,0.028,0.052,0.641,0.028,0.069,3.533,0.618,0.456,172.9,14.51,25.74,0.023,0.008,0.006,,,
3456,3456,3456,212023922,08 33 35.420,+20 39 06.00,1,19.677,,,,,6728-301-1-0128-0370,STAR,gri,,,,,,,,,,,,23.688,0.686,21.333,0.047,19.854,0.019,18.967,0.013,18.462,0.025,,,,,,,,,,,,,,,,,,,,,,,,,,,,,,,,,
3457,3457,3457,212023983,08 55 19.983,+20 39 10.30,1,13.678,,,554-043878,08551997+2039103,,STAR,gri,rpm,1.9,1.9,-14.3,2.3,,,14.723,0.05,13.88,0.03,,,14.283,0.05,13.622,0.06,13.419,0.02,,,12.46,0.024,11.984,0.023,11.909,0.018,5080,121,81,3.407,1.224,0.544,-0.663,0.6,0.42,3.127,2.773,2.59,0.91,0.089,0.089,0.03,1.673,0.021,1492,1126,1090,0.027,0.013,0.006,,,
3458,3458,3458,212023986,08 33 20.530,+20 39 10.57,1,19.889,,,,,6728-301-1-0128-0487,STAR,gri,,-4,4,2,4,,,,,,,22.338,0.238,20.266,0.021,19.936,0.021,19.728,0.022,19.645,0.062,,,,,,,,,,,,,,,,,,,,,,,,,,,,,,,,,
3459,3459,3459,212024011,08 27 18.104,+20 39 12.19,1,16.778,,,,08271810+2039121,4508-301-1-0091-0081,EXTENDED,gri,,1,3,1,3,,,,,,,20.221,0.088,18.028,0.008,16.775,0.005,16.242,0.004,15.811,0.008,15.223,0.068,14.494,0.066,13.893,0.064,,,,,,,,,,,,,,,,,,,,,,,,,,,
3460,3460,3460,212024070,08 59 40.885,+20 39 15.34,1,12.797,,,554-044035,08594088+2039152,,STAR,gri,rpm,-6.2,1.3,-14.1,1.4,,,13.86,0.05,13.047,0.03,,,13.423,0.05,12.791,0.05,12.528,0.07,,,11.464,0.02,11.04,0.021,10.965,0.02,5260,127,127,3.657,0.744,0.744,-0.377,0.35,0.63,2.422,3.961,1.608,0.918,0.204,0.06,0.049,0.789,0.046,745.7,771.2,488.7,0.031,0.007,0.006,,,
3461,3461,3461,212024133,09 03 57.465,+20 39 19.32,1,14.408,,,554-044212,09035746+2039191,5071-301-3-0147-0033,STAR,gri,rpm,1.4,4.8,2.6,5.1,,,15.536,0.05,14.653,0.04,,,15.065,0.04,14.357,0.07,14.127,0.07,,,12.999,0.022,12.582,0.026,12.477,0.023,5243,126,126,4.498,0.07,0.994,-0.205,0.2,0.48,0.879,2.1,0.12,0.905,0.169,0.065,1.285,0.409,1.247,602.8,1259,118.2,0.035,0.01,0.01,,,
3462,3462,3462,212024171,08 59 00.035,+20 39 21.49,1,17.454,,,,08590003+2039214,5071-301-4-0140-0188,EXTENDED,gri,,8,3,4,0,,,,,,,19.443,0.034,18.201,0.006,17.505,0.006,17.134,0.006,16.905,0.014,16.028,0.085,15.332,0.072,14.812,0.084,,,,,,,,,,,,,,,,,,,,,,,,,,,
3463,3463,3463,212024173,09 05 40.010,+20 39 21.77,1,17.546,,,,,5061-301-3-0152-0158,EXTENDED,gri,,-15,3,-11,3,,,,,,,19.546,0.061,18.295,0.011,17.598,0.009,17.225,0.01,17.05,0.034,,,,,,,,,,,,,,,,,,,,,,,,,,,,,,,,,
3464,3464,3464,212024199,09 10 20.502,+20 39 23.08,1,12.38,,,554-044428,09102049+2039231,,STAR,gri,rpm,0.6,1.7,-7.4,2.1,,,13.783,0.04,12.698,0.04,,,13.213,0.04,12.369,0.02,12.023,0.06,,,10.745,0.02,10.154,0.019,10.039,0.018,4698,73,91,2.395,0.396,0.396,-0.488,0.3,0.36,9.816,4.399,3.037,0.964,0.228,0.071,8.81E-04,0.002,6.37E-04,1923,778.4,554.2,0.034,0.007,0.007,,,
3465,3465,3465,212024308,08 57 47.574,+20 39 29.32,1,12.525,,,554-043971,08574757+2039294,,STAR,gri,lam,10.2,1.1,-16.9,1.3,,,13.143,0.03,12.597,0.04,,,12.854,0.05,12.497,0.07,12.384,0.06,,,11.635,0.021,11.38,0.021,11.33,0.018,6120,149,99,4.142,0.144,0.108,-0.339,0.15,0.12,1.396,0.211,0.239,1.033,0.118,0.084,0.349,0.236,0.112,582.8,89.43,105.6,0.033,0.011,0.008,,,
3466,3466,3466,212024327,08 35 04.193,+20 39 30.41,1,9.726,,1398-582-1,554-042970,08350420+2039303,,STAR,BV,rpm,-1.8,1.1,-11.8,1.1,,,11.34,0.097,9.99,0.042,,,10.965,0.03,,,,,,,7.769,0.03,7.122,0.02,6.954,0.026,4401,132,105,2.059,0.28,0.392,-0.143,0.24,0.32,15.974,7.031,4.187,1.253,0.218,0.218,2.30E-04,3.68E-04,1.57E-04,755.1,314.5,190.2,0.034,0.01,0.007,,,
3467,3467,3467,212024332,09 11 48.126,+20 39 30.57,1,12.925,,,554-044477,09114813+2039305,,STAR,gri,rpm,-11.9,1.5,3.4,1.9,,,13.533,0.04,13.031,0.03,,,13.216,0.04,12.906,0.03,12.801,0.04,,,11.993,0.022,11.781,0.022,11.727,0.017,6386,130,156,4.184,0.13,0.13,-0.164,0.15,0.27,1.41,0.312,0.222,1.185,0.131,0.131,0.378,0.228,0.142,709.8,142,100.1,0.032,0.007,0.006,,,
3468,3468,3468,212024364,09 02 48.627,+20 39 32.57,1,16.974,,,,09024862+2039325,5061-301-4-0147-0138,EXTENDED,gri,,0,2,0,2,,,,,,,19.572,0.07,17.843,0.007,17.008,0.006,16.601,0.007,16.329,0.021,16.297,0.13,15.758,0.158,15.224,0.163,,,,,,,,,,,,,,,,,,,,,,,,,,,
3469,3469,3469,212024392,08 54 40.270,+20 39 34.86,1,11.06,,1400-728-1,554-043850,08544028+2039349,,STAR,gri,plx,-110.2,1.7,-80.1,1.8,,,12.087,0.213,11.261,0.121,,,11.92,0.02,10.996,0.04,10.691,0.04,,,9.556,0.023,9.016,0.021,8.881,0.018,4712,56,56,4.632,0.02,0.02,0.024,0.12,0.15,0.698,0.021,0.029,0.766,0.023,0.033,2.219,0.192,0.148,80.6,4.478,4.478,0.013,0.004,0.004,,,
3470,3470,3470,212024398,08 32 34.980,+20 39 35.36,1,17.629,,,,08323497+2039353,6728-301-1-0126-0339,EXTENDED,gri,,-3,3,4,3,,,,,,,20.259,0.079,18.393,0.009,17.679,0.007,17.301,0.007,17.049,0.016,16.909,0.195,15.761,0.156,15.38,0.162,,,,,,,,,,,,,,,,,,,,,,,,,,,
3471,3471,3471,212024434,09 07 20.974,+20 39 36.87,1,14.733,,,554-044331,09072097+2039368,5061-301-3-0154-0210,STAR,gri,rpm,-0.7,4.6,-5.8,5,,,15.923,0.05,15.032,0.09,,,15.458,0.04,14.722,0.07,14.423,0.11,,,13.384,0.024,12.974,0.031,12.846,0.031,5223,157,157,4.548,0.045,0.837,-0.14,0.2,0.36,0.825,1.63,0.08,0.88,0.074,0.089,1.536,0.311,1.461,636.8,1182,73.16,0.033,0.008,0.006,,,
3472,3472,3472,212024438,09 05 27.789,+20 39 36.93,1,12.445,,,554-044277,09052777+2039369,,STAR,gri,lam,4.7,1.5,-11,1.2,,,13.112,0.05,12.566,0.04,,,12.798,0.05,12.43,0.07,12.294,0.07,,,11.48,0.023,11.157,0.021,11.106,0.018,6043,121,97,4.293,0.11,0.132,-0.274,0.15,0.15,1.13,0.249,0.132,1.007,0.095,0.079,0.605,0.279,0.249,427.8,89.62,54.34,0.032,0.01,0.008,,,
3473,3473,3473,212024465,09 04 55.949,+20 39 38.84,1,16.151,,,554-044255,09045591+2039387,5071-301-3-0148-0029,EXTENDED,gri,,-64.2,9.3,-54.1,8.8,,,16.997,0.08,16.334,0.075,,,16.723,0.06,16.079,0.05,15.905,0.129,,,14.882,0.053,14.131,0.061,13.894,0.058,,,,,,,,,,,,,,,,,,,,,,,,,,,
3474,3474,3474,212024472,09 00 13.204,+20 39 39.58,1,12.617,,,554-044066,09001320+2039396,,STAR,gri,rpm,-15.1,3.4,-19.7,1.6,,,13.594,0.05,12.811,0.02,,,13.16,0.05,12.595,0.04,12.384,0.07,,,11.427,0.023,11.111,0.022,10.973,0.023,5653,169,135,4.438,0.05,0.25,0.01,0.12,0.27,0.972,0.297,0.073,0.979,0.071,0.085,1.007,0.204,0.686,334.4,177.6,27.31,0.03,0.006,0.007,,,
3475,3475,3475,212024497,08 51 38.388,+20 39 40.96,1,17.617,,,,08513838+2039409,,STAR,JHK,col,,,,,,,,,,,,,,,,,,,,,16.049,0.08,15.571,0.12,15.413,0.166,4133,1060,589,4.821,0.2,0.24,-0.358,0.3,0.48,0.433,0.26,0.187,0.472,0.236,0.236,4.657,8.318,2.985,842.8,938.4,444,0.032,0.008,0.007,,,
3476,3476,3476,212024522,09 04 56.071,+20 39 42.21,1,17.352,,,,,5071-301-3-0148-0030,EXTENDED,gri,,,,,,,,,,,,19.12,0.051,17.821,0.009,17.463,0.01,17.151,0.01,17.171,0.035,,,,,,,,,,,,,,,,,,,,,,,,,,,,,,,,,
3477,3477,3477,212024553,08 58 49.697,+20 39 43.90,1,17.581,,,,08584969+2039439,5071-301-4-0139-0330,EXTENDED,gri,,-9,4,-6,4,,,,,,,19.602,0.051,18.317,0.008,17.678,0.007,17.265,0.007,16.993,0.021,16.434,0.107,15.544,0.114,15.148,0.127,,,,,,,,,,,,,,,,,,,,,,,,,,,
3478,3478,3478,212024584,08 26 44.982,+20 39 45.88,1,12.892,,,554-042553,08264499+2039459,,STAR,gri,rpm,-1.5,2.4,0.4,2.8,,,14.316,0.04,13.223,0.02,,,13.78,0.05,12.882,0.041,12.511,0.061,,,11.19,0.021,10.53,0.022,10.433,0.019,4531,71,53,1.947,0.413,0.354,-0.668,0.35,0.35,16.522,6.443,5.393,0.938,0.171,0.057,1.72E-04,4.16E-04,1.10E-04,3761,1564,1105,0.034,0.012,0.007,,,
3479,3479,3479,212024618,08 26 18.399,+20 39 47.97,1,17.722,,,,08261839+2039479,,STAR,JHK,col,,,,,,,,,,,,,,,,,,,,,15.25,0.093,14.476,0.117,14.204,0.099,4088,445,371,4.813,0.162,0.135,-0.157,0.2,0.32,0.435,0.137,0.155,0.486,0.171,0.2,5.096,6.497,2.263,596.2,310.4,264.6,0.032,0.011,0.008,,,
3480,3480,3480,212024647,08 31 44.458,+20 39 49.62,1,10.279,,1391-162-1,554-042807,08314445+2039496,,STAR,gri,plx,11.4,1.1,-21.3,1.2,,,10.772,0.057,10.235,0.047,,,10.878,0.03,10.294,0.04,10.022,0.06,,,9.278,0.022,8.985,0.036,8.917,0.019,5644,166,133,3.95,0.144,0.08,-0.058,0.16,0.24,1.769,0.207,0.254,1.061,0.086,0.072,0.183,0.1,0.049,205.3,20.58,20.58,0.027,0.007,0.007,,,
3481,3481,3481,212024656,09 02 57.365,+20 39 50.07,1,14.428,,,554-044168,09025736+2039501,,STAR,gri,rpm,7.5,2.4,1.7,3.2,,,15.341,0.08,14.704,0.09,,,14.955,0.11,14.493,0.12,14.202,0.12,,,13.206,0.023,12.844,0.028,12.735,0.024,5617,228,228,4.457,0.078,0.494,-0.177,0.2,0.36,0.938,0.73,0.121,0.934,0.091,0.091,1.125,0.358,0.899,731.2,564.3,107.4,0.034,0.008,0.007,,,
3482,3482,3482,212024660,08 34 51.754,+20 39 50.54,1,14.51,,,554-042959,08345175+2039504,6597-301-1-0223-0200,STAR,BV,rpm,-30.2,4.1,-15,3.5,,,15.506,0.07,14.697,0.042,,,15.107,0.041,,,,,,,13.08,0.025,12.631,0.024,12.528,0.024,5171,155,186,4.598,0.025,0.03,-0.361,0.24,0.24,0.717,0.052,0.033,0.762,0.063,0.045,1.979,0.216,0.267,471.3,43.57,39.89,0.031,0.008,0.004,,,
3483,3483,3483,212024672,08 31 10.644,+20 39 51.24,1,18.174,,,,08311064+2039512,6597-301-2-0218-0392,STAR,gri,rpm,-43,3,-20,3,,,,,,,23.192,0.419,20.387,0.02,18.701,0.01,17.226,0.006,16.401,0.008,15.028,0.04,14.443,0.049,14.015,0.044,3044,156,36,5.197,0.02,0.021,-0.124,0.25,0.25,0.147,0.006,0.005,0.126,0.006,0.006,38.7,2.322,2.997,112.6,6.124,8.047,0.016,0.005,0.005,,,
3484,3484,3484,212024684,08 29 47.449,+20 39 52.22,1,14.351,,,554-042712,08294744+2039522,,STAR,gri,rpm,0.3,2.1,-7,2.9,,,15.319,0.01,14.647,0.05,,,14.94,0.06,14.356,0.01,14.099,0.073,,,13.035,0.023,12.617,0.027,12.494,0.018,5301,128,128,3.827,0.735,0.63,-0.505,0.4,0.56,1.813,1.726,1.07,0.888,0.094,0.078,0.097,1.494,0.085,1260,1099,768.3,0.034,0.01,0.008,,,
3485,3485,3485,212024690,08 35 39.872,+20 39 52.51,1,19.574,,,,,5037-301-6-0112-0232,STAR,gri,,7,5,3,5,,,,,,,19.66,0.029,19.509,0.011,19.596,0.015,19.424,0.019,19.354,0.061,,,,,,,,,,,,,,,,,,,,,,,,,,,,,,,,,
3486,3486,3486,212024701,09 10 55.089,+20 39 53.08,1,14.52,,,554-044445,09105508+2039531,,STAR,gri,lam,-13.3,3.1,10.3,3.4,,,16.161,0.08,14.944,0.03,,,15.555,0.03,14.478,0.05,14.076,0.04,,,12.798,0.022,12.216,0.023,12.046,0.021,4393,177,177,4.699,0.056,0.04,-0.089,0.12,0.15,0.594,0.059,0.064,0.649,0.059,0.059,3.073,0.76,0.517,271.6,41.67,36.13,0.028,0.006,0.005,,,
3487,3487,3487,212024724,08 54 17.343,+20 39 54.23,1,17.632,,,,08541734+2039542,5071-301-5-0133-0291,STAR,gri,rpm,20,3,-59,3,,,,,,,20.686,0.057,18.502,0.007,17.623,0.006,17.259,0.006,17.125,0.011,15.995,0.078,15.468,0.119,15.251,0.129,4332,106,88,4.932,0.072,0.04,-1.231,0.28,0.98,0.36,0.033,0.07,0.41,0.049,0.09,8.468,3.828,1.294,689.3,124.3,142.8,0.036,0.009,0.009,,,
3488,3488,3488,212024831,08 27 31.766,+20 39 59.85,1,10.85,,1391-98-1,554-042595,08273176+2040000,,STAR,gri,plx,-2.4,1.6,-5.3,1.7,,,11.91,0.165,11.087,0.105,,,11.613,0.05,10.843,0.03,10.524,0.06,,,9.305,0.022,8.782,0.023,8.672,0.017,4835,78,78,2.429,0.294,0.084,-0.397,0.2,0.28,10.618,0.822,2.44,1.095,0.289,0.173,8.96E-04,0.001,1.88E-04,948.4,328.4,328.4,0.034,0.011,0.008,,,
3489,3489,3489,212024842,09 02 51.097,+20 40 00.74,1,11.474,,1400-2311-1,554-044162,09025107+2040009,,STAR,gri,rpm,0.1,2.4,-2.1,2.5,,,12.498,0.364,11.616,0.202,,,12.222,0.05,11.495,0.04,11.153,0.08,,,9.971,0.022,9.417,0.021,9.312,0.019,4818,77,77,2.435,0.405,0.162,-0.444,0.2,0.36,10.376,1.736,3.853,1.054,0.187,0.156,9.34E-04,0.003,3.24E-04,1458,234.6,454,0.034,0.008,0.007,,,
3490,3490,3490,212024852,08 33 03.226,+20 40 01.26,1,13.92,,,554-042878,08330322+2040012,6728-301-1-0127-0138,STAR,gri,rpm,-4.9,2.5,0.5,2.5,,,15.218,0.08,14.246,0.02,,,14.698,0.04,13.947,0.03,13.587,0.067,,,12.548,0.021,11.986,0.023,11.916,0.019,4840,95,95,2.431,0.77,0.924,-0.765,0.4,0.64,7.05,11.96,3.965,0.9,0.09,0.09,0.002,0.019,0.001,3569,5487,1926,0.033,0.01,0.007,,,
3491,3491,3491,212024868,09 03 25.083,+20 40 02.58,1,14.565,,,,09032508+2040025,5071-301-3-0146-0166,EXTENDED,gri,,-8,2,-16,2,,,,,,,16.486,0.01,15.241,0.003,14.608,0.002,14.275,0.002,14.031,0.004,14.365,0.053,13.535,0.072,13.325,0.061,,,,,,,,,,,,,,,,,,,,,,,,,,,
3492,3492,3492,212024898,08 35 11.866,+20 40 05.13,1,15.509,,,554-042973,08351186+2040051,5037-301-6-0111-0395,STAR,JHK,rpm,0.5,3.1,-2.6,3.4,,,,,,,,,,,,,,,,,13.207,0.023,12.575,0.021,12.333,0.022,3864,92,115,4.897,0.077,0.035,-0.063,0.12,0.21,0.39,0.031,0.07,0.436,0.038,0.083,7.246,3.349,1.149,182.3,22.44,40.54,0.024,0.005,0.007,,,
3493,3493,3493,212024917,09 03 10.310,+20 40 05.72,1,18.65,,,,,5061-301-4-0148-0346,EXTENDED,gri,,-1,3,5,3,,,,,,,19.986,0.059,18.866,0.01,18.578,0.012,18.307,0.014,18.287,0.055,,,,,,,,,,,,,,,,,,,,,,,,,,,,,,,,,
3494,3494,3494,212024927,08 35 28.478,+20 40 06.11,1,15.145,,,554-042989,08352848+2040061,,STAR,gri,rpm,-4,2.9,-6.4,3.1,,,16.183,0.07,15.393,0.01,,,15.716,0.04,15.119,0.04,14.9,0.03,,,14.042,0.028,13.542,0.027,13.526,0.038,5164,143,102,3.94,0.636,1.272,-0.64,0.4,0.64,1.428,4.702,0.807,0.824,0.072,0.072,0.228,2.07,0.225,1512,3818,859.1,0.033,0.008,0.007,,,
3495,3495,3495,212024937,08 33 43.834,+20 40 06.71,1,17.95,,,,08334383+2040067,6728-301-1-0128-0327,EXTENDED,gri,,1,3,-4,3,,,,,,,21.621,0.24,19.309,0.017,17.913,0.008,17.368,0.007,17.011,0.016,16.238,0.113,15.381,0.116,14.915,0.114,,,,,,,,,,,,,,,,,,,,,,,,,,,
3496,3496,3496,212024943,09 08 20.175,+20 40 07.02,1,19.253,,,,,5071-301-2-0153-0249,STAR,gri,,-3,3,-4,3,,,,,,,19.811,0.034,19.348,0.011,19.222,0.013,19.055,0.014,19.037,0.041,,,,,,,,,,,,,,,,,,,,,,,,,,,,,,,,,
3497,3497,3497,212024950,08 33 41.378,+20 40 07.44,1,18.635,,,,,6728-301-1-0128-0088,STAR,gri,,3,3,-1,3,,,,,,,19.064,0.022,18.747,0.008,18.598,0.009,18.277,0.009,18.311,0.023,,,,,,,,,,,,,,,,,,,,,,,,,,,,,,,,,
3498,3498,3498,212024961,09 02 59.983,+20 40 07.94,1,12.236,,,554-044171,09025998+2040078,,STAR,gri,rpm,-5.5,1.3,-0.5,1.2,,,13.264,0.04,12.463,0.03,,,12.835,0.05,12.239,0.04,11.979,0.08,,,10.892,0.023,10.467,0.021,10.386,0.02,5265,84,147,2.479,1.177,0.066,-0.853,0.6,0.25,8.823,0.977,6.185,0.909,0.208,0.029,0.001,0.052,2.32E-04,2018,156.3,1375,0.031,0.007,0.006,,,
3499,3499,3499,212025004,09 02 25.602,+20 40 10.64,1,17.233,,,,09022560+2040106,5061-301-4-0147-0221,EXTENDED,gri,,7,2,5,2,,,,,,,18.891,0.037,17.798,0.007,17.315,0.007,16.991,0.009,16.881,0.03,17.09,0.197,16.005,0.176,,,,,,,,,,,,,,,,,,,,,,,,,,,,,
3500,3500,3500,212025005,08 32 57.150,+20 40 10.67,1,13.651,,,554-042872,08325715+2040106,,STAR,gri,rpm,-8.1,1.9,-4.7,2.1,,,14.844,0.04,13.902,0.04,,,14.326,0.01,13.622,0.04,13.362,0.065,,,12.204,0.023,11.665,0.023,11.549,0.019,4943,96,77,2.955,0.5,0.8,-0.574,0.25,0.55,4.512,6.626,1.781,0.931,0.115,0.092,0.006,0.027,0.006,1990,2403,776.9,0.033,0.008,0.008,,,
3501,3501,3501,212025029,08 33 27.517,+20 40 12.07,1,18.286,,,,08332751+2040120,,STAR,J,col,,,,,,,,,,,,,,,,,,,,,16.73,0.184,15.99,0.171,15.221,0.133,3670,431,308,4.989,0.12,0.168,-0.179,0.2,0.32,0.272,0.139,0.092,0.275,0.193,0.12,12.52,12.46,7.055,621.9,471.3,268.1,0.032,0.01,0.008,,,
3502,3502,3502,212025071,09 07 15.543,+20 40 14.38,1,19.534,,,,,5061-301-3-0154-0451,STAR,gri,,-16,3,-53,3,,,,,,,24.605,0.647,20.825,0.026,19.519,0.014,18.981,0.013,18.606,0.032,,,,,,,,,,,,,,,,,,,,,,,,,,,,,,,,,
3503,3503,3503,212025080,08 33 57.039,+20 40 15.18,1,17.447,,,,08335703+2040151,,STAR,J,col,,,,,,,,,,,,,,,,,,,,,15.955,0.107,15.305,0.118,14.884,0.116,3804,542,338,4.924,0.156,0.182,-0.213,0.25,0.3,0.324,0.177,0.114,0.356,0.202,0.168,8.224,9.158,4.874,539.2,426.3,238.1,0.031,0.01,0.008,,,
3504,3504,3504,212025101,08 26 09.793,+20 40 16.37,1,10.958,,1391-156-1,554-042532,08260980+2040164,,STAR,gri,rpm,-38.5,1.2,-16.5,1.3,,,11.583,0.098,11.106,0.105,,,11.263,0.07,10.941,0.02,10.827,0.06,,,10.067,0.022,9.832,0.022,9.792,0.017,6254,151,151,4.236,0.105,0.168,-0.191,0.2,0.28,1.277,0.31,0.162,1.098,0.128,0.128,0.467,0.25,0.221,266.6,69.64,36,0.026,0.008,0.006,,,
3505,3505,3505,212025165,08 56 20.987,+20 40 19.98,1,13.869,,,554-043927,08562099+2040197,,STAR,gri,rpm,17.4,3.5,-13.7,3.7,,,15.393,0.09,14.258,0.04,,,14.874,0.07,13.799,0.07,13.438,0.04,,,12.229,0.025,11.645,0.023,11.521,0.018,4532,110,110,4.669,0.035,0.025,-0.045,0.18,0.15,0.651,0.026,0.054,0.72,0.03,0.065,2.598,0.469,0.256,244.2,13.88,27.56,0.026,0.005,0.005,,,
3506,3506,3506,212025171,08 31 39.686,+20 40 20.51,1,17.024,,,,,4569-301-3-0110-0040,EXTENDED,gri,,-11,3,-4,3,,,,,,,19.517,0.074,17.655,0.008,16.921,0.007,16.753,0.008,16.639,0.025,,,,,,,,,,,,,,,,,,,,,,,,,,,,,,,,,
3507,3507,3507,212025207,08 29 44.410,+20 40 23.17,1,11.716,,1391-40-1,554-042709,08294438+2040232,,STAR,gri,rpm,-34.4,1.7,-13.2,1.9,,,12.629,0.343,11.836,0.218,,,12.384,0.04,11.717,0.03,11.43,0.06,,,10.353,0.023,9.909,0.027,9.808,0.018,5142,125,104,3.596,1,0.625,-0.385,0.35,0.56,2.351,2.108,1.608,0.897,0.131,0.055,0.072,1.911,0.063,434.7,371,291.6,0.029,0.012,0.01,,,
3508,3508,3508,212025244,09 00 06.964,+20 40 24.99,1,14.347,,,554-044058,09000695+2040250,,STAR,gri,rpm,7.5,3.3,-13.3,3.3,,,15.586,0.05,14.639,0.02,,,15.055,0.03,14.349,0.04,14.044,0.09,,,12.915,0.025,12.412,0.022,12.276,0.022,5039,100,80,4.576,0.04,1.304,-0.32,0.25,0.3,0.76,2.802,0.072,0.813,0.128,0.073,1.811,0.366,1.79,460.9,1652,56.7,0.032,0.008,0.007,,,
3509,3509,3509,212025281,08 57 21.270,+20 40 26.86,1,17.199,,,,08572127+2040268,5038-301-1-0053-0121,EXTENDED,gri,,-5,3,3,3,,,,,,,19.348,0.041,17.983,0.008,17.262,0.006,16.863,0.007,16.582,0.018,16.453,0.126,15.778,0.153,15.231,0.134,,,,,,,,,,,,,,,,,,,,,,,,,,,
3510,3510,3510,212025312,09 11 00.085,+20 40 28.71,1,10.56,,1407-1154-1,554-044450,09110008+2040288,,STAR,gri,rpm,1,1.1,-7.9,1.1,,,10.803,0.044,10.591,0.049,,,10.647,0.02,10.53,0.01,10.51,0.05,,,9.935,0.022,9.749,0.023,9.756,0.02,7109,141,113,4.078,0.138,0.207,-0.036,0.08,0.12,1.808,0.62,0.293,1.549,0.191,0.096,0.243,0.121,0.135,399.3,141.1,61.78,0.03,0.008,0.007,,,
3511,3511,3511,212025363,08 52 24.948,+20 40 31.36,1,17.997,,,,08522494+2040313,5037-301-2-0135-0315,EXTENDED,gri,,-3,3,2,3,,,,,,,20.221,0.053,18.925,0.01,18.071,0.008,17.599,0.008,17.295,0.018,16.179,0.091,15.626,0.118,15.087,0.133,,,,,,,,,,,,,,,,,,,,,,,,,,,
3512,3512,3512,212025386,08 32 22.287,+20 40 32.77,1,16.882,,,,08322228+2040327,6728-301-1-0126-0291,EXTENDED,gri,,1,3,0,3,,,,,,,19.213,0.041,17.784,0.007,17.024,0.005,16.495,0.005,16.207,0.01,15.677,0.067,14.886,0.081,14.303,0.059,,,,,,,,,,,,,,,,,,,,,,,,,,,
3513,3513,3513,212025480,08 28 47.866,+20 40 37.96,1,15.269,,,554-042665,08284787+2040379,,STAR,JHK,rpm,-3.1,4.2,4,4.9,,,,,,,,,,,,,,,,,13.89,0.026,13.399,0.03,13.349,0.03,5034,180,150,4.578,0.04,1.24,-0.267,0.25,0.5,0.758,2.548,0.065,0.821,0.091,0.075,1.792,0.338,1.768,728.3,2439,106.1,0.034,0.008,0.007,,,
3514,3514,3514,212025524,09 00 00.602,+20 40 41.17,1,12.823,,,554-044052,09000059+2040411,,STAR,gri,rpm,0.2,2.2,7.3,2.2,,,13.703,0.04,13.006,0.03,,,13.297,0.04,12.818,0.04,12.62,0.07,,,11.681,0.023,11.388,0.022,11.269,0.018,5871,140,105,4.234,0.205,0.287,-0.019,0.18,0.21,1.296,0.557,0.342,1.089,0.137,0.098,0.46,0.49,0.294,539.4,214.2,153.3,0.035,0.007,0.007,,,
3515,3515,3515,212025526,09 05 27.738,+20 40 41.24,1,18.532,,,,,5071-301-3-0149-0092,STAR,gri,,1,3,-1,3,,,,,,,18.991,0.02,18.682,0.008,18.482,0.008,18.483,0.01,18.368,0.025,,,,,,,,,,,,,,,,,,,,,,,,,,,,,,,,,
3516,3516,3516,212025582,08 50 25.389,+20 40 45.56,1,12.881,,,554-043694,08502539+2040456,,STAR,gri,rpm,-6.1,2.1,-3.3,1.7,,,14.14,0.01,13.152,0.01,,,13.629,0.02,12.826,0.03,12.56,0.06,,,11.356,0.022,10.887,0.025,10.787,0.019,4930,59,79,3.298,0.265,0.901,-0.223,0.2,0.28,4,5.928,1.109,1.134,0.158,0.189,0.017,0.027,0.016,1074,1345,270.3,0.033,0.01,0.008,,,
3517,3517,3517,212025584,08 51 15.492,+20 40 45.92,1,17.051,,,,08511549+2040459,5071-301-6-0129-0209,STAR,gri,rpm,-83,10,-131,10,,,,,,,22.292,0.237,19.381,0.011,17.768,0.006,16.053,0.004,15.15,0.005,13.621,0.024,13.046,0.023,12.787,0.026,3175,115,76,5.173,0.02,0.02,-0.118,0.28,0.2,0.158,0.004,0.003,0.137,0.003,0.004,34.39,2.063,2.063,67.82,13.12,9.722,0.009,0.005,0.002,,,
3518,3518,3518,212025590,08 59 03.026,+20 40 46.50,1,13.399,,,554-044015,08590302+2040464,,STAR,gri,lam,1,6.5,-0.9,2.1,,,14.682,0.04,13.691,0.02,,,14.142,0.04,13.401,0.05,13.081,0.08,,,11.878,0.023,11.34,0.021,11.284,0.023,4828,77,77,2.804,0.13,0.156,-0.464,0.18,0.15,6.554,1.041,1.062,0.982,0.146,0.043,0.004,0.002,0.001,2266,357.4,355.9,0.033,0.01,0.007,,,
3519,3519,3519,212025609,08 34 04.894,+20 40 47.36,1,16.248,,,,08340489+2040473,6728-301-1-0129-0191,STAR,gri,rpm,-34,3,-11,3,,,,,,,20.971,0.079,18.213,0.007,16.779,0.004,15.406,0.004,14.661,0.005,13.251,0.021,12.658,0.022,12.391,0.024,3532,70,56,5.03,0.045,0.045,0.026,0.2,0.2,0.248,0.032,0.033,0.248,0.025,0.044,15.39,4.851,2.736,108.4,9.636,18.52,0.015,0.007,0.004,,,
3520,3520,3520,212025625,08 59 44.253,+20 40 48.50,1,12.916,,,554-044040,08594425+2040484,,STAR,gri,rpm,-5.7,1.4,-14.7,1.9,,,13.767,0.04,13.076,0.03,,,13.364,0.05,12.909,0.03,12.724,0.08,,,11.832,0.022,11.505,0.021,11.48,0.02,5888,115,115,4.345,0.105,0.357,-0.165,0.16,0.2,1.105,0.638,0.184,1.013,0.093,0.112,0.721,0.346,0.515,477.2,273.5,82.1,0.032,0.011,0.007,,,
3521,3521,3521,212025628,09 06 25.825,+20 40 48.58,1,17.929,,,,09062582+2040485,5061-301-3-0153-0221,EXTENDED,gri,,3,4,0,4,,,,,,,21.227,0.13,18.915,0.01,17.985,0.008,17.507,0.008,17.148,0.02,16.334,0.116,15.53,0.142,15.217,0.166,,,,,,,,,,,,,,,,,,,,,,,,,,,
3522,3522,3522,212025635,08 25 52.278,+20 40 49.07,1,12.083,,,554-042514,08255228+2040490,,STAR,gri,rpm,-6.1,0.8,0.4,1.3,,,13.265,0.01,12.354,0.01,,,12.793,0.07,12.072,0.01,11.779,0.06,,,10.645,0.022,10.163,0.022,10.048,0.018,4973,81,81,2.612,0.676,0.312,-0.531,0.25,0.25,7.483,3.063,3.715,1.007,0.201,0.092,0.002,0.014,0.001,1494,526.1,724.7,0.034,0.011,0.007,,,
3523,3523,3523,212025651,08 58 35.256,+20 40 50.70,1,14.876,,,554-043997,08583526+2040507,5061-301-5-0141-0275,STAR,JHK,col,,,,,,,,,,,,,,,,,,,,,12.744,0.023,12.127,0.021,11.922,0.025,3780,179,149,4.911,0.09,0.05,-0.051,0.16,0.28,0.364,0.05,0.09,0.396,0.075,0.112,8.042,4.645,1.799,135.4,25.53,39.55,0.018,0.007,0.006,,,
3524,3524,3524,212025671,08 53 55.800,+20 40 51.90,1,14.532,,,554-043831,08535580+2040519,,STAR,gri,rpm,-12.7,2.8,-8.2,3.1,,,16.255,0.16,15.037,0.06,,,15.703,0.02,14.464,0.07,14.03,0.02,,,12.659,0.022,12.031,0.021,11.878,0.019,4180,99,124,4.773,0.072,0.03,-0.136,0.25,0.25,0.513,0.042,0.074,0.575,0.05,0.081,4.216,1.471,0.586,211.3,19.85,34.74,0.025,0.005,0.01,,,
3525,3525,3525,212025721,09 03 59.160,+20 40 54.27,1,16.151,,,554-044214,09035914+2040543,5071-301-3-0147-0201,EXTENDED,J,,0.3,9.8,-4.4,9.5,,,,,,,,,,,,,,,,,14.751,0.06,14.078,0.072,13.741,0.061,,,,,,,,,,,,,,,,,,,,,,,,,,,
3526,3526,3526,212025727,09 00 20.249,+20 40 54.62,1,14.214,,,554-044073,09002023+2040546,,STAR,gri,rpm,-0.9,1.8,-17.2,3.5,,,15.419,0.02,14.516,0.04,,,14.927,0.05,14.238,0.06,13.909,0.08,,,12.789,0.023,12.361,0.022,12.236,0.02,5190,104,83,4.568,0.03,0.834,-0.186,0.25,0.4,0.792,1.502,0.058,0.852,0.061,0.073,1.699,0.252,1.61,458.8,807.2,38.44,0.032,0.008,0.007,,,
3527,3527,3527,212025734,08 30 20.280,+20 40 55.11,1,14.219,,,554-042744,08302029+2040551,,STAR,gri,rpm,-14.5,3.6,-3.4,2.3,,,15.258,0.06,14.458,0.07,,,14.836,0.07,14.199,0.04,13.954,0.071,,,12.876,0.025,12.448,0.018,12.323,0.026,5253,126,126,4.552,0.04,0.896,-0.281,0.25,0.4,0.811,1.651,0.077,0.853,0.079,0.079,1.608,0.303,1.539,498.1,938.5,59.46,0.033,0.011,0.006,,,
3528,3528,3528,212025912,08 29 58.242,+20 41 05.29,1,13.423,,,554-042724,08295824+2041052,,STAR,gri,rpm,-9.3,2.5,-3.9,2.8,,,14.535,0.02,13.686,0.04,,,14.086,0.01,13.406,0.02,13.139,0.02,,,12.108,0.022,11.553,0.021,11.496,0.022,4961,78,78,2.691,0.44,0.792,-0.86,0.25,0.75,6.358,9.078,2.474,0.892,0.056,0.09,0.002,0.009,0.002,2578,3476,973.5,0.034,0.008,0.008,,,
3529,3529,3529,212025930,08 52 56.928,+20 41 06.09,1,12.278,,1399-1642-1,554-043794,08525693+2041059,,STAR,gri,rpm,-7.4,2.5,-34.3,2.6,,,12.816,0.442,11.487,0.168,,,12.795,0.02,12.227,0.03,12.056,0.06,,,11.154,0.023,10.779,0.021,10.758,0.018,5531,112,112,4.501,0.05,0.4,-0.093,0.15,0.21,0.88,0.167,0.081,0.918,0.099,0.083,1.277,0.312,0.767,264.5,77.51,35.19,0.028,0.008,0.006,,,
3530,3530,3530,212025935,09 04 54.429,+20 41 06.34,1,12.236,,,554-044254,09045441+2041064,,STAR,gri,rpm,-11.3,1.9,-6.2,1.9,,,12.957,0.05,12.366,0.04,,,12.604,0.05,12.206,0.07,12.078,0.07,,,11.262,0.023,10.988,0.022,10.943,0.019,6089,121,145,4.184,0.165,0.198,-0.152,0.2,0.28,1.376,0.35,0.279,1.106,0.147,0.123,0.372,0.282,0.183,468.8,137.4,90.36,0.032,0.011,0.007,,,
3531,3531,3531,212025938,08 53 10.085,+20 41 06.68,1,17.203,,,,08531008+2041066,5038-301-2-0047-0276,EXTENDED,gri,,7,3,12,3,,,,,,,18.532,0.025,17.427,0.006,17.128,0.006,16.938,0.008,16.819,0.022,16.797,0.161,,,,,,,,,,,,,,,,,,,,,,,,,,,,,,,
3532,3532,3532,212025968,08 34 26.224,+20 41 08.80,1,18.881,,,,,6728-301-1-0129-0129,STAR,gri,,2,3,-1,3,,,,,,,19.061,0.022,18.941,0.009,18.861,0.01,18.67,0.011,18.52,0.027,,,,,,,,,,,,,,,,,,,,,,,,,,,,,,,,,
3533,3533,3533,212025978,08 27 02.538,+20 41 09.35,1,15.67,,,,08270253+2041093,,STAR,JHK,col,,,,,,,,,,,,,,,,,,,,,13.511,0.021,12.905,0.027,12.681,0.023,3696,183,183,4.97,0.08,0.08,-0.047,0.15,0.27,0.306,0.077,0.072,0.325,0.098,0.117,10.5,6.763,3.561,151.3,48.6,42.99,0.02,0.007,0.006,,,
3534,3534,3534,212025994,08 35 35.558,+20 41 10.20,1,14.694,,,554-042998,08353555+2041102,,STAR,gri,rpm,-1.3,2.9,-7.6,3.2,,,15.674,0.03,14.91,0.04,,,15.292,0.07,14.679,0.06,14.437,0.11,,,13.626,0.023,13.206,0.027,13.101,0.03,5307,158,127,4.532,0.05,0.85,-0.238,0.25,0.45,0.819,1.445,0.082,0.864,0.072,0.084,1.482,0.341,1.407,732.3,1248,94.5,0.034,0.01,0.006,,,
3535,3535,3535,212026064,08 59 02.290,+20 41 14.82,1,12.861,,,554-044014,08590229+2041148,,STAR,gri,rpm,9.1,3.9,5,1.5,,,13.662,0.04,13.012,0.03,,,13.274,0.04,12.853,0.03,12.684,0.08,,,11.812,0.022,11.477,0.021,11.414,0.017,5902,117,117,4.172,0.265,0.318,-0.205,0.2,0.2,1.288,0.689,0.34,1.052,0.107,0.128,0.354,0.526,0.235,589.4,233.6,194.6,0.033,0.01,0.008,,,
3536,3536,3536,212026083,09 03 27.492,+20 41 15.66,1,14.678,,,554-044187,09032749+2041157,5071-301-3-0146-0335,EXTENDED,gri,,,,,,,,17.436,0.09,15.948,0.13,,,16.636,0.062,15.318,0.06,13.839,0.03,,,11.809,0.025,11.24,0.024,10.988,0.023,,,,,,,,,,,,,,,,,,,,,,,,,,,
3537,3537,3537,212026120,08 34 04.748,+20 41 18.02,1,15.54,,,554-042922,08340473+2041181,,STAR,JHK,rpm,-0.6,3.2,-4.4,3.1,,,,,,,,,,,,,,,,,13.951,0.035,13.296,0.037,13.306,0.042,4462,222,222,4.681,0.06,0.06,-0.102,0.2,0.28,0.619,0.072,0.077,0.681,0.075,0.075,2.751,0.876,0.566,498.4,96.68,95.51,0.032,0.008,0.007,,,
3538,3538,3538,212026133,08 52 30.525,+20 41 19.29,1,14.976,,,554-043776,08523053+2041193,,STAR,gri,rpm,-39.7,2.7,-38.5,2.9,,,17.034,0.11,15.582,0.03,,,16.443,0.05,14.985,0.02,14.347,0.05,,,12.798,0.023,12.119,0.024,11.926,0.019,3894,46,77,4.878,0.084,0.03,-0.051,0.12,0.15,0.406,0.027,0.058,0.457,0.033,0.078,6.726,2.623,0.948,160.7,14.61,35.38,0.02,0.007,0.004,,,
3539,3539,3539,212026170,08 55 56.497,+20 41 21.51,1,18.958,,,,,5071-301-5-0135-0429,EXTENDED,gri,,-6,4,-7,4,,,,,,,20.197,0.083,19.176,0.018,18.886,0.022,18.652,0.027,18.552,0.073,,,,,,,,,,,,,,,,,,,,,,,,,,,,,,,,,
3540,3540,3540,212026201,09 07 54.457,+20 41 23.49,1,17.367,,,,09075445+2041234,5061-301-3-0155-0221,EXTENDED,gri,,4,4,6,2,,,,,,,19.561,0.038,18.106,0.007,17.432,0.006,17.05,0.006,16.753,0.016,16.216,0.099,15.426,0.147,14.936,0.106,,,,,,,,,,,,,,,,,,,,,,,,,,,
3541,3541,3541,212026203,08 34 39.507,+20 41 23.62,1,11.349,,1398-1304-1,554-042947,08343952+2041234,,STAR,BV,rpm,-3.5,1.6,-0.4,1.7,,,12.505,0.318,11.517,0.152,,,11.794,0.03,,,,,,,10.396,0.023,10.095,0.021,10.065,0.02,6017,179,179,4.073,0.294,0.245,-0.083,0.18,0.27,1.497,0.82,0.457,1.129,0.242,0.151,0.264,0.567,0.163,350.5,158.5,109.1,0.029,0.008,0.006,,,
3542,3542,3542,212026209,08 31 16.056,+20 41 24.11,1,15.523,,,554-042788,08311605+2041240,6597-301-2-0218-0153,STAR,JHK,rpm,4.4,2.8,-5,3.1,,,,,,,,,,,,,,,,,13.974,0.023,13.419,0.03,13.346,0.033,4804,142,142,4.624,0.04,0.048,-0.18,0.2,0.32,0.686,0.078,0.059,0.757,0.068,0.082,2.222,0.449,0.441,618,93.52,68.47,0.033,0.008,0.007,,,
3543,3543,3543,212026226,09 07 05.837,+20 41 25.35,1,16.843,,,554-044324,09070584+2041250,5061-301-3-0154-0129,STAR,JHK,rpm,-1.3,19,5.2,19,,,,,,,,,,,,,,,,,15.574,0.062,15.296,0.11,15.11,0.141,5727,427,597,4.47,0.135,0.243,-0.672,0.4,0.4,0.821,0.309,0.167,0.799,0.08,0.112,1.239,0.865,0.708,1933,1001,567.7,0.033,0.01,0.007,,,
3544,3544,3544,212026241,09 00 11.105,+20 41 26.37,1,17.743,,,,09001110+2041263,5071-301-4-0141-0368,EXTENDED,gri,,1,3,4,3,,,,,,,19.433,0.038,18.311,0.007,17.82,0.007,17.5,0.007,17.371,0.022,16.521,0.125,15.739,0.124,15.464,0.166,,,,,,,,,,,,,,,,,,,,,,,,,,,
3545,3545,3545,212026247,09 09 27.788,+20 41 26.78,1,14.249,,,554-044403,09092778+2041270,5071-301-2-0155-0098,STAR,gri,rpm,-4,3.2,-2.3,3.5,,,15.233,0.07,14.428,0.06,,,14.817,0.05,14.193,0.09,14.006,0.09,,,13.032,0.024,12.623,0.034,12.501,0.027,5325,188,157,4.467,0.09,0.975,-0.27,0.25,0.55,0.92,2,0.13,0.91,0.12,0.067,1.138,0.451,1.1,651.3,1195,118.2,0.035,0.008,0.008,,,
3546,3546,3546,212026252,09 07 02.011,+20 41 26.99,1,17.269,,,,09070201+2041269,,STAR,J,col,,,,,,,,,,,,,,,,,,,,,15.789,0.097,15.089,0.111,14.769,0.123,3967,456,380,4.866,0.15,0.15,-0.225,0.24,0.32,0.393,0.167,0.154,0.439,0.175,0.211,6.34,8.799,3.27,611.9,396.6,276,0.032,0.008,0.007,,,
3547,3547,3547,212026275,09 10 59.970,+20 41 28.51,1,19.558,,,,,5061-301-2-0159-0290,EXTENDED,gri,,2,3,2,3,,,,,,,20.813,0.103,19.753,0.02,19.493,0.024,19.292,0.032,19.09,0.1,,,,,,,,,,,,,,,,,,,,,,,,,,,,,,,,,
3548,3548,3548,212026283,08 29 16.690,+20 41 28.96,1,12.155,,,554-042683,08291669+2041289,,STAR,gri,rpm,-3.7,1.7,-1,1.8,,,13.562,0.02,12.475,0.02,,,13.008,0.06,12.124,0.02,11.789,0.06,,,10.559,0.022,9.973,0.02,9.875,0.021,4674,75,75,2.404,0.312,0.312,-0.293,0.2,0.44,10.149,3.643,2.681,1.109,0.173,0.208,8.91E-04,0.001,5.57E-04,1845,520.9,476,0.034,0.01,0.008,,,
3549,3549,3549,212026352,08 53 50.124,+20 41 33.12,1,17.566,,,,08535012+2041331,5038-301-2-0048-0252,EXTENDED,gri,,-5,3,4,3,,,,,,,20.292,0.082,18.552,0.01,17.596,0.008,17.144,0.008,16.797,0.018,16.362,0.108,15.59,0.122,15.13,0.13,,,,,,,,,,,,,,,,,,,,,,,,,,,
3550,3550,3550,212026386,09 07 46.039,+20 41 35.37,1,16.341,,,,09074603+2041353,5061-301-3-0155-0175,STAR,gri,rpm,-67,3,-25,3,,,,,,,20.892,0.061,18.207,0.007,16.845,0.005,15.541,0.005,14.834,0.006,13.467,0.026,12.823,0.027,12.627,0.026,3814,69,116,4.954,0.04,0.056,-0.176,0.2,0.2,0.325,0.047,0.035,0.358,0.047,0.057,9.711,2.236,2.138,167.9,28.65,20.66,0.023,0.007,0.005,,,
3551,3551,3551,212026444,09 03 11.630,+20 41 38.82,1,10.815,,1400-2198-1,554-044178,09031162+2041388,,STAR,gri,plx,-2.7,1.4,-52.3,1.5,,,11.99,0.223,10.976,0.104,,,11.299,0.05,10.846,0.07,10.607,0.08,,,9.692,0.023,9.415,0.022,9.272,0.02,5957,141,118,4.356,0.06,0.096,-0.043,0.15,0.24,1.112,0.139,0.079,1.057,0.067,0.094,0.727,0.193,0.216,185.8,20.47,20.47,0.025,0.007,0.006,,,
3552,3552,3552,212026451,08 56 18.991,+20 41 39.33,1,10.84,,1400-1922-1,554-043925,08561896+2041397,,STAR,gri,rpm,5.3,1.5,-8.2,1.7,,,12.046,0.237,11.181,0.135,,,11.257,0.05,10.811,0.05,10.661,0.04,,,9.845,0.021,9.522,0.023,9.517,0.023,5883,140,175,4.029,0.378,0.315,-0.1,0.16,0.28,1.497,1.047,0.535,1.088,0.255,0.116,0.23,0.686,0.157,260.3,171.3,89.5,0.027,0.01,0.008,,,
3553,3553,3553,212026472,09 10 58.009,+20 41 40.80,1,18.427,,,,,5061-301-2-0159-0283,EXTENDED,gri,,-3,3,1,3,,,,,,,19.829,0.057,18.806,0.012,18.498,0.015,18.264,0.019,18.142,0.06,,,,,,,,,,,,,,,,,,,,,,,,,,,,,,,,,
3554,3554,3554,212026474,09 08 28.531,+20 41 40.87,1,16.709,,,,09082853+2041408,5071-301-2-0153-0081,EXTENDED,gri,,-2,2,-4,2,,,,,,,19.686,0.062,17.685,0.008,16.719,0.005,16.291,0.005,15.951,0.01,15.453,0.08,14.694,0.085,14.48,0.094,,,,,,,,,,,,,,,,,,,,,,,,,,,
3555,3555,3555,212026482,08 34 22.750,+20 41 41.21,1,10.827,,1398-1331-1,554-042936,08342275+2041412,,STAR,BV,rpm,11.6,1.3,-21.9,1.4,,,11.927,0.183,10.983,0.092,,,11.44,0.03,,,,,,,8.928,0.026,8.389,0.029,8.268,0.031,4783,113,113,2.703,0.518,0.37,-0.348,0.3,0.42,7.041,3.47,2.687,1.064,0.22,0.157,0.002,0.011,0.002,612.5,330.1,242.1,0.033,0.008,0.007,,,
3556,3556,3556,212026516,08 30 20.752,+20 41 43.62,1,15.507,,,554-042745,08302076+2041436,6597-301-2-0217-0026,STAR,JHK,rpm,-1,2.7,-3.2,3.1,,,,,,,,,,,,,,,,,14.023,0.027,13.572,0.028,13.425,0.031,5133,183,153,4.559,0.05,1.15,-0.265,0.25,0.55,0.783,2.261,0.075,0.828,0.078,0.078,1.651,0.38,1.621,805.7,2255,108.8,0.033,0.01,0.008,,,
3557,3557,3557,212026545,08 52 03.176,+20 41 45.24,1,15.018,,,554-043759,08520317+2041451,5037-301-2-0135-0077,STAR,gri,lam,6.9,2.8,-2.4,3.1,,,15.829,0.06,15.176,0.01,,,15.43,0.04,14.954,0.01,14.842,0.01,,,13.835,0.027,13.444,0.026,13.335,0.031,5619,134,134,4.527,0.03,0.042,-0.406,0.12,0.15,0.822,0.066,0.044,0.834,0.063,0.042,1.46,0.197,0.237,850.9,92.46,72.01,0.032,0.01,0.008,,,
3558,3558,3558,212026547,08 31 34.495,+20 41 45.29,1,14.971,,,554-042798,08313450+2041452,6597-301-2-0219-0007,STAR,JHK,rpm,3.9,2.8,5.9,3.2,,,,,,,,,,,,,,,,,13.592,0.025,13.104,0.023,13.051,0.027,5037,151,121,4.57,0.048,1.256,-0.25,0.24,0.48,0.781,2.738,0.074,0.825,0.093,0.078,1.669,0.442,1.65,644,2154,80.51,0.032,0.008,0.007,,,
3559,3559,3559,212026559,08 35 19.259,+20 41 45.93,1,11.154,,,554-042986,08351925+2041459,,STAR,gri,rpm,13,1.2,-23.6,1.7,,,12.147,0.04,11.345,0.01,,,11.729,0.04,11.147,0.04,10.908,0.06,,,10.057,0.021,9.696,0.021,9.6,0.019,5512,133,133,4.443,0.09,0.72,-0.129,0.2,0.48,0.959,1.421,0.098,0.971,0.194,0.09,1.019,0.401,0.944,177.7,245.6,29.21,0.025,0.011,0.008,,,
3560,3560,3560,212026579,09 07 21.264,+20 41 47.36,1,14.084,,,554-044332,09072126+2041473,,STAR,gri,rpm,5.6,4.8,-4.1,5.2,,,15.285,0.07,14.334,0.07,,,14.821,0.05,14.043,0.08,13.768,0.11,,,12.643,0.022,12.188,0.027,12.069,0.027,5095,102,122,3.767,0.855,0.57,-0.231,0.25,0.4,1.986,1.987,1.284,0.904,0.23,0.088,0.099,1.906,0.086,1042,752.1,690.4,0.033,0.01,0.007,,,
3561,3561,3561,212026602,09 09 11.608,+20 41 48.41,1,14.286,,,554-044397,09091160+2041485,5071-301-2-0155-0003,STAR,gri,rpm,-1.3,4.7,-4.2,5.1,,,15.454,0.02,14.508,0.06,,,15.011,0.06,14.231,0.06,13.975,0.12,,,12.985,0.026,12.539,0.037,12.436,0.02,5068,154,123,4.517,0.075,1.275,-0.22,0.25,0.45,0.852,2.952,0.124,0.88,0.193,0.074,1.34,0.579,1.324,562.5,1778,119,0.033,0.009,0.009,,,
3562,3562,3562,212026634,09 09 20.290,+20 41 50.55,1,14.379,,,,09092028+2041505,5071-301-2-0155-0038,EXTENDED,gri,,-1,2,0,2,,,,,,,15.879,0.008,14.754,0.002,14.406,0.003,14.219,0.003,14.085,0.006,15.51,0.137,,,14.838,0.174,,,,,,,,,,,,,,,,,,,,,,,,,,,
3563,3563,3563,212026661,08 35 38.563,+20 41 52.33,1,13.528,,,554-043001,08353856+2041523,,STAR,gri,rpm,-7.3,1.9,0.6,2.1,,,14.754,0.03,13.792,0.02,,,14.259,0.04,13.505,0.02,13.215,0.03,,,12.213,0.021,11.726,0.025,11.649,0.021,4943,98,78,3.308,0.33,0.66,-0.374,0.25,0.4,3.606,4.04,0.969,0.988,0.169,0.106,0.019,0.038,0.017,1532,1610,432.3,0.033,0.01,0.008,,,
3564,3564,3564,212026799,08 32 22.435,+20 42 00.58,1,12.686,,,554-042835,08322243+2042006,,STAR,gri,rpm,8.8,1.4,-20.7,2.2,,,13.647,0.02,12.868,0.03,,,13.236,0.04,12.63,0.03,12.45,0.061,,,11.502,0.022,11.098,0.023,11.052,0.021,5409,129,129,4.524,0.04,0.64,-0.173,0.24,0.32,0.865,1.076,0.085,0.898,0.083,0.083,1.402,0.303,1.257,295.3,376.9,35.97,0.029,0.01,0.006,,,
3565,3565,3565,212026800,09 02 33.142,+20 42 00.62,1,17.776,,,,09023314+2042006,,STAR,J,col,,,,,,,,,,,,,,,,,,,,,16.26,0.118,15.692,0.134,15.233,0.156,3817,620,344,4.95,0.13,0.208,-0.219,0.24,0.36,0.332,0.187,0.119,0.35,0.231,0.165,9.719,10.59,6.254,632.6,654.2,282.5,0.032,0.01,0.008,,,
3566,3566,3566,212026818,08 50 30.736,+20 42 01.90,1,13.956,,,554-043698,08503073+2042020,,STAR,gri,lam,4.8,1.9,-25.7,2,,,15.02,0.06,14.187,0.01,,,14.592,0.04,13.864,0.03,13.683,0.05,,,12.625,0.023,12.251,0.027,12.102,0.025,5212,185,123,4.534,0.02,0.045,0.184,0.15,0.12,0.847,0.069,0.017,0.91,0.043,0.029,1.474,0.088,0.237,459.5,53.7,13.78,0.031,0.009,0.005,,,
3567,3567,3567,212026894,08 28 03.789,+20 42 07.10,1,12.958,,,554-042631,08280378+2042070,,STAR,gri,rpm,3.9,1.8,-0.7,1.8,,,14.624,0.03,13.273,0.01,,,13.903,0.05,12.9,0.02,12.554,0.062,,,11.256,0.02,10.691,0.022,10.573,0.02,4630,74,55,2.516,0.352,0.264,-0.098,0.15,0.18,9.566,2.667,3.217,1.16,0.145,0.194,0.001,0.003,7.33E-04,2228,488,668.2,0.034,0.012,0.005,,,
3568,3568,3568,212026900,08 59 52.873,+20 42 07.53,1,18.746,,,,,5071-301-4-0141-0788,EXTENDED,gri,,-1,3,-1,3,,,,,,,20.364,0.104,19.185,0.017,18.857,0.02,18.558,0.022,18.596,0.093,,,,,,,,,,,,,,,,,,,,,,,,,,,,,,,,,
3569,3569,3569,212026901,08 55 43.128,+20 42 07.66,1,11.264,,1400-1123-1,554-043890,08554311+2042077,,STAR,gri,plx,57,1.6,-25.5,1.7,,,11.714,0.128,11.018,0.107,,,11.737,0.05,11.235,0.05,11.061,0.03,,,10.21,0.022,9.848,0.021,9.766,0.018,5711,112,112,4.453,0.04,0.064,-0.027,0.15,0.15,0.98,0.079,0.053,0.99,0.057,0.068,1.034,0.153,0.182,213.6,24.03,24.03,0.024,0.008,0.006,,,
3570,3570,3570,212026903,09 02 42.671,+20 42 07.67,1,16.472,,,,09024267+2042076,5061-301-4-0147-0342,EXTENDED,gri,,0,2,0,2,,,,,,,18.865,0.043,17.332,0.006,16.545,0.005,16.104,0.005,15.813,0.014,15.766,0.1,15.035,0.109,14.687,0.093,,,,,,,,,,,,,,,,,,,,,,,,,,,
3571,3571,3571,212026906,08 54 32.485,+20 42 07.80,1,18.242,,,,,5071-301-5-0133-0513,EXTENDED,gri,,-29,3,2,3,,,,,,,19.544,0.065,18.606,0.015,18.279,0.017,18.086,0.023,17.999,0.065,,,,,,,,,,,,,,,,,,,,,,,,,,,,,,,,,
3572,3572,3572,212026921,08 33 15.421,+20 42 08.97,1,12.514,,,554-042885,08331542+2042089,,STAR,BV,rpm,-34.3,1.3,-13.5,1.7,,,13.707,0.043,12.69,0.031,,,13.242,0.032,,,,,,,11.015,0.022,10.545,0.025,10.436,0.019,5078,123,123,4.585,0.02,1.176,-0.218,0.2,0.52,0.761,2.32,0.045,0.829,0.079,0.079,1.835,0.186,1.804,192.8,583.7,18.58,0.026,0.008,0.005,,,
3573,3573,3573,212026982,08 50 05.424,+20 42 13.29,1,17.88,,,,08500542+2042132,5071-301-6-0127-0208,STAR,gri,rpm,-26,3,-10,3,,,,,,,22.095,0.203,19.616,0.013,18.17,0.007,17.136,0.006,16.572,0.009,15.293,0.048,14.615,0.069,14.365,0.071,3438,41,34,5.06,0.03,0.025,0.068,0.1,0.1,0.219,0.018,0.017,0.207,0.022,0.019,18.55,3.344,2.393,230.1,20.46,22.36,0.025,0.008,0.007,,,
3574,3574,3574,212026983,09 04 10.016,+20 42 13.31,1,14.512,,,554-044225,09041001+2042133,5071-301-3-0147-0105,STAR,gri,rpm,-6,3.6,-1,4.2,,,15.602,0.07,14.807,0.05,,,15.165,0.04,14.533,0.07,14.233,0.09,,,13.121,0.025,12.616,0.023,12.574,0.022,5072,99,99,3.235,1.14,0.95,-0.677,0.48,0.48,3.251,5.996,2.499,0.884,0.095,0.095,0.015,0.719,0.015,2091,3498,1563,0.032,0.009,0.009,,,
3575,3575,3575,212027121,08 31 57.423,+20 42 21.35,1,17.847,,,,08315742+2042213,,STAR,JHK,col,,,,,,,,,,,,,,,,,,,,,15.564,0.064,14.974,0.077,14.696,0.087,3853,577,320,4.914,0.14,0.196,-0.157,0.2,0.32,0.36,0.2,0.128,0.401,0.209,0.174,7.739,8.807,4.63,507.3,382.4,218.1,0.032,0.011,0.008,,,
3576,3576,3576,212027123,09 10 26.801,+20 42 21.47,1,19.522,,,,,5071-301-2-0156-0170,STAR,gri,,,,,,,,,,,,20.258,0.046,19.61,0.013,19.493,0.015,19.518,0.02,19.286,0.05,,,,,,,,,,,,,,,,,,,,,,,,,,,,,,,,,
3577,3577,3577,212027136,08 55 48.589,+20 42 22.32,1,11.961,,,554-043896,08554858+2042222,,STAR,gri,lam,-12.9,1.3,-0.4,1.6,,,12.468,0.03,11.978,0.04,,,12.184,0.04,11.887,0.07,11.799,0.04,,,11.069,0.02,10.863,0.023,10.808,0.018,6297,126,151,4.035,0.154,0.11,-0.065,0.08,0.14,1.771,0.324,0.323,1.276,0.137,0.114,0.222,0.174,0.075,569.1,96.46,112,0.033,0.011,0.009,,,
3578,3578,3578,212027137,08 34 09.810,+20 42 22.45,1,12.619,,,554-042928,08340980+2042224,,STAR,BV,rpm,-15.5,2.4,-8.1,1.5,,,13.564,0.043,12.792,0.031,,,13.17,0.031,,,,,,,11.543,0.022,11.185,0.021,11.146,0.019,5637,270,135,4.43,0.07,0.532,-0.098,0.16,0.36,0.986,0.916,0.118,0.961,0.114,0.082,0.975,0.31,0.826,356.1,320,44.52,0.03,0.008,0.007,,,
3579,3579,3579,212027164,08 26 06.321,+20 42 24.65,1,16.356,,,,,6597-301-3-0211-0237,STAR,gri,,118,88,-316,88,,,,,,,21.307,0.092,18.877,0.009,17.236,0.005,15.275,0.004,14.322,0.005,,,,,,,,,,,,,,,,,,,,,,,,,,,,,,,,,
3580,3580,3580,212027172,08 31 38.511,+20 42 25.29,1,11.711,,1391-132-1,554-042801,08313853+2042253,,STAR,gri,plx,6.3,1.6,-24.5,1.8,,,12.339,0.253,11.928,0.225,,,11.931,0.04,11.637,0.02,11.535,0.06,,,10.82,0.022,10.539,0.025,10.494,0.023,6262,148,123,4.188,0.115,0.161,-0.294,0.25,0.55,1.341,0.265,0.17,1.104,0.122,0.22,0.422,0.217,0.186,401.8,83.8,83.8,0.029,0.008,0.006,,,
3581,3581,3581,212027191,08 51 39.697,+20 42 26.72,1,9.592,,1399-1833-1,554-043739,08513970+2042267,,STAR,gri,plx,-12.1,1,-4.6,1,,,10.435,0.058,9.703,0.04,,,10.548,0.08,9.892,0.1,9.183,0.04,,,8.052,0.02,7.599,0.017,7.514,0.026,4992,101,101,3.168,0.225,0.315,-0.419,0.35,0.42,4.257,1.873,0.868,1.09,0.353,0.196,0.013,0.014,0.009,255.2,55.08,55.08,0.028,0.008,0.007,,,
3582,3582,3582,212027195,09 10 11.513,+20 42 27.07,1,14.084,,,554-044424,09101150+2042271,,STAR,gri,rpm,-1,3.2,-2.6,3.5,,,15.461,0.08,14.417,0.07,,,14.95,0.03,14.036,0.03,13.713,0.07,,,12.617,0.021,12.063,0.02,11.977,0.02,4726,95,95,3.369,1.28,0.96,-0.181,0.25,0.35,3.244,5.551,2.628,0.829,0.31,0.091,0.03,2.079,0.029,1414,2204,1118,0.033,0.01,0.007,,,
3583,3583,3583,212027305,09 12 19.257,+20 42 33.29,1,18.49,,,,09121925+2042332,,STAR,J,,,,,,,,,,,,,,,,,,,,,,16.918,0.155,,,,,,,,,,,,,,,,,,,,,,,,,,,,,,,
3584,3584,3584,212027371,08 32 15.886,+20 42 37.20,1,12.652,,,554-042827,08321589+2042371,,STAR,gri,rpm,-6.5,1.2,1.4,2.1,,,13.278,0.02,12.77,0.04,,,12.976,0.03,12.628,0.03,12.514,0.061,,,11.754,0.022,11.46,0.022,11.451,0.025,6148,121,97,4.093,0.248,0.155,-0.237,0.2,0.28,1.457,0.403,0.316,1.109,0.153,0.153,0.28,0.337,0.121,634.1,162.4,151.8,0.031,0.007,0.007,,,
3585,3585,3585,212027377,08 50 35.278,+20 42 37.68,1,17.643,,,,08503527+2042376,5071-301-6-0128-0098,STAR,gri,col,,,,,,,,,,,22.32,0.237,19.796,0.014,18.321,0.008,16.72,0.005,15.853,0.006,14.367,0.031,13.662,0.033,13.401,0.042,3551,108,108,5.068,0.045,0.045,-0.16,0.2,0.2,0.218,0.039,0.028,0.212,0.042,0.035,19.01,5.198,4.082,154.1,33.93,23.55,0.021,0.008,0.006,,,
3586,3586,3586,212027380,08 57 24.032,+20 42 37.98,1,15.025,,,,08572403+2042379,5038-301-1-0054-0211,EXTENDED,gri,,3,3,1,3,,,,,,,17.725,0.016,15.868,0.003,15.068,0.003,14.663,0.003,14.358,0.005,14.249,0.049,13.546,0.064,13.37,0.063,,,,,,,,,,,,,,,,,,,,,,,,,,,
3587,3587,3587,212027509,08 54 46.834,+20 42 47.00,1,15.838,,,,08544683+2042469,5071-301-5-0134-0070,EXTENDED,gri,,-6,3,-3,3,,,,,,,17.442,0.012,16.359,0.003,15.861,0.003,15.615,0.004,15.43,0.007,15.405,0.078,14.811,0.104,14.509,0.099,,,,,,,,,,,,,,,,,,,,,,,,,,,
3588,3588,3588,212027544,08 33 13.937,+20 42 48.33,1,18.868,,,,08331393+2042483,6728-301-1-0128-0274,STAR,gri,rpm,-35,5,-5,5,,,,,,,25.783,0.573,21.18,0.043,19.634,0.017,17.877,0.007,16.863,0.01,15.295,0.045,14.652,0.057,14.397,0.066,3445,143,123,5.115,0.035,0.056,-0.162,0.2,0.2,0.186,0.034,0.017,0.167,0.043,0.018,25.26,4.761,6.748,187.6,48.02,22.31,0.025,0.01,0.007,,,
3589,3589,3589,212027547,08 54 39.148,+20 42 48.54,1,13.94,,,554-043849,08543914+2042485,,STAR,gri,rpm,-3.2,2,-8,1.6,,,14.985,0.01,14.12,0.01,,,14.566,0.01,13.876,0.03,13.672,0.01,,,12.695,0.023,12.282,0.021,12.163,0.021,5249,106,128,4.547,0.032,0.784,-0.051,0.12,0.27,0.832,1.495,0.054,0.901,0.075,0.047,1.506,0.243,1.421,473.9,833.7,39.7,0.035,0.013,0.006,,,
3590,3590,3590,212027556,09 03 40.322,+20 42 49.05,1,13.85,,,554-044201,09034032+2042489,,STAR,gri,lam,-61.1,3.6,3,2.9,,,15.673,0.04,14.409,0.04,,,15.114,0.03,13.868,0.05,13.308,0.08,,,11.842,0.023,11.219,0.021,11.068,0.023,4258,131,164,4.896,0.132,0.06,-0.877,0.24,0.2,0.386,0.055,0.121,0.433,0.068,0.147,7.48,7.038,1.806,114.7,24.86,44.46,0.018,0.005,0.005,,,
3591,3591,3591,212027617,08 33 43.341,+20 42 52.52,1,17.94,,,,08334334+2042525,6728-301-1-0128-0220,EXTENDED,gri,,,,,,,,,,,,20.886,0.103,19.039,0.012,17.961,0.007,17.469,0.007,17.201,0.015,16.278,0.115,15.385,0.115,15.008,0.119,,,,,,,,,,,,,,,,,,,,,,,,,,,
3592,3592,3592,212027653,08 33 23.399,+20 42 54.87,1,14.599,,,554-042893,08332339+2042547,6728-301-1-0128-0038,STAR,JHK,rpm,-5.9,2.7,-36.7,3,,,,,,,,,,,,,,,,,12.424,0.023,11.77,0.022,11.589,0.019,4032,191,191,4.835,0.055,0.077,-0.085,0.2,0.2,0.448,0.08,0.059,0.502,0.091,0.065,5.359,1.706,1.651,155.9,43.93,25.33,0.021,0.005,0.006,,,
3593,3593,3593,212027676,08 29 43.036,+20 42 56.31,1,11.345,,1391-42-1,554-042706,08294303+2042562,,STAR,gri,plx,-5.3,1.7,-16.3,1.9,,,12.61,0.379,11.476,0.161,,,11.946,0.05,11.336,0.03,11.088,0.06,,,10.055,0.022,9.647,0.027,9.554,0.017,5335,107,107,3.8,0.075,0.09,-0.327,0.25,0.25,2.117,0.204,0.186,1.04,0.116,0.096,0.105,0.032,0.024,309.9,38.2,38.2,0.03,0.01,0.007,,,
3594,3594,3594,212027779,08 58 53.102,+20 43 02.32,1,19.627,,,,08585310+2043023,5061-301-5-0142-0283,STAR,gri,,-13,5,-68,5,,,,,,,24.179,0.623,21.021,0.031,19.578,0.015,19.029,0.015,18.73,0.036,17.271,0.209,,,,,,,,,,,,,,,,,,,,,,,,,,,,,,,
3595,3595,3595,212027793,09 03 02.777,+20 43 03.10,1,18.535,,,,09030277+2043031,,STAR,J,col,,,,,,,,,,,,,,,,,,,,,16.96,0.18,16.138,0.177,15.686,0.182,3850,488,348,4.954,0.13,0.182,-0.254,0.25,0.35,0.311,0.168,0.109,0.351,0.199,0.166,9.673,10.77,5.733,799.4,602.7,392.1,0.033,0.008,0.007,,,
3596,3596,3596,212027802,08 25 54.495,+20 43 03.58,1,13.953,,,554-042515,08255448+2043038,6597-301-3-0210-0092,STAR,gri,col,,,,,,,15.314,0.03,14.332,0.02,,,14.862,0.08,13.919,0.02,13.563,0.067,,,12.306,0.022,11.721,0.022,11.626,0.018,4639,91,110,4.647,0.045,0.045,-0.145,0.2,0.36,0.664,0.074,0.066,0.722,0.065,0.077,2.45,0.606,0.486,265.6,40.05,34.8,0.028,0.01,0.007,,,
3597,3597,3597,212027816,08 29 18.872,+20 43 04.75,1,15.612,,,554-042686,08291886+2043048,6728-301-2-0122-0063,STAR,JHK,rpm,-37.1,6.4,-17.8,6.3,,,,,,,,,,,,,,,,,13.285,0.023,12.664,0.025,12.403,0.022,3648,142,142,4.985,0.065,0.078,-0.019,0.1,0.14,0.282,0.081,0.063,0.3,0.101,0.084,12.1,5.798,3.92,128.7,46.67,34.25,0.018,0.007,0.005,,,
3598,3598,3598,212027857,09 09 41.664,+20 43 07.33,1,12.264,,,554-044413,09094165+2043072,,STAR,gri,lam,-0.1,0.6,-17.4,1.5,,,12.926,0.04,12.335,0.08,,,12.645,0.05,12.234,0.05,12.101,0.09,,,11.331,0.022,11.075,0.023,11.023,0.02,6189,147,147,4.163,0.13,0.13,-0.2,0.15,0.12,1.383,0.318,0.219,1.128,0.105,0.105,0.374,0.226,0.141,508.1,108.4,89.35,0.032,0.008,0.006,,,
3599,3599,3599,212027909,08 33 00.389,+20 43 10.10,1,15.111,,,554-042875,08330040+2043103,6728-301-1-0127-0162,STAR,JHK,rpm,-24.3,5.6,-28.4,5.4,,,,,,,,,,,,,,,,,12.84,0.022,12.205,0.025,11.976,0.02,3758,134,111,4.922,0.054,0.045,0.01,0.1,0.14,0.355,0.051,0.053,0.391,0.071,0.071,8.162,2.925,1.604,135,24.34,24.35,0.02,0.008,0.005,,,
3600,3600,3600,212027921,08 35 40.662,+20 43 10.73,1,14.813,,,554-043005,08354066+2043107,,STAR,gri,rpm,-0.5,3,-5.8,3.1,,,16.079,0.07,15.116,0.02,,,15.687,0.04,14.725,0.05,14.438,0.1,,,13.24,0.025,12.729,0.023,12.568,0.02,4768,77,96,4.626,0.02,0.04,-0.017,0.16,0.2,0.708,0.057,0.038,0.782,0.05,0.05,2.171,0.209,0.332,453.8,49.54,30.29,0.033,0.008,0.007,,,
3601,3601,3601,212027933,08 57 27.039,+20 43 11.86,1,17.231,,,,08572703+2043118,5038-301-1-0054-0239,EXTENDED,gri,,-6,3,-1,3,,,,,,,20.329,0.095,18.28,0.01,17.239,0.007,16.781,0.007,16.454,0.017,16.171,0.103,15.48,0.118,15.034,0.118,,,,,,,,,,,,,,,,,,,,,,,,,,,
3602,3602,3602,212027941,08 50 02.489,+20 43 12.32,1,14.905,,,554-043673,08500248+2043122,5071-301-6-0127-0200,STAR,gri,rpm,-80.7,2.8,-55.5,3,,,17.218,0.1,16.086,0.067,,,16.78,0.02,15.466,0.07,14.102,0.02,,,12.148,0.023,11.594,0.031,11.352,0.021,3648,106,106,4.99,0.045,0.063,-0.024,0.12,0.18,0.287,0.054,0.039,0.292,0.078,0.058,12.53,3.244,3.453,79.82,31.69,19.41,0.011,0.008,0.005,,,
3603,3603,3603,212027952,08 29 21.468,+20 43 13.20,1,11.29,,1391-108-1,554-042689,08292147+2043132,,STAR,gri,rpm,-11.4,1.2,-2.1,1.2,,,11.442,0.091,11.376,0.129,,,11.165,0.05,11.332,0.02,11.427,0.06,,,10.968,0.023,10.914,0.025,10.851,0.017,7661,367,305,4.123,0.085,0.102,-0.047,0.08,0.12,1.861,0.299,0.218,1.697,0.143,0.119,0.259,0.09,0.078,689.3,89.47,108.3,0.035,0.014,0.01,,,
3604,3604,3604,212028002,09 11 23.811,+20 43 15.37,1,19.225,,,,09112381+2043153,,STAR,JHK,col,,,,,,,,,,,,,,,,,,,,,16.569,0.115,15.761,0.115,15.459,0.143,3929,362,362,4.905,0.145,0.145,-0.254,0.25,0.35,0.351,0.139,0.131,0.381,0.164,0.164,7.872,9.67,3.835,840.8,494.8,400.9,0.033,0.01,0.007,,,
3605,3605,3605,212028041,08 33 22.007,+20 43 17.37,1,14.321,,,554-042890,08332203+2043173,6728-301-1-0128-0039,STAR,JHK,col,,,,,,,,,,,,,,,,,,,,,12.183,0.021,11.668,0.027,11.359,0.02,3420,121,146,5.089,0.06,0.072,0.011,0.12,0.15,0.201,0.048,0.033,0.187,0.06,0.045,21.87,7.973,6.809,52.57,18.84,16.17,0.008,0.004,0.003,,,
3606,3606,3606,212028054,08 56 36.621,+20 43 18.48,1,13.817,,,554-043932,08563662+2043183,,STAR,gri,lam,3.5,2.5,-1.9,1.8,,,15.278,0.07,14.179,0.04,,,14.795,0.07,13.747,0.06,13.398,0.04,,,12.17,0.025,11.556,0.021,11.462,0.02,4528,164,136,4.673,0.042,0.03,-0.154,0.12,0.12,0.628,0.041,0.051,0.678,0.048,0.039,2.736,0.553,0.353,225.7,26.95,24.08,0.026,0.005,0.005,,,
3607,3607,3607,212028062,08 26 28.098,+20 43 18.84,1,15.257,,,,08262809+2043188,6597-301-3-0211-0341,EXTENDED,gri,,-4,2,2,2,,,,,,,17.783,0.024,16.055,0.003,15.276,0.003,14.915,0.003,14.661,0.007,15.047,0.068,14.455,0.095,14.313,0.089,,,,,,,,,,,,,,,,,,,,,,,,,,,
3608,3608,3608,212028066,09 00 00.604,+20 43 18.95,1,10.185,,1400-1173-1,554-044053,09000060+2043189,,STAR,gri,rpm,-1.7,1.1,0.4,1.1,,,10.075,0.036,9.849,0.039,,,10.25,0.03,10.164,0.04,10.018,0.08,,,9.532,0.023,9.462,0.021,9.411,0.018,7375,223,179,3.931,0.205,0.205,0.007,0.12,0.12,2.39,0.717,0.646,1.852,0.174,0.244,0.126,0.137,0.066,436.5,137.6,104.6,0.033,0.01,0.008,,,
3609,3609,3609,212028073,08 32 08.509,+20 43 19.27,1,15.362,,,,08320850+2043192,6597-301-2-0219-0296,EXTENDED,gri,,1,2,3,2,,,,,,,17.704,0.037,16.18,0.005,15.405,0.004,15.012,0.005,14.715,0.011,15.972,0.109,15.175,0.12,15.017,0.149,,,,,,,,,,,,,,,,,,,,,,,,,,,
3610,3610,3610,212028140,08 32 48.154,+20 43 23.49,1,17.312,,,,08324815+2043234,,STAR,J,col,,,,,,,,,,,,,,,,,,,,,15.829,0.097,15.19,0.097,14.575,0.099,3610,356,254,5,0.11,0.132,-0.128,0.2,0.28,0.255,0.146,0.08,0.249,0.19,0.105,14.13,12.48,7.52,363.7,295.1,142,0.029,0.01,0.008,,,
3611,3611,3611,212028148,09 12 04.490,+20 43 23.88,1,12.55,,1407-1155-1,554-044488,09120454+2043235,,STAR,gri,rpm,-33.1,1.7,2.1,1.9,,,12.809,0.2,12.528,0.179,,,12.86,0.03,12.524,0.03,12.417,0.06,,,11.59,0.021,11.324,0.024,11.244,0.018,6161,147,122,4.3,0.095,0.133,-0.601,0.3,0.3,1.115,0.266,0.139,0.913,0.106,0.076,0.631,0.271,0.275,459.7,103.3,64.82,0.031,0.007,0.006,,,
3612,3612,3612,212028167,09 06 58.632,+20 43 25.22,1,14.238,,,554-044321,09065862+2043253,,STAR,gri,rpm,-0.5,4.6,-12.4,5,,,15.366,0.09,14.534,0.09,,,14.91,0.1,14.246,0.07,13.951,0.08,,,12.844,0.024,12.295,0.03,12.208,0.025,4893,146,116,4.583,0.05,1.69,-0.341,0.3,0.42,0.761,4.917,0.089,0.825,0.139,0.104,1.765,0.498,1.761,430.8,2633,65.81,0.032,0.008,0.006,,,
3613,3613,3613,212028189,08 54 04.781,+20 43 26.34,1,9.649,,1400-1005-1,554-043834,08540478+2043262,,STAR,gri,plx,-5.9,1.3,0.7,1.3,,,11.552,0.162,10.028,0.047,,,10.931,0.04,9.945,0.1,9.099,0.05,,,7.516,0.02,6.756,0.023,6.566,0.021,4127,81,81,1.446,0.234,0.312,-0.265,0.25,0.35,32.874,11.779,6.459,1.125,0.193,0.193,3.00E-05,3.59E-05,1.80E-05,947.8,576.8,576.8,0.034,0.008,0.007,,,
3614,3614,3614,212028201,09 02 29.569,+20 43 26.93,1,18.51,,,,,5061-301-4-0147-0264,EXTENDED,gri,,-4,3,1,3,,,,,,,19.659,0.037,18.684,0.008,18.452,0.01,18.173,0.011,18.145,0.039,,,,,,,,,,,,,,,,,,,,,,,,,,,,,,,,,
3615,3615,3615,212028248,08 26 52.403,+20 43 29.78,1,19.875,,,,,4508-301-1-0091-0262,STAR,gri,,-11,4,1,4,,,,,,,20.425,0.049,19.88,0.016,19.873,0.019,19.743,0.021,19.543,0.055,,,,,,,,,,,,,,,,,,,,,,,,,,,,,,,,,
3616,3616,3616,212028306,08 59 07.300,+20 43 33.77,1,12.41,,,554-044018,08590730+2043337,,STAR,gri,rpm,6,1,2,2,,,13.58,0.04,12.679,0.03,,,13.106,0.04,12.397,0.04,12.112,0.07,,,11.055,0.022,10.613,0.023,10.515,0.018,5062,103,103,3.19,0.455,0.819,-0.498,0.35,0.25,3.996,5.502,1.619,0.981,0.259,0.081,0.015,0.051,0.014,1003,1346,372.6,0.033,0.008,0.006,,,
3617,3617,3617,212028334,09 02 49.455,+20 43 35.21,1,11.912,,,554-044161,09024945+2043352,,STAR,gri,rpm,-7.4,1.4,-14.5,2.8,,,13.263,0.04,12.231,0.03,,,12.732,0.05,11.921,0.03,11.56,0.08,,,10.307,0.022,9.754,0.022,9.59,0.019,4776,76,76,2.643,0.552,0.345,-0.37,0.3,0.36,7.451,3.595,3.158,0.994,0.217,0.09,0.002,0.011,0.001,1148,580.2,435.7,0.035,0.01,0.008,,,
3618,3618,3618,212028339,08 51 34.206,+20 43 35.49,1,9.391,,1399-1594-1,554-043732,08513420+2043354,,STAR,gri,rpm,-10.5,1,-8.2,0.9,,,8.815,0.02,8.749,0.019,,,9.958,0.08,9.644,0.1,9.148,0.09,,,8.621,0.021,8.657,0.017,8.65,0.018,7978,386,322,4.028,0.165,0.231,0,0.12,0.12,2.07,0.911,0.422,1.9,0.309,0.172,0.176,0.144,0.1,279.5,111.3,59.53,0.028,0.008,0.007,,,
3619,3619,3619,212028348,08 33 01.871,+20 43 36.11,1,13.408,,,554-042876,08330187+2043360,,STAR,gri,rpm,-4.3,1.6,-3.7,2.1,,,14.647,0.06,13.665,0.03,,,14.132,0.02,13.362,0.02,13.098,0.064,,,11.885,0.023,11.378,0.023,11.279,0.02,4921,58,78,3.122,0.432,0.792,-0.343,0.2,0.32,4.3,5.461,1.446,1.039,0.17,0.142,0.012,0.027,0.011,1494,1715,474.5,0.033,0.011,0.007,,,
3620,3620,3620,212028400,09 11 58.556,+20 43 39.00,1,14.227,,,554-044484,09115856+2043388,,STAR,gri,rpm,-6.9,3.2,-6.9,3.5,,,15.398,0.07,14.511,0.04,,,14.905,0.04,14.219,0.04,13.937,0.05,,,12.826,0.022,12.327,0.026,12.218,0.02,5028,102,82,3.356,1.21,0.605,-0.521,0.3,0.36,3.028,2.822,2.317,0.902,0.088,0.123,0.03,1.741,0.027,1637,1412,1220,0.034,0.008,0.007,,,
3621,3621,3621,212028433,08 29 14.964,+20 43 41.23,1,18.205,,,,08291496+2043412,,STAR,J,,,,,,,,,,,,,,,,,,,,,,16.65,0.122,,,15.668,0.189,,,,,,,,,,,,,,,,,,,,,,,,,,,
3622,3622,3622,212028441,08 27 23.879,+20 43 41.70,1,11.256,,1391-116-1,554-042584,08272387+2043418,,STAR,gri,rpm,2.8,1.3,-4.8,1.4,,,11.703,0.099,11.263,0.111,,,11.423,0.05,11.2,0.02,11.123,0.06,,,10.404,0.022,10.248,0.022,10.174,0.023,6775,166,166,4.008,0.185,0.259,-0.031,0.12,0.12,1.918,0.834,0.436,1.52,0.249,0.156,0.192,0.191,0.119,504.4,212.4,112,0.033,0.011,0.008,,,
3623,3623,3623,212028457,09 07 09.746,+20 43 42.78,1,17.677,,,,09070974+2043427,5061-301-3-0154-0357,EXTENDED,gri,,-1,3,-1,3,,,,,,,20.639,0.076,18.663,0.009,17.697,0.006,17.255,0.007,16.915,0.015,15.947,0.088,15.421,0.127,14.956,0.135,,,,,,,,,,,,,,,,,,,,,,,,,,,
3624,3624,3624,212028461,09 02 57.305,+20 43 42.93,1,15.621,,,554-044167,09025730+2043428,5061-301-4-0148-0315,STAR,JHK,rpm,-52.1,9.1,-43,8.7,,,,,,,,,,,,,,,,,13.513,0.025,12.918,0.03,12.698,0.026,3692,179,179,4.988,0.065,0.078,-0.092,0.18,0.27,0.285,0.076,0.06,0.296,0.101,0.084,11.75,6.534,3.622,145.6,45.02,40.22,0.021,0.008,0.007,,,
3625,3625,3625,212028499,08 35 14.831,+20 43 44.68,1,12.751,,,554-042981,08351483+2043446,,STAR,gri,rpm,-3.3,1.1,-0.1,3.2,,,13.548,0.043,12.89,0.031,,,13.206,0.032,12.732,0.041,12.556,0.06,,,11.795,0.023,11.554,0.022,11.479,0.019,6004,121,121,4.138,0.24,0.2,-0.07,0.15,0.18,1.475,0.395,0.417,1.123,0.158,0.099,0.298,0.486,0.149,641.6,194.5,174.7,0.033,0.011,0.006,,,
3626,3626,3626,212028513,09 02 52.440,+20 43 45.32,1,16.9,,,,09025244+2043453,5061-301-4-0148-0301,EXTENDED,gri,,-8,2,0,2,,,,,,,18.986,0.054,17.614,0.007,16.965,0.006,16.594,0.007,16.328,0.021,16.485,0.128,15.727,0.15,15.136,0.119,,,,,,,,,,,,,,,,,,,,,,,,,,,
3627,3627,3627,212028520,08 58 25.905,+20 43 45.65,1,18.976,,,,,5038-301-1-0055-0253,STAR,gri,,5,3,0,3,,,,,,,19.328,0.023,19.007,0.009,18.966,0.011,19.038,0.014,18.824,0.038,,,,,,,,,,,,,,,,,,,,,,,,,,,,,,,,,
3628,3628,3628,212028525,08 50 03.115,+20 43 46.20,1,17.501,,,,08500311+2043462,,STAR,J,rpm,6,3,6,2,,,,,,,,,,,,,,,,,16.005,0.1,15.209,0.11,14.775,0.105,3991,377,314,4.843,0.138,0.115,-0.185,0.2,0.28,0.419,0.117,0.122,0.482,0.125,0.175,6.048,6.243,2.755,744.7,314.5,289.9,0.033,0.01,0.007,,,
3629,3629,3629,212028528,09 03 58.433,+20 43 46.42,1,15.52,,,,09035843+2043464,5071-301-3-0147-0212,EXTENDED,gri,,-4,2,2,2,,,,,,,18.106,0.034,16.427,0.005,15.563,0.004,15.131,0.004,14.811,0.008,15.383,0.112,14.651,0.118,14.443,0.126,,,,,,,,,,,,,,,,,,,,,,,,,,,
3630,3630,3630,212028532,08 57 31.213,+20 43 46.59,1,17.194,,,,08573121+2043465,,STAR,J,rpm,16,1,20,4,,,,,,,,,,,,,,,,,15.719,0.082,14.875,0.089,14.406,0.078,3675,347,248,4.984,0.09,0.126,-0.166,0.2,0.28,0.276,0.129,0.076,0.294,0.15,0.107,11.81,8.247,5.555,387.1,244.2,129.6,0.032,0.008,0.007,,,
3631,3631,3631,212028717,08 31 46.523,+20 43 58.27,1,15.535,,,554-042809,08314652+2043581,6597-301-2-0219-0040,STAR,JHK,rpm,-2.9,2.8,1.3,3.3,,,,,,,,,,,,,,,,,13.67,0.025,13.004,0.027,12.928,0.023,4377,133,160,4.701,0.06,0.072,-0.083,0.16,0.52,0.592,0.093,0.081,0.664,0.097,0.083,3.091,0.891,0.81,409.5,95.69,77.57,0.03,0.01,0.008,,,
3632,3632,3632,212028731,08 35 00.618,+20 43 59.23,1,10.973,,1398-1082-1,554-042968,08350063+2043591,,STAR,BV,rpm,4.5,1.4,3.8,1.5,,,12.249,0.262,11.167,0.105,,,11.691,0.03,,,,,,,9.478,0.025,9.008,0.026,8.892,0.019,4911,119,119,2.444,0.559,0.065,-0.352,0.3,0.3,10.328,0.815,4.618,1.129,0.575,0.169,9.86E-04,0.006,2.06E-04,1144,95.41,491,0.033,0.008,0.007,,,
3633,3633,3633,212028743,08 58 39.464,+20 44 00.27,1,11.752,,1400-1769-1,554-044001,08583947+2044003,,STAR,gri,lam,-5.2,2,8.2,2.2,,,12.711,0.351,11.855,0.227,,,12.054,0.05,11.719,0.06,11.622,0.07,,,10.922,0.023,10.641,0.02,10.594,0.018,6185,123,148,4.139,0.161,0.115,-0.241,0.15,0.12,1.442,0.292,0.286,1.108,0.12,0.1,0.336,0.255,0.129,432.7,92.34,76.1,0.032,0.006,0.006,,,
3634,3634,3634,212028851,09 02 25.688,+20 44 07.19,1,17.829,,,,,5061-301-4-0147-0240,EXTENDED,gri,,-7,2,0,2,,,,,,,19.577,0.068,18.344,0.013,17.873,0.014,17.608,0.017,17.534,0.064,,,,,,,,,,,,,,,,,,,,,,,,,,,,,,,,,
3635,3635,3635,212028913,09 12 08.924,+20 44 11.08,1,12.723,,,554-044489,09120892+2044110,,STAR,gri,rpm,-9.6,1.7,-1.8,2.1,,,14.078,0.04,13.044,0.04,,,13.556,0.03,12.639,0.03,12.367,0.04,,,11.187,0.021,10.737,0.026,10.57,0.018,4855,79,99,3.365,0.372,0.372,-0.003,0.2,0.16,3.506,1.392,1.132,1.208,0.087,0.21,0.023,0.056,0.016,928.1,301,301.8,0.037,0.013,0.009,,,
3636,3636,3636,212028918,08 52 48.022,+20 44 11.43,1,15.582,,,554-043785,08524802+2044116,5038-301-2-0047-0230,STAR,gri,rpm,-25.3,3.2,-43.4,3.2,,,17.647,0.124,16.49,0.08,,,17.171,0.06,15.826,0.08,14.901,0.08,,,13.165,0.025,12.455,0.026,12.286,0.022,3875,46,77,4.849,0.036,0.02,0.094,0.12,0.08,0.435,0.013,0.04,0.488,0.012,0.052,5.928,1.265,0.396,201.9,13.94,22.86,0.026,0.005,0.006,,,
3637,3637,3637,212028939,09 09 15.162,+20 44 12.40,1,17.791,,,,09091516+2044124,5071-301-2-0155-0221,EXTENDED,gri,,-19,3,-15,3,,,,,,,22.3,0.249,19.482,0.013,18.03,0.007,17.066,0.005,16.508,0.008,15.37,0.055,14.623,0.072,14.407,0.065,,,,,,,,,,,,,,,,,,,,,,,,,,,
3638,3638,3638,212028943,09 02 24.153,+20 44 12.67,1,17.125,,,,09022415+2044126,5061-301-4-0147-0238,EXTENDED,gri,,-5,3,-1,3,,,,,,,20.234,0.074,18.164,0.007,17.132,0.005,16.679,0.005,16.323,0.013,15.682,0.07,14.932,0.081,14.53,0.077,,,,,,,,,,,,,,,,,,,,,,,,,,,
3639,3639,3639,212028948,08 52 29.833,+20 44 13.16,1,10.824,,1399-1859-1,554-043774,08522983+2044131,,STAR,gri,lam,-7.2,1.7,-11.1,1.7,,,12.432,0.371,10.867,0.101,,,11.539,0.03,10.798,0.05,10.518,0.06,,,9.41,0.022,8.902,0.036,8.843,0.023,4837,99,99,2.822,0.132,0.154,-0.106,0.12,0.12,8.454,1.41,2.244,1.788,0.305,0.559,0.003,0.002,0.001,952.6,156.3,270.7,0.033,0.011,0.007,,,
3640,3640,3640,212029003,08 33 28.160,+20 44 16.06,1,18.725,,,,08332815+2044160,6728-301-1-0128-0305,EXTENDED,gri,,8,3,-5,3,,,,,,,22.944,0.583,19.903,0.022,18.694,0.012,18.22,0.011,17.846,0.024,16.479,0.123,,,15.379,0.162,,,,,,,,,,,,,,,,,,,,,,,,,,,
3641,3641,3641,212029029,09 02 34.902,+20 44 17.78,1,16.117,,,,09023490+2044177,,STAR,J,col,,,,,,,,,,,,,,,,,,,,,14.719,0.074,13.989,0.083,13.643,0.077,3937,416,346,4.868,0.14,0.14,-0.151,0.2,0.28,0.385,0.171,0.134,0.433,0.157,0.188,6.629,7.543,3.11,400.6,218.4,182.8,0.031,0.008,0.008,,,
3642,3642,3642,212029035,08 27 56.388,+20 44 18.06,1,12.409,,,554-042625,08275638+2044180,,STAR,gri,rpm,-23.3,1.2,-21.3,2.6,,,13.205,0.01,12.554,0.02,,,12.842,0.04,12.373,0.02,12.223,0.061,,,11.336,0.021,11.038,0.022,10.969,0.017,5894,140,117,4.382,0.078,0.195,-0.138,0.2,0.28,1.044,0.307,0.092,1.01,0.099,0.119,0.821,0.261,0.409,366.2,113.9,46.37,0.031,0.011,0.008,,,
3643,3643,3643,212029110,09 04 10.870,+20 44 21.94,1,12.378,,1407-1576-1,554-044227,09041086+2044217,,STAR,gri,lam,3.1,1.9,-6.3,2.1,,,12.261,0.24,12.265,0.309,,,12.382,0.05,12.377,0.07,12.423,0.07,,,11.884,0.022,11.756,0.023,11.759,0.022,7916,127,159,4.146,0.075,0.075,0.034,0.08,0.1,1.849,0.211,0.19,1.79,0.091,0.109,0.269,0.09,0.067,395.2,241.3,149.8,0.031,0.01,0.008,,,
3644,3644,3644,212029145,09 03 27.692,+20 44 24.08,1,17.107,,,,,5061-301-4-0149-0128,EXTENDED,gri,,-2,2,-2,2,,,,,,,18.944,0.059,17.708,0.019,17.172,0.009,16.85,0.011,16.722,0.044,,,,,,,,,,,,,,,,,,,,,,,,,,,,,,,,,
3645,3645,3645,212029165,08 26 48.445,+20 44 25.19,1,12.277,,,554-042555,08264845+2044252,,STAR,gri,rpm,-25.7,1,-48.7,0.5,,,13.246,0.01,12.473,0.02,,,12.842,0.05,12.226,0.01,12.035,0.061,,,11.051,0.02,10.723,0.022,10.622,0.022,5562,112,134,4.487,0.065,0.091,-0.12,0.2,0.36,0.888,0.129,0.113,0.919,0.071,0.113,1.275,0.406,0.36,257.4,119.8,81.77,0.029,0.011,0.008,,,
3646,3646,3646,212029191,09 02 47.537,+20 44 27.07,1,12.957,,,554-044159,09024754+2044271,,STAR,gri,lam,-22.4,1.8,-6.9,2,,,13.459,0.05,12.979,0.03,,,13.171,0.05,12.886,0.04,12.764,0.1,,,11.973,0.022,11.74,0.022,11.681,0.021,6218,150,150,4.21,0.1,0.14,-0.256,0.12,0.15,1.323,0.256,0.181,1.095,0.107,0.089,0.449,0.2,0.181,644.2,133.2,93.37,0.033,0.007,0.006,,,
3647,3647,3647,212029215,08 34 17.782,+20 44 28.49,1,12.598,,,554-042931,08341778+2044284,,STAR,BV,rpm,-7,1.1,-2.6,2.3,,,13.424,0.042,12.738,0.031,,,13.059,0.031,,,,,,,11.622,0.021,11.333,0.021,11.274,0.02,6038,178,178,4.149,0.23,0.23,-0.064,0.16,0.28,1.366,0.542,0.332,1.123,0.168,0.12,0.339,0.428,0.189,557.7,232.3,140.5,0.033,0.007,0.007,,,
3648,3648,3648,212029222,09 02 35.677,+20 44 29.04,1,16.002,,,,09023567+2044290,5061-301-4-0147-0293,EXTENDED,gri,,6,2,8,2,,,,,,,18.995,0.039,16.988,0.005,16.017,0.004,15.58,0.004,15.265,0.008,14.953,0.074,14.153,0.074,13.935,0.067,,,,,,,,,,,,,,,,,,,,,,,,,,,
3649,3649,3649,212029289,09 09 58.239,+20 44 33.58,1,14.796,,,554-044417,09095822+2044335,5071-301-2-0156-0017,STAR,gri,rpm,-2.8,3.1,-4.1,3.4,,,15.983,0.05,15.092,0.07,,,15.655,0.03,14.799,0.08,14.429,0.08,,,13.372,0.027,12.843,0.023,12.781,0.021,4869,97,116,4.601,0.035,1.645,-0.18,0.2,0.36,0.728,4.213,0.053,0.794,0.149,0.068,1.955,0.385,1.949,517.2,3084,57.94,0.034,0.01,0.007,,,
3650,3650,3650,212029322,09 08 06.258,+20 44 35.46,1,17.512,,,,09080625+2044354,5061-301-3-0155-0334,EXTENDED,gri,,0,3,-1,3,,,,,,,19.848,0.078,18.405,0.011,17.56,0.009,17.13,0.009,16.825,0.027,16.559,0.147,,,,,,,,,,,,,,,,,,,,,,,,,,,,,,,
3651,3651,3651,212029354,08 31 40.383,+20 44 37.06,1,15.147,,,554-042804,08314038+2044370,6597-301-2-0219-0035,STAR,JHK,rpm,-4.1,2.9,0.8,3.1,,,,,,,,,,,,,,,,,13.741,0.022,13.283,0.035,13.184,0.032,5141,183,152,4.554,0.045,1.197,-0.293,0.3,0.48,0.799,2.462,0.075,0.842,0.077,0.077,1.622,0.351,1.594,717.6,2066,98.32,0.034,0.008,0.008,,,
3652,3652,3652,212029377,09 02 44.627,+20 44 38.63,1,11.637,,,554-044155,09024462+2044386,,STAR,gri,rpm,4.4,1.7,1.1,2.2,,,12.882,0.06,11.918,0.03,,,12.376,0.05,11.669,0.04,11.32,0.07,,,10.129,0.023,9.705,0.021,9.491,0.019,5036,100,100,2.45,1.022,0.084,-0.536,0.35,0.25,9.781,0.993,6.405,1.012,0.315,0.105,0.001,0.03,2.45E-04,1468,167,921.3,0.033,0.011,0.007,,,
3653,3653,3653,212029394,09 07 08.403,+20 44 39.33,1,14.839,,,554-044327,09070839+2044393,5061-301-3-0154-0206,STAR,gri,lam,11.3,4.6,-6.6,5,,,16.088,0.13,15.168,0.1,,,15.554,0.06,14.848,0.1,14.532,0.09,,,13.471,0.022,13.02,0.034,12.955,0.032,5110,153,184,4.581,0.03,0.03,-0.056,0.1,0.12,0.771,0.044,0.041,0.828,0.05,0.042,1.787,0.218,0.194,603.8,56.73,61.68,0.033,0.008,0.007,,,
3654,3654,3654,212029429,09 04 03.187,+20 44 41.78,1,17.912,,,,09040318+2044417,5071-301-3-0147-0238,EXTENDED,gri,,3,3,4,3,,,,,,,20.691,0.088,19.043,0.011,17.906,0.007,17.428,0.007,17.103,0.015,15.982,0.07,15.406,0.093,14.778,0.087,,,,,,,,,,,,,,,,,,,,,,,,,,,
3655,3655,3655,212029436,08 51 11.998,+20 44 42.14,1,9.627,,1399-1619-1,554-043720,08511199+2044422,,STAR,gri,rpm,-5.5,1.5,-6.2,1.5,,,11.547,0.162,9.982,0.047,,,10.953,0.08,9.837,0.23,9.058,0.06,,,7.443,0.032,6.746,0.023,6.528,0.033,4207,101,126,1.662,0.225,0.225,-0.1,0.2,0.28,25.97,6.649,5.294,1.263,0.299,0.187,6.32E-05,6.73E-05,3.26E-05,968.9,206.8,170.4,0.033,0.007,0.006,,,
3656,3656,3656,212029452,09 09 31.910,+20 44 43.02,1,17.866,,,,,5071-301-2-0155-0287,EXTENDED,gri,,4,3,4,3,,,,,,,20.048,0.063,18.588,0.009,17.928,0.008,17.557,0.008,17.313,0.02,,,,,,,,,,,,,,,,,,,,,,,,,,,,,,,,,
3657,3657,3657,212029454,09 07 30.634,+20 44 43.10,1,11.109,,,554-044336,09073063+2044430,,STAR,gri,rpm,-0.1,1.9,-1.9,2.4,,,13.226,0.04,11.683,0.05,,,12.49,0.05,11.157,0.07,10.517,0.07,,,8.895,0.021,8.173,0.027,7.959,0.016,4076,63,95,1.535,0.222,0.296,-0.032,0.15,0.3,29.947,11.467,5.493,1.233,0.089,0.178,4.34E-05,4.44E-05,2.83E-05,2049,577.3,392.7,0.033,0.011,0.006,,,
3658,3658,3658,212029480,08 29 25.137,+20 44 44.56,1,14.552,,,554-042691,08292513+2044446,6728-301-2-0122-0097,STAR,gri,rpm,-2.4,2.4,1.9,2.9,,,15.963,0.11,14.866,0.06,,,15.319,0.01,14.598,0.02,14.224,0.075,,,13.152,0.025,12.659,0.023,12.572,0.022,4980,118,98,3.038,0.75,1.375,-0.612,0.35,0.84,4.404,14.828,2.433,0.885,0.167,0.104,0.007,0.086,0.007,2864,8845,1535,0.035,0.008,0.007,,,
3659,3659,3659,212029522,09 07 58.256,+20 44 46.60,1,17.103,,,554-044352,09075828+2044481,5061-301-3-0155-0269,EXTENDED,J,,-14.8,20.1,-33,20,,,,,,,,,,,,,,,,,15.634,0.084,15.11,0.101,14.536,0.098,,,,,,,,,,,,,,,,,,,,,,,,,,,
3660,3660,3660,212029530,08 28 43.343,+20 44 47.48,1,17.698,,,,08284334+2044474,,STAR,J,col,,,,,,,,,,,,,,,,,,,,,16.188,0.098,15.622,0.177,14.872,0.106,3706,470,294,4.989,0.12,0.168,-0.168,0.2,0.32,0.275,0.174,0.092,0.289,0.232,0.129,12.11,11.77,7.43,487.9,440.9,202.6,0.031,0.008,0.007,,,
3661,3661,3661,212029531,09 02 43.853,+20 44 47.52,1,13.382,,,554-044154,09024385+2044475,,STAR,JHK,rpm,-17.4,2.4,-31,3.5,,,,,,,,,,,,,,,,,11.958,0.023,11.48,0.021,11.391,0.019,5078,101,121,4.589,0.04,0.048,-0.161,0.2,0.36,0.756,0.06,0.066,0.807,0.058,0.069,1.862,0.301,0.306,285.5,30.44,27.5,0.028,0.007,0.006,,,
3662,3662,3662,212029538,08 51 29.292,+20 44 47.96,1,18.357,,,,08512929+2044479,5071-301-6-0129-0288,EXTENDED,gri,,3,3,-4,3,,,,,,,19.748,0.048,19.124,0.012,18.477,0.011,18.029,0.011,17.855,0.028,16.871,0.183,,,15.404,0.166,,,,,,,,,,,,,,,,,,,,,,,,,,,
3663,3663,3663,212029701,08 57 54.923,+20 44 55.97,1,14.228,,,554-043974,08575492+2044559,,STAR,gri,rpm,-14.1,2.5,4.5,2.7,,,15.269,0.05,14.431,0.05,,,14.844,0.04,14.193,0.08,13.964,0.09,,,12.979,0.023,12.552,0.024,12.455,0.021,5256,156,125,4.548,0.042,0.77,-0.22,0.25,0.4,0.805,1.23,0.067,0.864,0.063,0.075,1.585,0.299,1.478,520.7,763.4,55.56,0.033,0.008,0.007,,,
3664,3664,3664,212029707,08 29 50.427,+20 44 56.20,1,9.781,,1391-1607-1,554-042714,08295043+2044562,,STAR,gri,plx,-17,1,-8.2,1,,,10.972,0.079,9.955,0.043,,,10.854,0.03,10.123,0.04,9.321,0.06,,,8.04,0.043,7.525,0.029,7.401,0.021,4791,96,77,2.472,0.2,0.1,-0.502,0.25,0.3,9.475,1.479,1.514,1.003,0.22,0.1,0.001,9.47E-04,3.79E-04,482.7,67.64,67.64,0.033,0.011,0.007,,,
3665,3665,3665,212029736,08 58 05.215,+20 44 57.80,1,14.427,,,554-043985,08580521+2044577,,STAR,gri,rpm,1.6,4.7,-1.8,5,,,15.544,0.05,14.67,0.07,,,15.067,0.05,14.41,0.05,14.152,0.06,,,13.106,0.022,12.642,0.021,12.558,0.019,5123,122,102,3.545,0.96,0.72,-0.516,0.4,0.48,2.49,2.818,1.785,0.889,0.132,0.094,0.041,1.528,0.036,1661,1708,1207,0.033,0.01,0.008,,,
3666,3666,3666,212029753,09 09 27.491,+20 44 59.00,1,13.132,,,554-044402,09092749+2044591,,STAR,gri,lam,-10.2,2,-4,2.4,,,14.354,0.04,13.366,0.07,,,13.868,0.05,13.081,0.07,12.816,0.09,,,11.759,0.023,11.269,0.033,11.203,0.02,5026,121,81,3.574,0.12,0.144,-0.261,0.15,0.15,2.821,0.546,0.387,1.133,0.12,0.12,0.048,0.024,0.019,982,186.7,114.8,0.033,0.011,0.006,,,
3667,3667,3667,212029755,08 27 52.757,+20 44 59.13,1,14.212,,,554-042621,08275276+2044590,4508-301-1-0092-0071,STAR,gri,rpm,-29.1,4.3,2.1,4.9,,,16.348,0.14,14.795,0.043,,,15.46,0.15,14.199,0.01,13.678,0.068,,,12.346,0.021,11.708,0.022,11.557,0.02,4038,128,64,4.809,0.04,0.04,-0.049,0.12,0.18,0.472,0.041,0.045,0.536,0.054,0.045,4.949,0.933,0.785,160.4,22.74,15.18,0.021,0.009,0.005,,,
3668,3668,3668,212029759,09 02 40.445,+20 44 59.37,1,16.062,,,,09024044+2044593,5061-301-4-0148-0240,EXTENDED,gri,,3,2,1,2,,,,,,,19.234,0.046,17.095,0.005,16.076,0.004,15.62,0.004,15.242,0.008,14.843,0.065,14.105,0.071,13.74,0.06,,,,,,,,,,,,,,,,,,,,,,,,,,,
3669,3669,3669,212029841,08 53 02.358,+20 45 04.38,1,12.311,,,554-043800,08530235+2045045,,STAR,gri,rpm,1.7,1.2,-10.1,2.3,,,12.983,0.01,12.419,0.01,,,12.666,0.02,12.282,0.03,12.159,0.04,,,11.373,0.025,11.066,0.021,10.998,0.02,6071,96,120,4.074,0.245,0.245,-0.181,0.2,0.28,1.477,0.488,0.367,1.086,0.175,0.175,0.311,0.435,0.181,524.6,194.2,141.8,0.034,0.011,0.008,,,
3670,3670,3670,212029885,08 59 20.500,+20 45 07.01,1,11.461,,1400-1452-1,554-044025,08592049+2045072,,STAR,gri,rpm,-1.1,1.8,-9.5,2,,,12.336,0.286,11.612,0.185,,,12.309,0.04,11.461,0.04,11.097,0.07,,,9.848,0.021,9.304,0.023,9.183,0.018,4757,75,75,2.506,0.45,0.18,-0.289,0.2,0.28,9.781,1.764,3.833,1.154,0.201,0.167,0.001,0.004,4.79E-04,1277,226.1,472.4,0.034,0.008,0.007,,,
3671,3671,3671,212029954,09 05 11.116,+20 45 11.52,1,11.781,,,554-044265,09051110+2045115,,STAR,gri,rpm,-1.7,1.3,-6.2,2.1,,,13.301,0.05,12.109,0.04,,,12.687,0.05,11.745,0.06,11.393,0.08,,,10.119,0.023,9.581,0.02,9.44,0.02,4702,75,75,2.484,0.44,0.12,-0.146,0.15,0.18,10.931,0.782,4.42,1.236,0.193,0.161,9.90E-04,0.004,2.69E-04,1554,115.7,579.7,0.035,0.01,0.007,,,
3672,3672,3672,212029966,08 31 21.483,+20 45 12.22,1,16.81,,,,08312148+2045122,6597-301-2-0218-0342,STAR,gri,rpm,-13,3,31,3,,,,,,,21.574,0.117,18.679,0.008,17.16,0.005,16.009,0.005,15.374,0.006,14.052,0.031,13.461,0.033,13.23,0.028,3347,177,98,5.112,0.024,0.042,0.064,0.12,0.33,0.184,0.035,0.01,0.165,0.044,0.013,25.46,2.779,5.605,102.1,30.77,9.837,0.017,0.005,0.003,,,
3673,3673,3673,212030008,08 55 58.855,+20 45 14.94,1,11.943,,,554-043905,08555885+2045149,,STAR,gri,rpm,-10.2,1,-8.7,1.7,,,13.401,0.03,12.233,0.02,,,12.838,0.06,11.867,0.05,11.559,0.03,,,10.299,0.02,9.791,0.021,9.666,0.018,4772,95,76,3.08,0.29,0.58,-0.08,0.2,0.24,4.971,3.668,1.452,1.17,0.185,0.185,0.008,0.015,0.007,876.4,602.4,244.4,0.034,0.011,0.007,,,
3674,3674,3674,212030041,08 31 21.767,+20 45 17.45,1,16.026,,,,08312176+2045174,6597-301-2-0218-0341,STAR,gri,rpm,11,4,58,4,,,,,,,20.78,0.065,17.878,0.006,16.353,0.005,15.232,0.005,14.624,0.005,13.303,0.034,12.761,0.037,12.514,0.03,3253,219,32,5.162,0.02,0.099,-0.155,0.24,0.06,0.161,0.061,0.003,0.141,0.068,0.003,33.12,1.987,14.06,61.07,31.36,1.832,0.008,0.008,0.001,,,
3675,3675,3675,212030058,09 10 21.233,+20 45 18.51,1,19,,,,09102123+2045185,5071-301-2-0156-0251,STAR,gri,rpm,17,3,-84,3,,,,,,,23.057,0.395,20.445,0.022,19.015,0.011,18.381,0.01,17.954,0.018,16.758,0.129,16.068,0.154,15.643,0.158,3791,37,67,5.166,0.02,0.045,-0.901,0.3,0.15,0.176,0.021,0.006,0.167,0.022,0.008,29.99,2.145,10.71,393.7,54.19,34.64,0.029,0.009,0.003,,,
3676,3676,3676,212030071,09 10 58.248,+20 45 19.28,1,13.807,,,554-044447,09105824+2045194,,STAR,gri,lam,-4.8,3.2,-2.5,3.5,,,15.111,0.04,14.109,0.06,,,14.585,0.04,13.791,0.02,13.473,0.06,,,12.267,0.022,11.644,0.02,11.573,0.018,4867,77,77,2.853,0.15,0.15,-0.562,0.15,0.15,6.027,1.153,1.142,0.952,0.046,0.039,0.004,0.003,0.002,2472,527.6,434.8,0.034,0.01,0.005,,,
3677,3677,3677,212030076,09 02 32.267,+20 45 19.68,1,17.136,,,,09023226+2045196,5061-301-4-0147-0336,EXTENDED,gri,,0,3,0,3,,,,,,,20.065,0.061,18.141,0.007,17.167,0.005,16.705,0.005,16.342,0.012,15.641,0.073,14.822,0.066,14.512,0.077,,,,,,,,,,,,,,,,,,,,,,,,,,,
3678,3678,3678,212030144,08 56 06.781,+20 45 24.04,1,18.791,,,,,5071-301-5-0136-0402,EXTENDED,gri,,14,5,-8,5,,,,,,,20.077,0.077,19.163,0.017,18.826,0.02,18.632,0.026,18.453,0.072,,,,,,,,,,,,,,,,,,,,,,,,,,,,,,,,,
3679,3679,3679,212030174,08 52 03.772,+20 45 25.80,1,13.9,,,554-043761,08520377+2045257,5071-301-6-0130-0050,STAR,gri,lam,3.1,2.4,3.6,3.9,,,15.182,0.06,14.184,0.03,,,14.649,0.03,13.872,0.01,13.578,0.05,,,12.361,0.022,11.805,0.022,11.674,0.019,4845,77,96,2.848,0.18,0.12,-0.464,0.15,0.12,6.033,1.071,1.075,0.969,0.116,0.023,0.004,0.003,0.001,2562,427.3,366.2,0.035,0.014,0.009,,,
3680,3680,3680,212030177,08 28 17.824,+20 45 26.07,1,11.277,,1391-1571-1,554-042643,08281782+2045260,,STAR,gri,plx,0.7,0.6,0.1,0.6,,,11.824,0.11,11.558,0.142,,,11.618,0.05,11.282,0.03,11.132,0.06,,,10.328,0.021,10.091,0.028,10.03,0.02,6265,153,153,4.221,0.09,0.144,-0.121,0.18,0.3,1.365,0.223,0.166,1.166,0.104,0.166,0.428,0.163,0.156,315.8,47.57,47.57,0.029,0.01,0.007,,,
3681,3681,3681,212030297,08 58 49.412,+20 45 32.84,1,14.596,,,554-044006,08584941+2045327,,STAR,gri,rpm,-1,4.6,-21.4,5,,,15.765,0.09,14.822,0.06,,,15.329,0.09,14.544,0.07,14.282,0.05,,,13.261,0.025,12.844,0.024,12.726,0.023,5182,154,123,4.571,0.036,0.036,-0.177,0.2,0.28,0.772,0.059,0.065,0.824,0.054,0.076,1.729,0.279,0.24,554.4,63.08,56.64,0.034,0.01,0.008,,,
3682,3682,3682,212030309,09 06 48.468,+20 45 33.52,1,18.396,,,,09064846+2045335,,STAR,JHK,col,,,,,,,,,,,,,,,,,,,,,15.937,0.099,15.388,0.137,15.005,0.137,3929,745,447,4.896,0.15,0.24,-0.213,0.25,0.4,0.339,0.211,0.13,0.392,0.265,0.189,7.72,9.965,4.865,636.4,701.8,293.8,0.032,0.008,0.007,,,
3683,3683,3683,212030436,09 07 00.298,+20 45 42.37,1,16.367,,,,09070029+2045423,5061-301-3-0154-0331,EXTENDED,gri,,-1,2,4,2,,,,,,,19.384,0.041,17.357,0.005,16.396,0.004,15.943,0.004,15.604,0.008,14.946,0.062,14.308,0.075,13.959,0.069,,,,,,,,,,,,,,,,,,,,,,,,,,,
3684,3684,3684,212030497,09 02 25.867,+20 45 46.56,1,15.659,,,,09022586+2045465,5061-301-4-0147-0094,EXTENDED,gri,,-4,3,2,3,,,,,,,18.601,0.036,16.639,0.004,15.677,0.003,15.239,0.003,14.906,0.008,14.831,0.063,14.156,0.078,13.857,0.068,,,,,,,,,,,,,,,,,,,,,,,,,,,
3685,3685,3685,212030504,08 56 00.799,+20 45 47.04,1,15.165,,,554-043909,08560080+2045471,5071-301-5-0136-0201,STAR,gri,rpm,-1.5,2.8,-16.4,3,,,17.59,0.15,15.969,0.064,,,16.752,0.03,15.373,0.13,14.484,0.03,,,12.679,0.021,11.979,0.019,11.772,0.02,3943,117,93,4.833,0.048,0.04,0.065,0.12,0.12,0.445,0.045,0.049,0.506,0.054,0.065,5.431,1.344,0.914,171.3,25.38,28.82,0.024,0.009,0.005,,,
3686,3686,3686,212030521,08 59 28.843,+20 45 47.88,1,17.958,,,,08592884+2045478,,STAR,J,col,,,,,,,,,,,,,,,,,,,,,16.427,0.12,15.757,0.114,15.25,0.121,3724,429,306,4.989,0.12,0.168,-0.204,0.25,0.3,0.275,0.142,0.094,0.298,0.188,0.134,10.9,10.85,6.144,587.8,433.7,249.5,0.032,0.008,0.008,,,
3687,3687,3687,212030588,08 55 54.941,+20 45 53.17,1,18.864,,,,,5071-301-5-0136-0012,STAR,gri,,-17,3,5,3,,,,,,,19.113,0.021,18.667,0.008,18.93,0.011,19.115,0.016,19.344,0.052,,,,,,,,,,,,,,,,,,,,,,,,,,,,,,,,,
3688,3688,3688,212030590,08 29 38.001,+20 45 53.34,1,11.98,,,554-042701,08293799+2045534,,STAR,gri,rpm,-1.6,1.5,-3.8,1.7,,,14.066,0.02,12.552,0.01,,,13.348,0.04,12.044,0.02,11.393,0.06,,,9.721,0.022,8.91,0.026,8.682,0.022,3937,62,62,1.042,0.246,0.287,-0.253,0.15,0.36,46.326,14.575,9.443,1.001,0.024,0.06,8.05E-06,1.04E-05,4.99E-06,4174,1387,910,0.029,0.01,0.004,,,
3689,3689,3689,212030596,08 32 43.288,+20 45 53.56,1,17.33,,,,08324328+2045535,6597-301-2-0220-0357,EXTENDED,gri,,6,3,3,3,,,,,,,19.758,0.067,18.21,0.009,17.379,0.007,16.953,0.007,16.633,0.018,16.419,0.142,15.503,0.139,15.468,0.176,,,,,,,,,,,,,,,,,,,,,,,,,,,
3690,3690,3690,212030612,09 00 04.978,+20 45 54.11,1,18.002,,,,09000497+2045541,5071-301-4-0142-0208,STAR,gri,rpm,16,3,-50,3,,,,,,,20.884,0.07,18.889,0.009,17.976,0.007,17.622,0.007,17.44,0.015,16.416,0.103,15.75,0.104,15.726,0.19,4526,54,54,4.911,0.072,0.06,-1.574,0.24,0.36,0.381,0.045,0.056,0.443,0.038,0.069,7.438,3.166,1.664,951.9,152.1,131.2,0.028,0.004,0.004,,,
3691,3691,3691,212030617,09 03 07.212,+20 45 54.28,1,14.511,,,554-044176,09030721+2045542,,STAR,gri,lam,11.4,3.4,-15.1,2.9,,,16.093,0.12,14.974,0.03,,,15.54,0.07,14.483,0.05,14.07,0.08,,,12.756,0.022,12.158,0.024,12.048,0.019,4431,160,160,4.699,0.048,0.04,-0.147,0.15,0.12,0.597,0.055,0.059,0.653,0.053,0.064,3.034,0.699,0.481,276.4,39.48,40.92,0.028,0.007,0.005,,,
3692,3692,3692,212030631,08 56 49.477,+20 45 54.92,1,12.379,,,554-043944,08564947+2045548,,STAR,gri,rpm,6.7,1.2,-7,1.2,,,13.028,0.03,12.454,0.05,,,12.72,0.06,12.338,0.05,12.233,0.03,,,11.463,0.023,11.208,0.021,11.115,0.02,6135,148,123,4.127,0.21,0.21,-0.087,0.12,0.27,1.411,0.47,0.301,1.141,0.163,0.136,0.348,0.308,0.185,556.3,187.2,119.5,0.032,0.01,0.007,,,
3693,3693,3693,212030643,09 09 35.826,+20 45 55.93,1,15.514,,,554-044406,09093582+2045561,5071-301-2-0155-0303,STAR,JHK,rpm,-17.8,4.5,-22.3,4.9,,,,,,,,,,,,,,,,,13.332,0.028,12.741,0.033,12.495,0.024,3658,179,179,4.971,0.075,0.075,-0.02,0.2,0.24,0.296,0.072,0.068,0.319,0.098,0.118,10.67,6.395,3.455,137,45.7,40.02,0.018,0.007,0.006,,,
3694,3694,3694,212030657,08 27 59.310,+20 45 56.86,1,11.326,,1391-1574-1,554-042628,08275930+2045568,,STAR,gri,rpm,11.8,1.7,-49.3,1.8,,,12.082,0.212,11.242,0.119,,,11.889,0.05,11.306,0.03,11.084,0.06,,,10.1,0.02,9.73,0.022,9.615,0.02,5448,132,110,4.508,0.04,0.576,-0.062,0.15,0.3,0.886,0.907,0.067,0.935,0.058,0.069,1.315,0.23,1.137,161.1,158.2,15.86,0.022,0.008,0.007,,,
3695,3695,3695,212030726,09 04 14.047,+20 46 01.68,1,14.93,,,554-044233,09041403+2046016,,STAR,JHK,col,,,,,,,,,,,,,,,,,,,,,12.771,0.022,12.178,0.027,11.941,0.024,3647,125,150,4.993,0.09,0.075,-0.026,0.15,0.24,0.28,0.072,0.067,0.283,0.106,0.088,12.1,7.526,4.014,99.54,32.89,28.88,0.015,0.005,0.005,,,
3696,3696,3696,212030785,08 59 24.739,+20 46 05.14,1,15.163,,,554-044027,08592474+2046051,5061-301-5-0143-0226,STAR,gri,rpm,-32.3,4.4,-31.9,4.8,,,17.473,0.116,16.181,0.07,,,16.853,0.067,15.589,0.065,14.438,0.04,,,12.772,0.021,12.176,0.021,11.938,0.019,3491,83,34,5.008,0.02,0.02,0.214,0.05,0.16,0.26,0.02,0.005,0.252,0.03,0.005,14.36,0.862,1.679,86.05,10.59,2.582,0.018,0.001,0.004,,,
3697,3697,3697,212030835,08 55 53.440,+20 46 08.38,1,15.07,,,554-043900,08555344+2046084,,STAR,gri,rpm,-0.9,2.9,7.9,3.1,,,15.892,0.02,15.246,0.04,,,15.579,0.05,15.07,0.09,14.852,0.07,,,13.949,0.024,13.5,0.026,13.443,0.032,5310,157,157,4.537,0.05,1.16,-0.472,0.36,0.6,0.829,2.409,0.092,0.844,0.056,0.078,1.523,0.394,1.494,840.6,2204,116.8,0.033,0.008,0.007,,,
3698,3698,3698,212030858,09 10 24.890,+20 46 09.26,1,15.528,,,554-044429,09102488+2046093,5071-301-2-0156-0186,STAR,JHK,lam,-2.9,3,2.5,3.3,,,,,,,,,,,,,,,,,13.729,0.023,13.065,0.023,13.008,0.024,4299,137,137,4.72,0.045,0.045,-0.032,0.12,0.12,0.571,0.051,0.047,0.631,0.051,0.051,3.373,0.682,0.567,389.6,53.62,47.13,0.03,0.008,0.006,,,
3699,3699,3699,212030950,09 11 29.865,+20 46 14.70,1,10.188,,1407-1544-1,554-044469,09112987+2046147,,STAR,gri,rpm,-5.8,1.5,-12.1,1.5,,,11.571,0.081,10.5,0.042,,,11.064,0.03,10.166,0.04,9.812,0.05,,,8.558,0.027,7.976,0.023,7.84,0.023,4641,74,74,2.43,0.192,0.16,-0.143,0.15,0.3,11.11,1.823,2.129,1.214,0.231,0.192,8.19E-04,6.64E-04,3.67E-04,770.9,118.3,139.6,0.034,0.008,0.007,,,
3700,3700,3700,212030956,09 04 48.670,+20 46 15.09,1,14.89,,,554-044250,09044865+2046151,5071-301-3-0148-0181,STAR,JHK,col,,,,,,,,,,,,,,,,,,,,,12.619,0.023,11.949,0.021,11.755,0.021,4049,187,156,4.827,0.055,0.066,-0.051,0.16,0.28,0.455,0.065,0.057,0.515,0.079,0.066,5.296,1.605,1.232,175,37.35,26.06,0.023,0.007,0.005,,,
3701,3701,3701,212030973,09 06 46.357,+20 46 16.01,1,13.025,,,554-044314,09064635+2046160,,STAR,gri,lam,-21.6,2.6,-6.9,3.2,,,14.075,0.05,13.273,0.06,,,13.668,0.06,13.006,0.08,12.75,0.06,,,11.717,0.024,11.265,0.032,11.133,0.02,5344,129,161,4.558,0.025,0.025,-0.196,0.15,0.15,0.794,0.049,0.046,0.849,0.061,0.073,1.647,0.218,0.193,290.9,28.65,26.08,0.029,0.007,0.006,,,
3702,3702,3702,212030979,09 10 42.204,+20 46 16.53,1,19.873,,,,,5071-301-2-0157-0592,EXTENDED,gri,,4,5,-17,5,,,,,,,21.883,0.409,20.096,0.038,19.798,0.047,19.569,0.057,19.432,0.177,,,,,,,,,,,,,,,,,,,,,,,,,,,,,,,,,
3703,3703,3703,212030997,08 31 02.749,+20 46 18.16,1,9.987,,1391-1588-1,554-042777,08310274+2046181,,STAR,gri,plx,-41.2,1.1,13.2,1.1,,,10.338,0.041,9.819,0.035,,,10.697,0.03,10.171,0.04,9.682,0.06,,,8.903,0.019,8.667,0.04,8.634,0.021,5768,137,171,3.989,0.102,0.085,-0.132,0.25,0.3,1.709,0.155,0.123,1.068,0.135,0.097,0.204,0.065,0.049,184.9,12.72,12.72,0.024,0.007,0.005,,,
3704,3704,3704,212031036,09 05 26.336,+20 46 20.67,1,17.832,,,,09052633+2046206,5071-301-3-0149-0179,EXTENDED,gri,,-6,3,-7,3,,,,,,,21.029,0.135,18.962,0.013,17.817,0.008,17.347,0.007,16.975,0.017,16.242,0.094,15.555,0.111,15.176,0.117,,,,,,,,,,,,,,,,,,,,,,,,,,,
3705,3705,3705,212031039,08 32 02.731,+20 46 20.72,1,16.533,,,,08320273+2046207,,STAR,JHK,col,,,,,,,,,,,,,,,,,,,,,14.154,0.03,13.478,0.021,13.254,0.035,4003,218,155,4.828,0.07,0.07,-0.086,0.18,0.24,0.434,0.074,0.074,0.495,0.08,0.096,5.538,2.107,1.526,333.5,79.63,64.28,0.03,0.01,0.007,,,
3706,3706,3706,212031107,08 52 00.293,+20 46 25.15,1,11.959,,1399-1611-1,554-043754,08520028+2046250,,STAR,gri,rpm,-0.1,1.8,0.1,1.9,,,12.241,0.284,11.386,0.147,,,12.158,0.03,11.893,0.03,11.832,0.06,,,11.115,0.023,10.905,0.021,10.847,0.018,6535,195,156,4.075,0.14,0.224,-0.039,0.12,0.14,1.748,0.767,0.343,1.383,0.216,0.162,0.239,0.162,0.145,597,266.3,110.6,0.032,0.007,0.007,,,
3707,3707,3707,212031161,08 25 59.798,+20 46 27.65,1,12.988,,,554-042524,08255980+2046276,,STAR,gri,rpm,-3,2.2,1.6,2.7,,,14.199,0.02,13.264,0.01,,,13.731,0.06,12.978,0.01,12.67,0.062,,,11.564,0.021,11.059,0.023,10.964,0.018,4916,79,79,3.007,0.438,0.657,-0.408,0.25,0.35,5.156,5,1.781,1.043,0.203,0.145,0.007,0.018,0.006,1517,1515,533,0.033,0.011,0.008,,,
3708,3708,3708,212031222,09 04 37.170,+20 46 31.10,1,17.391,,,,09043716+2046310,5071-301-3-0148-0148,EXTENDED,gri,,2,1,4,2,,,,,,,20.612,0.09,18.518,0.009,17.36,0.006,16.908,0.006,16.581,0.012,15.747,0.07,15.106,0.08,14.626,0.091,,,,,,,,,,,,,,,,,,,,,,,,,,,
3709,3709,3709,212031231,08 31 07.468,+20 46 31.46,1,18.514,,,,,6597-301-2-0218-0107,EXTENDED,gri,,-31,4,28,4,,,,,,,20.371,0.109,18.995,0.016,18.588,0.018,18.308,0.022,18.473,0.088,,,,,,,,,,,,,,,,,,,,,,,,,,,,,,,,,
3710,3710,3710,212031269,09 07 57.819,+20 46 33.67,1,18.479,,,554-044350,09075786+2046338,5061-301-3-0155-0284,EXTENDED,JHK,,4,1,2,3,,,,,,,,,,,,,,,,,15.941,0.08,15.419,0.122,14.958,0.111,,,,,,,,,,,,,,,,,,,,,,,,,,,
3711,3711,3711,212031271,09 06 28.011,+20 46 33.83,1,16.774,,,,09062801+2046338,,STAR,J,rpm,4,3,2,0,,,,,,,,,,,,,,,,,15.328,0.077,14.658,0.094,14.294,0.082,4145,462,385,4.797,0.156,0.13,-0.132,0.2,0.28,0.488,0.145,0.149,0.523,0.14,0.168,4.621,5.396,1.962,666.9,330.9,287.5,0.033,0.008,0.007,,,
3712,3712,3712,212031287,08 32 00.262,+20 46 34.61,1,13.693,,,554-042818,08320026+2046346,,STAR,JHK,rpm,0,2.3,-17.7,10.4,,,,,,,,,,,,,,,,,12.223,0.022,11.709,0.021,11.632,0.021,4936,117,117,3.409,1.133,0.618,-0.315,0.3,0.42,2.851,2.445,2.206,0.899,0.199,0.124,0.031,1.718,0.028,1206,948.6,939.3,0.031,0.01,0.006,,,
3713,3713,3713,212031344,09 02 41.579,+20 46 38.14,1,16.594,,,,09024157+2046381,5061-301-4-0148-0269,EXTENDED,gri,,-3,2,0,2,,,,,,,19.527,0.055,17.576,0.006,16.607,0.005,16.173,0.005,15.804,0.011,15.415,0.068,14.784,0.094,14.411,0.08,,,,,,,,,,,,,,,,,,,,,,,,,,,
3714,3714,3714,212031358,09 06 30.684,+20 46 38.88,1,16.015,,,,09063068+2046388,5071-301-3-0151-0085,EXTENDED,gri,,6,0,6,2,,,,,,,18.868,0.038,16.964,0.005,16.034,0.004,15.608,0.004,15.26,0.007,15.082,0.068,14.427,0.091,13.987,0.073,,,,,,,,,,,,,,,,,,,,,,,,,,,
3715,3715,3715,212031382,09 10 26.929,+20 46 40.34,1,15.173,,,554-044430,09102690+2046407,5071-301-2-0157-0143,STAR,JHK,rpm,115,8,-127,8,,,,,,,,,,,,,,,,,13.217,0.022,12.683,0.02,12.447,0.023,3336,236,379,5.138,0.07,0.098,-0.101,0.2,0.32,0.174,0.055,0.036,0.153,0.068,0.043,26.48,15.3,9.695,69.73,29.45,20.71,0.012,0.005,0.004,,,
3716,3716,3716,212031396,08 55 06.394,+20 46 41.10,1,14.929,,,554-043866,08550639+2046412,,STAR,gri,rpm,-2.4,2.8,-0.7,3,,,16.047,0.069,15.269,0.049,,,15.691,0.02,14.915,0.02,14.602,0.082,,,13.622,0.025,13.132,0.024,12.967,0.029,4968,78,78,4.579,0.045,1.449,-0.285,0.25,0.25,0.757,3.397,0.079,0.823,0.138,0.087,1.776,0.409,1.764,628.6,2842,72.21,0.034,0.007,0.007,,,
3717,3717,3717,212031409,08 29 31.570,+20 46 41.74,1,15.423,,,554-042696,08293156+2046418,6728-301-2-0122-0365,STAR,JHK,rpm,-6.3,2.7,-2.4,3,,,,,,,,,,,,,,,,,13.52,0.028,12.893,0.03,12.766,0.022,4392,202,324,4.707,0.108,0.06,-0.06,0.16,0.24,0.578,0.087,0.121,0.649,0.075,0.12,3.064,1.77,0.685,383.9,76.58,107.2,0.029,0.01,0.006,,,
3718,3718,3718,212031463,09 06 22.473,+20 46 45.45,1,17.058,,,,09062247+2046454,5071-301-3-0151-0199,EXTENDED,gri,,-1,3,3,3,,,,,,,19.979,0.057,18.018,0.007,17.086,0.005,16.646,0.005,16.28,0.01,15.631,0.083,14.978,0.107,14.444,0.086,,,,,,,,,,,,,,,,,,,,,,,,,,,
3719,3719,3719,212031482,09 05 00.244,+20 46 46.85,1,14.48,,,554-044257,09050023+2046468,5071-301-3-0149-0014,STAR,gri,rpm,-53.2,4,-8.8,2.3,,,15.839,0.07,14.848,0.04,,,15.382,0.06,14.45,0.06,14.094,0.06,,,12.945,0.025,12.416,0.024,12.297,0.021,4694,109,136,4.687,0.11,0.05,-0.596,0.48,0.56,0.595,0.076,0.115,0.636,0.088,0.105,2.947,1.723,0.711,325.8,47.24,71.62,0.029,0.006,0.005,,,
3720,3720,3720,212031502,09 07 50.847,+20 46 47.65,1,14.198,,,554-044346,09075085+2046478,,STAR,gri,lam,-24.6,13,3.3,10.8,,,16.162,0.07,14.822,0.09,,,15.607,0.04,14.233,0.08,13.594,0.1,,,12.089,0.022,11.403,0.028,11.259,0.02,4029,146,122,4.861,0.05,0.06,-0.252,0.12,0.15,0.418,0.066,0.048,0.468,0.073,0.061,6.269,1.623,1.513,123.2,26.29,18.82,0.018,0.003,0.004,,,
3721,3721,3721,212031506,08 59 43.691,+20 46 47.86,1,19.605,,,,,5071-301-4-0141-0472,EXTENDED,gri,,1,4,-3,4,,,,,,,20.772,0.099,19.812,0.019,19.536,0.023,19.347,0.029,19.25,0.1,,,,,,,,,,,,,,,,,,,,,,,,,,,,,,,,,
3722,3722,3722,212031514,08 58 48.023,+20 46 48.18,1,14.315,,,554-044005,08584802+2046480,5038-301-1-0056-0025,STAR,gri,rpm,2.9,4.4,-5,4.7,,,16.2,0.06,14.797,0.06,,,15.53,0.07,14.308,0.08,13.795,0.04,,,12.387,0.022,11.623,0.022,11.451,0.02,4113,82,65,0.759,0.576,0.48,-0.91,0.25,0.85,55.235,38.783,29.004,0.844,0.017,0.041,3.20E-06,8.65E-06,2.58E-06,19110,13350,6601,0.033,0.003,0.011,,,
3723,3723,3723,212031543,09 06 49.997,+20 46 49.53,1,17.277,,,,,5061-301-3-0154-0305,EXTENDED,gri,,-2,3,-9,3,,,,,,,19.256,0.075,17.812,0.01,17.317,0.011,17.047,0.023,16.839,0.038,,,,,,,,,,,,,,,,,,,,,,,,,,,,,,,,,
3724,3724,3724,212031584,08 52 22.256,+20 46 51.69,1,15.11,,,554-043768,08522225+2046516,5071-301-6-0130-0107,STAR,gri,rpm,-2.8,2.8,3,3.1,,,16.266,0.09,15.381,0.01,,,15.8,0.01,15.101,0.02,14.814,0.02,,,13.799,0.027,13.293,0.028,13.249,0.034,4977,98,59,2.888,1.26,1.26,-0.828,0.35,1.05,4.612,13.832,3.458,0.843,0.096,0.058,0.005,0.322,0.004,4479,12590,3303,0.038,0.009,0.009,,,
3725,3725,3725,212031590,09 08 46.240,+20 46 51.88,1,13.899,,,554-044384,09084623+2046518,,STAR,gri,rpm,-1,4.8,-0.3,5.1,,,15.215,0.05,14.225,0.06,,,14.764,0.06,13.853,0.06,13.528,0.11,,,12.328,0.023,11.789,0.031,11.675,0.021,4787,131,75,2.922,1.56,0.52,-0.26,0.25,0.35,5.035,3.981,4.34,0.963,0.181,0.181,0.005,1.378,0.004,2229,1496,1912,0.034,0.013,0.009,,,
3726,3726,3726,212031596,08 32 00.060,+20 46 52.41,1,11.991,,1398-813-1,554-042817,08320004+2046522,,STAR,gri,plx,-18.5,2.5,-18.3,2.7,,,12.961,0.408,11.826,0.194,,,12.616,0.02,11.967,0.04,11.723,0.06,,,10.685,0.023,10.225,0.021,10.191,0.021,5114,102,82,2.883,0.624,0.52,-0.757,0.25,0.25,5.241,4.959,2.548,0.92,0.133,0.029,0.004,0.031,0.004,907.5,636.6,636.6,0.033,0.01,0.007,,,
3727,3727,3727,212031608,09 05 15.931,+20 46 52.98,1,12.408,,,554-044269,09051592+2046530,,STAR,gri,rpm,-29.7,1.8,-4.9,1.8,,,13.474,0.03,12.629,0.03,,,13.028,0.04,12.36,0.06,12.142,0.06,,,11.189,0.022,10.733,0.021,10.676,0.018,5190,104,125,4.536,0.06,1.04,-0.243,0.25,0.55,0.837,1.985,0.096,0.881,0.054,0.075,1.522,0.372,1.478,238.7,509.1,40.15,0.028,0.01,0.008,,,
3728,3728,3728,212031618,08 56 42.822,+20 46 53.64,1,11.132,,1400-1236-1,554-043937,08564281+2046536,,STAR,gri,rpm,-12.2,1.8,-4.5,2,,,12.386,0.304,11.861,0.253,,,11.899,0.06,11.102,0.05,10.804,0.03,,,9.63,0.02,9.11,0.021,8.978,0.018,4829,78,98,2.588,0.594,0.27,-0.308,0.2,0.32,8.277,2.863,3.707,1.103,0.212,0.177,0.002,0.009,0.001,968.8,355,393.1,0.034,0.01,0.007,,,
3729,3729,3729,212031650,08 30 14.280,+20 46 55.06,1,13.74,,,554-042743,08301428+2046551,6728-301-2-0123-0222,STAR,gri,rpm,-0.2,3.7,-16.2,2.1,,,14.803,0.07,13.963,0.03,,,14.409,0.06,13.681,0.01,13.453,0.066,,,12.281,0.023,11.85,0.021,11.739,0.019,5163,103,82,4.536,0.045,0.873,-0.124,0.2,0.36,0.856,1.719,0.102,0.899,0.156,0.071,1.463,0.358,1.397,394.8,765,54.88,0.032,0.007,0.008,,,
3730,3730,3730,212031695,09 06 58.947,+20 46 57.58,1,19.87,,,,,5061-301-3-0154-0145,STAR,gri,,,,,,,,,,,,23.582,0.47,20.854,0.028,19.792,0.018,19.449,0.019,19.061,0.049,,,,,,,,,,,,,,,,,,,,,,,,,,,,,,,,,
3731,3731,3731,212031711,09 06 45.897,+20 46 59.54,1,18.195,,,,09064589+2046595,,STAR,J,,,,,,,,,,,,,,,,,,,,,,16.641,0.145,15.954,0.183,,,,,,,,,,,,,,,,,,,,,,,,,,,,,
3732,3732,3732,212031743,08 28 24.666,+20 47 01.54,1,17.464,,,,08282466+2047015,,STAR,J,col,,,,,,,,,,,,,,,,,,,,,15.971,0.093,15.303,0.106,14.62,0.086,3581,331,275,5.027,0.115,0.115,-0.128,0.2,0.24,0.232,0.104,0.072,0.23,0.151,0.094,16.04,14.17,7.523,371.3,240.7,146,0.03,0.01,0.008,,,
3733,3733,3733,212031767,08 32 42.537,+20 47 03.35,1,13.772,,,554-042856,08324253+2047033,,STAR,gri,rpm,2.1,2.1,-1.4,3,,,15.108,0.1,14.03,0.07,,,14.556,0.037,13.714,0.02,13.436,0.066,,,12.183,0.022,11.624,0.025,11.504,0.023,4785,95,95,2.75,0.624,0.624,-0.315,0.3,0.42,5.95,6.154,3.025,1.003,0.213,0.16,0.003,0.021,0.003,2402,2120,1126,0.033,0.01,0.007,,,
3734,3734,3734,212031770,09 10 30.596,+20 47 03.44,1,18.674,,,,09103059+2047034,5071-301-2-0157-0272,STAR,gri,rpm,-86,4,-36,4,,,,,,,23.208,0.443,21.056,0.033,19.473,0.015,17.653,0.007,16.598,0.008,14.955,0.033,14.315,0.039,13.97,0.038,3385,138,194,5.17,0.02,0.027,-0.276,0.28,0.2,0.164,0.012,0.007,0.147,0.014,0.01,32.88,1.973,3.978,140.6,20.83,23.65,0.022,0.009,0.005,,,
3735,3735,3735,212031783,09 02 33.975,+20 47 04.02,1,11.518,,1400-2292-1,554-044149,09023397+2047039,,STAR,gri,lam,2.9,1.7,-3.3,1.6,,,11.842,0.135,11.402,0.137,,,11.832,0.05,11.53,0.04,11.383,0.08,,,10.614,0.02,10.347,0.022,10.323,0.019,6213,150,150,4.052,0.155,0.155,0.009,0.1,0.12,1.693,0.514,0.336,1.302,0.171,0.122,0.241,0.192,0.122,441.9,134.2,87.65,0.03,0.008,0.006,,,
3736,3736,3736,212031843,08 30 08.312,+20 47 07.03,1,10.697,,1391-1560-1,554-042735,08300831+2047071,,STAR,gri,plx,3.6,1.2,-16.2,1.3,,,11.212,0.08,10.779,0.078,,,11.119,0.1,10.718,0.07,10.516,0.06,,,9.662,0.023,9.395,0.022,9.267,0.017,5925,141,118,4.407,0.042,0.049,-0.116,0.16,0.28,1.036,0.049,0.047,1.029,0.067,0.108,0.894,0.121,0.126,164.5,9.613,9.613,0.021,0.007,0.005,,,
3737,3737,3737,212031851,09 02 36.614,+20 47 07.65,1,19.841,,,,,5061-301-4-0148-0425,EXTENDED,gri,,0,3,1,3,,,,,,,21.389,0.158,20.232,0.026,19.924,0.032,19.673,0.043,19.583,0.168,,,,,,,,,,,,,,,,,,,,,,,,,,,,,,,,,
3738,3738,3738,212031861,08 33 55.548,+20 47 08.44,1,14.858,,,554-042914,08335554+2047083,6728-301-1-0129-0036,EXTENDED,JHK,,-5.4,2.9,5,3.2,,,,,,,,,,,,,,,,,13.511,0.027,13.037,0.028,12.991,0.028,,,,,,,,,,,,,,,,,,,,,,,,,,,
3739,3739,3739,212031898,08 58 53.204,+20 47 10.65,1,17.762,,,,,5038-301-1-0056-0380,EXTENDED,gri,,18,6,-11,6,,,,,,,19.174,0.045,18.195,0.024,17.752,0.019,17.576,0.028,17.389,0.049,,,,,,,,,,,,,,,,,,,,,,,,,,,,,,,,,
3740,3740,3740,212031902,09 06 58.699,+20 47 10.84,1,14.273,,,,09065869+2047108,5061-301-3-0154-0143,EXTENDED,gri,,-4,2,-2,2,,,,,,,17.322,0.023,15.275,0.003,14.289,0.002,13.843,0.002,13.535,0.005,14.297,0.074,13.687,0.104,13.331,0.083,,,,,,,,,,,,,,,,,,,,,,,,,,,
3741,3741,3741,212031953,09 06 31.201,+20 47 14.09,1,16.996,,,,09063120+2047140,5071-301-3-0151-0254,EXTENDED,gri,,-1,2,-7,2,,,,,,,19.076,0.035,17.73,0.006,17.082,0.005,16.682,0.005,16.444,0.014,16.085,0.106,15.479,0.154,14.892,0.125,,,,,,,,,,,,,,,,,,,,,,,,,,,
3742,3742,3742,212032001,08 26 51.595,+20 47 17.37,1,19.399,,,,,6597-301-3-0212-0222,STAR,gri,,-6,3,1,3,,,,,,,19.738,0.032,19.491,0.012,19.369,0.015,19.119,0.016,19.048,0.049,,,,,,,,,,,,,,,,,,,,,,,,,,,,,,,,,
3743,3743,3743,212032051,08 55 34.365,+20 47 20.92,1,12.683,,,554-043885,08553435+2047208,,STAR,gri,rpm,-23.3,1,0.1,2.6,,,13.542,0.03,12.849,0.05,,,13.173,0.05,12.662,0.06,12.473,0.04,,,11.547,0.023,11.178,0.021,11.086,0.02,5582,155,133,4.488,0.045,0.117,-0.138,0.2,0.2,0.908,0.164,0.08,0.927,0.071,0.071,1.179,0.272,0.4,323.2,68.24,36.47,0.03,0.007,0.006,,,
3744,3744,3744,212032052,08 51 17.248,+20 47 20.95,1,19.514,,,,,5071-301-6-0129-0267,STAR,gri,,-6,4,10,4,,,,,,,20.089,0.044,19.541,0.012,19.505,0.015,19.482,0.02,19.221,0.053,,,,,,,,,,,,,,,,,,,,,,,,,,,,,,,,,
3745,3745,3745,212032081,08 28 17.090,+20 47 22.74,1,13.835,,,554-042642,08281708+2047226,,STAR,gri,rpm,-5.7,1.6,1.5,2.1,,,15.251,0.08,14.125,0.01,,,14.676,0.06,13.826,0.04,13.474,0.066,,,12.214,0.021,11.654,0.022,11.512,0.017,4735,93,74,2.634,0.896,0.56,-0.365,0.4,0.56,7.494,6.301,4.305,0.945,0.245,0.153,0.002,0.034,0.002,2803,2821,1559,0.033,0.013,0.006,,,
3746,3746,3746,212032133,09 05 04.528,+20 47 25.70,1,15.299,,,554-044260,09050449+2047257,5071-301-3-0149-0024,EXTENDED,gri,,6.6,9.2,-1.7,7.9,,,16.618,0.02,15.673,0.02,,,16.096,0.06,15.333,0.1,14.958,0.16,,,14.116,0.053,13.303,0.06,13.135,0.061,,,,,,,,,,,,,,,,,,,,,,,,,,,
3747,3747,3747,212032136,09 06 46.514,+20 47 25.80,1,17.642,,,,09064651+2047257,5071-301-3-0151-0294,EXTENDED,gri,,-1,3,0,3,,,,,,,20.225,0.053,18.461,0.008,17.651,0.006,17.291,0.006,17.019,0.013,15.862,0.076,15.409,0.118,14.843,0.098,,,,,,,,,,,,,,,,,,,,,,,,,,,
3748,3748,3748,212032182,09 05 29.269,+20 47 28.99,1,18.268,,,,,5071-301-3-0149-0331,EXTENDED,gri,,-6,3,6,3,,,,,,,19.871,0.072,18.734,0.014,18.259,0.014,18.068,0.018,17.869,0.054,,,,,,,,,,,,,,,,,,,,,,,,,,,,,,,,,
3749,3749,3749,212032292,08 35 25.833,+20 47 35.59,1,18.086,,,,08352583+2047355,,STAR,J,rpm,2,3,20,6,,,,,,,,,,,,,,,,,16.543,0.151,15.64,0.117,15.332,0.133,3830,375,312,4.954,0.105,0.147,-0.254,0.25,0.35,0.323,0.139,0.113,0.333,0.166,0.139,9.41,7.714,4.823,701.1,415.2,299.9,0.033,0.008,0.007,,,
3750,3750,3750,212032360,09 07 01.920,+20 47 39.46,1,17.145,,,,09070192+2047394,5061-301-3-0154-0144,EXTENDED,gri,,-2,3,2,3,,,,,,,20.535,0.085,18.249,0.008,17.178,0.005,16.672,0.005,16.307,0.012,15.537,0.074,14.786,0.079,14.344,0.074,,,,,,,,,,,,,,,,,,,,,,,,,,,
3751,3751,3751,212032387,08 30 59.463,+20 47 40.86,1,17.742,,,,08305946+2047408,,STAR,J,col,,,,,,,,,,,,,,,,,,,,,16.229,0.103,15.5,0.13,15.101,0.129,3839,487,348,4.923,0.14,0.168,-0.208,0.24,0.32,0.349,0.164,0.129,0.372,0.178,0.178,7.991,9.093,4.253,633.3,437.3,296,0.032,0.008,0.007,,,
3752,3752,3752,212032390,08 27 49.523,+20 47 40.87,1,12.51,,,554-042615,08274952+2047409,,STAR,JHK,rpm,12.2,4.2,-59.3,2,,,,,,,,,,,,,,,,,10.388,0.02,9.764,0.022,9.569,0.018,3851,62,62,4.875,0.042,0.03,0.021,0.08,0.1,0.404,0.035,0.037,0.46,0.038,0.053,6.616,1.637,0.854,54.16,3.98,7.162,0.007,0.004,0.003,,,
3753,3753,3753,212032415,08 35 14.547,+20 47 41.86,1,10.564,,1398-929-1,554-042979,08351454+2047419,,STAR,gri,rpm,-17.7,1.5,-12.6,1.5,,,11.321,0.083,10.712,0.072,,,11.022,0.03,10.549,0.04,10.368,0.06,,,9.714,0.023,9.488,0.021,9.415,0.019,6068,120,120,4.051,0.294,0.21,0.032,0.12,0.15,1.601,0.599,0.508,1.221,0.229,0.143,0.265,0.422,0.163,278.9,105.2,88.94,0.029,0.011,0.007,,,
3754,3754,3754,212032430,09 03 50.061,+20 47 42.50,1,19.054,,,,09035006+2047425,,STAR,JHK,col,,,,,,,,,,,,,,,,,,,,,16.115,0.07,15.329,0.08,14.918,0.095,3905,342,410,4.903,0.162,0.135,-0.213,0.25,0.3,0.357,0.132,0.141,0.397,0.156,0.187,7.881,10.94,3.649,659.6,345.7,294,0.032,0.01,0.008,,,
3755,3755,3755,212032453,09 03 15.402,+20 47 43.77,1,17.769,,,,,5061-301-4-0148-0228,STAR,gri,,-60,4,52,4,,,,,,,17.433,0.01,17.514,0.005,17.854,0.007,18.123,0.009,18.384,0.03,,,,,,,,,,,,,,,,,,,,,,,,,,,,,,,,,
3756,3756,3756,212032477,08 59 05.004,+20 47 45.11,1,14.579,,,554-044016,08590500+2047452,,STAR,gri,rpm,-5,4.6,-3.8,5,,,15.835,0.08,14.877,0.04,,,15.301,0.04,14.596,0.04,14.269,0.07,,,13.225,0.023,12.757,0.023,12.672,0.023,5099,81,101,3.744,0.855,0.57,-0.332,0.25,0.4,2.141,1.529,1.475,0.889,0.187,0.104,0.094,1.97,0.08,1520,1057,1036,0.034,0.01,0.008,,,
3757,3757,3757,212032504,08 29 44.160,+20 47 47.14,1,9.361,,1391-1455-1,554-042708,08294416+2047471,,STAR,BV,plx,-13.7,1.1,-5.6,1.1,,,10.217,0.041,9.51,0.03,,,10.509,0.03,,,,,,,8.246,0.027,7.922,0.02,7.821,0.021,5615,236,134,3.179,0.155,0.682,-0.032,0.1,1.26,6.003,2.473,1.074,1.961,0.271,1.139,0.009,0.007,0.008,454.6,68.22,68.22,0.03,0.024,0.01,,,
3758,3758,3758,212032512,08 34 42.767,+20 47 47.53,1,17.704,,,,08344276+2047475,6728-301-1-0130-0191,EXTENDED,gri,,11,3,-1,3,,,,,,,21.112,0.159,18.951,0.013,17.678,0.007,17.17,0.006,16.782,0.013,16.069,0.085,15.412,0.109,14.863,0.105,,,,,,,,,,,,,,,,,,,,,,,,,,,
3759,3759,3759,212032571,08 28 14.115,+20 47 50.58,1,10.663,,1391-1439-1,554-042640,08281411+2047505,,STAR,gri,plx,-4.5,1.6,-1.1,1.7,,,11.967,0.204,10.832,0.085,,,11.394,0.06,10.663,0.04,10.35,0.06,,,9.184,0.03,8.693,0.026,8.573,0.017,4892,99,99,2.412,0.17,0.085,-0.466,0.25,0.3,10.763,0.823,0.911,1.059,0.337,0.141,8.76E-04,4.87E-04,2.12E-04,1246,523.8,523.8,0.034,0.01,0.008,,,
3760,3760,3760,212032584,08 32 21.873,+20 47 51.27,1,13.206,,,554-042833,08322187+2047512,,STAR,gri,rpm,-4.1,1.7,-0.4,1.9,,,14.401,0.04,13.482,0.04,,,13.926,0.03,13.205,0.02,12.897,0.063,,,11.775,0.022,11.286,0.025,11.172,0.021,4983,77,77,3.084,0.385,0.77,-0.533,0.24,0.3,4.481,5.784,1.52,0.977,0.207,0.08,0.009,0.023,0.008,1559,1608,507.5,0.034,0.01,0.007,,,
3761,3761,3761,212032640,09 07 14.948,+20 47 54.28,1,17.937,,,,09071494+2047542,5061-301-3-0154-0416,EXTENDED,gri,,5,3,1,3,,,,,,,20.183,0.05,18.826,0.009,18.084,0.008,17.556,0.008,17.317,0.019,16.261,0.108,15.226,0.095,14.925,0.107,,,,,,,,,,,,,,,,,,,,,,,,,,,
3762,3762,3762,212032662,09 11 08.996,+20 47 55.44,1,18.486,,,,09110899+2047554,,STAR,J,,,,,,,,,,,,,,,,,,,,,,16.915,0.144,16.244,0.179,,,,,,,,,,,,,,,,,,,,,,,,,,,,,
3763,3763,3763,212032671,08 55 25.625,+20 47 55.79,1,11.17,,1400-1310-1,554-043881,08552562+2047557,,STAR,gri,lam,-17.9,1.6,-13.6,1.7,,,12.09,0.222,11.322,0.136,,,11.674,0.05,11.136,0.05,10.954,0.03,,,10.086,0.023,9.741,0.022,9.648,0.018,5598,168,168,4.456,0.066,0.418,-0.05,0.12,0.12,0.94,0.587,0.081,0.974,0.087,0.075,1.078,0.264,0.834,175,118.1,21.17,0.024,0.007,0.006,,,
3764,3764,3764,212032677,09 11 14.092,+20 47 56.03,1,17.144,,,,09111409+2047560,5071-301-2-0158-0175,EXTENDED,gri,,1,2,0,2,,,,,,,20.13,0.069,18.086,0.007,17.148,0.005,16.741,0.005,16.412,0.011,15.885,0.081,15.082,0.089,14.607,0.075,,,,,,,,,,,,,,,,,,,,,,,,,,,
3765,3765,3765,212032683,09 07 59.729,+20 47 56.26,1,18.895,,,,,5061-301-3-0155-0325,EXTENDED,gri,,-10,3,3,3,,,,,,,20.157,0.074,19.209,0.016,18.906,0.019,18.76,0.025,18.801,0.105,,,,,,,,,,,,,,,,,,,,,,,,,,,,,,,,,
3766,3766,3766,212032704,08 56 06.846,+20 47 57.37,1,12.371,,,554-043913,08560684+2047575,,STAR,gri,lam,-67.8,1,-37.2,1.4,,,13.617,0.02,12.672,0.04,,,13.166,0.05,12.342,0.06,12.03,0.04,,,10.878,0.021,10.355,0.023,10.308,0.025,5225,83,83,3.472,0.085,0.119,-0.896,0.1,0.14,2.835,0.47,0.276,0.891,0.018,0.018,0.038,0.011,0.014,747.3,164.5,154.8,0.032,0.008,0.007,,,
3767,3767,3767,212032707,08 34 54.329,+20 47 57.72,1,14.6,,,554-042963,08345433+2047576,6728-301-1-0130-0095,STAR,BV,rpm,5.2,2.9,-35.4,3.2,,,15.88,0.09,14.794,0.043,,,15.359,0.043,,,,,,,12.818,0.025,12.273,0.022,12.172,0.022,4781,114,143,4.639,0.042,0.03,-0.271,0.25,0.25,0.669,0.043,0.063,0.712,0.055,0.066,2.342,0.539,0.255,348.5,30.99,33.86,0.029,0.007,0.007,,,
3768,3768,3768,212032708,09 09 07.137,+20 47 57.75,1,17.924,,,,09090713+2047577,5061-301-3-0157-0170,EXTENDED,gri,,0,3,-2,3,,,,,,,20.169,0.057,18.824,0.01,17.943,0.008,17.538,0.008,17.232,0.02,16.26,0.109,15.418,0.113,15.112,0.143,,,,,,,,,,,,,,,,,,,,,,,,,,,
3769,3769,3769,212032754,09 11 59.918,+20 48 01.08,1,15.853,,,,09115991+2048010,,STAR,JHK,col,,,,,,,,,,,,,,,,,,,,,13.586,0.025,13.014,0.027,12.723,0.023,3502,131,183,5.058,0.084,0.072,-0.015,0.15,0.18,0.225,0.052,0.05,0.208,0.075,0.062,17.25,10.73,5.038,108.3,32.18,33.06,0.016,0.006,0.005,,,
3770,3770,3770,212032786,09 06 59.461,+20 48 03.14,1,16.876,,,,09065946+2048031,,STAR,J,col,,,,,,,,,,,,,,,,,,,,,15.423,0.086,14.666,0.109,14.097,0.084,3705,416,297,4.968,0.12,0.168,-0.132,0.2,0.28,0.293,0.153,0.101,0.318,0.202,0.144,9.611,12.41,5.416,395.5,290.2,167.4,0.029,0.01,0.008,,,
3771,3771,3771,212032799,08 59 26.496,+20 48 03.83,1,12.843,,,555-045779,08592649+2048038,,STAR,gri,rpm,-33.3,2,-13.1,1.4,,,14.4,0.04,13.276,0.03,,,13.88,0.04,12.82,0.05,12.399,0.07,,,11.131,0.021,10.529,0.021,10.417,0.018,4494,72,108,4.674,0.06,0.03,-0.027,0.18,0.36,0.63,0.043,0.084,0.696,0.045,0.098,2.738,0.872,0.353,146.9,25.54,25.06,0.021,0.005,0.005,,,
3772,3772,3772,212032844,08 34 27.887,+20 48 07.61,1,18.108,,,,08342788+2048076,,STAR,J,col,,,,,,,,,,,,,,,,,,,,,16.563,0.146,15.54,0.107,15.199,0.122,3922,338,405,4.903,0.162,0.135,-0.254,0.25,0.3,0.355,0.157,0.137,0.416,0.151,0.211,7.229,9.757,3.302,833.5,448.6,377.4,0.032,0.01,0.007,,,
3773,3773,3773,212032893,09 06 59.458,+20 48 10.04,1,16.282,,,,09065945+2048100,5061-301-3-0154-0345,EXTENDED,gri,,,,,,,,,,,,18.806,0.048,17.221,0.007,16.366,0.005,15.88,0.005,15.571,0.014,15.663,0.118,14.992,0.134,14.527,0.123,,,,,,,,,,,,,,,,,,,,,,,,,,,
3774,3774,3774,212032914,09 10 08.134,+20 48 11.20,1,12.8,,,555-046143,09100813+2048112,,STAR,gri,lam,-9.2,1.6,3.6,2,,,13.573,0.04,12.904,0.07,,,13.253,0.05,12.775,0.03,12.606,0.08,,,11.762,0.021,11.43,0.019,11.393,0.018,5797,141,177,3.87,0.112,0.08,-0.225,0.1,0.16,1.963,0.27,0.281,1.125,0.141,0.117,0.132,0.069,0.034,804.2,132,113.4,0.033,0.008,0.007,,,
3775,3775,3775,212032918,09 06 20.643,+20 48 11.53,1,16.333,,,,09062064+2048115,5071-301-3-0151-0207,EXTENDED,gri,,1,2,2,2,,,,,,,19.337,0.045,17.295,0.005,16.347,0.004,15.921,0.004,15.571,0.008,15.179,0.066,14.597,0.092,14.139,0.079,,,,,,,,,,,,,,,,,,,,,,,,,,,
3776,3776,3776,212032929,08 26 04.169,+20 48 12.31,1,15.596,,,555-044269,08260417+2048122,6597-301-3-0211-0282,STAR,JHK,rpm,-3.1,3.9,-0.2,4.8,,,,,,,,,,,,,,,,,13.775,0.024,13.169,0.025,13.047,0.025,4498,180,397,4.674,0.135,0.045,-0.143,0.2,0.24,0.625,0.063,0.157,0.672,0.087,0.159,2.75,2.394,0.576,478.9,70.95,153.6,0.031,0.008,0.007,,,
3777,3777,3777,212032934,09 08 58.538,+20 48 12.43,1,11.319,,,555-046103,09085853+2048123,,STAR,gri,lam,0.2,1.2,-5.4,1.3,,,12.815,0.04,11.615,0.08,,,12.254,0.06,11.249,0.09,10.918,0.08,,,9.726,0.023,9.162,0.029,9.051,0.019,4639,92,92,2.482,0.126,0.09,-0.108,0.12,0.12,11.095,0.566,2.001,1.274,0.22,0.138,9.61E-04,5.94E-04,1.89E-04,1317,74.8,221.5,0.033,0.01,0.007,,,
3778,3778,3778,212032990,08 59 41.469,+20 48 15.45,1,19.373,,,,,5061-301-5-0143-0281,STAR,gri,,-1,3,2,3,,,,,,,20.136,0.037,19.456,0.012,19.345,0.013,19.408,0.019,19.127,0.05,,,,,,,,,,,,,,,,,,,,,,,,,,,,,,,,,
3779,3779,3779,212033052,08 57 11.171,+20 48 19.08,1,18.788,,,,,5038-301-1-0054-0205,EXTENDED,gri,,0,3,-9,3,,,,,,,20.028,0.05,19.126,0.013,18.81,0.014,18.643,0.019,18.459,0.059,,,,,,,,,,,,,,,,,,,,,,,,,,,,,,,,,
3780,3780,3780,212033074,08 54 48.113,+20 48 19.95,1,14.277,,,555-045632,08544811+2048201,5038-301-2-0050-0070,STAR,gri,rpm,-36.5,1.4,-12.8,3.7,,,16.385,0.077,14.853,0.043,,,15.769,0.05,14.281,0.02,13.638,0.09,,,12.065,0.022,11.411,0.024,11.228,0.023,3832,76,61,4.905,0.06,0.025,-0.074,0.08,0.1,0.379,0.024,0.053,0.424,0.027,0.074,7.656,2.577,0.753,105.1,9.611,21.39,0.016,0.004,0.002,,,
3781,3781,3781,212033093,08 30 23.319,+20 48 21.03,1,12.569,,,555-044494,08302332+2048210,,STAR,gri,rpm,2.5,1.3,-6.4,1.6,,,13.768,0.01,12.831,0.031,,,13.28,0.05,12.534,0.01,12.264,0.061,,,11.181,0.023,10.685,0.018,10.624,0.02,4940,79,59,3.066,0.4,0.72,-0.448,0.3,0.25,4.754,5.133,1.69,1.03,0.206,0.103,0.008,0.022,0.008,1221,1261,364.6,0.034,0.007,0.008,,,
3782,3782,3782,212033126,08 27 53.736,+20 48 23.04,1,14.574,,,555-044359,08275373+2048230,,STAR,gri,rpm,5.7,4.4,-0.8,4.9,,,15.68,0.09,14.813,0.03,,,15.177,0.01,14.501,0.01,14.315,0.077,,,13.091,0.021,12.631,0.025,12.528,0.026,5133,123,102,3.716,0.918,0.612,-0.401,0.35,0.42,2.112,1.734,1.408,0.892,0.126,0.105,0.079,1.553,0.069,1493,1094,995.8,0.032,0.01,0.008,,,
3783,3783,3783,212033161,09 06 52.510,+20 48 24.44,1,17.172,,,,09065251+2048244,5071-301-3-0151-0311,EXTENDED,gri,,4,3,1,3,,,,,,,20.182,0.061,18.139,0.007,17.168,0.005,16.757,0.005,16.411,0.01,15.622,0.075,14.998,0.095,14.556,0.089,,,,,,,,,,,,,,,,,,,,,,,,,,,
3784,3784,3784,212033183,09 00 07.740,+20 48 26.16,1,12.392,,,555-045804,09000773+2048260,,STAR,gri,rpm,8.9,1.5,13.8,2,,,13.616,0.03,12.702,0.03,,,13.151,0.04,12.396,0.04,12.067,0.08,,,10.926,0.023,10.398,0.021,10.292,0.017,4899,77,58,3.259,0.24,0.768,-0.308,0.2,0.48,4.031,4.764,1.146,1.004,0.232,0.116,0.014,0.024,0.013,929.2,931.6,254.8,0.035,0.007,0.007,,,
3785,3785,3785,212033207,09 02 21.803,+20 48 28.05,1,15.202,,,,09022180+2048280,5061-301-4-0147-0269,EXTENDED,gri,,5,2,8,2,,,,,,,17.868,0.041,16.099,0.005,15.242,0.004,14.818,0.004,14.493,0.011,15.797,0.111,15.207,0.154,14.955,0.149,,,,,,,,,,,,,,,,,,,,,,,,,,,
3786,3786,3786,212033226,09 07 09.952,+20 48 29.47,1,13.589,,,555-046036,09070994+2048293,,STAR,gri,rpm,-29,3.5,-26.4,3.9,,,15.12,0.03,14.007,0.06,,,14.632,0.03,13.542,0.08,13.142,0.09,,,11.842,0.022,11.258,0.027,11.153,0.021,4516,109,145,4.668,0.06,0.03,-0.036,0.18,0.21,0.633,0.052,0.074,0.703,0.052,0.072,2.588,0.8,0.36,201.8,19.98,31.53,0.024,0.005,0.006,,,
3787,3787,3787,212033255,08 58 29.006,+20 48 31.55,1,12.254,,,555-045738,08582900+2048315,,STAR,gri,lam,-6.6,1.4,-2.9,1.2,,,12.87,0.04,12.322,0.05,,,12.57,0.05,12.212,0.07,12.119,0.07,,,11.401,0.025,11.134,0.021,11.094,0.022,6184,148,148,4.253,0.095,0.133,-0.133,0.12,0.15,1.283,0.265,0.142,1.127,0.091,0.091,0.487,0.23,0.177,480.1,91.29,56.13,0.031,0.007,0.006,,,
3788,3788,3788,212033256,08 29 46.129,+20 48 31.62,1,12.075,,,555-044460,08294612+2048317,,STAR,gri,rpm,1.9,2.8,-0.2,1.6,,,13.633,0.043,12.432,0.02,,,13.032,0.06,12.028,0.03,11.664,0.06,,,10.292,0.022,9.726,0.029,9.541,0.022,4573,90,72,2.433,0.216,0.12,-0.04,0.16,0.2,11.275,1.522,2.523,1.246,0.159,0.159,8.19E-04,9.32E-04,2.59E-04,1684,244.2,370.2,0.035,0.011,0.008,,,
3789,3789,3789,212033263,08 57 39.028,+20 48 32.10,1,17.147,,,,08573902+2048321,,STAR,JHK,col,,,,,,,,,,,,,,,,,,,,,14.922,0.036,14.281,0.045,14.072,0.056,3960,379,270,4.853,0.125,0.125,-0.152,0.2,0.28,0.41,0.138,0.121,0.442,0.146,0.146,6.333,5.191,2.853,442.9,225.9,172.8,0.03,0.008,0.007,,,
3790,3790,3790,212033268,09 05 34.449,+20 48 32.21,1,16.918,,,,09053444+2048322,5071-301-3-0150-0090,STAR,gri,rpm,-110,3,2,3,,,,,,,21.343,0.094,18.834,0.009,17.464,0.006,16.097,0.005,15.366,0.006,14.048,0.032,13.422,0.038,13.185,0.023,3699,147,117,4.996,0.042,0.056,-0.076,0.16,0.36,0.283,0.053,0.039,0.298,0.064,0.055,12.46,3.298,2.986,184.1,33.19,38.12,0.025,0.005,0.004,,,
3791,3791,3791,212033276,08 30 15.667,+20 48 32.64,1,15.414,,,555-044484,08301567+2048327,6728-301-2-0123-0241,STAR,JHK,rpm,0.3,3,-6.4,3.1,,,,,,,,,,,,,,,,,14.088,0.029,13.708,0.03,13.582,0.035,5514,260,217,4.498,0.06,0.24,-0.248,0.25,0.4,0.863,0.287,0.09,0.88,0.077,0.077,1.305,0.376,0.725,981.7,396.7,140.3,0.034,0.008,0.007,,,
3792,3792,3792,212033289,08 29 55.929,+20 48 33.53,1,19.805,,,,,6728-301-2-0123-0695,STAR,gri,,7,3,-36,3,,,,,,,23.134,0.508,20.745,0.028,19.747,0.018,19.402,0.019,19.024,0.039,,,,,,,,,,,,,,,,,,,,,,,,,,,,,,,,,
3793,3793,3793,212033294,08 33 09.782,+20 48 33.74,1,13.092,,,555-044627,08330978+2048336,,STAR,BV,rpm,-1.7,1.6,2.3,1.7,,,14.224,0.02,13.316,0.032,,,13.783,0.033,,,,,,,11.636,0.021,11.15,0.02,11.053,0.019,4968,101,101,3.145,0.34,0.748,-0.408,0.25,0.4,4.293,5.327,1.226,1.033,0.229,0.143,0.013,0.023,0.012,1418,1491,428,0.034,0.011,0.007,,,
3794,3794,3794,212033306,08 53 50.162,+20 48 34.39,1,19.17,,,,,5038-301-2-0049-0472,EXTENDED,gri,,-11,5,20,5,,,,,,,20.664,0.146,19.369,0.031,19.103,0.044,18.882,0.057,18.877,0.141,,,,,,,,,,,,,,,,,,,,,,,,,,,,,,,,,
3795,3795,3795,212033370,08 31 47.962,+20 48 38.10,1,17.755,,,,,6597-301-2-0219-0242,EXTENDED,gri,,0,3,13,3,,,,,,,19.492,0.06,18.339,0.011,17.803,0.011,17.504,0.017,17.409,0.042,,,,,,,,,,,,,,,,,,,,,,,,,,,,,,,,,
3796,3796,3796,212033373,09 03 16.454,+20 48 38.18,1,17.254,,,,09031645+2048381,5061-301-4-0149-0115,EXTENDED,gri,,-9,2,5,2,,,,,,,19.301,0.043,17.995,0.008,17.343,0.007,16.936,0.007,16.717,0.022,16.228,0.1,15.579,0.127,15.531,0.17,,,,,,,,,,,,,,,,,,,,,,,,,,,
3797,3797,3797,212033377,08 29 03.090,+20 48 38.51,1,13.826,,,555-044426,08290309+2048386,,STAR,gri,rpm,28.6,2.1,-54.1,2.2,,,15.564,0.07,14.302,0.04,,,14.992,0.02,13.81,0.044,13.326,0.065,,,11.978,0.021,11.341,0.022,11.212,0.022,4175,99,99,4.777,0.065,0.065,-0.096,0.24,0.28,0.51,0.074,0.077,0.569,0.075,0.075,4.232,1.283,0.984,150.7,35.21,24.19,0.018,0.006,0.003,,,
3798,3798,3798,212033450,08 53 32.927,+20 48 42.44,1,18.647,,,,,5038-301-2-0048-0494,EXTENDED,gri,,-5,3,1,3,,,,,,,20.162,0.087,19.114,0.018,18.789,0.021,18.447,0.024,18.313,0.081,,,,,,,,,,,,,,,,,,,,,,,,,,,,,,,,,
3799,3799,3799,212033577,09 07 13.069,+20 48 48.97,1,11.835,,,555-046038,09071305+2048489,,STAR,gri,rpm,-3.5,1.1,-5.9,0.7,,,12.478,0.04,11.951,0.06,,,12.181,0.05,11.808,0.07,11.686,0.08,,,10.916,0.022,10.597,0.027,10.565,0.021,5983,174,174,4.033,0.31,0.186,-0.125,0.2,0.36,1.589,0.506,0.51,1.097,0.242,0.151,0.242,0.476,0.121,449.7,185.5,131.3,0.033,0.01,0.008,,,
3800,3800,3800,212033580,09 07 06.861,+20 48 49.03,1,12.419,,,555-046034,09070685+2048489,,STAR,gri,rpm,-25.9,2.6,-15.3,3.3,,,13.803,0.03,12.776,0.06,,,13.322,0.05,12.366,0.07,12.031,0.08,,,10.862,0.024,10.319,0.031,10.214,0.021,4667,130,74,4.638,0.03,0.025,0.008,0.1,0.08,0.695,0.028,0.037,0.758,0.046,0.018,2.281,0.267,0.201,145.4,27.41,11.26,0.02,0.005,0.002,,,
3801,3801,3801,212033617,08 32 52.095,+20 48 51.42,1,14.569,,,555-044616,08325209+2048514,,STAR,gri,rpm,-12.3,4.3,-3.6,2.8,,,15.702,0.04,14.791,0.02,,,15.194,0.02,14.559,0.04,14.301,0.077,,,13.208,0.022,12.716,0.032,12.682,0.028,5160,103,103,3.872,0.684,0.684,-0.542,0.42,0.35,1.75,1.9,1.093,0.87,0.054,0.118,0.171,1.549,0.16,1230,1300,760,0.032,0.01,0.008,,,
3802,3802,3802,212033627,08 29 07.722,+20 48 51.94,1,12.126,,1391-1387-1,555-044430,08290772+2048518,,STAR,gri,rpm,5,2.5,-7.3,2.6,,,12.027,0.136,12.33,0.277,,,12.427,0.04,12.109,0.03,11.997,0.061,,,11.226,0.021,11.004,0.022,10.961,0.019,6360,128,128,4.127,0.155,0.186,-0.077,0.12,0.27,1.53,0.41,0.275,1.279,0.124,0.124,0.303,0.254,0.138,554.1,139,111.1,0.033,0.011,0.007,,,
3803,3803,3803,212033646,08 52 33.798,+20 48 52.74,1,13.441,,,555-045537,08523380+2048526,,STAR,gri,rpm,-3.6,1.8,-0.8,2,,,14.693,0.02,13.704,0.02,,,14.185,0.02,13.399,0.01,13.122,0.03,,,11.892,0.023,11.343,0.022,11.238,0.018,4840,76,76,2.627,0.608,0.456,-0.598,0.35,0.35,7.068,5.215,3.359,0.938,0.244,0.064,0.002,0.014,0.002,2441,1507,1048,0.035,0.011,0.007,,,
3804,3804,3804,212033661,08 57 20.993,+20 48 53.79,1,16.336,,,555-045712,08572099+2048536,,STAR,JHK,col,,,,,,,,,,,,,,,,,,,,,13.792,0.039,13.159,0.049,12.797,0.078,3800,439,274,4.932,0.12,0.168,-0.103,0.2,0.28,0.324,0.149,0.102,0.369,0.184,0.153,8.912,8.267,4.857,205.7,133.3,80.9,0.025,0.008,0.008,,,
3805,3805,3805,212033692,09 05 29.937,+20 48 55.65,1,18.805,,,,,5071-301-3-0149-0214,STAR,gri,,-2,3,-2,3,,,,,,,19.505,0.027,19.161,0.01,18.722,0.01,18.653,0.011,18.586,0.029,,,,,,,,,,,,,,,,,,,,,,,,,,,,,,,,,
3806,3806,3806,212033705,08 57 21.349,+20 48 55.96,1,14.03,,,555-045713,08572134+2048558,,STAR,gri,rpm,23.2,9,8.9,9,,,14.917,0.05,14.213,0.07,,,14.558,0.05,13.995,0.06,13.803,0.03,,,13.273,0.037,12.97,0.055,12.958,0.037,5659,181,227,4.475,0.07,0.126,-0.26,0.24,0.32,0.895,0.184,0.112,0.901,0.09,0.09,1.19,0.415,0.453,724.3,195.1,113.5,0.033,0.01,0.007,,,
3807,3807,3807,212033729,09 07 36.802,+20 48 57.45,1,13.448,,,555-046055,09073680+2048575,,STAR,gri,rpm,9.4,3.2,-45.3,3.7,,,14.904,0.05,13.823,0.07,,,14.411,0.05,13.389,0.07,13.035,0.08,,,11.839,0.022,11.307,0.03,11.146,0.022,4652,111,111,4.645,0.025,0.025,-0.036,0.15,0.27,0.679,0.035,0.053,0.746,0.039,0.07,2.336,0.371,0.205,220.1,23.7,24.75,0.024,0.008,0.005,,,
3808,3808,3808,212033749,09 06 37.975,+20 48 58.55,1,16.374,,,,09063797+2048585,5071-301-3-0151-0275,EXTENDED,gri,,0,2,1,2,,,,,,,19.314,0.037,17.337,0.005,16.383,0.004,15.961,0.004,15.617,0.007,15.007,0.062,14.388,0.072,13.929,0.058,,,,,,,,,,,,,,,,,,,,,,,,,,,
3809,3809,3809,212033801,09 10 29.267,+20 49 01.38,1,15.393,,,555-046156,09102927+2049013,5071-301-2-0157-0156,STAR,JHK,rpm,2.6,8.6,25.5,8.2,,,,,,,,,,,,,,,,,13.333,0.024,12.748,0.023,12.532,0.02,3694,129,151,4.951,0.078,0.065,-0.02,0.2,0.24,0.321,0.061,0.078,0.344,0.073,0.102,10.19,6.071,2.892,151.5,34.04,41.96,0.02,0.007,0.006,,,
3810,3810,3810,212033825,09 10 09.728,+20 49 02.86,1,9.985,,1407-1742-1,555-046145,09100972+2049028,,STAR,gri,rpm,2.9,1.1,-9.4,1.2,,,10.836,0.057,10.158,0.043,,,10.51,0.03,10.006,0.04,9.76,0.1,,,8.894,0.029,8.602,0.017,8.565,0.018,5865,137,172,3.999,0.414,0.345,0.021,0.15,0.18,1.579,1.211,0.596,1.155,0.352,0.136,0.192,0.563,0.143,171.7,131.7,64.86,0.023,0.01,0.007,,,
3811,3811,3811,212033832,08 58 22.244,+20 49 03.26,1,17.349,,,,08582224+2049032,5038-301-1-0055-0268,EXTENDED,gri,,-9,3,11,3,,,,,,,18.679,0.021,17.773,0.006,17.46,0.006,17.168,0.007,17.084,0.021,16.742,0.136,,,,,,,,,,,,,,,,,,,,,,,,,,,,,,,
3812,3812,3812,212033858,08 56 31.609,+20 49 04.12,1,16.286,,,,08563160+2049041,,STAR,JHK,col,,,,,,,,,,,,,,,,,,,,,14.151,0.028,13.55,0.03,13.328,0.031,3716,182,182,4.96,0.102,0.085,-0.068,0.16,0.24,0.304,0.078,0.083,0.333,0.101,0.121,10.91,7.278,3.783,205.8,68.62,68.24,0.025,0.008,0.007,,,
3813,3813,3813,212033875,08 56 58.642,+20 49 05.43,1,11.141,,1400-1296-1,555-045699,08565863+2049055,,STAR,gri,rpm,34.1,1.7,-48.7,1.9,,,12.181,0.297,11.088,0.121,,,11.686,0.05,11.09,0.05,10.907,0.04,,,9.987,0.02,9.65,0.021,9.591,0.018,5596,134,134,4.468,0.06,0.14,-0.037,0.15,0.27,0.935,0.173,0.084,0.952,0.059,0.082,1.119,0.296,0.446,164.1,36.11,19.18,0.022,0.007,0.006,,,
3814,3814,3814,212033881,08 57 09.413,+20 49 05.70,1,14.637,,,555-045705,08570940+2049057,,STAR,JHK,rpm,6.4,4.5,-31.2,4.8,,,,,,,,,,,,,,,,,12.255,0.022,11.591,0.023,11.354,0.025,3946,188,125,4.861,0.036,0.084,-0.062,0.2,0.2,0.423,0.085,0.037,0.483,0.094,0.056,6.182,1.115,1.983,133.8,35.89,17.32,0.019,0.006,0.005,,,
3815,3815,3815,212033901,09 09 34.082,+20 49 07.23,1,16.802,,,,09093408+2049072,5061-301-3-0158-0209,EXTENDED,gri,,4,2,4,2,,,,,,,19.553,0.038,17.687,0.006,16.808,0.004,16.423,0.005,16.084,0.01,15.292,0.066,14.772,0.089,14.326,0.074,,,,,,,,,,,,,,,,,,,,,,,,,,,
3816,3816,3816,212033943,08 35 19.285,+20 49 09.30,1,17.482,,,,,6728-301-1-0131-0563,EXTENDED,gri,,,,,,,,,,,,18.6,0.055,17.683,0.028,17.415,0.017,17.25,0.028,17.393,0.069,,,,,,,,,,,,,,,,,,,,,,,,,,,,,,,,,
3817,3817,3817,212033946,09 06 46.608,+20 49 09.39,1,17.84,,,,,5071-301-3-0151-0306,EXTENDED,gri,,-20,3,3,3,,,,,,,19.839,0.062,18.564,0.011,17.883,0.009,17.53,0.009,17.266,0.026,,,,,,,,,,,,,,,,,,,,,,,,,,,,,,,,,
3818,3818,3818,212034043,09 06 42.939,+20 49 14.78,1,17.317,,,,09064293+2049147,5071-301-3-0151-0288,STAR,gri,rpm,5,3,-37,3,,,,,,,20.405,0.046,18.305,0.007,17.285,0.005,16.893,0.006,16.667,0.009,15.545,0.055,14.996,0.088,14.646,0.083,4394,52,52,4.863,0.05,0.05,-0.933,0.2,0.24,0.416,0.051,0.046,0.476,0.04,0.048,6.245,1.763,1.169,677.3,96.06,84.13,0.033,0.008,0.006,,,
3819,3819,3819,212034063,08 52 28.129,+20 49 16.79,1,14.168,,,555-045531,08522813+2049167,,STAR,gri,lam,-7.3,2.6,4,4.6,,,15.588,0.1,14.589,0.01,,,15.135,0.03,14.165,0.02,13.753,0.04,,,12.512,0.025,11.958,0.022,11.802,0.022,4497,137,137,4.683,0.045,0.025,-0.156,0.12,0.12,0.615,0.035,0.058,0.675,0.042,0.058,2.846,0.576,0.309,259.9,27.05,33.64,0.026,0.008,0.005,,,
3820,3820,3820,212034073,08 56 47.002,+20 49 17.75,1,17.164,,,,08564700+2049177,,STAR,J,col,,,,,,,,,,,,,,,,,,,,,15.691,0.068,14.999,0.07,14.673,0.089,3871,403,336,4.895,0.14,0.14,-0.172,0.2,0.28,0.354,0.138,0.131,0.381,0.164,0.164,7.432,8.903,3.576,561.8,320.5,263.2,0.031,0.01,0.008,,,
3821,3821,3821,212034082,08 33 53.574,+20 49 18.09,1,17.979,,,,08335357+2049180,,STAR,JHK,col,,,,,,,,,,,,,,,,,,,,,15.442,0.089,14.724,0.083,14.46,0.097,3985,430,358,4.842,0.168,0.14,-0.172,0.2,0.32,0.422,0.145,0.159,0.47,0.148,0.207,5.732,7.736,2.618,585.9,313.2,264.2,0.032,0.008,0.007,,,
3822,3822,3822,212034112,09 11 41.939,+20 49 19.56,1,16.275,,,,09114193+2049195,5071-301-2-0158-0284,EXTENDED,gri,,-5,2,-1,2,,,,,,,19.141,0.041,17.289,0.005,16.292,0.004,15.84,0.004,15.465,0.007,15.088,0.055,14.313,0.061,14.06,0.075,,,,,,,,,,,,,,,,,,,,,,,,,,,
3823,3823,3823,212034118,08 35 29.746,+20 49 19.95,1,15.43,,,555-044734,08352974+2049198,,STAR,JHK,rpm,2.2,6.6,6,6.3,,,,,,,,,,,,,,,,,13.958,0.025,13.447,0.03,13.366,0.026,4946,148,148,4.606,0.035,0.931,-0.222,0.2,0.36,0.725,1.784,0.056,0.785,0.091,0.076,1.99,0.348,1.925,677.4,1671,73.67,0.034,0.01,0.007,,,
3824,3824,3824,212034132,09 04 54.746,+20 49 20.62,1,18.683,,,,09045474+2049206,5071-301-3-0149-0226,STAR,gri,rpm,-43,3,-60,3,,,,,,,23.193,0.37,20.378,0.02,18.975,0.011,17.957,0.008,17.396,0.013,16.213,0.097,15.753,0.12,15.409,0.124,3431,68,34,5.085,0.02,0.02,-0.006,0.06,0.14,0.206,0.007,0.009,0.188,0.008,0.008,21.46,2.07,1.288,316.4,30.21,9.493,0.031,0.001,0.004,,,
3825,3825,3825,212034158,08 33 57.526,+20 49 21.77,1,19.071,,,,08335752+2049217,,STAR,JHK,col,,,,,,,,,,,,,,,,,,,,,16.132,0.109,15.276,0.087,14.935,0.106,3926,351,351,4.872,0.156,0.13,-0.208,0.2,0.28,0.381,0.129,0.142,0.432,0.145,0.203,6.654,8.485,2.955,719.5,364.5,314.1,0.032,0.01,0.007,,,
3826,3826,3826,212034296,09 06 22.849,+20 49 29.59,1,10.77,,1407-1246-1,555-046011,09062285+2049295,,STAR,gri,rpm,-1.3,1.7,-5.6,1.7,,,11.85,0.139,11.362,0.134,,,11.99,0.06,10.769,0.08,10.248,0.08,,,8.768,0.024,8.107,0.026,7.912,0.029,4303,83,83,1.85,0.26,0.364,-0.107,0.2,0.32,20.721,8.548,5.182,1.227,0.214,0.256,1.29E-04,1.91E-04,8.55E-05,1399,432.4,330.3,0.035,0.01,0.007,,,
3827,3827,3827,212034331,09 10 18.198,+20 49 32.18,1,17.844,,,,09101819+2049321,5071-301-2-0156-0181,EXTENDED,gri,,-4,3,2,3,,,,,,,19.979,0.053,18.751,0.01,17.909,0.008,17.455,0.007,17.15,0.016,16.145,0.086,15.56,0.092,14.921,0.086,,,,,,,,,,,,,,,,,,,,,,,,,,,
3828,3828,3828,212034351,08 56 06.560,+20 49 33.79,1,15.044,,,555-045674,08560655+2049338,,STAR,gri,rpm,1.8,2.9,-5.1,3.1,,,15.99,0.04,15.244,0.03,,,15.605,0.04,14.976,0.03,14.803,0.03,,,13.788,0.026,13.385,0.023,13.275,0.028,5379,107,129,4.534,0.04,0.104,-0.183,0.2,0.32,0.831,0.145,0.077,0.868,0.067,0.081,1.519,0.266,0.419,793.2,154.7,74.77,0.034,0.01,0.007,,,
3829,3829,3829,212034393,09 05 48.487,+20 49 36.61,1,13.357,,,555-045989,09054847+2049366,,STAR,gri,rpm,7.2,2.5,4.2,2.4,,,14.653,0.04,13.648,0.05,,,14.135,0.05,13.323,0.07,13.024,0.07,,,11.925,0.024,11.42,0.03,11.31,0.022,4904,97,97,3.217,0.3,0.78,-0.294,0.2,0.44,4.105,5.386,1.317,1.012,0.205,0.154,0.012,0.026,0.011,1530,1782,458.8,0.035,0.011,0.006,,,
3830,3830,3830,212034423,09 02 37.306,+20 49 38.47,1,17.653,,,,09023730+2049384,5061-301-4-0148-0274,EXTENDED,gri,,1,3,2,3,,,,,,,20.309,0.057,18.479,0.007,17.661,0.006,17.299,0.006,17.062,0.016,15.91,0.069,15.322,0.085,14.927,0.093,,,,,,,,,,,,,,,,,,,,,,,,,,,
3831,3831,3831,212034439,08 33 51.922,+20 49 39.36,1,18.694,,,,,6728-301-1-0129-0192,EXTENDED,gri,,4,3,-2,3,,,,,,,19.911,0.052,18.91,0.011,18.622,0.012,18.388,0.013,18.222,0.036,,,,,,,,,,,,,,,,,,,,,,,,,,,,,,,,,
3832,3832,3832,212034471,08 57 49.273,+20 49 41.34,1,8.89,,1400-1456-1,555-045724,08574927+2049413,,STAR,gri,rpm,-62.2,0.9,28,0.9,,,9.163,0.023,8.656,0.018,,,9.92,0.03,9.087,0.04,8.449,0.05,,,7.644,0.021,7.427,0.017,7.383,0.016,6347,233,194,4.154,0.175,0.21,-0.008,0.12,0.21,1.533,0.449,0.296,1.279,0.15,0.125,0.324,0.279,0.17,108.2,34.05,22.06,0.015,0.006,0.003,,,
3833,3833,3833,212034481,08 54 02.831,+20 49 42.08,1,13.538,,,555-045602,08540283+2049421,,STAR,gri,rpm,4.3,1.9,-13.3,2.2,,,14.691,0.02,13.801,0.02,,,14.226,0.03,13.512,0.02,13.243,0.03,,,12.117,0.025,11.54,0.021,11.446,0.019,4920,78,58,2.923,0.365,0.438,-0.634,0.2,0.2,5.142,3.015,1.641,0.916,0.046,0.091,0.005,0.012,0.004,2068,1114,724.2,0.033,0.011,0.006,,,
3834,3834,3834,212034510,08 34 50.283,+20 49 43.61,1,18.849,,,,08345028+2049436,,STAR,JHK,col,,,,,,,,,,,,,,,,,,,,,16.352,0.105,16.173,0.166,15.401,0.145,3745,1666,384,4.978,0.125,0.4,-0.254,0.25,0.55,0.298,0.42,0.122,0.307,0.418,0.139,11.33,12.07,9.34,539.2,1403,238.1,0.031,0.01,0.007,,,
3835,3835,3835,212034545,08 59 15.028,+20 49 45.24,1,11.713,,,555-045771,08591502+2049453,,STAR,gri,rpm,-10,0.8,8.2,1,,,12.476,0.03,11.855,0.03,,,12.118,0.04,11.721,0.04,11.539,0.08,,,10.69,0.02,10.449,0.021,10.372,0.018,6164,125,150,4.111,0.24,0.2,-0.019,0.1,0.26,1.492,0.575,0.355,1.185,0.204,0.113,0.33,0.375,0.197,405.2,136.4,119.1,0.031,0.008,0.007,,,
3836,3836,3836,212034569,08 32 45.139,+20 49 46.48,1,14.51,,,555-044614,08324513+2049465,,STAR,BV,rpm,3.6,2.5,-16.6,4.3,,,15.58,0.08,14.717,0.06,,,15.071,0.06,,,,,,,13.264,0.025,12.856,0.028,12.761,0.025,5355,193,160,4.548,0.045,0.081,-0.217,0.2,0.36,0.803,0.125,0.062,0.847,0.072,0.072,1.534,0.353,0.448,600.7,129.2,61.61,0.034,0.01,0.008,,,
3837,3837,3837,212034573,09 07 20.776,+20 49 46.58,1,12.63,,,555-046047,09072076+2049465,,STAR,gri,lam,-11,2.2,5.3,2.8,,,13.618,0.04,12.822,0.06,,,13.203,0.05,12.595,0.08,12.384,0.08,,,11.45,0.022,11.005,0.027,10.954,0.021,5390,161,129,4.545,0.03,0.042,-0.119,0.12,0.1,0.828,0.064,0.034,0.886,0.052,0.044,1.522,0.166,0.233,273.7,28.63,17.56,0.028,0.008,0.006,,,
3838,3838,3838,212034577,08 34 06.693,+20 49 46.81,1,18.035,,,,08340669+2049468,6728-301-1-0129-0337,STAR,gri,rpm,-34,4,-15,4,,,,,,,22.881,0.358,20.167,0.02,18.699,0.009,17.122,0.005,16.213,0.007,14.651,0.034,14.056,0.024,13.865,0.042,3584,110,132,5.057,0.035,0.042,-0.164,0.2,0.2,0.229,0.035,0.026,0.222,0.045,0.032,17.83,3.855,3.732,188.9,32.22,23.24,0.025,0.008,0.006,,,
3839,3839,3839,212034603,09 04 30.092,+20 49 48.85,1,12.346,,,555-045943,09043008+2049488,,STAR,gri,rpm,-7.3,1.3,-3.2,1.8,,,13.16,0.05,12.5,0.04,,,12.781,0.05,12.321,0.06,12.159,0.09,,,11.257,0.022,10.951,0.024,10.874,0.019,5910,139,174,4.127,0.26,0.312,-0.057,0.15,0.24,1.413,0.685,0.396,1.087,0.165,0.103,0.286,0.602,0.175,495.1,191.5,160.7,0.031,0.008,0.006,,,
3840,3840,3840,212034617,08 31 52.414,+20 49 50.17,1,15.02,,,555-044552,08315241+2049501,6597-301-2-0219-0057,STAR,gri,rpm,-2,2.9,-1.2,3.1,,,16.158,0.072,15.323,0.05,,,15.689,0.07,15.062,0.06,14.733,0.085,,,13.806,0.027,13.393,0.024,13.275,0.035,5286,159,127,4.535,0.045,0.918,-0.238,0.25,0.55,0.822,1.635,0.074,0.871,0.061,0.085,1.507,0.326,1.446,795.2,1580,92.97,0.034,0.011,0.007,,,
3841,3841,3841,212034630,09 08 35.234,+20 49 50.98,1,14.419,,,555-046090,09083523+2049509,,STAR,gri,rpm,-6.9,4.7,-35.4,5,,,15.497,0.03,14.617,0.07,,,15.13,0.07,14.318,0.08,14.115,0.08,,,13.078,0.024,12.659,0.035,12.538,0.023,5134,186,155,4.597,0.03,0.036,-0.306,0.2,0.28,0.722,0.061,0.043,0.765,0.067,0.056,1.984,0.294,0.295,467.1,53.15,40.12,0.031,0.009,0.005,,,
3842,3842,3842,212034636,08 50 32.035,+20 49 51.16,1,10.372,,1399-1274-1,555-045466,08503204+2049512,,STAR,gri,rpm,-0.1,1.6,-22.5,1.6,,,11.682,0.131,10.654,0.075,,,11.313,0.03,10.4,0.05,9.969,0.05,,,8.611,0.024,8.012,0.055,7.84,0.026,4608,89,89,2.382,0.29,0.522,-0.283,0.25,0.5,10.323,6.473,3.032,1.093,0.198,0.198,8.26E-04,0.001,6.87E-04,775.7,504.6,208.6,0.034,0.009,0.005,,,
3843,3843,3843,212034641,08 35 11.506,+20 49 51.43,1,14.346,,,555-044720,08351149+2049514,6728-301-1-0131-0243,STAR,JHK,col,,,,,,,,,,,,,,,,,,,,,11.956,0.021,11.332,0.021,11.052,0.02,3555,106,148,5.03,0.1,0.05,-0.005,0.15,0.21,0.251,0.047,0.067,0.242,0.065,0.078,15.04,10.21,3.763,68.41,22.6,27.49,0.01,0.006,0.005,,,
3844,3844,3844,212034661,08 35 03.786,+20 49 52.46,1,15.317,,,555-044709,08350378+2049523,6728-301-1-0131-0211,STAR,JHK,rpm,-33.8,3.6,-8.1,3.1,,,,,,,,,,,,,,,,,13.182,0.023,12.543,0.021,12.359,0.02,3976,195,162,4.855,0.05,0.06,-0.134,0.2,0.24,0.424,0.061,0.053,0.473,0.073,0.073,6.026,1.827,1.402,202,42.55,35.15,0.024,0.008,0.006,,,
3845,3845,3845,212034674,09 04 47.424,+20 49 53.36,1,19.296,,,,,5061-301-4-0151-0160,STAR,gri,,5,3,-42,3,,,,,,,19.963,0.035,19.401,0.011,19.261,0.012,19.217,0.016,19.29,0.06,,,,,,,,,,,,,,,,,,,,,,,,,,,,,,,,,
3846,3846,3846,212034747,08 31 41.601,+20 49 57.00,1,18.021,,,,08314160+2049569,6597-301-2-0219-0219,EXTENDED,gri,,1,3,0,3,,,,,,,20.11,0.057,18.792,0.01,18.087,0.008,17.69,0.009,17.424,0.021,16.538,0.15,15.906,0.173,15.386,0.156,,,,,,,,,,,,,,,,,,,,,,,,,,,
3847,3847,3847,212034881,09 11 34.252,+20 50 04.61,1,15.682,,,555-046192,09113425+2050046,5071-301-2-0158-0131,EXTENDED,gri,,-7.1,3.1,-20,3.5,,,16.848,0.1,15.933,0.01,,,16.403,0.07,15.594,0.06,15.373,0.19,,,14.29,0.031,13.784,0.031,13.639,0.033,,,,,,,,,,,,,,,,,,,,,,,,,,,
3848,3848,3848,212034913,09 08 39.327,+20 50 06.61,1,18.619,,,,,5061-301-3-0156-0316,EXTENDED,gri,,8,3,-1,3,,,,,,,20.185,0.064,19.087,0.012,18.657,0.013,18.419,0.018,18.258,0.059,,,,,,,,,,,,,,,,,,,,,,,,,,,,,,,,,
3849,3849,3849,212034957,09 03 02.394,+20 50 08.97,1,18.615,,,,,5061-301-4-0148-0216,STAR,gri,,-13,3,-12,3,,,,,,,18.144,0.013,18.323,0.007,18.712,0.009,18.86,0.013,19.066,0.051,,,,,,,,,,,,,,,,,,,,,,,,,,,,,,,,,
3850,3850,3850,212034963,08 56 52.059,+20 50 09.36,1,15.66,,,555-045693,08565206+2050094,,STAR,JHK,rpm,-78.1,4.7,-105.1,4.9,,,,,,,,,,,,,,,,,13.61,0.024,12.994,0.023,12.812,0.025,3840,292,244,5.019,0.085,0.102,-0.513,0.35,0.35,0.263,0.084,0.064,0.266,0.126,0.09,14.31,8.634,6.19,148.2,51.24,50.4,0.02,0.007,0.007,,,
3851,3851,3851,212035029,08 32 22.327,+20 50 13.59,1,11.188,,1398-1280-1,555-044586,08322232+2050135,,STAR,gri,plx,-8.8,2.3,-9.6,2.4,,,12.45,0.321,11.087,0.103,,,11.908,0.03,11.175,0.04,10.88,0.06,,,9.781,0.021,9.33,0.018,9.21,0.018,4993,81,81,2.406,0.04,0.088,-0.6,0.15,0.18,10.386,0.774,0.604,0.976,0.129,0.064,8.97E-04,1.09E-04,2.17E-04,4282,8243,8243,0.033,0.01,0.007,,,
3852,3852,3852,212035036,08 58 35.257,+20 50 14.18,1,12.504,,,555-045742,08583525+2050141,,STAR,gri,rpm,-2.7,1.8,-2.8,2.3,,,13.68,0.03,12.743,0.05,,,13.203,0.05,12.49,0.07,12.205,0.06,,,11.126,0.022,10.64,0.021,10.548,0.018,4963,119,79,2.816,0.666,0.555,-0.498,0.3,0.25,5.534,4.56,2.5,1.002,0.21,0.105,0.003,0.028,0.003,1444,1048,693.7,0.033,0.007,0.007,,,
3853,3853,3853,212035095,08 54 03.082,+20 50 18.69,1,14.722,,,555-045603,08540308+2050186,,STAR,gri,rpm,2.5,4.3,9.5,6.4,,,15.713,0.05,14.924,0.04,,,15.296,0.03,14.663,0.03,14.476,0.01,,,13.321,0.026,12.877,0.024,12.8,0.024,5275,106,106,4.548,0.045,0.891,-0.285,0.25,0.4,0.823,1.703,0.09,0.864,0.082,0.082,1.52,0.329,1.459,621.5,1198,71.4,0.033,0.008,0.007,,,
3854,3854,3854,212035112,08 57 02.597,+20 50 19.46,1,15.039,,,555-045702,08570259+2050192,5071-301-5-0137-0277,STAR,gri,rpm,-18.4,4.4,0.9,4.7,,,17.329,0.11,15.628,0.056,,,16.605,0.03,15.123,0.12,14.368,0.02,,,12.794,0.023,12.156,0.023,11.946,0.025,3795,108,61,4.897,0.063,0.045,0.019,0.06,0.18,0.376,0.051,0.053,0.41,0.059,0.071,7.42,2.823,1.526,142.1,25.24,21.43,0.017,0.007,0.006,,,
3855,3855,3855,212035124,09 02 56.031,+20 50 20.17,1,11.699,,1400-2407-1,555-045896,09025604+2050199,,STAR,gri,rpm,-13.3,2,0.2,2.1,,,11.66,0.1,11.688,0.183,,,11.853,0.05,11.648,0.05,11.559,0.08,,,10.834,0.02,10.648,0.026,10.601,0.02,6679,161,242,4.184,0.105,0.189,-0.087,0.12,0.15,1.512,0.454,0.186,1.341,0.146,0.121,0.354,0.158,0.171,469.5,124.6,72.63,0.032,0.007,0.006,,,
3856,3856,3856,212035186,09 05 45.759,+20 50 24.54,1,13.945,,,555-045987,09054574+2050245,,STAR,gri,lam,-4.3,3.1,4.6,3.3,,,14.98,0.06,14.179,0.05,,,14.568,0.06,13.926,0.07,13.678,0.08,,,12.677,0.024,12.189,0.031,12.123,0.025,5188,159,95,3.7,0.104,0.065,-0.348,0.1,0.12,2.326,0.254,0.314,1.017,0.121,0.075,0.078,0.033,0.018,1296,108.1,162,0.034,0.01,0.008,,,
3857,3857,3857,212035198,08 54 15.164,+20 50 25.14,1,14.503,,,555-045609,08541516+2050251,,STAR,gri,rpm,-9.1,6.9,1,2.3,,,15.378,0.06,14.627,0.04,,,14.981,0.02,14.474,0.02,14.298,0.08,,,13.33,0.025,12.95,0.026,12.816,0.021,5647,111,133,4.466,0.06,0.636,-0.335,0.25,0.45,0.922,1.049,0.11,0.901,0.082,0.082,1.117,0.339,0.996,756.9,806.4,102.2,0.033,0.01,0.007,,,
3858,3858,3858,212035242,08 56 55.941,+20 50 28.11,1,12.439,,,555-045697,08565593+2050280,,STAR,gri,lam,3.8,1.3,-8,2.3,,,13.835,0.02,12.723,0.03,,,13.287,0.06,12.387,0.06,12.075,0.04,,,10.848,0.022,10.289,0.021,10.198,0.02,4718,75,56,2.812,0.156,0.13,-0.205,0.12,0.18,6.735,1.142,1.154,1.089,0.166,0.118,0.003,0.003,0.001,1419,221.5,226.7,0.032,0.01,0.005,,,
3859,3859,3859,212035291,08 35 18.831,+20 50 31.08,1,17.227,,,,08351883+2050310,6728-301-1-0131-0278,EXTENDED,gri,,2,3,0,3,,,,,,,20.154,0.075,18.251,0.009,17.234,0.006,16.788,0.005,16.448,0.011,15.846,0.086,15.036,0.09,14.689,0.088,,,,,,,,,,,,,,,,,,,,,,,,,,,
3860,3860,3860,212035386,08 27 10.252,+20 50 37.78,1,15.011,,,555-044322,08271024+2050377,6597-301-3-0212-0137,STAR,JHK,rpm,-0.2,4.2,-2.8,4.9,,,,,,,,,,,,,,,,,13.426,0.025,12.889,0.027,12.783,0.023,4860,143,143,4.596,0.045,1.728,-0.235,0.25,0.6,0.738,4.979,0.074,0.79,0.156,0.065,1.891,0.468,1.886,543.8,3670,79.24,0.034,0.008,0.007,,,
3861,3861,3861,212035421,09 00 08.549,+20 50 39.70,1,16.413,,,,09000854+2050396,5061-301-5-0144-0196,EXTENDED,gri,,1,3,2,3,,,,,,,18.705,0.025,17.084,0.005,16.445,0.004,16.125,0.004,15.909,0.009,15.456,0.063,14.737,0.09,14.518,0.076,,,,,,,,,,,,,,,,,,,,,,,,,,,
3862,3862,3862,212035441,08 32 32.444,+20 50 41.02,1,16.572,,,,08323244+2050410,6597-301-2-0220-0339,STAR,gri,rpm,-37,3,-15,3,,,,,,,21.298,0.096,18.518,0.008,17.104,0.006,15.738,0.005,14.992,0.005,13.601,0.022,12.948,0.021,12.715,0.023,3633,105,105,5.001,0.042,0.035,-0.036,0.12,0.15,0.28,0.035,0.04,0.288,0.044,0.053,12.9,3.489,2.12,146.1,22.8,26.85,0.019,0.009,0.005,,,
3863,3863,3863,212035483,08 50 04.396,+20 50 43.88,1,13.185,,,555-045440,08500439+2050439,,STAR,gri,lam,-2.7,1.5,-4.7,1.5,,,14.053,0.02,13.395,0.01,,,13.695,0.03,13.189,0.04,12.967,0.03,,,12.077,0.025,11.693,0.029,11.575,0.024,5003,99,79,2.867,0.14,0.168,-0.85,0.15,0.15,5.739,1.283,0.888,0.901,0.029,0.018,0.005,0.003,0.002,2254,443.4,370.5,0.033,0.01,0.008,,,
3864,3864,3864,212035485,08 51 03.797,+20 50 44.03,1,19.527,,,,,5045-301-2-0145-0260,STAR,gri,,-3,4,-3,4,,,,,,,20.293,0.049,19.573,0.013,19.512,0.016,19.449,0.022,19.382,0.065,,,,,,,,,,,,,,,,,,,,,,,,,,,,,,,,,
3865,3865,3865,212035492,09 06 40.278,+20 50 44.16,1,14.095,,,555-046019,09064027+2050441,,STAR,gri,lam,-12.9,4.9,-6.6,2.8,,,15.564,0.05,14.447,0.06,,,15.043,0.04,14.024,0.08,13.688,0.08,,,12.492,0.022,11.939,0.03,11.815,0.024,4550,137,137,4.664,0.03,0.036,-0.047,0.1,0.12,0.646,0.05,0.039,0.706,0.044,0.044,2.558,0.379,0.33,274.9,33.83,30.12,0.027,0.01,0.006,,,
3866,3866,3866,212035501,08 33 21.238,+20 50 44.71,1,17.007,,,,08332123+2050447,,STAR,J,rpm,4,0,10,4,,,,,,,,,,,,,,,,,15.545,0.077,14.845,0.062,14.226,0.068,3556,164,164,5.026,0.072,0.072,-0.035,0.15,0.15,0.248,0.061,0.049,0.25,0.093,0.067,14.16,7.57,4.25,311.5,101,89.14,0.03,0.008,0.007,,,
3867,3867,3867,212035517,09 02 26.910,+20 50 46.12,1,15.741,,,555-045882,09022691+2050464,5071-301-4-0145-0057,STAR,gri,rpm,0.8,19.1,-7.9,19.1,,,16.408,0.27,16.023,0.2,,,16.189,0.33,15.78,0.2,15.549,0.19,,,15.399,0.042,14.648,0.047,13.907,0.045,2587,51,112,5.285,0.02,0.024,-0.04,0.15,0.21,0.111,0.003,0.004,0.088,0.003,0.004,62.83,5.43,4.194,140.5,33.14,36.05,0.02,0.006,0.005,,,
3868,3868,3868,212035538,09 08 29.440,+20 50 47.30,1,17.044,,,,09082943+2050472,5061-301-3-0156-0304,EXTENDED,gri,,5,2,-5,2,,,,,,,19.518,0.063,17.895,0.008,17.095,0.007,16.679,0.007,16.345,0.021,16.588,0.165,15.846,0.207,15.335,0.159,,,,,,,,,,,,,,,,,,,,,,,,,,,
3869,3869,3869,212035609,08 26 02.582,+20 50 51.67,1,10.537,,1391-1284-1,555-044268,08260258+2050517,,STAR,gri,rpm,-17,1.2,-3.3,1.2,,,11.071,0.068,10.582,0.063,,,10.734,0.03,10.472,0.04,10.386,0.06,,,9.683,0.024,9.5,0.022,9.454,0.017,6593,160,160,4.099,0.16,0.256,-0.015,0.12,0.12,1.747,0.714,0.396,1.412,0.209,0.156,0.234,0.233,0.141,317,136.2,74.52,0.03,0.01,0.007,,,
3870,3870,3870,212035620,09 09 00.437,+20 50 52.41,1,16.556,,,,09090043+2050524,5061-301-3-0157-0163,EXTENDED,gri,,5,2,-5,2,,,,,,,19.509,0.05,17.612,0.006,16.624,0.005,16.104,0.005,15.671,0.009,15.127,0.069,14.436,0.084,13.837,0.069,,,,,,,,,,,,,,,,,,,,,,,,,,,
3871,3871,3871,212035628,08 54 19.456,+20 50 53.03,1,12.669,,,555-045612,08541946+2050531,,STAR,gri,lam,-8.2,1,-1.5,2,,,13.23,0.042,12.719,0.01,,,12.974,0.031,12.608,0.041,12.538,0.03,,,11.805,0.02,11.526,0.021,11.5,0.02,6221,149,149,4.227,0.095,0.114,-0.105,0.12,0.12,1.316,0.265,0.162,1.148,0.111,0.093,0.466,0.2,0.162,612.4,118.5,83.91,0.031,0.008,0.006,,,
3872,3872,3872,212035703,08 51 33.410,+20 50 56.95,1,14.31,,,555-045502,08513341+2050571,5071-301-6-0129-0181,STAR,gri,lam,-8.9,2.6,-26,5.7,,,15.837,0.06,14.729,0.01,,,15.273,0.03,14.284,0.02,13.897,0.03,,,12.71,0.023,12.092,0.021,11.977,0.019,4608,167,139,4.647,0.03,0.03,-0.026,0.1,0.12,0.666,0.039,0.037,0.729,0.044,0.044,2.411,0.326,0.287,321.7,33.48,30.33,0.03,0.007,0.007,,,
3873,3873,3873,212035711,09 11 23.717,+20 50 57.20,1,10.372,,1407-1710-1,555-046186,09112372+2050572,,STAR,gri,rpm,-0.7,1.4,-31.5,1.5,,,11.725,0.102,10.728,0.057,,,11.144,0.02,10.352,0.04,10.041,0.05,,,8.849,0.03,8.362,0.024,8.544,0.034,4990,79,79,3.049,0.588,0.588,-0.329,0.3,0.36,3.481,4.465,2.66,0.959,0.229,0.115,0.016,0.805,0.014,365.3,307.1,227.7,0.028,0.009,0.009,,,
3874,3874,3874,212035743,08 31 07.806,+20 50 59.07,1,14.121,,,555-044517,08310780+2050590,,STAR,gri,rpm,-3.1,2.2,-21.7,1.8,,,15.378,0.05,14.42,0.06,,,14.901,0.01,14.056,0.03,13.786,0.069,,,12.643,0.025,12.175,0.022,12.098,0.019,4909,79,79,4.603,0.024,0.02,-0.033,0.12,0.15,0.739,0.033,0.042,0.801,0.04,0.04,1.979,0.272,0.153,372,22.95,25.79,0.033,0.005,0.007,,,
3875,3875,3875,212035797,09 06 01.775,+20 51 02.71,1,16.835,,,,09060177+2051027,5071-301-3-0150-0159,EXTENDED,gri,,4,3,-1,3,,,,,,,19.763,0.051,17.814,0.006,16.838,0.005,16.415,0.004,16.062,0.009,15.406,0.07,14.882,0.107,14.307,0.091,,,,,,,,,,,,,,,,,,,,,,,,,,,
3876,3876,3876,212035817,09 05 08.723,+20 51 04.31,1,14.484,,,555-045970,09050870+2051042,5071-301-3-0149-0088,STAR,gri,rpm,-28.2,2.2,10.3,3.6,,,15.695,0.07,14.806,0.05,,,15.219,0.06,14.472,0.07,14.169,0.09,,,13.088,0.025,12.608,0.028,12.501,0.023,4987,142,101,4.606,0.042,0.028,-0.241,0.2,0.32,0.71,0.054,0.07,0.755,0.054,0.076,2.07,0.442,0.267,453,36.44,49.64,0.031,0.01,0.005,,,
3877,3877,3877,212035818,09 10 44.921,+20 51 04.35,1,10.257,,1407-1730-1,555-046162,09104491+2051044,,STAR,gri,rpm,-4.8,1.5,-23.3,1.5,,,11.557,0.097,10.473,0.051,,,11.067,0.03,10.205,0.04,9.91,0.06,,,8.613,0.024,8.111,0.026,7.944,0.031,4799,77,77,2.702,0.474,0.395,-0.188,0.2,0.2,7.758,3.43,3.111,1.197,0.28,0.2,0.003,0.009,0.002,575.1,218.7,208.9,0.031,0.01,0.007,,,
3878,3878,3878,212035842,08 26 56.209,+20 51 06.46,1,12.071,,,555-044308,08265621+2051064,,STAR,gri,rpm,-9.1,1.8,-6.2,4.1,,,13.196,0.01,12.321,0.01,,,12.748,0.05,12.054,0.03,11.781,0.06,,,10.662,0.021,10.183,0.022,10.104,0.019,5017,101,80,3.054,0.4,0.72,-0.549,0.3,0.3,4.785,5.258,1.718,0.966,0.217,0.072,0.009,0.023,0.008,929.5,1058,293.8,0.034,0.008,0.007,,,
3879,3879,3879,212035856,08 53 49.387,+20 51 07.67,1,13.039,,,555-045591,08534938+2051076,,STAR,gri,lam,-7.7,1.6,-0.3,1.9,,,14.298,0.04,13.393,0.05,,,13.857,0.02,13.062,0.03,12.688,0.02,,,11.412,0.025,10.845,0.02,10.747,0.019,5045,80,80,3.509,0.09,0.126,-0.452,0.12,0.18,2.839,0.475,0.311,0.976,0.096,0.048,0.041,0.017,0.014,859,127.3,110.8,0.031,0.008,0.005,,,
3880,3880,3880,212035859,09 09 26.169,+20 51 07.89,1,17.503,,,,09092616+2051078,,STAR,J,col,,,,,,,,,,,,,,,,,,,,,16.007,0.102,15.282,0.118,14.531,0.102,3623,337,280,5.013,0.12,0.144,-0.128,0.2,0.28,0.243,0.147,0.079,0.252,0.171,0.107,13.26,12.6,7.311,411.8,282.7,167.6,0.03,0.01,0.008,,,
3881,3881,3881,212035893,08 28 30.674,+20 51 10.59,1,13.804,,,555-044401,08283067+2051105,,STAR,gri,rpm,-3.6,2.5,-3.5,3,,,15.072,0.02,14.102,0.04,,,14.585,0.01,13.791,0.02,13.469,0.066,,,12.206,0.02,11.636,0.022,11.547,0.02,4801,76,76,2.494,0.635,0.889,-0.685,0.4,0.96,8.587,12.863,4.669,0.91,0.16,0.115,9.85E-04,0.012,9.34E-04,3398,5858,1581,0.033,0.01,0.007,,,
3882,3882,3882,212035910,09 06 11.787,+20 51 11.55,1,15.253,,,,09061178+2051115,5071-301-3-0151-0184,EXTENDED,gri,,-2,2,-5,2,,,,,,,18.15,0.036,16.203,0.004,15.276,0.003,14.846,0.003,14.486,0.007,15.148,0.086,14.419,0.107,14.124,0.102,,,,,,,,,,,,,,,,,,,,,,,,,,,
3883,3883,3883,212035923,08 52 13.613,+20 51 12.38,1,13.193,,,555-045524,08521361+2051124,,STAR,gri,rpm,19.6,1.4,-22.9,1.5,,,14.127,0.03,13.382,0.01,,,13.736,0.03,13.154,0.03,12.96,0.06,,,11.997,0.023,11.57,0.02,11.497,0.021,5389,86,86,4.56,0.03,0.06,-0.298,0.2,0.36,0.788,0.095,0.065,0.839,0.063,0.076,1.652,0.267,0.39,331.2,57.57,25.5,0.03,0.011,0.007,,,
3884,3884,3884,212035962,09 06 47.916,+20 51 14.74,1,17.305,,,,09064791+2051147,5071-301-3-0151-0314,EXTENDED,gri,,2,3,-7,3,,,,,,,20.314,0.075,18.27,0.008,17.315,0.006,16.892,0.006,16.558,0.012,15.848,0.093,15.253,0.12,14.691,0.106,,,,,,,,,,,,,,,,,,,,,,,,,,,
3885,3885,3885,212035976,08 29 01.810,+20 51 15.83,1,11.227,,1391-1295-1,555-044424,08290181+2051158,,STAR,gri,rpm,-9.5,1.6,-11.8,1.6,,,11.597,0.108,11.253,0.127,,,11.347,0.06,11.188,0.02,11.155,0.06,,,10.521,0.021,10.415,0.022,10.332,0.022,7184,143,287,4.08,0.138,0.138,-0.03,0.08,0.1,1.831,0.412,0.337,1.58,0.124,0.149,0.223,0.169,0.085,516.9,123.4,99.64,0.031,0.013,0.007,,,
3886,3886,3886,212035996,09 08 29.718,+20 51 17.04,1,14.137,,,555-046084,09082971+2051171,,STAR,gri,rpm,-4.8,4.7,-5,5.1,,,15.531,0.06,14.443,0.08,,,15.01,0.06,14.065,0.06,13.763,0.11,,,12.607,0.024,12.048,0.032,11.96,0.02,4701,139,111,4.611,0.045,1.935,-0.131,0.25,0.35,0.716,7.019,0.071,0.781,0.187,0.062,2.077,0.514,2.075,343.2,3244,45.94,0.032,0.011,0.008,,,
3887,3887,3887,212035998,08 52 46.359,+20 51 17.22,1,15.355,,,555-045546,08524636+2051172,,STAR,gri,rpm,-0.8,2.8,-0.8,3,,,16.433,0.04,15.664,0.02,,,15.984,0.01,15.379,0.06,15.085,0.04,,,14.162,0.03,13.659,0.029,13.567,0.032,5081,120,80,3.129,1.25,1.25,-0.838,0.5,1,3.331,10.303,2.717,0.826,0.077,0.048,0.014,1.101,0.014,3163,9371,2365,0.032,0.009,0.005,,,
3888,3888,3888,212036000,09 08 54.037,+20 51 17.36,1,14.076,,,555-046101,09085403+2051173,,STAR,gri,rpm,-17.4,4.7,-12,5.1,,,15.284,0.04,14.336,0.06,,,14.814,0.06,13.999,0.07,13.76,0.09,,,12.646,0.023,12.16,0.031,12.053,0.021,4971,120,120,4.605,0.03,0.042,-0.116,0.2,0.28,0.732,0.068,0.052,0.798,0.063,0.063,1.934,0.286,0.295,375.3,46.19,34.6,0.032,0.007,0.006,,,
3889,3889,3889,212036055,09 12 23.537,+20 51 21.21,1,12.729,,,555-046224,09122354+2051212,,STAR,gri,rpm,-17.1,1.5,-3.4,2.1,,,13.677,0.04,12.916,0.04,,,13.257,0.03,12.68,0.03,12.504,0.05,,,11.53,0.021,11.153,0.022,11.095,0.018,5529,88,111,4.481,0.04,0.6,-0.033,0.12,0.48,0.918,0.948,0.068,0.919,0.066,0.055,1.175,0.251,1.03,324.6,379.3,29.24,0.028,0.01,0.008,,,
3890,3890,3890,212036103,08 53 26.237,+20 51 23.60,1,9.542,,1400-141-1,555-045575,08532624+2051235,,STAR,gri,rpm,-61.5,1.1,-31.4,1.1,,,10.032,0.034,9.51,0.028,,,10.271,0.07,9.845,0.06,9.23,0.04,,,8.464,0.024,8.219,0.027,8.191,0.034,6142,182,182,4.208,0.17,0.238,-0.064,0.15,0.15,1.374,0.48,0.265,1.17,0.105,0.105,0.4,0.32,0.224,135.4,43.6,28.1,0.02,0.008,0.005,,,
3891,3891,3891,212036112,08 26 19.078,+20 51 24.02,1,13.053,,,555-044284,08261907+2051240,,STAR,gri,rpm,4.8,2.2,-3.6,2.7,,,14.205,0.01,13.281,0.01,,,13.758,0.05,13.022,0.03,12.751,0.062,,,11.615,0.022,11.144,0.022,11.037,0.018,4999,101,80,3.314,0.305,0.915,-0.358,0.25,0.35,3.793,5.743,1.314,1.032,0.209,0.149,0.016,0.041,0.015,1212,1565,354.1,0.033,0.011,0.007,,,
3892,3892,3892,212036173,09 08 56.061,+20 51 27.16,1,12.954,,,555-046102,09085605+2051271,,STAR,gri,lam,12.2,2.4,-6.1,3,,,13.752,0.05,13.054,0.08,,,13.403,0.05,12.88,0.09,12.761,0.11,,,11.995,0.024,11.702,0.031,11.56,0.019,5981,120,120,4.285,0.105,0.147,-0.027,0.12,0.12,1.211,0.283,0.149,1.094,0.079,0.066,0.569,0.253,0.253,577.1,127.7,76.77,0.033,0.008,0.007,,,
3893,3893,3893,212036215,08 51 49.182,+20 51 29.77,1,15.536,,,555-045511,08514918+2051297,5071-301-6-0130-0022,STAR,gri,rpm,-4.3,2.7,-2,3,,,16.296,0.06,15.714,0.07,,,15.938,0.04,15.538,0.06,15.364,0.04,,,14.389,0.032,14.004,0.036,13.884,0.049,5803,169,203,4.439,0.08,0.448,-0.426,0.25,0.4,0.94,0.677,0.125,0.876,0.089,0.074,1.017,0.387,0.814,1287,933.2,201.6,0.034,0.008,0.007,,,
3894,3894,3894,212036223,08 31 20.711,+20 51 30.15,1,16.959,,,,08312071+2051301,6597-301-2-0219-0126,EXTENDED,gri,,-4,3,2,3,,,,,,,19.401,0.055,17.813,0.008,17.008,0.006,16.593,0.007,16.285,0.015,16.058,0.106,15.525,0.146,15.008,0.128,,,,,,,,,,,,,,,,,,,,,,,,,,,
3895,3895,3895,212036253,08 53 26.072,+20 51 31.62,1,13.235,,,555-045574,08532607+2051316,,STAR,JHK,col,,,,,,,,,,,,,,,,,,,,,11.07,0.088,10.408,0.075,10.238,0.067,3936,881,314,4.829,0.21,2.1,0.151,0.1,0.6,0.46,7.46,0.229,0.521,0.45,0.2,5.355,5.689,4.688,101.6,1446,40.89,0.017,0.019,0.007,,,
3896,3896,3896,212036269,09 10 10.932,+20 51 32.69,1,11.911,,1407-646-1,555-046147,09101092+2051327,,STAR,gri,lam,26.8,1.8,-31.3,2.1,,,12.355,0.211,12.066,0.218,,,12.403,0.04,11.904,0.03,11.7,0.08,,,10.851,0.021,10.564,0.022,10.506,0.018,5828,138,138,4.266,0.175,0.21,-0.077,0.12,0.12,1.2,0.447,0.216,1.021,0.092,0.077,0.577,0.354,0.327,320.1,111.3,54.46,0.03,0.007,0.01,,,
3897,3897,3897,212036299,08 26 03.795,+20 51 34.65,1,17.134,,,,08260379+2051346,6597-301-3-0211-0055,STAR,gri,rpm,-49,3,24,3,,,,,,,22.015,0.166,19.307,0.011,17.795,0.006,16.203,0.005,15.384,0.006,13.942,0.025,13.38,0.03,13.127,0.03,3336,138,79,5.127,0.025,0.035,-0.031,0.2,0.32,0.179,0.017,0.01,0.156,0.023,0.005,26.84,3.137,4.1,93.12,18.83,5.814,0.015,0.004,0.002,,,
3898,3898,3898,212036326,09 08 47.363,+20 51 36.46,1,11.999,,,555-046098,09084736+2051364,,STAR,gri,lam,-30.3,1.5,-0.4,3.1,,,12.936,0.03,12.155,0.08,,,12.557,0.05,11.927,0.08,11.76,0.11,,,10.873,0.023,10.511,0.03,10.433,0.019,5552,164,164,4.503,0.04,0.048,-0.047,0.1,0.12,0.905,0.054,0.06,0.951,0.048,0.067,1.275,0.206,0.177,235.4,23.3,25.21,0.026,0.006,0.006,,,
3899,3899,3899,212036371,09 08 39.035,+20 51 38.82,1,16.377,,,,09083903+2051388,5061-301-3-0156-0324,EXTENDED,gri,,0,2,1,2,,,,,,,19.448,0.04,17.371,0.005,16.381,0.004,15.951,0.004,15.584,0.008,14.89,0.065,14.225,0.076,13.829,0.062,,,,,,,,,,,,,,,,,,,,,,,,,,,
3900,3900,3900,212036452,08 35 26.132,+20 51 43.56,1,18.025,,,,08352613+2051435,,STAR,J,col,,,,,,,,,,,,,,,,,,,,,16.488,0.116,15.654,0.123,15.228,0.117,3858,420,350,4.93,0.135,0.162,-0.219,0.24,0.32,0.335,0.154,0.122,0.359,0.17,0.17,8.387,11.92,4.373,715.8,458.6,320.6,0.032,0.01,0.007,,,
3901,3901,3901,212036488,08 26 06.938,+20 51 46.27,1,12.794,,,555-044271,08260693+2051462,,STAR,gri,rpm,5,1.4,-14.9,3.3,,,13.585,0.01,12.955,0.01,,,13.231,0.06,12.771,0.01,12.606,0.062,,,11.763,0.022,11.465,0.022,11.404,0.018,5917,118,118,4.316,0.115,0.276,-0.123,0.15,0.27,1.159,0.452,0.19,1.027,0.1,0.1,0.648,0.322,0.402,482.5,202.2,77.47,0.033,0.011,0.008,,,
3902,3902,3902,212036523,08 32 39.018,+20 51 48.18,1,15.546,,,555-044605,08323902+2051482,,STAR,JHK,rpm,5.7,2.8,-3.6,3.1,,,,,,,,,,,,,,,,,14.208,0.03,13.765,0.044,13.694,0.036,5264,289,248,4.549,0.05,0.7,-0.276,0.25,0.4,0.799,1.07,0.079,0.834,0.08,0.08,1.617,0.395,1.419,913,1225,128.7,0.032,0.008,0.007,,,
3903,3903,3903,212036531,08 51 47.454,+20 51 48.83,1,17.62,,,,08514745+2051488,,STAR,J,col,,,,,,,,,,,,,,,,,,,,,16.116,0.095,15.467,0.117,15.071,0.124,3852,474,338,4.924,0.13,0.182,-0.213,0.25,0.35,0.335,0.176,0.133,0.359,0.204,0.17,7.991,9.093,4.253,580.1,449.1,253.1,0.032,0.01,0.008,,,
3904,3904,3904,212036553,08 59 58.458,+20 51 50.23,1,18.91,,,,08595845+2051502,5061-301-5-0144-0272,STAR,gri,rpm,-26,5,-25,5,,,,,,,22.648,0.233,20.426,0.02,18.959,0.01,18.261,0.01,17.863,0.019,16.739,0.134,16.139,0.138,15.521,0.137,3704,44,44,5.079,0.048,0.04,-0.429,0.1,0.12,0.216,0.028,0.025,0.21,0.036,0.03,19.81,4.843,3.891,477.6,69.5,60.67,0.033,0.01,0.006,,,
3905,3905,3905,212036559,08 33 06.342,+20 51 50.77,1,19.679,,,,,6597-301-2-0221-0239,STAR,gri,,3,5,-2,5,,,,,,,20.513,0.054,19.72,0.014,19.665,0.017,19.637,0.022,19.391,0.062,,,,,,,,,,,,,,,,,,,,,,,,,,,,,,,,,
3906,3906,3906,212036562,08 27 35.730,+20 51 50.95,1,10.349,,1391-1598-1,555-044343,08273572+2051510,,STAR,gri,plx,-1.3,1.3,-49.2,1.3,,,10.987,0.065,10.489,0.057,,,10.808,0.11,10.391,0.1,10.153,0.06,,,9.306,0.021,9.018,0.02,8.941,0.018,5984,179,179,3.97,0.08,0.096,-0.102,0.2,0.28,1.842,0.193,0.147,1.18,0.137,0.137,0.185,0.053,0.048,260.6,24.78,24.78,0.027,0.01,0.007,,,
3907,3907,3907,212036570,08 58 08.149,+20 51 51.55,1,17.369,,,,08580814+2051515,5038-301-1-0055-0236,EXTENDED,gri,,2,3,1,3,,,,,,,19.79,0.036,18.057,0.006,17.403,0.005,17.074,0.006,16.849,0.012,15.934,0.076,15.071,0.077,14.927,0.101,,,,,,,,,,,,,,,,,,,,,,,,,,,
3908,3908,3908,212036635,09 06 21.929,+20 51 55.08,1,17.406,,,,,5071-301-3-0151-0246,EXTENDED,gri,,-1,2,-2,2,,,,,,,19.454,0.056,18.046,0.009,17.468,0.008,17.131,0.009,16.964,0.027,,,,,,,,,,,,,,,,,,,,,,,,,,,,,,,,,
3909,3909,3909,212036693,08 34 45.381,+20 51 59.17,1,16.876,,,,08344538+2051591,6728-301-1-0130-0224,STAR,gri,rpm,37,3,-61,3,,,,,,,21.75,0.148,18.979,0.01,17.523,0.005,15.974,0.004,15.127,0.005,13.616,0.029,13.007,0.027,12.737,0.024,3503,106,85,5.077,0.02,0.056,-0.06,0.12,0.18,0.215,0.042,0.014,0.206,0.047,0.022,20,2.648,5.344,108.4,17.79,15.28,0.017,0.005,0.007,,,
3910,3910,3910,212036738,09 05 54.597,+20 52 01.44,1,17.823,,,,09055459+2052014,5071-301-3-0150-0033,STAR,gri,,0,3,-3,3,,,,,,,18.38,0.015,18.11,0.006,17.783,0.006,17.7,0.007,17.664,0.016,16.793,0.145,15.972,0.179,,,,,,,,,,,,,,,,,,,,,,,,,,,,,
3911,3911,3911,212036771,08 33 56.108,+20 52 03.26,1,13.975,,,555-044659,08335610+2052032,,STAR,BV,rpm,-1.8,1.9,-3.7,2.3,,,15.329,0.06,14.185,0.037,,,14.731,0.038,,,,,,,12.647,0.023,12.201,0.021,12.128,0.025,5169,156,124,3.547,0.92,0.92,-0.441,0.35,0.56,2.636,4.133,1.825,0.913,0.215,0.054,0.035,0.859,0.033,1269,1890,863.3,0.033,0.011,0.008,,,
3912,3912,3912,212036785,08 58 05.443,+20 52 04.13,1,17.688,,,,,5038-301-1-0055-0228,EXTENDED,gri,,17,4,21,4,,,,,,,19.298,0.042,18.184,0.01,17.815,0.01,17.475,0.011,17.378,0.036,,,,,,,,,,,,,,,,,,,,,,,,,,,,,,,,,
3913,3913,3913,212036808,09 06 19.671,+20 52 05.23,1,15.655,,,555-046009,09061965+2052052,5071-301-3-0151-0080,STAR,JHK,rpm,-0.1,4.4,1,4.7,,,,,,,,,,,,,,,,,14.338,0.031,13.879,0.052,13.838,0.05,5226,307,256,4.554,0.05,0.75,-0.276,0.25,0.4,0.789,1.136,0.076,0.829,0.084,0.084,1.636,0.4,1.501,958.7,1528,166.4,0.034,0.008,0.007,,,
3914,3914,3914,212036875,08 58 45.666,+20 52 08.73,1,10.937,,1400-1873-1,555-045746,08584567+2052088,,STAR,gri,rpm,-3.4,1.6,-33.7,1.6,,,11.654,0.113,10.95,0.095,,,11.257,0.05,10.918,0.06,10.8,0.07,,,10.042,0.022,9.843,0.024,9.774,0.018,6336,193,154,4.213,0.1,0.16,-0.083,0.15,0.21,1.381,0.323,0.17,1.212,0.114,0.114,0.419,0.187,0.187,288.8,66.18,39.57,0.03,0.008,0.006,,,
3915,3915,3915,212036894,08 58 11.991,+20 52 10.10,1,14.369,,,555-045731,08581198+2052100,5038-301-1-0055-0156,STAR,gri,rpm,7.3,3.1,-5.5,3.5,,,15.405,0.09,14.553,0.07,,,15.003,0.05,14.326,0.07,14.098,0.08,,,13.038,0.023,12.588,0.026,12.46,0.021,5144,155,124,4.523,0.072,1.236,-0.335,0.3,0.48,0.849,2.659,0.122,0.884,0.085,0.102,1.423,0.532,1.403,573.6,1632,107.4,0.033,0.008,0.007,,,
3916,3916,3916,212036907,09 09 34.213,+20 52 10.79,1,12.87,,,555-046119,09093421+2052109,,STAR,gri,lam,-1.8,1.3,-13.8,3.6,,,13.544,0.04,12.969,0.08,,,13.257,0.05,12.827,0.08,12.704,0.09,,,11.942,0.023,11.615,0.033,11.585,0.02,6175,147,147,4.223,0.115,0.138,-0.224,0.12,0.15,1.318,0.255,0.181,1.087,0.116,0.087,0.46,0.236,0.18,621.7,149.9,88.88,0.032,0.008,0.007,,,
3917,3917,3917,212036927,08 59 02.742,+20 52 11.74,1,15.469,,,555-045762,08590274+2052118,5038-301-1-0056-0157,STAR,gri,rpm,-0.5,4.5,-2.1,4.7,,,16.884,0.09,15.893,0.06,,,16.519,0.06,15.465,0.1,15.019,0.11,,,13.651,0.023,13.044,0.026,12.924,0.026,4506,131,184,4.678,0.07,0.06,-0.103,0.24,0.4,0.629,0.069,0.085,0.697,0.066,0.093,2.72,0.975,0.628,448.5,68.82,91.58,0.032,0.007,0.008,,,
3918,3918,3918,212036947,09 07 54.031,+20 52 12.73,1,14.144,,,555-046066,09075403+2052127,,STAR,gri,rpm,-39.6,4.7,-34.4,5,,,15.749,0.05,14.536,0.07,,,15.215,0.05,14.027,0.08,13.685,0.1,,,12.449,0.022,11.865,0.03,11.75,0.022,4280,217,217,4.756,0.126,0.09,-0.251,0.25,0.35,0.507,0.105,0.118,0.581,0.103,0.144,3.998,2.807,1.264,195.8,59.35,53.29,0.023,0.007,0.006,,,
3919,3919,3919,212036968,08 58 17.210,+20 52 14.42,1,15.148,,,555-045733,08581720+2052144,,STAR,gri,rpm,-4.6,4.6,-3.7,4.9,,,16.276,0.08,15.396,0.03,,,15.781,0.04,15.133,0.09,14.877,0.08,,,13.867,0.026,13.409,0.03,13.346,0.028,5192,154,154,4.56,0.04,1.08,-0.317,0.25,0.5,0.791,2.191,0.075,0.84,0.077,0.077,1.645,0.356,1.608,758.2,1902,94.79,0.034,0.01,0.007,,,
3920,3920,3920,212036995,08 32 00.268,+20 52 16.53,1,16.999,,,,,6597-301-2-0220-0009,STAR,gri,,-27,3,12,3,,,,,,,16.597,0.007,16.673,0.004,17.107,0.005,17.409,0.007,17.736,0.017,,,,,,,,,,,,,,,,,,,,,,,,,,,,,,,,,
3921,3921,3921,212037002,08 25 45.678,+20 52 17.25,1,11.784,,,555-044255,08254567+2052174,,STAR,gri,rpm,27.3,1.7,-141.2,1.4,,,13.112,0.01,12.13,0.01,,,12.673,0.07,11.747,0.02,11.403,0.06,,,10.22,0.022,9.678,0.022,9.586,0.018,4727,75,94,4.627,0.048,0.03,-0.121,0.3,0.25,0.682,0.051,0.07,0.74,0.039,0.078,2.226,0.551,0.287,107.4,9.933,13.35,0.016,0.003,0.003,,,
3922,3922,3922,212037024,08 52 23.226,+20 52 18.38,1,18.501,,,,08522322+2052183,,STAR,JHK,rpm,4,5,14,5,,,,,,,,,,,,,,,,,16.131,0.098,15.607,0.148,15.234,0.143,3906,728,331,4.903,0.125,0.2,-0.263,0.25,0.4,0.369,0.216,0.118,0.407,0.224,0.16,7.773,7.383,4.721,652.2,652.1,254.7,0.033,0.008,0.007,,,
3923,3923,3923,212037199,09 12 25.677,+20 52 28.09,1,19.876,,,,,5071-301-2-0160-0177,STAR,gri,,5,3,-1,3,,,,,,,20.166,0.044,19.888,0.016,19.872,0.02,19.7,0.023,19.604,0.066,,,,,,,,,,,,,,,,,,,,,,,,,,,,,,,,,
3924,3924,3924,212037221,08 26 45.875,+20 52 29.29,1,11.188,,1391-1175-1,555-044298,08264587+2052291,,STAR,gri,,,,,,,,12.16,0.213,11.453,0.143,,,11.622,0.06,11.175,0.02,11.002,0.06,,,10.271,0.028,9.959,0.03,,,,,,,,,,,,,,,,,,,,,,,,,,,,,
3925,3925,3925,212037248,08 50 05.883,+20 52 30.85,1,19.221,,,,,5037-301-3-0133-0283,STAR,gri,,-3,4,0,4,,,,,,,19.452,0.025,19.201,0.01,19.228,0.012,19.037,0.014,18.982,0.041,,,,,,,,,,,,,,,,,,,,,,,,,,,,,,,,,
3926,3926,3926,212037269,09 03 49.576,+20 52 32.19,1,13.759,,,555-045920,09034957+2052322,,STAR,gri,lam,8.1,3.9,-18.8,2.4,,,14.869,0.05,14.007,0.04,,,14.404,0.04,13.765,0.04,13.482,0.07,,,12.394,0.025,11.915,0.024,11.778,0.017,5094,81,81,3.486,0.09,0.126,-0.586,0.15,0.15,2.881,0.493,0.307,0.968,0.089,0.064,0.037,0.014,0.015,1364,223.9,162.3,0.033,0.008,0.006,,,
3927,3927,3927,212037283,08 51 20.167,+20 52 32.86,1,16.405,,,,08512016+2052328,,STAR,J,col,,,,,,,,,,,,,,,,,,,,,14.986,0.07,14.335,0.088,13.783,0.073,3626,340,242,5.001,0.11,0.132,-0.069,0.15,0.24,0.257,0.145,0.08,0.276,0.171,0.107,13,11.21,6.835,255.5,195.9,96.51,0.028,0.008,0.008,,,
3928,3928,3928,212037401,08 55 25.971,+20 52 39.99,1,14.418,,,555-045652,08552596+2052400,,STAR,gri,rpm,-4.6,3.1,0.4,2.6,,,15.276,0.07,14.567,0.03,,,14.922,0.06,14.355,0.04,14.203,0.04,,,13.266,0.025,12.84,0.026,12.743,0.026,5377,160,160,4.489,0.07,0.994,-0.347,0.3,0.6,0.891,1.919,0.132,0.883,0.084,0.07,1.247,0.416,1.205,696.8,1305,115.9,0.033,0.008,0.007,,,
3929,3929,3929,212037403,08 32 42.879,+20 52 40.15,1,13.231,,,555-044610,08324288+2052402,,STAR,gri,rpm,-18.9,2,-18.6,1.9,,,14.31,0.06,13.475,0.01,,,13.873,0.05,13.197,0.04,12.955,0.063,,,11.802,0.022,11.476,0.018,11.303,0.017,5532,112,135,4.491,0.042,0.042,-0.033,0.15,0.18,0.896,0.075,0.058,0.913,0.105,0.025,1.248,0.201,0.205,357,47.27,35.14,0.035,0.016,0.012,,,
3930,3930,3930,212037449,08 54 23.264,+20 52 43.02,1,15.607,,,555-045614,08542326+2052431,5038-301-2-0050-0150,STAR,JHK,rpm,0.3,2.8,-2.5,3.2,,,,,,,,,,,,,,,,,13.826,0.024,13.212,0.026,13.111,0.028,4521,147,221,4.675,0.08,0.05,-0.143,0.2,0.36,0.631,0.076,0.099,0.693,0.08,0.096,2.644,1.117,0.553,490.6,103.1,110.1,0.032,0.008,0.007,,,
3931,3931,3931,212037460,08 28 57.480,+20 52 43.73,1,18.679,,,,,4508-301-1-0094-0059,STAR,gri,,-5,3,-5,3,,,,,,,19.348,0.025,18.758,0.008,18.652,0.009,18.638,0.011,18.516,0.025,,,,,,,,,,,,,,,,,,,,,,,,,,,,,,,,,
3932,3932,3932,212037495,08 53 14.352,+20 52 45.90,1,12.645,,,555-045566,08531435+2052460,,STAR,gri,lam,-3.9,1,-2.7,1.7,,,13.163,0.01,12.722,0.01,,,12.912,0.03,12.61,0.02,12.531,0.03,,,11.764,0.023,11.515,0.029,11.451,0.019,6095,73,146,3.99,0.05,0.09,-0.897,0.21,0.12,1.551,0.156,0.09,0.877,0.028,0.018,0.23,0.038,0.056,665.2,44.3,25.24,0.033,0.007,0.003,,,
3933,3933,3933,212037506,08 29 54.683,+20 52 46.70,1,19.568,,,,,4569-301-4-0108-0249,STAR,gri,,0,3,-2,3,,,,,,,20.003,0.043,19.62,0.014,19.551,0.016,19.368,0.019,19.119,0.058,,,,,,,,,,,,,,,,,,,,,,,,,,,,,,,,,
3934,3934,3934,212037522,09 11 59.884,+20 52 47.67,1,15.259,,,555-046208,09115988+2052477,,STAR,JHK,rpm,32.9,3.2,-41.1,3.5,,,,,,,,,,,,,,,,,13.137,0.021,12.488,0.023,12.318,0.022,3994,191,159,4.837,0.066,0.055,-0.134,0.2,0.28,0.436,0.055,0.058,0.492,0.059,0.071,5.674,1.91,1.218,209.9,43.39,35.96,0.025,0.006,0.007,,,
3935,3935,3935,212037558,08 26 18.351,+20 52 49.74,1,11.882,,,555-044283,08261835+2052497,,STAR,gri,rpm,-2.6,0.8,-3.9,1.3,,,12.614,0.21,12.117,0.19,,,12.297,0.24,11.978,0.2,11.704,0.06,,,11.134,0.021,10.925,0.022,10.859,0.017,6393,232,154,4.121,0.15,0.27,-0.036,0.12,0.18,1.577,0.755,0.28,1.32,0.23,0.153,0.286,0.254,0.176,544.9,276.5,111.1,0.033,0.01,0.006,,,
3936,3936,3936,212037567,09 04 02.376,+20 52 50.76,1,17.712,,,,,5061-301-4-0150-0225,EXTENDED,gri,,-3,3,-4,3,,,,,,,19.345,0.049,18.245,0.009,17.814,0.009,17.484,0.011,17.294,0.038,,,,,,,,,,,,,,,,,,,,,,,,,,,,,,,,,
3937,3937,3937,212037588,08 31 51.952,+20 52 52.52,1,17.387,,,,08315195+2052525,,STAR,J,col,,,,,,,,,,,,,,,,,,,,,15.899,0.106,15.174,0.121,14.843,0.106,3914,444,370,4.896,0.15,0.18,-0.213,0.25,0.3,0.373,0.161,0.147,0.41,0.179,0.179,7.33,10.17,3.781,627.6,411.6,284.9,0.032,0.008,0.007,,,
3938,3938,3938,212037610,08 51 45.580,+20 52 54.12,1,18.845,,,,08514557+2052541,,STAR,JHK,col,,,,,,,,,,,,,,,,,,,,,15.93,0.077,15.124,0.094,14.74,0.097,3957,339,407,4.872,0.156,0.13,-0.213,0.25,0.3,0.385,0.131,0.144,0.433,0.145,0.203,6.654,8.485,2.955,622,306.5,267,0.032,0.01,0.007,,,
3939,3939,3939,212037617,08 57 44.976,+20 52 54.44,1,14.501,,,555-045722,08574497+2052545,,STAR,gri,rpm,-76.6,4.9,-25.6,5.1,,,17.105,0.101,15.447,0.053,,,16.332,0.09,14.925,0.1,13.717,0.1,,,11.86,0.021,11.265,0.024,11.028,0.021,3410,218,118,5.088,0.065,0.091,-0.046,0.18,0.05,0.19,0.081,0.031,0.177,0.117,0.039,22.31,7.649,9.938,43.06,27.75,9.481,0.006,0.005,0.003,,,
3940,3940,3940,212037664,08 59 13.765,+20 52 56.98,1,15.043,,,555-045769,08591376+2052570,5038-301-1-0057-0033,STAR,gri,rpm,-1.5,4.4,-1.3,4.8,,,16.306,0.08,15.338,0.04,,,15.808,0.04,15.039,0.05,14.716,0.1,,,13.603,0.024,13.051,0.024,12.955,0.023,4869,113,113,4.578,0.06,2.17,-0.31,0.24,0.48,0.761,8.982,0.096,0.804,0.158,0.072,1.758,0.56,1.758,611.2,6384,103.3,0.032,0.008,0.007,,,
3941,3941,3941,212037754,08 29 23.488,+20 53 02.50,1,12.062,,,555-044442,08292348+2053025,,STAR,gri,rpm,-21,1.2,-23.8,1.3,,,12.991,0.01,12.267,0.01,,,12.613,0.05,12.04,0.01,11.825,0.06,,,10.842,0.023,10.482,0.021,10.4,0.022,5590,88,88,4.498,0.036,0.492,-0.063,0.15,0.24,0.915,0.799,0.088,0.953,0.103,0.073,1.253,0.236,1.03,232.4,201,20.94,0.03,0.006,0.006,,,
3942,3942,3942,212037809,08 29 02.931,+20 53 05.43,1,16.967,,,,08290293+2053054,,STAR,JHK,col,,,,,,,,,,,,,,,,,,,,,14.47,0.061,13.661,0.065,13.415,0.066,4140,240,240,4.791,0.105,0.075,-0.101,0.16,0.28,0.484,0.085,0.11,0.55,0.094,0.131,4.301,2.675,1.256,445.6,125.8,115,0.032,0.011,0.008,,,
3943,3943,3943,212037839,09 02 18.512,+20 53 07.55,1,17.716,,,,09021851+2053075,,STAR,J,col,,,,,,,,,,,,,,,,,,,,,16.205,0.099,15.413,0.102,14.89,0.105,3739,432,309,4.953,0.15,0.15,-0.168,0.2,0.28,0.3,0.153,0.117,0.321,0.206,0.147,9.786,13.26,4.993,525.1,366.6,215.9,0.032,0.008,0.008,,,
3944,3944,3944,212037871,08 26 38.514,+20 53 09.79,1,19.699,,,,,6597-301-3-0212-0675,STAR,gri,,13,5,-54,5,,,,,,,23.066,0.351,20.908,0.029,19.678,0.018,19.181,0.016,18.914,0.043,,,,,,,,,,,,,,,,,,,,,,,,,,,,,,,,,
3945,3945,3945,212037875,09 12 35.768,+20 53 10.17,1,14.546,,,555-046232,09123575+2053107,5071-301-2-0160-0070,STAR,gri,rpm,49,8,-177,8,,,17.164,0.09,15.745,0.059,,,16.485,0.02,15.155,0.05,13.716,0.03,,,11.567,0.021,10.97,0.02,10.767,0.021,3219,75,75,5.146,0.024,0.04,0.044,0.12,0.12,0.165,0.019,0.006,0.142,0.019,0.003,31,2.601,5.86,44.85,24.17,2.528,0.009,0.003,0.004,,,
3946,3946,3946,212037883,08 50 53.515,+20 53 10.73,1,12.237,,,555-045481,08505350+2053106,,STAR,gri,lam,11.5,1,-34.1,1.1,,,12.984,0.01,12.379,0.01,,,12.642,0.03,12.197,0.02,12.063,0.03,,,11.206,0.022,10.928,0.025,10.848,0.018,5864,141,141,4.399,0.055,0.121,-0.093,0.1,0.12,1.041,0.182,0.081,0.998,0.081,0.051,0.858,0.227,0.3,339,61.13,39.64,0.03,0.007,0.005,,,
3947,3947,3947,212037912,08 27 25.110,+20 53 12.65,1,15.042,,,555-044334,08272510+2053126,,STAR,BV,rpm,-0.8,4.2,0.9,4.8,,,15.897,0.11,15.19,0.03,,,15.44,0.044,,,,,,,13.403,0.021,12.868,0.024,12.805,0.027,4901,115,144,4.563,0.065,1.95,-0.285,0.25,0.65,0.793,7.708,0.104,0.806,0.156,0.056,1.649,0.617,1.647,580.8,4943,106.1,0.034,0.01,0.007,,,
3948,3948,3948,212037913,08 32 16.592,+20 53 12.65,1,14.62,,,555-044577,08321659+2053127,,STAR,JHK,rpm,7.1,2.9,-3.9,3.2,,,,,,,,,,,,,,,,,13.3,0.025,12.852,0.024,12.798,0.028,5212,154,154,4.539,0.054,1.017,-0.232,0.25,0.5,0.823,1.959,0.076,0.863,0.079,0.079,1.52,0.329,1.477,614.9,1357,73.15,0.034,0.008,0.008,,,
3949,3949,3949,212037993,09 03 38.387,+20 53 17.53,1,17.645,,,,,5061-301-4-0149-0285,EXTENDED,gri,,-2,2,2,2,,,,,,,18.971,0.037,18.12,0.008,17.731,0.009,17.442,0.011,17.369,0.043,,,,,,,,,,,,,,,,,,,,,,,,,,,,,,,,,
3950,3950,3950,212038004,08 29 59.688,+20 53 18.46,1,12.776,,,555-044472,08295969+2053185,,STAR,gri,rpm,-80.8,4.9,-36.2,6.9,,,14.01,0.01,13.12,0.01,,,13.6,0.04,12.748,0.02,12.423,0.061,,,11.232,0.022,10.636,0.021,10.565,0.019,4692,56,75,4.665,0.048,0.03,-0.359,0.16,0.32,0.63,0.048,0.053,0.676,0.048,0.057,2.621,0.559,0.338,156.8,30.86,20.99,0.023,0.007,0.006,,,
3951,3951,3951,212038054,08 58 36.905,+20 53 21.78,1,14.171,,,555-045743,08583690+2053218,,STAR,gri,rpm,6.2,5.2,-50.2,3.9,,,15.869,0.02,14.622,0.06,,,15.352,0.05,14.132,0.08,13.666,0.06,,,12.377,0.023,11.733,0.021,11.591,0.018,4111,123,123,4.798,0.066,0.055,-0.102,0.18,0.15,0.472,0.071,0.052,0.538,0.079,0.066,4.712,1.358,1.054,168.5,29.01,24.75,0.022,0.006,0.005,,,
3952,3952,3952,212038079,08 53 49.305,+20 53 23.49,1,15.443,,,555-045590,08534931+2053235,,STAR,gri,rpm,-0.4,2.8,-1.5,3.1,,,16.528,0.081,15.614,0.01,,,16.038,0.03,15.321,0.02,15.188,0.06,,,14.028,0.027,13.538,0.029,13.396,0.031,5080,102,81,4.567,0.045,1.17,-0.265,0.25,0.35,0.783,2.487,0.091,0.836,0.108,0.09,1.721,0.396,1.692,782.3,2289,93.05,0.033,0.008,0.007,,,
3953,3953,3953,212038081,08 59 01.127,+20 53 23.94,1,17.581,,,,08590112+2053239,5038-301-1-0056-0292,EXTENDED,gri,,-3,3,2,3,,,,,,,19.466,0.043,18.27,0.009,17.622,0.008,17.286,0.009,17.037,0.024,16.592,0.12,16.075,0.147,,,,,,,,,,,,,,,,,,,,,,,,,,,,,
3954,3954,3954,212038083,08 51 21.057,+20 53 24.10,1,10.284,,1399-1314-1,555-045496,08512105+2053241,,STAR,gri,rpm,-21.4,1.2,-1.3,1.2,,,10.647,0.055,10.175,0.051,,,10.65,0.09,10.337,0.13,10.127,0.04,,,9.431,0.025,9.194,0.022,9.128,0.019,6233,225,188,4.059,0.225,0.225,-0.023,0.12,0.18,1.631,0.654,0.399,1.267,0.233,0.145,0.257,0.332,0.162,242.4,100,60.63,0.028,0.007,0.006,,,
3955,3955,3955,212038100,09 08 13.578,+20 53 24.99,1,19.254,,,,09081357+2053249,5061-301-3-0156-0373,STAR,gri,,-12,4,-33,4,,,,,,,24.309,0.615,20.842,0.026,19.389,0.013,18.573,0.011,18.138,0.023,16.954,0.192,16.07,0.169,,,,,,,,,,,,,,,,,,,,,,,,,,,,,
3956,3956,3956,212038135,09 11 04.333,+20 53 27.41,1,12.981,,,555-046176,09110431+2053275,,STAR,gri,lam,-1.1,1.8,-7.1,2.2,,,14.141,0.03,13.216,0.04,,,13.653,0.03,12.929,0.04,12.693,0.05,,,11.54,0.022,11.074,0.022,10.994,0.021,4896,97,97,2.378,0.04,0.072,-0.43,0.12,0.12,10.559,0.766,0.54,0.969,0.054,0.019,8.42E-04,1.03E-04,1.73E-04,2936,210,270.6,0.034,0.007,0.007,,,
3957,3957,3957,212038163,09 09 29.733,+20 53 28.65,1,16.231,,,555-046116,09092974+2053287,5061-301-3-0158-0223,STAR,JHK,rpm,-14.9,3.7,-51.3,4.9,,,,,,,,,,,,,,,,,14.334,0.031,13.667,0.038,13.582,0.037,4150,282,202,4.832,0.09,0.075,-0.388,0.3,0.3,0.44,0.072,0.095,0.498,0.071,0.113,5.344,2.914,1.428,388.2,99.39,92.9,0.03,0.008,0.006,,,
3958,3958,3958,212038184,09 09 01.105,+20 53 30.55,1,16.221,,,555-046107,09090110+2053296,5061-301-3-0157-0089,EXTENDED,J,,2,8.2,19.7,8.2,,,,,,,,,,,,,,,,,14.815,0.085,14.112,0.095,13.681,0.08,,,,,,,,,,,,,,,,,,,,,,,,,,,
3959,3959,3959,212038230,09 09 47.653,+20 53 33.78,1,14.341,,,555-046133,09094764+2053337,,STAR,gri,rpm,-6.8,3.2,-4.5,3.5,,,15.503,0.03,14.558,0.08,,,15.058,0.05,14.274,0.08,14.033,0.1,,,13.022,0.022,12.526,0.024,12.453,0.023,5006,100,100,4.548,0.072,1.44,-0.27,0.25,0.4,0.809,3.663,0.101,0.856,0.156,0.097,1.569,0.476,1.559,506.9,2139,83.33,0.032,0.008,0.006,,,
3960,3960,3960,212038313,08 56 32.597,+20 53 39.09,1,14.123,,,555-045683,08563260+2053389,,STAR,gri,rpm,-25.1,2.9,4.9,4.1,,,15.642,0.02,14.507,0.05,,,15.122,0.06,14.035,0.05,13.694,0.02,,,12.479,0.022,11.887,0.021,11.776,0.019,4526,73,109,4.667,0.042,0.03,-0.02,0.2,0.2,0.648,0.042,0.061,0.716,0.038,0.068,2.554,0.545,0.33,269.3,25.31,31.82,0.029,0.008,0.007,,,
3961,3961,3961,212038340,08 34 14.880,+20 53 40.63,1,15.595,,,555-044671,08341487+2053405,6597-301-2-0223-0263,STAR,JHK,rpm,-2.5,2.7,1.1,3.2,,,,,,,,,,,,,,,,,13.759,0.025,13.117,0.026,13.026,0.033,4423,180,216,4.692,0.066,0.055,-0.103,0.2,0.24,0.594,0.071,0.087,0.66,0.08,0.08,2.923,1.112,0.601,447,80.6,92.58,0.031,0.006,0.006,,,
3962,3962,3962,212038416,08 50 42.233,+20 53 45.16,1,11.758,,,555-045476,08504223+2053454,,STAR,gri,rpm,-27.4,0.9,-11.5,1.9,,,12.714,0.01,11.949,0.01,,,12.308,0.03,11.725,0.03,11.523,0.04,,,10.584,0.025,10.224,0.026,10.129,0.022,5503,110,132,4.501,0.03,0.222,-0.067,0.12,0.3,0.904,0.283,0.074,0.963,0.039,0.1,1.257,0.203,0.697,210.5,70.87,24.62,0.025,0.005,0.006,,,
3963,3963,3963,212038446,08 34 44.951,+20 53 47.14,1,14.778,,,555-044696,08344496+2053472,6728-301-1-0130-0232,STAR,JHK,col,,,,,,,,,,,,,,,,,,,,,12.701,0.029,12.152,0.025,11.895,0.019,3519,131,158,5.046,0.072,0.06,-0.021,0.15,0.18,0.232,0.051,0.05,0.218,0.077,0.066,16.63,8.195,4.721,74.88,21.36,19.47,0.013,0.005,0.005,,,
3964,3964,3964,212038467,08 51 20.395,+20 53 48.18,1,10.967,,1399-1997-1,555-045495,08512038+2053483,,STAR,gri,lam,-18.6,1.4,-3.5,1.4,,,11.39,0.097,10.843,0.089,,,11.118,0.03,10.916,0.04,10.867,0.05,,,10.223,0.023,10.087,0.022,10.004,0.018,6759,163,163,4.15,0.105,0.147,-0.144,0.1,0.12,1.606,0.316,0.223,1.365,0.123,0.123,0.3,0.144,0.112,380,79.81,55.82,0.03,0.008,0.007,,,
3965,3965,3965,212038478,08 59 03.407,+20 53 48.63,1,11.575,,,555-045764,08590340+2053487,,STAR,gri,rpm,3.6,1.1,-9.3,1.1,,,12.72,0.03,11.831,0.03,,,12.24,0.04,11.595,0.04,11.29,0.08,,,10.194,0.02,9.693,0.021,9.612,0.017,5000,99,79,2.523,0.731,0.258,-0.686,0.25,0.45,8.1,3.091,4.29,0.945,0.129,0.072,0.002,0.014,9.17E-04,1351,395.9,698.8,0.033,0.01,0.007,,,
3966,3966,3966,212038490,09 07 55.689,+20 53 49.54,1,8.767,,1407-828-1,555-046067,09075568+2053496,,STAR,gri,rpm,2.7,1.1,-6.3,1.1,,,10.686,0.087,9.128,0.029,,,10.241,0.16,9.215,0.19,8.136,0.18,,,6.225,0.018,5.424,0.029,5.212,0.018,3945,93,93,1.206,0.21,0.21,-0.102,0.2,0.24,46.917,9.49,10.665,1.297,0.209,0.209,1.17E-05,1.16E-05,5.81E-06,869.3,175.8,172.4,0.034,0.01,0.007,,,
3967,3967,3967,212038527,09 11 53.876,+20 53 52.41,1,15.118,,,555-046203,09115388+2053524,5071-301-2-0159-0300,STAR,gri,rpm,-28.3,3.1,-45.7,3.3,,,17.359,0.11,15.773,0.059,,,16.648,0.04,15.276,0.07,14.462,0.03,,,12.853,0.021,12.198,0.022,12.008,0.023,3774,61,76,4.905,0.056,0.04,0.036,0.08,0.14,0.367,0.038,0.054,0.402,0.05,0.059,8.02,2.553,1.501,147.2,14.94,25.88,0.018,0.009,0.004,,,
3968,3968,3968,212038542,09 06 03.745,+20 53 54.05,1,11.396,,,555-046002,09060373+2053539,,STAR,gri,rpm,204.9,5.1,-172.1,1.4,,,13.391,0.05,11.992,0.04,,,12.792,0.05,11.423,0.06,10.797,0.07,,,9.359,0.022,8.682,0.028,8.529,0.022,3963,79,79,4.846,0.03,0.042,-0.026,0.1,0.1,0.44,0.046,0.032,0.498,0.048,0.04,5.788,0.858,1.083,37.46,6.593,4.289,0.006,0.002,0.001,,,
3969,3969,3969,212038547,08 35 04.189,+20 53 54.42,1,12.943,,,555-044711,08350419+2053542,,STAR,BV,rpm,-9.1,1.5,1.6,1.7,,,14.068,0.02,13.165,0.032,,,13.606,0.033,,,,,,,11.8,0.022,11.398,0.022,11.298,0.02,5355,210,168,3.884,0.71,1.42,-0.305,0.24,0.6,1.696,6.015,1.038,0.91,0.188,0.045,0.152,1.826,0.15,614.3,1803,333.5,0.031,0.011,0.008,,,
3970,3970,3970,212038566,08 56 45.554,+20 53 55.65,1,15.975,,,555-045692,08564553+2053552,5071-301-5-0137-0250,STAR,JHK,rpm,-32.9,19.7,13.9,19.6,,,,,,,,,,,,,,,,,13.708,0.025,13.099,0.029,12.845,0.023,3640,141,141,4.989,0.06,0.072,-0.018,0.15,0.18,0.284,0.072,0.058,0.292,0.092,0.079,12.05,5.693,3.867,155.2,50.51,38.11,0.021,0.007,0.006,,,
3971,3971,3971,212038641,09 10 21.113,+20 54 00.25,1,13.645,,,555-046155,09102110+2054002,,STAR,gri,lam,-4.1,2.5,-18.8,2.8,,,14.927,0.03,13.909,0.04,,,14.397,0.05,13.568,0.04,13.323,0.06,,,12.243,0.022,11.769,0.02,11.668,0.021,4836,154,77,4.589,0.024,0.02,0.142,0.08,0.1,0.756,0.036,0.029,0.821,0.039,0.026,1.836,0.186,0.142,317.8,29.38,22.58,0.027,0.005,0.005,,,
3972,3972,3972,212038642,08 31 13.108,+20 54 00.40,1,16.058,,,,08311310+2054003,,STAR,JHK,col,,,,,,,,,,,,,,,,,,,,,13.693,0.023,13.053,0.026,12.798,0.027,3689,221,184,4.966,0.095,0.095,-0.076,0.15,0.24,0.298,0.09,0.081,0.328,0.118,0.118,10.16,8.24,3.965,166.9,65.1,54.49,0.022,0.008,0.008,,,
3973,3973,3973,212038663,08 56 02.542,+20 54 02.20,1,12.392,,1400-1300-1,555-045671,08560253+2054021,,STAR,gri,lam,-17.8,1.9,-6.8,2.2,,,12.596,0.31,12.368,0.287,,,12.748,0.05,12.355,0.05,12.239,0.05,,,11.476,0.022,11.235,0.02,11.19,0.02,6041,119,119,4.213,0.135,0.135,-0.047,0.1,0.14,1.328,0.283,0.234,1.116,0.086,0.086,0.435,0.271,0.167,491.4,113.2,77.94,0.033,0.008,0.008,,,
3974,3974,3974,212038709,08 31 01.572,+20 54 05.43,1,14.652,,,555-044516,08310157+2054053,6728-301-2-0125-0023,STAR,gri,rpm,-6.1,2.7,-7.2,2.8,,,15.839,0.065,14.984,0.045,,,15.324,0.02,14.659,0.14,14.364,0.078,,,13.379,0.023,12.924,0.026,12.877,0.026,5149,185,123,4.557,0.045,1.143,-0.25,0.24,0.48,0.799,2.3,0.08,0.851,0.077,0.077,1.581,0.418,1.554,613.1,1656,76.65,0.032,0.008,0.005,,,
3975,3975,3975,212038732,08 58 23.901,+20 54 06.83,1,16.882,,,,08582390+2054068,5038-301-1-0056-0204,STAR,gri,rpm,-23,3,-29,3,,,,,,,21.431,0.094,18.739,0.008,17.273,0.005,16.086,0.005,15.455,0.006,14.111,0.03,13.54,0.03,13.257,0.03,3513,83,83,5.067,0.03,0.042,-0.021,0.12,0.18,0.22,0.032,0.019,0.209,0.042,0.028,18.77,3.693,3.998,136.7,24.42,17.97,0.02,0.005,0.006,,,
3976,3976,3976,212038745,08 55 45.861,+20 54 07.78,1,14.696,,,555-045664,08554586+2054076,,STAR,gri,rpm,-5.6,2.9,1.1,3.2,,,15.679,0.02,14.916,0.06,,,15.271,0.04,14.65,0.04,14.45,0.1,,,13.424,0.025,12.968,0.021,12.876,0.026,5205,123,123,3.896,0.69,0.805,-0.465,0.35,0.49,1.844,1.918,1.132,0.879,0.072,0.101,0.122,1.708,0.11,1333,1594,790.7,0.033,0.008,0.007,,,
3977,3977,3977,212038747,09 07 41.208,+20 54 07.93,1,13.569,,,555-046057,09074120+2054079,,STAR,gri,rpm,-3,3.1,-12,3.5,,,14.613,0.06,13.764,0.06,,,14.197,0.04,13.505,0.08,13.3,0.11,,,12.365,0.024,11.927,0.028,11.829,0.018,5190,155,124,4.561,0.111,0.999,0.118,0.12,0.6,0.823,2.102,0.166,0.9,0.202,0.063,1.614,0.601,1.306,395.3,1036,77.4,0.033,0.008,0.007,,,
3978,3978,3978,212038779,08 26 04.741,+20 54 10.00,1,13.971,,,555-044270,08260474+2054099,4508-301-2-0090-0091,STAR,gri,rpm,-24,4.5,6.3,4.9,,,15.405,0.04,14.39,0.01,,,14.961,0.05,13.974,0.03,13.547,0.067,,,12.266,0.024,11.67,0.022,11.58,0.02,4559,91,91,4.661,0.035,0.025,-0.034,0.15,0.15,0.656,0.033,0.049,0.725,0.03,0.059,2.562,0.4,0.252,250.2,14.83,24.63,0.027,0.005,0.006,,,
3979,3979,3979,212038819,09 12 28.615,+20 54 12.35,1,14.271,,,555-046228,09122861+2054123,5071-301-2-0160-0032,STAR,gri,rpm,24.9,3.1,-9.5,3.5,,,15.666,0.02,14.647,0.02,,,15.179,0.03,14.198,0.04,13.882,0.06,,,12.7,0.021,12.129,0.019,11.999,0.02,4631,55,74,4.644,0.03,0.025,-0.015,0.15,0.15,0.672,0.035,0.04,0.742,0.039,0.039,2.376,0.352,0.258,322.2,22.25,24.81,0.03,0.007,0.007,,,
3980,3980,3980,212038826,08 27 10.367,+20 54 12.93,1,15.545,,,555-044323,08271034+2054132,6597-301-3-0213-0015,STAR,JHK,rpm,-4,7.3,-52.6,7,,,,,,,,,,,,,,,,,13.333,0.024,12.709,0.022,12.487,0.021,3750,145,145,4.959,0.06,0.08,-0.054,0.15,0.27,0.311,0.068,0.056,0.336,0.094,0.078,10.01,3.649,3.116,150.3,44.05,34.07,0.019,0.009,0.005,,,
3981,3981,3981,212038827,09 06 45.674,+20 54 12.93,1,14.733,,,555-046023,09064566+2054129,5071-301-3-0152-0007,STAR,gri,rpm,18.1,4.6,-29.3,5,,,15.826,0.09,14.938,0.05,,,15.362,0.07,14.702,0.1,14.463,0.08,,,13.367,0.026,12.968,0.035,12.86,0.026,5322,194,194,4.574,0.045,0.063,-0.464,0.35,0.35,0.742,0.115,0.064,0.769,0.111,0.062,1.767,0.382,0.424,579.9,105.8,65.44,0.033,0.01,0.006,,,
3982,3982,3982,212038843,08 52 06.401,+20 54 13.78,1,12.112,,,555-045521,08520640+2054138,,STAR,gri,lam,-6.9,1.1,-3.7,1.9,,,13.4,0.01,12.407,0.01,,,12.896,0.03,12.091,0.03,11.776,0.05,,,10.572,0.023,9.952,0.021,9.87,0.021,4800,152,95,2.429,0.105,0.075,-0.626,0.15,0.15,9.884,1.054,1.307,0.955,0.099,0.055,9.74E-04,4.60E-04,2.45E-04,1826,194.7,241.5,0.034,0.008,0.008,,,
3983,3983,3983,212038865,09 03 07.809,+20 54 15.16,1,12.305,,1400-2169-1,555-045899,09030780+2054153,,STAR,gri,rpm,-2.4,2.6,-18.9,2.6,,,12.726,0.344,12.258,0.279,,,13.051,0.05,12.288,0.04,11.986,0.08,,,10.864,0.023,10.427,0.023,10.318,0.02,5051,81,81,3.638,0.9,0.25,-0.177,0.25,0.3,2.582,0.898,1.799,1.024,0.216,0.18,0.055,1.381,0.034,606.1,229,418.9,0.031,0.008,0.011,,,
3984,3984,3984,212038905,08 33 44.780,+20 54 17.40,1,13.083,,,555-044649,08334478+2054173,,STAR,BV,rpm,-11.1,1.5,10.2,1.9,,,14.182,0.02,13.239,0.032,,,13.711,0.033,,,,,,,11.704,0.021,11.275,0.021,11.183,0.019,5222,188,94,4.517,0.06,0.948,-0.196,0.2,0.52,0.863,1.86,0.09,0.9,0.14,0.05,1.333,0.364,1.285,323.4,642.6,53.92,0.029,0.007,0.006,,,
3985,3985,3985,212038949,08 29 02.595,+20 54 20.77,1,14.698,,,555-044425,08290259+2054207,4508-301-1-0094-0114,STAR,gri,rpm,-2.9,4.2,-1.6,4.8,,,15.901,0.21,14.991,0.03,,,15.518,0.01,14.632,0.01,14.346,0.077,,,13.151,0.023,12.555,0.024,12.47,0.022,4702,91,91,3.261,1.308,1.308,-0.347,0.3,0.3,2.704,13.102,2.241,0.819,0.16,0.114,0.015,1.768,0.015,1784,6150,1487,0.032,0.014,0.005,,,
3986,3986,3986,212038978,08 33 56.902,+20 54 22.76,1,17.525,,,,08335690+2054227,6597-301-2-0223-0215,EXTENDED,gri,,2,3,4,3,,,,,,,19.198,0.039,18.158,0.008,17.62,0.008,17.253,0.008,17.045,0.024,16.913,0.194,16.028,0.179,15.688,0.193,,,,,,,,,,,,,,,,,,,,,,,,,,,
3987,3987,3987,212038981,08 28 50.857,+20 54 23.00,1,12.944,,,555-044416,08285086+2054230,,STAR,gri,rpm,-10.7,1.5,-5.6,1.9,,,14.389,0.05,13.25,0.03,,,13.761,0.08,12.909,0.02,12.594,0.062,,,11.362,0.021,10.876,0.022,10.763,0.022,4917,78,78,3.39,0.21,0.455,-0.223,0.24,0.36,3.448,2.047,0.774,1.045,0.204,0.145,0.026,0.025,0.02,948.7,586.3,186.4,0.035,0.011,0.009,,,
3988,3988,3988,212039046,08 52 18.403,+20 54 28.21,1,17.831,,,,08521840+2054282,,STAR,JHK,col,,,,,,,,,,,,,,,,,,,,,15.298,0.065,14.592,0.072,14.321,0.082,3973,405,337,4.849,0.156,0.13,-0.172,0.2,0.28,0.401,0.156,0.142,0.449,0.167,0.195,5.919,7.121,2.552,544.1,262.6,230.6,0.032,0.008,0.007,,,
3989,3989,3989,212039054,08 51 22.407,+20 54 28.90,1,17.683,,,,,5037-301-3-0134-0154,STAR,gri,,2,3,-6,3,,,,,,,18.073,0.012,17.797,0.006,17.645,0.006,17.468,0.007,17.539,0.015,,,,,,,,,,,,,,,,,,,,,,,,,,,,,,,,,
3990,3990,3990,212039089,09 02 37.080,+20 54 31.33,1,14.227,,,555-045888,09023708+2054314,,STAR,gri,rpm,10.1,10.2,-4.3,6.3,,,15.545,0.16,14.513,0.05,,,14.979,0.02,14.167,0.05,13.904,0.13,,,12.85,0.022,12.393,0.022,12.257,0.021,5026,80,101,4.579,0.035,0.98,-0.118,0.2,0.24,0.767,1.956,0.054,0.834,0.175,0.062,1.756,0.345,1.708,440.8,1102,38.79,0.031,0.008,0.006,,,
3991,3991,3991,212039116,09 10 37.624,+20 54 33.88,1,14.817,,,555-046158,09103762+2054339,5071-301-2-0157-0050,STAR,gri,rpm,-0.6,3.1,-3.1,3.3,,,16.47,0.01,15.172,0.06,,,15.824,0.01,14.829,0.03,14.386,0.12,,,13.03,0.022,12.312,0.022,12.235,0.021,4419,87,52,1.598,3.016,0.58,-0.758,0.55,0.66,22.776,20.424,22.145,0.842,0.028,0.138,5.49E-05,2.274,4.73E-05,11020,11340,10700,0.041,0.003,0.02,,,
3992,3992,3992,212039134,09 00 07.428,+20 54 35.01,1,13.977,,,555-045803,09000742+2054348,,STAR,gri,rpm,-41.3,1.9,-0.3,2.4,,,15.052,0.05,14.217,0.02,,,14.616,0.03,13.978,0.04,13.703,0.07,,,12.638,0.023,12.194,0.024,12.095,0.017,5225,84,105,4.598,0.035,0.035,-0.451,0.25,0.25,0.721,0.059,0.065,0.745,0.069,0.06,2.002,0.35,0.298,386,41.95,27.42,0.033,0.011,0.007,,,
3993,3993,3993,212039311,09 08 57.127,+20 54 45.95,1,17.605,,,,09085712+2054459,,STAR,J,col,,,,,,,,,,,,,,,,,,,,,16.102,0.143,15.583,0.16,15.085,0.155,3886,757,413,4.923,0.14,0.252,-0.254,0.25,0.4,0.325,0.247,0.122,0.373,0.249,0.178,8.13,9.863,5.456,643,712.9,297.7,0.032,0.008,0.007,,,
3994,3994,3994,212039340,09 03 16.822,+20 54 47.88,1,12.711,,,555-045906,09031682+2054479,,STAR,gri,rpm,-7.1,2.8,-2.2,3.3,,,13.705,0.04,12.925,0.02,,,13.283,0.04,12.726,0.03,12.466,0.07,,,11.457,0.022,11.034,0.023,10.939,0.023,5294,127,105,2.577,1.242,0.162,-0.873,0.63,0.35,7.797,1.822,5.806,0.901,0.14,0.032,0.002,0.117,7.43E-04,2421,335.7,1746,0.034,0.007,0.006,,,
3995,3995,3995,212039360,08 55 09.518,+20 54 49.28,1,10.779,,1400-1353-1,555-045643,08550949+2054493,,STAR,gri,lam,-7.7,1.7,-8.3,1.8,,,12.143,0.247,11.132,0.116,,,11.793,0.02,10.691,0.05,10.345,0.04,,,9.05,0.021,8.464,0.024,8.319,0.034,4558,88,71,2.609,0.161,0.115,0.065,0.12,0.12,8.975,1.79,1.493,1.31,0.209,0.175,0.002,0.001,5.40E-04,803.6,144.9,145,0.033,0.008,0.007,,,
3996,3996,3996,212039380,09 02 18.922,+20 54 50.21,1,18.035,,,,09021892+2054502,,STAR,JHK,col,,,,,,,,,,,,,,,,,,,,,15.538,0.082,14.926,0.1,14.587,0.103,3869,557,348,4.901,0.145,0.203,-0.172,0.2,0.32,0.347,0.185,0.121,0.384,0.222,0.185,8.13,9.863,4.996,471.6,378.7,210.1,0.031,0.008,0.007,,,
3997,3997,3997,212039397,08 26 10.026,+20 54 50.91,1,12.03,,,555-044274,08261002+2054509,,STAR,gri,rpm,1.2,0.7,-8.6,1.8,,,13.091,0.01,12.256,0.01,,,12.67,0.07,11.999,0.02,11.756,0.06,,,10.669,0.021,10.231,0.022,10.128,0.02,5132,103,123,2.478,1.104,0.096,-0.684,0.45,0.25,8.79,1.537,6.01,0.922,0.285,0.035,0.001,0.047,3.55E-04,1745,264.1,1139,0.034,0.008,0.01,,,
3998,3998,3998,212039427,08 32 50.563,+20 54 52.95,1,17.081,,,,08325056+2054529,6597-301-2-0221-0193,EXTENDED,gri,,-2,3,5,3,,,,,,,20.396,0.098,18.307,0.009,17.039,0.006,16.555,0.005,16.163,0.011,15.625,0.09,14.88,0.105,14.257,0.082,,,,,,,,,,,,,,,,,,,,,,,,,,,
3999,3999,3999,212039428,08 31 31.547,+20 54 53.01,1,15.307,,,555-044540,08313155+2054529,6728-301-2-0125-0140,EXTENDED,JHK,,7.2,2.8,-2.9,3.1,,,,,,,,,,,,,,,,,13.705,0.025,13.128,0.028,13.055,0.031,,,,,,,,,,,,,,,,,,,,,,,,,,,
4000,4000,4000,212039491,08 54 05.562,+20 54 56.47,1,17.13,,,,08540556+2054564,5038-301-2-0049-0243,STAR,gri,,32,3,-48,3,,,,,,,18.858,0.018,17.663,0.006,17.127,0.005,16.902,0.006,16.801,0.01,15.944,0.066,15.295,0.085,,,,,,,,,,,,,,,,,,,,,,,,,,,,,
4001,4001,4001,212039492,08 55 14.908,+20 54 56.53,1,18.49,,,,08551490+2054565,,STAR,J,col,,,,,,,,,,,,,,,,,,,,,16.918,0.155,15.87,0.139,15.528,0.168,3919,373,373,4.899,0.168,0.14,-0.254,0.25,0.35,0.341,0.164,0.125,0.403,0.158,0.19,7.526,9.015,3.621,936.6,534.2,438.7,0.033,0.01,0.007,,,
4002,4002,4002,212039523,08 54 44.640,+20 54 59.25,1,17.591,,,,08544464+2054592,,STAR,J,col,,,,,,,,,,,,,,,,,,,,,16.089,0.094,15.411,0.131,15.061,0.116,3865,493,352,4.901,0.145,0.174,-0.213,0.25,0.35,0.36,0.174,0.136,0.382,0.22,0.184,7.338,8.716,3.984,641.2,468,309,0.032,0.008,0.007,,,
4003,4003,4003,212039539,08 31 25.966,+20 54 59.83,1,11.647,,1391-1153-1,555-044533,08312597+2055000,,STAR,gri,rpm,-2.2,1.6,-4.3,1.7,,,11.757,0.101,11.533,0.134,,,11.708,0.03,11.627,0.01,11.62,0.06,,,10.97,0.021,10.68,0.018,10.582,0.019,6891,111,111,3.97,0.235,0.235,-0.129,0.12,0.08,2.016,0.878,0.612,1.473,0.137,0.183,0.149,0.226,0.078,705,297.7,243.1,0.031,0.005,0.006,,,
4004,4004,4004,212039563,08 53 47.194,+20 55 01.37,1,15.562,,,555-045587,08534719+2055013,,STAR,gri,rpm,-3.9,2.9,3.8,3.4,,,17.237,0.1,15.846,0.061,,,16.664,0.02,15.455,0.02,15.089,0.02,,,13.76,0.024,13.132,0.024,13.059,0.035,4280,67,50,4.732,0.049,0.028,-0.068,0.12,0.21,0.56,0.036,0.059,0.63,0.033,0.067,3.514,0.869,0.454,391.1,29.91,43.5,0.032,0.008,0.005,,,
4005,4005,4005,212039616,09 03 22.277,+20 55 04.57,1,11.219,,1400-2317-1,555-045908,09032228+2055041,,STAR,gri,lam,-8.4,2,-0.8,2.1,,,12.565,0.344,12.119,0.278,,,12.106,0.05,11.221,0.04,10.838,0.08,,,9.56,0.023,8.986,0.027,8.881,0.02,4658,92,92,2.643,0.174,0.145,-0.076,0.1,0.14,9.002,2.175,1.752,1.262,0.268,0.134,0.002,0.002,6.81E-04,1006,214.6,176.9,0.034,0.01,0.007,,,
4006,4006,4006,212039627,09 09 45.304,+20 55 04.98,1,14.652,,,555-046128,09094529+2055049,5061-301-3-0158-0086,STAR,gri,rpm,-17.7,3.2,-2.8,3.4,,,15.949,0.05,14.952,0.06,,,15.494,0.08,14.541,0.09,14.292,0.12,,,13.159,0.025,12.625,0.021,12.527,0.019,4788,116,116,4.631,0.025,0.03,-0.122,0.15,0.21,0.693,0.039,0.044,0.752,0.039,0.054,2.223,0.271,0.242,425.1,39.3,30.2,0.031,0.008,0.007,,,
4007,4007,4007,212039644,08 55 38.138,+20 55 05.91,1,14.537,,,555-045660,08553813+2055058,,STAR,gri,rpm,-2.5,2.9,2.2,3.2,,,15.605,0.01,14.737,0.08,,,15.144,0.05,14.505,0.07,14.277,0.08,,,13.184,0.026,12.773,0.022,12.623,0.022,5263,162,162,4.461,0.105,0.924,-0.287,0.3,0.48,0.943,1.929,0.183,0.897,0.156,0.086,1.062,0.709,1.02,688.3,1235,161.8,0.034,0.01,0.007,,,
4008,4008,4008,212039652,08 53 55.035,+20 55 06.35,1,9.129,43682,1400-1-1,555-045598,08535504+2055063,,STAR,gri,plx,1.96,1.42,-11.46,1.23,4.17,1.36,10.117,0.04,9.118,0.023,,,10.21,0.1,9.504,0.09,8.665,0.08,,,7.244,0.023,6.719,0.018,6.59,0.02,4761,97,97,2.548,0.3,0.18,-0.14,0.2,0.28,10.628,0.95,3.603,1.303,0.535,0.267,0.001,0.002,3.62E-04,239.8,78.21,78.21,0.031,0.008,0.007,,,
4009,4009,4009,212039768,08 27 38.774,+20 55 14.17,1,11.755,,,555-044346,08273876+2055141,,STAR,gri,rpm,-3.8,1,-6,1.6,,,13.186,0.01,12.066,0.01,,,12.64,0.06,11.715,0.02,11.375,0.06,,,10.106,0.02,9.57,0.02,9.419,0.018,4690,74,74,2.477,0.44,0.11,-0.146,0.15,0.15,10.894,0.811,4.384,1.213,0.182,0.151,9.77E-04,0.004,2.76E-04,1528,122.9,567.3,0.035,0.01,0.007,,,
4010,4010,4010,212039811,09 11 37.175,+20 55 16.33,1,12.407,,1407-1059-1,555-046194,09113716+2055163,,STAR,gri,rpm,-35.4,2.4,-36.4,2.7,,,13.721,0.451,12.025,0.168,,,13.006,0.02,12.338,0.04,12.151,0.05,,,11.177,0.02,10.784,0.022,10.674,0.018,5307,64,85,4.556,0.02,0.042,-0.106,0.18,0.12,0.81,0.056,0.033,0.871,0.045,0.063,1.623,0.097,0.257,231.6,18.28,16.94,0.027,0.012,0.005,,,
4011,4011,4011,212039819,09 11 04.091,+20 55 16.78,1,17.876,,,,09110409+2055167,,STAR,J,col,,,,,,,,,,,,,,,,,,,,,16.352,0.1,15.665,0.112,14.989,0.104,3588,352,294,5.027,0.115,0.138,-0.139,0.2,0.28,0.256,0.12,0.082,0.244,0.184,0.102,14.32,13.29,7.807,447.4,303.7,180.9,0.032,0.01,0.008,,,
4012,4012,4012,212039821,09 11 21.659,+20 55 16.83,1,11.888,,,555-046183,09112167+2055167,,STAR,gri,lam,-7.6,0.7,-3.5,1.2,,,12.469,0.03,11.979,0.04,,,12.176,0.03,11.851,0.04,11.765,0.05,,,11.018,0.02,10.769,0.022,10.734,0.018,6244,125,125,4.19,0.125,0.15,-0.234,0.15,0.15,1.373,0.27,0.226,1.107,0.133,0.111,0.378,0.261,0.134,432.4,93.73,65.22,0.03,0.007,0.006,,,
4013,4013,4013,212039880,09 10 50.345,+20 55 21.18,1,11.517,,1407-1582-1,555-046168,09105035+2055212,,STAR,gri,rpm,-12.5,1.7,-6.5,1.9,,,12.594,0.247,12.13,0.198,,,12.037,0.03,11.495,0.03,11.295,0.05,,,10.311,0.022,9.945,0.022,9.87,0.017,5528,132,165,3.744,0.685,1.233,-0.239,0.25,0.85,1.85,5.434,1.065,0.964,0.227,0.095,0.126,1.304,0.124,378.1,852.3,215.3,0.03,0.011,0.008,,,
4014,4014,4014,212039890,09 07 31.184,+20 55 21.64,1,18.345,,,,,5071-301-3-0153-0008,STAR,gri,,-2,3,1,3,,,,,,,18.731,0.018,18.526,0.007,18.284,0.008,18.264,0.009,18.289,0.025,,,,,,,,,,,,,,,,,,,,,,,,,,,,,,,,,
4015,4015,4015,212039892,09 11 04.304,+20 55 21.88,1,19.472,,,,,5071-301-2-0158-0184,EXTENDED,gri,,46,4,53,4,,,,,,,22.449,0.653,19.984,0.034,19.575,0.037,19.252,0.041,19.208,0.14,,,,,,,,,,,,,,,,,,,,,,,,,,,,,,,,,
4016,4016,4016,212039933,08 59 20.904,+20 55 24.84,1,11.773,,1400-1674-1,555-045773,08592091+2055248,,STAR,gri,rpm,-17.9,1.9,-1.5,2,,,12.219,0.228,11.932,0.234,,,11.969,0.05,11.708,0.04,11.58,0.08,,,10.823,0.022,10.612,0.023,10.55,0.02,6432,196,156,4.213,0.072,0.192,-0.117,0.15,0.18,1.434,0.446,0.132,1.242,0.121,0.101,0.414,0.119,0.21,433.1,117.2,48.88,0.031,0.01,0.006,,,
4017,4017,4017,212040001,09 11 46.922,+20 55 28.40,1,17.603,,,,09114692+2055283,5071-301-2-0159-0272,EXTENDED,gri,,3,3,0,3,,,,,,,19.927,0.064,18.759,0.012,17.655,0.008,17.107,0.007,16.789,0.015,16.091,0.087,15.462,0.087,14.772,0.088,,,,,,,,,,,,,,,,,,,,,,,,,,,
4018,4018,4018,212040012,08 50 16.207,+20 55 29.00,1,15.296,,,555-045452,08501620+2055291,5037-301-3-0133-0157,STAR,gri,rpm,-4.8,2.8,-2.4,3,,,16.506,0.06,15.597,0.01,,,16.016,0.03,15.294,0.02,14.987,0.092,,,14.072,0.03,13.562,0.031,13.524,0.032,5042,99,79,4.583,0.045,1.278,-0.348,0.25,0.4,0.759,2.957,0.082,0.808,0.121,0.104,1.847,0.452,1.826,776.9,2799,108,0.033,0.01,0.007,,,
4019,4019,4019,212040037,09 07 50.987,+20 55 30.55,1,17.362,,,,09075098+2055305,5071-301-3-0153-0343,EXTENDED,gri,,7,3,-7,3,,,,,,,20.449,0.084,18.5,0.009,17.351,0.006,16.874,0.006,16.514,0.012,15.684,0.07,15.038,0.099,14.504,0.084,,,,,,,,,,,,,,,,,,,,,,,,,,,
4020,4020,4020,212040067,08 57 22.159,+20 55 32.33,1,12.225,,,555-045714,08572216+2055324,,STAR,gri,lam,-3.6,1.2,-15.8,1.2,,,12.818,0.03,12.297,0.05,,,12.534,0.05,12.198,0.06,12.093,0.05,,,11.355,0.021,11.1,0.023,11.093,0.021,6200,125,125,4.148,0.136,0.102,-0.46,0.18,0.15,1.378,0.226,0.224,0.999,0.126,0.07,0.348,0.261,0.093,499,79.23,80.88,0.031,0.011,0.007,,,
4021,4021,4021,212040079,08 28 07.340,+20 55 33.25,1,16.786,,,,,6597-301-3-0214-0304,EXTENDED,gri,,7,2,-1,2,,,,,,,18.537,0.036,17.323,0.007,16.829,0.007,16.556,0.008,16.356,0.027,,,,,,,,,,,,,,,,,,,,,,,,,,,,,,,,,
4022,4022,4022,212040122,08 55 22.658,+20 55 36.40,1,14.482,,,555-045650,08552265+2055362,,STAR,gri,rpm,-1.7,2.6,2.9,1.6,,,15.68,0.07,14.76,0.05,,,15.201,0.04,14.411,0.06,14.174,0.07,,,13.074,0.025,12.528,0.022,12.443,0.02,4857,114,114,3.177,1.392,1.16,-0.401,0.35,0.56,2.838,9.677,2.194,0.873,0.143,0.119,0.023,2.418,0.023,2000,4792,1639,0.034,0.008,0.008,,,
4023,4023,4023,212040134,08 35 03.648,+20 55 37.13,1,14.203,,,555-044708,08350365+2055370,,STAR,BV,rpm,-1,2.6,-2.2,2.9,,,15.308,0.06,14.361,0.038,,,14.83,0.039,,,,,,,12.835,0.022,12.349,0.021,12.28,0.02,5037,100,100,3.459,1.034,0.47,-0.401,0.3,0.42,2.9,1.847,2.095,0.96,0.182,0.13,0.033,1.226,0.026,1690,1001,1230,0.033,0.008,0.007,,,
4024,4024,4024,212040209,08 54 05.408,+20 55 42.04,1,14.083,,,555-045604,08540540+2055419,,STAR,gri,lam,2,2.6,0.8,2.6,,,15.179,0.03,14.312,0.03,,,14.759,0.03,14.048,0.03,13.794,0.03,,,12.701,0.023,12.199,0.023,12.114,0.019,5206,155,124,3.744,0.075,0.105,-0.328,0.18,0.1,2.257,0.327,0.241,1.057,0.097,0.116,0.088,0.031,0.026,1290,105.1,151.9,0.036,0.008,0.008,,,
4025,4025,4025,212040215,09 05 09.626,+20 55 42.38,1,15.523,,,555-045971,09050961+2055425,5061-301-4-0152-0011,STAR,gri,lam,,,,,,,16.8,0.07,15.858,0.061,,,16.412,0.08,15.454,0.05,15.141,0.24,,,13.831,0.029,13.257,0.028,13.122,0.024,4629,139,166,4.738,0.063,0.035,-0.781,0.15,0.18,0.538,0.033,0.061,0.581,0.034,0.054,3.676,1.038,0.474,425.4,52.35,60.98,0.031,0.007,0.007,,,
4026,4026,4026,212040287,08 32 39.108,+20 55 47.01,1,13.989,,,555-044606,08323910+2055470,,STAR,gri,rpm,-9.3,2.4,-9,2.4,,,15.224,0.02,14.265,0.07,,,14.773,0.038,13.944,0.045,13.653,0.068,,,12.545,0.022,12.135,0.018,11.974,0.018,5116,61,102,4.558,0.035,0.025,0.069,0.15,0.21,0.81,0.046,0.051,0.872,0.046,0.055,1.626,0.224,0.17,413.2,30.78,28.65,0.031,0.009,0.005,,,
4027,4027,4027,212040291,09 08 28.564,+20 55 47.11,1,11.139,,1407-279-1,555-046083,09082855+2055471,,STAR,gri,rpm,-11.2,1.6,-28.9,1.7,,,11.631,0.123,11.159,0.132,,,11.535,0.05,11.064,0.08,10.969,0.1,,,10.242,0.023,9.887,0.03,9.883,0.018,5786,170,170,4.376,0.108,0.45,-0.102,0.16,0.28,1.068,0.754,0.158,1.008,0.1,0.1,0.792,0.423,0.627,220.3,149.6,34.94,0.027,0.008,0.007,,,
4028,4028,4028,212040295,08 57 14.682,+20 55 47.21,1,13.895,,,555-045710,08571467+2055472,,STAR,gri,rpm,-28.4,1.8,-27.8,3,,,15.545,0.03,14.335,0.05,,,14.997,0.06,13.819,0.06,13.423,0.05,,,12.096,0.022,11.492,0.023,11.354,0.022,4260,167,167,4.758,0.119,0.085,-0.199,0.25,0.4,0.511,0.092,0.119,0.57,0.107,0.125,4.097,2.765,1.263,159.7,47.35,36.52,0.021,0.006,0.005,,,
4029,4029,4029,212040358,09 03 38.101,+20 55 51.86,1,18.372,,,,,5061-301-4-0149-0438,EXTENDED,gri,,18,6,5,6,,,,,,,19.575,0.109,18.539,0.019,18.317,0.026,18.052,0.034,17.996,0.15,,,,,,,,,,,,,,,,,,,,,,,,,,,,,,,,,
4030,4030,4030,212040382,09 04 40.794,+20 55 53.23,1,12.521,,,555-045950,09044078+2055533,,STAR,gri,rpm,-17.6,1.4,1.5,1.4,,,13.111,0.05,12.626,0.04,,,12.823,0.05,12.499,0.07,12.392,0.08,,,11.608,0.023,11.335,0.02,11.286,0.023,6123,182,146,4.208,0.15,0.18,-0.211,0.2,0.24,1.319,0.335,0.227,1.09,0.128,0.128,0.445,0.311,0.209,549.7,129.7,123.4,0.033,0.008,0.007,,,
4031,4031,4031,212040425,08 59 55.290,+20 55 55.94,1,19.02,,,,08595529+2055559,5038-301-1-0058-0239,STAR,gri,rpm,33,4,-40,4,,,,,,,23.491,0.455,20.786,0.026,19.321,0.013,18.263,0.009,17.701,0.017,16.265,0.099,15.838,0.133,15.525,0.16,3403,34,34,5.101,0.02,0.036,-0.029,0.12,0.08,0.196,0.017,0.012,0.179,0.019,0.013,22.86,2.495,3.492,305.4,29.93,19.73,0.026,0.006,0.005,,,
4032,4032,4032,212040433,08 51 02.892,+20 55 56.56,1,19.16,,,,08510289+2055565,,STAR,JHK,col,,,,,,,,,,,,,,,,,,,,,16.659,0.141,16.153,0.191,15.706,0.194,3869,755,377,4.934,0.135,0.243,-0.269,0.24,0.42,0.312,0.232,0.116,0.36,0.273,0.171,9.09,10.57,6.003,810.2,879.4,371.1,0.033,0.008,0.007,,,
4033,4033,4033,212040440,09 06 07.873,+20 55 56.86,1,16.361,,,,09060787+2055568,5071-301-3-0151-0219,EXTENDED,gri,,0,2,-1,2,,,,,,,19.412,0.047,17.38,0.005,16.388,0.004,15.924,0.004,15.547,0.008,15.153,0.067,14.45,0.085,14.138,0.082,,,,,,,,,,,,,,,,,,,,,,,,,,,
4034,4034,4034,212040441,08 52 57.983,+20 55 57.08,1,18.47,,,,,5071-301-6-0132-0218,EXTENDED,gri,,6,3,6,3,,,,,,,19.843,0.058,18.854,0.011,18.537,0.013,18.306,0.015,18.15,0.045,,,,,,,,,,,,,,,,,,,,,,,,,,,,,,,,,
4035,4035,4035,212040449,09 00 03.938,+20 55 57.74,1,12.759,,,555-045802,09000393+2055576,,STAR,gri,rpm,-12.9,1.2,18.7,1.4,,,13.444,0.04,12.873,0.02,,,13.11,0.04,12.761,0.03,12.609,0.09,,,11.778,0.023,11.503,0.021,11.472,0.02,6126,124,124,4.249,0.11,0.154,-0.367,0.25,0.35,1.213,0.259,0.185,0.985,0.141,0.118,0.514,0.246,0.217,537.3,105.7,88.33,0.033,0.007,0.007,,,
4036,4036,4036,212040458,09 04 03.346,+20 55 58.46,1,16.665,,,,09040334+2055584,5061-301-4-0150-0056,EXTENDED,gri,,5,2,-3,2,,,,,,,19.536,0.047,17.641,0.006,16.687,0.005,16.246,0.005,15.99,0.011,15.273,0.063,14.577,0.074,14.131,0.07,,,,,,,,,,,,,,,,,,,,,,,,,,,
4037,4037,4037,212040474,08 52 01.785,+20 55 59.49,1,12.164,,,555-045519,08520179+2055595,,STAR,gri,,-1.5,5,-5.2,1.3,,,12.925,0.041,12.301,0.01,,,12.589,0.03,12.123,0.02,11.981,0.04,,,11.246,0.027,,,,,,,,,,,,,,,,,,,,,,,,,,,,,,,
4038,4038,4038,212040478,08 27 56.842,+20 55 59.94,1,11.378,,,555-044365,08275683+2055598,,STAR,gri,rpm,-3,0.9,5.4,1.3,,,12.242,0.01,11.555,0.01,,,11.888,0.06,11.368,0.03,11.159,0.06,,,10.227,0.022,9.861,0.024,9.8,0.02,5501,198,132,3.506,0.645,1.161,-0.452,0.4,0.8,2.64,5.813,1.49,0.973,0.274,0.117,0.044,0.406,0.044,478.8,931,257.4,0.03,0.008,0.007,,,
4039,4039,4039,212040507,09 06 14.939,+20 56 02.20,1,19.867,,,,,5071-301-3-0151-0251,STAR,gri,,7,4,0,4,,,,,,,21.336,0.092,20.064,0.017,19.801,0.018,19.557,0.019,19.485,0.06,,,,,,,,,,,,,,,,,,,,,,,,,,,,,,,,,
4040,4040,4040,212040693,09 03 37.570,+20 56 14.47,1,17.65,,,,,5061-301-4-0149-0086,STAR,gri,,0,3,-3,3,,,,,,,17.961,0.012,17.867,0.006,17.578,0.006,17.534,0.007,17.587,0.017,,,,,,,,,,,,,,,,,,,,,,,,,,,,,,,,,
4041,4041,4041,212040718,08 30 16.481,+20 56 16.14,1,12.041,,,555-044485,08301648+2056162,,STAR,gri,rpm,-8.7,1.8,10.6,1,,,12.534,0.041,12.07,0.01,,,12.265,0.04,11.967,0.02,11.88,0.06,,,11.182,0.023,10.977,0.024,10.913,0.019,6476,103,155,4.204,0.09,0.162,-0.087,0.12,0.15,1.441,0.33,0.174,1.268,0.105,0.105,0.38,0.151,0.172,519.1,117.8,81.33,0.031,0.01,0.007,,,
4042,4042,4042,212040722,08 34 30.306,+20 56 16.39,1,12.81,,,555-044680,08343030+2056163,,STAR,BV,rpm,-4.1,1.1,5.5,1.3,,,13.583,0.043,12.936,0.031,,,13.226,0.032,,,,,,,11.916,0.03,11.644,0.023,11.564,0.02,6040,217,145,4.204,0.18,0.252,-0.152,0.2,0.24,1.308,0.535,0.252,1.083,0.151,0.126,0.416,0.359,0.262,611.6,249.1,132.5,0.033,0.01,0.008,,,
4043,4043,4043,212040743,09 06 02.476,+20 56 17.62,1,12.94,,,555-046001,09060246+2056175,,STAR,gri,lam,-7.2,2.2,-21.8,2.8,,,14.103,0.05,13.192,0.05,,,13.636,0.05,12.898,0.06,12.642,0.07,,,11.631,0.022,11.193,0.031,11.056,0.022,5174,155,155,4.555,0.025,0.04,0.087,0.12,0.1,0.816,0.054,0.037,0.886,0.044,0.044,1.586,0.194,0.236,280.6,27.78,30.05,0.028,0.007,0.006,,,
4044,4044,4044,212040749,09 03 16.567,+20 56 17.98,1,9.442,,1400-2149-1,555-045905,09031657+2056179,,STAR,gri,rpm,-34.5,1.2,-0.5,1.2,,,10.594,0.061,9.604,0.034,,,10.324,0.19,9.739,0.3,9.064,0.11,,,7.869,0.021,7.39,0.027,7.264,0.034,4949,148,119,2.625,0.638,0.29,-0.486,0.35,0.35,7.514,3.002,3.678,1,0.278,0.107,0.002,0.014,0.001,421.8,160.4,185.7,0.029,0.008,0.007,,,
4045,4045,4045,212040762,09 03 54.119,+20 56 19.17,1,17.308,,,,09035411+2056191,5061-301-4-0150-0066,EXTENDED,gri,,-1,2,-9,2,,,,,,,19.487,0.057,18.033,0.008,17.321,0.007,16.998,0.008,16.998,0.033,16.749,0.173,15.786,0.173,15.37,0.158,,,,,,,,,,,,,,,,,,,,,,,,,,,
4046,4046,4046,212040771,08 29 54.484,+20 56 19.70,1,14.75,,,555-044469,08295447+2056197,4508-301-1-0095-0145,STAR,gri,rpm,1.8,2.8,-5.8,3.1,,,15.958,0.03,15.028,0.03,,,15.474,0.04,14.751,0.08,14.439,0.079,,,13.288,0.026,12.773,0.021,12.662,0.027,4972,99,99,3.615,0.987,0.846,-0.347,0.3,0.36,2.393,3.465,1.768,0.883,0.12,0.12,0.063,1.601,0.059,1753,1785,1323,0.033,0.01,0.006,,,
4047,4047,4047,212040813,08 51 53.376,+20 56 22.03,1,13.782,,,555-045516,08515338+2056220,,STAR,gri,lam,1.2,2.5,-0.5,2.6,,,14.972,0.03,14.038,0.02,,,14.504,0.02,13.726,0.02,13.473,0.04,,,12.299,0.022,11.72,0.021,11.614,0.024,4848,77,97,3.008,0.135,0.162,-0.351,0.15,0.15,5.081,1.136,0.786,1.017,0.167,0.059,0.007,0.004,0.003,2134,491.5,338.5,0.033,0.009,0.009,,,
4048,4048,4048,212040819,08 53 08.304,+20 56 22.51,1,12.332,,,555-045561,08530830+2056225,,STAR,gri,lam,-20.1,2.7,-16,2.5,,,13.18,0.01,12.476,0.01,,,12.819,0.03,12.279,0.02,12.123,0.04,,,11.293,0.027,10.954,0.036,10.882,0.024,5639,168,202,3.897,0.108,0.09,-0.163,0.15,0.12,1.902,0.282,0.283,1.081,0.088,0.088,0.146,0.072,0.037,617,81.7,85.53,0.032,0.007,0.005,,,
4049,4049,4049,212040833,08 56 35.373,+20 56 23.36,1,17.036,,,,08563537+2056233,,STAR,J,col,,,,,,,,,,,,,,,,,,,,,15.572,0.067,14.856,0.07,14.438,0.086,3779,371,309,4.932,0.15,0.15,-0.132,0.2,0.28,0.32,0.147,0.116,0.345,0.194,0.162,8.853,9.431,4.566,433.4,274.4,192.8,0.031,0.01,0.008,,,
4050,4050,4050,212040868,09 11 31.113,+20 56 25.89,1,12.572,,,555-046188,09113111+2056259,,STAR,gri,rpm,-1.2,1.8,-18.2,2.1,,,14.016,0.02,12.935,0.04,,,13.51,0.02,12.495,0.03,12.17,0.05,,,10.974,0.021,10.422,0.022,10.294,0.017,4602,46,64,4.642,0.032,0.02,0.108,0.05,0.24,0.693,0.014,0.06,0.765,0.015,0.068,2.298,0.427,0.138,157.8,6.299,26,0.024,0.001,0.006,,,
4051,4051,4051,212040898,08 27 16.684,+20 56 28.14,1,10.173,,1391-1180-1,555-044329,08271668+2056280,,STAR,gri,rpm,-18.6,1.3,-3.9,1.3,,,10.647,0.053,10.15,0.046,,,10.599,0.15,10.195,0.12,9.99,0.06,,,9.211,0.034,8.954,0.023,8.929,0.017,6167,219,182,4.067,0.255,0.255,-0.028,0.12,0.24,1.58,0.885,0.43,1.255,0.252,0.157,0.231,0.35,0.139,220.3,104,60.71,0.026,0.008,0.007,,,
4052,4052,4052,212040963,08 33 50.574,+20 56 31.69,1,15.059,,,555-044654,08335057+2056316,6597-301-2-0222-0131,STAR,JHK,rpm,-0.1,2.8,-3.7,3.1,,,,,,,,,,,,,,,,,13.487,0.027,12.988,0.024,12.849,0.019,4978,117,147,4.545,0.07,1.512,-0.235,0.25,0.55,0.81,4.038,0.12,0.838,0.14,0.078,1.55,0.61,1.542,654.2,3082,138.4,0.034,0.008,0.01,,,
4053,4053,4053,212040984,09 07 31.682,+20 56 33.08,1,11.254,,1407-720-1,555-046052,09073167+2056329,,STAR,gri,rpm,-6.2,1.6,-9.7,1.7,,,11.678,0.119,11.257,0.135,,,11.584,0.05,11.224,0.07,11.112,0.08,,,10.379,0.022,10.128,0.027,10.103,0.021,6228,187,150,4.109,0.2,0.24,-0.053,0.15,0.21,1.517,0.681,0.353,1.235,0.232,0.174,0.291,0.31,0.169,357.9,165.7,85.15,0.03,0.008,0.007,,,
4054,4054,4054,212041012,09 11 46.890,+20 56 34.88,1,16.152,,,,09114688+2056348,5071-301-2-0159-0286,STAR,gri,col,,,,,,,,,,,21.018,0.078,18.309,0.007,16.8,0.005,15.227,0.004,14.363,0.005,12.896,0.021,12.302,0.023,12.039,0.023,3426,124,103,5.113,0.035,0.035,-0.156,0.2,0.24,0.187,0.019,0.017,0.172,0.023,0.019,25,4.712,3.965,67.44,9.636,9.986,0.012,0.003,0.004,,,
4055,4055,4055,212041036,08 31 11.428,+20 56 36.22,1,11.914,,1391-1183-1,555-044522,08311143+2056360,,STAR,gri,rpm,-9.2,2.2,-15.3,2.3,,,11.891,0.125,11.751,0.186,,,12.319,0.02,11.841,0.05,11.74,0.06,,,10.91,0.022,10.619,0.022,10.584,0.02,5947,118,141,4.23,0.192,0.256,-0.072,0.16,0.2,1.24,0.553,0.23,1.085,0.118,0.098,0.517,0.381,0.326,363.1,173.5,78.65,0.031,0.008,0.007,,,
4056,4056,4056,212041047,08 35 10.975,+20 56 36.97,1,14.071,,,555-044719,08351097+2056368,,STAR,gri,rpm,6.2,2.7,-12.7,2.6,,,15.388,0.06,14.355,0.038,,,14.78,0.038,14.076,0.046,13.767,0.069,,,12.975,0.022,12.643,0.024,12.462,0.022,5412,107,128,4.519,0.035,0.049,-0.02,0.15,0.21,0.867,0.076,0.06,0.917,0.048,0.067,1.39,0.228,0.255,572.6,68.39,44.33,0.036,0.013,0.009,,,
4057,4057,4057,212041051,08 25 55.170,+20 56 37.57,1,16.235,,,555-044264,08255516+2056375,,STAR,JHK,rpm,1,4.1,-0.9,5,,,,,,,,,,,,,,,,,14.9,0.034,14.53,0.045,14.388,0.056,5559,327,272,4.499,0.065,0.182,-0.373,0.25,0.35,0.859,0.27,0.1,0.86,0.077,0.092,1.361,0.433,0.62,1438,602.7,230.9,0.034,0.01,0.007,,,
4058,4058,4058,212041056,09 09 43.565,+20 56 37.99,1,16.827,,,,09094356+2056379,5061-301-3-0158-0285,EXTENDED,gri,,0,2,-4,2,,,,,,,19.356,0.042,17.72,0.006,16.869,0.005,16.445,0.005,16.142,0.013,15.447,0.076,15.029,0.097,14.617,0.08,,,,,,,,,,,,,,,,,,,,,,,,,,,
4059,4059,4059,212041065,09 07 34.785,+20 56 38.78,1,13.236,,,555-046054,09073478+2056388,,STAR,gri,rpm,-26.1,2.7,-13.7,3.3,,,14.417,0.04,13.485,0.05,,,13.964,0.05,13.179,0.07,12.924,0.07,,,11.884,0.022,11.448,0.031,11.331,0.022,5088,149,119,4.56,0.03,0.036,0.045,0.1,0.3,0.798,0.041,0.039,0.86,0.041,0.034,1.65,0.244,0.213,301.1,33.64,18.54,0.03,0.011,0.005,,,
4060,4060,4060,212041078,08 31 10.574,+20 56 39.65,1,13.131,,,555-044520,08311057+2056395,,STAR,JHK,rpm,-4.9,3.3,7.5,1.9,,,,,,,,,,,,,,,,,11.728,0.023,11.246,0.022,11.173,0.024,5026,120,100,3.352,0.414,0.828,-0.458,0.35,0.42,3.335,5.007,1.312,0.943,0.242,0.091,0.025,0.079,0.024,1181,1503,426.3,0.032,0.01,0.005,,,
4061,4061,4061,212041118,08 55 41.808,+20 56 43.72,1,17.775,,,,08554180+2056437,,STAR,J,col,,,,,,,,,,,,,,,,,,,,,16.259,0.098,15.819,0.146,15.216,0.126,3697,604,302,4.989,0.12,0.216,-0.213,0.25,0.35,0.276,0.216,0.093,0.29,0.259,0.129,12.11,11.77,8.025,493.2,555.4,205.4,0.031,0.008,0.007,,,
4062,4062,4062,212041121,09 12 02.152,+20 56 43.91,1,16.317,,,,09120215+2056439,,STAR,JHK,col,,,,,,,,,,,,,,,,,,,,,14.085,0.024,13.434,0.025,13.233,0.028,3970,233,194,4.858,0.075,0.075,-0.1,0.16,0.28,0.417,0.079,0.078,0.47,0.091,0.091,5.992,3.077,1.75,306.1,79.26,62.96,0.029,0.008,0.007,,,
4063,4063,4063,212041129,08 54 29.508,+20 56 44.41,1,14.816,,,555-045618,08542952+2056446,5038-301-2-0050-0060,STAR,gri,rpm,-43.4,7.6,-4.5,7.3,,,16.071,0.02,15.092,0.06,,,15.641,0.02,14.833,0.06,14.463,0.079,,,13.284,0.022,12.698,0.021,12.64,0.023,4738,75,75,4.678,0.03,0.048,-0.504,0.3,0.25,0.611,0.062,0.047,0.653,0.062,0.052,2.862,0.516,0.568,389.1,50.3,33.91,0.032,0.009,0.009,,,
4064,4064,4064,212041139,08 58 27.433,+20 56 45.20,1,17.553,,,,08582743+2056452,5038-301-1-0056-0228,EXTENDED,gri,,-5,3,4,3,,,,,,,19.281,0.03,18.208,0.007,17.693,0.007,17.272,0.007,17.107,0.018,16.367,0.101,15.6,0.108,15.238,0.118,,,,,,,,,,,,,,,,,,,,,,,,,,,
4065,4065,4065,212041145,08 53 02.588,+20 56 45.65,1,17.896,,,,08530258+2056456,,STAR,J,rpm,10,3,4,4,,,,,,,,,,,,,,,,,16.37,0.128,15.406,0.146,14.726,0.11,3857,366,305,4.912,0.115,0.138,-0.179,0.2,0.28,0.351,0.126,0.108,0.385,0.15,0.15,8.348,6.843,3.76,717.4,361,277.5,0.033,0.01,0.007,,,
4066,4066,4066,212041154,09 07 17.560,+20 56 46.21,1,16.242,,,,09071756+2056462,5071-301-3-0152-0269,EXTENDED,gri,,2,2,16,2,,,,,,,18.574,0.041,17.061,0.005,16.326,0.004,15.891,0.004,15.592,0.009,15.415,0.092,14.669,0.102,14.195,0.084,,,,,,,,,,,,,,,,,,,,,,,,,,,
4067,4067,4067,212041163,08 28 02.590,+20 56 46.64,1,14.119,,,555-044371,08280258+2056466,,STAR,gri,rpm,1.4,2.9,-3.8,3.1,,,15.197,0.05,14.384,0.01,,,14.756,0.04,14.112,0.05,13.846,0.07,,,12.796,0.024,12.328,0.024,12.257,0.018,5130,82,103,3.35,0.438,0.73,-0.641,0.42,0.3,3.039,3.195,1.064,0.921,0.154,0.048,0.024,0.074,0.022,1780,1674,584.2,0.034,0.006,0.007,,,
4068,4068,4068,212041173,09 02 23.359,+20 56 47.18,1,11.718,,1400-2271-1,555-045878,09022335+2056475,,STAR,gri,rpm,9.9,1.7,-12.3,1.7,,,12.219,0.195,12.387,0.294,,,12.036,0.04,11.735,0.03,11.582,0.08,,,10.771,0.023,10.52,0.023,10.46,0.018,6288,151,151,4.14,0.18,0.24,-0.134,0.18,0.27,1.455,0.564,0.242,1.187,0.157,0.112,0.339,0.267,0.197,418,149.5,85.67,0.03,0.01,0.007,,,
4069,4069,4069,212041194,08 28 21.012,+20 56 48.27,1,12.644,,,555-044393,08282101+2056480,,STAR,gri,rpm,-9.4,1.1,4.3,2.3,,,13.301,0.042,12.76,0.031,,,13.006,0.05,12.62,0.02,12.489,0.061,,,11.637,0.021,11.353,0.022,11.305,0.02,6069,123,123,4.15,0.216,0.18,-0.184,0.24,0.24,1.34,0.461,0.293,1.081,0.137,0.114,0.375,0.348,0.181,562,162,125.8,0.03,0.008,0.005,,,
4070,4070,4070,212041206,08 34 52.794,+20 56 49.02,1,14.671,,,555-044702,08345279+2056490,,STAR,JHK,rpm,-3.8,2.9,5.7,3.1,,,,,,,,,,,,,,,,,12.957,0.03,12.408,0.027,12.265,0.019,4758,151,227,4.611,0.075,1.92,-0.165,0.2,0.44,0.719,6.492,0.117,0.777,0.188,0.135,1.96,0.966,1.958,405.6,3558,90.76,0.032,0.01,0.008,,,
4071,4071,4071,212041251,08 27 50.781,+20 56 51.64,1,12.114,,,555-044355,08275077+2056517,,STAR,gri,rpm,-9.6,1.1,-43.5,1.2,,,12.954,0.01,12.303,0.01,,,12.612,0.06,12.101,0.02,11.901,0.06,,,10.998,0.022,10.692,0.026,10.589,0.02,5758,138,104,4.412,0.085,0.204,-0.151,0.2,0.28,1.001,0.293,0.133,0.978,0.075,0.105,0.947,0.345,0.469,297,88.78,52.9,0.031,0.008,0.008,,,
4072,4072,4072,212041256,08 30 06.887,+20 56 51.85,1,13.536,,,555-044478,08300688+2056519,,STAR,gri,rpm,0.4,1.9,-4.8,2.3,,,14.854,0.06,13.802,0.02,,,14.323,0.04,13.51,0.01,13.199,0.064,,,11.991,0.023,11.47,0.022,11.343,0.018,4853,78,78,3.047,0.462,0.693,-0.31,0.25,0.45,4.845,4.947,1.987,1.025,0.214,0.178,0.008,0.031,0.007,1773,1785,721.4,0.034,0.01,0.006,,,
4073,4073,4073,212041292,08 30 23.340,+20 56 54.16,1,12.336,,,555-044495,08302334+2056541,,STAR,gri,rpm,-1.6,1.5,-32.6,1.7,,,13.183,0.042,12.519,0.01,,,12.825,0.04,12.318,0.02,12.127,0.061,,,11.256,0.022,10.87,0.023,10.822,0.02,5603,110,154,4.487,0.05,0.75,-0.361,0.3,0.48,0.926,1.126,0.128,0.885,0.097,0.054,1.192,0.326,1.096,295.1,324.3,43.93,0.03,0.006,0.005,,,
4074,4074,4074,212041321,08 32 17.818,+20 56 55.62,1,13.312,,,555-044579,08321782+2056557,,STAR,gri,rpm,-3.9,1.7,0.4,2.2,,,14.582,0.01,13.593,0.01,,,14.092,0.03,13.263,0.03,12.977,0.063,,,11.787,0.022,11.262,0.024,11.151,0.02,4817,96,77,2.968,0.395,0.632,-0.263,0.16,0.4,5.528,3.973,2.008,1.064,0.159,0.191,0.005,0.015,0.004,1851,1304,664.3,0.036,0.011,0.009,,,
4075,4075,4075,212041359,08 58 41.954,+20 56 57.97,1,18.757,,,,,5038-301-1-0056-0115,STAR,gri,,4,3,-2,3,,,,,,,18.96,0.019,18.97,0.009,18.686,0.009,18.699,0.012,18.708,0.035,,,,,,,,,,,,,,,,,,,,,,,,,,,,,,,,,
4076,4076,4076,212041428,09 03 07.649,+20 57 02.13,1,15.293,,,555-045898,09030765+2057021,5071-301-4-0146-0089,STAR,gri,lam,-1.2,4.5,-4.3,4.8,,,16.404,0.23,15.47,0.02,,,15.813,0.07,15.248,0.07,15.07,0.11,,,14.045,0.028,13.653,0.03,13.544,0.028,5583,162,162,4.177,0.21,0.21,0.134,0.08,0.08,1.295,0.356,0.279,1.005,0.137,0.032,0.42,0.429,0.212,1468,430.2,332.7,0.033,0.016,0.007,,,
4077,4077,4077,212041431,09 07 33.163,+20 57 02.25,1,13.276,,,555-046053,09073316+2057023,,STAR,gri,lam,-22.6,2.6,-3.9,3.2,,,14.423,0.06,13.534,0.05,,,13.973,0.05,13.238,0.07,12.977,0.07,,,11.907,0.022,11.459,0.031,11.378,0.02,5083,162,162,4.586,0.03,0.03,-0.077,0.12,0.18,0.753,0.056,0.044,0.818,0.057,0.057,1.854,0.25,0.261,287.3,26.27,33.12,0.028,0.008,0.007,,,
4078,4078,4078,212041476,08 58 31.904,+20 57 04.53,1,12.078,,1400-1212-1,555-045741,08583189+2057043,,STAR,gri,rpm,1,2.5,8.2,2.8,,,12.309,0.255,11.717,0.199,,,12.564,0.05,12.032,0.06,11.87,0.06,,,11.007,0.022,10.747,0.022,10.626,0.017,5962,142,142,4.139,0.258,0.258,-0.027,0.15,0.15,1.438,0.616,0.369,1.147,0.195,0.13,0.364,0.442,0.224,423,203.2,118,0.034,0.008,0.008,,,
4079,4079,4079,212041515,08 29 42.662,+20 57 07.21,1,15.505,,,555-044457,08294265+2057073,,STAR,JHK,rpm,-34.6,3,-15,3.1,,,,,,,,,,,,,,,,,13.336,0.025,12.725,0.026,12.503,0.025,3747,184,184,4.942,0.09,0.075,-0.092,0.16,0.2,0.321,0.069,0.086,0.359,0.084,0.135,9.25,6.495,2.924,160.6,38.81,51.82,0.02,0.008,0.005,,,
4080,4080,4080,212041537,08 26 16.265,+20 57 08.83,1,14.701,,,555-044280,08261626+2057087,,STAR,gri,rpm,11.7,4.3,-11.1,4.9,,,15.812,0.09,14.931,0.06,,,15.394,0.16,14.648,0.01,14.404,0.078,,,13.299,0.022,12.82,0.025,12.753,0.02,5056,151,121,4.583,0.036,0.762,-0.177,0.2,0.32,0.754,0.09,0.058,0.815,0.067,0.081,1.836,0.296,0.434,543.5,896,53.5,0.033,0.008,0.008,,,
4081,4081,4081,212041538,08 51 52.373,+20 57 08.86,1,17.895,,,,08515237+2057088,5037-301-3-0135-0289,EXTENDED,gri,,4,3,0,3,,,,,,,21.13,0.103,18.988,0.011,17.879,0.007,17.426,0.007,17.08,0.016,16.28,0.095,15.493,0.112,15.177,0.139,,,,,,,,,,,,,,,,,,,,,,,,,,,
4082,4082,4082,212041583,08 56 03.504,+20 57 11.69,1,17.787,,,,08560350+2057116,,STAR,JHK,col,,,,,,,,,,,,,,,,,,,,,15.764,0.07,15.288,0.085,14.974,0.092,3780,961,320,4.941,0.144,0.288,-0.205,0.24,0.36,0.306,0.288,0.104,0.326,0.302,0.151,9.228,11.62,6.511,481.1,692.2,205.5,0.031,0.01,0.008,,,
4083,4083,4083,212041609,08 52 38.505,+20 57 13.17,1,13.695,,,555-045541,08523850+2057131,,STAR,gri,lam,-0.1,2,-0.5,2.1,,,14.933,0.01,13.987,0.02,,,14.441,0.03,13.672,0.03,13.376,0.04,,,12.214,0.023,11.696,0.022,11.584,0.022,4922,78,58,3.193,0.18,0.09,-0.343,0.12,0.15,4.206,0.518,0.74,1.056,0.128,0.107,0.013,0.011,0.004,1736,198.4,307.3,0.033,0.01,0.008,,,
4084,4084,4084,212041684,08 28 25.634,+20 57 17.79,1,17.638,,,,08282563+2057177,,STAR,J,,,,,,,,,,,,,,,,,,,,,,16.132,0.097,15.433,0.124,,,,,,,,,,,,,,,,,,,,,,,,,,,,,
4085,4085,4085,212041730,08 27 16.050,+20 57 21.33,1,17.783,,,,08271605+2057213,6597-301-3-0213-0294,EXTENDED,gri,,2,3,-6,3,,,,,,,19.883,0.055,18.662,0.009,17.85,0.008,17.406,0.008,17.162,0.022,16.215,0.102,15.527,0.121,14.971,0.107,,,,,,,,,,,,,,,,,,,,,,,,,,,
4086,4086,4086,212041751,09 06 29.340,+20 57 22.92,1,16.171,,,,09062933+2057229,5071-301-3-0151-0292,EXTENDED,gri,,1,2,4,2,,,,,,,19.079,0.042,17.148,0.005,16.177,0.004,15.752,0.004,15.37,0.008,15.103,0.07,14.594,0.095,14.142,0.085,,,,,,,,,,,,,,,,,,,,,,,,,,,
4087,4087,4087,212041782,09 11 32.503,+20 57 24.76,1,13.228,,,555-046189,09113250+2057247,,STAR,gri,lam,-5.2,2.1,-9.2,2.4,,,14.357,0.05,13.478,0.04,,,13.902,0.03,13.189,0.04,12.939,0.06,,,11.789,0.021,11.232,0.022,11.174,0.017,4986,80,80,2.751,0.115,0.161,-0.889,0.15,0.15,6.48,1.383,0.836,0.899,0.018,0.018,0.003,0.002,0.001,2186,422.9,299.6,0.033,0.005,0.005,,,
4088,4088,4088,212041823,09 06 06.957,+20 57 26.76,1,16.959,,,,09060695+2057267,,STAR,J,col,,,,,,,,,,,,,,,,,,,,,15.5,0.075,14.952,0.109,14.494,0.096,3732,603,301,4.953,0.138,0.207,-0.172,0.2,0.32,0.306,0.193,0.102,0.315,0.259,0.144,9.675,11.88,5.876,418.2,380.2,174.2,0.031,0.008,0.008,,,
4089,4089,4089,212041930,09 03 33.603,+20 57 33.29,1,17.401,,,,09033360+2057332,,STAR,J,col,,,,,,,,,,,,,,,,,,,,,15.912,0.082,15.227,0.104,14.671,0.091,3694,386,276,4.981,0.115,0.138,-0.128,0.2,0.28,0.273,0.135,0.09,0.279,0.196,0.123,11.6,11.02,6.397,416.1,287.3,170,0.03,0.01,0.008,,,
4090,4090,4090,212041938,08 56 41.364,+20 57 33.79,1,17.574,,,,08564136+2057337,,STAR,J,col,,,,,,,,,,,,,,,,,,,,,16.073,0.086,15.35,0.111,15.065,0.134,3963,444,370,4.872,0.145,0.145,-0.208,0.2,0.32,0.395,0.153,0.145,0.44,0.161,0.193,6.801,8.355,3.313,713.2,417.1,302.8,0.032,0.008,0.007,,,
4091,4091,4091,212041966,08 29 50.070,+20 57 35.15,1,12.971,,,555-044465,08295006+2057352,,STAR,gri,rpm,0.5,1.4,-4.5,1.6,,,13.704,0.01,13.098,0.032,,,13.36,0.03,12.933,0.02,12.805,0.062,,,11.96,0.022,11.655,0.022,11.613,0.019,5964,119,95,4.141,0.21,0.252,-0.192,0.16,0.2,1.379,0.526,0.326,1.067,0.124,0.103,0.343,0.382,0.203,632.9,231.9,145,0.033,0.007,0.008,,,
4092,4092,4092,212041991,09 05 22.062,+20 57 36.30,1,19.506,,,,,5061-301-4-0152-0178,STAR,gri,,,,,,,,,,,,19.781,0.031,19.343,0.01,19.56,0.015,19.748,0.022,20.109,0.121,,,,,,,,,,,,,,,,,,,,,,,,,,,,,,,,,
4093,4093,4093,212042037,08 52 17.225,+20 57 38.63,1,15.324,,,555-045528,08521722+2057385,,STAR,gri,rpm,1.8,2.8,-6.7,3.1,,,16.488,0.09,15.688,0.07,,,16.033,0.08,15.278,0.01,15.02,0.08,,,14.007,0.026,13.568,0.022,13.434,0.032,5115,124,103,4.575,0.04,0.064,-0.215,0.25,0.35,0.77,0.1,0.065,0.817,0.07,0.084,1.793,0.338,0.385,760.1,132.9,82.66,0.034,0.01,0.007,,,
4094,4094,4094,212042040,08 50 28.322,+20 57 38.78,1,14.271,,,555-045460,08502831+2057389,,STAR,gri,rpm,10,2.4,-12.1,2.5,,,15.693,0.05,14.614,0.02,,,15.183,0.05,14.196,0.03,13.88,0.04,,,12.723,0.023,12.154,0.021,12.041,0.028,4627,93,75,4.644,0.03,0.025,-0.036,0.16,0.24,0.672,0.037,0.041,0.741,0.031,0.057,2.389,0.354,0.26,327.1,24.2,26.85,0.032,0.005,0.005,,,
4095,4095,4095,212042055,08 31 18.109,+20 57 39.83,1,11.649,,1391-992-1,555-044527,08311810+2057400,,STAR,gri,rpm,-3.6,1.6,-7.7,1.8,,,11.991,0.142,11.734,0.175,,,12.082,0.04,11.633,0.01,11.463,0.06,,,10.639,0.022,10.333,0.024,10.29,0.024,5936,117,93,4.143,0.288,0.24,-0.04,0.15,0.18,1.355,0.517,0.374,1.101,0.142,0.089,0.324,0.551,0.182,348.3,131.6,95.51,0.031,0.008,0.006,,,
4096,4096,4096,212042111,08 56 39.728,+20 57 43.43,1,18.345,,,,08563972+2057434,,STAR,J,col,,,,,,,,,,,,,,,,,,,,,16.784,0.162,15.887,0.153,15.044,0.106,3626,400,400,5.032,0.13,0.13,-0.179,0.2,0.28,0.233,0.12,0.079,0.248,0.188,0.104,14.95,15.22,7.542,525.3,379.2,251.6,0.032,0.01,0.008,,,
4097,4097,4097,212042126,09 12 32.325,+20 57 44.38,1,12.95,,,555-046231,09123231+2057444,,STAR,gri,rpm,-15.8,1.7,-10.9,1.5,,,13.683,0.04,13.078,0.04,,,13.333,0.03,12.91,0.04,12.786,0.05,,,11.942,0.021,11.63,0.02,11.603,0.018,5956,119,95,4.351,0.075,0.18,-0.205,0.2,0.24,1.087,0.302,0.116,0.985,0.091,0.091,0.758,0.23,0.357,501.9,147.9,65.96,0.032,0.008,0.007,,,
4098,4098,4098,212042138,09 09 56.062,+20 57 45.04,1,16.76,,,,09095606+2057450,5061-301-3-0159-0228,EXTENDED,gri,,6,2,1,2,,,,,,,19.288,0.049,17.678,0.007,16.808,0.005,16.367,0.006,16.068,0.015,15.925,0.108,15.377,0.106,15.089,0.129,,,,,,,,,,,,,,,,,,,,,,,,,,,
4099,4099,4099,212042143,08 52 33.393,+20 57 45.28,1,18.079,,,,08523339+2057452,,STAR,JHK,col,,,,,,,,,,,,,,,,,,,,,15.543,0.046,14.921,0.065,14.562,0.074,3700,403,252,4.971,0.11,0.154,-0.132,0.2,0.28,0.287,0.135,0.092,0.318,0.18,0.154,10.47,9.254,5.574,370.4,234.5,143.6,0.029,0.01,0.008,,,
4100,4100,4100,212042176,08 59 56.637,+20 57 47.18,1,12.625,,,555-045799,08595663+2057471,,STAR,gri,rpm,-1.1,1.5,-6.1,1.9,,,13.846,0.03,12.896,0.03,,,13.326,0.04,12.637,0.04,12.324,0.09,,,11.183,0.023,10.691,0.022,10.573,0.017,4979,101,80,2.934,0.528,0.616,-0.548,0.25,0.25,4.903,5.303,1.802,0.986,0.198,0.079,0.006,0.022,0.005,1381,1192,570.9,0.034,0.007,0.007,,,
4101,4101,4101,212042292,08 51 19.820,+20 57 54.47,1,19.069,,,,,5037-301-3-0135-0235,STAR,gri,,0,3,0,3,,,,,,,19.712,0.028,19.015,0.009,19.087,0.011,19.081,0.014,18.825,0.035,,,,,,,,,,,,,,,,,,,,,,,,,,,,,,,,,
4102,4102,4102,212042311,08 33 55.167,+20 57 55.37,1,12.849,,,555-044657,08335516+2057552,,STAR,BV,rpm,1.2,1.3,5.3,1.6,,,13.66,0.043,12.985,0.032,,,13.315,0.032,,,,,,,11.875,0.023,11.522,0.022,11.505,0.02,5797,171,206,4.103,0.372,0.31,-0.201,0.25,0.35,1.387,0.683,0.458,1.005,0.184,0.115,0.299,0.635,0.203,607.4,286.9,225.6,0.033,0.008,0.006,,,
4103,4103,4103,212042345,09 12 05.505,+20 57 57.29,1,13.456,,,555-046215,09120550+2057572,,STAR,gri,lam,5.6,2.6,22.3,2.9,,,15.261,0.03,13.973,0.05,,,14.699,0.03,13.418,0.01,12.923,0.05,,,11.637,0.023,10.997,0.025,10.841,0.022,4167,150,125,4.777,0.05,0.05,-0.119,0.12,0.12,0.506,0.054,0.058,0.568,0.06,0.06,4.262,1.203,0.798,128.6,21.46,21.74,0.019,0.006,0.005,,,
4104,4104,4104,212042347,08 59 10.400,+20 57 57.49,1,16.731,,,,,5038-301-1-0057-0222,EXTENDED,gri,,-5,4,3,4,,,,,,,18.376,0.029,17.31,0.008,16.806,0.007,16.483,0.008,16.342,0.024,,,,,,,,,,,,,,,,,,,,,,,,,,,,,,,,,
4105,4105,4105,212042395,09 09 43.610,+20 58 00.85,1,13.033,,,555-046126,09094360+2058007,,STAR,gri,lam,-8.8,2,-18.9,2.3,,,14.224,0.04,13.269,0.08,,,13.756,0.06,12.995,0.08,12.723,0.1,,,11.612,0.022,11.087,0.021,11.019,0.02,5005,80,60,3.167,0.182,0.13,-0.628,0.15,0.15,4.18,0.788,0.782,0.95,0.109,0.046,0.013,0.01,0.005,1344,242.4,242.5,0.033,0.009,0.009,,,
4106,4106,4106,212042431,09 05 47.677,+20 58 02.63,1,18.416,,,,,5061-301-4-0153-0013,STAR,gri,,-2,3,-3,3,,,,,,,19.18,0.022,18.505,0.007,18.387,0.008,18.283,0.009,18.4,0.03,,,,,,,,,,,,,,,,,,,,,,,,,,,,,,,,,
4107,4107,4107,212042449,08 26 40.561,+20 58 03.37,1,18.274,,,,08264056+2058033,,STAR,J,,,,,,,,,,,,,,,,,,,,,,16.719,0.174,,,,,,,,,,,,,,,,,,,,,,,,,,,,,,,
4108,4108,4108,212042461,08 26 35.729,+20 58 03.95,1,12.985,,,555-044292,08263572+2058038,,STAR,gri,rpm,6.5,2,3.9,2.5,,,13.917,0.02,13.159,0.01,,,13.541,0.06,12.942,0.02,12.747,0.062,,,11.865,0.022,11.533,0.022,11.448,0.018,5612,155,110,4.355,0.144,0.6,-0.085,0.16,0.2,1.095,1.245,0.219,1.039,0.22,0.122,0.728,0.573,0.641,476,518,117.4,0.033,0.008,0.006,,,
4109,4109,4109,212042466,09 11 24.756,+20 58 04.44,1,17.412,,,,,5071-301-2-0158-0273,EXTENDED,gri,,-8,2,5,2,,,,,,,18.34,0.023,17.492,0.006,17.386,0.007,17.292,0.01,17.255,0.029,,,,,,,,,,,,,,,,,,,,,,,,,,,,,,,,,
4110,4110,4110,212042475,08 32 53.557,+20 58 04.99,1,12.199,,1398-1118-1,555-044618,08325354+2058050,,STAR,gri,rpm,-11.6,2.5,-9.5,2.7,,,12.907,0.329,12.427,0.264,,,12.524,0.02,12.168,0.01,12.06,0.061,,,11.311,0.022,10.993,0.02,10.981,0.019,6124,96,120,4.168,0.17,0.204,-0.415,0.25,0.3,1.327,0.442,0.283,0.973,0.17,0.106,0.375,0.405,0.195,482.5,127.7,118.5,0.03,0.006,0.006,,,
4111,4111,4111,212042480,08 55 54.831,+20 58 05.10,1,17.779,,,,08555483+2058051,,STAR,J,col,,,,,,,,,,,,,,,,,,,,,16.263,0.106,15.622,0.125,15.248,0.147,3852,542,338,4.93,0.135,0.189,-0.208,0.24,0.36,0.34,0.181,0.136,0.368,0.21,0.175,7.693,8.945,4.136,696.2,556.1,309.2,0.032,0.008,0.007,,,
4112,4112,4112,212042483,09 12 25.560,+20 58 05.20,1,11.535,,1407-1387-1,555-046225,09122555+2058052,,STAR,gri,lam,-16.7,1.6,-38.9,1.7,,,12.295,0.151,11.734,0.123,,,11.993,0.03,11.502,0.04,11.339,0.05,,,10.451,0.02,10.127,0.02,10.086,0.02,5692,170,136,4.469,0.04,0.056,-0.083,0.12,0.12,0.942,0.084,0.065,0.979,0.06,0.072,1.114,0.195,0.225,210.9,25.95,19.44,0.025,0.007,0.005,,,
4113,4113,4113,212042497,09 03 08.607,+20 58 06.00,1,14.022,,,555-045900,09030861+2058061,,STAR,gri,rpm,4.3,2.6,-3.9,3.1,,,15.665,0.02,14.418,0.03,,,15.016,0.04,14.053,0.04,13.596,0.07,,,12.177,0.023,11.479,0.023,11.35,0.02,4390,69,69,1.309,1.264,0.395,-0.92,0.55,0.55,32.072,16.137,24.05,0.825,0.09,0.127,1.92E-05,0.001,1.41E-05,10730,5513,7885,0.034,0.008,0.006,,,
4114,4114,4114,212042513,09 03 56.447,+20 58 06.64,1,16.138,,,555-045925,09035648+2058067,5061-301-4-0150-0055,EXTENDED,J,,-13.2,9.7,-7.2,9.4,,,,,,,,,,,,,,,,,14.739,0.067,14.01,0.072,13.604,0.059,,,,,,,,,,,,,,,,,,,,,,,,,,,
4115,4115,4115,212042525,09 06 11.902,+20 58 07.32,1,14.305,,,555-046008,09061188+2058072,,STAR,gri,lam,9.6,2.8,-5.6,3.5,,,15.438,0.04,14.557,0.08,,,14.981,0.04,14.29,0.08,14.015,0.06,,,12.918,0.024,12.466,0.031,12.349,0.03,5099,81,81,3.525,0.11,0.11,-0.499,0.12,0.12,2.821,0.381,0.398,0.977,0.136,0.04,0.042,0.024,0.013,1674,212.9,224,0.033,0.01,0.007,,,
4116,4116,4116,212042547,09 07 25.338,+20 58 08.72,1,18.151,,,,09072533+2058087,5071-301-3-0153-0286,EXTENDED,gri,,-5,3,1,3,,,,,,,20.733,0.078,19.008,0.01,18.177,0.008,17.783,0.008,17.481,0.018,16.744,0.15,15.817,0.179,15.171,0.146,,,,,,,,,,,,,,,,,,,,,,,,,,,
4117,4117,4117,212042584,09 09 44.223,+20 58 10.78,1,17.7,,,,09094422+2058107,5061-301-3-0158-0128,EXTENDED,gri,,8,3,-3,3,,,,,,,20.601,0.081,18.627,0.009,17.733,0.007,17.303,0.007,17.009,0.018,16.27,0.112,15.515,0.134,15.131,0.119,,,,,,,,,,,,,,,,,,,,,,,,,,,
4118,4118,4118,212042586,08 26 19.218,+20 58 10.82,1,12.614,,,555-044285,08261922+2058107,,STAR,gri,rpm,-14.3,2,-14.7,2.5,,,13.771,0.043,12.885,0.02,,,13.315,0.06,12.606,0.02,12.313,0.061,,,11.173,0.022,10.683,0.022,10.555,0.017,5023,79,99,3.216,0.462,0.385,-0.615,0.5,0.25,3.659,2.292,1.219,0.911,0.153,0.029,0.016,0.058,0.013,921.9,516.5,331,0.035,0.014,0.01,,,
4119,4119,4119,212042587,08 35 17.040,+20 58 10.85,1,18.805,,,,08351703+2058108,6728-301-1-0131-0431,STAR,gri,rpm,-33,4,-8,4,,,,,,,26.329,0.366,21.107,0.039,19.626,0.016,17.819,0.007,16.814,0.009,15.217,0.048,14.638,0.059,14.289,0.053,3502,112,141,5.066,0.05,0.05,-0.039,0.15,0.21,0.219,0.044,0.031,0.202,0.053,0.038,18.68,5.663,4.346,221.1,47.17,38.88,0.027,0.007,0.006,,,
4120,4120,4120,212042623,09 05 31.965,+20 58 12.74,1,10.111,,1407-357-1,555-045981,09053195+2058128,,STAR,gri,rpm,-20.2,1.2,-26,1.2,,,11.041,0.079,10.472,0.069,,,10.705,0.06,10.176,0.07,9.857,0.08,,,8.863,0.023,8.464,0.03,8.389,0.016,5343,129,161,2.523,1.288,0.084,-0.929,0.72,0.3,8.422,0.932,6.345,0.895,0.139,0.021,0.001,0.115,3.60E-04,772.5,55.25,562.2,0.031,0.007,0.008,,,
4121,4121,4121,212042643,08 35 37.879,+20 58 13.94,1,16.416,,,,08353787+2058139,6728-301-1-0132-0302,STAR,gri,rpm,3,3,-153,3,,,,,,,20.333,0.052,17.782,0.006,16.416,0.004,15.831,0.004,15.492,0.005,14.389,0.028,13.767,0.024,13.607,0.037,3820,116,116,5.082,0.048,0.144,-0.523,0.2,0.32,0.216,0.123,0.02,0.21,0.165,0.024,20.08,4.623,11,164.3,39.7,57.72,0.021,0.005,0.006,,,
4122,4122,4122,212042660,09 04 13.619,+20 58 14.95,1,17.768,,,,09041361+2058149,5061-301-4-0150-0271,EXTENDED,gri,,2,3,-4,3,,,,,,,20.663,0.111,18.778,0.01,17.767,0.007,17.335,0.008,16.96,0.02,16.207,0.094,15.373,0.095,15.102,0.121,,,,,,,,,,,,,,,,,,,,,,,,,,,
4123,4123,4123,212042704,08 55 42.878,+20 58 17.94,1,17.184,,,,08554287+2058179,5038-301-2-0052-0189,EXTENDED,gri,,4,3,2,3,,,,,,,19.832,0.046,18.047,0.007,17.19,0.005,16.814,0.005,16.498,0.011,15.873,0.082,15.13,0.087,14.799,0.091,,,,,,,,,,,,,,,,,,,,,,,,,,,
4124,4124,4124,212042712,09 10 57.259,+20 58 18.49,1,15.346,,,555-046174,09105724+2058187,5061-301-3-0160-0131,STAR,JHK,rpm,22.2,6.8,-43.2,7.3,,,,,,,,,,,,,,,,,13.211,0.022,12.592,0.022,12.388,0.021,3778,151,151,4.932,0.072,0.06,-0.037,0.12,0.27,0.341,0.061,0.07,0.373,0.077,0.093,9.027,3.901,2.724,158,38.19,36.15,0.021,0.007,0.006,,,
4125,4125,4125,212042715,08 58 59.594,+20 58 18.84,1,19.032,,,,,5038-301-1-0057-0195,STAR,gri,,3,5,10,5,,,,,,,19.561,0.026,19.417,0.012,18.994,0.011,18.867,0.013,18.838,0.038,,,,,,,,,,,,,,,,,,,,,,,,,,,,,,,,,
4126,4126,4126,212042723,08 58 47.862,+20 58 19.21,1,14.566,,,555-045747,08584787+2058192,5038-301-1-0056-0136,STAR,gri,col,,,,,,,15.541,0.03,14.807,0.05,,,15.185,0.05,14.557,0.07,14.301,0.07,,,13.241,0.023,12.846,0.022,12.756,0.023,5386,127,159,4.534,0.05,0.15,-0.232,0.25,0.4,0.82,0.155,0.084,0.874,0.072,0.1,1.465,0.358,1.242,609,165.5,76.14,0.033,0.01,0.007,,,
4127,4127,4127,212042800,09 05 43.122,+20 58 24.20,1,17.411,,,,09054312+2058242,5061-301-4-0152-0261,EXTENDED,gri,,-1,2,5,2,,,,,,,19.321,0.044,18.064,0.008,17.475,0.008,17.131,0.009,16.92,0.026,16.507,0.147,15.985,0.203,,,,,,,,,,,,,,,,,,,,,,,,,,,,,
4128,4128,4128,212042815,08 32 23.560,+20 58 24.84,1,15.034,,,555-044589,08322356+2058247,6728-301-2-0127-0060,STAR,gri,rpm,1,2.9,-1.6,3.2,,,15.967,0.3,15.103,0.05,,,15.47,0.05,14.924,0.054,14.848,0.088,,,13.691,0.023,13.247,0.032,13.187,0.026,5371,190,158,4.492,0.07,1.036,-0.408,0.35,0.56,0.872,1.994,0.118,0.882,0.076,0.091,1.23,0.508,1.196,833.2,1691,144.9,0.034,0.01,0.008,,,
4129,4129,4129,212042882,08 52 31.593,+20 58 29.19,1,14.774,,,555-045534,08523159+2058291,5071-301-6-0131-0096,STAR,gri,rpm,-10.6,2.5,-4.8,5,,,15.78,0.09,15.021,0.04,,,15.425,0.02,14.729,0.01,14.495,0.04,,,13.424,0.023,13.043,0.021,12.907,0.025,5264,84,84,4.557,0.03,0.048,-0.1,0.2,0.2,0.804,0.076,0.05,0.869,0.055,0.067,1.605,0.238,0.282,636.7,66.59,50.65,0.035,0.008,0.006,,,
4130,4130,4130,212042893,08 26 42.836,+20 58 30.10,1,17.841,,,,08264283+2058301,,STAR,J,col,,,,,,,,,,,,,,,,,,,,,16.32,0.099,15.388,0.105,14.796,0.079,3592,404,808,5.009,0.192,0.16,-0.139,0.2,0.28,0.246,0.149,0.119,0.25,0.229,0.131,12.67,22.54,7.262,473.8,396.4,294.7,0.03,0.01,0.012,,,
4131,4131,4131,212042936,08 50 07.540,+20 58 33.52,1,10.259,,1399-1854-1,555-045443,08500753+2058335,,STAR,gri,lam,-23,1.1,-48.9,1.2,,,10.852,0.055,10.263,0.045,,,10.66,0.03,10.266,0.07,10.087,0.04,,,9.304,0.023,9.071,0.028,8.991,0.02,6029,144,120,4.164,0.155,0.155,0.009,0.1,0.12,1.439,0.391,0.261,1.16,0.128,0.096,0.347,0.256,0.147,195,52.99,35.4,0.024,0.007,0.006,,,
4132,4132,4132,212042942,09 06 51.635,+20 58 33.77,1,12.555,,,555-046025,09065163+2058337,,STAR,gri,lam,-9.4,2.3,4.8,1.6,,,13.05,0.05,12.584,0.06,,,12.779,0.05,12.481,0.07,12.418,0.09,,,11.704,0.022,11.532,0.031,11.482,0.023,6436,153,153,4.301,0.072,0.072,-0.145,0.08,0.16,1.232,0.148,0.111,1.173,0.095,0.114,0.599,0.155,0.144,553.6,75.04,66.08,0.032,0.007,0.007,,,
4133,4133,4133,212043050,09 02 28.890,+20 58 40.29,1,12.782,,,555-045885,09022889+2058403,,STAR,gri,lam,-13.9,1.2,12.6,1.3,,,13.457,0.05,12.91,0.03,,,13.134,0.05,12.787,0.04,12.631,0.07,,,11.787,0.02,11.513,0.021,11.473,0.023,6035,145,121,4.349,0.07,0.126,-0.247,0.15,0.15,1.093,0.197,0.108,0.994,0.093,0.077,0.741,0.225,0.281,471.6,89.68,55.14,0.032,0.007,0.006,,,
4134,4134,4134,212043072,08 31 10.352,+20 58 41.47,1,15.153,,,555-044519,08311035+2058415,6728-301-2-0125-0064,STAR,JHK,col,,,,,,,,,,,,,,,,,,,,,13.486,0.027,12.886,0.026,12.811,0.027,4576,147,220,4.674,0.09,0.045,-0.18,0.2,0.32,0.625,0.065,0.102,0.68,0.072,0.116,2.735,1.31,0.572,424.1,69.6,91.54,0.031,0.008,0.007,,,
4135,4135,4135,212043078,08 59 15.327,+20 58 41.77,1,17.879,,,,08591532+2058417,5038-301-1-0057-0298,STAR,gri,rpm,-39,3,-19,3,,,,,,,23.314,0.403,19.99,0.016,18.53,0.009,16.974,0.006,15.995,0.007,14.463,0.028,13.848,0.026,13.609,0.03,3539,108,108,5.048,0.035,0.042,-0.058,0.15,0.21,0.232,0.038,0.024,0.225,0.047,0.035,17.68,3.332,3.796,173.6,28.96,24.82,0.023,0.008,0.006,,,
4136,4136,4136,212043101,08 34 08.451,+20 58 43.35,1,14.016,,,555-044666,08340844+2058433,,STAR,BV,rpm,3.9,3.1,-1.8,2.3,,,15.233,0.05,14.197,0.037,,,14.744,0.038,,,,,,,12.342,0.022,11.772,0.024,11.654,0.026,4758,113,113,2.664,1.677,0.645,-0.45,0.35,0.49,6.607,5.81,5.834,0.922,0.143,0.143,0.002,0.794,0.002,2569,2848,2259,0.033,0.011,0.009,,,
4137,4137,4137,212043110,08 53 49.677,+20 58 43.91,1,12.236,,,555-045593,08534968+2058437,,STAR,gri,lam,-6.9,1,8.2,1.5,,,13.084,0.02,12.381,0.02,,,12.725,0.03,12.179,0.02,12.027,0.04,,,11.13,0.025,10.793,0.024,10.738,0.018,5503,198,198,3.822,0.066,0.066,-0.11,0.08,0.2,2.197,0.136,0.248,1.196,0.039,0.118,0.108,0.032,0.021,654.5,19.64,92.28,0.031,0.005,0.008,,,
4138,4138,4138,212043122,09 10 14.602,+20 58 44.84,1,9.899,,1407-1851-1,555-046148,09101460+2058448,,STAR,gri,rpm,-31.4,0.9,-31.8,0.9,,,10.131,0.03,9.855,0.032,,,10.115,0.03,9.828,0.04,9.799,0.06,,,9.071,0.022,8.833,0.026,8.805,0.02,6347,191,153,4.183,0.11,0.198,-0.062,0.12,0.24,1.432,0.479,0.176,1.255,0.169,0.121,0.369,0.205,0.192,190.2,67.57,26.82,0.022,0.007,0.005,,,
4139,4139,4139,212043149,08 54 29.703,+20 58 46.33,1,13.51,,,555-045619,08542970+2058464,,STAR,gri,lam,-3.3,1.8,0.3,1.9,,,14.645,0.06,13.694,0.034,,,14.207,0.03,13.414,0.02,13.211,0.04,,,12.102,0.02,11.675,0.02,11.594,0.018,4831,172,115,2.428,0.144,0.072,-0.678,0.15,0.15,9.57,0.875,1.536,0.919,0.044,0.018,9.84E-04,6.34E-04,2.17E-04,3533,449.3,472.8,0.033,0.013,0.007,,,
4140,4140,4140,212043156,09 07 50.544,+20 58 46.78,1,16.77,,,,,5071-301-3-0153-0350,EXTENDED,gri,,2,2,-10,2,,,,,,,17.882,0.02,17.053,0.006,16.738,0.006,16.648,0.008,16.582,0.025,,,,,,,,,,,,,,,,,,,,,,,,,,,,,,,,,
4141,4141,4141,212043182,09 09 43.615,+20 58 48.43,1,15.812,,,,09094361+2058484,5061-301-3-0158-0097,EXTENDED,gri,,0,2,3,2,,,,,,,18.948,0.046,16.819,0.005,15.816,0.004,15.38,0.004,15.01,0.008,15.112,0.086,14.316,0.088,14.112,0.094,,,,,,,,,,,,,,,,,,,,,,,,,,,
4142,4142,4142,212043204,08 27 02.470,+20 58 49.26,1,10.734,,1391-1314-1,555-044316,08270247+2058491,,STAR,gri,rpm,-21.3,1.5,-24.7,1.6,,,11.542,0.098,10.86,0.085,,,11.199,0.07,10.72,0.03,10.535,0.06,,,9.706,0.021,9.431,0.022,9.341,0.021,5962,119,119,4.194,0.215,0.258,-0.022,0.16,0.24,1.351,0.581,0.305,1.119,0.15,0.107,0.414,0.462,0.269,221.5,87.09,53.48,0.026,0.008,0.006,,,
4143,4143,4143,212043212,08 34 32.425,+20 58 49.99,1,17.551,,,,08343242+2058499,,STAR,J,col,,,,,,,,,,,,,,,,,,,,,16.052,0.107,15.233,0.081,14.787,0.102,3805,396,330,4.95,0.13,0.156,-0.168,0.2,0.28,0.321,0.149,0.118,0.352,0.166,0.166,9.552,10.64,5.032,589.1,375.2,263,0.032,0.008,0.008,,,
4144,4144,4144,212043296,08 59 23.943,+20 58 55.35,1,13.109,,,555-045777,08592394+2058554,,STAR,gri,rpm,-9,3.9,-5.9,2.3,,,14.235,0.05,13.362,0.02,,,13.755,0.04,13.128,0.03,12.833,0.08,,,11.731,0.02,11.238,0.021,11.166,0.02,5068,100,80,2.972,0.552,0.644,-0.773,0.3,0.3,4.261,4.426,1.699,0.899,0.096,0.026,0.008,0.03,0.007,1603,1341,637,0.033,0.01,0.006,,,
4145,4145,4145,212043356,09 11 43.858,+20 58 59.22,1,17.651,,,,09114385+2058592,5071-301-2-0159-0293,EXTENDED,gri,,4,5,8,3,,,,,,,20.889,0.142,18.933,0.013,17.612,0.007,17.102,0.007,16.746,0.015,16.116,0.077,15.417,0.094,14.952,0.093,,,,,,,,,,,,,,,,,,,,,,,,,,,
4146,4146,4146,212043382,08 35 04.430,+20 59 01.08,1,12.512,,,555-044712,08350443+2059009,,STAR,BV,rpm,-8.9,1.4,-1.7,1.6,,,13.677,0.043,12.682,0.031,,,13.183,0.031,,,,,,,11.154,0.021,10.675,0.021,10.58,0.022,5002,121,101,3.236,0.402,0.804,-0.384,0.3,0.36,3.821,5.336,1.268,1.034,0.229,0.143,0.017,0.035,0.016,985.4,1272,287.8,0.032,0.008,0.008,,,
4147,4147,4147,212043383,09 10 17.523,+20 59 01.11,1,12.664,,,555-046150,09101751+2059011,,STAR,gri,lam,1.7,1.8,0.9,2.2,,,13.813,0.04,12.92,0.06,,,13.345,0.04,12.646,0.03,12.373,0.07,,,11.232,0.021,10.732,0.02,10.642,0.02,4971,60,60,3.116,0.161,0.138,-0.527,0.15,0.12,4.525,0.816,0.816,0.997,0.137,0.068,0.009,0.007,0.003,1196,222.3,187.4,0.035,0.006,0.008,,,
4148,4148,4148,212043410,08 56 46.441,+20 59 02.25,1,18.179,,,,08564644+2059022,5061-301-6-0140-0096,EXTENDED,gri,,0,3,0,3,,,,,,,20.734,0.083,19.211,0.011,18.169,0.008,17.736,0.008,17.435,0.02,16.327,0.104,15.616,0.133,15.048,0.128,,,,,,,,,,,,,,,,,,,,,,,,,,,
4149,4149,4149,212043494,08 33 48.750,+20 59 07.35,1,17.267,,,,08334875+2059073,,STAR,J,col,,,,,,,,,,,,,,,,,,,,,15.787,0.082,14.912,0.082,14.508,0.074,3895,308,369,4.878,0.175,0.125,-0.145,0.2,0.28,0.377,0.126,0.152,0.401,0.172,0.201,7.33,10.75,3.16,583.7,279.7,271.7,0.033,0.01,0.008,,,
4150,4150,4150,212043498,08 29 51.861,+20 59 07.45,1,14.918,,,555-044466,08295185+2059074,,STAR,gri,rpm,-0.4,2.8,-0.7,3.1,,,15.925,0.18,15.162,0.06,,,15.569,0.1,14.873,0.01,14.639,0.083,,,13.527,0.025,13.044,0.028,12.946,0.03,5066,140,100,3.621,0.992,0.744,-0.43,0.36,0.48,2.347,2.826,1.718,0.877,0.109,0.091,0.045,1.831,0.041,1784,2094,1227,0.034,0.008,0.008,,,
4151,4151,4151,212043522,08 58 56.323,+20 59 09.50,1,17.76,,,,08585632+2059094,5038-301-1-0057-0191,EXTENDED,gri,,0,3,-1,3,,,,,,,20.007,0.044,18.403,0.008,17.779,0.007,17.485,0.007,17.261,0.017,16.42,0.099,15.884,0.128,15.299,0.135,,,,,,,,,,,,,,,,,,,,,,,,,,,
4152,4152,4152,212043530,08 32 12.447,+20 59 10.02,1,17.227,,,,08321244+2059100,6728-301-2-0127-0186,STAR,gri,rpm,-35,3,-62,3,,,,,,,21.674,0.144,19.215,0.011,17.805,0.006,16.375,0.005,15.602,0.006,14.258,0.03,13.643,0.028,13.455,0.033,3696,109,131,5.011,0.048,0.04,-0.193,0.2,0.24,0.266,0.034,0.036,0.276,0.05,0.05,13.85,3.911,2.593,190.3,30.73,31.29,0.025,0.006,0.006,,,
4153,4153,4153,212043535,08 32 52.481,+20 59 10.35,1,17.661,,,,,6597-301-2-0221-0221,EXTENDED,gri,,-5,3,10,3,,,,,,,19.698,0.065,18.385,0.012,17.719,0.01,17.351,0.011,17.063,0.03,,,,,,,,,,,,,,,,,,,,,,,,,,,,,,,,,
4154,4154,4154,212043559,09 03 15.891,+20 59 12.17,1,10.172,,1400-2375-1,555-045904,09031589+2059123,,STAR,gri,rpm,-52.1,1.3,-30.7,1.4,,,10.725,0.06,10.143,0.047,,,10.551,0.1,10.246,0.12,10.01,0.08,,,9.246,0.02,8.987,0.033,8.949,0.02,6093,184,184,4.261,0.12,0.168,-0.165,0.2,0.28,1.234,0.317,0.164,1.071,0.135,0.135,0.499,0.248,0.237,169,43.45,25.48,0.021,0.006,0.004,,,
4155,4155,4155,212043574,09 09 50.436,+20 59 12.64,1,17.422,,,,09095043+2059126,5061-301-3-0158-0155,EXTENDED,gri,,,,,,,,,,,,20.168,0.132,18.349,0.014,17.532,0.012,17.025,0.011,16.947,0.041,16.261,0.161,15.571,0.194,15.263,0.173,,,,,,,,,,,,,,,,,,,,,,,,,,,
4156,4156,4156,212043637,08 28 13.538,+20 59 16.85,1,14.576,,,555-044381,08281353+2059167,6597-301-3-0214-0182,STAR,gri,rpm,-10.9,4.2,18.6,4.9,,,15.991,0.06,14.948,0.01,,,15.502,0.05,14.548,0.03,14.18,0.074,,,12.933,0.024,12.318,0.022,12.236,0.02,4584,92,74,4.661,0.03,0.025,-0.11,0.15,0.18,0.647,0.037,0.046,0.709,0.045,0.063,2.546,0.404,0.224,341.8,24.44,30.07,0.03,0.007,0.006,,,
4157,4157,4157,212043646,08 34 13.472,+20 59 17.36,1,15.617,,,555-044669,08341347+2059173,6597-301-2-0223-0309,STAR,JHK,rpm,-34.9,2.9,-3.6,3.1,,,,,,,,,,,,,,,,,13.752,0.025,13.063,0.033,13.01,0.033,4290,152,178,4.748,0.06,0.05,-0.2,0.2,0.2,0.534,0.062,0.066,0.583,0.076,0.063,3.863,1.229,0.794,367.7,61.33,52.56,0.03,0.01,0.006,,,
4158,4158,4158,212043653,09 07 39.243,+20 59 17.86,1,12.407,,,555-046056,09073923+2059178,,STAR,gri,rpm,-10.9,3.4,7.9,1.7,,,13.09,0.04,12.508,0.07,,,12.792,0.05,12.346,0.07,12.243,0.09,,,11.474,0.024,11.179,0.035,11.119,0.022,6024,141,176,4.236,0.165,0.231,-0.098,0.16,0.32,1.289,0.42,0.27,1.09,0.107,0.129,0.47,0.405,0.273,469.7,170.4,106.8,0.032,0.01,0.007,,,
4159,4159,4159,212043664,08 56 52.164,+20 59 18.45,1,11.392,,1400-1136-1,555-045694,08565216+2059183,,STAR,gri,lam,6.9,1.6,-6.8,1.7,,,11.761,0.141,11.134,0.122,,,11.678,0.05,11.357,0.05,11.269,0.04,,,10.55,0.022,10.334,0.021,10.258,0.018,6253,127,127,4.118,0.147,0.105,-0.349,0.15,0.21,1.455,0.212,0.252,1.052,0.144,0.096,0.313,0.22,0.099,368.8,57.58,67.79,0.03,0.008,0.008,,,
4160,4160,4160,212043675,09 09 41.006,+20 59 18.79,1,15.568,,,,09094100+2059187,5061-301-3-0158-0096,EXTENDED,gri,,-1,2,4,2,,,,,,,18.56,0.038,16.566,0.004,15.593,0.003,15.141,0.003,14.759,0.007,14.96,0.073,14.262,0.094,14.024,0.075,,,,,,,,,,,,,,,,,,,,,,,,,,,
4161,4161,4161,212043683,09 09 50.606,+20 59 19.28,1,15.252,,,555-046134,09095058+2059190,5061-301-3-0158-0154,EXTENDED,gri,,5.8,4.6,20.3,4.3,,,16.796,0.09,15.691,0.057,,,16.269,0.04,15.284,0.13,14.817,0.12,,,14.062,0.071,13.299,0.072,13.128,0.068,,,,,,,,,,,,,,,,,,,,,,,,,,,
4162,4162,4162,212043703,09 08 46.728,+20 59 20.85,1,16,,,,09084672+2059208,5071-301-3-0155-0144,EXTENDED,gri,,8,2,6,9,,,,,,,18.117,0.029,16.769,0.005,16.062,0.004,15.671,0.004,15.411,0.01,15.55,0.092,14.937,0.108,14.464,0.095,,,,,,,,,,,,,,,,,,,,,,,,,,,
4163,4163,4163,212043744,08 30 23.515,+20 59 23.68,1,15.833,,,,08302351+2059236,,STAR,JHK,col,,,,,,,,,,,,,,,,,,,,,13.513,0.022,12.914,0.027,12.633,0.025,3553,134,188,5.034,0.091,0.065,-0.038,0.16,0.2,0.242,0.059,0.064,0.236,0.077,0.077,15.69,12.08,4.71,111.6,40.07,37.47,0.017,0.006,0.005,,,
4164,4164,4164,212043810,08 54 55.960,+20 59 27.90,1,14.515,,,555-045637,08545595+2059278,,STAR,gri,rpm,-8.8,2.9,-12.4,3.1,,,15.656,0.02,14.768,0.02,,,15.231,0.06,14.459,0.04,14.208,0.075,,,13.262,0.023,12.8,0.022,12.681,0.021,5058,120,100,4.583,0.03,0.042,-0.137,0.2,0.28,0.757,0.054,0.06,0.814,0.058,0.07,1.8,0.315,0.268,536.1,53.08,57.42,0.033,0.01,0.008,,,
4165,4165,4165,212043846,08 27 43.266,+20 59 29.75,1,19.718,,,,,6597-301-3-0214-0241,STAR,gri,,-3,13,-3,13,,,,,,,20.682,0.059,20.144,0.017,19.663,0.017,19.535,0.02,19.129,0.052,,,,,,,,,,,,,,,,,,,,,,,,,,,,,,,,,
4166,4166,4166,212043858,08 35 44.676,+20 59 30.69,1,19.397,,,,08354467+2059306,6728-301-1-0132-0452,STAR,gri,rpm,27,4,-39,4,,,,,,,25.656,0.648,21.202,0.042,19.603,0.016,18.623,0.011,18.091,0.02,16.966,0.183,15.906,0.14,15.826,0.209,3426,34,34,5.166,0.025,0.025,-0.343,0.12,0.24,0.165,0.012,0.008,0.148,0.011,0.006,31.88,3.481,3.728,359.2,36.48,23.98,0.031,0.012,0.006,,,
4167,4167,4167,212043916,08 54 10.081,+20 59 33.95,1,18.495,,,,08541008+2059339,,STAR,J,,,,,,,,,,,,,,,,,,,,,,16.923,0.195,15.742,0.147,,,,,,,,,,,,,,,,,,,,,,,,,,,,,
4168,4168,4168,212043968,09 06 35.584,+20 59 36.63,1,16.908,,,,09063558+2059366,,STAR,J,col,,,,,,,,,,,,,,,,,,,,,15.452,0.068,14.821,0.084,14.286,0.077,3591,291,243,5.003,0.11,0.132,-0.092,0.16,0.24,0.252,0.111,0.077,0.245,0.162,0.101,13.12,11.31,6.072,295.8,221.1,110,0.028,0.01,0.008,,,
4169,4169,4169,212043970,09 03 37.845,+20 59 36.72,1,18.116,,,,09033784+2059367,5071-301-4-0147-0331,STAR,gri,rpm,35,3,-52,3,,,,,,,21.047,0.081,19.033,0.009,18.125,0.007,17.723,0.007,17.55,0.016,16.56,0.11,15.809,0.125,15.64,0.159,4462,88,53,4.952,0.056,0.02,-1.904,0.4,0.48,0.356,0.011,0.053,0.417,0.011,0.077,9.103,3.064,0.608,937.3,83.35,173.3,0.03,0.009,0.005,,,
4170,4170,4170,212044039,09 04 13.294,+20 59 40.17,1,17.148,,,,09041329+2059401,5061-301-4-0150-0275,EXTENDED,gri,,-4,3,2,3,,,,,,,19.184,0.037,17.886,0.007,17.232,0.006,16.832,0.006,16.602,0.017,16.197,0.099,15.455,0.111,15.229,0.124,,,,,,,,,,,,,,,,,,,,,,,,,,,
4171,4171,4171,212044045,08 56 15.713,+20 59 40.45,1,18.755,,,,,5038-301-2-0053-0345,EXTENDED,gri,,-48,5,23,5,,,,,,,20.654,0.163,19.253,0.025,18.84,0.028,18.541,0.033,18.451,0.113,,,,,,,,,,,,,,,,,,,,,,,,,,,,,,,,,
4172,4172,4172,212044101,08 32 01.019,+20 59 43.66,1,15.911,,,,08320101+2059436,,STAR,JHK,col,,,,,,,,,,,,,,,,,,,,,13.692,0.023,13.084,0.024,12.844,0.03,3672,179,179,4.987,0.08,0.08,-0.063,0.16,0.24,0.287,0.075,0.07,0.301,0.097,0.097,11.1,7.149,3.765,157.9,53.62,46.72,0.022,0.007,0.006,,,
4173,4173,4173,212044121,08 32 23.472,+20 59 44.92,1,12.547,,,555-044588,08322347+2059449,,STAR,gri,rpm,-32.3,3.4,-11.9,1.4,,,13.872,0.01,12.861,0.02,,,13.401,0.04,12.494,0.02,12.181,0.061,,,11.043,0.022,10.593,0.018,10.47,0.018,4843,96,57,4.614,0.02,0.02,-0.001,0.06,0.06,0.732,0.015,0.02,0.807,0.016,0.016,2.048,0.146,0.123,179,6.546,9.389,0.025,0.008,0.006,,,
4174,4174,4174,212044145,09 10 47.839,+20 59 46.08,1,14.456,,,555-046166,09104783+2059461,,STAR,gri,rpm,-18.1,3.2,-25.1,3.4,,,15.784,0.04,14.781,0.03,,,15.326,0.04,14.405,0.01,14.083,0.02,,,12.939,0.022,12.391,0.022,12.312,0.023,4695,56,75,4.65,0.02,0.032,-0.154,0.21,0.12,0.664,0.048,0.03,0.721,0.058,0.036,2.443,0.248,0.364,360,35.28,23.26,0.03,0.005,0.005,,,
4175,4175,4175,212044185,08 28 02.806,+20 59 48.13,1,16.079,,,,08280280+2059481,6597-301-3-0214-0143,EXTENDED,gri,,4,4,4,1,,,,,,,17.534,0.016,16.534,0.004,16.088,0.004,15.884,0.004,15.76,0.012,16.04,0.102,15.312,0.135,15.07,0.128,,,,,,,,,,,,,,,,,,,,,,,,,,,
4176,4176,4176,212044190,09 07 53.324,+20 59 48.34,1,16.027,,,555-046064,09075332+2059483,5071-301-3-0153-0247,STAR,BV,col,,,,,,,17.086,0.04,16.231,0.3,,,16.608,0.04,,,,,,,14.724,0.035,14.31,0.043,14.259,0.063,5379,320,267,4.545,0.06,0.12,-0.383,0.3,0.42,0.781,0.172,0.091,0.817,0.092,0.092,1.603,0.462,0.587,1148,376.4,186.5,0.033,0.01,0.007,,,
4177,4177,4177,212044243,08 50 28.013,+20 59 51.41,1,19.222,,,,,5037-301-3-0133-0379,STAR,gri,,-3,4,7,4,,,,,,,20.013,0.035,19.409,0.011,19.16,0.011,19.116,0.014,19.035,0.04,,,,,,,,,,,,,,,,,,,,,,,,,,,,,,,,,
4178,4178,4178,212044252,08 31 44.552,+20 59 51.91,1,16.11,,,555-044549,08314453+2059518,6728-301-2-0126-0218,STAR,JHK,col,,,,,,,,,,,,,,,,,,,,,14.094,0.023,13.433,0.034,13.306,0.027,4209,244,244,4.761,0.09,0.075,-0.134,0.2,0.28,0.515,0.087,0.088,0.575,0.087,0.104,4.016,1.979,1.14,404,98.78,93.27,0.031,0.008,0.007,,,
4179,4179,4179,212044263,08 54 53.522,+20 59 52.79,1,9.482,,1400-1868-1,555-045634,08545351+2059526,,STAR,gri,rpm,-51.8,1.1,-51.9,1.2,,,10.465,0.052,9.581,0.032,,,10.358,0.06,9.77,0.09,9.107,0.04,,,8.011,0.024,7.481,0.017,7.386,0.018,4886,97,78,2.954,0.44,0.33,-0.529,0.3,0.42,5.268,1.954,1.881,0.953,0.12,0.066,0.006,0.022,0.004,307.8,131.8,116.4,0.029,0.015,0.007,,,
4180,4180,4180,212044298,09 03 41.310,+20 59 55.16,1,11.262,,1400-2279-1,555-045913,09034130+2059551,,STAR,gri,lam,12.3,1.6,-5.7,1.6,,,11.819,0.141,11.279,0.122,,,11.429,0.04,11.206,0.03,11.093,0.08,,,10.383,0.023,10.203,0.021,10.14,0.018,6468,157,157,4.182,0.1,0.14,-0.222,0.15,0.15,1.438,0.301,0.183,1.199,0.118,0.099,0.383,0.17,0.154,352.6,78.02,46.91,0.03,0.008,0.007,,,
4181,4181,4181,212044326,08 56 23.354,+20 59 57.38,1,14.89,,,555-045679,08562337+2059572,5038-301-2-0053-0179,STAR,JHK,rpm,-38.4,6.1,-17.5,5.9,,,,,,,,,,,,,,,,,12.823,0.022,12.269,0.026,12.02,0.021,3583,126,70,4.99,0.035,0.042,0.041,0.21,0.12,0.28,0.054,0.02,0.284,0.078,0.028,12.43,2.04,3.023,99,24.26,11.66,0.016,0.003,0.002,,,
4182,4182,4182,212044397,09 12 01.100,+21 00 02.24,1,12.675,,,556-047188,09120110+2100022,,STAR,gri,rpm,-3,1.9,-3.3,2.2,,,14.08,0.03,12.979,0.04,,,13.514,0.02,12.63,0.04,12.315,0.05,,,11.032,0.02,10.5,0.02,10.37,0.022,4741,75,75,2.699,0.402,0.335,-0.218,0.15,0.21,7.465,4.086,2.641,1.191,0.106,0.191,0.002,0.007,0.002,1607,872.6,487.4,0.035,0.005,0.007,,,
4183,4183,4183,212044420,08 56 20.845,+21 00 03.63,1,15.414,,,556-046658,08562085+2100035,5038-301-2-0053-0062,STAR,gri,rpm,5,2.8,3.6,3,,,16.341,0.1,15.739,0.11,,,15.954,0.04,15.406,0.08,15.183,0.2,,,14.236,0.025,13.781,0.03,13.698,0.035,5279,157,157,4.551,0.05,1.04,-0.441,0.3,0.48,0.802,1.997,0.081,0.836,0.072,0.086,1.562,0.382,1.523,944.9,2155,121.9,0.032,0.008,0.007,,,
4184,4184,4184,212044423,08 25 51.410,+21 00 03.86,1,12.759,,,556-045352,08255140+2100038,,STAR,gri,rpm,13.5,1.1,-23.6,1.8,,,13.47,0.01,12.879,0.031,,,13.163,0.07,12.724,0.02,12.586,0.062,,,11.763,0.022,11.461,0.022,11.406,0.02,5946,141,141,4.366,0.09,0.24,-0.267,0.25,0.35,1.055,0.353,0.13,0.962,0.113,0.094,0.785,0.262,0.454,443.4,154.7,61.64,0.032,0.01,0.008,,,
4185,4185,4185,212044472,08 31 19.984,+21 00 07.55,1,16.381,,,,08311998+2100075,6728-301-2-0125-0293,STAR,gri,rpm,150,3,-156,3,,,,,,,20.715,0.076,18.12,0.007,16.643,0.004,15.636,0.004,15.06,0.005,13.77,0.028,13.247,0.033,13.067,0.03,3496,176,283,5.116,0.065,0.091,-0.221,0.2,0.32,0.185,0.059,0.026,0.17,0.079,0.034,24.4,10.55,9.286,72.72,35.24,16.84,0.013,0.004,0.004,,,
4186,4186,4186,212044495,09 09 16.152,+21 00 09.32,1,12.733,,,556-047107,09091614+2100094,,STAR,gri,rpm,0.1,1.5,-5.6,2.6,,,13.508,0.03,12.86,0.07,,,13.181,0.05,12.684,0.08,12.541,0.1,,,11.757,0.024,11.426,0.032,11.345,0.022,5799,183,229,4.295,0.168,0.448,-0.11,0.15,0.24,1.169,0.811,0.252,1.039,0.15,0.112,0.585,0.535,0.456,504,328.6,131.1,0.032,0.008,0.006,,,
4187,4187,4187,212044503,08 56 07.996,+21 00 09.84,1,18.402,,,,,5038-301-2-0053-0025,STAR,gri,,3,3,-4,3,,,,,,,18.528,0.015,18.449,0.007,18.386,0.008,18.16,0.009,18.128,0.022,,,,,,,,,,,,,,,,,,,,,,,,,,,,,,,,,
4188,4188,4188,212044515,08 32 53.450,+21 00 11.45,1,17.946,,,,08325345+2100114,,STAR,JHK,rpm,216,6,22,5,,,,,,,,,,,,,,,,,15.411,0.062,14.731,0.054,14.432,0.075,2803,701,382,5.241,0.06,0.084,-0.256,0.25,0.45,0.124,0.045,0.018,0.1,0.052,0.018,48.55,17.7,19.03,81.18,49.39,26.55,0.013,0.007,0.005,,,
4189,4189,4189,212044526,09 03 38.204,+21 00 11.82,1,12.996,,,556-046927,,,STAR,gri,,2.8,2.5,9,1.5,,,13.919,0.03,13.188,0.04,,,13.529,0.05,13.004,0.03,12.767,0.07,,,,,,,,,,,,,,,,,,,,,,,,,,,,,,,,,,,
4190,4190,4190,212044541,08 31 55.893,+21 00 13.20,1,13.925,,,556-045634,08315589+2100133,6728-301-2-0126-0101,STAR,gri,rpm,-5.5,2.3,2.3,2.5,,,15.331,0.04,14.218,0.02,,,14.727,0.05,13.915,0.04,13.581,0.067,,,12.352,0.022,11.77,0.021,11.682,0.02,4757,93,74,2.425,0.685,0.822,-0.605,0.4,0.88,7.674,8.809,4.101,0.92,0.109,0.131,9.90E-04,0.009,9.31E-04,3410,4846,1778,0.033,0.011,0.009,,,
4191,4191,4191,212044606,08 57 05.174,+21 00 17.00,1,18.864,,,,,5061-301-6-0140-0331,EXTENDED,gri,,-11,3,8,3,,,,,,,20.439,0.135,19.254,0.019,18.939,0.024,18.697,0.033,18.555,0.107,,,,,,,,,,,,,,,,,,,,,,,,,,,,,,,,,
4192,4192,4192,212044618,08 57 34.242,+21 00 18.03,1,15.217,,,556-046694,08573423+2100181,,STAR,gri,rpm,24.1,4.4,-48.6,4.8,,,16.474,0.01,15.507,0.06,,,16.077,0.1,15.108,0.06,14.849,0.04,,,13.651,0.026,13.078,0.024,13.01,0.024,4642,113,94,4.709,0.042,0.042,-0.516,0.09,0.27,0.575,0.041,0.046,0.616,0.039,0.047,3.138,0.617,0.436,422.3,47.4,36.8,0.032,0.004,0.009,,,
4193,4193,4193,212044663,08 59 27.560,+21 00 21.16,1,11.618,,1400-1209-1,556-046770,08592755+2100212,,STAR,gri,rpm,-9,1.6,-3,1.7,,,11.894,0.163,11.26,0.119,,,11.788,0.05,11.561,0.03,11.452,0.08,,,10.74,0.021,10.539,0.021,10.5,0.017,6570,133,133,4.125,0.14,0.224,-0.074,0.12,0.18,1.559,0.613,0.238,1.353,0.186,0.155,0.313,0.183,0.176,461.7,184.2,78.55,0.032,0.007,0.007,,,
4194,4194,4194,212044679,09 05 59.022,+21 00 22.58,1,18.153,,,,,5061-301-4-0153-0243,EXTENDED,gri,,8,3,-2,3,,,,,,,19.728,0.055,18.614,0.011,18.203,0.013,17.956,0.015,17.789,0.055,,,,,,,,,,,,,,,,,,,,,,,,,,,,,,,,,
4195,4195,4195,212044713,08 51 29.603,+21 00 25.44,1,16.939,,,,08512960+2100254,5037-301-3-0135-0256,STAR,gri,rpm,-8,3,-51,3,,,,,,,21.403,0.079,18.654,0.008,17.213,0.006,16.204,0.005,15.67,0.007,14.253,0.033,13.648,0.036,13.388,0.036,3458,34,34,5.064,0.02,0.04,0.05,0.08,0.08,0.222,0.029,0.013,0.209,0.033,0.014,18.73,2.285,3.505,141.1,21.5,6.968,0.021,0.005,0.002,,,
4196,4196,4196,212044727,08 53 35.331,+21 00 26.34,1,10.076,,1400-41-1,556-046569,08533533+2100263,,STAR,gri,rpm,2.1,1.2,-0.7,1.2,,,11.511,0.115,10.364,0.058,,,10.992,0.04,10.129,0.1,9.684,0.04,,,8.48,0.035,7.824,0.042,7.657,0.031,4492,133,133,2.081,0.385,0.539,-0.287,0.25,0.45,16.411,9.551,6.037,1.151,0.329,0.235,2.21E-04,5.37E-04,1.82E-04,1012,618.5,292.1,0.035,0.008,0.007,,,
4197,4197,4197,212044746,08 30 16.586,+21 00 27.42,1,10.684,,1391-967-1,556-045571,08301658+2100275,,STAR,gri,rpm,-42.6,1.2,-24.8,1.3,,,11.228,0.075,10.723,0.072,,,11.08,0.08,10.693,0.06,10.514,0.06,,,9.717,0.025,9.433,0.022,9.355,0.018,5961,178,143,4.284,0.13,0.26,-0.153,0.2,0.24,1.199,0.399,0.197,1.044,0.121,0.101,0.583,0.341,0.351,198.1,64.99,36.34,0.025,0.007,0.006,,,
4198,4198,4198,212044777,09 08 28.112,+21 00 29.17,1,14.39,,,556-047078,09082810+2100292,5071-301-3-0154-0106,STAR,gri,rpm,-20.4,4.7,-4.9,5.1,,,15.502,0.04,14.595,0.06,,,15.088,0.04,14.299,0.08,14.091,0.14,,,12.996,0.023,12.538,0.036,12.458,0.022,5063,141,100,4.581,0.03,0.036,-0.125,0.2,0.28,0.759,0.058,0.054,0.82,0.062,0.074,1.795,0.266,0.274,473.6,56.81,42.66,0.032,0.01,0.006,,,
4199,4199,4199,212044781,09 07 35.324,+21 00 29.56,1,14.725,,,556-047045,09073532+2100294,5071-301-3-0153-0063,STAR,gri,rpm,40.1,4.6,-6.4,5,,,17.24,0.08,15.607,0.02,,,16.43,0.06,15.006,0.08,13.994,0.07,,,12.236,0.022,11.604,0.028,11.426,0.025,3683,111,133,4.95,0.055,0.066,0.069,0.06,0.06,0.327,0.06,0.058,0.349,0.082,0.082,9.386,4.433,2.266,94.62,25.38,25.69,0.015,0.005,0.005,,,
4200,4200,4200,212044859,08 34 03.572,+21 00 32.85,1,11.92,,,556-045730,08340356+2100327,,STAR,BV,rpm,-2.7,2.9,-3,1.3,,,13.283,0.042,12.132,0.03,,,12.733,0.031,,,,,,,10.373,0.025,9.844,0.022,9.747,0.022,4800,116,96,2.48,0.588,0.126,-0.316,0.2,0.28,9.996,1.323,4.846,1.137,0.192,0.16,0.001,0.007,2.94E-04,1680,196.3,781.9,0.034,0.01,0.007,,,
4201,4201,4201,212044863,09 05 51.172,+21 00 33.18,1,15,,,556-046993,09055116+2100332,5061-301-4-0153-0089,STAR,gri,lam,0.5,4.5,-5.5,4.8,,,15.865,0.03,15.192,0.05,,,15.526,0.05,14.982,0.07,14.775,0.1,,,13.804,0.029,13.406,0.033,13.267,0.035,5178,103,83,2.962,0.2,0.24,-1.126,0.16,0.1,5.067,1.631,1.051,0.877,0.018,0.018,0.006,0.006,0.003,4442,1223,814.7,0.033,0.006,0.005,,,
4202,4202,4202,212044880,09 07 25.051,+21 00 33.72,1,15.111,,,556-047040,09072504+2100337,5071-301-3-0153-0032,STAR,gri,rpm,0.5,4.4,-7.1,4.8,,,16.16,0.07,15.386,0.08,,,15.772,0.07,15.064,0.1,14.828,0.14,,,13.715,0.026,13.302,0.036,13.122,0.035,5232,189,158,4.554,0.045,0.756,-0.238,0.25,0.4,0.807,1.365,0.076,0.858,0.073,0.088,1.622,0.351,1.504,722.8,1148,91.82,0.034,0.01,0.008,,,
4203,4203,4203,212044913,08 28 23.574,+21 00 36.00,1,19.116,,,,,6597-301-3-0215-0204,STAR,gri,,-5,3,-4,3,,,,,,,20.791,0.066,20.134,0.017,19.298,0.013,18.679,0.012,18.28,0.026,,,,,,,,,,,,,,,,,,,,,,,,,,,,,,,,,
4204,4204,4204,212044971,08 34 01.554,+21 00 39.05,1,18.143,,,,08340155+2100390,6597-301-2-0223-0074,STAR,gri,rpm,-34,4,-13,4,,,,,,,23.027,0.386,20.383,0.021,18.848,0.01,17.183,0.006,16.233,0.008,14.766,0.031,14.089,0.031,13.893,0.04,3431,142,81,5.127,0.025,0.04,-0.214,0.15,0.12,0.183,0.023,0.012,0.165,0.03,0.014,26.47,3.23,4.955,147.3,30.2,14.5,0.022,0.009,0.005,,,
4205,4205,4205,212044986,09 08 41.388,+21 00 39.94,1,10.435,,1407-399-1,556-047087,09084138+2100399,,STAR,gri,rpm,3.5,1.4,0.1,1.5,,,10.966,0.082,10.399,0.07,,,10.727,0.06,10.38,0.09,10.309,0.11,,,9.73,0.024,9.489,0.032,9.445,0.021,6306,227,189,3.992,0.294,0.245,-0.012,0.12,0.21,1.787,0.796,0.551,1.354,0.262,0.187,0.176,0.348,0.105,312.2,137,95.22,0.029,0.007,0.006,,,
4206,4206,4206,212045027,08 53 08.657,+21 00 41.93,1,17.886,,,,08530865+2100419,5071-301-6-0132-0301,EXTENDED,gri,,0,3,2,3,,,,,,,21.587,0.235,19.258,0.015,17.817,0.008,17.298,0.007,16.969,0.016,16.027,0.095,15.536,0.137,14.902,0.102,,,,,,,,,,,,,,,,,,,,,,,,,,,
4207,4207,4207,212045029,08 59 57.119,+21 00 42.10,1,12.99,,,556-046792,08595711+2100421,,STAR,gri,rpm,-11,2,-2.2,2.3,,,13.963,0.05,13.196,0.03,,,13.532,0.05,12.977,0.04,12.757,0.07,,,11.802,0.023,11.443,0.022,11.351,0.02,5544,165,132,4.456,0.095,0.627,-0.195,0.24,0.24,0.956,1.184,0.142,0.955,0.174,0.097,1.063,0.509,0.953,389.6,452.6,75.1,0.03,0.011,0.006,,,
4208,4208,4208,212045052,09 09 50.994,+21 00 43.43,1,11.198,,1407-609-1,556-047124,09095099+2100433,,STAR,gri,rpm,6.4,1.3,-17.7,1.4,,,11.79,0.103,11.673,0.166,,,11.473,0.06,11.15,0.08,11.08,0.1,,,10.419,0.025,10.171,0.022,10.193,0.02,6289,188,188,4.195,0.135,0.216,-0.097,0.16,0.24,1.385,0.475,0.233,1.192,0.154,0.128,0.398,0.247,0.214,348,112.7,63.18,0.03,0.007,0.006,,,
4209,4209,4209,212045065,09 08 57.934,+21 00 44.58,1,19.063,,,,,5071-301-3-0155-0181,STAR,gri,,1,3,-1,3,,,,,,,19.309,0.025,19.098,0.01,19.051,0.011,19.159,0.015,19.026,0.042,,,,,,,,,,,,,,,,,,,,,,,,,,,,,,,,,
4210,4210,4210,212045066,08 56 25.768,+21 00 44.59,1,12.752,,,556-046660,08562577+2100444,,STAR,gri,rpm,-13.5,1,8.1,2.1,,,13.531,0.03,12.868,0.04,,,13.187,0.05,12.707,0.06,12.566,0.04,,,11.749,0.021,11.414,0.023,11.345,0.019,5810,139,174,4.401,0.065,0.468,-0.164,0.16,0.2,1.009,0.777,0.069,1,0.098,0.098,0.938,0.177,0.765,421.2,306.7,48.22,0.032,0.007,0.006,,,
4211,4211,4211,212045071,08 26 30.594,+21 00 45.06,1,11.861,,1391-1379-1,556-045383,08263058+2100452,,STAR,gri,rpm,9.5,2.4,-6.3,2.5,,,12.534,0.299,11.868,0.225,,,12.417,0.07,11.831,0.02,11.622,0.06,,,10.688,0.022,10.368,0.022,10.262,0.017,5632,168,134,4.312,0.174,0.522,-0.019,0.15,0.27,1.129,1.081,0.226,1.022,0.195,0.061,0.655,0.531,0.555,287.5,258,62.77,0.029,0.011,0.007,,,
4212,4212,4212,212045115,08 27 38.794,+21 00 47.60,1,15.01,,,556-045443,08273880+2100476,6728-301-3-0120-0073,STAR,JHK,rpm,114.9,4.9,-15,5,,,,,,,,,,,,,,,,,13.247,0.021,12.651,0.023,12.538,0.021,4216,264,317,4.886,0.096,0.08,-0.708,0.36,0.3,0.384,0.076,0.085,0.442,0.078,0.109,7.173,4.841,2.21,200.8,75.88,62.65,0.024,0.006,0.005,,,
4213,4213,4213,212045170,08 26 56.680,+21 00 50.82,1,18.884,,,,,4508-301-2-0092-0324,STAR,gri,,7,4,-3,4,,,,,,,20.153,0.043,19.038,0.01,18.833,0.01,18.745,0.012,18.67,0.028,,,,,,,,,,,,,,,,,,,,,,,,,,,,,,,,,
4214,4214,4214,212045186,09 00 18.404,+21 00 51.48,1,15.854,,,556-046801,09001840+2100515,,STAR,gri,col,,,,,,,17.273,0.09,16.243,0.12,,,16.896,0.068,15.844,0.071,15.407,0.106,,,14.116,0.026,13.481,0.024,13.386,0.033,4412,132,132,4.707,0.072,0.045,-0.203,0.2,0.28,0.573,0.06,0.084,0.639,0.064,0.089,3.149,1.238,0.589,493,74.35,88.01,0.032,0.008,0.007,,,
4215,4215,4215,212045209,08 34 48.917,+21 00 52.51,1,12.865,,,556-045775,08344891+2100525,,STAR,BV,rpm,-33.3,1.1,-16.7,1.3,,,13.695,0.043,13.006,0.032,,,13.362,0.032,,,,,,,11.884,0.026,11.618,0.025,11.556,0.022,6046,223,223,4.324,0.096,0.208,-0.596,0.42,0.35,1.093,0.246,0.148,0.885,0.145,0.052,0.694,0.298,0.329,503.3,127.4,74.92,0.033,0.006,0.007,,,
4216,4216,4216,212045218,08 27 10.452,+21 00 53.00,1,19.14,,,,,6728-301-3-0119-0174,STAR,gri,,-12,3,-70,3,,,,,,,19.824,0.037,19.29,0.011,19.09,0.012,19.094,0.014,19.368,0.064,,,,,,,,,,,,,,,,,,,,,,,,,,,,,,,,,
4217,4217,4217,212045240,09 04 08.048,+21 00 54.38,1,17.54,,,,09040804+2100543,5071-301-4-0148-0236,STAR,gri,rpm,7,3,-118,3,,,,,,,22.177,0.176,19.312,0.01,17.783,0.006,16.78,0.005,16.231,0.008,15.008,0.032,14.417,0.039,14.236,0.05,3419,34,34,5.143,0.024,0.02,-0.226,0.08,0.12,0.175,0.01,0.012,0.157,0.013,0.011,28.83,3.817,2.837,137.6,32.08,19.13,0.021,0.004,0.004,,,
4218,4218,4218,212045263,09 09 00.918,+21 00 55.75,1,15.515,,,556-047096,09090091+2100558,5071-301-3-0155-0057,STAR,gri,rpm,-3.3,4.4,-2.8,4.8,,,16.668,0.09,15.835,0.13,,,16.168,0.054,15.467,0.063,15.236,0.23,,,14.284,0.024,13.827,0.041,13.775,0.033,5147,155,124,4.576,0.04,0.112,-0.231,0.2,0.36,0.773,1.353,0.073,0.813,0.083,0.069,1.723,0.368,1.625,879.8,307,95.68,0.032,0.008,0.007,,,
4219,4219,4219,212045352,08 33 35.939,+21 01 00.47,1,10.721,,1398-1207-1,556-045704,08333593+2101004,,STAR,BV,rpm,-1.7,1.2,-15.7,1.2,,,11.257,0.081,10.782,0.081,,,11.164,0.03,,,,,,,9.897,0.022,9.711,0.021,9.682,0.019,6617,268,214,4.119,0.135,0.216,-0.016,0.12,0.12,1.627,0.59,0.286,1.398,0.183,0.131,0.28,0.179,0.153,336.3,113.2,62.94,0.029,0.008,0.006,,,
4220,4220,4220,212045354,08 30 16.830,+21 01 00.84,1,14.34,,,556-045572,08301682+2101009,4508-301-1-0096-0163,STAR,gri,rpm,-7.8,6.5,7.7,10.9,,,15.2,0.05,14.561,0.05,,,14.943,0.07,14.301,0.01,14.081,0.073,,,13.075,0.025,12.698,0.024,12.546,0.021,5389,131,131,4.526,0.048,0.672,-0.181,0.25,0.35,0.846,1.022,0.08,0.893,0.065,0.091,1.403,0.303,1.279,590.1,717.6,68.99,0.034,0.01,0.007,,,
4221,4221,4221,212045368,09 06 43.536,+21 01 01.62,1,17.129,,,,09064353+2101016,,STAR,J,col,,,,,,,,,,,,,,,,,,,,,15.658,0.074,15.11,0.103,14.515,0.081,3568,298,248,5.017,0.105,0.126,-0.092,0.16,0.28,0.252,0.105,0.074,0.246,0.167,0.093,15.14,12.09,7.656,334.1,193,122.3,0.029,0.008,0.008,,,
4222,4222,4222,212045372,09 02 39.740,+21 01 01.82,1,12.783,,,556-046900,09023975+2101019,,STAR,gri,rpm,-31.1,1.3,-25.4,1.3,,,13.604,0.04,12.916,0.03,,,13.218,0.05,12.759,0.04,12.596,0.09,,,11.692,0.022,11.385,0.022,11.349,0.021,5909,118,118,4.418,0.06,0.12,-0.351,0.2,0.36,0.985,0.195,0.105,0.915,0.068,0.095,0.949,0.246,0.35,396,75.3,53.48,0.031,0.007,0.007,,,
4223,4223,4223,212045379,08 52 46.535,+21 01 02.40,1,13.869,,,556-046534,08524653+2101024,5045-301-2-0148-0060,STAR,gri,rpm,-3.9,2.4,-3.8,2.2,,,15.008,0.01,14.137,0.01,,,14.552,0.04,13.871,0.03,13.576,0.03,,,12.502,0.025,11.992,0.025,11.899,0.018,4990,79,79,2.844,0.55,0.77,-0.77,0.42,0.84,5.286,6.818,2.361,0.915,0.141,0.088,0.004,0.023,0.004,2574,3263,1140,0.034,0.008,0.006,,,
4224,4224,4224,212045414,08 26 11.476,+21 01 04.30,1,16.229,,,,08261147+2101043,4508-301-2-0091-0219,EXTENDED,gri,,-4,3,2,3,,,,,,,18.053,0.029,16.814,0.014,16.273,0.007,15.978,0.01,15.84,0.031,16.719,0.163,,,,,,,,,,,,,,,,,,,,,,,,,,,,,,,
4225,4225,4225,212045416,08 35 31.946,+21 01 04.52,1,17.985,,,,08353194+2101045,,STAR,JHK,col,,,,,,,,,,,,,,,,,,,,,15.613,0.055,14.827,0.06,14.605,0.073,4131,205,247,4.8,0.112,0.08,-0.172,0.2,0.28,0.464,0.081,0.105,0.516,0.091,0.127,4.71,3.326,1.337,723.9,198,207.9,0.033,0.01,0.007,,,
4226,4226,4226,212045432,09 10 04.265,+21 01 05.48,1,17.467,,,,09100426+2101054,5061-301-3-0159-0076,EXTENDED,gri,,3,2,0,2,,,,,,,19.559,0.066,18.109,0.008,17.501,0.008,17.192,0.01,16.739,0.024,16.622,0.157,15.761,0.19,15.583,0.192,,,,,,,,,,,,,,,,,,,,,,,,,,,
4227,4227,4227,212045516,08 56 09.501,+21 01 10.41,1,14.432,,,556-046649,08560949+2101103,5038-301-2-0053-0037,STAR,gri,rpm,-6.3,5.3,4,3.1,,,15.912,0.04,14.743,0.07,,,15.346,0.06,14.422,0.06,14.041,0.01,,,12.784,0.022,12.14,0.023,12.049,0.022,4553,80,133,4.671,0.036,0.042,-0.146,0.15,0.27,0.636,0.055,0.059,0.705,0.061,0.072,2.639,0.462,0.464,312.6,42.36,37.31,0.03,0.008,0.005,,,
4228,4228,4228,212045523,08 28 29.430,+21 01 10.98,1,15.661,,,556-045484,08282942+2101108,6597-301-3-0215-0031,STAR,JHK,rpm,4.2,4,-0.6,4.8,,,,,,,,,,,,,,,,,14.246,0.025,13.827,0.038,13.684,0.034,5325,245,204,4.551,0.05,0.27,-0.276,0.25,0.4,0.805,1.008,0.076,0.845,0.074,0.089,1.56,0.359,1.414,933.5,658.4,122.3,0.034,0.008,0.007,,,
4229,4229,4229,212045528,09 05 07.314,+21 01 11.18,1,17.516,,,,09050731+2101111,5061-301-4-0152-0133,EXTENDED,gri,,2,3,1,3,,,,,,,20.262,0.066,18.364,0.007,17.571,0.006,17.153,0.006,16.824,0.016,16.11,0.093,15.523,0.128,15.096,0.108,,,,,,,,,,,,,,,,,,,,,,,,,,,
4230,4230,4230,212045533,08 51 33.300,+21 01 11.37,1,14.068,,,556-046490,08513329+2101113,,STAR,gri,rpm,-9.3,2.5,15.4,2.7,,,16.397,0.08,14.865,0.01,,,15.728,0.02,14.274,0.02,13.357,0.01,,,11.627,0.022,11.011,0.021,10.773,0.019,3728,132,66,4.938,0.066,0.066,-0.008,0.1,0.1,0.336,0.076,0.062,0.37,0.093,0.08,9.198,4.128,2.849,74.21,28.75,10.05,0.012,0.005,0.001,,,
4231,4231,4231,212045565,09 06 05.377,+21 01 13.96,1,17.213,,,,09060537+2101139,5061-301-4-0153-0271,EXTENDED,gri,,-58,3,29,3,,,,,,,19.566,0.067,18.047,0.008,17.327,0.007,16.855,0.007,16.583,0.022,16.356,0.128,15.628,0.175,15.069,0.139,,,,,,,,,,,,,,,,,,,,,,,,,,,
4232,4232,4232,212045606,08 34 27.321,+21 01 16.43,1,11.613,,,556-045751,08342731+2101164,,STAR,BV,rpm,2,1.1,-13.1,1.4,,,13.116,0.041,11.854,0.03,,,12.523,0.031,,,,,,,9.848,0.029,9.257,0.023,9.081,0.019,4609,111,89,2.481,0.33,0.275,-0.124,0.2,0.36,9.321,3.486,2.887,1.143,0.151,0.181,0.001,0.002,7.23E-04,1207,323.2,341.1,0.034,0.01,0.007,,,
4233,4233,4233,212045635,09 09 57.100,+21 01 18.16,1,19.559,,,,,5061-301-3-0159-0249,STAR,gri,,-19,3,-36,3,,,,,,,20.277,0.04,19.697,0.013,19.513,0.014,19.463,0.019,19.535,0.071,,,,,,,,,,,,,,,,,,,,,,,,,,,,,,,,,
4234,4234,4234,212045641,09 06 12.734,+21 01 18.60,1,15.554,,,556-047009,09061272+2101185,5061-301-4-0153-0169,STAR,gri,rpm,-5.4,4.5,3.3,4.7,,,16.876,0.08,15.943,0.063,,,16.447,0.05,15.45,0.03,15.171,0.16,,,13.903,0.027,13.418,0.04,13.246,0.038,4696,94,94,4.634,0.035,0.035,-0.037,0.18,0.21,0.692,0.044,0.05,0.758,0.038,0.066,2.259,0.407,0.291,581.8,56.13,60.88,0.034,0.01,0.006,,,
4235,4235,4235,212045649,08 31 34.751,+21 01 18.93,1,14.615,,,556-045619,08313475+2101194,6728-301-2-0126-0047,STAR,JHK,rpm,-51,8,-219,8,,,,,,,,,,,,,,,,,12.766,0.023,12.255,0.018,12.029,0.021,3464,445,445,5.086,0.11,0.11,-0.256,0.25,0.45,0.195,0.098,0.056,0.181,0.129,0.065,21.01,17.22,10.77,66.26,42.95,19.89,0.011,0.006,0.005,,,
4236,4236,4236,212045679,08 28 04.421,+21 01 20.50,1,16.358,,,,08280442+2101204,6597-301-3-0214-0166,EXTENDED,gri,,4,2,-1,2,,,,,,,18.574,0.027,17.088,0.004,16.407,0.004,16.045,0.004,15.763,0.01,15.387,0.071,14.724,0.09,14.427,0.089,,,,,,,,,,,,,,,,,,,,,,,,,,,
4237,4237,4237,212045682,09 09 16.939,+21 01 20.81,1,16.402,,,,09091693+2101208,5071-301-3-0155-0224,STAR,gri,rpm,4,3,-54,3,,,,,,,20.702,0.061,18.143,0.006,16.724,0.005,15.656,0.005,15.074,0.005,13.736,0.023,13.14,0.034,12.872,0.027,3408,34,34,5.071,0.04,0.048,0.084,0.15,0.15,0.217,0.021,0.029,0.202,0.018,0.032,19.21,5.939,3.158,110.2,5.619,17.6,0.018,0.004,0.006,,,
4238,4238,4238,212045687,09 11 58.544,+21 01 21.15,1,12.986,,,556-047187,,,STAR,gri,,2.2,1.5,14.9,1.9,,,13.737,0.04,13.12,0.05,,,13.384,0.03,12.945,0.04,12.816,0.04,,,,,,,,,,,,,,,,,,,,,,,,,,,,,,,,,,,
4239,4239,4239,212045699,08 33 10.347,+21 01 21.99,1,18.205,,,,,6597-301-2-0222-0023,STAR,gri,,3,3,-1,3,,,,,,,18.583,0.017,18.267,0.007,18.185,0.008,18.232,0.009,18.111,0.023,,,,,,,,,,,,,,,,,,,,,,,,,,,,,,,,,
4240,4240,4240,212045707,08 35 15.702,+21 01 22.77,1,17.142,,,,08351570+2101227,6597-301-2-0225-0213,STAR,gri,rpm,-83,3,4,3,,,,,,,22.012,0.171,19.217,0.011,17.74,0.006,16.252,0.005,15.442,0.006,14.01,0.027,13.399,0.03,13.179,0.024,3466,104,104,5.088,0.042,0.035,-0.108,0.18,0.15,0.206,0.026,0.027,0.19,0.03,0.025,21.4,5.853,4.005,116.7,23.53,14.35,0.018,0.007,0.003,,,
4241,4241,4241,212045715,09 10 02.218,+21 01 23.12,1,11.319,,1407-1286-1,556-047134,09100221+2101230,,STAR,gri,lam,-5.9,1.8,3.6,2,,,12.691,0.305,11.781,0.19,,,12.214,0.06,11.27,0.08,10.936,0.1,,,9.704,0.022,9.147,0.021,9.08,0.019,4742,112,93,2.447,0.104,0.078,-0.34,0.12,0.15,10.677,0.607,1.631,1.107,0.17,0.121,9.42E-04,4.84E-04,1.76E-04,1283,79.14,184.9,0.033,0.01,0.007,,,
4242,4242,4242,212045722,09 08 10.236,+21 01 23.43,1,12.8,,,556-047072,09081023+2101234,,STAR,gri,lam,-1.1,2.4,-2.1,3,,,14.137,0.03,13.071,0.07,,,13.637,0.05,12.726,0.08,12.442,0.11,,,11.269,0.021,10.77,0.032,10.644,0.02,4855,77,77,3.366,0.13,0.156,-0.027,0.1,0.12,3.77,0.529,0.549,1.23,0.12,0.12,0.022,0.013,0.009,1001,153.6,133.2,0.035,0.008,0.007,,,
4243,4243,4243,212045767,08 29 55.771,+21 01 26.52,1,18.376,,,,08295577+2101265,,STAR,JHK,col,,,,,,,,,,,,,,,,,,,,,15.831,0.088,15.248,0.118,14.833,0.122,3847,620,344,4.93,0.135,0.216,-0.185,0.2,0.32,0.34,0.194,0.124,0.361,0.24,0.171,7.991,9.093,4.78,550.4,563.1,244.4,0.032,0.008,0.008,,,
4244,4244,4244,212045786,08 31 32.818,+21 01 27.88,1,13.97,,,556-045618,08313281+2101280,6728-301-2-0126-0046,STAR,gri,rpm,-37.8,2.5,-14.5,2.6,,,15.881,0.16,14.573,0.01,,,15.296,0.04,13.992,0.02,13.402,0.066,,,11.885,0.021,11.249,0.018,11.118,0.02,3939,78,39,4.861,0.04,0.04,-0.129,0.21,0.09,0.417,0.049,0.037,0.473,0.048,0.048,6.259,1.266,1.241,110.9,12.11,10.92,0.015,0.002,0.002,,,
4245,4245,4245,212045849,08 59 33.175,+21 01 31.46,1,12.904,,,556-046775,08593317+2101314,,STAR,gri,rpm,-7.7,1.6,-9.5,3,,,13.548,0.04,13.016,0.03,,,13.222,0.04,12.901,0.04,12.768,0.08,,,11.968,0.021,11.736,0.021,11.656,0.018,6308,127,152,4.183,0.13,0.156,-0.177,0.15,0.24,1.404,0.285,0.237,1.165,0.122,0.122,0.402,0.213,0.161,692.1,154.7,107.1,0.033,0.008,0.006,,,
4246,4246,4246,212045869,08 52 56.916,+21 01 32.22,1,12.425,,,556-046542,08525691+2101323,,STAR,gri,rpm,-27.8,1,6.9,1.2,,,13.281,0.01,12.586,0.01,,,12.914,0.03,12.397,0.03,12.215,0.04,,,11.314,0.023,10.953,0.023,10.901,0.019,5660,90,112,4.457,0.05,0.54,-0.148,0.16,0.36,0.971,0.856,0.123,0.957,0.057,0.103,1.031,0.282,0.875,322.4,282.9,46.98,0.03,0.007,0.006,,,
4247,4247,4247,212045957,08 59 43.122,+21 01 38.47,1,18.679,,,,08594312+2101384,,STAR,JHK,col,,,,,,,,,,,,,,,,,,,,,16.527,0.121,16.014,0.154,15.699,0.192,3922,822,448,4.9,0.15,0.24,-0.269,0.24,0.42,0.33,0.259,0.126,0.385,0.259,0.185,8.464,10.7,5.769,799.9,891.4,371.3,0.032,0.008,0.007,,,
4248,4248,4248,212045963,08 29 12.601,+21 01 39.40,1,15.654,,,556-045517,08291260+2101394,4508-301-1-0095-0036,STAR,JHK,rpm,1.5,4,-5,4.7,,,,,,,,,,,,,,,,,14.275,0.024,13.856,0.036,13.734,0.034,5304,251,209,4.545,0.054,0.531,-0.276,0.25,0.4,0.805,0.805,0.076,0.84,0.072,0.087,1.594,0.367,0.772,944.9,408.4,121.9,0.034,0.008,0.007,,,
4249,4249,4249,212045974,08 57 00.542,+21 01 40.06,1,14.823,,,556-046680,08570054+2101400,,STAR,gri,rpm,-2.7,4.5,-5.6,4.8,,,16.178,0.12,15.126,0.07,,,15.653,0.06,14.744,0.07,14.467,0.06,,,13.465,0.023,12.919,0.024,12.838,0.029,4812,95,133,4.619,0.03,0.036,-0.085,0.15,0.24,0.707,0.061,0.047,0.771,0.049,0.058,2.13,0.316,0.325,504.1,63.6,47.52,0.034,0.007,0.008,,,
4250,4250,4250,212045990,09 05 11.618,+21 01 41.26,1,19.621,,,,,5061-301-4-0152-0549,EXTENDED,gri,,12,4,22,4,,,,,,,21.258,0.21,19.998,0.032,19.611,0.039,19.46,0.068,19.252,0.189,,,,,,,,,,,,,,,,,,,,,,,,,,,,,,,,,
4251,4251,4251,212046002,09 10 59.096,+21 01 41.53,1,14.461,,,556-047156,09105908+2101415,,STAR,gri,rpm,7.8,3.3,-5.4,3.5,,,15.53,0.06,14.701,0.09,,,15.087,0.01,14.419,0.01,14.193,0.08,,,13.196,0.022,12.731,0.025,12.672,0.026,5163,102,102,3.822,0.792,0.594,-0.402,0.35,0.42,1.733,1.893,1.062,0.893,0.064,0.102,0.123,1.592,0.111,1227,1251,730.2,0.031,0.01,0.007,,,
4252,4252,4252,212046003,09 06 19.413,+21 01 41.57,1,14.853,,,556-047012,09061940+2101416,5061-301-4-0153-0193,STAR,gri,rpm,-28,4.5,-9.9,4.8,,,17.074,0.099,15.69,0.057,,,16.482,0.01,15.097,0.06,14.155,0.08,,,12.552,0.022,11.905,0.032,11.678,0.023,3619,133,66,4.981,0.036,0.036,0.005,0.16,0.08,0.298,0.033,0.041,0.309,0.058,0.058,11.52,3.32,2.348,96.67,23.58,18.96,0.013,0.004,0.005,,,
4253,4253,4253,212046038,09 11 14.920,+21 01 43.89,1,14.35,,,556-047168,09111493+2101438,,STAR,gri,rpm,4.9,3.2,-5.4,3.5,,,15.43,0.02,14.598,0.05,,,14.989,0.03,14.296,0.04,14.075,0.06,,,13.008,0.021,12.565,0.026,12.455,0.02,5143,122,122,3.845,0.72,0.56,-0.335,0.3,0.42,1.878,1.449,1.154,0.901,0.161,0.088,0.12,1.694,0.096,1168,867.7,705.4,0.034,0.01,0.008,,,
4254,4254,4254,212046115,09 05 18.479,+21 01 48.60,1,15.528,,,556-046980,09051847+2101487,5061-301-4-0152-0199,STAR,JHK,rpm,24.5,5.5,-33.3,5.5,,,,,,,,,,,,,,,,,13.175,0.023,12.566,0.021,12.284,0.023,3550,105,105,5.014,0.072,0.045,-0.007,0.15,0.18,0.254,0.045,0.052,0.248,0.063,0.063,14.09,6.655,3.402,104.8,25.94,24.43,0.015,0.006,0.003,,,
4255,4255,4255,212046120,08 55 08.690,+21 01 49.27,1,14.356,,,556-046608,08550868+2101491,,STAR,gri,rpm,8.7,1.7,-6.6,2.4,,,15.575,0.06,14.614,0.041,,,15.093,0.03,14.303,0.01,14.04,0.04,,,12.918,0.025,12.394,0.021,12.321,0.021,4919,78,58,4.607,0.025,1.165,-0.165,0.2,0.28,0.732,2.428,0.041,0.804,0.147,0.068,1.971,0.266,1.941,425.6,1372,32.05,0.03,0.008,0.005,,,
4256,4256,4256,212046125,09 03 47.104,+21 01 49.55,1,16.764,,,,09034710+2101495,5071-301-4-0148-0173,EXTENDED,gri,,2,4,6,1,,,,,,,18.443,0.028,17.326,0.006,16.872,0.006,16.523,0.006,16.373,0.018,16.581,0.157,16.046,0.185,15.319,0.153,,,,,,,,,,,,,,,,,,,,,,,,,,,
4257,4257,4257,212046132,09 03 12.747,+21 01 50.07,1,15.359,,,556-046916,09031275+2101501,5071-301-4-0147-0126,STAR,gri,lam,1.6,4.5,-5.5,4.9,,,16.27,0.08,15.536,0.05,,,15.915,0.08,15.338,0.05,15.12,0.08,,,14.077,0.028,13.637,0.027,13.577,0.03,5514,165,132,4.483,0.04,0.048,0.056,0.1,0.1,0.923,0.069,0.064,0.964,0.039,0.047,1.171,0.189,0.192,1054,93.72,102.4,0.033,0.007,0.007,,,
4258,4258,4258,212046170,08 28 03.553,+21 01 52.72,1,12.552,,,556-045463,08280354+2101526,,STAR,gri,rpm,3.9,1.3,-6.6,2,,,13.538,0.043,12.785,0.031,,,13.162,0.05,12.551,0.01,12.291,0.061,,,11.229,0.022,10.771,0.024,10.685,0.02,5187,82,102,3.097,0.51,0.714,-0.773,0.36,0.3,4.35,4.751,1.782,0.91,0.162,0.032,0.01,0.044,0.009,1241,1154,534.8,0.032,0.008,0.01,,,
4259,4259,4259,212046222,08 55 21.929,+21 01 55.68,1,14.966,,,556-046620,08552193+2101555,,STAR,JHK,rpm,42.9,3.4,-25.6,3.4,,,,,,,,,,,,,,,,,12.831,0.023,12.222,0.024,12.008,0.02,3717,132,110,4.946,0.065,0.065,-0.016,0.16,0.2,0.319,0.065,0.064,0.347,0.094,0.094,9.756,5.01,2.849,119.5,30.93,28.84,0.017,0.005,0.004,,,
4260,4260,4260,212046252,08 30 25.510,+21 01 57.39,1,12.892,,,556-045577,08302551+2101573,,STAR,gri,rpm,1,2,3.5,2.3,,,13.502,0.01,12.984,0.02,,,13.216,0.03,12.867,0.01,12.753,0.062,,,12.065,0.023,11.824,0.023,11.798,0.025,6243,128,102,4.153,0.175,0.21,-0.202,0.16,0.24,1.435,0.485,0.239,1.151,0.142,0.142,0.34,0.272,0.172,729.5,230,129.7,0.034,0.011,0.008,,,
4261,4261,4261,212046253,08 51 13.499,+21 01 57.42,1,13.69,,,556-046469,08511349+2101573,,STAR,gri,rpm,-20.8,4.4,10,2.3,,,15.99,0.03,14.613,0.02,,,15.39,0.05,14.049,0.05,12.961,0.02,,,11.163,0.023,10.524,0.027,10.285,0.019,3813,69,347,4.873,0.15,0.02,0.082,0.12,0.12,0.407,0.008,0.152,0.451,0.014,0.201,6.698,8.366,0.402,72.63,6.641,32.57,0.012,0.004,0.004,,,
4262,4262,4262,212046261,09 07 06.862,+21 01 57.84,1,17.514,,,,09070686+2101578,5071-301-3-0152-0264,EXTENDED,gri,,-4,2,1,2,,,,,,,19.306,0.034,18.186,0.007,17.603,0.006,17.226,0.006,16.987,0.016,16.468,0.12,15.583,0.156,15.191,0.146,,,,,,,,,,,,,,,,,,,,,,,,,,,
4263,4263,4263,212046327,09 04 51.738,+21 02 01.84,1,14.686,,,556-046959,09045174+2102019,5061-301-4-0151-0226,STAR,JHK,col,,,,,,,,,,,,,,,,,,,,,12.467,0.023,11.886,0.023,11.619,0.021,3515,132,159,5.044,0.077,0.066,-0.01,0.15,0.18,0.24,0.053,0.058,0.233,0.067,0.08,16.42,9.368,4.526,70.06,19.78,20.6,0.012,0.005,0.005,,,
4264,4264,4264,212046410,08 52 52.538,+21 02 06.53,1,14.057,,,556-046538,08525254+2102066,5045-301-2-0148-0083,STAR,gri,rpm,-15.7,2.6,-0.8,2.3,,,15.518,0.03,14.421,0.01,,,15.026,0.05,13.974,0.04,13.642,0.01,,,12.442,0.023,11.902,0.025,11.787,0.019,4592,110,73,4.66,0.024,0.02,-0.05,0.12,0.18,0.66,0.026,0.045,0.738,0.029,0.053,2.483,0.368,0.166,277.8,19.87,22.1,0.031,0.006,0.007,,,
4265,4265,4265,212046441,08 35 17.338,+21 02 08.10,1,13.356,,,556-045798,08351733+2102081,,STAR,gri,rpm,1.7,1.5,-18.6,1.9,,,14.637,0.1,13.631,0.02,,,14.127,0.05,13.314,0.02,13.025,0.06,,,12.015,0.023,11.522,0.022,11.459,0.02,4951,98,78,4.588,0.035,0.945,-0.045,0.15,0.27,0.757,1.593,0.051,0.833,0.089,0.055,1.857,0.3,1.786,295.8,765.5,29.49,0.026,0.008,0.006,,,
4266,4266,4266,212046465,08 55 50.719,+21 02 09.42,1,11.72,,1400-1308-1,556-046636,08555072+2102094,,STAR,gri,rpm,-21,1.7,1.7,1.8,,,11.861,0.125,11.921,0.237,,,12.065,0.05,11.694,0.05,11.572,0.03,,,10.813,0.022,10.531,0.02,10.489,0.017,6062,146,146,4.181,0.21,0.21,-0.149,0.16,0.36,1.352,0.44,0.332,1.106,0.11,0.154,0.413,0.434,0.234,369,128.3,81.25,0.031,0.008,0.008,,,
4267,4267,4267,212046523,08 54 53.853,+21 02 12.24,1,15.226,,,556-046604,08545384+2102121,5038-301-2-0051-0088,STAR,gri,rpm,-1.1,2.8,-5.4,3,,,16.176,0.072,15.396,0.052,,,15.825,0.07,15.197,0.04,14.97,0.092,,,14.106,0.027,13.729,0.034,13.586,0.035,5432,166,166,4.523,0.05,0.1,-0.203,0.2,0.36,0.849,0.149,0.082,0.883,0.062,0.087,1.437,0.331,0.448,954.9,223.1,117.5,0.034,0.008,0.007,,,
4268,4268,4268,212046531,09 02 39.859,+21 02 12.79,1,14.388,,,556-046901,09023986+2102129,5071-301-4-0146-0046,STAR,gri,rpm,-8.3,2.6,-9.4,3.7,,,15.48,0.07,14.625,0.04,,,15.026,0.05,14.381,0.03,14.115,0.1,,,13.154,0.023,12.7,0.021,12.62,0.023,5224,104,104,4.55,0.05,1.09,-0.347,0.3,0.48,0.802,2.089,0.084,0.861,0.057,0.092,1.582,0.387,1.545,565.2,1397,64.93,0.034,0.01,0.008,,,
4269,4269,4269,212046567,08 35 37.238,+21 02 14.71,1,12.26,,,556-045811,08353724+2102147,,STAR,gri,rpm,-9,1,-27.7,1.2,,,13.266,0.03,12.467,0.02,,,12.851,0.04,12.237,0.02,12.007,0.06,,,11.09,0.021,10.732,0.023,10.648,0.02,5475,111,89,4.521,0.035,0.077,-0.063,0.15,0.15,0.866,0.107,0.054,0.934,0.059,0.071,1.386,0.224,0.327,253.5,44.61,24.43,0.028,0.013,0.005,,,
4270,4270,4270,212046609,08 28 57.152,+21 02 17.12,1,12.137,,,556-045508,08285715+2102171,,STAR,gri,rpm,-25.8,1.7,-2.2,1.3,,,12.773,0.01,12.248,0.03,,,12.475,0.05,12.114,0.02,11.991,0.061,,,11.223,0.021,10.939,0.024,10.885,0.019,6092,147,122,4.251,0.125,0.2,-0.266,0.2,0.28,1.201,0.375,0.153,1.017,0.132,0.11,0.532,0.283,0.263,411.8,114.3,66.11,0.031,0.008,0.006,,,
4271,4271,4271,212046694,09 05 57.429,+21 02 22.89,1,11.816,,,556-047001,09055742+2102229,,STAR,gri,rpm,1.2,1.8,-1.2,1.5,,,13.252,0.04,12.136,0.05,,,12.694,0.05,11.782,0.07,11.44,0.08,,,10.252,0.024,9.677,0.028,9.574,0.02,4678,93,93,2.453,0.27,0.162,-0.229,0.2,0.24,10.855,1.494,2.889,1.18,0.171,0.171,9.12E-04,0.001,3.57E-04,1630,262.4,420.7,0.035,0.01,0.007,,,
4272,4272,4272,212046742,08 31 38.822,+21 02 26.06,1,17.549,,,,08313882+2102260,,STAR,J,col,,,,,,,,,,,,,,,,,,,,,16.05,0.097,15.044,0.118,14.617,0.101,3973,298,358,4.866,0.161,0.115,-0.208,0.2,0.28,0.39,0.14,0.144,0.442,0.128,0.205,6.608,8.531,3.059,719.8,320.6,320.6,0.032,0.01,0.007,,,
4273,4273,4273,212046781,08 55 21.525,+21 02 28.37,1,12.548,,,556-046619,08552152+2102282,,STAR,gri,lam,21.9,2.4,-16.3,1.7,,,13.891,0.03,12.872,0.02,,,13.408,0.06,12.505,0.05,12.18,0.04,,,11.011,0.023,10.441,0.022,10.331,0.017,4651,165,138,4.673,0.036,0.03,-0.381,0.15,0.12,0.619,0.035,0.04,0.664,0.038,0.038,2.778,0.456,0.33,136.9,17.27,15.34,0.02,0.005,0.004,,,
4274,4274,4274,212046800,09 03 40.298,+21 02 29.25,1,15.698,,,,09034029+2102292,5071-301-4-0147-0361,EXTENDED,gri,,1,2,-4,2,,,,,,,18.341,0.032,16.649,0.004,15.779,0.004,15.291,0.003,14.949,0.007,15.09,0.082,14.262,0.08,13.92,0.078,,,,,,,,,,,,,,,,,,,,,,,,,,,
4275,4275,4275,212046883,08 52 16.698,+21 02 34.85,1,15.434,,,556-046509,08521668+2102347,5038-301-3-0047-0204,STAR,gri,rpm,13.9,2.9,-39.9,3,,,17.773,0.131,16.316,0.074,,,17.106,0.06,15.627,0.08,14.718,0.03,,,13.041,0.025,12.438,0.024,12.201,0.026,3604,71,71,4.986,0.035,0.035,0.076,0.08,0.16,0.291,0.035,0.031,0.304,0.047,0.047,11.71,2.897,1.97,115.6,21.99,13.52,0.017,0.005,0.003,,,
4276,4276,4276,212046904,09 03 00.753,+21 02 35.88,1,15.015,,,556-046907,09030075+2102359,5071-301-4-0146-0102,STAR,gri,rpm,14.4,4.4,-32.4,4.8,,,16.774,0.01,15.544,0.04,,,16.297,0.04,15.034,0.06,14.466,0.11,,,13.02,0.025,12.395,0.025,12.229,0.021,3950,142,95,4.852,0.05,0.05,-0.089,0.21,0.15,0.43,0.051,0.054,0.484,0.063,0.075,5.986,1.797,1.176,193.5,27.65,33,0.023,0.006,0.005,,,
4277,4277,4277,212046930,08 59 35.557,+21 02 37.67,1,14.271,,,556-046777,08593555+2102377,,STAR,gri,rpm,-1.6,2.3,-5.6,2.4,,,15.429,0.07,14.553,0.03,,,14.951,0.06,14.29,0.03,13.979,0.06,,,12.974,0.023,12.509,0.024,12.391,0.019,5098,100,100,3.378,1.078,0.77,-0.665,0.48,0.4,3.104,4.073,2.292,0.89,0.116,0.072,0.028,1.104,0.026,1678,2140,1228,0.035,0.008,0.008,,,
4278,4278,4278,212046954,09 11 12.599,+21 02 39.20,1,11.423,,,556-047167,09111261+2102391,,STAR,gri,lam,-14.7,1.3,-7.6,2.3,,,12.783,0.02,11.723,0.04,,,12.241,0.02,11.381,0.04,11.073,0.05,,,9.861,0.022,9.32,0.023,9.174,0.018,4754,95,95,2.421,0.1,0.05,-0.324,0.12,0.12,10.892,0.587,1.423,1.123,0.164,0.137,8.78E-04,4.06E-04,1.24E-04,1397,75.97,153.6,0.034,0.008,0.007,,,
4279,4279,4279,212046970,09 12 01.673,+21 02 40.17,1,15.96,,,,09120167+2102401,,STAR,JHK,col,,,,,,,,,,,,,,,,,,,,,13.91,0.023,13.32,0.026,13.112,0.03,3736,184,184,4.962,0.09,0.075,-0.102,0.2,0.28,0.309,0.073,0.069,0.338,0.093,0.111,10.21,6.119,3.306,188.9,56.72,51.05,0.024,0.007,0.007,,,
4280,4280,4280,212047022,09 07 42.857,+21 02 43.11,1,13.999,,,556-047048,09074284+2102430,,STAR,gri,rpm,-8.2,4.7,-8,5.1,,,15.154,0.02,14.234,0.07,,,14.732,0.05,13.94,0.07,13.685,0.17,,,12.543,0.026,12.046,0.033,11.907,0.025,4963,118,118,4.542,0.07,1.4,-0.156,0.2,0.44,0.82,3.474,0.121,0.865,0.243,0.093,1.519,0.53,1.507,429.3,1656,92.67,0.032,0.008,0.006,,,
4281,4281,4281,212047023,08 29 32.487,+21 02 43.30,1,17.311,,,,08293248+2102433,4508-301-1-0095-0264,EXTENDED,gri,,1,3,4,3,,,,,,,19.984,0.072,18.297,0.01,17.328,0.006,16.889,0.006,16.522,0.013,16.172,0.112,15.575,0.129,14.824,0.117,,,,,,,,,,,,,,,,,,,,,,,,,,,
4282,4282,4282,212047066,08 53 22.213,+21 02 46.70,1,10.934,,1400-37-1,556-046558,08532223+2102467,,STAR,gri,rpm,8.3,1.9,-7.5,1.9,,,12.799,0.404,11.429,0.144,,,12.05,0.03,10.9,0.04,10.456,0.04,,,9.051,0.026,8.365,0.017,8.17,0.027,4261,67,67,1.876,0.285,0.342,-0.143,0.25,0.3,19.011,8.443,4.131,1.138,0.143,0.171,1.47E-04,1.80E-04,1.03E-04,1485,572.6,353.4,0.037,0.011,0.009,,,
4283,4283,4283,212047071,09 02 20.280,+21 02 46.92,1,18.764,,,,,5061-301-5-0148-0037,STAR,gri,,-35,3,-43,3,,,,,,,18.729,0.017,18.526,0.007,18.844,0.01,19.125,0.016,19.362,0.058,,,,,,,,,,,,,,,,,,,,,,,,,,,,,,,,,
4284,4284,4284,212047089,09 09 06.546,+21 02 48.12,1,16.89,,,,09090654+2102481,5071-301-3-0155-0083,EXTENDED,gri,,13,2,10,2,,,,,,,19.18,0.054,17.612,0.008,16.949,0.008,16.581,0.008,16.359,0.02,16.642,0.186,,,,,,,,,,,,,,,,,,,,,,,,,,,,,,,
4285,4285,4285,212047092,09 09 18.927,+21 02 48.27,1,18.677,,,,09091892+2102482,5071-301-3-0156-0132,EXTENDED,gri,,-5,3,22,3,,,,,,,19.365,0.029,19.169,0.011,18.737,0.01,18.466,0.011,17.94,0.023,16.787,0.152,,,15.329,0.14,,,,,,,,,,,,,,,,,,,,,,,,,,,
4286,4286,4286,212047120,09 03 58.658,+21 02 50.42,1,15.88,,,,09035865+2102504,5071-301-4-0148-0207,EXTENDED,gri,,0,2,1,2,,,,,,,18.964,0.036,16.885,0.004,15.906,0.003,15.449,0.003,15.123,0.006,14.638,0.059,13.908,0.067,13.627,0.062,,,,,,,,,,,,,,,,,,,,,,,,,,,
4287,4287,4287,212047137,09 03 28.692,+21 02 51.19,1,17.456,,,,09032869+2102511,5071-301-4-0147-0308,EXTENDED,gri,,-5,3,-1,3,,,,,,,20.326,0.085,18.458,0.009,17.511,0.007,17.026,0.006,16.741,0.015,16.137,0.086,15.575,0.108,15.12,0.119,,,,,,,,,,,,,,,,,,,,,,,,,,,
4288,4288,4288,212047202,08 26 41.624,+21 02 55.67,1,14.901,,,556-045394,08264164+2102556,,STAR,JHK,col,,,,,,,,,,,,,,,,,,,,,12.807,0.022,12.185,0.026,11.996,0.02,3860,214,153,4.89,0.084,0.06,-0.091,0.2,0.28,0.383,0.063,0.083,0.418,0.082,0.098,7.335,3.818,1.897,151.9,34.12,37.52,0.02,0.007,0.006,,,
4289,4289,4289,212047293,09 03 27.709,+21 03 00.88,1,18.044,,,,09032770+2103008,5071-301-4-0147-0309,EXTENDED,gri,,,,,,,,,,,,20.048,0.055,18.779,0.009,18.148,0.008,17.729,0.028,17.531,0.022,16.39,0.114,15.821,0.158,15.278,0.13,,,,,,,,,,,,,,,,,,,,,,,,,,,
4290,4290,4290,212047299,09 05 34.227,+21 03 01.36,1,17.688,,,,09053422+2103013,5061-301-4-0152-0259,EXTENDED,gri,,-1,3,-2,3,,,,,,,19.248,0.027,18.234,0.006,17.809,0.006,17.454,0.007,17.327,0.019,16.27,0.097,15.845,0.176,15.489,0.179,,,,,,,,,,,,,,,,,,,,,,,,,,,
4291,4291,4291,212047342,08 35 15.561,+21 03 04.51,1,18.676,,,,08351556+2103045,,STAR,JHK,rpm,6,17,16,2,,,,,,,,,,,,,,,,,16.32,0.139,15.703,0.165,15.428,0.179,3919,632,351,4.903,0.125,0.175,-0.254,0.25,0.4,0.345,0.167,0.112,0.378,0.194,0.162,8.055,7.833,4.49,679.8,565.2,269.2,0.033,0.008,0.007,,,
4292,4292,4292,212047365,09 12 25.451,+21 03 06.40,1,16.834,,,,09122545+2103063,5071-301-2-0160-0213,EXTENDED,gri,,6,2,-4,2,,,,,,,19.66,0.075,17.867,0.008,16.913,0.006,16.391,0.006,15.966,0.012,15.605,0.069,14.681,0.068,14.056,0.064,,,,,,,,,,,,,,,,,,,,,,,,,,,
4293,4293,4293,212047454,09 10 44.761,+21 03 11.85,1,14.576,,,556-047154,09104476+2103118,5061-301-3-0160-0029,STAR,gri,lam,-49.2,3.1,5.6,3.4,,,16.468,0.2,15.203,0.05,,,15.857,0.02,14.635,0.04,14.026,0.03,,,12.572,0.024,11.927,0.02,11.803,0.02,4104,164,131,4.817,0.066,0.055,-0.251,0.15,0.12,0.454,0.059,0.062,0.512,0.062,0.075,5.064,1.799,1.133,172.2,31.52,31.46,0.022,0.007,0.005,,,
4294,4294,4294,212047526,09 11 27.723,+21 03 15.43,1,15.162,,,556-047174,09112773+2103154,5061-301-3-0161-0070,STAR,gri,rpm,-3.2,3,-0.9,3.3,,,16.594,0.18,15.543,0.03,,,16.069,0.05,15.123,0.05,14.774,0.11,,,13.586,0.024,13.021,0.025,12.88,0.024,4688,113,113,4.633,0.035,0.049,-0.14,0.2,0.28,0.682,0.073,0.056,0.757,0.045,0.078,2.219,0.388,0.662,513,1481,58.73,0.031,0.01,0.007,,,
4295,4295,4295,212047540,08 29 57.746,+21 03 16.35,1,14.663,,,556-045560,08295774+2103163,,STAR,gri,rpm,-0.6,2.9,-1.4,3.2,,,15.848,0.08,14.884,0.044,,,15.307,0.043,14.679,0.051,14.387,0.078,,,13.369,0.026,12.929,0.024,12.849,0.034,5209,154,123,3.777,0.786,0.786,-0.48,0.4,0.56,2.008,2.566,1.338,0.886,0.095,0.079,0.108,1.364,0.1,1489,1695,948.7,0.033,0.008,0.005,,,
4296,4296,4296,212047551,08 55 51.283,+21 03 17.13,1,12.302,,,556-046637,08555128+2103170,,STAR,gri,lam,1.7,3.1,-1.1,1.6,,,13.684,0.04,12.573,0.02,,,13.127,0.05,12.251,0.05,11.948,0.03,,,10.769,0.02,10.225,0.021,10.1,0.018,4701,94,94,2.426,0.143,0.065,-0.219,0.12,0.12,11.09,0.363,1.95,1.177,0.114,0.16,8.72E-04,5.79E-04,1.21E-04,2089,164.9,348.2,0.035,0.009,0.011,,,
4297,4297,4297,212047578,09 02 35.449,+21 03 18.76,1,16.162,,,556-046895,09023545+2103188,5071-301-4-0146-0037,EXTENDED,gri,,-5.1,6.8,3.7,5.4,,,17.219,0.12,16.48,0.17,,,16.795,0.1,16.293,0.05,15.891,0.15,,,14.871,0.039,14.306,0.04,14.257,0.056,,,,,,,,,,,,,,,,,,,,,,,,,,,
4298,4298,4298,212047596,08 53 39.375,+21 03 19.83,1,17.186,,,,08533937+2103198,5071-301-6-0133-0330,EXTENDED,gri,,3,3,-1,3,,,,,,,19.289,0.047,18.02,0.008,17.265,0.006,16.829,0.006,16.568,0.015,16.208,0.098,15.637,0.124,14.983,0.119,,,,,,,,,,,,,,,,,,,,,,,,,,,
4299,4299,4299,212047619,08 56 35.393,+21 03 20.91,1,14.147,,,556-046666,08563539+2103207,,STAR,gri,rpm,-6.7,2.8,-10.7,3.9,,,15.315,0.04,14.39,0.03,,,14.871,0.04,14.09,0.04,13.837,0.06,,,12.884,0.025,12.465,0.024,12.309,0.021,5104,103,103,4.577,0.03,0.078,-0.091,0.18,0.27,0.778,0.13,0.049,0.844,0.082,0.068,1.763,0.238,0.462,467.1,756.5,42.08,0.032,0.008,0.007,,,
4300,4300,4300,212047653,08 33 24.195,+21 03 23.08,1,12.09,,,556-045696,08332419+2103230,,STAR,BV,rpm,4.4,1.2,2,2.1,,,12.798,0.041,12.198,0.03,,,12.506,0.031,,,,,,,11.164,0.025,10.889,0.021,10.871,0.02,6089,185,148,4.128,0.215,0.258,-0.095,0.16,0.2,1.428,0.674,0.345,1.17,0.214,0.142,0.348,0.379,0.224,486.5,202.6,122.5,0.031,0.008,0.007,,,
4301,4301,4301,212047659,09 12 03.539,+21 03 23.39,1,15.284,,,556-047189,09120353+2103234,5061-301-3-0162-0088,STAR,gri,rpm,1.4,3.1,-3.4,3.5,,,16.857,0.04,15.764,0.04,,,16.348,0.02,15.196,0.01,14.828,0.06,,,13.487,0.021,12.884,0.025,12.798,0.025,4373,67,135,4.699,0.08,0.04,-0.02,0.2,0.68,0.602,0.054,0.094,0.668,0.049,0.097,2.99,1.234,0.474,385.4,32.54,77,0.031,0.007,0.011,,,
4302,4302,4302,212047666,09 06 44.681,+21 03 23.53,1,11.883,,1407-1654-1,556-047019,09064467+2103236,,STAR,gri,lam,8.3,2.5,-11.5,2.6,,,12.82,0.433,11.78,0.233,,,12.291,0.04,11.833,0.07,11.708,0.08,,,10.914,0.024,10.676,0.033,10.617,0.024,5911,143,143,4.398,0.05,0.1,-0.076,0.12,0.12,1.061,0.146,0.079,1.05,0.065,0.065,0.857,0.173,0.264,304.5,50.46,29.59,0.029,0.011,0.007,,,
4303,4303,4303,212047732,08 58 36.247,+21 03 28.76,1,12.939,,,556-046739,08583625+2103286,,STAR,gri,rpm,2.6,1.5,-6.6,1.4,,,13.662,0.03,13.057,0.05,,,13.35,0.06,12.911,0.06,12.763,0.08,,,11.943,0.022,11.643,0.02,11.633,0.02,5994,120,144,4.222,0.175,0.315,-0.175,0.16,0.24,1.265,0.632,0.273,1.061,0.096,0.115,0.472,0.397,0.315,573.4,255.4,117.9,0.033,0.009,0.009,,,
4304,4304,4304,212047756,08 53 01.890,+21 03 30.75,1,9.954,,1399-1166-1,556-046546,08530189+2103308,,STAR,gri,rpm,8.1,1.2,0.6,1.2,,,10.523,0.048,10.061,0.042,,,10.453,0.08,10.015,0.15,9.74,0.04,,,8.994,0.021,8.714,0.036,8.646,0.019,6082,182,218,3.915,0.43,0.258,-0.039,0.12,0.21,1.986,1.13,0.897,1.284,0.33,0.236,0.154,0.561,0.099,239.6,118.9,103.3,0.026,0.01,0.008,,,
4305,4305,4305,212047787,08 53 09.210,+21 03 33.02,1,12.843,,,556-046550,08530921+2103331,,STAR,gri,lam,-3.8,1.5,8.5,1.7,,,14.013,0.02,13.079,0.02,,,13.54,0.03,12.788,0.02,12.544,0.03,,,11.453,0.023,10.998,0.025,10.862,0.017,4964,59,59,3.41,0.11,0.11,-0.248,0.12,0.12,3.383,0.617,0.382,1.13,0.142,0.118,0.028,0.011,0.009,1002,202.2,123.3,0.034,0.011,0.007,,,
4306,4306,4306,212047844,08 33 51.033,+21 03 36.15,1,14.603,,,556-045715,08335104+2103361,6597-301-2-0223-0035,STAR,BV,rpm,-3,2.3,-1.1,2.9,,,15.716,0.08,14.762,0.042,,,15.228,0.042,,,,,,,12.862,0.023,12.328,0.021,12.237,0.026,4864,146,117,3.231,1.281,1.098,-0.348,0.3,0.54,3.409,7.351,2.672,0.891,0.215,0.153,0.017,1.075,0.016,1809,3520,1451,0.034,0.008,0.007,,,
4307,4307,4307,212047896,08 59 44.078,+21 03 39.41,1,17.582,,,,08594407+2103394,5038-301-1-0058-0161,EXTENDED,gri,,5,3,9,3,,,,,,,20.48,0.081,18.514,0.01,17.587,0.007,17.183,0.007,16.818,0.016,16.211,0.093,15.624,0.108,15.175,0.123,,,,,,,,,,,,,,,,,,,,,,,,,,,
4308,4308,4308,212047977,08 29 34.819,+21 03 44.50,1,10.694,,1391-1352-1,556-045537,08293480+2103444,,STAR,gri,rpm,-2.4,1.5,-8.6,1.6,,,12.384,0.351,10.964,0.104,,,11.566,0.06,10.673,0.04,10.321,0.06,,,9.048,0.029,8.567,0.017,8.426,0.02,4790,77,77,2.491,0.368,0.115,-0.148,0.16,0.2,10.859,0.585,2.934,1.35,0.542,0.246,0.001,0.002,2.88E-04,965,63.32,224.5,0.034,0.01,0.007,,,
4309,4309,4309,212048028,08 31 55.034,+21 03 48.22,1,12.033,,,556-045630,08315503+2103483,,STAR,gri,rpm,-7.2,1.3,-6.3,1.6,,,13.252,0.04,12.3,0.03,,,12.77,0.04,12.011,0.02,11.717,0.06,,,10.566,0.022,10.06,0.021,9.927,0.02,4913,78,78,2.937,0.474,0.632,-0.393,0.25,0.25,5.433,5.432,2.121,1.035,0.164,0.117,0.005,0.021,0.004,1023,870.9,364.2,0.035,0.01,0.008,,,
4310,4310,4310,212048046,08 35 42.685,+21 03 49.55,1,15,,,556-045814,08354268+2103496,6597-301-2-0225-0142,STAR,gri,rpm,2.9,2.9,-7.1,3.1,,,16.424,0.078,15.376,0.05,,,15.973,0.01,14.992,0.03,14.583,0.03,,,13.547,0.023,12.987,0.033,12.853,0.03,4589,72,90,4.662,0.048,0.03,-0.14,0.2,0.24,0.642,0.043,0.063,0.713,0.045,0.081,2.556,0.654,0.304,453.1,35.77,57.92,0.034,0.011,0.008,,,
4311,4311,4311,212048048,09 10 01.674,+21 03 50.13,1,11.201,,1407-1519-1,556-047132,09100166+2103501,,STAR,gri,rpm,-6.3,1.3,-20.2,1.5,,,11.956,0.147,11.374,0.116,,,11.521,0.06,11.147,0.08,11.064,0.1,,,10.384,0.022,10.158,0.023,10.103,0.02,6274,188,188,4.192,0.125,0.2,-0.042,0.12,0.21,1.427,0.461,0.229,1.218,0.147,0.123,0.399,0.241,0.211,345,105.8,60.02,0.03,0.008,0.007,,,
4312,4312,4312,212048092,08 26 03.853,+21 03 53.14,1,13.647,,,556-045360,08260385+2103532,,STAR,gri,rpm,-4.6,2.5,-14.8,2.9,,,14.589,0.05,13.845,0.01,,,14.186,0.06,13.604,0.03,13.416,0.066,,,12.53,0.024,12.138,0.023,12.072,0.021,5462,109,131,4.513,0.048,0.56,-0.145,0.16,0.32,0.861,0.65,0.07,0.89,0.075,0.063,1.365,0.276,0.78,475.8,468.3,49.78,0.031,0.006,0.007,,,
4313,4313,4313,212048093,08 26 13.919,+21 03 53.16,1,12.436,,,556-045368,08261394+2103534,,STAR,gri,rpm,-208.4,0.5,-168.2,0.5,,,13.26,0.03,12.63,0.01,,,12.926,0.08,12.461,0.01,12.226,0.061,,,11.282,0.024,10.909,0.022,10.832,0.018,4064,628,449,4.917,0.115,0.207,-0.496,0.45,0.63,0.36,0.188,0.106,0.392,0.213,0.152,7.741,6.673,4.499,74.6,60.9,33.53,0.012,0.01,0.006,,,
4314,4314,4314,212048115,09 11 34.952,+21 03 54.22,1,13.858,,,556-047178,09113495+2103542,,STAR,gri,lam,1.1,2.7,-1.4,3,,,15.025,0.03,14.118,0.04,,,14.551,0.03,13.818,0.04,13.561,0.05,,,12.43,0.022,11.959,0.022,11.823,0.021,4933,78,78,3.337,0.162,0.135,-0.244,0.12,0.15,3.605,0.674,0.568,1.114,0.15,0.125,0.023,0.014,0.01,1703,247.8,256.1,0.035,0.011,0.01,,,
4315,4315,4315,212048128,09 02 59.646,+21 03 55.26,1,19.223,,,,09025964+2103552,5071-301-4-0146-0281,STAR,gri,,-18,4,-35,4,,,,,,,23.958,0.748,20.844,0.027,19.437,0.014,18.528,0.01,18.061,0.021,16.687,0.134,16.237,0.172,,,,,,,,,,,,,,,,,,,,,,,,,,,,,
4316,4316,4316,212048132,08 56 14.143,+21 03 55.49,1,18.023,,,,08561414+2103554,5038-301-2-0053-0172,EXTENDED,gri,,3,3,2,3,,,,,,,21.37,0.138,19.15,0.012,18.038,0.008,17.54,0.008,17.162,0.017,16.28,0.106,15.415,0.119,14.988,0.119,,,,,,,,,,,,,,,,,,,,,,,,,,,
4317,4317,4317,212048190,08 50 10.825,+21 03 58.89,1,9.748,,1399-899-1,556-046429,08501083+2103590,,STAR,gri,rpm,-15.4,1.2,-1.8,1.2,,,11.206,0.08,10.062,0.039,,,10.636,0.01,9.894,0.17,9.367,0.05,,,8.122,0.024,7.639,0.031,7.433,0.021,4811,115,115,2.532,0.33,0.165,-0.147,0.2,0.28,10.576,1.042,2.344,1.373,0.591,0.37,0.001,0.002,4.60E-04,624.7,50.25,109.9,0.033,0.01,0.007,,,
4318,4318,4318,212048239,08 51 53.995,+21 04 02.50,1,16.714,,,,08515399+2104025,5038-301-3-0047-0138,STAR,gri,rpm,-70,3,-26,3,,,,,,,20.889,0.063,18.452,0.007,17.051,0.005,15.969,0.005,15.382,0.006,14.083,0.029,13.528,0.03,13.312,0.028,3399,33,33,5.078,0.02,0.042,0.09,0.24,0.06,0.208,0.031,0.007,0.193,0.032,0.009,20.91,1.255,4.301,124.7,16.11,9.121,0.015,0.005,0.005,,,
4319,4319,4319,212048249,09 10 43.042,+21 04 03.01,1,17.225,,,,09104304+2104030,5061-301-3-0160-0116,EXTENDED,gri,,-2,2,17,2,,,,,,,18.361,0.022,17.444,0.006,17.152,0.006,16.971,0.008,16.814,0.026,16.83,0.162,,,,,,,,,,,,,,,,,,,,,,,,,,,,,,,
4320,4320,4320,212048255,08 33 12.675,+21 04 03.49,1,13.545,,,556-045690,08331267+2104034,,STAR,BV,rpm,-19.8,1.8,-7,2,,,14.775,0.04,13.729,0.034,,,14.305,0.035,,,,,,,11.938,0.022,11.424,0.025,11.305,0.024,4949,99,159,4.59,0.035,1.323,-0.05,0.15,0.66,0.755,2.773,0.052,0.829,0.07,0.05,1.832,0.296,1.814,281.9,1042,28.34,0.03,0.01,0.007,,,
4321,4321,4321,212048256,08 34 28.975,+21 04 03.49,1,16.743,,,,08342897+2104034,6597-301-2-0224-0254,EXTENDED,gri,,11,3,3,3,,,,,,,20.142,0.103,18.017,0.009,16.705,0.005,16.197,0.005,15.814,0.011,15.51,0.094,14.658,0.088,14.385,0.078,,,,,,,,,,,,,,,,,,,,,,,,,,,
4322,4322,4322,212048301,08 59 00.900,+21 04 06.20,1,12.525,,,556-046752,08590090+2104062,,STAR,gri,rpm,-25.3,1.1,-15.2,1.5,,,13.208,0.04,12.66,0.03,,,12.87,0.04,12.544,0.03,12.377,0.07,,,11.559,0.022,11.27,0.021,11.217,0.02,6133,98,123,4.31,0.08,0.144,-0.493,0.25,0.25,1.126,0.187,0.109,0.953,0.075,0.075,0.637,0.193,0.241,448,78.36,48.72,0.031,0.009,0.005,,,
4323,4323,4323,212048305,08 55 58.689,+21 04 06.52,1,14.484,,,556-046641,08555868+2104064,5038-301-2-0053-0021,STAR,gri,rpm,-66,2.4,-40.1,5.4,,,15.74,0.05,14.846,0.05,,,15.312,0.04,14.48,0.05,14.129,0.01,,,12.902,0.023,12.39,0.021,12.292,0.02,4745,113,47,4.724,0.045,0.054,-0.906,0.28,0.16,0.547,0.061,0.037,0.589,0.058,0.029,3.484,0.591,0.729,296.9,43.99,26.13,0.029,0.004,0.003,,,
4324,4324,4324,212048344,08 50 23.060,+21 04 08.77,1,14.076,,,556-046437,08502306+2104089,5045-301-3-0145-0083,STAR,gri,lam,-36.2,2.5,5.2,2.6,,,15.176,0.03,14.37,0.04,,,14.733,0.03,14.034,0.01,13.794,0.06,,,12.747,0.022,12.266,0.021,12.179,0.019,5030,151,182,4.591,0.03,0.03,-0.037,0.1,0.12,0.751,0.047,0.037,0.824,0.051,0.051,1.884,0.23,0.243,410.1,45.4,34.36,0.032,0.008,0.007,,,
4325,4325,4325,212048352,08 33 42.744,+21 04 09.10,1,15.572,,,,08334274+2104091,,STAR,JHK,col,,,,,,,,,,,,,,,,,,,,,13.522,0.025,12.944,0.024,12.724,0.023,3623,144,173,4.994,0.084,0.07,-0.06,0.16,0.24,0.277,0.065,0.07,0.288,0.086,0.103,12.34,8.326,3.802,136.9,39.88,41.19,0.02,0.007,0.006,,,
4326,4326,4326,212048381,09 08 47.933,+21 04 11.16,1,13.66,,,556-047090,09084793+2104111,,STAR,gri,rpm,-20.4,3.1,-9,3.6,,,14.787,0.03,13.87,0.09,,,14.375,0.08,13.549,0.07,13.354,0.11,,,12.313,0.026,11.831,0.03,11.796,0.024,5008,180,150,4.589,0.03,0.036,-0.083,0.16,0.28,0.754,0.058,0.054,0.814,0.073,0.073,1.868,0.277,0.285,339.4,47.06,34.81,0.031,0.008,0.006,,,
4327,4327,4327,212048412,09 09 13.075,+21 04 12.65,1,14.391,,,556-047105,09091307+2104127,5071-301-3-0155-0115,STAR,gri,rpm,-4.4,3.1,-5.2,3.5,,,15.185,0.07,14.544,0.04,,,14.84,0.07,14.331,0.07,14.199,0.06,,,13.358,0.024,13.044,0.03,12.99,0.028,5854,172,172,4.401,0.075,0.24,-0.18,0.2,0.28,1.034,0.375,0.125,0.969,0.108,0.09,0.867,0.302,0.492,902.3,343.2,134.3,0.034,0.01,0.007,,,
4328,4328,4328,212048456,08 34 11.399,+21 04 14.80,1,18.315,,,,08341139+2104148,6597-301-2-0223-0392,STAR,gri,rpm,-32,4,-11,4,,,,,,,22.982,0.379,20.546,0.024,19.005,0.011,17.359,0.007,16.443,0.009,15.002,0.032,14.277,0.043,14.088,0.046,3510,105,168,5.118,0.025,0.035,-0.227,0.21,0.15,0.19,0.022,0.014,0.174,0.03,0.018,25.09,3.718,4.697,172.4,25.99,22.59,0.024,0.019,0.005,,,
4329,4329,4329,212048458,08 51 38.721,+21 04 14.92,1,15.304,,,556-046492,08513871+2104149,,STAR,gri,rpm,1.6,2.8,-6.7,2.9,,,16.604,0.02,15.655,0.02,,,16.097,0.04,15.336,0.02,14.964,0.08,,,13.864,0.026,13.393,0.027,13.229,0.032,5000,99,99,4.592,0.04,1.072,-0.223,0.2,0.32,0.753,2.474,0.065,0.807,0.107,0.077,1.889,0.356,1.85,687.3,2161,73.33,0.034,0.011,0.007,,,
4330,4330,4330,212048463,09 10 10.566,+21 04 15.06,1,15.431,,,556-047137,09101056+2104150,5061-301-3-0159-0188,STAR,gri,rpm,-6.1,3.1,-2.5,3.4,,,16.712,0.09,15.686,0.15,,,16.164,0.08,15.341,0.07,15.118,0.06,,,14.012,0.026,13.612,0.026,13.489,0.029,5243,156,156,4.556,0.042,0.049,-0.14,0.2,0.28,0.8,0.086,0.065,0.847,0.061,0.073,1.612,0.304,0.302,815.2,110.5,81.93,0.034,0.01,0.007,,,
4331,4331,4331,212048472,08 34 02.031,+21 04 15.70,1,14.039,,,556-045726,08340202+2104156,,STAR,BV,rpm,-15.6,2.6,-3.3,2.6,,,15.2,0.05,14.208,0.037,,,14.695,0.038,,,,,,,12.441,0.023,11.92,0.024,11.831,0.024,4929,144,144,4.592,0.04,1.424,-0.145,0.2,0.52,0.754,3.449,0.068,0.819,0.117,0.065,1.883,0.381,1.867,354.7,1605,44.34,0.03,0.01,0.007,,,
4332,4332,4332,212048486,09 12 02.618,+21 04 16.74,1,18.765,,,,,5061-301-3-0162-0092,STAR,gri,,0,3,-1,3,,,,,,,19.011,0.02,18.907,0.009,18.718,0.009,18.83,0.012,18.721,0.035,,,,,,,,,,,,,,,,,,,,,,,,,,,,,,,,,
4333,4333,4333,212048503,09 09 56.484,+21 04 17.67,1,13.625,,,556-047125,09095648+2104175,,STAR,gri,lam,-4.1,2.3,-19.2,2.7,,,14.727,0.26,13.862,0.23,,,14.296,0.21,13.578,0.21,13.337,0.19,,,12.17,0.021,11.765,0.023,11.663,0.021,5271,162,162,4.548,0.025,0.045,-0.001,0.1,0.12,0.829,0.054,0.043,0.887,0.046,0.046,1.545,0.204,0.236,370.9,36.54,33.26,0.031,0.007,0.006,,,
4334,4334,4334,212048556,09 00 13.624,+21 04 20.87,1,14.385,,,556-046798,09001362+2104210,,STAR,gri,col,,,,,,,16.959,0.18,15.249,0.01,,,16.09,0.08,14.705,0.04,13.655,0.05,,,11.878,0.022,11.3,0.021,11.075,0.022,3459,68,41,5.049,0.035,0.042,0.067,0.12,0.08,0.229,0.037,0.027,0.221,0.048,0.036,17.31,3.986,3.811,49.72,11.79,8.078,0.009,0.004,0.003,,,
4335,4335,4335,212048616,08 32 38.896,+21 04 24.61,1,18.117,,,,08323889+2104246,,STAR,J,,,,,,,,,,,,,,,,,,,,,,16.571,0.127,,,,,,,,,,,,,,,,,,,,,,,,,,,,,,,
4336,4336,4336,212048634,08 57 40.828,+21 04 25.49,1,15.41,,,556-046700,08574083+2104255,5061-301-6-0141-0147,STAR,gri,rpm,2.9,4.6,4.2,4.9,,,16.439,0.08,15.64,0.11,,,15.995,0.1,15.406,0.06,15.159,0.05,,,14.174,0.029,13.816,0.034,13.662,0.036,5503,220,220,4.512,0.055,0.11,-0.263,0.25,0.35,0.847,0.16,0.087,0.88,0.076,0.092,1.378,0.357,0.468,1018,287.5,155.6,0.034,0.01,0.007,,,
4337,4337,4337,212048748,08 58 52.347,+21 04 33.77,1,12.771,,,556-046745,08585232+2104344,,STAR,gri,rpm,168,8,-317,8,,,15.477,0.08,13.821,0.04,,,14.683,0.05,13.258,0.07,11.952,0.05,,,10.058,0.022,9.433,0.023,9.19,0.018,3713,129,107,4.964,0.035,0.049,-0.037,0.18,0.21,0.31,0.043,0.027,0.332,0.054,0.039,10.83,2.041,2.325,32.44,10.62,9.346,0.005,0.002,0.002,,,
4338,4338,4338,212048816,08 31 30.175,+21 04 37.66,1,14.066,,,556-045616,08313017+2104377,,STAR,gri,rpm,-7.3,2.6,-1,2.1,,,15.194,0.03,14.312,0.06,,,14.704,0.08,14.047,0.01,13.792,0.069,,,12.746,0.023,12.261,0.021,12.219,0.021,5068,100,100,3.327,1.056,0.48,-0.606,0.36,0.3,3.227,2.191,2.297,0.915,0.119,0.066,0.022,0.812,0.018,1649,1132,1179,0.033,0.007,0.006,,,
4339,4339,4339,212048920,08 57 23.683,+21 04 44.66,1,17.214,,,,08572368+2104446,5038-301-2-0055-0200,EXTENDED,gri,,-2,3,-5,3,,,,,,,19.153,0.04,17.909,0.007,17.258,0.006,16.916,0.006,16.691,0.016,16.327,0.112,15.526,0.113,15.411,0.168,,,,,,,,,,,,,,,,,,,,,,,,,,,
4340,4340,4340,212048931,08 57 33.262,+21 04 45.38,1,12.957,,,556-046693,08573326+2104455,,STAR,gri,lam,-14.3,1.4,-11.9,1.7,,,13.887,0.02,13.113,0.06,,,13.498,0.05,12.911,0.07,12.725,0.05,,,11.829,0.022,11.447,0.023,11.373,0.018,5449,163,195,4.562,0.032,0.048,-0.492,0.18,0.12,0.768,0.078,0.051,0.787,0.085,0.038,1.72,0.301,0.302,298.2,43.24,27.49,0.03,0.005,0.009,,,
4341,4341,4341,212048955,09 06 09.450,+21 04 46.73,1,13.67,,,556-047007,09060943+2104467,,STAR,gri,lam,-57.6,3.7,27.7,3.4,,,15.225,0.04,14.07,0.06,,,14.703,0.03,13.614,0.07,13.227,0.06,,,12,0.024,11.383,0.032,11.27,0.025,4398,131,131,4.723,0.054,0.045,-0.22,0.15,0.18,0.56,0.048,0.053,0.627,0.049,0.069,3.398,0.841,0.572,182,26.48,27.38,0.024,0.005,0.005,,,
4342,4342,4342,212048986,08 59 04.700,+21 04 48.67,1,17.3,,,,08590470+2104486,5071-301-5-0141-0327,EXTENDED,gri,,2,3,-1,3,,,,,,,20.046,0.071,18.314,0.009,17.291,0.006,16.866,0.006,16.499,0.013,16.041,0.093,15.398,0.09,14.914,0.112,,,,,,,,,,,,,,,,,,,,,,,,,,,
4343,4343,4343,212048998,08 51 22.594,+21 04 49.38,1,8.936,43479,1399-858-1,556-046478,08512258+2104496,,STAR,gri,plx,-17.16,1.8,-18.25,1.95,7.97,1.65,8.889,0.02,8.513,0.016,,,9.777,0.07,9.222,0.25,8.575,0.14,,,7.81,0.027,7.657,0.031,7.636,0.02,6594,321,267,4.134,0.11,0.154,0.003,0.12,0.15,1.614,0.414,0.215,1.403,0.138,0.115,0.308,0.142,0.14,125.5,25.98,25.98,0.019,0.006,0.005,,,
4344,4344,4344,212048999,08 51 30.738,+21 04 49.43,1,15.029,,,556-046487,08513073+2104494,,STAR,gri,rpm,-22.8,2.7,-16.4,2.9,,,17.22,0.105,15.838,0.061,,,16.642,0.02,15.206,0.13,14.338,0.077,,,12.589,0.022,11.87,0.021,11.696,0.021,4000,80,64,4.811,0.03,0.036,0.073,0.1,0.14,0.471,0.038,0.025,0.539,0.04,0.029,4.892,0.648,0.66,180.4,16.68,17.68,0.025,0.003,0.004,,,
4345,4345,4345,212049041,08 53 52.293,+21 04 51.64,1,17.409,,,,,5071-301-6-0133-0407,EXTENDED,gri,,-9,3,-2,3,,,,,,,19.132,0.064,17.912,0.01,17.42,0.011,17.193,0.014,17.004,0.032,,,,,,,,,,,,,,,,,,,,,,,,,,,,,,,,,
4346,4346,4346,212049044,08 55 41.455,+21 04 51.94,1,19.554,,,,,5038-301-2-0052-0219,STAR,gri,,-6,5,-27,5,,,,,,,20.001,0.036,19.603,0.013,19.538,0.015,19.552,0.02,19.759,0.078,,,,,,,,,,,,,,,,,,,,,,,,,,,,,,,,,
4347,4347,4347,212049061,08 57 10.139,+21 04 52.95,1,13.155,,,556-046685,08571013+2104528,,STAR,gri,lam,-32.3,1.8,17.2,2.5,,,14.426,0.04,13.446,0.06,,,13.965,0.05,13.105,0.06,12.809,0.05,,,11.645,0.022,11.118,0.021,11.01,0.02,4892,145,145,4.64,0.02,0.028,-0.38,0.15,0.15,0.667,0.04,0.027,0.705,0.055,0.034,2.361,0.24,0.252,210.2,23.92,18.06,0.024,0.007,0.006,,,
4348,4348,4348,212049085,09 04 10.595,+21 04 54.23,1,14.858,,,556-046939,09041059+2104542,5071-301-4-0148-0152,STAR,gri,rpm,-2.8,4.6,-4.6,5,,,15.614,0.04,15.066,0.05,,,15.279,0.06,14.912,0.02,14.677,0.08,,,13.806,0.027,13.422,0.03,13.346,0.031,5832,167,201,4.392,0.12,0.54,-0.473,0.3,0.48,0.989,0.868,0.159,0.882,0.098,0.082,0.924,0.443,0.783,1048,836.6,198.2,0.034,0.008,0.007,,,
4349,4349,4349,212049102,08 50 47.389,+21 04 55.66,1,17.326,,,,08504738+2104556,,STAR,J,col,,,,,,,,,,,,,,,,,,,,,15.842,0.072,15.06,0.081,14.428,0.074,3462,321,1348,5.054,0.26,0.13,-0.099,0.18,0.24,0.213,0.118,0.108,0.186,0.181,0.103,20.3,56.18,11.92,296.3,231.8,237.6,0.026,0.01,0.016,,,
4350,4350,4350,212049105,08 35 24.488,+21 04 55.76,1,18.006,,,,08352448+2104557,6597-301-2-0225-0264,EXTENDED,gri,,3,3,0,3,,,,,,,20.897,0.1,18.999,0.011,17.994,0.008,17.581,0.008,17.231,0.018,16.391,0.098,15.544,0.12,15.468,0.146,,,,,,,,,,,,,,,,,,,,,,,,,,,
4351,4351,4351,212049106,08 26 05.405,+21 04 55.77,1,14.066,,,556-045361,08260540+2104558,,STAR,gri,rpm,-27.9,4.4,1.5,4.9,,,15.721,0.07,14.516,0.04,,,15.183,0.03,14.06,0.02,13.587,0.067,,,12.286,0.024,11.708,0.022,11.568,0.018,4346,103,85,4.715,0.03,0.036,-0.003,0.2,0.24,0.583,0.045,0.042,0.658,0.045,0.055,3.186,0.472,0.487,211.5,26.03,15.75,0.025,0.006,0.005,,,
4352,4352,4352,212049127,08 27 06.014,+21 04 57.14,1,12.755,,,556-045411,08270601+2104572,,STAR,gri,rpm,1.9,1.8,-6.4,2.3,,,13.546,0.02,12.901,0.01,,,13.204,0.06,12.721,0.02,12.562,0.062,,,11.662,0.022,11.394,0.022,11.29,0.023,5970,143,119,4.145,0.252,0.21,0.011,0.15,0.21,1.352,0.521,0.322,1.126,0.136,0.097,0.362,0.421,0.195,575.4,169.3,153.1,0.034,0.011,0.007,,,
4353,4353,4353,212049143,08 27 22.893,+21 04 57.97,1,17.1,,,,08272289+2104579,,STAR,J,,,,,,,,,,,,,,,,,,,,,,15.631,0.06,15.035,0.081,,,,,,,,,,,,,,,,,,,,,,,,,,,,,
4354,4354,4354,212049149,09 05 07.216,+21 04 58.53,1,18.776,,,,09050721+2104585,,STAR,JHK,col,,,,,,,,,,,,,,,,,,,,,16.352,0.122,15.573,0.118,15.324,0.152,3964,437,364,4.896,0.15,0.15,-0.254,0.25,0.35,0.377,0.149,0.141,0.412,0.163,0.196,7.032,8.857,3.467,766.9,462.6,331.6,0.032,0.01,0.007,,,
4355,4355,4355,212049168,08 35 30.967,+21 05 00.16,1,14.527,,,556-045806,08353096+2105001,6597-301-2-0225-0102,STAR,gri,rpm,-25.2,2.7,7,4.1,,,15.693,0.08,14.824,0.04,,,15.218,0.01,14.502,0.02,14.231,0.05,,,13.268,0.025,12.835,0.027,12.763,0.025,5135,83,83,4.591,0.03,0.03,-0.246,0.2,0.28,0.739,0.057,0.053,0.795,0.068,0.082,1.891,0.31,0.225,528.2,41.7,53.31,0.035,0.01,0.008,,,
4356,4356,4356,212049222,08 33 30.381,+21 05 03.98,1,15.911,,,,08333038+2105039,6728-301-2-0129-0216,EXTENDED,gri,,1,2,-1,2,,,,,,,18.858,0.032,16.808,0.004,15.938,0.003,15.526,0.003,15.175,0.005,14.758,0.062,13.976,0.068,13.903,0.063,,,,,,,,,,,,,,,,,,,,,,,,,,,
4357,4357,4357,212049237,08 34 15.667,+21 05 05.23,1,18.729,,,,08341566+2105052,,STAR,JHK,rpm,8,3,10,2,,,,,,,,,,,,,,,,,16.185,0.104,15.625,0.14,15.19,0.121,3838,477,298,4.919,0.11,0.154,-0.185,0.2,0.36,0.35,0.151,0.106,0.376,0.175,0.146,8.486,7.135,4.406,612.2,451.7,225.9,0.033,0.008,0.007,,,
4358,4358,4358,212049279,08 27 47.688,+21 05 08.09,1,12.009,,,556-045452,08274768+2105079,,STAR,gri,rpm,-5,0.8,-1.7,0.6,,,13.205,0.042,12.275,0.01,,,12.739,0.06,11.998,0.03,11.697,0.06,,,10.559,0.022,10.037,0.022,9.94,0.018,4887,98,98,2.585,0.598,0.276,-0.463,0.3,0.3,8.074,3.149,3.895,1.043,0.192,0.12,0.002,0.012,0.001,1488,596.5,685.9,0.033,0.011,0.007,,,
4359,4359,4359,212049348,08 35 37.068,+21 05 12.62,1,12.658,,,556-045809,08353707+2105125,,STAR,gri,rpm,-58.8,1.6,-10.7,1.3,,,13.705,0.05,12.864,0.01,,,13.271,0.04,12.623,0.03,12.395,0.07,,,11.553,0.023,11.139,0.023,11.101,0.02,5287,84,84,4.57,0.02,0.048,-0.272,0.12,0.18,0.768,0.093,0.039,0.809,0.093,0.058,1.759,0.148,0.355,249.3,65.12,33.66,0.027,0.005,0.004,,,
4360,4360,4360,212049371,08 26 17.205,+21 05 14.07,1,19.455,,,,,4508-301-2-0091-0295,STAR,gri,,-1,3,1,3,,,,,,,19.993,0.038,19.537,0.013,19.427,0.014,19.344,0.016,19.225,0.041,,,,,,,,,,,,,,,,,,,,,,,,,,,,,,,,,
4361,4361,4361,212049373,09 08 05.962,+21 05 14.22,1,12.5,,,556-047068,09080596+2105142,,STAR,gri,rpm,-47.9,2.8,6.5,3.8,,,13.828,0.04,12.789,0.08,,,13.362,0.04,12.411,0.08,12.131,0.1,,,11.04,0.023,10.559,0.033,10.46,0.02,4826,117,78,4.601,0.048,0.02,-0.016,0.18,0.15,0.729,0.035,0.05,0.787,0.039,0.047,1.994,0.392,0.159,172.4,15.33,19.38,0.025,0.01,0.008,,,
4362,4362,4362,212049444,08 56 13.619,+21 05 18.97,1,16.45,,,,,5038-301-2-0053-0182,EXTENDED,gri,,3,3,3,3,,,,,,,18.395,0.034,17.13,0.006,16.505,0.006,16.159,0.006,15.96,0.017,,,,,,,,,,,,,,,,,,,,,,,,,,,,,,,,,
4363,4363,4363,212049457,08 26 24.657,+21 05 19.87,1,13.939,,,556-045375,08262465+2105199,,STAR,JHK,col,,,,,,,,,,,,,,,,,,,,,12.572,0.021,12.112,0.026,12.039,0.02,5113,154,123,4.548,0.055,1.166,-0.306,0.3,0.48,0.804,2.471,0.087,0.865,0.124,0.103,1.572,0.407,1.546,431.7,1240,75.91,0.031,0.008,0.007,,,
4364,4364,4364,212049471,08 54 13.508,+21 05 20.99,1,11.535,,1400-1501-1,556-046584,08541350+2105210,,STAR,gri,lam,1.1,1.9,-0.8,2,,,12.707,0.355,11.701,0.203,,,12.407,0.01,11.491,0.04,11.161,0.03,,,9.925,0.023,9.331,0.021,9.18,0.017,4748,140,112,2.383,0.085,0.136,-0.498,0.15,0.15,10.658,1.715,1.246,1.009,0.133,0.08,7.90E-04,2.76E-04,2.70E-04,1430,184.8,137.7,0.034,0.01,0.007,,,
4365,4365,4365,212049486,08 29 56.144,+21 05 21.78,1,10.878,,1391-1347-1,556-045558,08295614+2105218,,STAR,gri,rpm,-9.4,1.3,-12,1.3,,,11.307,0.083,10.84,0.079,,,11.248,0.08,10.874,0.05,10.72,0.06,,,9.942,0.022,9.714,0.022,9.641,0.02,6262,152,152,4.086,0.23,0.276,-0.021,0.12,0.18,1.655,0.689,0.417,1.286,0.245,0.136,0.249,0.309,0.155,313.5,131.8,79.48,0.031,0.008,0.007,,,
4366,4366,4366,212049526,09 04 17.981,+21 05 24.23,1,17.485,,,,09041798+2105242,,STAR,J,col,,,,,,,,,,,,,,,,,,,,,15.99,0.07,15.466,0.098,14.877,0.09,3595,303,252,5.038,0.105,0.126,-0.088,0.16,0.28,0.233,0.12,0.068,0.238,0.141,0.088,15.14,12.09,6.723,365.9,211.4,134,0.03,0.008,0.007,,,
4367,4367,4367,212049587,08 31 36.698,+21 05 28.19,1,13.38,,,556-045621,08313669+2105283,,STAR,gri,rpm,-9.5,1.7,2.4,2,,,14.485,0.01,13.617,0.034,,,14.016,0.03,13.369,0.01,13.108,0.064,,,12.035,0.023,11.63,0.023,11.496,0.02,5271,127,127,3.997,0.575,0.92,-0.309,0.35,0.56,1.818,1.9,1.093,0.902,0.18,0.045,0.16,1.279,0.148,759.8,721,437.6,0.035,0.006,0.006,,,
4368,4368,4368,212049626,08 31 14.645,+21 05 30.58,1,15.942,,,556-045606,08311464+2105305,6597-301-3-0219-0061,EXTENDED,JHK,,-3.5,2.9,0.2,3.2,,,,,,,,,,,,,,,,,14.615,0.033,14.165,0.047,14.108,0.06,,,,,,,,,,,,,,,,,,,,,,,,,,,
4369,4369,4369,212049673,08 53 32.203,+21 05 33.58,1,15.966,,,,08533220+2105335,5045-301-2-0149-0362,EXTENDED,gri,,1,3,3,3,,,,,,,18.15,0.021,16.739,0.004,16.052,0.003,15.635,0.003,15.38,0.007,15.161,0.078,14.371,0.089,13.699,0.057,,,,,,,,,,,,,,,,,,,,,,,,,,,
4370,4370,4370,212049680,09 11 03.316,+21 05 33.93,1,13.751,,,556-047161,09110331+2105340,,STAR,gri,rpm,-3.5,2.3,-7.6,2.5,,,14.632,0.02,13.947,0.05,,,14.244,0.03,13.711,0.05,13.54,0.07,,,12.582,0.021,12.233,0.022,12.16,0.02,5658,136,113,4.449,0.055,0.528,-0.116,0.16,0.28,0.957,0.862,0.086,0.968,0.085,0.085,1.038,0.269,0.881,567.5,513.9,68.66,0.033,0.01,0.006,,,
4371,4371,4371,212049697,08 51 43.804,+21 05 34.94,1,11.207,,,556-046494,08514380+2105349,,STAR,gri,lam,-6,1.7,-5.1,1.3,,,12.494,0.01,11.487,0.02,,,11.997,0.02,11.16,0.03,10.869,0.03,,,9.685,0.022,9.187,0.023,9.064,0.019,4858,77,77,3.178,0.14,0.168,-0.18,0.12,0.12,4.572,0.874,0.734,1.18,0.181,0.129,0.011,0.007,0.004,591.8,106.7,90.41,0.032,0.008,0.007,,,
4372,4372,4372,212049706,08 51 10.604,+21 05 35.38,1,13.921,,,556-046467,08511059+2105352,,STAR,gri,rpm,-10.9,2.5,2.1,2.3,,,15.781,0.03,14.46,0.01,,,15.193,0.02,13.932,0.03,13.375,0.02,,,11.966,0.023,11.333,0.025,11.164,0.018,4058,40,40,4.846,0.02,0.042,-0.18,0.18,0.12,0.44,0.049,0.019,0.499,0.057,0.028,5.752,0.483,1.087,130,12.41,6.42,0.019,0.001,0.001,,,
4373,4373,4373,212049711,08 50 43.430,+21 05 35.62,1,15.889,,,556-046450,08504342+2105358,5045-301-3-0145-0142,STAR,BV,lam,3.9,2.8,-0.6,2.9,,,16.707,0.07,16.027,0.066,,,,,,,,,,,14.052,0.026,13.65,0.029,13.441,0.031,5080,152,152,4.571,0.03,0.03,-0.013,0.12,0.12,0.784,0.049,0.039,0.84,0.043,0.043,1.702,0.208,0.22,796.5,72.84,66.73,0.033,0.01,0.007,,,
4374,4374,4374,212049733,08 33 12.640,+21 05 37.33,1,18.176,,,,08331263+2105373,,STAR,JHK,rpm,36,5,26,6,,,,,,,,,,,,,,,,,16.217,0.093,15.635,0.116,15.446,0.175,3579,493,422,5.08,0.095,0.114,-0.263,0.25,0.45,0.206,0.091,0.054,0.195,0.145,0.066,18.76,12.74,8.686,336.5,251.5,125.2,0.03,0.008,0.008,,,
4375,4375,4375,212049771,08 52 30.535,+21 05 39.66,1,12.379,,1399-1073-1,556-046520,08523054+2105395,,STAR,gri,rpm,-14,2.4,-5.9,2.4,,,12.247,0.215,12.038,0.234,,,12.682,0.03,12.329,0.02,12.25,0.04,,,11.487,0.022,11.229,0.021,11.167,0.02,6194,99,99,4.2,0.144,0.168,-0.215,0.2,0.28,1.321,0.401,0.202,1.112,0.139,0.139,0.44,0.249,0.225,518.6,146.1,84.25,0.032,0.007,0.008,,,
4376,4376,4376,212049781,08 54 28.789,+21 05 40.47,1,12.958,,,556-046592,08542879+2105405,,STAR,gri,rpm,-7.6,1.2,-5.4,2.4,,,13.583,0.01,13.025,0.01,,,13.323,0.02,12.897,0.01,12.802,0.02,,,12.017,0.023,11.707,0.021,11.701,0.018,5998,96,96,4.223,0.175,0.28,-0.16,0.18,0.24,1.254,0.508,0.216,1.068,0.107,0.128,0.469,0.385,0.289,602.5,227.7,109.4,0.032,0.01,0.006,,,
4377,4377,4377,212049793,09 04 35.572,+21 05 41.35,1,12.91,,,556-046952,09043555+2105415,,STAR,gri,rpm,1.9,2,-4.2,2.2,,,13.643,0.05,13.039,0.05,,,13.299,0.04,12.868,0.07,12.743,0.08,,,11.919,0.023,11.57,0.021,11.532,0.019,5827,142,142,4.202,0.22,0.352,-0.247,0.25,0.4,1.268,0.779,0.328,0.992,0.167,0.104,0.432,0.705,0.313,567,303.1,170.2,0.033,0.011,0.008,,,
4378,4378,4378,212049835,08 55 55.407,+21 05 44.20,1,12.196,,1400-1926-1,556-046638,08555540+2105442,,STAR,gri,rpm,-20.3,1.8,-4.7,1.9,,,12.19,0.218,12.007,0.24,,,12.738,0.04,12.141,0.04,11.964,0.03,,,11.039,0.022,10.686,0.021,10.608,0.018,5555,133,166,4.489,0.042,0.651,-0.057,0.15,0.24,0.922,1.11,0.064,0.976,0.087,0.062,1.209,0.195,1.085,264.5,297.8,22.71,0.029,0.011,0.009,,,
4379,4379,4379,212049856,08 34 40.379,+21 05 45.59,1,13.917,,,556-045765,08344037+2105455,,STAR,JHK,rpm,-20.3,2.5,-26.9,2,,,,,,,,,,,,,,,,,11.89,0.021,11.283,0.023,11.099,0.02,3819,106,60,4.885,0.072,0.032,-0.009,0.15,0.27,0.394,0.039,0.055,0.434,0.049,0.078,6.998,2.552,1.31,99.51,16.07,16.36,0.015,0.004,0.004,,,
4380,4380,4380,212049905,09 02 45.890,+21 05 48.98,1,13.321,,,556-046903,09024589+2105490,,STAR,gri,lam,5.5,1.7,-4.3,2.2,,,14.38,0.05,13.548,0.04,,,13.947,0.04,13.325,0.04,13.053,0.06,,,11.977,0.022,11.517,0.021,11.404,0.019,5004,80,60,3.279,0.14,0.1,-0.527,0.15,0.15,3.749,0.467,0.493,0.992,0.116,0.072,0.017,0.011,0.005,1424,170.9,199.7,0.033,0.008,0.007,,,
4381,4381,4381,212049908,08 34 59.631,+21 05 49.15,1,10.943,42106,1398-850-1,556-045784,08345963+2105492,,STAR,BV,plx,-27.16,3.29,-18.51,2,6.38,2.85,11.488,0.091,11.006,0.094,,,11.516,0.03,,,,,,,10.012,0.027,9.761,0.027,9.684,0.02,6137,221,184,4.244,0.13,0.234,-0.078,0.15,0.3,1.274,0.456,0.222,1.112,0.192,0.16,0.479,0.298,0.278,156.7,70.02,70.02,0.027,0.008,0.007,,,
4382,4382,4382,212049938,08 28 29.679,+21 05 50.44,1,12.876,,,556-045485,08282967+2105503,,STAR,gri,rpm,-3.9,1.4,-10.3,3.7,,,13.634,0.02,13.026,0.032,,,13.3,0.05,12.858,0.01,12.694,0.062,,,11.865,0.02,11.546,0.02,11.489,0.02,5909,117,117,4.279,0.15,0.36,-0.165,0.16,0.24,1.184,0.583,0.253,1.038,0.1,0.1,0.575,0.401,0.395,535.6,238.6,129.3,0.033,0.008,0.006,,,
4383,4383,4383,212049990,08 26 25.078,+21 05 53.48,1,12.762,,,556-045376,08262507+2105535,,STAR,gri,rpm,-3.2,3.3,-8.4,7.4,,,13.472,0.02,12.882,0.031,,,13.163,0.07,12.726,0.01,12.59,0.062,,,11.706,0.022,11.394,0.022,11.32,0.018,5914,141,141,4.271,0.16,0.32,-0.121,0.16,0.28,1.192,0.553,0.227,1.051,0.122,0.087,0.532,0.403,0.36,494.8,236.4,107.2,0.033,0.008,0.007,,,
4384,4384,4384,212049996,09 09 08.840,+21 05 53.60,1,14.731,,,556-047101,09090884+2105536,,STAR,gri,rpm,2.9,4.6,-3.3,5,,,15.812,0.05,14.909,0.06,,,15.33,0.06,14.677,0.09,14.475,0.1,,,13.551,0.026,13.177,0.033,13.046,0.03,5458,216,173,4.513,0.05,0.13,-0.18,0.2,0.32,0.873,0.253,0.104,0.898,0.077,0.093,1.335,0.346,0.567,762.5,247.3,99.91,0.035,0.01,0.007,,,
4385,4385,4385,212049997,08 35 23.939,+21 05 53.69,1,13.114,,,556-045804,08352393+2105536,,STAR,gri,rpm,0.4,1.7,-0.7,1.7,,,14.409,0.01,13.387,0.02,,,13.885,0.04,13.088,0.02,12.784,0.06,,,11.746,0.021,11.253,0.025,11.169,0.021,4918,59,78,3.155,0.33,0.594,-0.303,0.24,0.32,4.628,3.716,1.426,1.154,0.151,0.211,0.01,0.02,0.008,1569,1118,447.9,0.036,0.008,0.008,,,
4386,4386,4386,212050004,09 10 16.435,+21 05 54.18,1,16.496,,,556-047144,09101643+2105540,5061-301-3-0159-0210,STAR,BV,,-33.2,3.8,8.6,4.3,,,16.381,0.01,16.378,0.05,,,16.258,0.01,,,,,,,16.364,0.1,,,,,,,,,,,,,,,,,,,,,,,,,,,,,,,
4387,4387,4387,212050006,09 06 30.821,+21 05 54.28,1,13.502,,,556-047016,09063080+2105542,,STAR,gri,lam,41.5,2.1,-85.4,6.2,,,15.17,0.05,13.973,0.07,,,14.648,0.06,13.472,0.08,13.01,0.08,,,11.727,0.023,11.082,0.027,10.97,0.02,4281,129,129,4.762,0.048,0.048,-0.229,0.12,0.15,0.52,0.054,0.057,0.577,0.053,0.053,3.912,0.968,0.658,144.9,17.31,21.18,0.02,0.005,0.005,,,
4388,4388,4388,212050016,09 09 11.177,+21 05 55.46,1,11.679,,,556-047103,09091117+2105555,,STAR,gri,lam,-15.7,2.6,-3.6,3.4,,,12.988,0.04,11.963,0.07,,,12.527,0.06,11.607,0.08,11.315,0.09,,,10.288,0.024,9.729,0.03,9.654,0.018,4795,143,143,4.626,0.03,0.03,-0.026,0.09,0.12,0.698,0.041,0.039,0.773,0.047,0.047,2.174,0.265,0.236,116,12.84,11.56,0.018,0.005,0.004,,,
4389,4389,4389,212050045,08 34 34.883,+21 05 57.69,1,12.595,,1398-1404-1,556-045759,08343487+2105578,,STAR,BV,rpm,-0.7,2.3,-8.4,2.4,,,12.226,0.19,12.407,0.29,,,12.371,0.03,,,,,,,10.235,0.021,9.703,0.025,9.621,0.019,4829,116,116,2.611,0.564,0.282,-0.325,0.25,0.35,8.376,2.717,3.861,1.086,0.218,0.182,0.002,0.009,0.001,1329,452.2,589.2,0.033,0.008,0.007,,,
4390,4390,4390,212050059,08 53 31.599,+21 05 58.73,1,17.033,,,,08533159+2105587,5045-301-2-0149-0367,EXTENDED,gri,,-3,3,-9,3,,,,,,,19.125,0.041,17.79,0.007,17.132,0.006,16.708,0.006,16.465,0.016,16.33,0.123,15.53,0.13,15.122,0.14,,,,,,,,,,,,,,,,,,,,,,,,,,,
4391,4391,4391,212050065,08 59 40.090,+21 05 58.98,1,15.703,,,,08594008+2105589,,STAR,JHK,col,,,,,,,,,,,,,,,,,,,,,13.578,0.023,13.051,0.026,12.758,0.026,3449,131,157,5.077,0.065,0.065,-0.012,0.15,0.15,0.21,0.057,0.045,0.198,0.066,0.056,19.69,10.11,6.681,97.58,35.76,26.17,0.015,0.005,0.005,,,
4392,4392,4392,212050125,08 27 08.017,+21 06 03.29,1,12.816,,,556-045412,08270801+2106033,,STAR,gri,rpm,-15.7,2.5,-5.6,3.6,,,13.459,0.02,12.94,0.01,,,13.174,0.05,12.8,0.01,12.662,0.062,,,11.852,0.021,11.652,0.022,11.543,0.021,6270,128,153,4.198,0.1,0.12,-0.099,0.12,0.18,1.37,0.279,0.196,1.192,0.095,0.142,0.417,0.186,0.149,655.8,121.8,102.7,0.033,0.01,0.008,,,
4393,4393,4393,212050139,08 52 43.052,+21 06 03.78,1,14.163,,,556-046531,08524305+2106036,,STAR,gri,rpm,-1.8,2.6,22.6,2.8,,,15.135,0.02,14.377,0.02,,,14.745,0.03,14.152,0.03,13.914,0.04,,,12.981,0.025,12.513,0.024,12.445,0.018,5276,84,106,4.575,0.042,0.784,-0.496,0.3,0.36,0.753,1.201,0.073,0.782,0.104,0.074,1.796,0.383,1.684,483.1,782.4,51.75,0.035,0.007,0.01,,,
4394,4394,4394,212050146,08 50 10.836,+21 06 04.36,1,16.405,,,,08501083+2106043,5045-301-3-0145-0196,STAR,gri,rpm,-32,3,-12,3,,,,,,,20.82,0.068,18.097,0.006,16.678,0.004,15.68,0.004,15.148,0.005,13.895,0.03,13.236,0.036,13.046,0.032,3489,34,34,5.032,0.02,0.024,0.112,0.06,0.1,0.245,0.015,0.007,0.237,0.019,0.014,16.08,0.965,1.749,136.3,6.423,4.088,0.016,0.005,0.002,,,
4395,4395,4395,212050175,08 28 55.605,+21 06 06.93,1,10.296,,1391-1164-1,556-045504,08285560+2106068,,STAR,gri,rpm,-17.6,1.4,-9.3,1.4,,,11.004,0.066,10.534,0.064,,,10.728,0.13,10.351,0.13,10.111,0.06,,,9.423,0.023,9.172,0.026,9.092,0.021,6147,183,146,4.03,0.288,0.24,-0.028,0.12,0.21,1.664,0.66,0.472,1.26,0.225,0.161,0.24,0.363,0.144,237.2,111.1,64.97,0.026,0.008,0.007,,,
4396,4396,4396,212050182,08 58 14.150,+21 06 07.42,1,10.789,,1400-1949-1,556-046723,08581415+2106075,,STAR,gri,rpm,-2.2,1.3,-5.7,1.4,,,11.587,0.123,10.574,0.074,,,11.566,0.05,10.762,0.07,10.456,0.07,,,9.342,0.021,8.836,0.018,8.715,0.018,4833,97,97,2.45,0.434,0.084,-0.308,0.24,0.2,10.797,0.587,3.265,1.193,0.439,0.183,9.46E-04,0.003,1.77E-04,1101,70.64,323.8,0.034,0.008,0.007,,,
4397,4397,4397,212050185,08 29 50.321,+21 06 07.62,1,11.942,,,556-045547,08295031+2106076,,STAR,gri,rpm,-6.6,1.5,-1.5,0.7,,,13.118,0.04,12.199,0.02,,,12.645,0.06,11.928,0.01,11.64,0.06,,,10.502,0.022,10.012,0.021,9.926,0.02,4959,80,60,2.745,0.574,0.41,-0.484,0.3,0.25,6.664,3.849,3.144,1.019,0.193,0.081,0.003,0.021,0.002,1284,668.3,627.2,0.034,0.011,0.008,,,
4398,4398,4398,212050276,08 35 11.430,+21 06 13.47,1,18.635,,,,,6597-301-2-0225-0225,STAR,gri,,3,3,-1,3,,,,,,,19.476,0.028,19.149,0.01,18.664,0.01,18.415,0.01,18.228,0.025,,,,,,,,,,,,,,,,,,,,,,,,,,,,,,,,,
4399,4399,4399,212050303,08 33 05.268,+21 06 15.27,1,17.335,,,,08330526+2106152,6728-301-2-0128-0320,STAR,gri,col,,,,,,,,,,,22.436,0.258,19.552,0.013,18.042,0.007,16.385,0.005,15.475,0.005,14.03,0.025,13.441,0.023,13.217,0.028,3471,129,129,5.111,0.03,0.036,-0.18,0.24,0.2,0.19,0.023,0.018,0.175,0.024,0.02,24.53,4.291,4.315,110.8,18.13,13.49,0.018,0.006,0.004,,,
4400,4400,4400,212050314,08 55 19.353,+21 06 15.81,1,12.708,,,556-046615,08551933+2106157,,STAR,gri,lam,7.5,1,-5.5,2.4,,,13.434,0.02,12.825,0.03,,,13.097,0.06,12.671,0.04,12.542,0.03,,,11.717,0.022,11.457,0.023,11.396,0.018,5939,142,142,4.378,0.07,0.112,-0.138,0.12,0.12,1.064,0.169,0.094,1.024,0.068,0.081,0.779,0.225,0.26,439.9,78.61,48.74,0.033,0.008,0.007,,,
4401,4401,4401,212050356,08 54 55.266,+21 06 18.44,1,13.101,,,556-046605,08545525+2106184,,STAR,gri,rpm,-6.9,1.7,-8.4,1.7,,,14.332,0.02,13.311,0.032,,,13.857,0.01,13.028,0.04,12.778,0.05,,,11.573,0.02,11.014,0.02,10.948,0.019,4831,58,77,3.074,0.534,0.623,-0.258,0.25,0.3,4.715,4.356,2.024,0.989,0.254,0.076,0.01,0.034,0.009,1405,1077,609.7,0.034,0.01,0.007,,,
4402,4402,4402,212050375,08 51 57.260,+21 06 19.76,1,17.24,,,,08515726+2106197,5038-301-3-0047-0165,EXTENDED,gri,,-2,3,-5,3,,,,,,,19.353,0.039,18.005,0.007,17.323,0.006,16.912,0.006,16.597,0.016,16.351,0.119,15.392,0.117,14.742,0.105,,,,,,,,,,,,,,,,,,,,,,,,,,,
4403,4403,4403,212050397,09 08 40.808,+21 06 21.31,1,19.388,,,,,5071-301-3-0155-0239,STAR,gri,,-53,5,-36,5,,,,,,,23.544,0.525,20.772,0.027,19.333,0.013,18.795,0.012,18.449,0.027,,,,,,,,,,,,,,,,,,,,,,,,,,,,,,,,,
4404,4404,4404,212050413,08 28 24.781,+21 06 22.10,1,18.175,,,,08282478+2106220,,STAR,J,col,,,,,,,,,,,,,,,,,,,,,16.623,0.165,15.843,0.181,15.346,0.158,3794,491,351,4.953,0.125,0.175,-0.254,0.25,0.35,0.324,0.181,0.116,0.347,0.196,0.163,9.718,10.59,5.704,721.1,555.3,313.7,0.032,0.01,0.007,,,
4405,4405,4405,212050419,09 08 06.444,+21 06 22.52,1,12.298,,,556-047069,09080643+2106225,,STAR,gri,rpm,-0.8,2.4,-8.5,3,,,13.768,0.08,12.617,0.11,,,13.241,0.09,12.233,0.11,11.893,0.14,,,10.73,0.024,10.093,0.029,9.976,0.018,4543,108,90,2.393,0.348,0.638,-0.273,0.35,0.56,10.753,9.105,3.609,1.005,0.255,0.128,7.80E-04,0.002,6.89E-04,1978,1541,630.9,0.032,0.01,0.006,,,
4406,4406,4406,212050454,08 57 27.427,+21 06 25.15,1,17.525,,,,08572742+2106251,5038-301-2-0055-0220,EXTENDED,gri,,2,3,-2,3,,,,,,,20.771,0.11,18.742,0.011,17.487,0.007,17.004,0.006,16.588,0.014,15.913,0.08,15.074,0.09,14.6,0.088,,,,,,,,,,,,,,,,,,,,,,,,,,,
4407,4407,4407,212050471,08 27 26.333,+21 06 25.78,1,11.872,,,556-045436,08272632+2106258,,STAR,gri,rpm,-0.4,0.7,-12.7,0.7,,,12.578,0.01,12.011,0.01,,,12.273,0.07,11.855,0.02,11.701,0.06,,,10.871,0.022,10.601,0.022,10.567,0.019,6061,145,145,4.182,0.21,0.252,-0.057,0.12,0.24,1.416,0.54,0.391,1.14,0.182,0.122,0.37,0.467,0.206,412.8,142.8,123.8,0.031,0.007,0.008,,,
4408,4408,4408,212050525,09 09 03.946,+21 06 29.34,1,17.219,,,,09090394+2106293,5071-301-3-0155-0221,EXTENDED,gri,,-3,3,2,3,,,,,,,19.84,0.049,18.105,0.007,17.234,0.005,16.84,0.005,16.52,0.011,15.862,0.084,15.033,0.088,14.842,0.112,,,,,,,,,,,,,,,,,,,,,,,,,,,
4409,4409,4409,212050563,08 31 55.701,+21 06 32.54,1,15.373,,,556-045633,08315572+2106328,,STAR,JHK,col,,,,,,,,,,,,,,,,,,,,,13.343,0.023,12.762,0.024,12.551,0.021,3686,145,174,4.984,0.084,0.07,-0.1,0.2,0.24,0.291,0.062,0.077,0.304,0.084,0.118,11.81,7.652,3.544,138.9,38.39,44.9,0.019,0.006,0.006,,,
4410,4410,4410,212050604,08 57 18.269,+21 06 35.16,1,9.166,,1400-757-1,556-046687,08571827+2106351,,STAR,gri,rpm,-22.2,0.9,-13.4,0.9,,,9.38,0.024,9.017,0.022,,,9.748,0.03,9.13,0.04,8.917,0.06,,,8.33,0.02,8.184,0.021,8.113,0.024,6011,96,96,4.054,0.258,0.215,0.096,0.1,0.06,1.65,0.633,0.458,1.28,0.165,0.132,0.21,0.358,0.102,153.2,52.05,45.35,0.023,0.022,0.01,,,
4411,4411,4411,212050689,09 11 56.536,+21 06 41.61,1,14.774,,,556-047186,09115653+2106416,5061-301-3-0162-0081,STAR,gri,rpm,-0.9,3.2,0.6,3.5,,,15.811,0.04,15.018,0.03,,,15.358,0.02,14.735,0.06,14.523,0.08,,,13.49,0.024,13.033,0.026,12.958,0.023,5206,123,123,3.731,0.815,0.978,-0.43,0.3,0.66,1.728,3.682,1.06,0.863,0.099,0.066,0.085,1.498,0.08,1575,2091,1003,0.034,0.008,0.008,,,
4412,4412,4412,212050712,08 34 02.243,+21 06 43.15,1,14.045,,,556-045727,08340224+2106430,,STAR,JHK,rpm,-46,2.8,13.7,3.2,,,,,,,,,,,,,,,,,12.059,0.023,11.425,0.023,11.28,0.024,4243,198,317,4.762,0.096,0.08,-0.139,0.16,0.28,0.498,0.094,0.093,0.563,0.096,0.096,4.2,1.871,1.294,157.7,47.9,36.74,0.023,0.005,0.006,,,
4413,4413,4413,212050734,08 33 09.431,+21 06 44.89,1,13.042,,,556-045687,08330943+2106448,,STAR,BV,rpm,1,1.8,-2.2,3.6,,,14.608,0.03,13.296,0.032,,,13.98,0.034,,,,,,,11.256,0.023,10.644,0.023,10.475,0.019,4594,91,136,2.331,0.352,0.616,-0.263,0.2,0.6,10.171,7.999,3.9,1.014,0.198,0.198,6.00E-04,0.001,5.30E-04,2521,1820,701.5,0.035,0.01,0.008,,,
4414,4414,4414,212050747,09 11 48.176,+21 06 45.51,1,10.126,,1407-1722-1,556-047179,09114816+2106455,,STAR,gri,rpm,25.7,1.3,-60.7,1.4,,,10.85,0.047,10.292,0.036,,,10.555,0.02,10.086,0.06,9.942,0.06,,,9.13,0.02,8.864,0.023,8.772,0.021,5984,142,118,4.273,0.125,0.175,-0.057,0.16,0.2,1.202,0.377,0.188,1.071,0.144,0.065,0.525,0.326,0.258,153.9,46.02,23.22,0.022,0.008,0.006,,,
4415,4415,4415,212050752,08 57 51.738,+21 06 45.73,1,11.973,,,556-046707,08575173+2106457,,STAR,gri,rpm,-3,1.2,-21.3,1.4,,,12.677,0.02,12.071,0.05,,,12.361,0.05,11.937,0.06,11.807,0.07,,,11.024,0.022,10.749,0.023,10.672,0.018,6008,171,122,4.226,0.165,0.198,-0.1,0.2,0.24,1.315,0.288,0.278,1.079,0.091,0.109,0.46,0.377,0.236,399.5,90.86,74.02,0.031,0.008,0.007,,,
4416,4416,4416,212050788,08 59 34.269,+21 06 47.90,1,17.446,,,,08593426+2106479,,STAR,J,col,,,,,,,,,,,,,,,,,,,,,15.954,0.09,15.211,0.082,14.547,0.082,3492,260,782,5.059,0.168,0.126,-0.079,0.16,0.24,0.214,0.096,0.096,0.218,0.136,0.113,16.99,28.11,7.758,319.8,201.2,186.9,0.028,0.009,0.011,,,
4417,4417,4417,212050890,08 26 58.251,+21 06 55.05,1,13.589,,,556-045407,08265824+2106549,,STAR,JHK,rpm,17,4.5,51.2,4.9,,,,,,,,,,,,,,,,,11.384,0.021,10.828,0.022,10.54,0.019,3459,163,196,5.038,0.099,0.055,0.098,0.15,0.15,0.231,0.054,0.066,0.227,0.074,0.088,16.8,12.4,4.907,45.54,17.12,12.44,0.009,0.004,0.003,,,
4418,4418,4418,212050918,08 33 57.861,+21 06 56.97,1,12.06,,,556-045724,08335785+2106568,,STAR,BV,rpm,1.3,1.1,-5.8,1.8,,,12.841,0.041,12.188,0.03,,,12.509,0.031,,,,,,,11.217,0.023,10.962,0.023,10.912,0.019,6181,186,186,4.127,0.21,0.245,-0.057,0.15,0.21,1.462,0.595,0.317,1.187,0.21,0.131,0.332,0.308,0.2,520.3,200.6,123.8,0.033,0.007,0.006,,,
4419,4419,4419,212050922,08 29 20.557,+21 06 57.32,1,14.716,,,556-045522,08292055+2106572,,STAR,gri,rpm,-14.5,4.3,-3.7,4.8,,,16.217,0.073,15.012,0.046,,,15.741,0.02,14.617,0.06,14.276,0.076,,,12.857,0.023,12.271,0.023,12.193,0.018,4482,107,89,4.68,0.035,0.035,-0.033,0.15,0.18,0.625,0.046,0.043,0.695,0.049,0.049,2.728,0.404,0.352,306.8,33.97,30.58,0.03,0.006,0.006,,,
4420,4420,4420,212050927,08 58 48.700,+21 06 57.56,1,14.576,,,556-046744,08584870+2106575,,STAR,gri,rpm,3.6,4.6,-7.8,5,,,15.747,0.07,14.852,0.06,,,15.281,0.02,14.57,0.08,14.274,0.08,,,13.236,0.023,12.778,0.023,12.68,0.02,5111,102,102,4.549,0.05,1.08,-0.232,0.25,0.4,0.803,2.16,0.079,0.87,0.149,0.099,1.553,0.439,1.52,580.8,1475,76.11,0.034,0.01,0.008,,,
4421,4421,4421,212050930,08 29 05.178,+21 06 57.62,1,12.556,,,556-045512,08290517+2106576,,STAR,gri,rpm,-8.9,2.4,-8.5,1.3,,,13.153,0.02,12.663,0.01,,,12.873,0.06,12.548,0.01,12.42,0.061,,,11.688,0.021,11.409,0.022,11.359,0.022,6154,147,122,4.219,0.13,0.182,-0.262,0.25,0.35,1.263,0.361,0.208,1.045,0.165,0.118,0.462,0.27,0.241,550.8,140.1,111.7,0.034,0.008,0.008,,,
4422,4422,4422,212050969,08 27 41.542,+21 06 59.97,1,11.804,,,556-045448,08274153+2107000,,STAR,gri,rpm,-2.8,0.9,-0.2,1.9,,,13.096,0.01,12.073,0.01,,,12.604,0.07,11.754,0.02,11.461,0.06,,,10.251,0.021,9.733,0.022,9.61,0.017,4785,96,76,2.463,0.544,0.102,-0.269,0.16,0.2,10.749,0.705,4.995,1.181,0.216,0.154,9.46E-04,0.005,1.86E-04,1651,132.8,714.8,0.034,0.01,0.007,,,
4423,4423,4423,212050993,08 26 02.656,+21 07 01.85,1,17.441,,,,08260265+2107018,4508-301-2-0091-0250,EXTENDED,gri,,-6,3,1,3,,,,,,,19.403,0.045,18.268,0.009,17.526,0.007,17.086,0.006,16.817,0.015,16.359,0.109,15.571,0.139,14.799,0.092,,,,,,,,,,,,,,,,,,,,,,,,,,,
4424,4424,4424,212051014,08 29 52.998,+21 07 03.14,1,18.684,,,,08295299+2107031,,STAR,JHK,col,,,,,,,,,,,,,,,,,,,,,16.492,0.134,15.859,0.15,15.652,0.196,3930,675,375,4.896,0.15,0.21,-0.304,0.25,0.4,0.373,0.202,0.151,0.4,0.233,0.194,7.72,9.965,4.865,788.2,666,361,0.032,0.008,0.007,,,
4425,4425,4425,212051026,08 32 25.848,+21 07 03.75,1,13.974,,,556-045659,08322585+2107037,6728-301-2-0127-0122,STAR,gri,rpm,-29.7,4.9,-28.2,4.1,,,14.931,0.01,14.181,0.04,,,14.555,0.08,13.967,0.02,13.724,0.069,,,12.816,0.025,12.419,0.025,12.348,0.026,5370,190,158,4.577,0.081,0.045,-0.652,0.42,0.42,0.723,0.094,0.114,0.734,0.126,0.084,1.82,0.762,0.357,448.8,64.12,86.35,0.035,0.008,0.007,,,
4426,4426,4426,212051050,08 26 36.789,+21 07 05.74,1,10.47,,1391-1354-1,556-045389,08263678+2107059,,STAR,gri,rpm,13.2,1.6,-20.9,1.6,,,11.62,0.112,10.827,0.089,,,11.128,0.07,10.459,0.04,10.189,0.06,,,9.097,0.019,8.629,0.02,8.559,0.017,5057,102,102,2.53,0.957,0.198,-0.67,0.36,0.3,7.998,2.487,4.898,0.929,0.256,0.046,0.002,0.032,8.06E-04,815.7,171.3,491.1,0.033,0.008,0.008,,,
4427,4427,4427,212051103,09 07 14.705,+21 07 09.29,1,18.987,,,,,5061-301-4-0155-0062,STAR,gri,,-2,3,1,3,,,,,,,18.722,0.018,18.698,0.008,19.084,0.011,19.389,0.017,19.659,0.084,,,,,,,,,,,,,,,,,,,,,,,,,,,,,,,,,
4428,4428,4428,212051121,08 26 06.956,+21 07 10.61,1,12.756,,,556-045362,08260695+2107106,,STAR,gri,rpm,-14,1.9,-11.7,3.7,,,13.701,0.043,12.995,0.01,,,13.348,0.07,12.742,0.01,12.502,0.061,,,11.557,0.024,11.17,0.023,11.063,0.02,5382,163,163,4.466,0.078,0.897,-0.143,0.2,0.72,0.94,1.7,0.141,0.909,0.091,0.045,1.122,0.441,1.071,332.1,523,55.23,0.031,0.006,0.006,,,
4429,4429,4429,212051130,08 52 33.860,+21 07 11.00,1,18.506,,,,08523386+2107109,5038-301-3-0048-0293,STAR,gri,,10,3,-48,3,,,,,,,21.905,0.123,19.618,0.013,18.473,0.008,18.029,0.008,17.746,0.017,16.81,0.15,15.996,0.157,,,,,,,,,,,,,,,,,,,,,,,,,,,,,
4430,4430,4430,212051146,08 56 59.646,+21 07 11.91,1,19.222,,,,,5038-301-2-0054-0255,STAR,gri,,16,4,-31,4,,,,,,,21.841,0.129,20.126,0.017,19.203,0.012,18.835,0.013,18.649,0.033,,,,,,,,,,,,,,,,,,,,,,,,,,,,,,,,,
4431,4431,4431,212051186,09 04 39.750,+21 07 13.97,1,12.495,,,556-046955,09043974+2107141,,STAR,gri,lam,-12.4,1.3,5,2.6,,,13.577,0.05,12.749,0.05,,,13.145,0.04,12.472,0.07,12.216,0.08,,,11.18,0.022,10.724,0.024,10.67,0.02,5180,154,154,4.586,0.03,0.03,-0.211,0.12,0.18,0.747,0.045,0.035,0.81,0.046,0.056,1.885,0.206,0.255,209,20.69,22.38,0.025,0.007,0.006,,,
4432,4432,4432,212051228,09 03 54.160,+21 07 16.46,1,17.49,,,,09035416+2107164,5071-301-4-0148-0230,EXTENDED,gri,,-6,3,-2,3,,,,,,,19.37,0.035,18.123,0.007,17.603,0.006,17.218,0.006,17.037,0.017,16.246,0.109,15.665,0.121,15.24,0.128,,,,,,,,,,,,,,,,,,,,,,,,,,,
4433,4433,4433,212051237,09 08 57.913,+21 07 16.97,1,18.899,,,,,5071-301-3-0155-0079,STAR,gri,,2,3,-6,3,,,,,,,19.207,0.024,19.091,0.01,18.835,0.01,18.885,0.012,18.842,0.037,,,,,,,,,,,,,,,,,,,,,,,,,,,,,,,,,
4434,4434,4434,212051412,08 50 59.644,+21 07 26.99,1,14.662,,,556-046459,08505963+2107270,5045-301-3-0146-0036,STAR,gri,rpm,-9.8,2.8,-22,3.1,,,15.957,0.06,14.992,0.05,,,15.507,0.05,14.627,0.05,14.3,0.01,,,13.164,0.022,12.622,0.025,12.528,0.022,4725,112,56,4.647,0.03,0.036,-0.184,0.2,0.24,0.672,0.046,0.052,0.721,0.046,0.064,2.411,0.326,0.34,409.4,42.82,38.76,0.034,0.008,0.008,,,
4435,4435,4435,212051520,08 28 29.371,+21 07 34.56,1,17.856,,,,08282937+2107345,,STAR,J,col,,,,,,,,,,,,,,,,,,,,,16.334,0.117,15.38,0.13,15.06,0.113,3947,349,349,4.872,0.156,0.13,-0.254,0.25,0.3,0.389,0.13,0.144,0.424,0.142,0.198,6.654,8.485,2.955,794.2,405.1,348.2,0.032,0.01,0.007,,,
4436,4436,4436,212051577,08 59 55.490,+21 07 38.30,1,16.755,,,,08595549+2107383,5071-301-5-0142-0243,EXTENDED,gri,,4,2,10,2,,,,,,,19.28,0.049,17.744,0.008,16.888,0.006,16.331,0.005,16.149,0.012,15.695,0.077,14.916,0.087,14.359,0.07,,,,,,,,,,,,,,,,,,,,,,,,,,,
4437,4437,4437,212051579,08 56 50.975,+21 07 38.37,1,16.756,,,,08565097+2107383,5038-301-2-0054-0223,EXTENDED,gri,,0,3,0,3,,,,,,,18.822,0.028,17.502,0.006,16.893,0.005,16.436,0.005,16.221,0.012,15.796,0.087,15.226,0.094,14.764,0.1,,,,,,,,,,,,,,,,,,,,,,,,,,,
4438,4438,4438,212051615,08 28 50.279,+21 07 41.17,1,16.346,,,,08285027+2107411,,STAR,JHK,col,,,,,,,,,,,,,,,,,,,,,14.06,0.03,13.433,0.029,13.191,0.029,3703,217,180,4.972,0.09,0.09,-0.065,0.15,0.24,0.305,0.086,0.09,0.31,0.11,0.11,10.87,8.021,4.012,200.4,76.22,64.28,0.024,0.008,0.007,,,
4439,4439,4439,212051624,08 31 17.420,+21 07 41.53,1,18.53,,,,08311741+2107415,,STAR,JHK,col,,,,,,,,,,,,,,,,,,,,,16.008,0.099,15.206,0.128,14.944,0.127,4031,382,382,4.867,0.14,0.14,-0.208,0.2,0.32,0.413,0.143,0.156,0.44,0.148,0.207,6.146,8.53,2.845,701.6,377.6,317.7,0.032,0.008,0.007,,,
4440,4440,4440,212051646,08 51 35.813,+21 07 43.14,1,12.427,,,556-046491,08513581+2107431,,STAR,gri,rpm,-32.9,1.1,-6.8,2,,,13.191,0.02,12.563,0.01,,,12.854,0.03,12.389,0.02,12.243,0.03,,,11.326,0.023,11.017,0.021,10.914,0.018,5848,120,120,4.409,0.06,0.216,-0.183,0.18,0.24,0.997,0.299,0.084,0.975,0.098,0.098,0.9,0.27,0.571,340.6,135.7,38.43,0.03,0.007,0.005,,,
4441,4441,4441,212051681,08 57 41.878,+21 07 45.72,1,14.497,,,556-046701,08574186+2107458,5038-301-2-0055-0108,STAR,gri,rpm,7.8,4.5,1.3,5,,,16.206,0.1,15.054,0.05,,,15.791,0.08,14.489,0.08,13.942,0.08,,,12.538,0.023,11.891,0.023,11.717,0.023,4045,142,118,4.824,0.078,0.078,-0.09,0.15,0.36,0.456,0.077,0.078,0.507,0.096,0.08,5.176,2.34,1.383,163.6,43.3,24.8,0.023,0.007,0.008,,,
4442,4442,4442,212051770,08 53 21.166,+21 07 51.80,1,14.434,,,556-046557,08532116+2107517,,STAR,gri,rpm,-4.3,2.6,-4.9,2.3,,,15.874,0.02,14.745,0.02,,,15.324,0.04,14.361,0.04,14.053,0.01,,,12.88,0.022,12.368,0.022,12.221,0.023,4770,75,94,4.621,0.025,1.15,-0.063,0.12,0.12,0.712,2.571,0.032,0.779,0.244,0.039,2.149,0.235,2.116,385.3,1424,23.73,0.034,0.008,0.007,,,
4443,4443,4443,212051796,09 10 06.862,+21 07 53.21,1,12.674,,,556-047135,09100686+2107532,,STAR,gri,rpm,-13.8,1.6,-17.1,1.9,,,13.632,0.04,12.83,0.07,,,13.223,0.06,12.602,0.08,12.438,0.09,,,11.56,0.022,11.223,0.025,11.159,0.02,5641,237,169,4.444,0.08,0.224,-0.072,0.2,0.2,0.974,0.346,0.126,0.98,0.061,0.098,1.013,0.402,0.588,354.3,135.2,58.24,0.031,0.007,0.006,,,
4444,4444,4444,212051826,08 55 41.537,+21 07 55.36,1,17.695,,,,08554153+2107553,5071-301-6-0136-0199,EXTENDED,gri,,3,3,1,3,,,,,,,20.52,0.104,18.779,0.011,17.71,0.007,17.231,0.007,16.831,0.015,16.263,0.093,15.499,0.115,14.756,0.097,,,,,,,,,,,,,,,,,,,,,,,,,,,
4445,4445,4445,212051833,08 58 58.901,+21 07 56.13,1,17.956,,,,08585890+2107561,,STAR,J,col,,,,,,,,,,,,,,,,,,,,,16.425,0.132,15.734,0.128,15.282,0.159,3801,493,352,4.95,0.13,0.182,-0.254,0.25,0.35,0.314,0.17,0.11,0.349,0.197,0.164,9.719,10.59,5.704,712.7,546,352.5,0.032,0.008,0.007,,,
4446,4446,4446,212051886,08 53 01.876,+21 08 00.03,1,9.373,,1399-1375-1,556-046545,08530187+2108000,,STAR,gri,,-16.5,1.3,-12.6,1.3,,,10.093,0.035,9.512,0.029,,,10.17,0.08,9.543,0.26,9.031,0.03,,,8.174,0.021,,,7.768,0.018,,,,,,,,,,,,,,,,,,,,,,,,,,,
4447,4447,4447,212051892,08 55 47.073,+21 08 00.57,1,17.179,,,,08554707+2108005,5071-301-6-0136-0214,EXTENDED,gri,,-4,3,1,3,,,,,,,19.326,0.059,17.987,0.008,17.24,0.007,16.832,0.007,16.504,0.017,16.465,0.127,15.71,0.139,15.303,0.154,,,,,,,,,,,,,,,,,,,,,,,,,,,
4448,4448,4448,212051933,08 52 42.271,+21 08 03.35,1,14.718,,,556-046529,08524227+2108032,5038-301-3-0048-0123,STAR,gri,rpm,0.2,2.9,-5.5,3.1,,,15.825,0.03,15.056,0.01,,,15.431,0.03,14.788,0.05,14.412,0.04,,,13.355,0.025,12.878,0.024,12.752,0.028,5049,121,101,3.081,1.215,1.215,-0.775,0.45,1.17,3.033,8.551,2.426,0.862,0.096,0.096,0.009,0.564,0.009,2516,6681,1985,0.033,0.008,0.006,,,
4449,4449,4449,212051960,09 11 01.582,+21 08 04.93,1,14.516,,,556-047157,09110156+2108052,5061-301-3-0161-0015,STAR,gri,rpm,3.6,3.2,-2.9,3.5,,,15.92,0.02,14.896,0.06,,,15.389,0.043,14.494,0.05,14.142,0.04,,,12.896,0.023,12.376,0.022,12.261,0.023,4810,96,96,4.603,0.036,1.92,-0.121,0.15,0.3,0.732,6.218,0.051,0.803,0.262,0.06,1.96,0.322,1.959,411.8,3557,44.1,0.035,0.007,0.006,,,
4450,4450,4450,212052007,08 30 03.509,+21 08 08.21,1,13.766,,,556-045565,08300350+2108081,,STAR,gri,rpm,-22.7,2.2,30.8,2.5,,,15.702,0.062,14.328,0.038,,,15.104,0.02,13.801,0.04,13.193,0.064,,,11.783,0.02,11.11,0.022,10.97,0.022,3992,63,63,4.827,0.04,0.025,-0.009,0.12,0.12,0.468,0.013,0.045,0.525,0.025,0.05,5.199,1.109,0.347,116,21.1,8.487,0.016,0.005,0.005,,,
4451,4451,4451,212052035,09 10 18.594,+21 08 09.82,1,12.76,,,556-047147,09101859+2108098,,STAR,gri,lam,-3.9,1.7,-10.1,2.1,,,13.945,0.02,13.031,0.07,,,13.467,0.03,12.741,0.05,12.457,0.07,,,11.289,0.021,10.828,0.022,10.722,0.017,5135,123,82,3.668,0.084,0.14,-0.37,0.12,0.15,2.452,0.395,0.287,1.037,0.115,0.072,0.069,0.024,0.026,701.9,117.5,73.44,0.031,0.008,0.007,,,
4452,4452,4452,212052057,08 32 33.135,+21 08 12.09,1,19.533,,,,,6728-301-2-0127-0305,EXTENDED,gri,,-1,3,6,3,,,,,,,21.399,0.13,19.914,0.018,19.558,0.018,19.37,0.019,19.236,0.052,,,,,,,,,,,,,,,,,,,,,,,,,,,,,,,,,
4453,4453,4453,212052095,08 31 13.997,+21 08 14.91,1,17.063,,,,08311399+2108149,,STAR,JHK,col,,,,,,,,,,,,,,,,,,,,,14.914,0.037,14.366,0.053,14.087,0.05,3643,282,235,5,0.105,0.105,-0.098,0.16,0.28,0.273,0.106,0.089,0.278,0.148,0.106,12.84,9.993,5.62,242.4,128.7,84.08,0.026,0.01,0.008,,,
4454,4454,4454,212052122,09 11 08.414,+21 08 16.53,1,16.791,,,,09110841+2108165,5061-301-3-0161-0149,EXTENDED,gri,,-4,2,2,2,,,,,,,18.289,0.021,17.287,0.005,16.873,0.005,16.579,0.006,16.437,0.02,16.393,0.108,15.866,0.138,15.489,0.174,,,,,,,,,,,,,,,,,,,,,,,,,,,
4455,4455,4455,212052160,08 26 28.881,+21 08 18.33,1,15.081,,,556-045382,08262888+2108183,4508-301-2-0091-0185,STAR,gri,rpm,-5.2,4.1,5.3,4.8,,,16.127,0.13,15.28,0.14,,,15.683,0.09,14.856,0.03,14.823,0.088,,,13.541,0.024,13.04,0.024,12.899,0.026,4972,118,99,4.59,0.03,0.984,-0.14,0.2,0.28,0.751,1.915,0.053,0.814,0.124,0.069,1.876,0.278,1.82,589.8,1513,51.9,0.033,0.01,0.008,,,
4456,4456,4456,212052250,08 33 07.880,+21 08 23.95,1,14.743,,,556-045684,08330787+2108239,6728-301-2-0128-0149,STAR,JHK,rpm,-8.4,4.5,-6.9,5.2,,,,,,,,,,,,,,,,,13.482,0.025,13.134,0.03,13.025,0.033,5714,223,223,4.461,0.07,0.238,-0.26,0.24,0.32,0.937,0.399,0.111,0.913,0.087,0.087,1.071,0.421,0.652,830.1,398.8,125.2,0.033,0.01,0.007,,,
4457,4457,4457,212052279,09 09 20.775,+21 08 26.13,1,12.409,,,556-047110,09092077+2108261,,STAR,gri,rpm,3.6,1.3,-9.1,1.4,,,13.294,0.04,12.547,0.07,,,12.918,0.05,12.346,0.08,12.191,0.1,,,11.329,0.023,10.997,0.031,10.9,0.018,5695,237,169,4.129,0.295,0.354,-0.02,0.16,0.28,1.412,0.691,0.464,1.039,0.126,0.078,0.336,0.655,0.244,479.4,210.3,169.6,0.033,0.007,0.006,,,
4458,4458,4458,212052369,08 59 44.920,+21 08 31.87,1,12.118,,1400-2002-1,556-046784,08594490+2108315,,STAR,gri,lam,-11.2,2.4,6.5,2.6,,,12.617,0.305,12.374,0.281,,,12.851,0.04,12.111,0.04,11.804,0.08,,,10.713,0.022,10.246,0.024,10.111,0.018,4927,78,78,3.432,0.15,0.125,-0.066,0.1,0.12,3.397,0.68,0.479,1.233,0.199,0.124,0.029,0.018,0.011,714.1,157.2,109.1,0.031,0.008,0.006,,,
4459,4459,4459,212052382,08 34 45.764,+21 08 32.72,1,14.336,,,556-045772,08344575+2108326,6597-301-2-0224-0168,STAR,BV,rpm,-2.9,2.2,-6.6,2.3,,,15.446,0.07,14.554,0.04,,,15.033,0.04,,,,,,,13.141,0.021,12.718,0.027,12.632,0.029,5307,190,158,4.508,0.06,1.032,-0.232,0.25,0.55,0.872,2.016,0.117,0.894,0.089,0.074,1.305,0.396,1.268,633.1,1322,108.5,0.034,0.011,0.008,,,
4460,4460,4460,212052395,09 10 16.167,+21 08 33.61,1,14.416,,,556-047143,09101616+2108335,5071-301-3-0157-0087,STAR,gri,rpm,-0.6,3.2,3.2,3.5,,,15.577,0.07,14.662,0.08,,,15.102,0.03,14.39,0.06,14.122,0.08,,,13.065,0.022,12.684,0.022,12.537,0.023,5338,127,127,4.528,0.035,0.77,-0.096,0.2,0.32,0.853,1.404,0.062,0.913,0.078,0.056,1.435,0.232,1.341,588,938.7,57.14,0.034,0.01,0.007,,,
4461,4461,4461,212052444,09 04 47.525,+21 08 36.50,1,19.04,,,,,5071-301-4-0149-0362,EXTENDED,gri,,0,3,7,3,,,,,,,20.518,0.1,19.392,0.018,19.079,0.021,18.889,0.032,18.737,0.082,,,,,,,,,,,,,,,,,,,,,,,,,,,,,,,,,
4462,4462,4462,212052456,08 34 59.277,+21 08 37.34,1,17.841,,,,08345927+2108373,6597-301-2-0225-0336,STAR,gri,rpm,-36,4,-7,4,,,,,,,22.05,0.179,20.171,0.018,18.616,0.009,16.843,0.006,15.845,0.007,14.355,0.028,13.742,0.029,13.448,0.033,3396,54,109,5.142,0.028,0.02,-0.163,0.09,0.15,0.175,0.011,0.014,0.156,0.012,0.014,29.15,3.407,3.05,112.5,9.387,12.74,0.02,0.006,0.006,,,
4463,4463,4463,212052477,08 29 27.970,+21 08 38.36,1,14.888,,,556-045529,08292796+2108383,6597-301-3-0216-0281,STAR,JHK,rpm,-31.1,2.7,-12.6,3,,,,,,,,,,,,,,,,,12.656,0.022,11.993,0.025,11.804,0.017,4009,220,126,4.819,0.06,0.06,-0.049,0.15,0.24,0.446,0.067,0.058,0.512,0.084,0.07,5.142,1.636,1.241,176.5,41.85,24.89,0.024,0.006,0.005,,,
4464,4464,4464,212052514,08 58 02.447,+21 08 40.75,1,14.068,,,556-046715,08580244+2108408,,STAR,gri,rpm,-1.3,2.8,-37.9,3.4,,,15.273,0.09,14.356,0.06,,,14.819,0.06,14.061,0.06,13.746,0.07,,,12.668,0.022,12.104,0.019,12.047,0.019,4805,95,95,4.643,0.045,0.025,-0.315,0.25,0.3,0.664,0.043,0.063,0.706,0.059,0.071,2.366,0.545,0.257,332.1,25.72,42.45,0.028,0.008,0.007,,,
4465,4465,4465,212052528,09 09 56.655,+21 08 41.71,1,13.252,,,556-047127,09095665+2108416,,STAR,gri,rpm,-6,2.3,-5.5,2.6,,,14.669,0.08,13.569,0.08,,,14.176,0.07,13.173,0.08,12.856,0.09,,,11.762,0.022,11.221,0.023,11.134,0.02,4790,96,116,2.951,0.959,0.548,-0.183,0.2,0.32,4.452,4.554,3.631,1.008,0.209,0.209,0.007,0.676,0.006,1520,1444,1214,0.033,0.01,0.007,,,
4466,4466,4466,212052555,08 53 21.080,+21 08 43.34,1,13.996,,,556-046556,08532107+2108432,,STAR,gri,rpm,-6.7,2,-2.5,2.3,,,15.019,0.03,14.185,0.03,,,14.599,0.03,13.942,0.03,13.738,0.05,,,12.71,0.023,12.303,0.022,12.187,0.021,5321,85,128,4.505,0.06,0.912,-0.156,0.2,0.52,0.884,1.795,0.107,0.917,0.183,0.054,1.27,0.385,1.217,524.6,996.8,76.04,0.035,0.008,0.008,,,
4467,4467,4467,212052561,08 34 33.243,+21 08 43.80,1,17.081,,,,08343324+2108438,,STAR,J,col,,,,,,,,,,,,,,,,,,,,,15.614,0.084,14.968,0.079,14.455,0.077,3582,291,243,5.022,0.11,0.132,-0.092,0.16,0.24,0.244,0.132,0.074,0.255,0.156,0.098,13.31,11.19,6.078,327.9,197.8,123.4,0.029,0.01,0.008,,,
4468,4468,4468,212052664,09 11 04.704,+21 08 48.89,1,13.228,,,556-047162,09110469+2108489,,STAR,gri,rpm,18.3,2,6.7,2.4,,,14.275,0.04,13.483,0.05,,,13.857,0.03,13.188,0.04,12.958,0.06,,,11.898,0.02,11.463,0.02,11.381,0.018,5219,124,124,4.531,0.065,1.131,-0.14,0.25,0.75,0.831,2.208,0.114,0.885,0.052,0.084,1.408,0.469,1.38,329,780.8,55.36,0.029,0.008,0.006,,,
4469,4469,4469,212052679,08 56 55.909,+21 08 49.69,1,16.94,,,,08565590+2108496,5038-301-2-0054-0246,EXTENDED,gri,,-2,3,-2,3,,,,,,,18.958,0.028,17.637,0.006,17.006,0.005,16.641,0.005,16.388,0.013,15.917,0.087,15.137,0.11,14.863,0.118,,,,,,,,,,,,,,,,,,,,,,,,,,,
4470,4470,4470,212052685,08 50 09.684,+21 08 49.95,1,13.17,,,556-046428,08500968+2108499,,STAR,gri,rpm,-22.1,1.3,0.7,1.1,,,13.798,0.044,13.264,0.01,,,13.493,0.02,13.136,0.01,13.032,0.06,,,12.222,0.022,11.941,0.028,11.926,0.023,6166,99,99,4.252,0.102,0.187,-0.379,0.25,0.25,1.202,0.308,0.099,0.994,0.124,0.103,0.549,0.165,0.264,652.7,166.7,65.05,0.032,0.008,0.008,,,
4471,4471,4471,212052700,08 26 00.825,+21 08 50.91,1,16.127,,,556-045356,08260084+2108511,6597-301-4-0211-0215,STAR,JHK,col,,,,,,,,,,,,,,,,,,,,,13.945,0.022,13.229,0.026,13.108,0.025,4193,153,128,4.756,0.045,0.045,-0.035,0.15,0.21,0.519,0.054,0.049,0.583,0.058,0.058,3.931,0.905,0.736,388.2,58.55,50.88,0.032,0.008,0.007,,,
4472,4472,4472,212052703,08 25 45.374,+21 08 51.10,1,11.905,,1391-1538-1,556-045347,08254536+2108511,,STAR,gri,rpm,-7.3,1.9,-5.2,2.1,,,12.618,0.341,11.702,0.203,,,12.03,0.07,11.863,0.01,11.86,0.06,,,11.18,0.022,11.033,0.023,11.005,0.018,6941,251,209,4.088,0.135,0.135,-0.082,0.12,0.12,1.72,0.315,0.314,1.497,0.095,0.134,0.259,0.191,0.11,650.8,113.8,96.88,0.031,0.008,0.007,,,
4473,4473,4473,212052709,09 07 12.071,+21 08 51.58,1,11.555,,,556-047033,09071206+2108516,,STAR,gri,rpm,5.1,2.1,-7.5,2.6,,,13.492,0.03,11.895,0.05,,,12.665,0.05,11.429,0.06,11.08,0.08,,,9.707,0.024,9.087,0.028,8.955,0.022,4415,87,104,2.248,0.255,0.561,0.017,0.15,0.45,13.066,10.212,3.017,1.215,0.126,0.253,5.20E-04,6.99E-04,4.25E-04,1468,1027,291.2,0.036,0.013,0.009,,,
4474,4474,4474,212052716,09 05 34.837,+21 08 51.96,1,11.916,,,556-046987,09053483+2108521,,STAR,gri,lam,8.9,1.5,-60.8,1.2,,,12.756,0.04,12.094,0.06,,,12.397,0.04,11.905,0.08,11.71,0.09,,,10.807,0.022,10.425,0.026,10.389,0.018,5595,200,66,3.806,0.104,0.04,-0.665,0.24,0.12,1.957,0.164,0.152,0.938,0.054,0.054,0.12,0.044,0.019,494.4,36.58,40.59,0.032,0.007,0.002,,,
4475,4475,4475,212052751,08 28 07.151,+21 08 54.55,1,6.699,41524,1391-737-1,556-045469,,,STAR,BV,plx,3.54,0.78,-132.1,0.54,7,0.61,7.892,0.018,6.875,0.011,,,,,,,,,,,,,,,,,4885,59,99,2.765,0.095,0.342,-0.112,0.12,0.3,9.529,1.202,0.898,1.932,0.28,0.887,0.002,8.29E-04,0.001,142.9,12.45,12.45,0.021,0.005,0.006,,,
4476,4476,4476,212052838,09 10 50.313,+21 08 59.65,1,16.158,,,556-047155,09105030+2108595,5061-301-3-0160-0045,EXTENDED,BV,,-0.4,3.3,-10.3,3.9,,,17.251,0.12,16.371,0.076,,,,,,,,,,,14.564,0.029,14.025,0.032,13.956,0.041,,,,,,,,,,,,,,,,,,,,,,,,,,,
4477,4477,4477,212052866,08 29 49.686,+21 09 00.77,1,15.281,,,556-045546,08294968+2109007,4508-301-1-0096-0139,STAR,JHK,rpm,0.7,2.8,-2.4,3.1,,,,,,,,,,,,,,,,,13.829,0.024,13.358,0.033,13.247,0.032,5089,181,150,4.544,0.06,1.308,-0.293,0.3,0.54,0.802,2.864,0.087,0.845,0.093,0.077,1.55,0.522,1.534,759.7,2618,137.1,0.034,0.011,0.008,,,
4478,4478,4478,212052868,09 07 02.545,+21 09 01.02,1,12.484,,,556-047028,09070254+2109011,,STAR,gri,rpm,-13.8,1.5,2.1,1.6,,,13.333,0.04,12.623,0.06,,,12.946,0.05,12.427,0.07,12.285,0.09,,,11.491,0.024,11.145,0.03,11.122,0.022,5732,228,228,4.337,0.15,0.51,-0.213,0.25,0.35,1.132,0.879,0.283,1.005,0.125,0.125,0.676,0.636,0.56,416.2,275.8,113.3,0.031,0.011,0.007,,,
4479,4479,4479,212052883,08 54 24.578,+21 09 02.23,1,11.409,,1400-1382-1,556-046588,08542458+2109024,,STAR,gri,lam,0.4,1.7,-12.1,1.7,,,11.954,0.138,11.757,0.196,,,11.687,0.03,11.342,0.02,11.29,0.04,,,10.595,0.022,10.381,0.021,10.335,0.017,6400,154,154,4.19,0.1,0.14,-0.067,0.12,0.12,1.453,0.316,0.19,1.255,0.113,0.094,0.384,0.158,0.163,391.4,89.69,53.63,0.031,0.007,0.007,,,
4480,4480,4480,212052925,08 51 33.148,+21 09 04.04,1,15.008,,,556-046489,08513314+2109041,,STAR,gri,lam,-1.7,2.7,-3.6,2.9,,,16.467,0.02,15.355,0.03,,,15.844,0.04,14.991,0.03,14.649,0.02,,,13.407,0.023,12.803,0.024,12.677,0.023,4672,55,74,1.449,0.126,0.126,-1.393,0.2,0.1,27.481,3.898,3.94,0.82,0.016,0.016,3.68E-05,2.29E-05,1.25E-05,18370,5947,3925,0.037,0.01,0.01,,,
4481,4481,4481,212052954,08 59 53.977,+21 09 05.81,1,15.721,,,,08595397+2109058,5071-301-5-0142-0253,EXTENDED,gri,,2,3,10,3,,,,,,,17.37,0.025,16.241,0.004,15.745,0.004,15.498,0.005,15.318,0.011,16.341,0.134,,,,,,,,,,,,,,,,,,,,,,,,,,,,,,,
4482,4482,4482,212052979,08 35 45.391,+21 09 07.31,1,13.841,,,556-045822,08354542+2109085,,STAR,JHK,rpm,3.8,7.9,-11.2,10.3,,,,,,,,,,,,,,,,,12.308,0.039,11.891,0.04,11.687,0.037,5224,368,263,4.397,0.18,1.08,-0.21,0.25,0.5,1.004,2.421,0.265,0.908,0.172,0.094,0.841,0.908,0.819,509.2,956.7,160.2,0.033,0.008,0.007,,,
4483,4483,4483,212052981,08 57 03.866,+21 09 07.32,1,14.45,,,556-046682,08570385+2109072,5038-301-2-0054-0060,STAR,JHK,rpm,-73.9,6.2,-36.9,5.2,,,,,,,,,,,,,,,,,12.091,0.02,11.462,0.02,11.198,0.017,3620,107,107,5.006,0.045,0.063,-0.035,0.18,0.15,0.271,0.056,0.039,0.276,0.086,0.054,12.82,3.887,3.49,75.93,21.17,14.07,0.012,0.004,0.004,,,
4484,4484,4484,212052984,08 26 16.704,+21 09 07.52,1,14.471,,,556-045369,08261670+2109075,4508-301-2-0091-0139,STAR,gri,rpm,-1,4.4,0.7,4.9,,,15.544,0.09,14.697,0.02,,,15.16,0.04,14.438,0.03,14.175,0.074,,,13.014,0.022,12.563,0.024,12.458,0.023,5107,82,103,3.66,0.94,0.47,-0.285,0.24,0.4,2.4,1.378,1.662,0.93,0.23,0.126,0.072,1.572,0.057,1506,794.7,1046,0.035,0.011,0.009,,,
4485,4485,4485,212053000,08 56 01.981,+21 09 08.61,1,18.104,,,,08560198+2109086,,STAR,J,col,,,,,,,,,,,,,,,,,,,,,16.559,0.132,15.932,0.158,14.943,0.107,3552,346,346,5.044,0.11,0.11,-0.139,0.2,0.28,0.237,0.103,0.072,0.219,0.158,0.088,16.62,14.33,7.694,458.6,299,181,0.032,0.01,0.008,,,
4486,4486,4486,212053022,08 26 01.413,+21 09 09.81,1,10.351,,1391-1073-1,556-045358,08260141+2109099,,STAR,gri,rpm,0.4,1.1,1.4,1.1,,,10.599,0.05,10.304,0.053,,,10.507,0.03,10.299,0.04,10.323,0.06,,,9.784,0.024,9.722,0.023,9.668,0.018,7175,172,172,4.022,0.125,0.25,-0.008,0.12,0.1,2.003,0.995,0.31,1.644,0.296,0.123,0.177,0.131,0.113,417.9,194,72.54,0.032,0.007,0.008,,,
4487,4487,4487,212053102,08 59 09.270,+21 09 14.49,1,19.566,,,,,5071-301-5-0141-0345,STAR,gri,,5,4,-10,4,,,,,,,21.699,0.122,20.008,0.017,19.686,0.017,19.377,0.018,19.435,0.056,,,,,,,,,,,,,,,,,,,,,,,,,,,,,,,,,
4488,4488,4488,212053156,08 52 38.290,+21 09 18.16,1,15.94,,,,08523828+2109181,5038-301-3-0048-0327,STAR,gri,rpm,-43,3,-17,3,,,,,,,20.374,0.044,17.789,0.006,16.382,0.005,15.147,0.005,14.496,0.005,13.146,0.023,12.471,0.022,12.242,0.023,3650,107,86,4.997,0.035,0.049,-0.044,0.12,0.14,0.286,0.049,0.031,0.3,0.07,0.044,12.6,2.549,3.217,123.1,27.09,18.8,0.019,0.008,0.004,,,
4489,4489,4489,212053202,09 04 52.165,+21 09 20.73,1,14.529,,,556-046960,09045216+2109208,5071-301-4-0149-0077,STAR,gri,rpm,-9.8,4.7,-6,5,,,15.542,0.06,14.773,0.08,,,15.151,0.06,14.523,0.09,14.262,0.1,,,13.264,0.022,12.814,0.024,12.726,0.027,5195,124,124,4.552,0.048,1.024,-0.282,0.25,0.5,0.802,1.903,0.071,0.858,0.072,0.086,1.594,0.322,1.549,588.8,1354,68.84,0.032,0.01,0.008,,,
4490,4490,4490,212053242,09 00 17.401,+21 09 22.89,1,15.432,,,556-046800,09001740+2109231,,STAR,JHK,col,,,,,,,,,,,,,,,,,,,,,13.554,0.023,13.007,0.026,12.808,0.028,3650,148,178,4.994,0.084,0.07,-0.055,0.15,0.24,0.277,0.065,0.07,0.287,0.086,0.103,12.61,7.283,3.985,145.6,41.12,42.82,0.02,0.007,0.006,,,
4491,4491,4491,212053255,08 29 59.120,+21 09 23.86,1,17.545,,,,08295911+2109238,4508-301-1-0096-0325,STAR,gri,rpm,-58,3,-34,3,,,,,,,22.169,0.181,19.46,0.012,18.035,0.007,16.724,0.005,16.047,0.007,14.682,0.035,14.05,0.039,13.815,0.046,3658,113,141,5.035,0.04,0.04,-0.21,0.2,0.24,0.247,0.039,0.034,0.24,0.051,0.036,15.93,3.668,3.507,206.4,43.35,30.32,0.025,0.008,0.006,,,
4492,4492,4492,212053256,09 02 46.837,+21 09 23.93,1,18.67,,,,,5061-301-5-0149-0057,STAR,gri,,-11,5,-7,5,,,,,,,18.777,0.017,18.758,0.008,18.641,0.009,18.696,0.012,18.821,0.038,,,,,,,,,,,,,,,,,,,,,,,,,,,,,,,,,
4493,4493,4493,212053323,09 07 04.330,+21 09 27.94,1,13.786,,,556-047029,09070432+2109280,,STAR,gri,rpm,-27.5,3.5,-15.8,3.9,,,15.029,0.06,14.069,0.07,,,14.559,0.04,13.732,0.07,13.455,0.08,,,12.309,0.024,11.819,0.032,11.733,0.023,4984,121,182,4.591,0.03,0.025,-0.006,0.16,0.24,0.751,0.045,0.05,0.819,0.043,0.078,1.862,0.276,0.203,337.9,24.17,39.51,0.032,0.006,0.006,,,
4494,4494,4494,212053387,09 03 45.445,+21 09 32.37,1,19.126,,,,,5071-301-4-0148-0204,STAR,gri,,0,3,0,3,,,,,,,19.339,0.026,19.188,0.01,19.105,0.012,18.833,0.012,18.852,0.038,,,,,,,,,,,,,,,,,,,,,,,,,,,,,,,,,
4495,4495,4495,212053396,08 32 12.427,+21 09 33.03,1,12.039,,1398-840-1,556-045647,08321242+2109328,,STAR,gri,rpm,-2.9,2.5,-6.9,2.7,,,12.698,0.287,12.184,0.229,,,12.404,0.04,12.015,0.04,11.883,0.06,,,11.131,0.021,10.846,0.022,10.825,0.019,6090,145,121,4.128,0.21,0.21,-0.087,0.15,0.24,1.425,0.445,0.339,1.136,0.159,0.133,0.348,0.379,0.204,468.4,150.5,113.9,0.031,0.007,0.006,,,
4496,4496,4496,212053417,09 03 49.940,+21 09 34.14,1,17.782,,,,09034994+2109341,5071-301-4-0148-0227,STAR,gri,,44,3,-32,3,,,,,,,19.816,0.034,18.457,0.007,17.785,0.006,17.493,0.006,17.395,0.014,16.233,0.09,15.662,0.102,,,,,,,,,,,,,,,,,,,,,,,,,,,,,
4497,4497,4497,212053447,08 33 04.119,+21 09 35.95,1,14.755,,,556-045682,08330411+2109358,6728-301-2-0128-0116,STAR,JHK,rpm,-5,2.8,-5.8,3.2,,,,,,,,,,,,,,,,,13.354,0.027,12.946,0.027,12.8,0.023,5301,210,168,4.529,0.05,0.84,-0.18,0.2,0.44,0.851,1.552,0.086,0.875,0.085,0.085,1.457,0.336,1.38,655.9,1097,85.95,0.033,0.008,0.007,,,
4498,4498,4498,212053466,08 27 49.402,+21 09 36.91,1,17.191,,,,08274940+2109369,,STAR,J,rpm,4,4,8,2,,,,,,,,,,,,,,,,,15.716,0.066,15.108,0.094,14.669,0.078,3865,435,272,4.912,0.115,0.161,-0.125,0.2,0.28,0.357,0.15,0.105,0.406,0.175,0.146,7.229,6.078,3.753,541.2,391.5,197.4,0.032,0.008,0.007,,,
4499,4499,4499,212053557,08 29 48.663,+21 09 43.16,1,11.619,,1391-693-1,556-045544,08294865+2109433,,STAR,gri,rpm,-6.7,1.6,-10.7,1.7,,,12.342,0.254,11.587,0.158,,,11.949,0.06,11.606,0.01,11.478,0.06,,,10.705,0.025,10.448,0.03,10.396,0.023,6170,186,148,4.115,0.2,0.2,-0.074,0.15,0.27,1.441,0.607,0.32,1.172,0.171,0.142,0.339,0.369,0.199,408.8,154.5,95.83,0.031,0.007,0.007,,,
4500,4500,4500,212053566,08 30 27.238,+21 09 43.95,1,17.327,,,,08302723+2109439,,STAR,JHK,col,,,,,,,,,,,,,,,,,,,,,14.814,0.082,14.066,0.091,13.853,0.094,4139,367,367,4.799,0.161,0.115,-0.164,0.2,0.28,0.467,0.126,0.149,0.529,0.123,0.173,4.476,4.621,1.779,524.3,233.5,211.3,0.032,0.008,0.007,,,
4501,4501,4501,212053607,09 00 18.565,+21 09 46.62,1,16.002,,,556-046802,09001854+2109471,,EXTENDED,J,,3.3,20.2,-13.1,20,,,,,,,,,,,,,,,,,14.613,0.053,13.944,0.062,13.601,0.062,,,,,,,,,,,,,,,,,,,,,,,,,,,
4502,4502,4502,212053658,08 51 27.034,+21 09 50.14,1,17.978,,,,08512703+2109501,,STAR,J,col,,,,,,,,,,,,,,,,,,,,,16.445,0.113,15.765,0.118,15.218,0.126,3702,411,294,4.989,0.12,0.168,-0.204,0.25,0.3,0.275,0.142,0.094,0.296,0.186,0.133,10.9,10.85,6.144,587.8,433.7,249.5,0.032,0.008,0.008,,,
4503,4503,4503,212053704,09 03 18.285,+21 09 53.08,1,11.963,,,556-046919,09031829+2109530,,STAR,gri,lam,-15,1.5,1.6,1.8,,,12.799,0.04,12.119,0.05,,,12.425,0.05,11.964,0.03,11.766,0.09,,,10.889,0.022,10.579,0.022,10.535,0.025,5743,136,170,4.402,0.078,0.221,0.057,0.08,0.1,1.048,0.311,0.108,1.025,0.059,0.059,0.89,0.27,0.466,288.5,87.64,39.53,0.028,0.008,0.007,,,
4504,4504,4504,212053730,08 33 27.174,+21 09 54.49,1,13.968,,,556-045700,08332717+2109545,6728-301-2-0129-0071,STAR,JHK,rpm,20.6,4.3,-43,2.8,,,,,,,,,,,,,,,,,11.813,0.023,11.183,0.021,10.984,0.018,3872,136,113,4.897,0.02,0.072,-0.029,0.12,0.21,0.385,0.07,0.028,0.429,0.086,0.039,7.412,1.098,2.092,95.46,24.94,10.46,0.015,0.003,0.003,,,
4505,4505,4505,212053732,09 10 14.215,+21 09 54.50,1,19.214,,,,,5071-301-3-0157-0186,STAR,gri,,25,4,-22,4,,,,,,,22.247,0.187,20.096,0.017,19.197,0.012,18.836,0.012,18.67,0.032,,,,,,,,,,,,,,,,,,,,,,,,,,,,,,,,,
4506,4506,4506,212053807,08 58 55.731,+21 09 58.63,1,8.275,44097,1400-1140-1,556-046748,08585572+2109588,,STAR,gri,plx,-77.81,1.06,-45.86,0.63,28.04,0.85,8.318,0.017,7.634,0.012,,,9.524,0.03,8.652,0.04,7.74,0.03,,,6.413,0.021,6.166,0.026,6.071,0.018,3647,36,36,4.978,0.02,0.02,0.027,0.06,0.06,0.304,0.006,0.006,0.32,0.006,0.009,11.4,0.684,0.684,35.66,1.081,1.081,0.005,0.001,0.002,,,
4507,4507,4507,212053810,08 53 54.877,+21 09 58.99,1,14.408,,,556-046579,08535488+2109590,,STAR,gri,rpm,-2.5,3,-1.6,3.2,,,15.708,0.05,14.7,0.02,,,15.186,0.04,14.366,0.04,14.075,0.06,,,12.981,0.025,12.464,0.022,12.425,0.022,4878,98,78,3.51,1.176,1.008,-0.22,0.25,0.45,2.601,4.668,1.94,0.891,0.254,0.116,0.028,2.325,0.026,1526,2510,1171,0.032,0.008,0.008,,,
4508,4508,4508,212053861,08 59 08.919,+21 10 02.66,1,11.913,,,556-046756,08590891+2110027,,STAR,gri,rpm,-1.1,3.1,-7.9,1.1,,,13.296,0.04,12.217,0.03,,,12.735,0.05,11.903,0.04,11.56,0.08,,,10.35,0.025,9.842,0.021,9.686,0.017,4796,96,77,2.744,0.486,0.405,-0.276,0.2,0.24,7.295,3.978,2.968,1.127,0.198,0.165,0.002,0.01,0.002,1149,679.1,426.9,0.034,0.01,0.007,,,
4509,4509,4509,212053873,09 00 13.540,+21 10 03.71,1,17.03,,,,09001354+2110037,5071-301-5-0143-0139,EXTENDED,gri,,0,4,10,4,,,,,,,20.269,0.106,18.03,0.009,17.128,0.006,16.601,0.006,16.25,0.013,15.905,0.084,14.957,0.086,14.463,0.098,,,,,,,,,,,,,,,,,,,,,,,,,,,
4510,4510,4510,212053878,09 08 13.324,+21 10 04.08,1,15.488,,,,09081332+2110040,5061-301-4-0157-0098,EXTENDED,gri,,4,4,8,1,,,,,,,18.421,0.03,16.453,0.004,15.529,0.003,15.074,0.003,14.732,0.006,14.609,0.072,13.938,0.075,13.557,0.07,,,,,,,,,,,,,,,,,,,,,,,,,,,
4511,4511,4511,212053913,08 57 11.606,+21 10 06.00,1,16.828,,,,08571160+2110059,,STAR,J,rpm,12,9,6,2,,,,,,,,,,,,,,,,,15.378,0.085,14.828,0.117,14.361,0.113,3972,687,412,4.87,0.14,0.196,-0.172,0.2,0.32,0.396,0.201,0.133,0.422,0.216,0.18,6.416,6.836,3.729,500.4,449.6,207.1,0.031,0.008,0.007,,,
4512,4512,4512,212053988,08 59 33.450,+21 10 10.42,1,15.028,,,556-046776,08593345+2110103,5071-301-5-0142-0034,STAR,gri,rpm,13.2,4.5,-15,4.8,,,16.367,0.16,15.389,0.14,,,15.658,0.16,14.972,0.08,14.758,0.05,,,13.444,0.024,12.955,0.024,12.812,0.023,4995,149,119,4.601,0.03,0.036,-0.18,0.2,0.32,0.727,0.05,0.056,0.774,0.065,0.065,1.961,0.354,0.253,544.5,61.96,55.63,0.032,0.008,0.006,,,
4513,4513,4513,212054062,08 30 32.204,+21 10 15.54,1,16.709,,,556-045583,08303219+2110154,,STAR,JHK,rpm,-24.5,7.2,-11.7,6,,,,,,,,,,,,,,,,,14.507,0.025,13.796,0.033,13.664,0.039,4156,164,131,4.776,0.055,0.055,-0.109,0.16,0.2,0.506,0.06,0.064,0.567,0.059,0.071,4.284,1.172,0.92,474.7,86.9,73.45,0.033,0.008,0.007,,,
4514,4514,4514,212054063,08 28 17.860,+21 10 15.59,1,12.393,,,556-045474,08281786+2110154,,STAR,gri,rpm,-11.5,1.3,2.8,2,,,12.958,0.01,12.497,0.01,,,12.693,0.05,12.373,0.041,12.264,0.061,,,11.499,0.021,11.264,0.022,11.248,0.018,6291,150,150,4.163,0.135,0.162,-0.192,0.2,0.28,1.43,0.329,0.227,1.177,0.124,0.174,0.367,0.215,0.156,568.9,144.7,97.89,0.032,0.008,0.006,,,
4515,4515,4515,212054080,09 04 09.706,+21 10 16.40,1,17.941,,,,09040970+2110164,5071-301-4-0148-0296,EXTENDED,gri,,2,3,1,3,,,,,,,20.669,0.087,18.906,0.01,18.005,0.008,17.527,0.007,17.208,0.018,16.281,0.102,15.475,0.098,15.232,0.119,,,,,,,,,,,,,,,,,,,,,,,,,,,
4516,4516,4516,212054148,09 08 12.007,+21 10 21.32,1,18.99,,,,,5061-301-4-0157-0099,STAR,gri,,49,4,-83,4,,,,,,,25.217,0.57,20.672,0.023,19.188,0.012,18.269,0.009,17.72,0.019,,,,,,,,,,,,,,,,,,,,,,,,,,,,,,,,,
4517,4517,4517,212054264,08 26 23.337,+21 10 29.15,1,14.55,,,556-045373,08262333+2110292,6597-301-4-0212-0138,STAR,gri,rpm,-28.1,4.3,15.1,4.9,,,15.566,0.06,14.843,0.043,,,15.221,0.07,14.583,0.05,14.262,0.076,,,13.261,0.025,12.768,0.027,12.75,0.026,5093,141,100,4.605,0.035,0.025,-0.391,0.25,0.3,0.712,0.046,0.059,0.743,0.065,0.065,2.054,0.337,0.244,494.1,48.92,44.51,0.035,0.01,0.008,,,
4518,4518,4518,212054309,08 58 02.454,+21 10 32.16,1,12.453,,,556-046716,08580245+2110322,,STAR,gri,rpm,18.8,1.7,-13.7,1.6,,,13.424,0.03,12.624,0.05,,,13.025,0.04,12.411,0.07,12.208,0.08,,,11.315,0.022,10.973,0.023,10.88,0.019,5584,155,111,4.469,0.05,0.17,-0.026,0.15,0.21,0.946,0.242,0.079,0.971,0.069,0.069,1.123,0.243,0.522,304.4,76.36,35.59,0.031,0.007,0.008,,,
4519,4519,4519,212054313,08 51 25.270,+21 10 32.40,1,14.536,,,556-046481,08512527+2110324,5045-301-3-0147-0009,STAR,gri,rpm,-7,1.5,1.6,4.1,,,16.071,0.08,14.895,0.04,,,15.551,0.03,14.466,0.02,14.101,0.03,,,12.852,0.023,12.247,0.021,12.129,0.017,4410,89,89,4.71,0.042,0.035,-0.176,0.24,0.2,0.587,0.061,0.056,0.646,0.069,0.058,3.122,0.666,0.465,283.3,41.07,31.04,0.028,0.005,0.007,,,
4520,4520,4520,212054318,08 53 24.009,+21 10 32.97,1,12.118,,1400-39-1,556-046561,08532397+2110341,,STAR,gri,lam,15.9,2.4,-25.6,2.5,,,12.527,0.305,11.959,0.232,,,12.92,0.03,12.113,0.03,11.774,0.03,,,10.629,0.023,10.057,0.021,9.905,0.017,4463,69,104,0.548,0.132,0.154,-2.155,0.21,0.15,77.956,12.795,10.991,0.799,0.016,0.016,1.56E-06,1.00E-06,6.09E-07,17570,13530,7643,0.033,0.007,0.007,,,
4521,4521,4521,212054357,08 34 07.811,+21 10 35.45,1,17.958,,,,08340781+2110354,6728-301-2-0130-0314,EXTENDED,gri,,2,3,1,3,,,,,,,20.645,0.092,19.061,0.012,17.909,0.007,17.485,0.007,17.13,0.014,16.216,0.082,15.425,0.092,15.136,0.105,,,,,,,,,,,,,,,,,,,,,,,,,,,
4522,4522,4522,212054432,09 07 39.691,+21 10 40.13,1,13.613,,,556-047047,09073968+2110401,,STAR,gri,lam,-1.7,3.2,-1,3.7,,,14.909,0.04,13.872,0.07,,,14.415,0.04,13.548,0.08,13.269,0.1,,,12.177,0.024,11.658,0.036,11.551,0.025,4937,98,78,3.517,0.11,0.132,-0.151,0.12,0.12,3.094,0.475,0.412,1.178,0.123,0.147,0.038,0.018,0.014,1281,189.8,165.3,0.034,0.008,0.006,,,
4523,4523,4523,212054439,08 59 46.119,+21 10 40.49,1,14.731,,,556-046785,08594611+2110404,,STAR,gri,rpm,30.3,4.5,-20,4.8,,,17.03,0.09,15.484,0.01,,,16.308,0.08,14.918,0.06,14.055,0.02,,,12.448,0.023,11.789,0.021,11.572,0.018,3768,45,152,4.905,0.099,0.045,0.065,0.14,0.12,0.369,0.045,0.093,0.409,0.05,0.117,7.782,5.283,1.457,118.2,17.51,35.66,0.017,0.006,0.005,,,
4524,4524,4524,212054445,08 29 45.137,+21 10 40.63,1,17.493,,,,,6597-301-3-0217-0264,EXTENDED,gri,,-2,3,-9,3,,,,,,,19.171,0.06,18.028,0.009,17.589,0.009,17.263,0.01,17.185,0.037,,,,,,,,,,,,,,,,,,,,,,,,,,,,,,,,,
4525,4525,4525,212054526,08 32 42.908,+21 10 45.79,1,15.114,,,556-045671,08324290+2110457,,STAR,BV,rpm,0.4,2.8,-4.8,3.2,,,16.198,0.073,15.325,0.05,,,15.605,0.02,,,,,,,13.396,0.025,12.879,0.025,12.787,0.023,4960,116,145,4.55,0.078,1.638,-0.31,0.3,0.54,0.801,4.788,0.117,0.827,0.145,0.073,1.615,0.539,1.609,602.1,3285,120.7,0.033,0.01,0.007,,,
4526,4526,4526,212054550,09 05 02.036,+21 10 47.19,1,13.98,,,556-046968,09050203+2110473,,STAR,gri,rpm,1.7,10.3,-9.8,2.9,,,15.254,0.05,14.28,0.05,,,14.74,0.02,13.954,0.06,13.654,0.1,,,12.524,0.025,11.997,0.022,11.91,0.021,4908,78,78,3.519,1.169,0.835,-0.225,0.2,0.44,2.609,3.246,2,0.902,0.233,0.129,0.037,1.589,0.034,1185,1468,907.4,0.032,0.008,0.006,,,
4527,4527,4527,212054565,08 29 37.107,+21 10 47.91,1,14.642,,,556-045539,08293710+2110478,,STAR,gri,rpm,8.4,2.4,6.4,2.9,,,15.7,0.01,14.928,0.1,,,15.396,0.04,14.584,0.04,14.318,0.077,,,13.18,0.023,12.729,0.025,12.604,0.018,5017,122,81,4.577,0.04,0.888,-0.097,0.2,0.24,0.767,1.407,0.066,0.837,0.096,0.072,1.767,0.333,1.676,516.8,1071,51.94,0.034,0.011,0.008,,,
4528,4528,4528,212054578,08 28 20.274,+21 10 48.63,1,17.234,,,,08282027+2110486,,STAR,JHK,col,,,,,,,,,,,,,,,,,,,,,15.015,0.035,14.319,0.054,14.167,0.049,4129,287,239,4.783,0.102,0.085,-0.164,0.2,0.28,0.488,0.095,0.107,0.532,0.112,0.112,4.574,2.642,1.446,581,174.4,157,0.032,0.008,0.007,,,
4529,4529,4529,212054586,09 05 29.909,+21 10 49.38,1,15.409,,,556-046984,09052991+2110495,5071-301-4-0150-0081,STAR,gri,rpm,-3.2,4.4,0.7,4.7,,,16.352,0.1,15.576,0.08,,,15.946,0.03,15.309,0.06,15.179,0.18,,,14.254,0.03,13.865,0.037,13.735,0.04,5375,162,162,4.536,0.045,0.09,-0.231,0.2,0.32,0.814,0.133,0.073,0.862,0.073,0.087,1.468,0.389,0.436,977.5,210.8,112.3,0.034,0.008,0.007,,,
4530,4530,4530,212054594,08 58 18.906,+21 10 49.73,1,15.881,,,556-046726,08581889+2110496,5038-301-2-0056-0231,STAR,J,,37.8,4.7,-90.2,5.6,,,,,,,,,,,,,,,,,14.5,0.029,13.937,0.037,,,,,,,,,,,,,,,,,,,,,,,,,,,,,
4531,4531,4531,212054649,09 05 47.637,+21 10 53.44,1,12.253,,,556-046991,09054764+2110536,,STAR,gri,lam,-11.5,1.2,-8.7,1.2,,,12.962,0.05,12.376,0.06,,,12.644,0.05,12.214,0.08,12.086,0.09,,,11.308,0.024,11.012,0.028,10.945,0.02,6079,169,121,4.166,0.144,0.12,-0.095,0.12,0.12,1.408,0.273,0.229,1.131,0.115,0.096,0.368,0.208,0.133,497.3,100.6,83.66,0.032,0.008,0.006,,,
4532,4532,4532,212054705,08 50 36.708,+21 10 57.17,1,17.339,,,,,5045-301-3-0145-0387,EXTENDED,gri,,-1,3,4,3,,,,,,,19.105,0.081,17.866,0.013,17.401,0.013,17.113,0.016,17.073,0.059,,,,,,,,,,,,,,,,,,,,,,,,,,,,,,,,,
4533,4533,4533,212054757,08 52 17.209,+21 11 00.51,1,12.638,,1399-1060-1,556-046510,08521721+2111006,,STAR,gri,,-6.6,2.5,-5,2.5,,,12.749,0.347,11.8,0.21,,,13.023,0.02,12.57,0.02,12.473,0.02,,,11.638,0.023,,,11.312,0.02,,,,,,,,,,,,,,,,,,,,,,,,,,,
4534,4534,4534,212054780,08 31 28.180,+21 11 01.81,1,12.543,,,556-045614,08312817+2111018,,STAR,gri,rpm,-22,1.4,-23.2,8.8,,,13.462,0.02,12.73,0.04,,,13.077,0.05,12.518,0.01,12.314,0.061,,,11.368,0.023,10.999,0.023,10.911,0.018,5533,132,110,4.502,0.045,0.135,-0.106,0.15,0.33,0.895,0.55,0.101,0.929,0.087,0.101,1.252,0.271,0.583,290.3,87.13,28.93,0.032,0.007,0.008,,,
4535,4535,4535,212054811,08 50 50.721,+21 11 04.03,1,12.692,,,556-046454,08505071+2111040,,STAR,gri,lam,-12.9,1,-1.5,1.7,,,13.349,0.02,12.808,0.01,,,13.052,0.03,12.659,0.01,12.537,0.01,,,11.759,0.022,11.5,0.025,11.413,0.02,5940,140,93,4.121,0.224,0.16,-0.328,0.12,0.15,1.364,0.276,0.31,0.971,0.076,0.047,0.363,0.351,0.156,581.4,124.1,137.9,0.033,0.01,0.007,,,
4536,4536,4536,212054818,08 26 23.811,+21 11 04.39,1,12.782,,,556-045374,08262380+2111044,,STAR,gri,rpm,9.5,2.2,-2.2,3.6,,,14.075,0.01,13.079,0.01,,,13.601,0.06,12.772,0.02,12.431,0.061,,,11.177,0.021,10.604,0.022,10.495,0.017,4745,75,94,2.497,0.594,0.27,-0.398,0.25,0.35,8.699,3.117,3.984,0.971,0.141,0.077,0.001,0.007,6.95E-04,2145,605.6,964,0.034,0.007,0.007,,,
4537,4537,4537,212054858,08 28 02.930,+21 11 07.34,1,15.441,,,,08280293+2111073,,STAR,JHK,col,,,,,,,,,,,,,,,,,,,,,13.495,0.023,12.89,0.023,12.728,0.023,3900,369,153,4.89,0.085,0.102,-0.18,0.2,0.32,0.382,0.112,0.074,0.422,0.126,0.09,7.066,3.629,2.769,210.8,95.04,43.75,0.026,0.007,0.006,,,
4538,4538,4538,212054880,09 03 18.565,+21 11 09.12,1,19.976,,,,,5061-301-5-0150-0311,EXTENDED,gri,,-4,4,2,4,,,,,,,21.326,0.122,20.185,0.023,19.907,0.026,19.621,0.036,19.74,0.136,,,,,,,,,,,,,,,,,,,,,,,,,,,,,,,,,
4539,4539,4539,212054986,09 00 16.914,+21 11 16.11,1,15.404,,,556-046799,09001691+2111161,,STAR,gri,rpm,3.1,4.4,-1.3,4.8,,,16.332,0.11,15.597,0.06,,,15.938,0.09,15.421,0.05,15.175,0.12,,,14.094,0.023,13.691,0.03,13.556,0.038,5438,195,162,4.512,0.055,0.77,-0.313,0.25,0.55,0.844,1.245,0.088,0.863,0.073,0.073,1.393,0.361,1.297,971.1,1382,129.2,0.033,0.01,0.007,,,
4540,4540,4540,212054998,08 59 13.045,+21 11 16.43,1,12.856,,,556-046759,08591304+2111165,,STAR,gri,rpm,-8.4,1.3,-2.9,1.9,,,13.579,0.04,12.993,0.03,,,13.239,0.05,12.864,0.04,12.691,0.09,,,11.834,0.023,11.547,0.021,11.51,0.02,6072,144,120,4.214,0.17,0.238,-0.129,0.15,0.21,1.344,0.493,0.316,1.088,0.134,0.112,0.431,0.336,0.26,610.2,198.6,149.9,0.033,0.007,0.006,,,
4541,4541,4541,212055065,08 57 40.359,+21 11 20.90,1,12.67,,,556-046698,08574035+2111209,,STAR,gri,rpm,10.3,1.5,-3.1,1.1,,,13.622,0.04,12.817,0.05,,,13.212,0.06,12.626,0.07,12.438,0.07,,,11.554,0.022,11.204,0.023,11.12,0.019,5592,133,133,4.349,0.155,0.589,-0.138,0.2,0.28,1.033,1.317,0.182,0.976,0.22,0.11,0.753,0.633,0.669,379.3,446.8,80.78,0.031,0.006,0.006,,,
4542,4542,4542,212055087,08 26 01.651,+21 11 21.83,1,17.788,,,,08260165+2111218,,STAR,J,rpm,4,9,8,3,,,,,,,,,,,,,,,,,16.271,0.093,15.465,0.115,14.749,0.087,3737,356,254,4.962,0.108,0.144,-0.128,0.2,0.24,0.309,0.122,0.088,0.33,0.173,0.124,10.47,7.519,5.002,573.1,306.4,199.7,0.033,0.008,0.007,,,
4543,4543,4543,212055148,08 28 40.494,+21 11 25.38,1,16.302,,,556-045495,08284049+2111254,6728-301-3-0122-0179,STAR,JHK,col,,,,,,,,,,,,,,,,,,,,,14.323,0.03,13.654,0.03,13.546,0.039,4237,216,216,4.754,0.084,0.07,-0.151,0.2,0.24,0.519,0.081,0.083,0.584,0.082,0.099,3.997,1.807,1.068,460,108.5,103.2,0.032,0.008,0.007,,,
4544,4544,4544,212055206,08 29 06.472,+21 11 28.49,1,17.659,,,,08290647+2111284,,STAR,J,col,,,,,,,,,,,,,,,,,,,,,16.152,0.085,15.31,0.103,14.717,0.086,3684,385,385,4.984,0.135,0.162,-0.128,0.2,0.28,0.271,0.149,0.096,0.274,0.218,0.136,11.74,13.94,6.373,447.7,341.2,220.8,0.031,0.009,0.009,,,
4545,4545,4545,212055245,09 02 20.890,+21 11 31.06,1,11.35,,,556-046888,09022088+2111311,,STAR,gri,lam,-8.5,1.3,2.7,2.3,,,12.097,0.05,11.5,0.04,,,11.761,0.04,11.371,0.04,11.173,0.09,,,10.318,0.023,10.021,0.021,9.976,0.02,5940,141,141,4.006,0.168,0.12,-0.167,0.15,0.15,1.652,0.334,0.328,1.093,0.136,0.097,0.22,0.162,0.081,362.9,69.39,68.73,0.03,0.008,0.007,,,
4546,4546,4546,212055270,08 55 41.284,+21 11 32.71,1,14.391,,,556-046627,08554127+2111327,,STAR,gri,rpm,3.7,2.5,-4.9,1.9,,,15.528,0.02,14.635,0.06,,,15.068,0.07,14.361,0.09,14.101,0.06,,,13,0.025,12.549,0.026,12.465,0.022,5147,124,124,3.66,0.94,0.47,-0.395,0.36,0.48,2.368,1.35,1.635,0.891,0.167,0.07,0.066,1.755,0.055,1506,794.7,1046,0.033,0.009,0.009,,,
4547,4547,4547,212055290,08 50 09.195,+21 11 33.58,1,18.167,,,,08500919+2111335,5045-301-3-0145-0224,STAR,gri,col,,,,,,,,,,,23.474,0.555,20.225,0.019,18.775,0.01,17.285,0.006,16.54,0.009,15.11,0.065,14.524,0.075,14.268,0.077,3130,31,31,5.165,0.02,0.02,0.078,0.12,0.08,0.159,0.003,0.003,0.136,0.003,0.003,33.46,2.007,2.007,130.7,12.94,13.99,0.017,0.005,0.003,,,
4548,4548,4548,212055309,08 26 33.060,+21 11 34.71,1,15.521,,,556-045387,08263306+2111347,6597-301-4-0212-0258,STAR,JHK,rpm,-4.3,4,-2.1,4.7,,,,,,,,,,,,,,,,,14.093,0.026,13.626,0.026,13.524,0.032,5105,151,151,4.576,0.045,1.044,-0.248,0.25,0.5,0.765,1.977,0.071,0.816,0.073,0.073,1.711,0.37,1.674,810,2109,119.9,0.033,0.01,0.007,,,
4549,4549,4549,212055337,09 05 30.272,+21 11 36.08,1,17.264,,,,09053027+2111360,5071-301-4-0150-0229,STAR,gri,rpm,50,3,-70,3,,,,,,,20.415,0.05,18.28,0.007,17.246,0.005,16.828,0.006,16.597,0.009,15.462,0.05,14.924,0.062,14.814,0.082,4161,85,85,4.995,0.05,0.025,-1.079,0.28,0.16,0.305,0.02,0.052,0.34,0.03,0.071,11.66,4.252,1.364,416.8,55.19,57.78,0.032,0.007,0.01,,,
4550,4550,4550,212055352,08 34 11.786,+21 11 37.24,1,10.954,,1398-1468-1,556-045739,08341178+2111372,,STAR,BV,rpm,-4.3,2.4,-3.2,2.6,,,12.714,0.444,11.249,0.133,,,12.27,0.03,,,,,,,9.948,0.023,9.457,0.023,9.328,0.02,4864,116,97,2.454,0.675,0.09,-0.339,0.25,0.3,10.263,1.042,5.373,1.108,0.294,0.163,9.71E-04,0.009,2.14E-04,1407,130.1,703,0.033,0.01,0.007,,,
4551,4551,4551,212055397,08 28 23.826,+21 11 39.81,1,14.365,,,556-045481,08282382+2111396,6728-301-3-0122-0014,STAR,gri,rpm,-4.8,3.5,-3.5,2.9,,,15.3,0.04,14.514,0.02,,,14.877,0.03,14.318,0.03,14.146,0.074,,,13.16,0.021,12.722,0.026,12.647,0.021,5356,127,127,3.705,0.819,0.702,-0.677,0.48,0.48,1.9,2.128,1.202,0.879,0.061,0.073,0.101,1.482,0.091,1344,1398,824.7,0.033,0.008,0.007,,,
4552,4552,4552,212055402,08 58 18.904,+21 11 39.97,1,13.811,,,556-046725,08581890+2111400,,STAR,gri,rpm,-9.9,2.1,-5.5,2.1,,,15.161,0.05,14.097,0.04,,,14.636,0.06,13.789,0.07,13.458,0.08,,,12.287,0.02,11.731,0.024,11.623,0.021,4791,113,113,4.588,0.06,1.656,-0.21,0.25,0.35,0.737,4.854,0.1,0.799,0.239,0.092,1.866,0.566,1.861,319.3,2043,54.94,0.03,0.01,0.007,,,
4553,4553,4553,212055428,09 06 38.750,+21 11 40.88,1,18.567,,,,,5061-301-4-0154-0177,EXTENDED,gri,,,,,,,,,,,,20.255,0.115,19.049,0.018,18.729,0.024,18.36,0.028,18.507,0.121,,,,,,,,,,,,,,,,,,,,,,,,,,,,,,,,,
4554,4554,4554,212055431,08 53 27.323,+21 11 41.08,1,11.5,,,556-046564,08532732+2111410,,STAR,gri,rpm,-9,1.3,-1.4,1,,,12.946,0.01,11.795,0.02,,,12.384,0.04,11.436,0.03,11.121,0.03,,,9.939,0.023,9.358,0.022,9.238,0.018,4635,74,74,2.473,0.27,0.15,-0.109,0.15,0.24,10.664,1.546,3.062,1.211,0.156,0.187,9.61E-04,0.002,3.55E-04,1393,201.9,377.3,0.034,0.011,0.007,,,
4555,4555,4555,212055471,08 56 57.241,+21 11 43.64,1,19.497,,,,,5038-301-2-0054-0269,STAR,gri,,7,4,-6,4,,,,,,,20.005,0.035,19.583,0.013,19.469,0.014,19.283,0.017,19.025,0.044,,,,,,,,,,,,,,,,,,,,,,,,,,,,,,,,,
4556,4556,4556,212055520,08 35 40.429,+21 11 46.79,1,16.388,,,,08354042+2111467,6597-301-2-0226-0356,STAR,gri,rpm,-22,3,-9,3,,,,,,,20.786,0.066,18.167,0.007,16.756,0.005,15.625,0.005,15.03,0.005,13.715,0.022,13.07,0.027,12.835,0.029,3658,107,107,4.998,0.025,0.05,-0.04,0.15,0.15,0.284,0.047,0.028,0.299,0.063,0.042,12.74,1.887,2.804,155.5,31.97,19.44,0.023,0.008,0.006,,,
4557,4557,4557,212055526,09 06 38.582,+21 11 47.08,1,16.45,,,,09063858+2111470,5061-301-4-0154-0176,EXTENDED,gri,,-10,2,15,2,,,,,,,18.188,0.032,16.98,0.005,16.506,0.009,16.223,0.01,16.014,0.017,16.136,0.134,15.642,0.191,15.253,0.156,,,,,,,,,,,,,,,,,,,,,,,,,,,
4558,4558,4558,212055545,08 54 14.299,+21 11 48.30,1,15.058,,,556-046585,08541431+2111483,5038-301-3-0050-0239,STAR,gri,rpm,-43.9,3.1,-13.8,3,,,16.93,0.08,15.878,0.062,,,16.464,0.059,15.395,0.061,14.455,0.03,,,12.676,0.023,12.015,0.026,11.766,0.02,3772,45,60,4.884,0.02,0.02,0.166,0.12,0.06,0.388,0.024,0.017,0.423,0.032,0.023,7.161,0.837,0.63,143.2,10.6,11.76,0.018,0.012,0.006,,,
4559,4559,4559,212055550,09 03 28.609,+21 11 48.76,1,16.891,,,,09032860+2111487,,STAR,J,col,,,,,,,,,,,,,,,,,,,,,15.437,0.055,14.719,0.076,14.147,0.073,3565,330,330,5.013,0.13,0.13,-0.097,0.18,0.24,0.243,0.124,0.082,0.237,0.175,0.11,14.05,14.63,7.168,296.7,210.6,140.8,0.029,0.009,0.009,,,
4560,4560,4560,212055553,08 29 50.225,+21 11 48.89,1,17.618,,,,,6728-301-3-0124-0182,EXTENDED,gri,,1,3,14,3,,,,,,,19.648,0.068,18.319,0.01,17.62,0.009,17.317,0.009,17.019,0.024,,,,,,,,,,,,,,,,,,,,,,,,,,,,,,,,,
4561,4561,4561,212055560,08 59 13.095,+21 11 49.25,1,16.124,,,556-046760,08591309+2111494,5061-301-6-0144-0051,STAR,gri,col,,,,,,,17.121,0.101,16.461,0.079,,,16.629,0.08,16.173,0.14,15.908,0.129,,,14.938,0.036,14.494,0.037,14.315,0.052,5284,247,206,4.569,0.06,0.096,-0.503,0.35,0.49,0.744,0.129,0.093,0.766,0.09,0.09,1.769,0.563,0.568,1172,315.8,183.6,0.033,0.01,0.007,,,
4562,4562,4562,212055616,08 25 46.284,+21 11 53.08,1,17.546,,,,08254628+2111530,,STAR,JHK,col,,,,,,,,,,,,,,,,,,,,,14.961,0.055,14.184,0.058,13.875,0.05,3982,265,318,4.854,0.14,0.1,-0.124,0.2,0.24,0.418,0.101,0.147,0.472,0.113,0.181,5.912,7.082,2.095,467.7,166.1,197.1,0.031,0.01,0.008,,,
4563,4563,4563,212055623,08 56 12.133,+21 11 53.45,1,12.105,,1400-1168-1,556-046651,08561212+2111532,,STAR,gri,rpm,-4.8,1.8,-5.8,1.9,,,12.164,0.228,11.7,0.219,,,12.282,0.05,12.046,0.05,12.017,0.04,,,11.349,0.02,11.187,0.021,11.15,0.017,6713,204,163,4.13,0.105,0.168,-0.052,0.12,0.12,1.637,0.443,0.228,1.389,0.134,0.111,0.308,0.142,0.14,659.5,145.2,100.8,0.033,0.008,0.007,,,
4564,4564,4564,212055678,09 06 46.645,+21 11 57.41,1,13.312,,,556-047022,09064664+2111574,,STAR,gri,rpm,-4.7,3.5,-34.9,3.9,,,15.384,0.03,13.939,0.05,,,14.767,0.06,13.355,0.07,12.688,0.09,,,11.205,0.023,10.494,0.027,10.348,0.02,4013,79,63,4.81,0.03,0.025,0.088,0.08,0.16,0.474,0.033,0.036,0.539,0.038,0.038,4.857,0.876,0.627,96.43,13.37,11.74,0.015,0.004,0.004,,,
4565,4565,4565,212055680,08 29 34.253,+21 11 57.49,1,13.774,,,556-045536,08293424+2111574,,STAR,gri,rpm,-14.8,1.8,-8.4,2.4,,,15.161,0.09,14.146,0.03,,,14.711,0.04,13.722,0.01,13.373,0.065,,,12.096,0.023,11.523,0.023,11.393,0.018,4606,54,54,4.651,0.024,0.02,-0.01,0.14,0.12,0.668,0.027,0.026,0.738,0.023,0.034,2.441,0.235,0.215,239.8,11.07,9.099,0.026,0.009,0.005,,,
4566,4566,4566,212055701,08 58 42.571,+21 11 58.33,1,12.65,,,556-046741,08584257+2111583,,STAR,gri,rpm,18.8,1.5,12.5,1.5,,,13.45,0.03,12.773,0.05,,,13.101,0.05,12.621,0.06,12.457,0.08,,,11.629,0.023,11.28,0.021,11.233,0.018,5787,135,202,4.407,0.09,0.315,-0.165,0.2,0.2,0.999,0.49,0.111,0.966,0.078,0.093,0.94,0.314,0.606,383.3,181,57.05,0.031,0.007,0.007,,,
4567,4567,4567,212055726,08 26 50.491,+21 11 59.67,1,15.237,,,556-045401,08265048+2111597,,STAR,BV,rpm,-0.6,4.1,-1.5,4.7,,,16.357,0.077,15.458,0.053,,,15.907,0.1,,,,,,,13.929,0.025,13.484,0.03,13.368,0.029,5172,184,153,4.553,0.045,1.044,-0.267,0.25,0.45,0.793,1.889,0.073,0.845,0.076,0.076,1.63,0.352,1.584,784.3,1825,98.05,0.034,0.01,0.007,,,
4568,4568,4568,212055782,08 33 48.621,+21 12 03.07,1,14.381,,,557-045077,08334862+2112031,6728-301-2-0129-0156,STAR,BV,rpm,-20,2.8,-3.1,7.9,,,15.613,0.08,14.565,0.04,,,15.008,0.04,,,,,,,13.2,0.025,12.769,0.024,12.671,0.017,5214,187,156,4.565,0.035,0.063,-0.238,0.25,0.3,0.782,0.102,0.066,0.826,0.072,0.072,1.725,0.302,0.392,552.9,99.7,64.64,0.032,0.011,0.008,,,
4569,4569,4569,212055800,08 53 40.847,+21 12 04.81,1,10.453,,1400-43-1,557-046008,08534084+2112048,,STAR,gri,lam,-6.6,1.1,-10.3,1.2,,,10.819,0.058,10.42,0.054,,,10.647,0.03,10.388,0.06,10.315,0.04,,,9.714,0.022,9.559,0.022,9.513,0.018,6832,165,137,4.133,0.1,0.14,-0.022,0.1,0.1,1.68,0.365,0.22,1.441,0.124,0.083,0.277,0.128,0.101,321.1,61.05,43.35,0.029,0.008,0.007,,,
4570,4570,4570,212055810,08 55 51.626,+21 12 05.17,1,14.79,,,557-046083,08555162+2112051,5071-301-6-0137-0204,STAR,JHK,rpm,25.5,2.8,-112.9,3,,,,,,,,,,,,,,,,,12.621,0.02,12.013,0.022,11.788,0.018,3655,174,145,5.002,0.077,0.055,-0.158,0.2,0.24,0.264,0.05,0.057,0.265,0.085,0.071,13.03,7.104,3.481,93.46,36.38,19.56,0.014,0.006,0.004,,,
4571,4571,4571,212055842,08 55 20.761,+21 12 07.30,1,10.771,,1400-1489-1,557-046068,,,STAR,gri,,14.5,1.8,-26.4,1.9,,,12.235,0.283,11.34,0.146,,,11.333,0.06,10.736,0.05,10.531,0.05,,,,,,,,,,,,,,,,,,,,,,,,,,,,,,,,,,,
4572,4572,4572,212055848,08 54 18.009,+21 12 07.70,1,14.527,,,557-046031,08541801+2112078,5038-301-3-0051-0020,STAR,gri,rpm,2.3,2.9,0.3,3.1,,,15.743,0.063,14.696,0.042,,,15.239,0.02,14.455,0.02,14.222,0.075,,,13.149,0.025,12.593,0.022,12.501,0.022,4872,77,77,2.841,1.653,0.522,-0.407,0.3,0.36,5.92,4.18,5.221,0.92,0.077,0.128,0.004,1.496,0.004,3622,2707,3154,0.033,0.008,0.005,,,
4573,4573,4573,212055939,08 28 07.373,+21 12 13.42,1,17.81,,,,08280737+2112134,,STAR,J,,,,,,,,,,,,,,,,,,,,,,16.291,0.119,15.642,0.149,,,,,,,,,,,,,,,,,,,,,,,,,,,,,
4574,4574,4574,212056009,08 34 00.146,+21 12 17.22,1,14.392,,,557-045086,08340014+2112171,6728-301-2-0130-0062,STAR,BV,rpm,-4.5,2.6,-2.6,2.8,,,15.346,0.06,14.567,0.04,,,14.987,0.04,,,,,,,12.968,0.027,12.492,0.027,12.435,0.024,5101,154,154,3.603,0.99,0.66,-0.46,0.42,0.49,2.418,2.38,1.73,0.899,0.178,0.081,0.042,1.459,0.037,1599,1411,1148,0.034,0.008,0.01,,,
4575,4575,4575,212056046,09 02 52.469,+21 12 19.47,1,17.955,,,,,5038-301-1-0063-0030,STAR,gri,,-1,3,-1,3,,,,,,,18.173,0.012,18.015,0.006,17.935,0.007,17.932,0.008,17.716,0.017,,,,,,,,,,,,,,,,,,,,,,,,,,,,,,,,,
4576,4576,4576,212056105,08 57 32.857,+21 12 22.94,1,13.999,,,557-046132,08573286+2112230,,STAR,gri,rpm,-35.9,3,-18.4,2.4,,,15.139,0.03,14.22,0.07,,,14.711,0.06,13.94,0.07,13.694,0.1,,,12.648,0.023,12.153,0.021,12.116,0.021,4986,121,101,4.613,0.04,0.025,-0.288,0.2,0.28,0.705,0.04,0.068,0.737,0.059,0.071,2.119,0.435,0.209,358.5,31.89,34.84,0.029,0.01,0.007,,,
4577,4577,4577,212056107,08 57 27.020,+21 12 23.08,1,13.309,,,557-046126,08572702+2112230,,STAR,gri,rpm,-15.3,2,16.9,2.4,,,14.575,0.04,13.58,0.05,,,14.097,0.04,13.238,0.06,12.971,0.04,,,11.896,0.023,11.418,0.023,11.3,0.019,4960,80,80,4.59,0.025,0.025,0.03,0.1,0.2,0.758,0.034,0.039,0.836,0.027,0.048,1.839,0.215,0.162,283.6,19.45,21.12,0.03,0.008,0.006,,,
4578,4578,4578,212056138,08 53 35.287,+21 12 25.41,1,12.381,,,557-046000,08533528+2112254,,STAR,gri,rpm,-23.4,1.1,17.8,1.3,,,13.453,0.01,12.605,0.01,,,13.036,0.04,12.338,0.03,12.1,0.02,,,11.108,0.023,10.663,0.022,10.583,0.018,5144,122,102,4.537,0.06,1.21,-0.218,0.2,0.56,0.847,2.558,0.115,0.886,0.081,0.081,1.418,0.451,1.397,234.6,586.4,46.53,0.026,0.014,0.006,,,
4579,4579,4579,212056162,08 33 49.621,+21 12 26.56,1,14.695,,,557-045079,08334962+2112266,6728-301-2-0130-0020,STAR,JHK,rpm,5.9,2.8,-36.7,3.1,,,,,,,,,,,,,,,,,12.685,0.023,12.055,0.022,11.899,0.022,4042,349,193,4.824,0.055,0.11,-0.104,0.2,0.24,0.453,0.133,0.06,0.509,0.125,0.07,5.39,1.634,2.216,177.7,75.62,31.25,0.023,0.007,0.005,,,
4580,4580,4580,212056175,08 26 17.309,+21 12 27.72,1,10.575,,1391-1416-1,557-044680,08261731+2112277,,STAR,gri,rpm,-22.1,1.2,-30.5,1.3,,,11.384,0.089,10.69,0.076,,,11.006,0.03,10.55,0.04,10.39,0.06,,,9.507,0.021,9.256,0.022,9.125,0.018,5994,143,119,4.152,0.2,0.24,-0.001,0.15,0.21,1.397,0.588,0.31,1.138,0.192,0.107,0.346,0.369,0.201,216.9,77.85,57.29,0.026,0.008,0.007,,,
4581,4581,4581,212056213,08 54 44.789,+21 12 29.38,1,11.957,,,557-046049,08544478+2112295,,STAR,gri,lam,-13,1.3,-28.6,2.7,,,12.785,0.041,12.097,0.01,,,12.476,0.01,11.922,0.03,11.735,0.04,,,10.91,0.026,10.531,0.031,10.421,0.021,5702,135,135,4.47,0.04,0.064,-0.319,0.15,0.15,0.895,0.11,0.067,0.88,0.074,0.074,1.192,0.177,0.262,245.4,37.66,20.14,0.025,0.012,0.004,,,
4582,4582,4582,212056221,08 55 31.921,+21 12 29.87,1,18.333,,,,08553192+2112298,5071-301-6-0136-0190,STAR,gri,rpm,23,3,-62,3,,,,,,,21.437,0.12,19.412,0.011,18.302,0.008,17.87,0.008,17.616,0.016,16.599,0.129,16.007,0.169,15.59,0.19,4230,51,68,5.019,0.025,0.065,-1.299,0.3,0.25,0.283,0.053,0.021,0.31,0.07,0.035,13.2,2.166,3.458,678.1,182.7,55.38,0.032,0.007,0.002,,,
4583,4583,4583,212056235,08 50 12.720,+21 12 30.44,1,11.739,,1399-795-1,557-045854,08501272+2112303,,STAR,gri,lam,2.2,1.9,-0.7,2,,,13.232,0.489,11.372,0.135,,,12.515,0.02,11.708,0.03,11.406,0.02,,,10.208,0.02,9.695,0.021,9.583,0.018,4778,95,76,2.764,0.155,0.217,-0.325,0.12,0.15,6.931,1.981,1.139,1.108,0.184,0.131,0.003,0.002,0.002,1106,284.5,166.8,0.033,0.01,0.007,,,
4584,4584,4584,212056245,08 51 48.785,+21 12 30.83,1,14.161,,,557-045926,08514879+2112307,5045-301-3-0147-0072,STAR,gri,rpm,-13.7,2.6,-10.7,2.8,,,15.089,0.04,14.357,0.03,,,14.719,0.01,14.121,0.01,13.922,0.03,,,13.041,0.025,12.629,0.027,12.538,0.023,5382,106,106,4.542,0.05,0.09,-0.32,0.25,0.4,0.806,0.145,0.079,0.851,0.065,0.091,1.537,0.354,0.478,558.7,130.6,68.72,0.034,0.01,0.008,,,
4585,4585,4585,212056262,08 33 37.881,+21 12 32.25,1,13.933,,,557-045069,08333787+2112322,6728-301-2-0129-0121,STAR,JHK,rpm,24.1,4.1,0,5.5,,,,,,,,,,,,,,,,,11.781,0.023,11.155,0.022,10.953,0.017,3871,114,114,4.874,0.032,0.02,-0.023,0.16,0.2,0.403,0.028,0.026,0.45,0.038,0.031,6.679,0.99,0.726,98.82,12.06,5.528,0.016,0.005,0.004,,,
4586,4586,4586,212056267,08 52 16.724,+21 12 32.48,1,11.975,,,557-045951,08521672+2112323,,STAR,gri,rpm,-11.9,1.6,0.5,2.3,,,13.385,0.02,12.274,0.01,,,12.839,0.03,11.907,0.03,11.605,0.03,,,10.37,0.022,9.828,0.021,9.707,0.018,4694,75,56,2.861,0.365,0.438,-0.074,0.2,0.2,6.223,3.869,2.064,1.209,0.137,0.192,0.004,0.009,0.003,1064,502.5,341.3,0.035,0.01,0.008,,,
4587,4587,4587,212056276,08 53 50.812,+21 12 33.44,1,15.435,,,557-046015,08535081+2112336,5038-301-3-0050-0146,STAR,gri,rpm,-0.2,2.8,0.6,3,,,16.502,0.02,15.654,0.02,,,16.069,0.07,15.437,0.09,15.164,0.13,,,14.1,0.027,13.605,0.033,13.517,0.034,5063,150,120,4.548,0.065,1.729,-0.468,0.42,0.7,0.821,6.119,0.127,0.83,0.088,0.073,1.504,0.591,1.501,863.3,5201,150.2,0.033,0.008,0.007,,,
4588,4588,4588,212056340,09 00 07.167,+21 12 37.74,1,15.4,,,557-046231,09000717+2112378,,STAR,BV,col,,,,,,,17.156,0.11,15.694,0.058,,,,,,,,,,,12.888,0.022,12.236,0.02,12.085,0.022,4111,234,195,4.806,0.065,0.091,-0.111,0.18,0.27,0.478,0.089,0.064,0.538,0.1,0.071,4.692,1.565,1.37,211.7,61.39,41.51,0.025,0.007,0.006,,,
4589,4589,4589,212056367,08 33 16.140,+21 12 39.77,1,12.87,,1398-1397-1,557-045047,08331613+2112396,,STAR,BV,rpm,-8.1,1.6,-1.1,1.7,,,12.484,0.247,12.678,0.32,,,12.296,0.03,,,,,,,10.669,0.022,10.318,0.023,10.254,0.019,5664,273,273,3.9,0.54,0.27,-0.07,0.18,0.3,1.688,1.311,0.738,1.072,0.311,0.143,0.155,0.957,0.114,430.8,241.1,199.6,0.033,0.008,0.008,,,
4590,4590,4590,212056477,08 33 34.407,+21 12 46.50,1,12.191,,,557-045065,08333440+2112465,,STAR,BV,rpm,0.3,1.3,-2.7,1.4,,,13.493,0.042,12.39,0.031,,,12.97,0.031,,,,,,,10.514,0.022,9.937,0.022,9.824,0.018,4670,111,93,2.436,0.319,0.145,-0.253,0.24,0.4,10.802,1.704,3.127,1.154,0.193,0.193,8.80E-04,0.002,3.25E-04,1847,338.1,482.2,0.034,0.011,0.007,,,
4591,4591,4591,212056505,08 51 13.166,+21 12 48.69,1,10.593,,1399-1134-1,557-045905,08511315+2112487,,STAR,gri,lam,-1,1.6,-3.7,1.6,,,11.759,0.158,10.745,0.081,,,11.386,0.02,10.582,0.05,10.253,0.03,,,9.092,0.021,8.613,0.029,8.455,0.016,4729,76,96,2.535,0.198,0.11,-0.132,0.12,0.12,10.933,0.494,2.36,1.378,0.341,0.213,0.001,1.00E-03,2.83E-04,993.1,50.64,199.2,0.034,0.008,0.007,,,
4592,4592,4592,212056517,08 54 08.493,+21 12 49.48,1,14.79,,,557-046025,08540850+2112496,5038-301-3-0050-0217,STAR,gri,rpm,-29.2,2.8,-11.8,3,,,17.141,0.09,15.538,0.054,,,16.387,0.02,14.924,0.08,14.106,0.06,,,12.508,0.023,11.867,0.021,11.671,0.02,3790,69,161,4.905,0.098,0.035,-0.015,0.12,0.08,0.376,0.037,0.097,0.406,0.048,0.115,7.614,5.436,1.252,124.5,14.94,39.17,0.017,0.009,0.005,,,
4593,4593,4593,212056529,08 51 02.684,+21 12 50.10,1,15.202,,,557-045898,08510267+2112501,5045-301-3-0146-0156,STAR,gri,rpm,-0.9,2.8,-4.8,3,,,15.991,0.08,15.361,0.05,,,15.655,0.05,15.178,0.06,15.007,0.03,,,14.064,0.03,13.637,0.04,13.529,0.044,5527,218,218,4.477,0.075,0.87,-0.413,0.3,0.6,0.895,1.468,0.119,0.862,0.078,0.078,1.223,0.446,1.157,1051,1623,203.8,0.033,0.008,0.007,,,
4594,4594,4594,212056530,09 02 43.857,+21 12 50.10,1,12.834,,,557-046329,09024385+2112501,,STAR,gri,lam,-1,2.2,-3,2.1,,,14.309,0.04,13.172,0.03,,,13.722,0.04,12.833,0.03,12.454,0.08,,,11.164,0.022,10.559,0.021,10.415,0.023,4655,92,74,2.597,0.195,0.09,-0.205,0.12,0.12,8.44,1.717,1.426,1.095,0.149,0.107,0.002,0.001,5.27E-04,1967,381.6,319.6,0.034,0.008,0.006,,,
4595,4595,4595,212056644,08 26 43.522,+21 12 56.48,1,12.779,,,557-044703,08264352+2112565,,STAR,gri,rpm,-4.9,1.8,-5.4,2.1,,,13.594,0.01,12.938,0.01,,,13.254,0.06,12.763,0.02,12.575,0.062,,,11.73,0.022,11.428,0.024,11.365,0.018,5877,140,140,4.307,0.15,0.325,-0.081,0.18,0.18,1.171,0.611,0.222,1.052,0.14,0.078,0.632,0.451,0.452,477.5,258.7,92.94,0.032,0.008,0.007,,,
4596,4596,4596,212056678,08 52 03.116,+21 12 58.75,1,13.801,,,557-045940,08520311+2112587,5045-301-3-0148-0006,STAR,gri,lam,-6.6,1.6,-12.1,2,,,14.526,0.02,13.935,0.01,,,14.198,0.03,13.755,0.02,13.63,0.01,,,12.81,0.022,12.505,0.025,12.41,0.023,5943,94,117,4.172,0.156,0.13,-0.067,0.12,0.12,1.341,0.249,0.248,1.082,0.093,0.093,0.388,0.339,0.14,931.3,170.5,195.3,0.033,0.01,0.007,,,
4597,4597,4597,212056777,08 26 04.927,+21 13 04.29,1,13.205,,,557-044671,08260492+2113044,,STAR,gri,rpm,-11.2,4.1,-24.3,6.6,,,14.35,0.02,13.485,0.01,,,13.937,0.06,13.163,0.02,12.892,0.063,,,11.796,0.022,11.317,0.023,11.228,0.018,5022,80,100,4.585,0.03,1.2,-0.161,0.2,0.28,0.761,2.598,0.053,0.822,0.137,0.057,1.815,0.245,1.789,269.3,889.1,23.47,0.029,0.01,0.005,,,
4598,4598,4598,212056785,09 03 09.037,+21 13 04.77,1,16.211,,,,09030903+2113047,5038-301-1-0063-0253,STAR,gri,rpm,-62,3,-2,3,,,,,,,20.897,0.059,18.202,0.007,16.741,0.005,15.357,0.005,14.611,0.005,13.244,0.023,12.695,0.028,12.46,0.025,3491,124,82,5.054,0.036,0.03,-0.064,0.27,0.15,0.232,0.019,0.032,0.222,0.029,0.034,17.37,4.447,2.449,96.29,15.49,15.38,0.014,0.007,0.002,,,
4599,4599,4599,212056843,09 03 40.763,+21 13 07.93,1,12.212,,,557-046363,09034076+2113080,,STAR,gri,lam,-15.8,1.6,1,1.3,,,12.936,0.04,12.346,0.03,,,12.601,0.05,12.219,0.03,12.045,0.08,,,11.199,0.022,10.933,0.021,10.912,0.019,5971,143,143,4.383,0.05,0.1,-0.045,0.1,0.1,1.087,0.165,0.082,1.082,0.066,0.092,0.799,0.184,0.249,359,62.98,36.67,0.03,0.007,0.005,,,
4600,4600,4600,212056845,08 29 46.085,+21 13 07.97,1,11.093,,1391-758-1,557-044865,08294608+2113078,,STAR,gri,rpm,-3.8,1.7,5,1.7,,,12.293,0.282,11.025,0.1,,,11.877,0.05,11.075,0.04,10.756,0.06,,,9.567,0.023,9.109,0.029,8.951,0.018,4877,79,99,2.46,0.54,0.09,-0.308,0.24,0.2,10.552,0.651,4.613,1.188,0.552,0.184,9.57E-04,0.005,1.79E-04,1203,77.18,498.3,0.034,0.01,0.007,,,
4601,4601,4601,212056885,09 03 25.692,+21 13 09.89,1,17.944,,,,09032569+2113098,5061-301-5-0150-0166,EXTENDED,gri,,-4,3,-5,3,,,,,,,22.459,0.201,19.76,0.014,18.241,0.007,17.165,0.006,16.585,0.009,15.349,0.042,14.675,0.06,14.616,0.066,,,,,,,,,,,,,,,,,,,,,,,,,,,
4602,4602,4602,212056942,08 51 44.232,+21 13 13.89,1,17.135,,,,,5045-301-3-0147-0215,EXTENDED,gri,,-3,3,3,3,,,,,,,18.85,0.036,17.734,0.007,17.214,0.007,16.878,0.007,16.697,0.023,,,,,,,,,,,,,,,,,,,,,,,,,,,,,,,,,
4603,4603,4603,212056946,08 28 34.923,+21 13 14.29,1,12.421,,,557-044812,08283492+2113142,,STAR,gri,rpm,-3.2,1.3,-25.1,3,,,13.221,0.02,12.579,0.031,,,12.892,0.05,12.395,0.02,12.22,0.061,,,11.298,0.021,10.974,0.022,10.912,0.02,5799,116,139,4.398,0.078,0.377,-0.1,0.2,0.24,1.038,0.622,0.096,1.012,0.097,0.069,0.888,0.235,0.671,350.1,213.5,42.63,0.03,0.008,0.006,,,
4604,4604,4604,212056952,08 51 18.028,+21 13 14.54,1,16.011,,,557-045911,08511802+2113145,5045-301-3-0146-0306,STAR,JHK,rpm,-48.9,5,-9.3,5,,,,,,,,,,,,,,,,,13.703,0.025,13.099,0.026,12.827,0.024,3556,141,141,5.012,0.09,0.045,-0.011,0.15,0.15,0.258,0.049,0.063,0.256,0.074,0.074,13.82,8.083,3.456,136.4,41.45,36.32,0.02,0.007,0.006,,,
4605,4605,4605,212056976,08 26 01.680,+21 13 16.19,1,18.588,,,,08260168+2113161,6597-301-4-0212-0494,STAR,gri,rpm,11,3,-63,3,,,,,,,23.102,0.406,20.293,0.019,18.831,0.011,17.858,0.008,17.35,0.015,16.006,0.079,15.646,0.124,15.416,0.141,3491,42,56,5.061,0.05,0.04,-0.091,0.18,0.12,0.217,0.033,0.028,0.202,0.038,0.032,19.59,5.648,4.384,323.6,54.85,55.43,0.028,0.017,0.007,,,
4606,4606,4606,212057054,08 29 16.101,+21 13 21.03,1,15.834,,,,08291610+2113210,6728-301-3-0123-0250,EXTENDED,gri,,1,2,-2,2,,,,,,,18.132,0.026,16.668,0.004,15.869,0.003,15.476,0.003,15.186,0.007,15.08,0.067,14.503,0.082,13.931,0.069,,,,,,,,,,,,,,,,,,,,,,,,,,,
4607,4607,4607,212057078,08 56 23.744,+21 13 22.34,1,13.735,,,557-046096,08562375+2113224,,STAR,gri,lam,-60,3.4,-47.3,2.6,,,14.302,0.03,13.802,0.05,,,14.039,0.05,13.698,0.06,13.604,0.05,,,12.835,0.025,12.509,0.021,12.515,0.019,6315,125,125,3.996,0.23,0.115,-1.292,0.12,0.15,1.51,0.18,0.37,0.852,0.017,0.021,0.233,0.301,0.079,1084,123.4,256.1,0.034,0.01,0.007,,,
4608,4608,4608,212057100,08 27 22.357,+21 13 24.00,1,12.447,,1391-1421-1,557-044746,08272240+2113237,,STAR,gri,rpm,-16.9,2.5,-2.6,2.6,,,12.522,0.315,12.015,0.256,,,12.79,0.06,12.412,0.041,12.3,0.061,,,11.505,0.022,11.267,0.022,11.213,0.021,6192,99,148,4.216,0.132,0.176,-0.154,0.2,0.28,1.317,0.328,0.193,1.132,0.106,0.148,0.438,0.225,0.212,528.6,116.3,95.36,0.032,0.008,0.008,,,
4609,4609,4609,212057130,08 29 39.458,+21 13 25.81,1,12.706,,,557-044857,08293945+2113258,,STAR,gri,rpm,6.7,1.6,-1.3,1.7,,,13.883,0.03,12.965,0.02,,,13.433,0.06,12.679,0.041,12.395,0.061,,,11.244,0.022,10.749,0.025,10.641,0.018,4926,80,100,3.023,0.405,0.648,-0.448,0.3,0.25,4.877,4.8,1.699,1.033,0.198,0.11,0.009,0.025,0.008,1311,1171,454.4,0.034,0.01,0.008,,,
4610,4610,4610,212057180,08 26 52.648,+21 13 28.71,1,14.88,,,557-044712,08265264+2113287,4508-301-2-0092-0136,STAR,BV,rpm,-1.5,4.3,-5.3,4.8,,,15.735,0.06,15.028,0.11,,,15.338,0.1,,,,,,,13.521,0.024,13.113,0.026,13.013,0.025,5361,194,194,4.523,0.05,0.77,-0.235,0.25,0.4,0.83,1.231,0.077,0.879,0.078,0.078,1.461,0.336,1.358,716.6,1067,92.47,0.033,0.01,0.007,,,
4611,4611,4611,212057184,08 31 06.792,+21 13 28.91,1,10.081,,1391-1428-1,557-044937,08310679+2113290,,STAR,gri,rpm,-100.1,1.2,-16.7,1.2,,,10.805,0.052,10.13,0.038,,,10.745,0.03,10.166,0.04,9.797,0.06,,,8.909,0.024,8.642,0.029,8.567,0.017,5641,133,111,4.444,0.06,0.444,0.011,0.15,0.18,0.984,0.705,0.109,1,0.119,0.085,1.039,0.299,0.823,105.7,81,14.7,0.018,0.007,0.005,,,
4612,4612,4612,212057188,08 55 45.858,+21 13 29.09,1,11.135,,1400-2130-1,557-046079,08554585+2113291,,STAR,gri,lam,-9.1,1.5,-10.5,1.6,,,11.504,0.109,10.775,0.087,,,11.308,0.05,11.078,0.05,11.042,0.05,,,10.41,0.025,10.243,0.022,10.212,0.018,6652,161,161,4.141,0.1,0.12,-0.077,0.1,0.12,1.594,0.303,0.215,1.343,0.11,0.11,0.326,0.151,0.134,400.8,81.5,57.29,0.031,0.008,0.007,,,
4613,4613,4613,212057191,08 29 58.763,+21 13 29.24,1,15.177,,,557-044880,08295875+2113290,6728-301-3-0124-0090,STAR,JHK,rpm,-2.6,2.8,2,3.1,,,,,,,,,,,,,,,,,13.784,0.023,13.362,0.028,13.235,0.026,5265,189,157,4.544,0.045,0.882,-0.238,0.25,0.5,0.822,1.593,0.084,0.863,0.059,0.082,1.516,0.307,1.45,776.7,1459,93.97,0.034,0.01,0.007,,,
4614,4614,4614,212057221,08 53 05.699,+21 13 31.23,1,14.724,,,557-045985,08530569+2113313,5038-301-3-0049-0115,STAR,gri,rpm,-1.7,2.8,-5.5,3.1,,,15.982,0.07,15.068,0.08,,,15.597,0.01,14.657,0.05,14.35,0.077,,,13.263,0.022,12.785,0.026,12.625,0.018,4822,77,77,4.607,0.03,0.036,0.028,0.18,0.18,0.735,0.036,0.048,0.804,0.026,0.046,2.011,0.245,0.26,487.5,30.55,42.48,0.034,0.006,0.005,,,
4615,4615,4615,212057242,08 57 18.706,+21 13 32.52,1,13.988,,,557-046122,08571870+2113324,,STAR,gri,rpm,-10.9,2.9,-8.3,2.7,,,15.257,0.03,14.279,0.06,,,14.824,0.04,13.933,0.07,13.63,0.1,,,12.459,0.02,11.991,0.023,11.865,0.018,4986,120,120,4.573,0.045,1.116,-0.065,0.16,0.32,0.783,2.389,0.064,0.851,0.2,0.059,1.705,0.393,1.673,372.1,1081,41.23,0.03,0.011,0.008,,,
4616,4616,4616,212057249,08 52 39.553,+21 13 33.59,1,14.824,,,557-045968,08523955+2113335,5038-301-3-0048-0174,STAR,gri,rpm,-1.9,2.9,-7.5,3.2,,,15.84,0.02,15.04,0.08,,,15.474,0.03,14.799,0.03,14.545,0.07,,,13.54,0.023,13.123,0.031,13.022,0.029,5228,127,105,4.557,0.035,0.861,-0.22,0.2,0.36,0.798,1.47,0.064,0.864,0.075,0.09,1.646,0.266,1.563,671.8,1183,78.54,0.034,0.01,0.007,,,
4617,4617,4617,212057268,09 05 04.316,+21 13 34.95,1,15.245,,,557-046400,09050431+2113350,5071-301-4-0150-0062,STAR,gri,rpm,-5.6,4.5,4.7,4.9,,,16.313,0.08,15.472,0.06,,,15.891,0.03,15.209,0.09,14.968,0.14,,,13.994,0.026,13.584,0.033,13.434,0.028,5269,158,158,4.557,0.045,0.09,-0.22,0.24,0.36,0.795,0.133,0.073,0.848,0.066,0.092,1.628,0.352,0.483,820.1,187.9,99.21,0.034,0.01,0.008,,,
4618,4618,4618,212057308,08 51 07.359,+21 13 38.45,1,14.642,,,557-045901,08510735+2113384,5045-301-3-0146-0190,STAR,gri,lam,-12.9,2.9,14.2,3.1,,,15.913,0.05,14.986,0.04,,,15.421,0.02,14.625,0.02,14.307,0.01,,,13.196,0.023,12.697,0.027,12.598,0.02,4913,149,179,4.608,0.03,0.03,-0.071,0.09,0.12,0.72,0.049,0.039,0.784,0.049,0.041,2.024,0.273,0.241,473.1,49.24,44.6,0.032,0.01,0.007,,,
4619,4619,4619,212057349,08 32 46.723,+21 13 41.37,1,13.684,,,557-045025,08324672+2113413,,STAR,gri,rpm,-5.9,2.1,-4.7,2.5,,,15.101,0.08,13.975,0.03,,,14.551,0.01,13.614,0.04,13.313,0.065,,,12.064,0.022,11.566,0.025,11.451,0.021,4796,58,77,3.524,0.98,0.49,0.056,0.18,0.15,2.968,2.073,2.219,1.222,0.077,0.432,0.038,1.436,0.031,1116,601.4,841.1,0.036,0.014,0.01,,,
4620,4620,4620,212057368,08 33 41.364,+21 13 42.14,1,15.988,,,,08334136+2113421,6728-301-2-0129-0288,EXTENDED,gri,,2,2,0,2,,,,,,,18.957,0.049,17.012,0.005,15.986,0.004,15.549,0.004,15.194,0.007,15.207,0.071,14.514,0.089,14.062,0.08,,,,,,,,,,,,,,,,,,,,,,,,,,,
4621,4621,4621,212057371,08 50 36.339,+21 13 42.24,1,14.811,,,557-045873,08503633+2113422,5045-301-3-0146-0008,STAR,gri,lam,-4,3,-3.1,3.2,,,15.581,0.07,14.954,0.07,,,15.208,0.05,14.785,0.07,14.641,0.07,,,13.786,0.024,13.512,0.024,13.43,0.031,5503,168,135,3.759,0.05,0.11,-0.75,0.16,0.2,2.117,0.256,0.174,0.897,0.119,0.018,0.099,0.021,0.032,2076,225.6,175.7,0.035,0.011,0.006,,,
4622,4622,4622,212057420,08 52 45.686,+21 13 45.35,1,14.442,,,557-045975,08524569+2113453,,STAR,gri,rpm,5.2,2.7,-28.4,4.4,,,15.554,0.06,14.676,0.05,,,15.073,0.03,14.419,0.04,14.172,0.01,,,13.161,0.022,12.699,0.024,12.623,0.023,5139,102,102,4.584,0.063,0.045,-0.354,0.25,0.4,0.738,0.075,0.093,0.77,0.075,0.105,1.863,0.587,0.331,503.1,72.94,73.51,0.033,0.007,0.006,,,
4623,4623,4623,212057421,08 54 08.823,+21 13 45.36,1,15.737,,,557-046026,08540882+2113454,5038-301-3-0050-0232,STAR,BV,rpm,4.6,2.8,-0.6,3,,,16.589,0.06,15.884,0.06,,,16.272,0.07,,,,,,,14.225,0.026,13.781,0.033,13.711,0.046,5236,207,207,4.552,0.048,0.864,-0.276,0.25,0.4,0.803,1.523,0.074,0.835,0.069,0.083,1.606,0.347,1.527,901.6,1563,109.1,0.033,0.008,0.007,,,
4624,4624,4624,212057439,08 31 06.634,+21 13 46.40,1,16.384,,,,08310663+2113463,,STAR,JHK,col,,,,,,,,,,,,,,,,,,,,,13.945,0.031,13.327,0.022,13.022,0.03,3517,127,177,5.041,0.096,0.06,-0.033,0.15,0.21,0.238,0.055,0.06,0.224,0.086,0.072,16.23,10.09,4.741,134.7,39.63,40.82,0.02,0.007,0.006,,,
4625,4625,4625,212057481,08 50 35.269,+21 13 49.23,1,17.433,,,,08503526+2113492,5045-301-3-0145-0174,EXTENDED,gri,,-8,5,-9,5,,,,,,,19.992,0.096,18.246,0.012,17.483,0.008,17.084,0.009,16.845,0.027,16.79,0.17,,,,,,,,,,,,,,,,,,,,,,,,,,,,,,,
4626,4626,4626,212057487,08 50 49.788,+21 13 49.54,1,14.2,,,557-045885,08504978+2113495,5045-301-3-0146-0051,STAR,gri,lam,-40,2.7,7.2,2.2,,,15.463,0.04,14.535,0.02,,,15.022,0.01,14.164,0.02,13.848,0.01,,,12.7,0.031,12.178,0.032,12.103,0.028,4813,145,174,4.635,0.025,0.03,-0.136,0.12,0.15,0.685,0.047,0.037,0.751,0.045,0.054,2.267,0.277,0.292,346.5,34.31,31.22,0.03,0.007,0.007,,,
4627,4627,4627,212057491,09 03 49.496,+21 13 49.74,1,15.331,,,557-046367,09034949+2113498,5061-301-5-0150-0211,STAR,gri,rpm,2.4,4.5,-35.3,4.8,,,17.347,0.11,16.185,0.07,,,16.802,0.06,15.569,0.06,14.7,0.15,,,13.139,0.022,12.494,0.024,12.295,0.023,3848,92,92,4.87,0.042,0.035,0.056,0.08,0.14,0.405,0.039,0.042,0.457,0.047,0.057,6.696,1.262,1.062,186.4,22.26,23.6,0.021,0.007,0.004,,,
4628,4628,4628,212057512,08 35 29.538,+21 13 50.74,1,14.247,,,557-045160,08352954+2113507,,STAR,gri,rpm,-10,2.7,7.5,2.7,,,15.633,0.06,14.619,0.02,,,15.16,0.04,14.261,0.01,13.856,0.03,,,12.785,0.022,12.283,0.023,12.162,0.022,4681,93,55,4.659,0.072,0.045,-0.236,0.25,0.5,0.654,0.055,0.111,0.716,0.064,0.139,2.505,1.066,0.441,327.2,41.28,64.05,0.03,0.008,0.003,,,
4629,4629,4629,212057623,08 32 46.946,+21 13 56.82,1,18.085,,,,08324694+2113568,,STAR,J,col,,,,,,,,,,,,,,,,,,,,,16.542,0.136,15.731,0.156,15.062,0.116,3729,444,317,4.989,0.12,0.168,-0.179,0.2,0.32,0.282,0.15,0.098,0.295,0.211,0.132,11.29,11.76,6.495,601.2,448.4,256.8,0.032,0.01,0.008,,,
4630,4630,4630,212057679,08 33 55.544,+21 14 00.43,1,17.239,,,,08335554+2114004,6728-301-2-0130-0283,EXTENDED,gri,,4,3,3,3,,,,,,,20.138,0.073,18.235,0.008,17.232,0.006,16.812,0.005,16.439,0.01,15.893,0.076,15.204,0.091,14.65,0.079,,,,,,,,,,,,,,,,,,,,,,,,,,,
4631,4631,4631,212057721,08 31 28.008,+21 14 03.10,1,14.514,,,557-044954,08312799+2114031,,STAR,gri,rpm,16.4,5.5,-4.7,5.3,,,15.723,0.08,14.784,0.043,,,15.271,0.01,14.417,0.01,14.19,0.075,,,12.904,0.023,12.4,0.023,12.251,0.023,4868,59,59,4.611,0.025,0.035,-0.031,0.15,0.18,0.727,0.046,0.031,0.802,0.042,0.05,2.041,0.197,0.247,408.5,31.44,25.15,0.032,0.01,0.005,,,
4632,4632,4632,212057739,08 31 41.192,+21 14 04.08,1,10.922,,1391-1553-1,557-044961,08314118+2114042,,STAR,gri,rpm,16.1,2.2,-5.5,2.3,,,12.07,0.17,11.283,0.103,,,11.71,0.06,10.883,0.01,10.584,0.06,,,9.479,0.023,9.02,0.023,8.869,0.017,4895,99,79,3.098,0.372,0.744,-0.269,0.25,0.25,4.78,5.346,1.496,1.158,0.229,0.19,0.009,0.017,0.008,563.2,516.4,170.9,0.032,0.008,0.007,,,
4633,4633,4633,212057892,08 27 36.098,+21 14 13.05,1,14.078,,,557-044756,08273609+2114133,4508-301-2-0093-0217,STAR,gri,rpm,-3,3.1,-29.8,3.3,,,15.496,0.03,14.457,0.02,,,15.002,0.05,14.071,0.01,13.682,0.068,,,12.531,0.024,11.987,0.026,11.874,0.028,4661,113,75,4.653,0.036,0.03,-0.19,0.25,0.25,0.656,0.041,0.053,0.717,0.048,0.058,2.474,0.433,0.269,293.7,23.19,25.6,0.026,0.013,0.008,,,
4634,4634,4634,212057919,09 02 58.407,+21 14 14.65,1,13.36,,,557-046338,09025840+2114146,,STAR,gri,rpm,8.3,2.3,-19.6,1.8,,,14.42,0.04,13.601,0.05,,,13.979,0.04,13.365,0.03,13.095,0.08,,,12.064,0.023,11.651,0.021,11.563,0.019,5293,156,94,4.548,0.054,0.999,-0.312,0.3,0.84,0.802,1.757,0.069,0.848,0.064,0.077,1.606,0.316,1.555,345.7,722.7,36.89,0.031,0.011,0.006,,,
4635,4635,4635,212057928,08 26 52.211,+21 14 15.04,1,14.48,,,557-044711,08265220+2114150,6597-301-4-0213-0205,STAR,gri,rpm,-5.4,4.3,-10.1,4.9,,,15.503,0.059,14.784,0.043,,,15.165,0.09,14.469,0.04,14.187,0.075,,,13.256,0.022,12.866,0.023,12.749,0.025,5346,127,159,4.539,0.04,0.088,-0.137,0.2,0.32,0.832,0.166,0.079,0.876,0.066,0.079,1.509,0.284,0.441,615.7,129.3,61.88,0.034,0.01,0.008,,,
4636,4636,4636,212058012,08 52 29.208,+21 14 20.35,1,11.018,,1399-1539-1,557-045962,08522920+2114204,,STAR,gri,lam,41.4,1.6,-79.1,1.6,,,11.754,0.114,11.337,0.127,,,11.479,0.03,10.975,0.02,10.82,0.03,,,10.084,0.025,9.81,0.022,9.71,0.02,5903,117,140,4.317,0.11,0.198,-0.083,0.12,0.15,1.122,0.329,0.149,1.024,0.093,0.078,0.639,0.383,0.323,221,70.35,35.06,0.026,0.007,0.006,,,
4637,4637,4637,212058130,08 53 56.077,+21 14 28.83,1,14.065,,,557-046020,08535608+2114289,,STAR,gri,rpm,-4.9,2,-4,2.1,,,15.127,0.01,14.229,0.04,,,14.689,0.03,13.939,0.01,13.798,0.05,,,12.78,0.023,12.415,0.022,12.267,0.025,5204,149,85,4.504,0.05,0.71,0.092,0.06,0.12,0.885,1.379,0.078,0.948,0.258,0.076,1.293,0.28,1.195,536.9,777.4,74.42,0.038,0.006,0.008,,,
4638,4638,4638,212058133,08 25 58.566,+21 14 29.13,1,16.128,,,557-044665,08255855+2114295,6597-301-4-0212-0053,STAR,JHK,col,,,,,,,,,,,,,,,,,,,,,14.434,0.028,13.906,0.033,13.749,0.035,4065,809,449,4.853,0.168,0.252,-0.226,0.25,0.4,0.403,0.298,0.152,0.441,0.309,0.206,5.931,8.037,4.038,342.8,425.3,155.6,0.029,0.01,0.008,,,
4639,4639,4639,212058194,08 52 50.940,+21 14 33.31,1,15.569,,,557-045979,08525094+2114334,5038-301-3-0049-0069,STAR,gri,rpm,-4.3,2.8,-2.9,3,,,16.506,0.17,15.756,0.059,,,16.16,0.06,15.51,0.02,15.316,0.07,,,14.353,0.029,13.953,0.022,13.851,0.039,5347,128,128,4.554,0.035,0.063,-0.231,0.2,0.32,0.798,0.101,0.065,0.854,0.071,0.085,1.572,0.335,0.357,999.3,163.5,102.5,0.035,0.01,0.008,,,
4640,4640,4640,212058207,08 25 49.168,+21 14 34.35,1,17.315,,,,,6597-301-4-0211-0457,EXTENDED,gri,,-15,3,1,3,,,,,,,19.136,0.051,17.892,0.009,17.399,0.008,17.068,0.011,16.944,0.034,,,,,,,,,,,,,,,,,,,,,,,,,,,,,,,,,
4641,4641,4641,212058235,08 28 49.319,+21 14 36.05,1,11.98,,1391-1480-1,557-044821,08284931+2114363,,STAR,gri,rpm,-0.4,1.6,-12.8,1.7,,,12.454,0.324,11.568,0.178,,,12.333,0.07,11.946,0.01,11.828,0.06,,,11.089,0.021,10.809,0.022,10.761,0.019,6088,122,146,4.216,0.175,0.245,-0.117,0.15,0.24,1.334,0.507,0.274,1.102,0.146,0.122,0.406,0.359,0.239,427.6,150.3,94.9,0.03,0.007,0.006,,,
4642,4642,4642,212058237,08 34 09.646,+21 14 36.15,1,12.983,,,557-045099,08340964+2114361,,STAR,BV,rpm,-7.8,1.1,-7.2,2.2,,,13.82,0.02,13.126,0.032,,,13.452,0.032,,,,,,,12.079,0.023,11.811,0.023,11.797,0.022,6098,184,147,4.246,0.135,0.216,-0.154,0.2,0.24,1.278,0.4,0.2,1.102,0.107,0.129,0.498,0.319,0.249,639.9,185.6,106.4,0.033,0.008,0.007,,,
4643,4643,4643,212058260,09 02 22.428,+21 14 37.23,1,17.925,,,,09022242+2114372,,STAR,J,col,,,,,,,,,,,,,,,,,,,,,16.397,0.111,15.58,0.106,14.731,0.093,3398,311,1349,5.083,0.22,0.11,-0.116,0.2,0.24,0.187,0.088,0.094,0.163,0.124,0.083,20.95,45.92,9.957,339.3,221.2,271.2,0.026,0.012,0.014,,,
4644,4644,4644,212058266,08 29 48.460,+21 14 37.80,1,13.36,,,557-044870,08294845+2114378,,STAR,gri,rpm,-0.5,2.9,-4.6,2.2,,,14.794,0.06,13.715,0.02,,,14.246,0.06,13.344,0.042,12.98,0.063,,,11.727,0.022,11.161,0.027,11.034,0.017,4706,92,92,2.578,0.558,0.372,-0.308,0.25,0.45,7.935,4.142,3.402,1,0.202,0.134,0.001,0.009,0.001,2546,1182,1109,0.034,0.011,0.007,,,
4645,4645,4645,212058328,09 00 17.569,+21 14 41.65,1,17.888,,,,09001756+2114416,,STAR,JHK,rpm,6,2,8,2,,,,,,,,,,,,,,,,,16.186,0.091,16.088,0.142,15.498,0.148,5538,520,1770,4.527,0.396,0.22,-0.71,0.54,0.45,0.709,0.254,0.408,0.743,0.085,0.392,1.523,7.443,0.843,2118,1015,1558,0.033,0.01,0.007,,,
4646,4646,4646,212058350,08 59 04.414,+21 14 43.04,1,11.55,,1400-1447-1,557-046192,08590441+2114429,,STAR,gri,rpm,-6,1.8,-15.5,2,,,12.106,0.199,11.961,0.25,,,11.998,0.05,11.548,0.04,11.358,0.08,,,10.519,0.022,10.193,0.021,10.139,0.017,5836,141,141,4.199,0.275,0.33,-0.122,0.2,0.24,1.312,0.647,0.372,1.036,0.14,0.1,0.422,0.701,0.292,317.6,134.7,107.4,0.029,0.008,0.008,,,
4647,4647,4647,212058356,08 31 43.583,+21 14 43.27,1,12.345,,,557-044964,08314357+2114433,,STAR,gri,rpm,-14.8,1.2,1,2.3,,,12.727,0.041,12.359,0.02,,,12.513,0.04,12.289,0.02,12.262,0.061,,,11.602,0.023,11.488,0.025,11.415,0.017,6806,253,169,4.203,0.07,0.112,-0.074,0.1,0.14,1.512,0.234,0.171,1.381,0.072,0.115,0.39,0.124,0.139,689.4,117.6,84.8,0.032,0.003,0.008,,,
4648,4648,4648,212058429,08 31 24.567,+21 14 48.37,1,12.688,,,557-044952,08312456+2114484,,STAR,gri,rpm,-1.4,1.2,-2.6,2.9,,,13.241,0.01,12.749,0.03,,,12.97,0.04,12.639,0.02,12.566,0.062,,,11.833,0.022,11.594,0.025,11.539,0.018,6311,126,126,4.142,0.16,0.192,-0.13,0.15,0.24,1.473,0.453,0.295,1.211,0.179,0.149,0.323,0.258,0.163,692.4,210.3,137.3,0.031,0.007,0.003,,,
4649,4649,4649,212058440,08 33 47.515,+21 14 48.77,1,16.347,,,,08334751+2114487,6728-301-2-0130-0253,EXTENDED,gri,,-4,3,1,3,,,,,,,19.456,0.064,17.38,0.006,16.347,0.004,15.905,0.004,15.537,0.008,15.439,0.072,14.558,0.089,14.211,0.086,,,,,,,,,,,,,,,,,,,,,,,,,,,
4650,4650,4650,212058479,08 50 30.018,+21 14 50.97,1,11.971,,,557-045866,08503001+2114509,,STAR,gri,lam,-14.4,1.2,-5.7,1.4,,,12.537,0.02,12.043,0.01,,,12.261,0.03,11.928,0.02,11.847,0.04,,,11.069,0.02,10.836,0.021,10.789,0.018,6108,122,122,4.148,0.13,0.13,-0.191,0.15,0.18,1.426,0.309,0.254,1.086,0.153,0.109,0.343,0.253,0.127,451.8,104,84.57,0.031,0.008,0.005,,,
4651,4651,4651,212058487,08 57 54.388,+21 14 51.50,1,15.354,,,557-046152,08575439+2114515,,STAR,gri,rpm,-3.6,4.5,-6,4.7,,,17.145,0.05,15.904,0.04,,,16.533,0.04,15.318,0.08,14.849,0.07,,,13.548,0.022,12.929,0.023,12.795,0.026,4196,163,163,4.767,0.078,0.065,-0.1,0.2,0.2,0.523,0.079,0.081,0.585,0.079,0.095,4.075,1.761,1.054,324.9,67.51,75.46,0.029,0.009,0.005,,,
4652,4652,4652,212058503,08 34 40.863,+21 14 52.81,1,20.051,,,,,6728-301-2-0131-0378,EXTENDED,gri,,-3,5,4,5,,,,,,,21.143,0.135,20.223,0.027,19.994,0.03,19.707,0.033,19.544,0.099,,,,,,,,,,,,,,,,,,,,,,,,,,,,,,,,,
4653,4653,4653,212058547,08 27 28.711,+21 14 55.95,1,17.514,,,,08272871+2114559,4508-301-2-0093-0113,EXTENDED,gri,,0,3,3,3,,,,,,,19.412,0.052,18.206,0.012,17.592,0.009,17.218,0.009,17.023,0.031,16.67,0.135,16.153,0.213,,,,,,,,,,,,,,,,,,,,,,,,,,,,,
4654,4654,4654,212058649,08 35 20.400,+21 15 04.07,1,16.128,,,,08352040+2115040,4569-301-3-0117-0236,EXTENDED,gri,,1,3,-5,3,,,,,,,18.608,0.046,16.99,0.006,16.177,0.005,15.759,0.005,15.479,0.013,15.787,0.119,15.182,0.145,15.044,0.162,,,,,,,,,,,,,,,,,,,,,,,,,,,
4655,4655,4655,212058669,08 33 42.886,+21 15 05.55,1,18.998,,,,08334288+2115055,,STAR,JHK,col,,,,,,,,,,,,,,,,,,,,,16.642,0.145,16.021,0.2,15.75,0.216,3911,720,400,4.9,0.15,0.21,-0.304,0.25,0.4,0.351,0.212,0.132,0.391,0.226,0.189,7.817,10.09,4.926,791.3,877.2,366.3,0.032,0.01,0.007,,,
4656,4656,4656,212058686,08 31 33.619,+21 15 06.58,1,17.347,,,,08313361+2115065,4508-301-1-0099-0200,EXTENDED,gri,,-1,3,1,3,,,,,,,20.028,0.074,18.253,0.01,17.364,0.006,16.958,0.006,16.654,0.014,16.353,0.129,15.403,0.132,14.996,0.126,,,,,,,,,,,,,,,,,,,,,,,,,,,
4657,4657,4657,212058692,08 51 23.853,+21 15 06.79,1,13.576,,,557-045913,08512385+2115067,,STAR,gri,lam,6.2,1.9,-30.9,1.8,,,15.017,0.04,13.954,0.02,,,14.57,0.02,13.486,0.03,13.15,0.03,,,11.875,0.022,11.278,0.02,11.164,0.017,4469,160,106,4.739,0.063,0.035,-0.553,0.12,0.12,0.538,0.038,0.064,0.589,0.028,0.061,3.729,1.187,0.57,161.5,27.54,19.86,0.021,0.005,0.005,,,
4658,4658,4658,212058756,08 58 14.801,+21 15 11.12,1,19.073,,,,,5038-301-2-0056-0451,EXTENDED,gri,,5,3,-1,3,,,,,,,20.701,0.101,19.492,0.018,19.123,0.02,18.894,0.026,18.719,0.08,,,,,,,,,,,,,,,,,,,,,,,,,,,,,,,,,
4659,4659,4659,212058789,09 02 54.067,+21 15 13.30,1,12.35,,,557-046335,09025406+2115132,,STAR,gri,lam,-22.8,1.5,-19.9,1.4,,,13.19,0.04,12.523,0.04,,,12.821,0.04,12.355,0.04,12.148,0.09,,,11.245,0.022,10.89,0.022,10.844,0.019,5701,136,136,4.468,0.035,0.07,-0.044,0.1,0.12,0.956,0.09,0.06,0.991,0.05,0.07,1.087,0.176,0.206,308.5,37.96,28.44,0.029,0.008,0.005,,,
4660,4660,4660,212058797,08 54 58.085,+21 15 13.59,1,17.056,,,,08545808+2115135,5045-301-2-0152-0207,EXTENDED,gri,,-12,3,-2,3,,,,,,,19.193,0.061,17.895,0.01,17.078,0.007,16.697,0.008,16.387,0.021,16.624,0.17,,,,,,,,,,,,,,,,,,,,,,,,,,,,,,,
4661,4661,4661,212058881,08 25 56.938,+21 15 19.69,1,12.691,,,557-044662,08255693+2115197,,STAR,gri,rpm,-15.1,1.3,-3.4,2.2,,,13.293,0.01,12.797,0.01,,,13.033,0.08,12.662,0.01,12.544,0.062,,,11.8,0.022,11.565,0.023,11.51,0.02,6201,147,147,4.224,0.125,0.175,-0.124,0.16,0.24,1.358,0.322,0.221,1.14,0.159,0.114,0.449,0.271,0.217,618.2,131.9,128.1,0.032,0.01,0.006,,,
4662,4662,4662,212058888,08 59 58.395,+21 15 20.02,1,17.591,,,,08595839+2115200,5071-301-5-0143-0120,EXTENDED,gri,,-3,3,9,3,,,,,,,20.483,0.092,18.623,0.011,17.595,0.007,17.148,0.007,16.735,0.014,16.28,0.099,15.477,0.101,15.165,0.116,,,,,,,,,,,,,,,,,,,,,,,,,,,
4663,4663,4663,212058910,08 50 40.367,+21 15 20.90,1,12.518,,,557-045877,08504036+2115210,,STAR,gri,lam,-14.2,1.1,-42.2,1.5,,,13.676,0.02,12.768,0.02,,,13.235,0.02,12.47,0.03,12.21,0.03,,,11.142,0.022,10.718,0.023,10.578,0.018,4918,181,151,4.639,0.025,0.035,-0.411,0.18,0.12,0.661,0.058,0.034,0.701,0.064,0.035,2.347,0.286,0.349,172.3,16.63,20.85,0.022,0.005,0.005,,,
4664,4664,4664,212058929,09 03 04.771,+21 15 22.05,1,12.917,,,557-046343,09030478+2115219,,STAR,gri,lam,-21.2,1.9,-6.3,1.6,,,13.615,0.04,13.044,0.04,,,13.291,0.04,12.918,0.03,12.757,0.09,,,11.921,0.02,11.633,0.024,11.576,0.02,5995,145,121,4.355,0.065,0.117,-0.139,0.12,0.15,1.115,0.187,0.103,1.041,0.073,0.073,0.73,0.21,0.243,512.3,85.73,63.63,0.03,0.008,0.007,,,
4665,4665,4665,212058952,08 58 37.599,+21 15 23.48,1,12.328,,,557-046174,08583759+2115235,,STAR,gri,rpm,1.9,2.1,-22.3,1.6,,,13.027,0.03,12.417,0.05,,,12.703,0.05,12.289,0.07,12.167,0.07,,,11.418,0.023,11.125,0.023,11.071,0.017,6007,143,143,4.269,0.15,0.21,-0.18,0.2,0.24,1.188,0.401,0.198,1.033,0.112,0.093,0.533,0.352,0.296,434,135,76.33,0.031,0.008,0.006,,,
4666,4666,4666,212058986,08 52 16.316,+21 15 25.56,1,12.573,,,557-045949,08521631+2115254,,STAR,gri,rpm,6.7,1.1,-11.7,1.3,,,13.515,0.01,12.742,0.03,,,13.125,0.03,12.512,0.02,12.337,0.01,,,11.393,0.022,11.029,0.021,10.981,0.018,5485,66,110,4.473,0.06,0.66,-0.032,0.2,0.24,0.941,1.179,0.089,0.962,0.142,0.071,1.105,0.302,0.996,312.7,374,40.98,0.03,0.01,0.007,,,
4667,4667,4667,212059021,08 50 58.215,+21 15 27.73,1,11.083,,1399-811-1,557-045892,08505822+2115277,,STAR,gri,lam,-9.1,1.5,-12.6,1.6,,,11.543,0.096,11.044,0.1,,,11.423,0.02,11.041,0.02,10.938,0.03,,,10.156,0.023,9.918,0.025,9.849,0.017,6064,144,144,3.959,0.144,0.12,-0.021,0.1,0.12,1.931,0.423,0.347,1.255,0.191,0.159,0.171,0.103,0.064,397.1,89.2,72.84,0.03,0.008,0.007,,,
4668,4668,4668,212059029,08 58 44.035,+21 15 28.19,1,12.565,,,557-046181,08584403+2115282,,STAR,gri,rpm,-4.9,1.4,0.9,1.1,,,13.097,0.03,12.619,0.05,,,12.836,0.05,12.534,0.07,12.449,0.08,,,11.773,0.023,11.537,0.023,11.494,0.022,6358,115,193,4.205,0.13,0.182,-0.13,0.15,0.24,1.395,0.462,0.205,1.196,0.156,0.111,0.406,0.253,0.2,629,208.2,92.4,0.032,0.008,0.006,,,
4669,4669,4669,212059068,08 30 22.423,+21 15 31.19,1,14.075,,,557-044893,08302242+2115310,6728-301-3-0125-0019,STAR,gri,rpm,-21.3,2.6,20.9,1.7,,,15.461,0.02,14.393,0.06,,,14.943,0.07,14.05,0.01,13.704,0.068,,,12.462,0.023,11.846,0.02,11.824,0.02,4658,75,94,4.651,0.03,0.025,-0.126,0.15,0.21,0.665,0.028,0.049,0.724,0.036,0.051,2.426,0.379,0.188,288.4,16.38,27.78,0.028,0.008,0.008,,,
4670,4670,4670,212059071,08 26 34.415,+21 15 31.41,1,17.839,,,,08263441+2115314,,STAR,JHK,col,,,,,,,,,,,,,,,,,,,,,16.024,0.075,15.568,0.112,15.298,0.131,3999,1181,454,4.873,0.165,0.297,-0.298,0.3,0.48,0.377,0.329,0.153,0.434,0.3,0.214,5.903,11.68,4.251,640.9,1023,316.7,0.032,0.01,0.008,,,
4671,4671,4671,212059098,08 53 39.234,+21 15 32.77,1,10.131,,1400-61-1,557-046006,08533923+2115327,,STAR,gri,rpm,17.9,1.1,-46.9,1.2,,,10.909,0.063,10.286,0.052,,,10.582,0.04,10.174,0.1,9.937,0.03,,,9.157,0.02,8.863,0.023,8.813,0.019,5985,143,178,4.229,0.195,0.273,-0.09,0.2,0.28,1.234,0.583,0.265,1.079,0.143,0.102,0.442,0.45,0.277,168.9,61.9,45.3,0.024,0.007,0.007,,,
4672,4672,4672,212059257,08 53 33.526,+21 15 42.33,1,14.639,,,557-045998,08533352+2115422,,STAR,gri,rpm,-0.6,2.8,-8.7,3,,,15.571,0.01,14.789,0.04,,,15.202,0.05,14.546,0.03,14.398,0.08,,,13.424,0.023,13.036,0.026,12.915,0.027,5384,128,128,4.534,0.035,0.056,-0.14,0.2,0.24,0.841,0.093,0.07,0.888,0.068,0.08,1.484,0.26,0.3,684.4,104.3,65.95,0.033,0.01,0.006,,,
4673,4673,4673,212059381,08 53 36.425,+21 15 50.75,1,12.167,,,557-046003,08533642+2115507,,STAR,gri,rpm,-12.5,1.6,-23.3,1.9,,,13.394,0.042,12.4,0.02,,,12.911,0.03,12.077,0.03,11.848,0.02,,,10.783,0.023,10.292,0.022,10.208,0.018,4954,49,49,3.745,0.864,0.216,-0.007,0.18,0.12,2.421,0.684,1.693,0.943,0.311,0.144,0.083,1.861,0.045,497,116.1,334.9,0.026,0.01,0.003,,,
4674,4674,4674,212059387,08 32 08.542,+21 15 50.99,1,17.484,,,,08320854+2115509,,STAR,JHK,col,,,,,,,,,,,,,,,,,,,,,15.102,0.035,14.432,0.055,14.201,0.054,4009,311,311,4.847,0.138,0.115,-0.164,0.2,0.28,0.418,0.121,0.125,0.479,0.131,0.183,5.832,5.178,2.398,483.2,207.2,190,0.032,0.008,0.007,,,
4675,4675,4675,212059388,08 59 57.029,+21 15 51.09,1,19.444,,,,,5045-301-1-0159-0169,STAR,gri,,-15,4,10,4,,,,,,,20.147,0.042,19.64,0.014,19.379,0.015,19.435,0.02,19.172,0.059,,,,,,,,,,,,,,,,,,,,,,,,,,,,,,,,,
4676,4676,4676,212059402,08 34 55.496,+21 15 51.96,1,17.419,,,,,6728-301-2-0131-0241,EXTENDED,gri,,-21,5,-52,5,,,,,,,19.028,0.057,17.877,0.01,17.485,0.01,17.223,0.013,17.008,0.035,,,,,,,,,,,,,,,,,,,,,,,,,,,,,,,,,
4677,4677,4677,212059413,08 52 44.113,+21 15 52.64,1,14.081,,,557-045971,08524411+2115525,,STAR,gri,rpm,-14.7,2.5,-2.2,2.7,,,16.241,0.11,14.789,0.03,,,15.632,0.04,14.206,0.04,13.417,0.04,,,11.855,0.023,11.166,0.022,10.978,0.02,3945,94,79,4.87,0.02,0.024,-0.094,0.15,0.15,0.415,0.029,0.02,0.468,0.038,0.027,6.444,0.557,0.753,105.9,24.02,6.977,0.019,0.008,0.005,,,
4678,4678,4678,212059414,08 58 45.873,+21 15 52.73,1,11.452,,,557-046182,08584587+2115528,,STAR,gri,rpm,-2.8,1.2,-3.3,1.3,,,12.833,0.03,11.743,0.05,,,12.304,0.05,11.419,0.07,11.087,0.08,,,9.895,0.025,9.297,0.023,9.207,0.02,4645,91,91,2.392,0.195,0.312,-0.244,0.2,0.4,11.126,3.786,2.41,1.152,0.183,0.22,7.73E-04,7.52E-04,4.75E-04,1387,411.5,270,0.033,0.01,0.007,,,
4679,4679,4679,212059540,08 33 36.491,+21 16 01.14,1,16.674,,,557-045067,08333649+2116012,6728-301-2-0129-0136,STAR,JHK,rpm,14.6,7.7,-1.6,7.3,,,,,,,,,,,,,,,,,14.787,0.043,14.133,0.033,14.038,0.045,4278,264,264,4.74,0.105,0.075,-0.152,0.2,0.24,0.53,0.086,0.1,0.585,0.085,0.102,3.828,2.183,1.055,602.9,150.9,161.9,0.033,0.008,0.007,,,
4680,4680,4680,212059634,08 34 43.063,+21 16 07.59,1,17.545,,,,08344306+2116075,6728-301-2-0131-0211,EXTENDED,gri,,-16,3,-4,3,,,,,,,20.775,0.131,18.636,0.011,17.553,0.007,17.077,0.006,16.724,0.013,15.968,0.108,15.3,0.098,14.892,0.107,,,,,,,,,,,,,,,,,,,,,,,,,,,
4681,4681,4681,212059653,08 51 20.134,+21 16 08.81,1,18.268,,,,,5045-301-3-0147-0159,EXTENDED,gri,,0,3,-2,3,,,,,,,19.785,0.064,18.667,0.012,18.304,0.013,18.097,0.016,18.003,0.057,,,,,,,,,,,,,,,,,,,,,,,,,,,,,,,,,
4682,4682,4682,212059745,08 51 59.464,+21 16 15.11,1,19.215,,,,,5045-301-3-0148-0190,STAR,gri,,1,3,-2,3,,,,,,,19.669,0.032,19.503,0.012,19.203,0.013,19.092,0.016,19.158,0.053,,,,,,,,,,,,,,,,,,,,,,,,,,,,,,,,,
4683,4683,4683,212059804,08 50 07.290,+21 16 19.65,1,15.886,,,,08500728+2116196,,STAR,JHK,col,,,,,,,,,,,,,,,,,,,,,13.562,0.026,13.044,0.032,12.681,0.026,3404,131,183,5.091,0.065,0.065,0.004,0.15,0.18,0.193,0.052,0.035,0.18,0.065,0.049,22.45,9.63,7.822,93.08,33.35,28.62,0.015,0.006,0.006,,,
4684,4684,4684,212059829,08 34 09.590,+21 16 21.20,1,14.808,,,557-045098,08340958+2116211,,STAR,BV,rpm,1.2,2.8,-2.4,3.2,,,15.955,0.1,15.036,0.046,,,15.446,0.044,,,,,,,13.57,0.027,13.137,0.027,13.039,0.022,5254,213,213,4.519,0.072,1.104,-0.285,0.25,0.55,0.84,2.146,0.093,0.872,0.079,0.079,1.402,0.404,1.373,752.7,1769,140.9,0.034,0.008,0.008,,,
4685,4685,4685,212059888,08 31 40.448,+21 16 24.57,1,16.577,,,,08314044+2116245,,STAR,JHK,col,,,,,,,,,,,,,,,,,,,,,14.418,0.031,13.802,0.035,13.588,0.03,3813,263,219,4.934,0.095,0.095,-0.111,0.16,0.28,0.337,0.093,0.097,0.355,0.12,0.12,8.92,6.581,3.292,275.3,103,87.27,0.027,0.008,0.007,,,
4686,4686,4686,212059921,08 52 50.863,+21 16 27.56,1,17.933,,,,08525086+2116275,,STAR,J,col,,,,,,,,,,,,,,,,,,,,,16.404,0.136,15.475,0.113,15.192,0.142,3962,400,400,4.876,0.162,0.135,-0.254,0.25,0.3,0.379,0.13,0.142,0.431,0.145,0.202,6.57,8.621,2.96,793.6,418.7,355.1,0.032,0.01,0.007,,,
4687,4687,4687,212059974,08 50 12.031,+21 16 31.45,1,15.441,,,557-045853,08501202+2116312,5037-301-4-0134-0225,STAR,JHK,col,,,,,,,,,,,,,,,,,,,,,13.465,0.026,12.928,0.031,12.689,0.029,3572,166,233,5.039,0.098,0.07,-0.055,0.15,0.21,0.238,0.065,0.068,0.231,0.1,0.083,16.15,12.24,6.192,114.6,37.88,42.03,0.017,0.006,0.006,,,
4688,4688,4688,212059994,08 25 50.823,+21 16 32.78,1,14.672,,,557-044658,08255081+2116328,6597-301-4-0211-0258,STAR,gri,rpm,4.2,4.2,-10.5,4.8,,,15.901,0.01,14.953,0.03,,,15.355,0.12,14.63,0.02,14.379,0.078,,,13.147,0.024,12.634,0.023,12.505,0.02,4952,119,119,4.591,0.042,1.4,-0.232,0.25,0.45,0.746,3.148,0.061,0.81,0.14,0.078,1.863,0.398,1.85,486.9,2093,64,0.033,0.008,0.007,,,
4689,4689,4689,212060002,08 56 38.228,+21 16 33.29,1,12.732,,,557-046101,08563822+2116332,,STAR,gri,rpm,-6.2,1.9,1.3,1.5,,,14.079,0.01,13.003,0.04,,,13.545,0.05,12.685,0.07,12.384,0.05,,,11.192,0.021,10.675,0.02,10.54,0.018,4844,94,94,2.918,0.425,0.595,-0.293,0.3,0.3,5.225,4.635,1.905,1.093,0.156,0.156,0.005,0.017,0.004,1343,1010,501.5,0.034,0.011,0.007,,,
4690,4690,4690,212060020,08 31 31.565,+21 16 34.37,1,17.543,,,,08313156+2116343,4508-301-1-0099-0211,EXTENDED,gri,,0,3,4,3,,,,,,,20.533,0.095,18.557,0.011,17.553,0.007,17.108,0.006,16.74,0.013,16.109,0.1,15.447,0.127,14.978,0.136,,,,,,,,,,,,,,,,,,,,,,,,,,,
4691,4691,4691,212060050,09 10 42.208,+21 16 35.59,1,12.405,,,557-046576,09104220+2116358,,STAR,gri,lam,-28,1.3,-45.1,2.5,,,13.357,0.03,12.586,0.07,,,12.943,0.04,12.377,0.05,12.174,0.08,,,11.208,0.02,10.831,0.019,10.788,0.018,5501,164,164,4.516,0.025,0.045,-0.026,0.08,0.1,0.879,0.074,0.038,0.938,0.048,0.048,1.378,0.14,0.242,262.1,35.38,14.66,0.028,0.005,0.005,,,
4692,4692,4692,212060053,08 29 00.447,+21 16 35.83,1,13.872,,,557-044824,08290045+2116357,,STAR,gri,rpm,-4.9,2.4,-4.7,2.9,,,14.94,0.12,14.12,0.04,,,14.56,0.07,13.871,0.02,13.576,0.067,,,12.515,0.02,12.018,0.024,11.913,0.023,5010,79,79,3.211,0.498,0.83,-0.56,0.42,0.42,3.782,5.85,1.624,0.933,0.194,0.106,0.015,0.065,0.014,1883,2430,737.8,0.033,0.008,0.005,,,
4693,4693,4693,212060102,08 54 24.996,+21 16 38.60,1,11.391,,1400-1761-1,557-046037,08542499+2116387,,STAR,gri,lam,0.8,1.6,-7.3,1.7,,,11.934,0.15,11.393,0.127,,,11.685,0.01,11.332,0.01,11.265,0.05,,,10.619,0.023,10.439,0.021,10.324,0.017,6387,154,154,4.19,0.1,0.16,-0.024,0.12,0.1,1.473,0.338,0.178,1.266,0.113,0.094,0.358,0.184,0.152,400.6,88.62,53.29,0.031,0.007,0.007,,,
4694,4694,4694,212060122,08 50 15.510,+21 16 40.08,1,13.021,,,557-045857,08501550+2116401,,STAR,gri,rpm,48.7,1.1,-16.9,1.3,,,14.035,0.02,13.246,0.02,,,13.618,0.02,12.996,0.02,12.765,0.02,,,11.728,0.023,11.351,0.021,11.267,0.021,5323,64,86,4.566,0.042,0.035,-0.347,0.3,0.3,0.773,0.071,0.077,0.803,0.081,0.081,1.704,0.392,0.27,286.5,44.73,33.5,0.026,0.007,0.005,,,
4695,4695,4695,212060143,08 28 15.128,+21 16 41.67,1,14.759,,,557-044792,08281511+2116415,,STAR,gri,rpm,-1.4,4.2,1.8,4.8,,,15.769,0.18,15.052,0.01,,,15.457,0.05,14.76,0.06,14.461,0.079,,,13.356,0.024,12.854,0.027,12.777,0.021,4996,117,88,3.443,1.169,0.835,-0.48,0.4,0.48,2.467,3.603,1.883,0.887,0.115,0.134,0.032,1.708,0.03,1795,2384,1331,0.032,0.008,0.007,,,
4696,4696,4696,212060176,08 32 06.647,+21 16 43.26,1,11.608,,1398-1042-1,557-044985,08320664+2116434,,STAR,gri,rpm,2.1,1.7,-7.3,1.8,,,12.059,0.15,11.872,0.191,,,11.928,0.04,11.572,0.04,11.471,0.06,,,10.767,0.023,10.505,0.021,10.485,0.02,6195,149,149,4.137,0.18,0.252,-0.109,0.16,0.32,1.455,0.716,0.285,1.161,0.207,0.172,0.34,0.279,0.209,401.4,206.7,69.07,0.031,0.008,0.007,,,
4697,4697,4697,212060250,08 56 09.626,+21 16 47.30,1,10.765,,,557-046092,08560962+2116471,,STAR,gri,rpm,-14.4,1.4,-1.7,0.7,,,12.104,0.03,11.026,0.03,,,11.579,0.06,10.71,0.05,10.415,0.05,,,9.296,0.023,8.756,0.02,8.663,0.018,4747,95,76,2.516,0.494,0.156,-0.264,0.2,0.28,9.481,2.023,3.821,1.152,0.185,0.185,0.001,0.005,4.86E-04,986.5,128,395.6,0.033,0.01,0.007,,,
4698,4698,4698,212060259,08 55 10.801,+21 16 48.05,1,19.295,,,,,5045-301-2-0152-0146,STAR,gri,,5,4,4,4,,,,,,,20.34,0.051,19.42,0.012,19.253,0.013,19.191,0.017,18.978,0.046,,,,,,,,,,,,,,,,,,,,,,,,,,,,,,,,,
4699,4699,4699,212060264,08 31 02.012,+21 16 48.27,1,11.881,,,557-044930,08310201+2116482,,STAR,gri,rpm,-8.6,2,-5.2,1.7,,,13.229,0.02,12.177,0.02,,,12.709,0.05,11.844,0.01,11.526,0.06,,,10.342,0.023,9.82,0.021,9.675,0.017,4781,76,76,2.754,0.474,0.395,-0.196,0.2,0.24,6.444,4.359,2.255,1.148,0.162,0.162,0.003,0.011,0.002,1146,588.7,389,0.034,0.01,0.007,,,
4700,4700,4700,212060301,09 11 31.517,+21 16 50.77,1,11.938,,1407-301-1,557-046592,09113153+2116509,,STAR,gri,rpm,-13.1,1.7,-24.4,1.8,,,12.91,0.311,12.001,0.179,,,12.47,0.02,11.888,0.05,11.71,0.07,,,10.776,0.021,10.4,0.023,10.333,0.017,5490,132,132,4.506,0.025,0.06,-0.037,0.15,0.18,0.895,0.077,0.06,0.936,0.06,0.071,1.293,0.175,0.264,221.8,30.53,23.21,0.025,0.006,0.005,,,
4701,4701,4701,212060304,08 34 37.516,+21 16 50.80,1,17.977,,,,08343751+2116508,,STAR,J,col,,,,,,,,,,,,,,,,,,,,,16.444,0.111,15.727,0.127,15.268,0.123,3800,446,318,4.953,0.125,0.175,-0.219,0.24,0.32,0.303,0.159,0.104,0.333,0.185,0.154,9.786,10.19,5.631,633.7,460,266.5,0.032,0.008,0.007,,,
4702,4702,4702,212060334,08 58 30.579,+21 16 52.86,1,18.344,,,,08583057+2116528,,STAR,J,col,,,,,,,,,,,,,,,,,,,,,16.783,0.149,16.112,0.145,15.58,0.155,3730,476,340,4.969,0.144,0.168,-0.254,0.25,0.35,0.284,0.152,0.099,0.307,0.195,0.139,11.43,11.91,6.577,666.8,513.5,290.1,0.033,0.008,0.007,,,
4703,4703,4703,212060398,08 34 38.060,+21 16 56.70,1,17.366,,,,08343805+2116567,,STAR,J,col,,,,,,,,,,,,,,,,,,,,,15.879,0.077,15.17,0.1,14.618,0.088,3650,389,278,4.989,0.12,0.144,-0.145,0.2,0.28,0.276,0.139,0.092,0.282,0.2,0.125,12.11,11.77,6.75,424.8,296.6,174.7,0.03,0.01,0.008,,,
4704,4704,4704,212060438,08 33 10.372,+21 16 59.23,1,17.488,,,,08331037+2116592,6597-301-3-0222-0261,EXTENDED,gri,,0,3,4,3,,,,,,,20.21,0.17,18.71,0.014,17.481,0.008,16.965,0.008,16.614,0.022,16.236,0.119,15.956,0.191,14.866,0.114,,,,,,,,,,,,,,,,,,,,,,,,,,,
4705,4705,4705,212060454,08 31 49.860,+21 17 00.18,1,19.063,,,,,4508-301-1-0099-0256,STAR,gri,,3,4,-3,4,,,,,,,19.374,0.025,19.332,0.011,18.989,0.011,18.947,0.013,18.971,0.034,,,,,,,,,,,,,,,,,,,,,,,,,,,,,,,,,
4706,4706,4706,212060461,08 58 42.195,+21 17 00.53,1,11.856,,,557-046178,08584219+2117006,,STAR,gri,rpm,-20.7,1.2,-29.3,1.1,,,12.831,0.07,12.047,0.06,,,12.425,0.07,11.815,0.07,11.613,0.06,,,10.664,0.023,10.28,0.021,10.168,0.018,5401,131,164,4.532,0.04,0.168,-0.111,0.16,0.36,0.847,0.157,0.056,0.894,0.056,0.035,1.435,0.228,0.546,199.7,80.55,20.07,0.024,0.005,0.005,,,
4707,4707,4707,212060549,08 26 40.150,+21 17 06.03,1,9.301,,1391-847-1,557-044698,08264015+2117060,,STAR,gri,rpm,-9.6,1.1,0.3,1.1,,,10.504,0.056,9.416,0.028,,,10.324,0.03,9.424,0.04,8.863,0.06,,,7.567,0.023,7.03,0.016,6.925,0.018,4687,74,74,2.468,0.132,0.11,-0.065,0.12,0.18,11.35,1.274,0.989,1.421,0.35,0.25,9.30E-04,5.17E-04,2.63E-04,503.9,61.48,33.63,0.032,0.011,0.007,,,
4708,4708,4708,212060573,08 53 37.386,+21 17 07.28,1,16.152,,,557-046004,08533739+2117074,5038-301-3-0050-0310,STAR,JHK,rpm,-0.6,4.9,-113.5,4.9,,,,,,,,,,,,,,,,,14.071,0.027,13.42,0.03,13.264,0.032,3989,211,253,4.994,0.075,0.09,-0.612,0.36,0.3,0.294,0.08,0.072,0.322,0.085,0.102,11.49,6.306,4.071,213.9,61.64,56.05,0.026,0.006,0.006,,,
4709,4709,4709,212060590,09 10 34.373,+21 17 08.07,1,14.054,,,557-046571,09103436+2117080,,STAR,gri,rpm,-7.6,2.7,-3.2,2.9,,,15.112,0.03,14.253,0.06,,,14.643,0.03,14.015,0.06,13.801,0.07,,,12.682,0.021,12.271,0.023,12.181,0.021,5341,128,128,4.504,0.066,1.012,-0.196,0.2,0.64,0.879,1.948,0.083,0.901,0.157,0.044,1.307,0.339,1.266,525.1,1089,71.53,0.034,0.007,0.007,,,
4710,4710,4710,212060651,08 32 09.526,+21 17 11.27,1,12.161,,,557-044988,08320952+2117113,,STAR,gri,rpm,-14.6,1.3,-10,2.8,,,13.341,0.05,12.413,0.02,,,12.882,0.04,12.122,0.01,11.852,0.06,,,10.741,0.023,10.222,0.021,10.144,0.019,4918,78,78,3.302,0.245,0.882,-0.322,0.2,0.48,3.69,5.376,0.904,1.031,0.196,0.14,0.017,0.028,0.016,788.1,1047,203.3,0.032,0.01,0.005,,,
4711,4711,4711,212060658,08 25 56.682,+21 17 11.58,1,17.824,,,,08255668+2117115,,STAR,JHK,col,,,,,,,,,,,,,,,,,,,,,15.579,0.064,15.141,0.083,14.723,0.083,3640,587,267,5.016,0.105,0.168,-0.132,0.2,0.32,0.251,0.167,0.077,0.267,0.228,0.104,12.88,10.83,8.031,337.4,378,126.5,0.029,0.008,0.007,,,
4712,4712,4712,212060676,08 33 26.384,+21 17 12.40,1,17.682,,,,08332638+2117123,6597-301-3-0223-0173,EXTENDED,gri,,-2,3,4,3,,,,,,,20.73,0.12,18.656,0.011,17.663,0.008,17.264,0.008,16.915,0.021,16.546,0.148,16.2,0.205,15.313,0.148,,,,,,,,,,,,,,,,,,,,,,,,,,,
4713,4713,4713,212060705,08 32 14.326,+21 17 14.11,1,13.957,,,557-044994,08321432+2117141,,STAR,gri,rpm,-16.5,2.6,9.2,2.9,,,15.061,0.03,14.181,0.03,,,14.652,0.03,13.89,0.045,13.659,0.068,,,12.636,0.023,12.192,0.026,12.093,0.021,5099,153,122,4.578,0.04,0.048,-0.076,0.2,0.28,0.777,0.074,0.068,0.84,0.066,0.079,1.779,0.287,0.336,406.8,60.27,44.24,0.032,0.01,0.006,,,
4714,4714,4714,212060710,08 54 27.862,+21 17 14.35,1,14.273,,,557-046041,08542786+2117144,,STAR,gri,rpm,-8.3,2.5,-8.8,2.6,,,15.28,0.01,14.498,0.06,,,14.934,0.03,14.265,0.01,13.99,0.072,,,13.068,0.023,12.592,0.022,12.446,0.021,5124,81,81,3.591,0.968,0.44,-0.585,0.42,0.36,2.383,1.437,1.684,0.891,0.063,0.114,0.056,1.856,0.043,1542,874.2,1104,0.036,0.013,0.01,,,
4715,4715,4715,212060713,09 10 30.779,+21 17 14.55,1,15.626,,,557-046569,09103077+2117145,5071-301-3-0158-0034,STAR,JHK,rpm,-2.5,3.1,3.2,3.4,,,,,,,,,,,,,,,,,14.134,0.028,13.684,0.031,13.532,0.035,5142,218,155,4.566,0.045,0.927,-0.263,0.25,0.45,0.783,1.653,0.075,0.837,0.07,0.083,1.667,0.384,1.607,849.9,1801,118.1,0.033,0.008,0.007,,,
4716,4716,4716,212060749,08 52 21.357,+21 17 17.60,1,13.715,,,557-045955,08522136+2117175,,STAR,gri,lam,-4.8,1.8,-9.5,1.8,,,14.773,0.04,13.949,0.04,,,14.363,0.03,13.694,0.03,13.437,0.03,,,12.404,0.025,11.904,0.021,11.815,0.023,5193,104,83,3.563,0.095,0.095,-0.735,0.15,0.12,2.574,0.301,0.269,0.908,0.087,0.018,0.052,0.02,0.014,1248,149.1,133.2,0.033,0.007,0.006,,,
4717,4717,4717,212060801,08 56 43.980,+21 17 21.24,1,11.411,,,557-046106,08564397+2117212,,STAR,gri,rpm,-1.1,1.5,-1.6,1.2,,,12.669,0.02,11.663,0.04,,,12.174,0.06,11.378,0.06,11.084,0.05,,,9.926,0.023,9.385,0.021,9.269,0.017,4784,96,77,2.431,0.352,0.08,-0.284,0.16,0.24,10.893,0.779,3.494,1.153,0.233,0.167,9.16E-04,0.002,2.21E-04,1455,107.7,392.2,0.034,0.01,0.007,,,
4718,4718,4718,212060869,08 28 06.899,+21 17 25.40,1,13.508,,,557-044783,08280689+2117252,,STAR,gri,rpm,-0.7,2.3,-11.4,2.1,,,14.795,0.01,13.78,0.01,,,14.306,0.05,13.465,0.02,13.166,0.064,,,12.047,0.021,11.548,0.02,11.446,0.017,4903,78,58,3.527,1.035,0.414,-0.13,0.15,0.27,2.998,1.345,2.317,1.039,0.224,0.269,0.034,1.548,0.025,1123,519,857.8,0.031,0.008,0.007,,,
4719,4719,4719,212060895,09 11 43.586,+21 17 27.58,1,16.782,,,,,5071-301-3-0160-0135,STAR,gri,,,,,,,,,,,,20.257,0.044,17.891,0.006,16.809,0.005,16.307,0.005,16.024,0.007,,,,,,,,,,,,,,,,,,,,,,,,,,,,,,,,,
4720,4720,4720,212060925,08 57 35.141,+21 17 29.43,1,19.257,,,,08573514+2117294,,STAR,JHK,col,,,,,,,,,,,,,,,,,,,,,16.601,0.129,15.827,0.138,15.491,0.187,3921,433,361,4.905,0.145,0.174,-0.254,0.25,0.35,0.332,0.189,0.121,0.378,0.181,0.181,8.329,9.274,4.388,776.9,524.4,358.5,0.033,0.008,0.007,,,
4721,4721,4721,212060946,08 50 23.142,+21 17 30.50,1,14.037,,,557-045861,08502313+2117305,,STAR,gri,lam,20.4,2,-27.3,2.3,,,15.077,0.01,14.239,0.03,,,14.64,0.02,13.966,0.02,13.779,0.04,,,12.776,0.022,12.389,0.023,12.266,0.018,5291,159,159,4.555,0.025,0.04,-0.081,0.12,0.12,0.81,0.071,0.047,0.868,0.062,0.052,1.61,0.197,0.24,478.4,55.41,36.02,0.032,0.008,0.007,,,
4722,4722,4722,212061041,08 26 59.136,+21 17 35.82,1,18.812,,,,08265913+2117358,,STAR,JHK,col,,,,,,,,,,,,,,,,,,,,,16.517,0.12,15.745,0.147,15.54,0.173,3995,448,448,4.9,0.15,0.18,-0.254,0.25,0.35,0.379,0.16,0.147,0.404,0.176,0.176,7.423,10.3,3.829,812.1,526.4,366.2,0.032,0.01,0.007,,,
4723,4723,4723,212061043,09 11 52.431,+21 17 35.90,1,15.183,,,557-046599,09115242+2117358,5071-301-3-0160-0045,STAR,gri,lam,20.1,3,2.9,3.3,,,16.944,0.08,15.749,0.04,,,16.536,0.03,15.131,0.06,14.603,0.07,,,13.075,0.021,12.402,0.024,12.244,0.022,4228,97,145,4.957,0.072,0.072,-0.974,0.24,0.16,0.341,0.057,0.066,0.382,0.066,0.092,9.586,4.143,2.48,163.5,42.71,38.78,0.021,0.005,0.003,,,
4724,4724,4724,212061179,08 31 40.224,+21 17 45.70,1,17.843,,,,08314022+2117457,,STAR,J,col,,,,,,,,,,,,,,,,,,,,,16.322,0.127,15.745,0.159,15.202,0.138,3775,578,321,4.965,0.12,0.216,-0.219,0.24,0.36,0.315,0.214,0.111,0.33,0.245,0.153,9.786,10.19,6.183,605.8,613,267.5,0.032,0.01,0.008,,,
4725,4725,4725,212061235,09 09 30.232,+21 17 49.22,1,16.926,,,,09093023+2117492,5061-301-4-0159-0098,STAR,gri,rpm,11,3,-54,3,,,,,,,21.4,0.092,18.884,0.008,17.372,0.006,16.087,0.005,15.389,0.006,14.056,0.024,13.442,0.029,13.185,0.033,3461,123,103,5.105,0.035,0.035,-0.156,0.21,0.15,0.199,0.019,0.024,0.183,0.024,0.028,22.49,6.15,3.567,116.5,17.26,17.35,0.02,0.004,0.006,,,
4726,4726,4726,212061301,08 25 54.245,+21 17 53.88,1,16.644,,,,08255424+2117538,,STAR,J,col,,,,,,,,,,,,,,,,,,,,,15.207,0.055,14.432,0.055,13.683,0.039,2031,115,96,5.358,0.02,0.027,-0.029,0.15,0.24,0.095,0.002,0.002,0.075,0.003,0.003,87.97,5.278,6.812,78.99,19.32,30.17,0.012,0.005,0.005,,,
4727,4727,4727,212061311,08 34 17.545,+21 17 54.85,1,13.648,,,557-045103,08341754+2117548,6728-301-2-0130-0187,STAR,JHK,rpm,25.3,2.5,-50.9,2.9,,,,,,,,,,,,,,,,,11.489,0.023,10.844,0.023,10.659,0.02,3975,237,94,4.827,0.054,0.072,-0.012,0.12,0.15,0.45,0.081,0.061,0.509,0.081,0.081,5.266,1.581,1.555,104.8,29.58,8.733,0.015,0.005,0.004,,,
4728,4728,4728,212061327,08 34 53.818,+21 17 56.08,1,14.045,,,557-045130,08345381+2117560,,STAR,BV,rpm,-1,2.1,-1.2,2.6,,,15.152,0.05,14.203,0.037,,,14.76,0.038,,,,,,,12.825,0.023,12.402,0.027,12.293,0.02,5209,215,154,3.603,0.835,0.835,-0.341,0.3,0.6,2.085,3.324,1.281,0.932,0.193,0.08,0.049,1.196,0.046,1417,1321,923.1,0.033,0.008,0.006,,,
4729,4729,4729,212061331,08 51 17.603,+21 17 56.18,1,14.125,,,557-045910,08511759+2117561,5045-301-3-0147-0034,STAR,JHK,rpm,17.3,12.2,-2.1,7.5,,,,,,,,,,,,,,,,,12.747,0.023,12.298,0.023,12.207,0.019,5155,155,124,4.53,0.055,1.155,-0.306,0.3,0.48,0.834,2.409,0.091,0.866,0.073,0.087,1.444,0.395,1.418,481.2,1294,64.98,0.032,0.008,0.006,,,
4730,4730,4730,212061366,08 59 10.600,+21 17 58.78,1,17.478,,,,08591060+2117587,5038-301-2-0058-0148,EXTENDED,gri,,0,3,2,3,,,,,,,20.492,0.1,18.504,0.01,17.483,0.007,17.038,0.007,16.685,0.016,16.164,0.089,15.654,0.124,15.318,0.132,,,,,,,,,,,,,,,,,,,,,,,,,,,
4731,4731,4731,212061369,09 10 11.193,+21 17 58.83,1,13.737,,,557-046561,09101120+2117587,,STAR,gri,rpm,0.4,2.6,-4.2,2.9,,,15.172,0.05,14.109,0.07,,,14.608,0.04,13.761,0.08,13.364,0.08,,,12.077,0.021,11.53,0.022,11.386,0.017,4784,95,76,2.797,0.744,0.62,-0.315,0.3,0.54,5.797,6.259,3.009,0.995,0.217,0.181,0.004,0.038,0.003,2128,1816,1113,0.034,0.01,0.007,,,
4732,4732,4732,212061384,08 26 13.754,+21 17 59.78,1,17.23,,,,08261375+2117597,,STAR,JHK,col,,,,,,,,,,,,,,,,,,,,,15.381,0.086,14.864,0.11,14.644,0.098,4175,949,527,4.817,0.195,0.234,-0.277,0.25,0.4,0.434,0.238,0.177,0.517,0.234,0.28,4.527,9.527,2.766,608.7,628.4,309.2,0.031,0.01,0.008,,,
4733,4733,4733,212061390,08 50 18.451,+21 18 00.06,1,17.035,,,,08501845+2118000,5037-301-4-0134-0252,EXTENDED,gri,,6,5,6,1,,,,,,,19.269,0.051,17.867,0.008,17.118,0.006,16.679,0.006,16.358,0.017,16.085,0.111,15.472,0.123,14.879,0.109,,,,,,,,,,,,,,,,,,,,,,,,,,,
4734,4734,4734,212061406,08 54 51.871,+21 18 00.92,1,13.986,,,557-046057,08545185+2118013,5038-301-3-0052-0017,STAR,gri,rpm,-0.5,3.2,-52.8,3.4,,,16.31,0.075,14.888,0.044,,,15.724,0.01,14.342,0.08,13.242,0.02,,,11.564,0.024,10.968,0.024,10.797,0.024,3793,135,90,4.929,0.05,0.05,-0.073,0.15,0.24,0.355,0.05,0.052,0.378,0.066,0.055,8.531,2.872,1.832,74.76,13.36,8.283,0.012,0.002,0.002,,,
4735,4735,4735,212061442,08 25 57.059,+21 18 03.19,1,17.458,,,,,6597-301-4-0212-0325,EXTENDED,gri,,9,3,3,3,,,,,,,19.234,0.054,18.031,0.01,17.526,0.009,17.212,0.01,17.138,0.047,,,,,,,,,,,,,,,,,,,,,,,,,,,,,,,,,
4736,4736,4736,212061492,08 55 33.925,+21 18 06.97,1,13.833,,,557-046071,08553391+2118070,,STAR,gri,lam,-1.6,2.5,-2.3,2,,,15.269,0.05,14.125,0.03,,,14.69,0.07,13.79,0.05,13.466,0.02,,,12.258,0.023,11.6,0.021,11.49,0.023,4696,222,83,2.268,0.12,0.168,-0.606,0.12,0.15,11.545,2.195,1.35,0.945,0.023,0.034,5.60E-04,2.78E-04,2.15E-04,4415,1017,516.2,0.033,0.013,0.007,,,
4737,4737,4737,212061544,09 09 40.904,+21 18 10.23,1,15.385,,,557-046550,09094091+2118102,5061-301-4-0159-0124,STAR,gri,rpm,-19.9,3.7,-18.1,3.4,,,17.675,0.11,16.249,0.06,,,16.959,0.12,15.564,0.04,14.711,0.1,,,13.101,0.025,12.471,0.025,12.234,0.019,3678,117,58,4.992,0.02,0.081,-0.024,0.06,0.08,0.29,0.08,0.009,0.308,0.1,0.026,12.36,0.742,4.288,121.4,44.63,6.526,0.018,0.006,0.003,,,
4738,4738,4738,212061569,09 11 07.715,+21 18 11.65,1,17.89,,,,,5071-301-3-0159-0367,EXTENDED,gri,,-1,3,-3,3,,,,,,,19.724,0.125,18.43,0.013,17.971,0.013,17.658,0.015,17.626,0.052,,,,,,,,,,,,,,,,,,,,,,,,,,,,,,,,,
4739,4739,4739,212061581,08 27 19.970,+21 18 12.80,1,18.218,,,,,6597-301-4-0214-0119,STAR,gri,,4,3,-1,3,,,,,,,18.635,0.018,18.145,0.006,18.242,0.008,18.206,0.009,18.259,0.028,,,,,,,,,,,,,,,,,,,,,,,,,,,,,,,,,
4740,4740,4740,212061596,09 09 05.912,+21 18 13.43,1,17.922,,,,09090591+2118134,5061-301-4-0158-0303,EXTENDED,gri,,-1,3,-1,3,,,,,,,20.912,0.085,18.833,0.009,17.932,0.007,17.532,0.007,17.208,0.017,15.906,0.074,15.539,0.107,15.098,0.106,,,,,,,,,,,,,,,,,,,,,,,,,,,
4741,4741,4741,212061660,08 54 22.246,+21 18 18.63,1,14.703,,,557-046036,08542224+2118187,5038-301-3-0051-0059,STAR,gri,lam,-2.3,2.8,-1.9,3.1,,,16.171,0.072,15.04,0.046,,,15.742,0.05,14.594,0.01,14.257,0.076,,,13.132,0.025,12.541,0.022,12.448,0.023,4400,160,133,4.691,0.04,0.04,-0.007,0.1,0.1,0.609,0.05,0.055,0.671,0.05,0.05,2.934,0.626,0.437,329.9,41.96,37.22,0.03,0.007,0.006,,,
4742,4742,4742,212061699,08 29 57.524,+21 18 20.96,1,14.807,,,557-044877,08295752+2118208,6728-301-3-0124-0114,STAR,gri,rpm,2.5,2.8,2.1,3.1,,,15.813,0.07,14.97,0.01,,,15.381,0.02,14.737,0.01,14.561,0.082,,,13.475,0.025,12.99,0.026,12.86,0.027,5151,122,102,3.411,1.092,0.91,-0.685,0.45,0.54,3.009,5.297,2.283,0.879,0.062,0.087,0.031,1.295,0.03,2082,3470,1555,0.034,0.007,0.008,,,
4743,4743,4743,212061766,08 58 33.455,+21 18 24.48,1,12.374,,,557-046173,08583345+2118244,,STAR,gri,rpm,-6.1,1.7,9.1,1.7,,,13.587,0.03,12.605,0.05,,,13.111,0.05,12.326,0.07,12.058,0.07,,,10.98,0.02,10.528,0.021,10.455,0.02,5049,99,119,3.331,0.342,0.912,-0.462,0.36,0.3,3.488,5.943,0.932,1.016,0.257,0.117,0.021,0.034,0.02,836,1311,213.4,0.03,0.01,0.008,,,
4744,4744,4744,212061772,08 53 45.036,+21 18 24.75,1,12.783,,,557-046010,08534503+2118247,,STAR,gri,lam,2.5,1.8,-3.7,1.2,,,13.562,0.02,12.913,0.01,,,13.223,0.03,12.722,0.02,12.595,0.04,,,11.738,0.023,11.423,0.022,11.369,0.022,5887,118,142,4.331,0.11,0.22,-0.157,0.12,0.15,1.092,0.361,0.16,0.983,0.083,0.069,0.67,0.344,0.352,453.6,148.8,73.7,0.032,0.008,0.007,,,
4745,4745,4745,212061825,08 57 01.884,+21 18 28.49,1,16.416,,,,08570188+2118284,5071-301-6-0139-0214,EXTENDED,gri,,-5,3,10,3,,,,,,,19.158,0.052,17.321,0.006,16.454,0.005,16.028,0.005,15.723,0.01,15.584,0.076,14.941,0.092,14.523,0.09,,,,,,,,,,,,,,,,,,,,,,,,,,,
4746,4746,4746,212062032,08 29 34.037,+21 18 41.38,1,17.289,,,,08293403+2118413,6728-301-3-0123-0328,EXTENDED,gri,,2,3,-2,3,,,,,,,20.534,0.123,18.415,0.01,17.203,0.006,16.806,0.006,16.386,0.013,15.914,0.084,15.273,0.099,14.496,0.088,,,,,,,,,,,,,,,,,,,,,,,,,,,
4747,4747,4747,212062033,08 27 15.670,+21 18 41.41,1,9.195,,1391-450-1,557-044739,08271567+2118414,,STAR,gri,rpm,-26.7,1.1,-0.6,1.1,,,10.371,0.052,9.292,0.026,,,10.317,0.05,9.472,0.19,8.714,0.06,,,7.384,0.027,6.861,0.018,6.728,0.02,4743,95,95,2.492,0.264,0.144,-0.101,0.15,0.27,11.165,0.798,1.771,1.401,0.442,0.316,0.001,0.001,3.34E-04,457.2,36.09,64.46,0.032,0.007,0.007,,,
4748,4748,4748,212062048,08 55 57.453,+21 18 42.12,1,11.97,,,557-046087,08555744+2118419,,STAR,gri,lam,-17.3,0.8,-6.4,0.6,,,12.657,0.03,12.043,0.04,,,12.33,0.05,11.915,0.06,11.815,0.04,,,11.132,0.022,10.872,0.024,10.827,0.018,6051,144,72,3.899,0.09,0.144,0.1,0.05,0.1,2.143,0.594,0.272,1.413,0.169,0.14,0.129,0.063,0.058,695.9,198.1,100.9,0.031,0.008,0.008,,,
4749,4749,4749,212062153,08 54 33.989,+21 18 49.79,1,13.711,,,557-046045,08543399+2118499,,STAR,gri,lam,-21.1,1.7,5.2,2,,,14.482,0.01,13.833,0.01,,,14.168,0.01,13.664,0.03,13.515,0.03,,,12.697,0.025,12.353,0.026,12.293,0.025,5285,159,127,3.614,0.1,0.12,-0.822,0.15,0.12,2.441,0.372,0.279,0.895,0.043,0.018,0.06,0.028,0.019,1359,187,105.2,0.031,0.008,0.006,,,
4750,4750,4750,212062157,08 32 56.182,+21 18 50.01,1,15.033,,,557-045035,08325618+2118501,6597-301-3-0222-0190,STAR,JHK,rpm,-16.6,3.5,-44.3,3.6,,,,,,,,,,,,,,,,,13.093,0.025,12.488,0.021,12.328,0.019,3888,229,114,4.891,0.07,0.05,-0.096,0.2,0.36,0.383,0.049,0.059,0.435,0.063,0.075,7.253,2.759,1.751,173.1,32.16,32.01,0.022,0.006,0.005,,,
4751,4751,4751,212062171,08 53 02.952,+21 18 50.84,1,17.025,,,,08530295+2118508,,STAR,JHK,col,,,,,,,,,,,,,,,,,,,,,15.105,0.042,14.573,0.057,14.346,0.06,3757,815,271,4.937,0.132,0.264,-0.189,0.25,0.35,0.325,0.234,0.104,0.349,0.291,0.145,9.779,8.641,6.651,362.3,443.6,142.5,0.029,0.008,0.007,,,
4752,4752,4752,212062172,08 32 48.890,+21 18 50.84,1,15.261,,,557-045028,08324886+2118508,6597-301-3-0222-0044,STAR,JHK,col,,,,,,,,,,,,,,,,,,,,,13.272,0.025,12.689,0.027,12.492,0.023,3743,177,177,4.968,0.075,0.075,-0.097,0.16,0.28,0.313,0.068,0.075,0.335,0.084,0.1,10.04,5.58,3.093,149.1,39.91,42.13,0.02,0.006,0.006,,,
4753,4753,4753,212062185,09 08 05.792,+21 18 51.68,1,9.699,,1407-1182-1,557-046494,09080578+2118517,,STAR,gri,rpm,2,1.4,-2.4,1.5,,,11.22,0.102,10.151,0.055,,,10.61,0.04,9.647,0.09,9.308,0.11,,,8.156,0.018,7.638,0.047,7.471,0.026,4703,94,113,2.483,0.207,0.115,-0.06,0.15,0.18,11.246,1.666,1.451,1.449,0.384,0.274,9.70E-04,8.36E-04,3.29E-04,661.1,93.41,59.55,0.034,0.01,0.007,,,
4754,4754,4754,212062256,09 11 24.598,+21 18 57.06,1,11.879,,,557-046590,09112459+2118570,,STAR,gri,rpm,-4.5,1.4,-12.1,1.6,,,13.323,0.03,12.201,0.05,,,12.762,0.02,11.826,0.05,11.501,0.06,,,10.267,0.02,9.79,0.027,9.557,0.021,4755,76,76,3.107,0.255,0.612,0,0.16,0.24,4.928,4.401,1.241,1.229,0.156,0.187,0.008,0.012,0.007,830.8,626.3,203.5,0.035,0.013,0.007,,,
4755,4755,4755,212062318,08 28 15.516,+21 19 01.51,1,15.017,,,557-044794,08281551+2119014,,STAR,BV,rpm,-3.1,4.2,-2.6,4.8,,,15.696,0.062,15.117,0.047,,,15.5,0.01,,,,,,,13.528,0.024,13.083,0.026,12.982,0.025,5193,156,156,4.544,0.054,1.107,-0.285,0.25,0.5,0.815,2.184,0.087,0.855,0.093,0.077,1.557,0.337,1.524,675.8,1707,83.12,0.035,0.01,0.008,,,
4756,4756,4756,212062322,09 06 14.582,+21 19 01.73,1,12.839,,,557-046438,09061458+2119017,,STAR,gri,lam,-7,1.9,5.3,2.4,,,13.946,0.04,13.078,0.07,,,13.506,0.05,12.796,0.08,12.552,0.1,,,11.537,0.022,11.092,0.027,11.028,0.023,5268,221,126,3.795,0.078,0.104,-0.083,0.15,0.15,2.221,0.308,0.271,1.192,0.073,0.161,0.1,0.03,0.029,754.7,82.4,101.9,0.032,0.007,0.007,,,
4757,4757,4757,212062360,08 32 21.650,+21 19 04.12,1,14.188,,,557-045005,08322165+2119042,4508-301-1-0100-0077,STAR,gri,rpm,-7.9,3.7,-13.9,2.3,,,15.278,0.02,14.445,0.01,,,14.818,0.07,14.131,0.02,13.918,0.071,,,12.941,0.023,12.518,0.026,12.432,0.024,5238,159,95,4.555,0.036,0.06,-0.165,0.2,0.32,0.798,0.092,0.06,0.857,0.065,0.076,1.625,0.262,0.384,505.8,77.07,48.73,0.034,0.008,0.008,,,
4758,4758,4758,212062476,08 34 08.690,+21 19 11.61,1,12.132,,,557-045097,,,STAR,BV,,-5.1,1.6,2.8,2.2,,,12.867,0.041,12.247,0.03,,,12.571,0.031,,,,,,,,,,,,,,,,,,,,,,,,,,,,,,,,,,,,,,,
4759,4759,4759,212062520,08 28 50.024,+21 19 15.02,1,16.963,,,,08285002+2119150,,STAR,J,rpm,4,1,4,9,,,,,,,,,,,,,,,,,15.504,0.063,14.826,0.072,14.156,0.057,3502,82,143,5.048,0.07,0.05,0.008,0.15,0.15,0.225,0.046,0.044,0.22,0.051,0.061,17.8,7.99,4.142,261.6,55.09,61.41,0.029,0.008,0.007,,,
4760,4760,4760,212062522,08 34 08.783,+21 19 15.43,1,14.084,,,,08340878+2119154,,STAR,J,,,,,,,,,,,,,,,,,,,,,,12.735,0.035,12.061,0.035,,,,,,,,,,,,,,,,,,,,,,,,,,,,,
4761,4761,4761,212062576,08 31 03.861,+21 19 18.72,1,9.863,,1391-835-1,557-044933,08310386+2119187,,STAR,gri,rpm,1,1.6,-15.5,1.6,,,11.812,0.182,10.202,0.043,,,11.046,0.1,9.939,0.14,9.356,0.06,,,7.875,0.021,7.178,0.026,7.011,0.015,4269,86,69,1.713,0.23,0.322,-0.209,0.16,0.36,23.961,6.694,6.133,1.144,0.154,0.185,8.41E-05,1.04E-04,5.22E-05,1046,264.8,211.3,0.035,0.014,0.01,,,
4762,4762,4762,212062602,08 32 11.793,+21 19 20.82,1,19.667,,,,,4508-301-1-0100-0358,EXTENDED,gri,,1,4,-6,4,,,,,,,21.281,0.112,20.044,0.021,19.733,0.021,19.505,0.023,19.41,0.064,,,,,,,,,,,,,,,,,,,,,,,,,,,,,,,,,
4763,4763,4763,212062629,08 52 07.155,+21 19 22.38,1,11.506,,1399-1621-1,557-045943,08520714+2119223,,STAR,gri,lam,31.3,1.8,-6,1.9,,,12.463,0.318,11.477,0.151,,,11.983,0.03,11.479,0.01,11.302,0.03,,,10.382,0.023,10.058,0.025,9.953,0.018,5664,171,171,4.493,0.06,0.6,-0.577,0.15,0.15,0.827,0.946,0.083,0.821,0.115,0.064,1.323,0.362,1.166,179.9,193.6,27.91,0.023,0.01,0.006,,,
4764,4764,4764,212062656,09 09 29.906,+21 19 24.41,1,14.321,,,557-046545,09092990+2119244,,STAR,gri,rpm,-1.2,3.2,-20.8,3.5,,,15.966,0.07,14.715,0.11,,,15.459,0.07,14.228,0.08,13.833,0.08,,,12.568,0.024,11.939,0.029,11.838,0.024,4281,155,129,4.737,0.054,0.054,-0.08,0.15,0.21,0.552,0.065,0.058,0.621,0.058,0.058,3.534,0.814,0.661,225.2,32.18,33.35,0.028,0.007,0.006,,,
4765,4765,4765,212062682,09 10 05.756,+21 19 26.21,1,11.093,,1407-1594-1,557-046558,09100575+2119262,,STAR,gri,rpm,-7,1.4,-16.5,1.4,,,11.885,0.147,11.245,0.108,,,11.549,0.07,11.04,0.09,10.897,0.1,,,10.087,0.022,9.792,0.022,9.734,0.019,5957,139,174,4.14,0.288,0.288,-0.065,0.16,0.24,1.451,0.594,0.421,1.102,0.186,0.103,0.296,0.561,0.174,293.2,115.3,96.23,0.029,0.008,0.007,,,
4766,4766,4766,212062695,08 29 18.239,+21 19 27.12,1,12.152,,,557-044838,08291823+2119271,,STAR,gri,rpm,-33.5,1.4,-32.4,1.1,,,13.054,0.041,12.329,0.01,,,12.689,0.06,12.117,0.01,11.922,0.06,,,10.957,0.023,10.586,0.023,10.522,0.02,5521,164,131,4.501,0.06,0.06,-0.246,0.28,0.35,0.854,0.121,0.081,0.879,0.072,0.072,1.316,0.36,0.331,234.8,52.48,42.89,0.024,0.011,0.002,,,
4767,4767,4767,212062775,08 53 49.118,+21 19 32.39,1,11.859,,,557-046012,08534912+2119325,,STAR,gri,rpm,-6.3,1,-49.7,2.2,,,12.697,0.01,12.009,0.02,,,12.356,0.03,11.818,0.02,11.645,0.03,,,10.777,0.023,10.391,0.022,10.297,0.018,5542,89,134,4.518,0.036,0.09,-0.298,0.24,0.2,0.843,0.173,0.051,0.876,0.081,0.061,1.417,0.155,0.461,210.5,54.01,22.72,0.025,0.01,0.006,,,
4768,4768,4768,212062781,08 29 30.673,+21 19 32.65,1,15.245,,,557-044847,08293066+2119326,6728-301-3-0123-0184,STAR,JHK,rpm,-2.4,2.7,-6,3,,,,,,,,,,,,,,,,,13.5,0.025,12.9,0.025,12.797,0.028,4570,184,184,4.659,0.064,0.04,-0.1,0.2,0.28,0.643,0.069,0.082,0.708,0.07,0.084,2.516,0.801,0.399,436,66.91,78.99,0.031,0.01,0.007,,,
4769,4769,4769,212062870,08 31 45.619,+21 19 37.93,1,12.298,,,557-044967,08314561+2119380,,STAR,gri,rpm,-3.9,3.3,-11.4,1.9,,,13.045,0.01,12.396,0.03,,,12.709,0.05,12.226,0.02,12.122,0.061,,,11.292,0.023,11.037,0.023,10.976,0.02,6022,120,96,4.195,0.165,0.198,0.003,0.15,0.21,1.363,0.318,0.303,1.135,0.085,0.085,0.401,0.388,0.173,479.1,125.2,99.24,0.033,0.01,0.006,,,
4770,4770,4770,212062913,09 10 35.620,+21 19 40.36,1,13.872,,,557-046573,09103561+2119403,,STAR,gri,rpm,1.4,3.2,-40.1,3.6,,,15.472,0.08,14.29,0.09,,,14.914,0.04,13.824,0.04,13.425,0.05,,,12.217,0.023,11.636,0.022,11.51,0.023,4417,105,105,4.712,0.126,0.045,-0.203,0.25,0.45,0.581,0.068,0.14,0.643,0.067,0.148,3.177,2.538,0.665,206.2,29.47,52.5,0.024,0.005,0.005,,,
4771,4771,4771,212062974,08 31 45.101,+21 19 44.66,1,18,,,,08314510+2119446,,STAR,J,,,,,,,,,,,,,,,,,,,,,,16.465,0.162,,,15.078,0.139,,,,,,,,,,,,,,,,,,,,,,,,,,,
4772,4772,4772,212063061,09 10 26.133,+21 19 50.53,1,11.217,,1407-1734-1,557-046566,09102613+2119504,,STAR,gri,rpm,-18.6,1.6,17.3,1.6,,,11.878,0.122,11.259,0.095,,,11.718,0.04,11.199,0.06,11.002,0.09,,,10.049,0.021,9.683,0.022,9.622,0.021,5586,134,134,4.359,0.156,0.624,-0.144,0.18,0.48,1.05,1.298,0.169,0.977,0.158,0.088,0.777,0.497,0.697,197.5,211.6,44.76,0.025,0.01,0.007,,,
4773,4773,4773,212063066,08 54 58.184,+21 19 50.77,1,13.531,,,557-046060,08545817+2119507,,STAR,gri,lam,16,1.8,36.8,1.9,,,14.668,0.02,13.753,0.03,,,14.259,0.01,13.473,0.04,13.219,0.04,,,12.146,0.022,11.649,0.021,11.573,0.017,4879,204,116,4.643,0.02,0.028,-0.417,0.1,0.08,0.658,0.042,0.028,0.7,0.042,0.035,2.432,0.235,0.294,263.6,27.57,16.91,0.026,0.01,0.008,,,
4774,4774,4774,212063076,08 33 16.122,+21 19 51.97,1,17.717,,,,08331612+2119519,6597-301-3-0222-0324,EXTENDED,gri,,1,3,-3,3,,,,,,,21.814,0.295,19.121,0.014,17.648,0.007,17.115,0.007,16.766,0.018,15.961,0.087,15.257,0.136,14.758,0.113,,,,,,,,,,,,,,,,,,,,,,,,,,,
4775,4775,4775,212063126,08 27 13.843,+21 19 54.93,1,11.249,,1391-303-1,557-044735,08271386+2119553,,STAR,gri,rpm,-82,1.8,-130.3,2,,,12.396,0.297,11.569,0.173,,,11.923,0.06,11.231,0.01,10.96,0.06,,,9.869,0.021,9.437,0.022,9.327,0.019,5145,83,83,4.585,0.035,0.035,-0.152,0.2,0.36,0.758,0.05,0.076,0.798,0.059,0.083,1.839,0.392,0.237,112,13.09,13.91,0.018,0.006,0.005,,,
4776,4776,4776,212063139,09 09 42.527,+21 19 55.51,1,17.621,,,,09094252+2119555,5061-301-4-0159-0142,EXTENDED,gri,,1,3,1,3,,,,,,,20.475,0.077,18.685,0.009,17.63,0.007,17.165,0.007,16.814,0.017,16.042,0.091,15.41,0.11,15.058,0.113,,,,,,,,,,,,,,,,,,,,,,,,,,,
4777,4777,4777,212063227,08 29 09.362,+21 20 01.52,1,18.735,,,,08290936+2120015,,STAR,J,col,,,,,,,,,,,,,,,,,,,,,17.145,0.203,16.06,0.193,15.686,0.177,3881,440,366,4.927,0.14,0.168,-0.254,0.25,0.35,0.335,0.154,0.122,0.375,0.179,0.179,8.329,9.274,4.388,828.1,549.4,378.4,0.033,0.01,0.007,,,
4778,4778,4778,212063281,08 32 26.356,+21 20 04.92,1,13.64,,,557-045008,08322636+2120049,,STAR,gri,rpm,7.5,1.8,-2.8,2,,,14.796,0.01,13.858,0.035,,,14.344,0.03,13.575,0.03,13.338,0.065,,,12.435,0.022,12.037,0.023,11.876,0.019,5143,159,127,4.505,0.06,0.924,-0.04,0.25,0.25,0.877,2.004,0.094,0.935,0.299,0.075,1.339,0.366,1.292,450.6,929.1,62.46,0.037,0.018,0.008,,,
4779,4779,4779,212063294,08 31 45.158,+21 20 05.72,1,12.76,,,557-044965,08314515+2120058,,STAR,gri,rpm,-15.6,1.7,4.4,1.8,,,13.377,0.03,12.83,0.03,,,13.068,0.06,12.704,0.01,12.628,0.062,,,11.827,0.023,11.541,0.023,11.514,0.018,6107,123,123,4.235,0.144,0.216,-0.204,0.2,0.32,1.247,0.406,0.181,1.065,0.111,0.129,0.527,0.271,0.297,559.7,179.1,80.02,0.033,0.008,0.007,,,
4780,4780,4780,212063315,09 06 31.284,+21 20 07.11,1,15.051,,,557-046444,09063127+2120071,,STAR,gri,rpm,-4.3,4.5,4.8,4.8,,,16.324,0.04,15.334,0.11,,,15.859,0.05,14.996,0.11,14.704,0.12,,,13.592,0.027,13.075,0.033,12.99,0.031,4905,146,146,4.605,0.035,1.022,-0.14,0.2,0.32,0.73,2.051,0.053,0.793,0.099,0.071,2.017,0.326,1.961,570.7,1623,53.8,0.033,0.008,0.008,,,
4781,4781,4781,212063329,08 34 17.813,+21 20 07.90,1,13.713,,,557-045104,08341781+2120078,,STAR,BV,rpm,-31.4,2,-8.9,2.2,,,15.012,0.05,13.911,0.035,,,14.567,0.037,,,,,,,11.994,0.023,11.446,0.029,11.316,0.02,4686,193,775,4.644,0.22,0.055,-0.116,0.25,0.25,0.662,0.074,0.255,0.716,0.074,0.265,2.413,4.232,0.496,232.1,45.67,119,0.025,0.006,0.008,,,
4782,4782,4782,212063334,09 06 34.349,+21 20 08.06,1,13.463,,,557-046446,09063434+2120081,,STAR,gri,lam,-12.1,2.4,-17.1,2.8,,,14.712,0.05,13.733,0.05,,,14.25,0.05,13.381,0.07,13.125,0.1,,,12.046,0.023,11.544,0.03,11.454,0.021,4866,177,148,4.606,0.03,0.03,-0.004,0.1,0.1,0.731,0.04,0.038,0.795,0.041,0.041,1.987,0.242,0.216,279.7,27.55,25.08,0.027,0.007,0.006,,,
4783,4783,4783,212063362,08 32 59.765,+21 20 09.87,1,12.798,,,557-045039,08325977+2120098,,STAR,gri,rpm,-25.9,1.2,6.9,1.5,,,13.649,0.01,12.944,0.02,,,13.297,0.02,12.749,0.01,12.584,0.062,,,11.762,0.023,11.398,0.021,11.363,0.02,5581,89,89,4.496,0.045,0.063,-0.217,0.25,0.35,0.892,0.093,0.098,0.9,0.081,0.097,1.275,0.294,0.281,354.3,43.59,50.78,0.031,0.005,0.008,,,
4784,4784,4784,212063366,09 09 00.230,+21 20 10.13,1,14.807,,,557-046531,09090023+2120101,5061-301-4-0158-0291,STAR,JHK,col,,,,,,,,,,,,,,,,,,,,,12.53,0.03,11.935,0.031,11.664,0.022,3534,167,139,5.032,0.072,0.06,-0.025,0.15,0.21,0.242,0.059,0.055,0.245,0.084,0.07,15.36,7.89,4.487,72.69,23.8,20.94,0.012,0.006,0.004,,,
4785,4785,4785,212063372,08 28 17.178,+21 20 10.63,1,11.35,,1391-329-1,557-044795,08281717+2120107,,STAR,gri,rpm,-4.2,2.7,-3,2.9,,,12.066,0.203,11.539,0.169,,,12.123,0.05,11.311,0.01,11.018,0.06,,,9.829,0.022,9.35,0.024,9.229,0.017,4867,79,79,2.462,0.663,0.085,-0.315,0.2,0.2,10.526,0.675,5.408,1.149,0.316,0.158,9.96E-04,0.009,2.09E-04,1346,96.24,652.4,0.034,0.008,0.008,,,
4786,4786,4786,212063479,08 29 14.918,+21 20 17.99,1,9.613,,1391-844-1,557-044835,08291491+2120178,,STAR,gri,rpm,-0.4,1.3,-8.2,1.3,,,11.468,0.118,10.065,0.045,,,10.88,0.09,9.789,0.19,9.07,0.06,,,7.494,0.021,6.754,0.017,6.575,0.021,4133,80,80,1.507,0.222,0.222,-0.215,0.25,0.25,31.915,7.133,6.692,1.204,0.228,0.163,3.29E-05,3.84E-05,1.60E-05,1143,228.6,219,0.033,0.006,0.006,,,
4787,4787,4787,212063500,08 33 16.649,+21 20 20.05,1,15.572,,,557-045049,08331663+2120204,6597-301-3-0222-0111,STAR,JHK,rpm,-21.2,7.6,-27.2,5.9,,,,,,,,,,,,,,,,,13.177,0.025,12.567,0.024,12.271,0.026,3575,106,106,5.007,0.081,0.045,0.001,0.15,0.21,0.265,0.048,0.062,0.258,0.068,0.068,13.93,7.351,3.241,109.1,25.74,24.48,0.016,0.006,0.004,,,
4788,4788,4788,212063522,08 33 24.298,+21 20 21.47,1,11.351,,1398-1328-1,557-045056,08332429+2120215,,STAR,BV,rpm,2.7,1.4,-38.2,1.5,,,11.786,0.114,11.384,0.126,,,11.489,0.03,,,,,,,10.1,0.022,9.89,0.022,9.772,0.017,6270,237,158,4.213,0.1,0.14,-0.079,0.15,0.24,1.353,0.299,0.18,1.194,0.118,0.118,0.436,0.209,0.184,289.4,60.79,42.51,0.029,0.008,0.006,,,
4789,4789,4789,212063524,08 35 25.218,+21 20 21.53,1,18.91,,,,08352521+2120215,6728-301-2-0132-0391,STAR,gri,rpm,-14,3,-117,3,,,,,,,23.918,0.803,20.501,0.025,18.967,0.011,18.228,0.009,17.786,0.017,16.468,0.119,16.02,0.171,15.413,0.146,3612,36,43,5.137,0.02,0.02,-0.471,0.05,0.05,0.187,0.004,0.007,0.175,0.004,0.009,26.69,1.601,1.601,202.5,18.72,6.074,0.025,0.008,0.002,,,
4790,4790,4790,212063547,09 09 13.785,+21 20 22.82,1,12.518,,,557-046538,09091378+2120228,,STAR,gri,rpm,1.4,1.6,-19.8,1.7,,,13.304,0.04,12.637,0.06,,,12.966,0.06,12.457,0.08,12.326,0.11,,,11.575,0.023,11.259,0.029,11.186,0.02,5879,139,173,4.35,0.09,0.288,-0.101,0.15,0.21,1.092,0.549,0.146,1.032,0.11,0.092,0.742,0.306,0.496,420.3,210.6,67.14,0.033,0.008,0.006,,,
4791,4791,4791,212063581,09 04 52.473,+21 20 25.03,1,14.674,,,557-046393,09045246+2120252,,STAR,gri,rpm,-20.6,4.5,-4.8,4.8,,,16.749,0.05,15.323,0.04,,,16.125,0.05,14.708,0.07,14.052,0.11,,,12.523,0.022,11.856,0.021,11.653,0.019,3915,93,93,4.848,0.07,0.025,0.03,0.12,0.18,0.442,0.023,0.074,0.498,0.025,0.092,5.774,2.419,0.604,155.6,14.38,29.01,0.021,0.009,0.005,,,
4792,4792,4792,212063609,08 32 12.608,+21 20 26.29,1,16.39,,,,08321260+2120262,4508-301-1-0100-0056,EXTENDED,gri,,2,4,14,1,,,,,,,19.437,0.044,17.322,0.005,16.447,0.004,15.99,0.004,15.587,0.007,15.031,0.062,14.432,0.072,13.992,0.067,,,,,,,,,,,,,,,,,,,,,,,,,,,
4793,4793,4793,212063653,08 32 10.676,+21 20 29.61,1,13.754,,,557-044991,08321067+2120296,,STAR,gri,rpm,-35.3,2.2,-13.3,2.6,,,15.597,0.13,14.308,0.02,,,15.097,0.04,13.749,0.02,13.179,0.064,,,11.766,0.022,11.096,0.022,10.959,0.018,3976,47,63,4.853,0.03,0.042,-0.049,0.12,0.12,0.435,0.042,0.038,0.497,0.045,0.045,5.914,1.034,1.04,112.1,11.38,8.68,0.015,0.004,0.004,,,
4794,4794,4794,212063681,08 31 27.879,+21 20 31.17,1,17.52,,,,08312787+2120311,,STAR,J,col,,,,,,,,,,,,,,,,,,,,,16.023,0.111,15.603,0.128,15.016,0.122,3704,705,293,4.989,0.12,0.24,-0.168,0.2,0.36,0.273,0.21,0.091,0.286,0.279,0.127,12.11,11.77,8.025,447.4,506.9,187,0.031,0.008,0.007,,,
4795,4795,4795,212063800,08 31 28.882,+21 20 38.19,1,11.804,,1391-776-1,557-044955,08312889+2120381,,STAR,gri,rpm,-11.5,2.2,-9.5,2.5,,,12.396,0.212,12.163,0.215,,,12.106,0.06,11.772,0.01,11.674,0.06,,,10.958,0.022,10.735,0.023,10.654,0.017,6317,154,154,4.188,0.11,0.198,-0.087,0.15,0.18,1.458,0.457,0.228,1.235,0.129,0.129,0.36,0.24,0.178,454.6,142.5,71.21,0.032,0.007,0.006,,,
4796,4796,4796,212063838,08 34 40.195,+21 20 41.02,1,14.121,,,557-045116,08344019+2120410,,STAR,BV,rpm,-3.6,2.8,2.2,5.9,,,15.458,0.07,14.327,0.038,,,14.905,0.039,,,,,,,12.71,0.021,12.209,0.021,12.09,0.022,4960,97,97,3.354,1.166,0.53,-0.371,0.35,0.49,3.416,2.266,2.673,0.939,0.214,0.119,0.019,1.21,0.017,1864,1475,1470,0.033,0.009,0.005,,,
4797,4797,4797,212063891,08 27 25.901,+21 20 44.58,1,19.513,,,,,6597-301-4-0214-0355,STAR,gri,,-1,4,6,4,,,,,,,20.285,0.048,19.637,0.013,19.472,0.015,19.478,0.019,19.389,0.067,,,,,,,,,,,,,,,,,,,,,,,,,,,,,,,,,
4798,4798,4798,212063903,08 33 04.268,+21 20 45.27,1,16.512,,,,08330426+2120452,6597-301-3-0222-0228,STAR,gri,rpm,-13,3,-25,3,,,,,,,20.857,0.065,18.382,0.007,16.988,0.005,15.711,0.005,15.044,0.006,13.683,0.027,13.041,0.022,12.801,0.026,3657,115,72,4.998,0.025,0.04,-0.056,0.15,0.09,0.289,0.041,0.027,0.299,0.061,0.038,12.44,2.042,2.536,155.2,31.05,17.77,0.022,0.007,0.005,,,
4799,4799,4799,212063936,08 29 35.679,+21 20 47.21,1,16.551,,,557-044852,08293566+2120472,6728-301-3-0124-0177,STAR,JHK,rpm,-26.4,4.9,-20.5,4.8,,,,,,,,,,,,,,,,,14.13,0.026,13.439,0.027,13.214,0.03,3996,188,157,4.839,0.055,0.066,-0.106,0.2,0.2,0.441,0.063,0.055,0.492,0.068,0.068,5.582,1.609,1.463,328.9,74.61,51.52,0.031,0.011,0.006,,,
4800,4800,4800,212063982,09 04 17.521,+21 20 50.85,1,14.395,,,557-046383,09041752+2120510,,STAR,gri,col,,,,,,,16.419,0.13,15.011,0.09,,,15.853,0.09,14.457,0.04,13.771,0.09,,,12.21,0.023,11.574,0.021,11.381,0.02,3861,77,77,4.893,0.063,0.035,-0.094,0.15,0.12,0.388,0.042,0.052,0.43,0.048,0.067,7.316,2.508,1.231,115.8,14.42,17.55,0.017,0.006,0.005,,,
4801,4801,4801,212064002,08 27 17.081,+21 20 52.67,1,17.099,,,,08271708+2120526,6597-301-4-0214-0313,EXTENDED,gri,,1,3,-1,3,,,,,,,19.741,0.074,18.033,0.008,17.096,0.006,16.698,0.006,16.387,0.017,16.093,0.095,15.37,0.119,15.088,0.115,,,,,,,,,,,,,,,,,,,,,,,,,,,
4802,4802,4802,212064081,08 34 16.653,+21 20 58.01,1,19.765,,,,,6597-301-3-0224-0622,STAR,gri,,2,13,-28,13,,,,,,,23.035,0.368,20.597,0.024,19.713,0.017,19.408,0.019,19.285,0.059,,,,,,,,,,,,,,,,,,,,,,,,,,,,,,,,,
4803,4803,4803,212064237,08 29 41.993,+21 21 07.82,1,14.687,,,557-044859,08294199+2121079,6728-301-3-0124-0212,STAR,JHK,col,,,,,,,,,,,,,,,,,,,,,12.522,0.023,11.896,0.025,11.69,0.023,3827,187,187,4.915,0.091,0.078,-0.105,0.2,0.28,0.359,0.065,0.084,0.406,0.084,0.118,8.025,4.93,2.422,124.9,29.47,35.9,0.018,0.006,0.006,,,
4804,4804,4804,212064288,08 26 04.697,+21 21 10.83,1,11.356,,,557-044670,08260469+2121108,,STAR,gri,rpm,-1.8,1.2,-5.6,1.5,,,12.706,0.01,11.631,0.01,,,12.196,0.07,11.294,0.01,10.997,0.06,,,9.791,0.024,9.246,0.023,9.117,0.018,4714,75,75,2.458,0.324,0.108,-0.18,0.15,0.18,11.052,0.79,3.406,1.223,0.242,0.173,9.16E-04,0.002,2.21E-04,1362,105.5,376.1,0.034,0.01,0.007,,,
4805,4805,4805,212064344,08 32 50.965,+21 21 14.52,1,14.262,,,557-045033,08325096+2121145,4508-301-1-0101-0036,STAR,gri,rpm,-2,2.4,1.4,2.5,,,15.361,0.15,14.496,0.01,,,14.897,0.04,14.246,0.04,13.99,0.072,,,12.984,0.023,12.547,0.027,12.467,0.021,5224,126,126,3.56,0.891,0.495,-0.46,0.35,0.49,2.368,1.702,1.635,0.903,0.186,0.055,0.051,1.423,0.04,1589,883.4,1086,0.035,0.008,0.008,,,
4806,4806,4806,212064347,08 29 34.250,+21 21 14.82,1,17.408,,,,08293425+2121148,6728-301-3-0124-0172,EXTENDED,gri,,0,3,2,3,,,,,,,21.076,0.164,18.644,0.01,17.367,0.006,16.879,0.006,16.435,0.011,15.789,0.082,14.915,0.077,14.298,0.094,,,,,,,,,,,,,,,,,,,,,,,,,,,
4807,4807,4807,212064378,08 28 44.385,+21 21 16.44,1,17.31,,,,08284438+2121164,,STAR,J,col,,,,,,,,,,,,,,,,,,,,,15.827,0.074,15.055,0.089,14.594,0.077,3766,416,356,4.953,0.125,0.15,-0.145,0.2,0.28,0.298,0.149,0.099,0.331,0.184,0.154,9.786,10.19,4.993,485.2,325.6,223.2,0.031,0.01,0.008,,,
4808,4808,4808,212064379,08 52 24.522,+21 21 16.46,1,11.464,,1399-1312-1,557-045958,08522453+2121165,,STAR,gri,rpm,-9.9,2.7,-6,2.8,,,13.322,0.545,11.777,0.212,,,12.248,0.02,11.424,0.03,11.129,0.02,,,9.999,0.023,9.479,0.022,9.346,0.017,4800,77,57,2.67,0.496,0.372,-0.284,0.2,0.24,7.481,3.718,3.112,1.126,0.19,0.158,0.002,0.008,0.001,1121,387.8,464.4,0.035,0.01,0.008,,,
4809,4809,4809,212064381,09 03 40.775,+21 21 16.49,1,16.795,,,,09034077+2121164,5038-301-1-0064-0136,STAR,gri,rpm,-59,3,-64,3,,,,,,,21.676,0.104,18.887,0.009,17.415,0.006,15.898,0.005,15.078,0.006,13.607,0.025,13.008,0.021,12.736,0.021,3441,125,83,5.089,0.025,0.05,-0.018,0.15,0.21,0.203,0.032,0.018,0.19,0.038,0.021,21.23,3.713,4.825,98.12,22.1,13.25,0.017,0.005,0.004,,,
4810,4810,4810,212064456,08 51 02.661,+21 21 21.05,1,19.623,,,,,5037-301-4-0135-0282,STAR,gri,,3,3,1,3,,,,,,,20.021,0.035,19.72,0.013,19.591,0.015,19.293,0.016,19.31,0.057,,,,,,,,,,,,,,,,,,,,,,,,,,,,,,,,,
4811,4811,4811,212064604,08 30 06.529,+21 21 30.56,1,17.569,,,,08300652+2121305,6728-301-3-0124-0320,EXTENDED,gri,,-6,3,1,3,,,,,,,20.212,0.098,18.536,0.011,17.588,0.008,17.154,0.008,16.823,0.018,16.66,0.164,15.622,0.129,15.426,0.183,,,,,,,,,,,,,,,,,,,,,,,,,,,
4812,4812,4812,212064632,08 31 29.863,+21 21 32.39,1,17.766,,,,08312986+2121323,,STAR,J,col,,,,,,,,,,,,,,,,,,,,,16.251,0.108,15.697,0.134,15.063,0.125,3674,477,298,4.981,0.115,0.161,-0.168,0.2,0.32,0.27,0.168,0.089,0.279,0.221,0.123,12.11,11.77,6.75,525.1,466.3,215.9,0.031,0.008,0.007,,,
4813,4813,4813,212064681,09 09 09.780,+21 21 35.52,1,14.533,,,557-046535,09090977+2121355,5061-301-4-0158-0183,STAR,gri,rpm,-25.4,4.8,-4.7,4.9,,,16.299,0.07,14.998,0.07,,,15.782,0.12,14.426,0.09,13.997,0.1,,,12.638,0.023,11.984,0.031,11.866,0.018,4168,164,131,4.768,0.054,0.054,-0.05,0.15,0.18,0.509,0.067,0.05,0.575,0.066,0.055,4.156,0.957,0.915,207.6,33.51,28.85,0.025,0.005,0.006,,,
4814,4814,4814,212064694,09 08 55.776,+21 21 36.58,1,16.794,,,,,5061-301-4-0158-0422,EXTENDED,gri,,-4,4,0,4,,,,,,,18.517,0.057,17.313,0.023,16.822,0.032,16.571,0.068,16.621,0.062,,,,,,,,,,,,,,,,,,,,,,,,,,,,,,,,,
4815,4815,4815,212064701,08 52 03.454,+21 21 36.96,1,12.279,,,557-045941,08520345+2121370,,STAR,gri,lam,-30.3,1,-8.3,1.2,,,13.615,0.01,12.59,0.01,,,13.138,0.03,12.211,0.04,11.911,0.02,,,10.774,0.023,10.295,0.022,10.166,0.02,4743,113,169,4.648,0.03,0.025,-0.25,0.18,0.15,0.652,0.041,0.032,0.709,0.05,0.028,2.446,0.324,0.241,135.3,14.98,11.34,0.018,0.006,0.006,,,
4816,4816,4816,212064747,09 06 04.621,+21 21 40.14,1,12.827,,,557-046431,09060462+2121402,,STAR,gri,lam,41.9,1.8,-21.3,3,,,13.608,0.05,12.979,0.06,,,13.28,0.05,12.806,0.08,12.633,0.09,,,11.751,0.022,11.406,0.024,11.361,0.021,5945,143,179,3.956,0.14,0.1,-0.71,0.18,0.12,1.612,0.193,0.236,0.893,0.07,0.018,0.204,0.121,0.067,658.8,74.96,77.83,0.033,0.004,0.004,,,
4817,4817,4817,212064790,08 27 05.550,+21 21 42.75,1,12.034,,,557-044723,08270554+2121428,,STAR,gri,rpm,-8.6,0.6,-14.1,0.8,,,13.178,0.01,12.269,0.03,,,12.731,0.04,12.006,0.04,11.735,0.06,,,10.6,0.021,10.203,0.02,10.061,0.019,5151,104,104,3.637,0.14,1.14,-0.342,0.3,0.42,2.601,3.813,0.315,1.115,0.106,0.232,0.059,0.032,0.058,536.1,857.2,48.07,0.035,0.005,0.009,,,
4818,4818,4818,212064795,08 29 25.087,+21 21 43.25,1,14.266,,,557-044841,08292507+2121432,,STAR,gri,rpm,1.1,2.4,-21.8,2.5,,,15.449,0.06,14.514,0.04,,,14.983,0.04,14.197,0.05,13.959,0.071,,,12.852,0.025,12.39,0.021,12.311,0.026,5081,81,101,4.589,0.025,0.045,-0.158,0.2,0.24,0.758,0.054,0.06,0.814,0.05,0.07,1.868,0.252,0.303,437.3,44.4,40.31,0.031,0.013,0.007,,,
4819,4819,4819,212064817,08 29 16.041,+21 21 44.36,1,12.976,,,557-044836,08291604+2121443,,STAR,gri,rpm,0.6,1.7,0.2,2.3,,,13.589,0.01,13.099,0.032,,,13.325,0.06,12.963,0.01,12.827,0.063,,,12.038,0.021,11.739,0.026,11.732,0.019,6090,148,148,4.14,0.24,0.2,-0.192,0.2,0.32,1.364,0.365,0.288,1.066,0.179,0.099,0.387,0.376,0.216,681.5,186.4,171.6,0.033,0.011,0.006,,,
4820,4820,4820,212064831,09 05 01.579,+21 21 45.18,1,17.442,,,,09050157+2121451,5061-301-5-0152-0213,EXTENDED,gri,,8,3,2,5,,,,,,,20.074,0.072,18.533,0.011,17.518,0.007,16.974,0.008,16.653,0.017,16.204,0.103,15.302,0.094,14.567,0.075,,,,,,,,,,,,,,,,,,,,,,,,,,,
4821,4821,4821,212064942,08 32 22.295,+21 21 52.91,1,19.119,,,,,4508-301-1-0100-0405,EXTENDED,gri,,-24,4,15,4,,,,,,,20.891,0.136,19.561,0.028,19.212,0.024,18.93,0.027,18.781,0.072,,,,,,,,,,,,,,,,,,,,,,,,,,,,,,,,,
4822,4822,4822,212064943,09 05 22.504,+21 21 52.92,1,17.489,,,,09052250+2121529,5061-301-5-0153-0213,EXTENDED,gri,,-1,3,-1,3,,,,,,,20.346,0.06,18.464,0.008,17.504,0.006,17.071,0.006,16.735,0.013,15.884,0.072,15.129,0.081,14.75,0.092,,,,,,,,,,,,,,,,,,,,,,,,,,,
4823,4823,4823,212065095,08 27 34.644,+21 22 03.38,1,11.401,,,557-044754,08273463+2122035,,STAR,gri,rpm,-3.2,1.4,-9.7,2.7,,,13.235,0.01,11.838,0.01,,,12.6,0.06,11.363,0.04,10.888,0.06,,,9.403,0.021,8.773,0.024,8.543,0.02,4279,97,242,2.145,0.186,0.434,0.071,0.18,0.18,13.319,4.931,12.856,1.127,0.231,0.6,3.72E-04,2.79E-04,2.88E-04,1238,425.8,1196,0.03,0.013,0.023,,,
4824,4824,4824,212065129,08 32 18.956,+21 22 05.50,1,17.469,,,,08321895+2122055,4508-301-1-0100-0189,EXTENDED,gri,,-2,3,0,3,,,,,,,20.277,0.069,18.339,0.009,17.514,0.006,17.096,0.006,16.789,0.012,15.991,0.085,15.546,0.112,15.203,0.148,,,,,,,,,,,,,,,,,,,,,,,,,,,
4825,4825,4825,212065131,08 30 12.335,+21 22 05.75,1,19.188,,,,,6728-301-3-0125-0179,EXTENDED,gri,,,,,,,,,,,,19.899,0.079,19.033,0.017,19.24,0.029,18.63,0.023,18.914,0.108,,,,,,,,,,,,,,,,,,,,,,,,,,,,,,,,,
4826,4826,4826,212065136,09 09 05.057,+21 22 06.10,1,16.365,,,,09090505+2122061,5061-301-4-0158-0320,EXTENDED,gri,,-6,2,-5,2,,,,,,,18.574,0.033,17.154,0.005,16.478,0.005,16.027,0.005,15.755,0.013,15.645,0.099,14.932,0.113,14.342,0.072,,,,,,,,,,,,,,,,,,,,,,,,,,,
4827,4827,4827,212065146,08 33 22.651,+21 22 06.89,1,11.963,,,557-045052,08332265+2122069,,STAR,BV,rpm,-7.3,1.4,-10.8,1.3,,,12.873,0.041,12.126,0.03,,,12.522,0.031,,,,,,,11.033,0.022,10.751,0.022,10.686,0.022,6056,179,179,4.227,0.18,0.252,-0.112,0.16,0.24,1.29,0.502,0.27,1.097,0.158,0.113,0.446,0.404,0.265,397.2,145.6,90.99,0.03,0.006,0.007,,,
4828,4828,4828,212065150,08 34 34.296,+21 22 07.32,1,16.743,,,,08343429+2122073,6597-301-3-0224-0298,STAR,gri,rpm,-31,3,-13,3,,,,,,,21.187,0.085,18.853,0.009,17.393,0.006,15.839,0.005,14.992,0.006,13.506,0.027,12.881,0.021,12.644,0.025,3605,42,56,5.036,0.064,0.02,-0.107,0.06,0.14,0.253,0.015,0.05,0.252,0.021,0.066,15.69,6.99,1.381,123,8.192,27.08,0.018,0.003,0.004,,,
4829,4829,4829,212065157,08 35 20.047,+21 22 07.64,1,17.764,,,,08352004+2122076,,STAR,J,col,,,,,,,,,,,,,,,,,,,,,16.249,0.095,15.429,0.095,14.839,0.09,3619,385,321,5.011,0.135,0.162,-0.128,0.2,0.28,0.248,0.136,0.088,0.276,0.194,0.145,12.89,14.35,6.789,491.1,370.3,240.9,0.031,0.009,0.009,,,
4830,4830,4830,212065187,09 10 07.020,+21 22 09.68,1,16.34,,,,09100702+2122096,5061-301-4-0160-0132,EXTENDED,gri,,-1,2,-2,2,,,,,,,18.106,0.031,16.911,0.012,16.383,0.009,16.095,0.006,15.924,0.021,16.183,0.131,,,,,,,,,,,,,,,,,,,,,,,,,,,,,,,
4831,4831,4831,212065219,09 11 02.385,+21 22 11.80,1,17.694,,,,09110238+2122117,5071-301-3-0159-0231,EXTENDED,gri,,0,3,-2,3,,,,,,,21.302,0.19,18.992,0.014,17.657,0.008,17.138,0.007,16.76,0.016,16.194,0.082,15.248,0.076,14.753,0.083,,,,,,,,,,,,,,,,,,,,,,,,,,,
4832,4832,4832,212065260,09 03 36.004,+21 22 14.07,1,19.495,,,,,5038-301-1-0064-0128,STAR,gri,,3,3,-3,3,,,,,,,19.242,0.021,19.332,0.011,19.55,0.015,19.745,0.023,19.946,0.092,,,,,,,,,,,,,,,,,,,,,,,,,,,,,,,,,
4833,4833,4833,212065267,08 50 52.140,+21 22 14.46,1,16.488,,,,08505213+2122144,5037-301-4-0135-0260,STAR,gri,rpm,-83,3,-18,3,,,,,,,20.984,0.064,18.401,0.007,16.86,0.005,15.668,0.005,15.029,0.006,13.686,0.025,13.141,0.029,12.913,0.026,3346,154,128,5.14,0.02,0.021,-0.099,0.15,0.15,0.176,0.013,0.009,0.156,0.018,0.01,28.82,1.729,3.428,83.34,11.82,5.92,0.013,0.006,0.002,,,
4834,4834,4834,212065345,09 07 10.198,+21 22 19.52,1,16.878,,,,09071019+2122195,5071-301-4-0153-0263,STAR,gri,rpm,56,3,-54,3,,,,,,,21.399,0.103,18.778,0.008,17.215,0.005,16.064,0.005,15.431,0.006,14.188,0.03,13.545,0.036,13.271,0.039,3309,33,33,5.145,0.025,0.035,-0.068,0.16,0.2,0.17,0.015,0.007,0.148,0.015,0.005,29.94,2.888,4.574,103.3,7.386,3.098,0.017,0.007,0.002,,,
4835,4835,4835,212065429,09 07 42.411,+21 22 24.66,1,19.952,,,,,5071-301-4-0154-0689,EXTENDED,gri,,,,,,,,,,,,21.194,0.132,20.172,0.025,19.878,0.03,19.609,0.034,19.641,0.139,,,,,,,,,,,,,,,,,,,,,,,,,,,,,,,,,
4836,4836,4836,212065470,09 11 00.589,+21 22 27.25,1,18.029,,,,09110058+2122272,5071-301-3-0159-0222,EXTENDED,gri,,-4,4,7,4,,,,,,,21.411,0.155,19.362,0.014,17.977,0.008,17.458,0.007,17.055,0.015,16.075,0.075,15.338,0.08,14.779,0.08,,,,,,,,,,,,,,,,,,,,,,,,,,,
4837,4837,4837,212065526,08 28 00.564,+21 22 31.28,1,17.671,,,,08280056+2122312,,STAR,J,,,,,,,,,,,,,,,,,,,,,,16.163,0.088,16.022,0.186,,,,,,,,,,,,,,,,,,,,,,,,,,,,,
4838,4838,4838,212065622,08 26 53.626,+21 22 37.69,1,15.163,,,557-044713,08265362+2122377,,STAR,gri,rpm,-4,4.1,-0.5,4.8,,,16.417,0.13,15.345,0.051,,,15.794,0.048,15.026,0.056,14.893,0.09,,,13.835,0.024,13.401,0.03,13.265,0.029,5130,125,125,4.566,0.035,0.798,-0.143,0.2,0.32,0.792,1.511,0.066,0.843,0.078,0.065,1.679,0.317,1.587,729.4,1195,77.82,0.034,0.011,0.007,,,
4839,4839,4839,212065656,08 35 35.692,+21 22 40.13,1,17.866,,,,08353569+2122401,6728-301-2-0132-0334,STAR,gri,rpm,-1,3,-1,3,,,,,,,20.788,0.072,18.201,0.007,17.859,0.006,17.723,0.007,17.597,0.015,16.255,0.094,15.68,0.11,15.376,0.134,6099,94,118,4.326,0.13,0.286,-0.94,0.25,0.35,0.984,0.445,0.167,0.82,0.057,0.048,0.774,0.481,0.507,3367,1502,623.8,0.033,0.008,0.007,,,
4840,4840,4840,212065814,08 28 19.496,+21 22 49.19,1,16.965,,,557-044797,08281949+2122493,,STAR,JHK,rpm,-0.2,7.5,-10.8,7.2,,,,,,,,,,,,,,,,,14.254,0.052,13.486,0.062,13.126,0.044,4016,254,305,4.823,0.136,0.085,-0.066,0.15,0.21,0.456,0.096,0.133,0.502,0.103,0.165,5.027,4.377,1.628,369.3,114.2,129.3,0.03,0.01,0.007,,,
4841,4841,4841,212065876,08 33 13.494,+21 22 53.28,1,17.595,,,,08331349+2122532,6597-301-3-0223-0157,EXTENDED,gri,,3,3,-5,3,,,,,,,20.476,0.123,18.781,0.014,17.619,0.009,17.086,0.008,16.677,0.021,16.429,0.134,15.629,0.123,15.023,0.124,,,,,,,,,,,,,,,,,,,,,,,,,,,
4842,4842,4842,212065877,09 05 07.635,+21 22 53.39,1,17.675,,,,09050763+2122533,5061-301-5-0153-0169,EXTENDED,gri,,-2,3,-3,3,,,,,,,20.99,0.127,18.959,0.013,17.674,0.007,17.125,0.007,16.781,0.016,16.118,0.098,15.414,0.118,14.743,0.086,,,,,,,,,,,,,,,,,,,,,,,,,,,
4843,4843,4843,212065982,09 10 08.472,+21 23 00.26,1,16.983,,,,09100847+2123002,5061-301-4-0160-0154,EXTENDED,gri,,4,2,-5,2,,,,,,,19.525,0.05,17.976,0.007,17.065,0.006,16.557,0.006,16.269,0.014,15.682,0.064,14.958,0.075,14.673,0.085,,,,,,,,,,,,,,,,,,,,,,,,,,,
4844,4844,4844,212066009,09 06 49.866,+21 23 01.80,1,10.313,,1407-1593-1,557-046459,09064985+2123018,,STAR,gri,rpm,-34.9,1.5,-10.5,1.5,,,11.465,0.11,10.546,0.07,,,10.945,0.04,10.284,0.07,10.042,0.09,,,9.087,0.024,8.722,0.028,8.621,0.025,5367,162,162,3.817,0.71,1.136,-0.201,0.25,0.75,1.938,5.075,1.165,0.966,0.253,0.097,0.109,1.277,0.107,193.7,396.1,117.1,0.022,0.013,0.009,,,
4845,4845,4845,212066071,08 27 21.138,+21 23 04.84,1,18.345,,,,08272113+2123048,,STAR,J,,,,,,,,,,,,,,,,,,,,,,16.784,0.154,,,15.809,0.19,,,,,,,,,,,,,,,,,,,,,,,,,,,
4846,4846,4846,212066135,09 08 39.265,+21 23 08.31,1,9.233,,1407-1661-1,557-046515,09083926+2123082,,STAR,gri,rpm,-2.8,1.1,9.5,1,,,9.728,0.031,9.25,0.026,,,9.82,0.03,9.278,0.04,8.982,0.17,,,8.364,0.023,8.122,0.086,8.095,0.027,5530,324,270,3.589,0.65,1.17,-0.301,0.4,0.64,2.455,5.98,1.32,1.04,0.421,0.162,0.056,0.279,0.055,193.5,340.7,99.82,0.024,0.008,0.006,,,
4847,4847,4847,212066169,09 07 22.711,+21 23 10.59,1,17.366,,,,,5071-301-4-0154-0402,EXTENDED,gri,,-3,3,7,3,,,,,,,19.402,0.073,18.048,0.011,17.427,0.013,17.074,0.013,16.782,0.034,,,,,,,,,,,,,,,,,,,,,,,,,,,,,,,,,
4848,4848,4848,212066218,09 08 31.798,+21 23 14.19,1,18.725,,,,09083179+2123141,5061-301-4-0158-0229,STAR,gri,,25,3,-52,3,,,,,,,23.028,0.316,20.086,0.016,18.698,0.009,18.142,0.009,17.823,0.02,16.747,0.146,15.899,0.159,,,,,,,,,,,,,,,,,,,,,,,,,,,,,
4849,4849,4849,212066234,09 11 00.666,+21 23 15.03,1,17.995,,,,09110066+2123150,5071-301-3-0159-0236,EXTENDED,gri,,2,3,1,3,,,,,,,21.647,0.214,19.303,0.015,17.99,0.008,17.434,0.007,17.164,0.018,16.228,0.081,15.537,0.095,15.072,0.093,,,,,,,,,,,,,,,,,,,,,,,,,,,
4850,4850,4850,212066243,08 34 07.611,+21 23 15.43,1,12.88,,,557-045095,08340760+2123153,,STAR,BV,rpm,-7.4,1.4,-9.3,1.7,,,14.049,0.02,13.051,0.032,,,13.588,0.032,,,,,,,11.544,0.021,11.101,0.025,10.977,0.024,5139,153,122,3.435,0.955,0.955,-0.403,0.4,0.64,2.427,5.444,1.679,0.923,0.29,0.06,0.026,0.381,0.025,826.4,1681,554,0.033,0.01,0.007,,,
4851,4851,4851,212066258,08 29 56.584,+21 23 16.65,1,17.949,,,,,6728-301-3-0124-0279,EXTENDED,gri,,,,,,,,,,,,19.781,0.105,18.477,0.026,18.053,0.029,17.723,0.022,18.099,0.117,,,,,,,,,,,,,,,,,,,,,,,,,,,,,,,,,
4852,4852,4852,212066299,09 07 54.792,+21 23 19.43,1,11.324,,1407-362-1,557-046490,09075479+2123193,,STAR,gri,lam,-14,1.6,10.2,1.6,,,11.689,0.123,11.372,0.149,,,11.446,0.05,11.284,0.1,11.311,0.12,,,10.588,0.022,10.362,0.027,10.32,0.023,7612,153,184,4.191,0.075,0.09,-0.138,0.08,0.08,1.648,0.223,0.197,1.564,0.11,0.092,0.347,0.111,0.111,508.3,175.8,130.6,0.034,0.008,0.007,,,
4853,4853,4853,212066383,08 29 49.968,+21 23 25.32,1,14.214,,,557-044873,08294996+2123252,6728-301-3-0124-0106,STAR,gri,rpm,-23.7,2.5,-19.5,2.7,,,15.797,0.05,14.703,0.09,,,15.378,0.03,14.135,0.01,13.716,0.068,,,12.381,0.022,11.741,0.021,11.61,0.018,4124,81,81,4.798,0.078,0.036,-0.092,0.15,0.24,0.495,0.034,0.071,0.56,0.037,0.089,4.54,1.962,0.586,171,19.99,33.92,0.023,0.004,0.006,,,
4854,4854,4854,212066389,09 00 26.776,+21 23 25.67,1,20.014,,,,,5061-301-6-0146-0369,STAR,gri,,-3,4,4,4,,,,,,,21.15,0.082,20.398,0.019,19.892,0.018,19.849,0.028,19.665,0.086,,,,,,,,,,,,,,,,,,,,,,,,,,,,,,,,,
4855,4855,4855,212066409,08 31 23.445,+21 23 27.13,1,9.78,,1391-784-1,557-044951,08312345+2123272,,STAR,BV,rpm,-73.6,1.1,-31.8,1.1,,,10.526,0.041,9.898,0.032,,,10.659,0.03,,,,,,,8.616,0.023,8.267,0.021,8.18,0.021,5632,200,133,4.443,0.075,0.525,-0.087,0.16,0.28,0.958,0.851,0.096,0.975,0.095,0.08,1.021,0.341,0.86,93.98,81.02,13.03,0.016,0.007,0.005,,,
4856,4856,4856,212066533,08 31 12.240,+21 23 34.14,1,19.421,,,,,6728-301-3-0126-0833,EXTENDED,gri,,-29,5,0,5,,,,,,,21.499,0.255,19.891,0.029,19.423,0.029,19.219,0.033,19.094,0.109,,,,,,,,,,,,,,,,,,,,,,,,,,,,,,,,,
4857,4857,4857,212066537,08 35 06.636,+21 23 34.90,1,9.175,,1398-878-1,557-045140,08350663+2123348,,STAR,BV,rpm,-4.2,1.3,-3.9,1.3,,,10.917,0.092,9.466,0.033,,,,,,,,,,,6.721,0.024,5.92,0.016,5.697,0.018,3941,93,77,1.18,0.21,0.21,-0.123,0.15,0.24,46.332,11.143,7.617,1.312,0.231,0.198,1.14E-05,9.60E-06,5.93E-06,1098,234.3,163.5,0.032,0.01,0.008,,,
4858,4858,4858,212066552,08 34 49.534,+21 23 36.22,1,10.623,,1398-738-1,557-045122,08344953+2123361,,STAR,BV,rpm,-5.6,1.5,-39.9,1.6,,,11.674,0.125,10.824,0.092,,,11.423,0.03,,,,,,,9.13,0.027,8.613,0.033,8.521,0.02,4918,145,116,3.24,0.36,0.648,-0.357,0.3,0.48,3.865,3.392,1.258,0.991,0.263,0.113,0.016,0.038,0.014,387.3,329.2,123.6,0.031,0.007,0.008,,,
4859,4859,4859,212066562,09 09 02.802,+21 23 37.11,1,15.71,,,,09090280+2123371,5061-301-4-0158-0323,EXTENDED,gri,,2,2,3,2,,,,,,,18.626,0.035,16.654,0.004,15.73,0.003,15.305,0.003,14.968,0.008,14.994,0.093,14.438,0.107,13.956,0.08,,,,,,,,,,,,,,,,,,,,,,,,,,,
4860,4860,4860,212066567,08 59 56.975,+21 23 37.28,1,17.027,,,,08595697+2123372,5038-301-2-0059-0084,EXTENDED,gri,,-3,3,-3,3,,,,,,,18.392,0.018,17.376,0.005,17.054,0.005,16.877,0.006,16.715,0.014,16.159,0.099,15.705,0.101,15.372,0.134,,,,,,,,,,,,,,,,,,,,,,,,,,,
4861,4861,4861,212066577,09 07 03.646,+21 23 37.97,1,17.673,,,,09070364+2123379,,STAR,JHK,col,,,,,,,,,,,,,,,,,,,,,15.147,0.05,14.628,0.057,14.176,0.064,3502,179,251,5.057,0.09,0.09,-0.037,0.15,0.21,0.219,0.069,0.053,0.209,0.1,0.071,17.59,12.56,6.363,230.7,97.45,79.55,0.025,0.008,0.007,,,
4862,4862,4862,212066584,08 59 46.072,+21 23 38.31,1,17.02,,,,08594607+2123383,5038-301-2-0059-0225,EXTENDED,gri,,2,4,-3,4,,,,,,,19.105,0.047,17.683,0.009,17.088,0.007,16.736,0.008,16.507,0.022,16.916,0.182,16.097,0.191,15.742,0.196,,,,,,,,,,,,,,,,,,,,,,,,,,,
4863,4863,4863,212066613,08 34 02.875,+21 23 39.69,1,11.013,,1398-1374-1,557-045090,08340289+2123395,,STAR,BV,rpm,-2,2.2,-10.5,2.3,,,12.415,0.368,11.233,0.145,,,12.392,0.03,,,,,,,9.03,0.024,8.357,0.036,8.171,0.029,4424,129,129,2.057,0.35,0.49,-0.218,0.24,0.48,15.963,9.759,5.358,1.12,0.195,0.195,2.24E-04,6.42E-04,1.78E-04,1262,688.2,337.2,0.034,0.011,0.007,,,
4864,4864,4864,212066658,09 04 29.083,+21 23 42.56,1,19.008,,,,,5038-301-1-0066-0024,STAR,gri,,4,3,6,3,,,,,,,18.868,0.017,18.871,0.009,19.054,0.011,18.726,0.012,18.656,0.032,,,,,,,,,,,,,,,,,,,,,,,,,,,,,,,,,
4865,4865,4865,212066716,08 31 34.237,+21 23 47.05,1,16.576,,,,08313423+2123470,4508-301-1-0099-0262,STAR,gri,rpm,-56,3,-123,3,,,,,,,21.509,0.106,18.605,0.008,17.181,0.005,15.707,0.005,14.922,0.005,13.469,0.023,12.883,0.024,12.595,0.022,3131,31,31,5.174,0.02,0.02,0.002,0.05,0.05,0.157,0.003,0.003,0.135,0.003,0.003,34.6,2.076,2.076,54.68,1.64,1.64,0.006,0.001,0.001,,,
4866,4866,4866,212066735,09 05 16.557,+21 23 48.35,1,17.477,,,,09051655+2123483,5061-301-5-0153-0199,EXTENDED,gri,,1,3,1,3,,,,,,,20.972,0.158,18.888,0.015,17.431,0.007,16.873,0.007,16.527,0.017,16.033,0.083,15.36,0.124,14.681,0.086,,,,,,,,,,,,,,,,,,,,,,,,,,,
4867,4867,4867,212066743,08 28 09.910,+21 23 48.87,1,17.133,,,,08280990+2123488,4508-301-2-0095-0038,EXTENDED,gri,,8,3,4,3,,,,,,,19.666,0.086,17.897,0.009,17.209,0.007,16.805,0.007,16.511,0.016,16.652,0.147,15.792,0.181,15.403,0.151,,,,,,,,,,,,,,,,,,,,,,,,,,,
4868,4868,4868,212066778,08 33 25.024,+21 23 50.89,1,16.976,,,,08332502+2123508,6597-301-3-0223-0073,STAR,gri,,0,3,-3,3,,,,,,,18.355,0.015,17.101,0.005,16.935,0.005,16.914,0.006,16.914,0.011,16.078,0.092,15.878,0.159,,,,,,,,,,,,,,,,,,,,,,,,,,,,,
4869,4869,4869,212066798,08 34 13.890,+21 23 52.20,1,17.378,,,,08341389+2123521,6597-301-3-0224-0251,STAR,gri,rpm,-31,3,-16,3,,,,,,,21.884,0.147,19.47,0.012,17.984,0.007,16.482,0.005,15.656,0.007,14.272,0.025,13.566,0.03,13.297,0.036,3523,105,84,5.075,0.04,0.056,-0.145,0.2,0.16,0.212,0.039,0.024,0.204,0.053,0.026,19.96,4.881,5.266,141.6,31.32,18.83,0.021,0.008,0.004,,,
4870,4870,4870,212066805,08 31 06.540,+21 23 52.84,1,10.41,,1391-664-1,557-044936,08310654+2123528,,STAR,gri,rpm,-28.5,1.2,-3,1.3,,,10.999,0.055,10.566,0.056,,,10.786,0.13,10.409,0.06,10.249,0.06,,,9.52,0.025,9.306,0.026,9.245,0.02,6280,228,190,4.174,0.14,0.224,-0.023,0.15,0.21,1.456,0.521,0.253,1.259,0.167,0.139,0.368,0.236,0.217,240.3,81.91,45.42,0.027,0.007,0.007,,,
4871,4871,4871,212066953,08 32 42.440,+21 24 01.89,1,17.729,,,,08324244+2124018,,STAR,J,col,,,,,,,,,,,,,,,,,,,,,16.217,0.12,15.724,0.144,14.939,0.107,3589,385,275,5.022,0.11,0.132,-0.139,0.2,0.28,0.246,0.137,0.076,0.257,0.177,0.118,14.68,12.65,7.716,419.3,348.6,166.1,0.031,0.008,0.008,,,
4872,4872,4872,212066990,08 59 26.715,+21 24 04.08,1,10.504,,1400-2091-1,558-047568,08592671+2124040,,STAR,gri,rpm,-40.2,1.3,-22.4,1.4,,,11.098,0.076,10.577,0.068,,,10.865,0.06,10.55,0.05,10.35,0.11,,,9.585,0.022,9.322,0.021,9.265,0.018,6169,151,151,4.233,0.125,0.2,-0.226,0.25,0.35,1.286,0.346,0.201,1.088,0.118,0.141,0.457,0.251,0.23,205.8,52.34,35.41,0.026,0.007,0.007,,,
4873,4873,4873,212067038,08 28 09.892,+21 24 06.97,1,14.817,,,558-046239,08280989+2124069,4508-301-2-0095-0037,STAR,gri,rpm,0.8,4.3,5.4,4.8,,,15.844,0.03,14.926,0.01,,,15.403,0.06,14.779,0.053,14.566,0.082,,,13.49,0.025,13.056,0.023,12.968,0.028,5261,148,105,4.544,0.045,1.035,-0.26,0.24,0.56,0.815,1.94,0.075,0.869,0.063,0.089,1.548,0.313,1.507,679.1,1512,78.01,0.034,0.008,0.007,,,
4874,4874,4874,212067075,08 59 45.342,+21 24 09.36,1,14.124,,,558-047583,08594534+2124093,,STAR,gri,rpm,-4.2,3.4,-2,4,,,15.162,0.04,14.372,0.05,,,14.723,0.05,14.136,0.05,13.867,0.07,,,12.807,0.022,12.346,0.026,12.261,0.023,5168,122,122,3.213,0.965,0.772,-0.716,0.49,0.35,2.929,3.918,1.916,0.901,0.106,0.044,0.027,0.712,0.025,1804,2284,1155,0.034,0.008,0.006,,,
4875,4875,4875,212067160,09 04 35.737,+21 24 14.83,1,14.524,,,558-047746,09043573+2124150,5038-301-1-0066-0059,STAR,gri,rpm,-4.2,4.5,-8.1,4.9,,,15.827,0.09,14.849,0.04,,,15.341,0.06,14.577,0.03,14.174,0.1,,,13.011,0.023,12.415,0.021,12.3,0.021,4726,112,74,3.345,1.4,1.4,-0.505,0.4,0.48,3.685,9.632,3.149,0.798,0.128,0.128,0.018,1.964,0.018,1937,5961,1619,0.033,0.008,0.007,,,
4876,4876,4876,212067243,08 28 58.328,+21 24 20.49,1,17.254,,,,08285832+2124204,4508-301-2-0096-0252,EXTENDED,gri,,-3,3,1,3,,,,,,,19.912,0.088,18.165,0.01,17.267,0.007,16.863,0.007,16.482,0.015,16.338,0.118,15.824,0.173,15.372,0.162,,,,,,,,,,,,,,,,,,,,,,,,,,,
4877,4877,4877,212067353,08 33 17.520,+21 24 27.45,1,17.383,,,,08331752+2124274,4508-301-1-0101-0238,EXTENDED,gri,,-4,3,2,3,,,,,,,19.979,0.069,18.385,0.011,17.441,0.007,16.954,0.006,16.612,0.014,16.063,0.107,15.398,0.11,14.764,0.112,,,,,,,,,,,,,,,,,,,,,,,,,,,
4878,4878,4878,212067387,09 03 26.292,+21 24 29.92,1,13.955,,,558-047714,09032629+2124299,,STAR,gri,rpm,-17.2,2.9,0.1,2.7,,,15.035,0.05,14.188,0.04,,,14.59,0.04,13.968,0.03,13.683,0.07,,,12.604,0.022,12.162,0.026,12.088,0.019,5253,123,102,4.54,0.045,1.134,-0.366,0.3,0.54,0.827,2.261,0.093,0.876,0.045,0.099,1.542,0.377,1.511,458.6,1152,61.01,0.032,0.011,0.006,,,
4879,4879,4879,212067462,09 08 22.273,+21 24 35.85,1,10.047,,1407-1832-1,558-047882,09082227+2124357,,STAR,gri,rpm,0.5,0.9,0.6,0.8,,,11.752,0.236,10.172,0.06,,,10.933,0.06,10,0.09,9.667,0.12,,,8.512,0.026,7.949,0.031,7.87,0.051,4669,94,94,2.442,0.135,0.135,-0.136,0.16,0.24,11.057,1.779,1.293,1.305,0.354,0.221,8.76E-04,4.20E-04,3.28E-04,771.1,109,69.47,0.033,0.01,0.007,,,
4880,4880,4880,212067496,08 28 41.130,+21 24 37.95,1,16.31,,,,08284113+2124379,,STAR,J,col,,,,,,,,,,,,,,,,,,,,,14.898,0.059,14.227,0.065,13.86,0.058,3704,401,251,4.955,0.132,0.154,-0.101,0.16,0.24,0.292,0.141,0.095,0.306,0.193,0.138,10.33,9.349,5.562,306.7,205.8,123.2,0.028,0.011,0.009,,,
4881,4881,4881,212067526,08 27 43.982,+21 24 39.72,1,17.935,,,,08274398+2124397,,STAR,J,,16,5,8,2,,,,,,,,,,,,,,,,,16.406,0.107,,,15.403,0.146,,,,,,,,,,,,,,,,,,,,,,,,,,,
4882,4882,4882,212067539,08 28 12.208,+21 24 40.63,1,12.673,,,558-046242,08281220+2124406,,STAR,gri,rpm,-8.1,1.8,-11.3,3,,,13.698,0.01,12.879,0.01,,,13.303,0.06,12.629,0.01,12.404,0.061,,,11.374,0.024,10.969,0.022,10.913,0.022,5250,157,94,3.997,0.588,0.588,-0.166,0.16,0.48,1.443,1.537,0.744,0.907,0.253,0.044,0.169,1.524,0.147,522.2,395.4,298,0.029,0.009,0.009,,,
4883,4883,4883,212067627,08 34 56.070,+21 24 45.32,1,13.615,,,558-046575,08345607+2124453,,STAR,BV,rpm,0.1,1.7,-2.8,1.8,,,14.762,0.04,13.843,0.035,,,14.352,0.035,,,,,,,12.314,0.025,11.88,0.025,11.772,0.024,5186,155,186,3.535,0.354,1.121,-0.475,0.4,0.48,2.831,6.304,1.006,0.949,0.262,0.073,0.035,0.112,0.034,1366,2669,455.9,0.033,0.007,0.006,,,
4884,4884,4884,212067676,08 32 29.590,+21 24 49.29,1,12.898,,,558-046459,08322959+2124493,,STAR,gri,rpm,-4.1,1.2,-13.9,1.5,,,13.697,0.04,13.015,0.04,,,13.355,0.04,12.854,0.01,12.702,0.062,,,11.901,0.023,11.573,0.023,11.543,0.022,5823,117,117,4.376,0.075,0.405,-0.074,0.15,0.27,1.078,0.651,0.133,1.022,0.106,0.091,0.793,0.277,0.605,487.5,281.6,81.27,0.031,0.014,0.007,,,
4885,4885,4885,212067679,09 03 18.304,+21 24 49.38,1,13.636,,,558-047709,09031830+2124493,,STAR,gri,rpm,-2.3,1.7,1,3.4,,,14.79,0.03,13.897,0.05,,,14.319,0.04,13.657,0.04,13.343,0.09,,,12.241,0.022,11.742,0.022,11.654,0.021,5018,99,79,2.94,0.505,0.606,-0.615,0.3,0.42,5.037,5.4,2.339,0.938,0.155,0.07,0.006,0.037,0.005,2112,1912,896.6,0.033,0.008,0.007,,,
4886,4886,4886,212067701,09 11 32.923,+21 24 50.74,1,19.313,,,,,5071-301-3-0160-0273,EXTENDED,gri,,1,3,-2,3,,,,,,,21.039,0.175,19.741,0.024,19.365,0.026,19.129,0.031,19.21,0.135,,,,,,,,,,,,,,,,,,,,,,,,,,,,,,,,,
4887,4887,4887,212067719,09 00 24.572,+21 24 52.40,1,19.394,,,,,5038-301-2-0060-0316,EXTENDED,gri,,1,5,10,5,,,,,,,20.561,0.103,19.587,0.022,19.33,0.028,19.055,0.035,18.858,0.097,,,,,,,,,,,,,,,,,,,,,,,,,,,,,,,,,
4888,4888,4888,212067834,09 08 00.835,+21 24 59.59,1,15.549,,,558-047865,09080082+2124596,5071-301-4-0155-0019,STAR,gri,rpm,-5.3,4.4,-1.1,4.8,,,16.561,0.01,15.821,0.14,,,16.225,0.09,15.5,0.03,15.259,0.101,,,14.27,0.031,13.867,0.045,13.738,0.041,5235,190,159,4.56,0.04,0.08,-0.231,0.24,0.32,0.788,0.122,0.068,0.824,0.085,0.071,1.697,0.32,0.453,907.4,191.6,102.4,0.034,0.01,0.007,,,
4889,4889,4889,212067881,08 28 27.258,+21 25 01.99,1,16.21,,,,08282725+2125019,,STAR,J,rpm,4,2,10,1,,,,,,,,,,,,,,,,,14.805,0.063,14.116,0.076,13.725,0.059,3932,402,287,4.853,0.135,0.135,-0.064,0.15,0.24,0.402,0.135,0.134,0.463,0.15,0.18,5.804,6.101,2.615,419,210.8,162.1,0.031,0.01,0.008,,,
4890,4890,4890,212067906,08 27 25.848,+21 25 03.82,1,18.815,,,,08272584+2125038,,STAR,JHK,col,,,,,,,,,,,,,,,,,,,,,16.333,0.092,15.791,0.146,15.39,0.138,3895,705,423,4.92,0.14,0.224,-0.246,0.25,0.35,0.346,0.205,0.129,0.373,0.249,0.178,8.063,9.781,4.955,699.1,738.9,315.8,0.032,0.011,0.008,,,
4891,4891,4891,212067916,08 35 36.449,+21 25 04.08,1,18.099,,,,08353644+2125040,,STAR,JHK,col,,,,,,,,,,,,,,,,,,,,,15.586,0.056,14.936,0.048,14.625,0.068,3742,384,274,4.949,0.132,0.132,-0.132,0.2,0.28,0.317,0.141,0.113,0.344,0.171,0.142,9.83,8.901,4.671,421.2,257.2,183.5,0.031,0.01,0.008,,,
4892,4892,4892,212067981,09 10 50.868,+21 25 08.30,1,13.786,,,558-047955,09105087+2125084,,STAR,gri,lam,-19.3,2.4,-4.4,2.7,,,14.881,0.05,14.003,0.06,,,14.433,0.04,13.745,0.06,13.509,0.07,,,12.486,0.02,12.044,0.02,11.943,0.021,5112,152,152,4.583,0.03,0.03,-0.077,0.1,0.14,0.762,0.052,0.041,0.83,0.051,0.061,1.826,0.247,0.217,380.3,37.65,40.73,0.031,0.01,0.006,,,
4893,4893,4893,212068012,08 26 09.647,+21 25 10.46,1,17.454,,,,08260964+2125104,4508-301-3-0092-0253,EXTENDED,gri,,-2,3,4,3,,,,,,,19.217,0.045,18.006,0.008,17.513,0.008,17.218,0.008,17.062,0.024,16.691,0.146,16.055,0.184,15.852,0.209,,,,,,,,,,,,,,,,,,,,,,,,,,,
4894,4894,4894,212068017,08 59 44.066,+21 25 11.14,1,19.156,,,,,5038-301-2-0059-0344,STAR,gri,,-2,3,-5,3,,,,,,,24.962,0.675,20.202,0.018,18.799,0.01,18.708,0.012,18.382,0.025,,,,,,,,,,,,,,,,,,,,,,,,,,,,,,,,,
4895,4895,4895,212068102,08 30 29.574,+21 25 15.85,1,13.927,,,558-046362,08302957+2125158,,STAR,gri,rpm,1.4,2.5,-0.8,2.3,,,15.223,0.05,14.204,0.02,,,14.695,0.02,13.862,0.045,13.597,0.067,,,12.34,0.023,11.767,0.023,11.711,0.017,4762,95,57,2.567,0.606,0.505,-0.495,0.3,0.42,7.313,5.395,3.545,0.967,0.165,0.11,0.002,0.014,0.002,3058,1982,1379,0.034,0.011,0.008,,,
4896,4896,4896,212068141,09 07 05.601,+21 25 19.55,1,13.4,,,558-047834,09070559+2125194,,STAR,gri,lam,-9.5,2.9,-10.2,3.4,,,14.665,0.04,13.671,0.05,,,14.167,0.04,13.323,0.09,13.072,0.08,,,12.031,0.024,11.583,0.029,11.454,0.025,5010,150,150,4.579,0.025,0.03,0.059,0.1,0.1,0.776,0.044,0.042,0.842,0.043,0.051,1.789,0.218,0.231,301.2,33.34,25.23,0.029,0.007,0.006,,,
4897,4897,4897,212068150,08 32 00.728,+21 25 20.28,1,17.341,,,,08320072+2125202,4508-301-1-0100-0163,STAR,gri,rpm,-22,3,-16,3,,,,,,,22.292,0.197,19.232,0.011,17.804,0.006,16.531,0.005,15.866,0.007,14.496,0.032,13.842,0.033,13.621,0.041,3624,108,108,5.008,0.04,0.04,-0.045,0.12,0.18,0.272,0.035,0.036,0.275,0.061,0.044,13.42,3.09,2.512,211.7,37.03,37.24,0.025,0.013,0.008,,,
4898,4898,4898,212068199,08 59 25.133,+21 25 24.20,1,19.266,,,,,5038-301-2-0058-0433,EXTENDED,gri,,-14,9,26,9,,,,,,,20.656,0.136,19.488,0.025,19.192,0.031,18.989,0.041,19.022,0.149,,,,,,,,,,,,,,,,,,,,,,,,,,,,,,,,,
4899,4899,4899,212068255,08 30 05.432,+21 25 27.63,1,11.763,,1391-1475-1,558-046341,08300542+2125275,,STAR,gri,plx,-1.3,1.9,-2,2,,,12.609,0.269,12.337,0.249,,,12.134,0.05,11.72,0.01,11.604,0.06,,,10.823,0.023,10.559,0.022,10.462,0.018,6092,120,120,4.108,0.176,0.11,-0.099,0.2,0.24,1.494,0.274,0.232,1.128,0.106,0.106,0.293,0.245,0.093,431.3,73.89,73.89,0.032,0.01,0.007,,,
4900,4900,4900,212068280,08 33 55.382,+21 25 29.37,1,18.72,,,,08335538+2125293,6597-301-3-0224-0329,STAR,gri,rpm,20,4,-63,4,,,,,,,22.724,0.283,20.425,0.021,18.991,0.011,17.989,0.008,17.451,0.015,16.17,0.08,15.595,0.103,15.41,0.147,3459,42,42,5.062,0.04,0.048,0.034,0.08,0.1,0.218,0.036,0.022,0.206,0.039,0.029,18.64,4.292,4.103,337.1,54.25,39.41,0.029,0.022,0.01,,,
4901,4901,4901,212068284,08 29 22.179,+21 25 29.53,1,15.202,,,558-046302,08292216+2125294,,STAR,JHK,rpm,-1.6,2.7,3.7,3.1,,,,,,,,,,,,,,,,,12.983,0.022,12.291,0.021,12.135,0.019,4202,124,173,4.746,0.06,2.412,-0.105,0.2,0.36,0.534,0.122,0.065,0.598,0.101,0.072,3.655,1.108,3.654,255.4,87.38,45.49,0.027,0.011,0.005,,,
4902,4902,4902,212068300,08 33 00.524,+21 25 30.60,1,19.214,,,,,4508-301-1-0101-0195,STAR,gri,,1,3,1,3,,,,,,,19.563,0.028,19.456,0.012,19.126,0.012,19.111,0.014,19.206,0.041,,,,,,,,,,,,,,,,,,,,,,,,,,,,,,,,,
4903,4903,4903,212068302,08 58 50.436,+21 25 30.66,1,14.421,,,558-047551,08585043+2125307,5038-301-2-0058-0017,STAR,gri,rpm,9.3,4.6,-21.7,5,,,16.367,0.06,15.01,0.04,,,15.78,0.07,14.412,0.08,13.838,0.09,,,12.324,0.02,11.673,0.021,11.528,0.018,3991,127,63,4.827,0.063,0.045,-0.03,0.12,0.21,0.455,0.051,0.063,0.522,0.052,0.072,5.229,1.76,0.979,150.8,22.75,23.4,0.019,0.006,0.006,,,
4904,4904,4904,212068320,09 06 57.044,+21 25 31.59,1,16.88,,,,09065704+2125315,5071-301-4-0153-0242,STAR,gri,rpm,11,3,-99,3,,,,,,,19.994,0.039,17.866,0.006,16.864,0.005,16.458,0.005,16.229,0.008,15.202,0.047,14.604,0.071,14.471,0.079,4193,67,83,4.95,0.087,0.02,-0.836,0.16,0.36,0.339,0.021,0.073,0.385,0.031,0.094,9.389,5.492,0.826,459.9,32.89,141.7,0.027,0.005,0.005,,,
4905,4905,4905,212068342,08 34 40.033,+21 25 32.62,1,12.85,,,558-046562,08344003+2125326,,STAR,BV,rpm,-5.9,1.1,-10.3,1.3,,,13.77,0.02,13.016,0.032,,,13.426,0.032,,,,,,,11.925,0.021,11.595,0.021,11.559,0.019,5850,173,173,4.336,0.13,0.416,-0.189,0.2,0.28,1.089,0.705,0.159,0.998,0.097,0.081,0.732,0.402,0.566,505.1,305.4,99.05,0.033,0.01,0.007,,,
4906,4906,4906,212068345,08 31 16.162,+21 25 32.93,1,12.709,,,558-046403,08311616+2125328,,STAR,gri,rpm,27.5,1.3,20.1,1.9,,,13.681,0.01,12.901,0.03,,,13.304,0.05,12.68,0.02,12.454,0.061,,,11.477,0.022,11.074,0.021,11.002,0.02,5397,86,108,4.542,0.025,0.045,-0.098,0.2,0.24,0.826,0.083,0.03,0.879,0.073,0.052,1.536,0.11,0.27,273.2,42.66,8.197,0.029,0.007,0.008,,,
4907,4907,4907,212068348,09 07 02.211,+21 25 33.02,1,14.828,,,558-047832,09070221+2125330,5071-301-4-0153-0122,STAR,gri,col,,,,,,,16.878,0.06,15.473,0.07,,,16.269,0.05,14.858,0.09,14.211,0.1,,,12.682,0.022,12.01,0.028,11.831,0.026,3956,117,94,4.843,0.045,0.045,-0.026,0.15,0.21,0.437,0.048,0.051,0.496,0.057,0.068,5.72,1.615,1.071,169.4,23.76,24.68,0.023,0.006,0.005,,,
4908,4908,4908,212068375,08 27 37.693,+21 25 35.04,1,13.233,,,558-046211,08273768+2125351,,STAR,gri,rpm,10.8,2.1,-16,1.9,,,14.424,0.03,13.476,0.03,,,13.974,0.04,13.145,0.02,12.915,0.063,,,11.794,0.021,11.313,0.022,11.223,0.018,4975,59,79,4.577,0.035,0.868,0.011,0.2,0.24,0.775,1.605,0.058,0.846,0.181,0.07,1.709,0.299,1.641,278.9,596.6,32.61,0.028,0.009,0.005,,,
4909,4909,4909,212068378,09 11 06.516,+21 25 35.27,1,16.428,,,,09110651+2125352,,STAR,J,rpm,2,2,8,2,,,,,,,,,,,,,,,,,15.007,0.055,14.274,0.058,13.883,0.061,3960,283,283,4.853,0.126,0.105,-0.069,0.15,0.21,0.42,0.104,0.125,0.478,0.117,0.164,5.926,5.366,2.187,461.8,174.2,166.8,0.031,0.008,0.007,,,
4910,4910,4910,212068484,09 05 31.179,+21 25 42.55,1,13.952,,,558-047781,09053117+2125428,,STAR,gri,lam,10.1,2.8,-6.1,3.3,,,15.126,0.05,14.22,0.06,,,14.66,0.05,13.904,0.08,13.649,0.1,,,12.575,0.024,12.086,0.029,11.982,0.023,5025,121,81,3.61,0.1,0.12,-0.202,0.12,0.12,2.789,0.413,0.36,1.157,0.118,0.118,0.052,0.023,0.018,1411,186.9,165,0.033,0.008,0.007,,,
4911,4911,4911,212068493,09 05 01.060,+21 25 43.50,1,12.955,,,558-047761,09050106+2125437,,STAR,gri,lam,-10.4,2.8,-53.4,2.4,,,13.803,0.05,13.099,0.04,,,13.489,0.032,12.904,0.08,12.726,0.1,,,11.904,0.023,11.587,0.021,11.489,0.019,5808,139,139,4.434,0.078,0.208,-0.4,0.15,0.18,0.923,0.294,0.1,0.881,0.069,0.069,1.083,0.328,0.567,406.4,130.1,58.1,0.031,0.006,0.006,,,
4912,4912,4912,212068511,08 31 35.761,+21 25 44.41,1,11.515,,1391-504-1,558-046422,08313577+2125444,,STAR,gri,plx,-10.8,1.6,-15.6,1.7,,,11.917,0.101,12.062,0.193,,,11.825,0.04,11.472,0.04,11.382,0.06,,,10.64,0.022,10.42,0.021,10.383,0.017,6286,153,127,4.288,0.07,0.126,-0.093,0.15,0.24,1.277,0.204,0.128,1.173,0.096,0.134,0.546,0.158,0.2,315.4,53.71,53.71,0.029,0.008,0.007,,,
4913,4913,4913,212068617,09 07 17.812,+21 25 51.90,1,14.749,,,558-047839,09071780+2125518,5071-301-4-0154-0023,STAR,gri,rpm,-3.1,4.5,-2.1,4.8,,,15.865,0.07,14.99,0.07,,,15.405,0.06,14.736,0.07,14.467,0.12,,,13.559,0.024,13.117,0.032,12.931,0.033,5161,155,124,4.544,0.05,1.16,-0.31,0.3,0.48,0.818,2.384,0.092,0.866,0.09,0.108,1.536,0.398,1.508,697.8,1836,103.9,0.035,0.01,0.008,,,
4914,4914,4914,212068634,09 05 44.040,+21 25 52.94,1,16.316,,,558-047791,09054404+2125530,5061-301-5-0154-0030,STAR,BV,,3.5,7.3,-2.6,6.9,,,16.887,0.09,16.386,0.076,,,16.656,0.1,,,,,,,15.855,0.071,15.56,0.129,,,,,,,,,,,,,,,,,,,,,,,,,,,,,
4915,4915,4915,212068659,09 05 13.356,+21 25 54.17,1,13.817,,,558-047771,09051336+2125542,,STAR,gri,lam,-0.2,2.6,-5.1,1.5,,,14.924,0.06,14.037,0.06,,,14.466,0.04,13.779,0.08,13.539,0.1,,,12.508,0.023,12.068,0.021,12.002,0.02,5148,184,153,3.681,0.1,0.12,-0.235,0.12,0.12,2.553,0.365,0.319,1.162,0.114,0.114,0.064,0.029,0.02,1289,163.9,145.4,0.034,0.008,0.008,,,
4916,4916,4916,212068702,08 59 26.045,+21 25 56.69,1,18.025,,,,08592604+2125566,,STAR,J,rpm,30,11,14,39,,,,,,,,,,,,,,,,,16.488,0.147,15.749,0.133,15.353,0.158,3795,476,340,4.965,0.12,0.168,-0.254,0.25,0.35,0.306,0.159,0.105,0.326,0.211,0.151,9.497,12.26,5.351,618.1,458.5,263.2,0.032,0.01,0.007,,,
4917,4917,4917,212068776,08 26 57.894,+21 26 00.40,1,13.548,,,558-046178,08265789+2126004,,STAR,gri,rpm,-6.8,4.1,-3,4.8,,,15.787,0.064,14.128,0.036,,,15.099,0.13,13.566,0.03,12.883,0.063,,,11.23,0.021,10.343,0.022,10.157,0.021,3834,75,75,0.199,0.13,0.286,-0.934,0.16,0.4,116.462,45.788,15.028,0.846,0.017,0.024,4.92E-07,2.61E-07,3.15E-07,14710,31570,4468,0.033,0.011,0.008,,,
4918,4918,4918,212068798,09 10 34.993,+21 26 01.59,1,16.817,,,,09103499+2126015,5061-301-4-0161-0109,EXTENDED,gri,,-3,2,4,2,,,,,,,19.406,0.044,17.747,0.006,16.831,0.005,16.419,0.005,16.088,0.012,15.489,0.061,14.946,0.07,14.388,0.069,,,,,,,,,,,,,,,,,,,,,,,,,,,
4919,4919,4919,212068843,09 05 56.756,+21 26 04.70,1,15.051,,,558-047796,09055675+2126048,,STAR,gri,rpm,-7.7,4.5,2,4.8,,,16.035,0.08,15.301,0.03,,,15.669,0.08,15.049,0.09,14.786,0.04,,,13.823,0.026,13.31,0.037,13.263,0.036,5073,152,152,4.575,0.05,1.32,-0.353,0.3,0.48,0.763,2.976,0.077,0.812,0.098,0.081,1.755,0.429,1.738,714.3,2708,114.1,0.034,0.01,0.007,,,
4920,4920,4920,212069009,09 04 25.618,+21 26 13.37,1,14.623,,,558-047741,09042561+2126134,5038-301-1-0066-0027,STAR,gri,rpm,5.1,4.6,-20,5,,,15.779,0.05,14.867,0.05,,,15.318,0.04,14.585,0.1,14.325,0.07,,,13.226,0.023,12.715,0.021,12.633,0.023,4966,118,118,4.61,0.03,0.036,-0.232,0.25,0.3,0.712,0.072,0.048,0.763,0.08,0.067,2.023,0.3,0.309,476,57.1,42.88,0.031,0.01,0.008,,,
4921,4921,4921,212069065,09 11 24.962,+21 26 17.12,1,15.08,,,558-047973,09112496+2126170,,STAR,gri,rpm,-13.6,3.6,-5.8,3.8,,,17.472,0.14,15.946,0.063,,,16.904,0.1,15.505,0.1,14.298,0.03,,,12.447,0.02,11.876,0.022,11.629,0.022,3468,34,34,5.015,0.02,0.022,0.21,0.12,0.48,0.258,0.03,0.005,0.253,0.046,0.005,14.66,0.88,2.297,71.42,13.35,2.143,0.012,0.001,0.001,,,
4922,4922,4922,212069101,08 26 41.127,+21 26 19.35,1,10.332,,1391-1231-1,558-046160,08264113+2126193,,STAR,gri,plx,-4.5,1.4,-20.4,1.4,,,10.939,0.064,10.365,0.055,,,10.771,0.03,10.308,0.04,10.144,0.06,,,9.288,0.02,9.006,0.022,8.925,0.018,5961,144,144,3.838,0.1,0.12,0.028,0.15,0.18,2.332,0.529,0.365,1.404,0.152,0.212,0.104,0.05,0.039,370.2,94.6,94.6,0.03,0.011,0.008,,,
4923,4923,4923,212069117,08 55 58.558,+21 26 20.41,1,14.966,,,558-047460,08555855+2126203,5038-301-3-0054-0024,STAR,gri,rpm,43.1,2.8,-39.9,2.9,,,16.832,0.13,15.49,0.05,,,16.273,0.08,14.965,0.1,14.405,0.06,,,13.017,0.023,12.329,0.021,12.157,0.019,4039,80,80,4.814,0.042,0.03,-0.021,0.09,0.21,0.468,0.036,0.046,0.529,0.038,0.053,5.057,1.079,0.653,211.3,22,19.92,0.024,0.011,0.007,,,
4924,4924,4924,212069141,09 10 29.514,+21 26 21.86,1,12.217,,,558-047948,09102952+2126219,,STAR,gri,lam,-14.8,4,-22.2,1.4,,,13.339,0.04,12.474,0.08,,,12.892,0.05,12.203,0.06,11.928,0.11,,,10.848,0.021,10.371,0.02,10.297,0.018,5107,122,61,3.625,0.095,0.095,-0.386,0.1,0.16,2.536,0.376,0.276,1.028,0.127,0.079,0.057,0.028,0.016,590.4,74.48,55.65,0.032,0.006,0.005,,,
4925,4925,4925,212069223,08 33 46.969,+21 26 27.64,1,14.089,,,558-046516,08334697+2126276,,STAR,JHK,rpm,-34,2,-11.5,1.7,,,,,,,,,,,,,,,,,11.967,0.021,11.314,0.025,11.148,0.023,4087,234,234,4.802,0.085,0.102,-0.067,0.15,0.24,0.462,0.121,0.066,0.525,0.129,0.092,4.714,2.179,1.726,136.2,46.84,29.73,0.018,0.007,0.006,,,
4926,4926,4926,212069238,08 31 12.629,+21 26 28.87,1,14.292,,,558-046402,08311263+2126288,6728-301-3-0126-0205,STAR,gri,rpm,4.1,2.2,-8.8,1.9,,,15.621,0.1,14.61,0.041,,,15.198,0.06,14.232,0.03,13.904,0.071,,,12.72,0.022,12.158,0.021,12.061,0.022,4667,141,112,4.651,0.035,0.063,-0.116,0.24,0.24,0.668,0.085,0.046,0.739,0.071,0.071,2.387,0.385,0.564,329.8,57.68,35.19,0.031,0.004,0.006,,,
4927,4927,4927,212069266,08 32 29.449,+21 26 31.05,1,14.299,,,558-046458,08322945+2126310,,STAR,gri,rpm,-31.1,3.3,-19.3,4.1,,,15.403,0.06,14.459,0.03,,,14.971,0.05,14.145,0.01,14.011,0.072,,,12.859,0.021,12.419,0.027,12.306,0.024,5037,81,101,4.593,0.035,0.035,-0.202,0.27,0.12,0.743,0.055,0.051,0.784,0.055,0.046,1.908,0.283,0.291,424.9,40.99,37.38,0.034,0.018,0.008,,,
4928,4928,4928,212069268,08 57 47.210,+21 26 31.10,1,13.753,,,558-047519,08574721+2126311,,STAR,gri,rpm,2.9,1.6,-10.4,2.9,,,14.828,0.05,13.99,0.05,,,14.405,0.04,13.743,0.07,13.473,0.08,,,12.409,0.021,12.004,0.024,11.883,0.023,5303,127,127,4.471,0.102,0.952,-0.208,0.3,0.48,0.919,1.897,0.149,0.913,0.197,0.066,1.114,0.572,1.073,484,937.9,106.6,0.035,0.011,0.009,,,
4929,4929,4929,212069277,09 03 02.066,+21 26 32.19,1,11.863,,,558-047699,09030206+2126321,,STAR,gri,rpm,0.2,1.3,-6.1,1.5,,,12.491,0.05,11.974,0.05,,,12.202,0.05,11.877,0.04,11.717,0.09,,,10.918,0.022,10.681,0.021,10.643,0.019,6290,189,151,4.109,0.195,0.234,-0.082,0.12,0.22,1.593,0.685,0.359,1.253,0.22,0.157,0.261,0.291,0.155,489.1,199.9,121.5,0.033,0.01,0.008,,,
4930,4930,4930,212069335,08 57 57.212,+21 26 35.70,1,19.599,,,,,5071-301-6-0140-0361,EXTENDED,gri,,12,3,0,3,,,,,,,20.666,0.101,19.759,0.02,19.545,0.025,19.374,0.032,19.237,0.099,,,,,,,,,,,,,,,,,,,,,,,,,,,,,,,,,
4931,4931,4931,212069341,09 08 17.465,+21 26 36.03,1,12.49,,,,,5071-301-4-0155-0088,EXTENDED,gri,,,,,,,,,,,,14.513,0.005,13.204,0.002,12.537,0.002,12.184,0.002,11.866,0.002,,,,,,,,,,,,,,,,,,,,,,,,,,,,,,,,,
4932,4932,4932,212069364,08 26 01.291,+21 26 37.78,1,14.651,,,558-046138,08260128+2126377,4508-301-3-0092-0088,STAR,gri,rpm,-0.7,4.2,-6.6,4.8,,,15.817,0.065,14.907,0.044,,,15.397,0.08,14.577,0.03,14.331,0.077,,,13.185,0.024,12.654,0.023,12.545,0.021,4873,115,115,4.593,0.048,1.68,-0.177,0.2,0.32,0.74,4.596,0.064,0.813,0.177,0.08,1.881,0.433,1.876,483.3,2992,53.55,0.034,0.01,0.008,,,
4933,4933,4933,212069380,08 31 29.870,+21 26 38.83,1,18.71,,,,08312987+2126388,,STAR,JHK,col,,,,,,,,,,,,,,,,,,,,,15.942,0.085,15.065,0.076,14.796,0.103,4094,252,303,4.812,0.144,0.09,-0.198,0.2,0.28,0.455,0.094,0.131,0.498,0.114,0.171,5.059,5.176,1.639,783.3,266.1,263.2,0.033,0.011,0.008,,,
4934,4934,4934,212069491,09 08 19.604,+21 26 46.60,1,19.695,,,,,5071-301-4-0155-0091,STAR,gri,,14,3,0,3,,,,,,,21.914,0.168,19.914,0.016,19.622,0.016,19.434,0.018,19.505,0.071,,,,,,,,,,,,,,,,,,,,,,,,,,,,,,,,,
4935,4935,4935,212069646,08 59 03.062,+21 26 56.53,1,19.155,,,,,5038-301-2-0058-0185,STAR,gri,,2,3,-2,3,,,,,,,19.995,0.036,19.235,0.01,19.129,0.012,19.002,0.014,18.831,0.036,,,,,,,,,,,,,,,,,,,,,,,,,,,,,,,,,
4936,4936,4936,212069665,08 31 58.397,+21 26 58.08,1,16.915,,,,08315839+2126580,4508-301-1-0100-0167,EXTENDED,gri,,0,3,6,3,,,,,,,19.996,0.071,17.927,0.008,16.916,0.005,16.481,0.005,16.128,0.01,15.648,0.077,14.989,0.109,14.68,0.104,,,,,,,,,,,,,,,,,,,,,,,,,,,
4937,4937,4937,212069674,09 04 51.546,+21 26 58.77,1,15.369,,,558-047758,09045153+2126591,5038-301-1-0066-0102,STAR,gri,col,,,,,,,16.889,0.05,15.743,0.09,,,16.289,0.09,15.277,0.08,14.975,0.16,,,13.648,0.026,13.084,0.03,12.97,0.026,4653,133,160,4.655,0.072,0.04,-0.188,0.25,0.35,0.65,0.058,0.092,0.713,0.067,0.107,2.47,0.9,0.392,482.2,60.09,91.88,0.032,0.008,0.007,,,
4938,4938,4938,212069706,08 53 42.245,+21 27 01.80,1,14.41,,,558-047354,08534224+2127017,5045-301-3-0151-0011,STAR,gri,lam,-25.6,2.3,-0.8,5.1,,,15.673,0.03,14.695,0.05,,,15.242,0.08,14.367,0.04,14.053,0.08,,,13.003,0.025,12.531,0.024,12.428,0.023,4956,147,147,4.591,0.03,0.03,-0.016,0.12,0.12,0.757,0.043,0.049,0.813,0.041,0.041,1.859,0.227,0.202,452.7,50.12,37.93,0.031,0.007,0.006,,,
4939,4939,4939,212069710,09 10 50.544,+21 27 01.95,1,14.892,,,558-047954,09105054+2127019,5061-301-4-0161-0053,STAR,gri,rpm,-4.8,3.1,-3.4,3.5,,,16.568,0.04,15.409,0.06,,,16.078,0.06,14.854,0.1,14.384,0.09,,,13.051,0.023,12.442,0.022,12.287,0.021,4108,218,145,4.803,0.06,0.084,-0.14,0.18,0.18,0.474,0.103,0.073,0.529,0.106,0.075,4.715,1.646,1.614,221,67.12,33.76,0.025,0.005,0.005,,,
4940,4940,4940,212069742,08 28 49.128,+21 27 03.71,1,13.321,,,558-046278,08284913+2127037,,STAR,gri,rpm,0.6,2.4,-5,2.2,,,14.61,0.01,13.615,0.01,,,14.162,0.05,13.287,0.042,12.961,0.063,,,11.768,0.021,11.218,0.022,11.1,0.019,4766,75,94,2.689,0.528,0.44,-0.263,0.2,0.44,7.167,4.35,3.111,1.029,0.219,0.146,0.002,0.012,0.002,2195,1089,841.4,0.035,0.011,0.008,,,
4941,4941,4941,212069764,08 35 36.270,+21 27 05.54,1,15.178,,,558-046604,08353627+2127054,6597-301-3-0226-0065,STAR,gri,rpm,0.8,2.7,-5.7,3,,,16.984,0.11,15.811,0.06,,,16.438,0.058,15.256,0.1,14.639,0.01,,,13.117,0.023,12.467,0.021,12.296,0.02,3910,277,69,4.858,0.044,0.088,0.014,0.06,0.28,0.422,0.089,0.062,0.472,0.102,0.073,6.036,1.563,2.002,189.9,60.45,24.51,0.026,0.004,0.004,,,
4942,4942,4942,212069855,08 55 47.843,+21 27 11.86,1,10.133,,1400-2135-1,558-047451,08554783+2127118,,STAR,gri,plx,-4,1.4,-16.3,1.4,,,10.86,0.069,10.307,0.055,,,10.568,0.03,10.16,0.04,9.946,0.05,,,9.18,0.022,8.912,0.031,8.802,0.018,6083,145,145,3.768,0.095,0.114,0.012,0.1,0.14,2.615,0.471,0.337,1.537,0.141,0.169,0.077,0.033,0.023,402.9,89.91,89.91,0.031,0.01,0.008,,,
4943,4943,4943,212069856,08 31 27.092,+21 27 11.92,1,12.428,,,558-046415,08312708+2127119,,STAR,gri,rpm,-1,1.3,0.2,1.6,,,13.663,0.02,12.698,0.03,,,13.186,0.04,12.408,0.02,12.103,0.061,,,10.964,0.022,10.519,0.021,10.365,0.017,4956,59,79,2.948,0.475,0.665,-0.403,0.28,0.16,5.626,5.233,2.424,1.101,0.18,0.15,0.005,0.024,0.004,1246,1016,498.7,0.034,0.007,0.007,,,
4944,4944,4944,212069860,08 58 52.861,+21 27 12.60,1,17.255,,,,08585286+2127126,5038-301-2-0058-0152,STAR,gri,rpm,4,3,-84,3,,,,,,,20.613,0.053,18.314,0.007,17.227,0.006,16.801,0.006,16.553,0.009,15.4,0.044,14.837,0.046,14.667,0.071,4172,85,119,5.006,0.054,0.03,-1.107,0.18,0.15,0.299,0.021,0.053,0.332,0.03,0.083,12.1,4.719,1.439,408,45.17,85.85,0.032,0.011,0.009,,,
4945,4945,4945,212069861,08 57 46.605,+21 27 12.72,1,14.102,,,558-047518,08574660+2127127,5071-301-6-0140-0086,STAR,gri,rpm,-13.2,4.7,-59.6,5,,,16.292,0.1,14.781,0.03,,,15.638,0.04,14.176,0.07,13.445,0.07,,,11.907,0.02,11.25,0.023,11.055,0.022,3846,94,78,4.888,0.042,0.035,-0.032,0.15,0.12,0.399,0.027,0.039,0.443,0.033,0.053,6.926,1.478,0.894,103.9,14.08,12.4,0.016,0.004,0.004,,,
4946,4946,4946,212069953,08 29 47.984,+21 27 18.03,1,13.23,,,558-046328,08294797+2127179,,STAR,gri,rpm,3,1.8,-8.6,2,,,14.541,0.07,13.52,0.04,,,14.061,0.03,13.177,0.02,12.874,0.063,,,11.702,0.023,11.192,0.024,11.118,0.019,4828,58,58,3.354,1.03,0.515,-0.068,0.15,0.18,3.57,2.648,2.726,1.121,0.15,0.324,0.025,1.234,0.021,1137,736.9,856.3,0.034,0.011,0.008,,,
4947,4947,4947,212069986,08 27 40.811,+21 27 20.98,1,15.616,,,558-046216,08274080+2127210,,STAR,JHK,rpm,0.3,4.1,-4.6,4.8,,,,,,,,,,,,,,,,,14.268,0.025,13.819,0.034,13.747,0.037,5190,206,165,4.568,0.04,0.8,-0.276,0.25,0.4,0.774,1.304,0.066,0.823,0.073,0.073,1.731,0.35,1.617,905.5,1652,107.7,0.032,0.008,0.007,,,
4948,4948,4948,212070016,08 26 07.406,+21 27 23.07,1,14.603,,,,08260740+2127230,4508-301-3-0092-0269,EXTENDED,gri,,,,,,,,,,,,16.379,0.011,15.161,0.003,14.619,0.003,14.364,0.003,14.201,0.006,15.504,0.119,,,14.715,0.143,,,,,,,,,,,,,,,,,,,,,,,,,,,
4949,4949,4949,212070018,08 59 54.046,+21 27 23.20,1,16.937,,,,08595404+2127231,5038-301-2-0059-0278,EXTENDED,gri,,-1,3,-4,3,,,,,,,18.867,0.04,17.697,0.007,16.99,0.006,16.612,0.007,16.331,0.016,16.184,0.112,15.591,0.136,15.272,0.168,,,,,,,,,,,,,,,,,,,,,,,,,,,
4950,4950,4950,212070036,08 56 20.452,+21 27 24.33,1,12.737,,,558-047473,08562044+2127243,,STAR,gri,lam,-10.5,1.2,-38.4,1.6,,,13.708,0.02,12.896,0.04,,,13.303,0.05,12.673,0.06,12.495,0.06,,,11.573,0.02,11.209,0.023,11.123,0.019,5473,163,163,4.504,0.042,0.035,0.035,0.12,0.15,0.893,0.062,0.058,0.943,0.058,0.048,1.295,0.234,0.167,316,31.29,28.47,0.029,0.013,0.007,,,
4951,4951,4951,212070040,08 26 43.413,+21 27 24.55,1,19.395,,,,08264341+2127245,,STAR,JHK,col,,,,,,,,,,,,,,,,,,,,,16.591,0.124,15.717,0.146,15.434,0.134,3906,445,371,4.905,0.145,0.145,-0.254,0.25,0.35,0.355,0.142,0.133,0.412,0.163,0.195,7.872,9.67,4.339,865.5,515.7,415.7,0.033,0.01,0.007,,,
4952,4952,4952,212070055,08 56 32.994,+21 27 25.70,1,16.893,,,,08563299+2127256,5038-301-3-0054-0355,EXTENDED,gri,,2,3,1,3,,,,,,,19.015,0.044,17.599,0.006,16.971,0.005,16.591,0.006,16.389,0.016,16.202,0.117,15.512,0.141,15.311,0.154,,,,,,,,,,,,,,,,,,,,,,,,,,,
4953,4953,4953,212070067,09 05 36.542,+21 27 26.36,1,18,,,,09053654+2127263,5061-301-5-0154-0195,EXTENDED,gri,,-1,3,-6,3,,,,,,,20.771,0.09,19.042,0.012,18.018,0.008,17.553,0.009,17.24,0.02,16.616,0.136,15.557,0.153,15.107,0.128,,,,,,,,,,,,,,,,,,,,,,,,,,,
4954,4954,4954,212070089,09 05 32.679,+21 27 27.59,1,16.959,,,,09053267+2127275,,STAR,J,col,,,,,,,,,,,,,,,,,,,,,15.5,0.074,14.711,0.085,14.161,0.067,3601,369,369,4.994,0.145,0.145,-0.092,0.16,0.24,0.262,0.148,0.109,0.269,0.209,0.131,11.86,14.39,6.501,316.6,247.7,158.4,0.029,0.009,0.011,,,
4955,4955,4955,212070112,08 28 25.700,+21 27 29.27,1,18.542,,,,,6597-301-4-0216-0214,EXTENDED,gri,,2,3,-6,3,,,,,,,19.796,0.044,19.063,0.011,18.75,0.012,18.318,0.012,18.351,0.042,,,,,,,,,,,,,,,,,,,,,,,,,,,,,,,,,
4956,4956,4956,212070152,08 26 13.860,+21 27 31.57,1,18.476,,,,08261385+2127315,,STAR,JHK,col,,,,,,,,,,,,,,,,,,,,,16.566,0.128,15.682,0.13,15.81,0.202,4105,360,360,4.826,0.15,0.125,-0.296,0.25,0.35,0.43,0.128,0.147,0.478,0.132,0.184,5.649,6.596,2.398,995.3,487,378.2,0.033,0.011,0.007,,,
4957,4957,4957,212070262,08 30 20.799,+21 27 38.07,1,14.055,,,558-046353,08302079+2127381,,STAR,gri,rpm,-16.6,8.5,-2.2,2.6,,,15.33,0.04,14.337,0.02,,,14.804,0.03,14.006,0.03,13.734,0.069,,,12.544,0.023,11.997,0.023,11.971,0.023,4883,77,77,4.606,0.025,1.5,-0.196,0.2,0.32,0.731,3.864,0.053,0.81,0.195,0.084,2.004,0.271,1.994,358.1,1806,33.01,0.031,0.008,0.007,,,
4958,4958,4958,212070266,08 33 41.164,+21 27 38.41,1,17.982,,,,08334116+2127384,4508-301-1-0102-0297,STAR,gri,rpm,9,3,-64,3,,,,,,,21.68,0.124,19.519,0.013,18.16,0.007,17.324,0.006,16.852,0.009,15.651,0.065,15.041,0.08,14.813,0.09,3747,37,120,4.889,0.112,0.02,0.074,0.05,0.08,0.383,0.008,0.105,0.41,0.008,0.124,7.381,5.927,0.443,534.1,16.02,169,0.038,0.001,0.009,,,
4959,4959,4959,212070276,08 27 33.456,+21 27 39.20,1,9.118,,1391-735-1,558-046206,08273345+2127392,,STAR,gri,rpm,2.7,1.1,-58.5,1,,,9.818,0.032,9.03,0.022,,,10.156,0.03,9.26,0.04,8.673,0.06,,,7.567,0.021,7.212,0.027,7.153,0.024,4894,115,77,3.384,0.305,0.427,0.091,0.05,0.38,3.464,1.877,1.014,1.325,0.07,0.167,0.025,0.052,0.02,172.4,93.13,45.77,0.019,0.014,0.002,,,
4960,4960,4960,212070326,08 54 38.122,+21 27 42.03,1,11.957,,1400-1249-1,558-047391,08543811+2127418,,STAR,gri,lam,7.4,2.1,-13.8,2.2,,,12.515,0.281,11.901,0.217,,,12.292,0.01,11.881,0.02,11.814,0.05,,,11.082,0.023,10.881,0.021,10.832,0.022,6255,126,151,4.07,0.144,0.144,-0.09,0.12,0.12,1.686,0.343,0.328,1.256,0.14,0.1,0.237,0.193,0.095,561.4,116,110.5,0.033,0.011,0.009,,,
4961,4961,4961,212070347,08 58 58.554,+21 27 43.19,1,17.609,,,,08585855+2127431,5038-301-2-0058-0167,EXTENDED,gri,,1,3,2,3,,,,,,,20.807,0.113,18.761,0.011,17.597,0.007,17.116,0.007,16.733,0.015,15.965,0.08,15.312,0.083,14.922,0.091,,,,,,,,,,,,,,,,,,,,,,,,,,,
4962,4962,4962,212070371,08 28 51.033,+21 27 44.43,1,14.13,,,558-046279,08285103+2127444,4508-301-2-0096-0047,STAR,gri,rpm,3.5,2.1,-28.8,2.9,,,15.319,0.07,14.384,0.03,,,14.882,0.04,14.127,0.02,13.808,0.07,,,12.727,0.024,12.287,0.024,12.157,0.025,5076,81,81,4.583,0.025,0.035,-0.088,0.2,0.2,0.754,0.061,0.043,0.808,0.065,0.054,1.847,0.202,0.282,413.7,43.27,26.55,0.033,0.01,0.008,,,
4963,4963,4963,212070382,08 26 53.271,+21 27 46.04,1,11.573,,,558-046174,08265328+2127459,,STAR,gri,rpm,-57.2,1,32.4,1.5,,,12.627,0.05,11.836,0.04,,,12.259,0.11,11.563,0.06,11.279,0.06,,,10.248,0.02,9.767,0.022,9.652,0.017,4990,119,119,4.597,0.025,0.055,-0.061,0.18,0.33,0.755,0.072,0.045,0.817,0.057,0.057,1.864,0.306,0.342,128.3,16.73,10.75,0.018,0.007,0.005,,,
4964,4964,4964,212070392,08 54 02.945,+21 27 46.94,1,19.529,,,,,5045-301-3-0151-0548,EXTENDED,gri,,,,,,,,,,,,21.765,0.272,20.166,0.031,19.544,0.028,19.256,0.032,18.903,0.092,,,,,,,,,,,,,,,,,,,,,,,,,,,,,,,,,
4965,4965,4965,212070439,08 32 46.821,+21 27 49.92,1,11.573,,1398-828-1,558-046469,08324682+2127501,,STAR,gri,plx,,,,,,,12.893,0.398,11.5,0.15,,,12.374,0.04,11.53,0.02,11.23,0.06,,,10.068,0.022,9.553,0.023,9.46,0.02,4793,78,78,2.473,0.494,0.114,-0.296,0.15,0.18,10.44,0.84,4.52,1.154,0.221,0.189,0.001,0.005,2.54E-04,1350,892.8,892.8,0.034,0.008,0.007,,,
4966,4966,4966,212070470,08 25 54.925,+21 27 52.50,1,14.24,,,558-046130,08255492+2127525,4508-301-3-0092-0060,STAR,gri,rpm,6.1,4.4,-4.5,4.9,,,15.358,0.08,14.473,0.03,,,14.945,0.05,14.255,0.02,13.938,0.071,,,13.019,0.022,12.58,0.023,12.478,0.023,5158,101,122,3.861,0.768,0.576,-0.335,0.3,0.48,1.885,1.625,1.216,0.882,0.139,0.087,0.115,1.969,0.098,1214,954.5,752.3,0.035,0.01,0.008,,,
4967,4967,4967,212070477,08 30 30.758,+21 27 52.84,1,12.784,,,558-046363,08303076+2127528,,STAR,gri,rpm,-3.1,1.2,-5.9,1.5,,,13.407,0.01,12.888,0.03,,,13.13,0.05,12.748,0.01,12.636,0.062,,,11.865,0.021,11.636,0.025,11.574,0.02,6237,124,124,4.134,0.14,0.168,-0.086,0.15,0.24,1.493,0.406,0.271,1.216,0.126,0.152,0.337,0.235,0.158,706.7,177.3,120.3,0.033,0.01,0.005,,,
4968,4968,4968,212070496,08 59 56.913,+21 27 53.45,1,18.748,,,,,5038-301-2-0059-0305,STAR,gri,,-5,3,-6,3,,,,,,,19.574,0.027,18.816,0.009,18.726,0.01,18.692,0.012,18.608,0.03,,,,,,,,,,,,,,,,,,,,,,,,,,,,,,,,,
4969,4969,4969,212070524,09 05 07.285,+21 27 55.34,1,12.555,,,558-047765,09050729+2127554,,STAR,gri,lam,-10.5,1.3,-5.1,1.6,,,13.274,0.04,12.691,0.06,,,12.943,0.04,12.523,0.08,12.389,0.08,,,11.566,0.023,11.25,0.022,11.244,0.017,6067,98,98,4.166,0.15,0.125,-0.241,0.15,0.15,1.34,0.332,0.225,1.041,0.117,0.083,0.388,0.296,0.146,519.3,130.3,88.36,0.032,0.008,0.007,,,
4970,4970,4970,212070525,08 53 17.667,+21 27 55.36,1,16.669,,,558-047332,08531765+2127555,5045-301-3-0150-0056,EXTENDED,JHK,,0.1,3.9,-3.1,3.9,,,,,16.721,0.12,,,16.931,0.069,,,,,,,15.342,0.047,14.864,0.081,14.835,0.097,,,,,,,,,,,,,,,,,,,,,,,,,,,
4971,4971,4971,212070526,08 34 19.371,+21 27 55.43,1,15.486,,,558-046548,08341936+2127552,6597-301-3-0224-0172,STAR,JHK,rpm,0.3,2.7,-2.8,3.1,,,,,,,,,,,,,,,,,13.973,0.03,13.414,0.03,13.361,0.028,4833,154,193,4.618,0.04,1.328,-0.217,0.25,0.4,0.708,3.096,0.068,0.76,0.085,0.085,2.091,0.452,2.074,636.6,2525,82.14,0.033,0.008,0.007,,,
4972,4972,4972,212070562,08 28 53.586,+21 27 58.18,1,17.087,,,,08285358+2127581,4508-301-2-0096-0271,STAR,gri,rpm,-37,3,-39,3,,,,,,,22.435,0.233,19.099,0.01,17.633,0.006,16.224,0.005,15.451,0.006,14.046,0.029,13.398,0.024,13.121,0.026,3502,83,83,5.067,0.042,0.035,-0.068,0.15,0.12,0.225,0.024,0.032,0.211,0.037,0.037,18.45,4.885,3.28,131.2,21.54,21.88,0.019,0.007,0.004,,,
4973,4973,4973,212070568,09 09 21.275,+21 27 58.70,1,17.556,,,,09092127+2127586,,STAR,J,rpm,6,1,4,2,,,,,,,,,,,,,,,,,16.056,0.097,15.318,0.103,14.878,0.109,4015,378,315,4.842,0.15,0.125,-0.185,0.2,0.28,0.419,0.127,0.13,0.467,0.134,0.161,5.718,5.38,2.428,745.8,349.7,275.7,0.033,0.01,0.007,,,
4974,4974,4974,212070574,08 27 31.904,+21 27 59.23,1,12.104,,,558-046203,08273190+2127594,,STAR,gri,rpm,-38.9,0.7,-122.2,0.7,,,12.686,0.01,12.216,0.02,,,12.442,0.04,12.082,0.01,11.958,0.06,,,11.144,0.021,10.855,0.022,10.767,0.017,5983,179,287,4.436,0.15,0.18,-0.999,0.55,0.77,0.952,0.149,0.24,0.797,0.148,0.105,1.03,0.836,0.402,250.8,100.5,61.42,0.027,0.002,0.01,,,
4975,4975,4975,212070587,09 02 49.662,+21 28 00.04,1,12.472,,,558-047690,09024966+2128000,,STAR,gri,rpm,-7.1,2.2,6,2.3,,,13.852,0.04,12.773,0.05,,,13.303,0.04,12.474,0.04,12.116,0.08,,,10.887,0.02,10.353,0.024,10.236,0.02,4809,77,96,2.818,0.48,0.48,-0.293,0.25,0.3,6.138,4.797,2.345,1.068,0.198,0.124,0.004,0.016,0.003,1335,766.2,486.8,0.034,0.008,0.007,,,
4976,4976,4976,212070648,08 51 54.926,+21 28 03.16,1,14.986,,,558-047294,08515492+2128032,5038-301-4-0048-0062,STAR,gri,rpm,-11.4,2.8,-12.2,3,,,16.946,0.02,15.63,0.04,,,16.416,0.03,14.984,0.06,14.373,0.04,,,12.923,0.027,12.266,0.028,12.13,0.025,3913,78,78,4.862,0.04,0.048,-0.015,0.06,0.14,0.418,0.045,0.048,0.48,0.049,0.068,6.211,1.343,1.104,177.4,25.35,22.18,0.023,0.004,0.004,,,
4977,4977,4977,212070655,08 53 59.055,+21 28 03.39,1,15.894,,,,08535905+2128033,5045-301-3-0151-0060,EXTENDED,gri,,3,3,-2,3,,,,,,,17.77,0.018,16.642,0.004,16.011,0.004,15.574,0.004,15.375,0.008,15.062,0.061,14.268,0.065,13.73,0.058,,,,,,,,,,,,,,,,,,,,,,,,,,,
4978,4978,4978,212070658,09 00 06.304,+21 28 03.62,1,12.765,,,558-047597,09000630+2128035,,STAR,gri,lam,-13.3,2.1,11.9,3.1,,,14.011,0.04,13.041,0.03,,,13.514,0.04,12.747,0.04,12.444,0.09,,,11.333,0.02,10.842,0.023,10.737,0.018,4965,149,89,3.624,0.114,0.095,-0.054,0.1,0.12,2.699,0.417,0.361,1.178,0.134,0.112,0.055,0.028,0.016,745.1,136,84.09,0.031,0.008,0.008,,,
4979,4979,4979,212070682,09 03 11.657,+21 28 04.52,1,12.324,,,558-047706,09031165+2128044,,STAR,gri,rpm,-6.6,2.1,-4,1.5,,,13.036,0.05,12.457,0.04,,,12.714,0.04,12.334,0.04,12.157,0.1,,,11.312,0.02,11.013,0.021,10.964,0.019,6046,146,122,4.146,0.205,0.246,-0.152,0.16,0.28,1.409,0.516,0.323,1.086,0.166,0.138,0.32,0.372,0.172,499.1,166.4,124.8,0.031,0.008,0.006,,,
4980,4980,4980,212070705,09 10 37.167,+21 28 06.14,1,19.611,,,,,5061-301-4-0161-0139,STAR,gri,,4,3,2,3,,,,,,,20.226,0.042,19.643,0.012,19.6,0.015,19.439,0.018,19.194,0.058,,,,,,,,,,,,,,,,,,,,,,,,,,,,,,,,,
4981,4981,4981,212070788,08 35 12.198,+21 28 11.81,1,11.673,,1398-902-1,558-046596,08351220+2128118,,STAR,gri,rpm,-7.8,1.9,-5.8,2,,,12.219,0.268,11.561,0.192,,,12.103,0.03,11.659,0.04,11.488,0.05,,,10.865,0.022,10.626,0.025,10.554,0.019,6044,147,98,4.164,0.23,0.276,-0.002,0.1,0.14,1.405,0.697,0.351,1.158,0.231,0.096,0.328,0.423,0.207,407.7,206.3,103.4,0.033,0.008,0.007,,,
4982,4982,4982,212070795,09 08 11.705,+21 28 12.52,1,14.302,,,558-047872,09081170+2128123,,STAR,gri,rpm,-1.9,4.7,7.1,5.1,,,15.512,0.08,14.543,0.06,,,15.064,0.04,14.168,0.11,13.975,0.13,,,12.824,0.022,12.345,0.029,12.228,0.024,4990,117,117,4.546,0.06,1.26,-0.186,0.25,0.35,0.815,2.967,0.103,0.866,0.253,0.09,1.532,0.516,1.514,473.9,1643,77.9,0.032,0.008,0.006,,,
4983,4983,4983,212070804,08 50 42.172,+21 28 13.48,1,14.37,,,558-047251,08504217+2128135,,STAR,JHK,rpm,11.6,7.9,-25.2,7.1,,,,,,,,,,,,,,,,,12.976,0.022,12.503,0.021,12.426,0.028,5078,122,122,4.59,0.03,0.036,-0.22,0.25,0.35,0.742,0.062,0.048,0.801,0.066,0.08,1.885,0.309,0.266,459.2,52.25,39.44,0.033,0.01,0.008,,,
4984,4984,4984,212070841,08 29 17.693,+21 28 15.54,1,15.476,,,558-046298,08291769+2128156,,STAR,JHK,col,,,,,,,,,,,,,,,,,,,,,13.382,0.025,12.747,0.021,12.571,0.024,3977,275,153,4.862,0.066,0.077,-0.142,0.2,0.24,0.413,0.079,0.056,0.464,0.09,0.075,6.237,1.985,2.001,218.1,65.08,37.11,0.025,0.008,0.007,,,
4985,4985,4985,212070855,08 54 57.466,+21 28 16.31,1,15.004,,,558-047411,08545745+2128163,5038-301-3-0052-0095,STAR,gri,rpm,5.8,2.9,-3.7,3.2,,,16.18,0.072,15.278,0.05,,,15.694,0.03,14.978,0.07,14.708,0.085,,,13.786,0.025,13.41,0.026,13.282,0.027,5333,130,130,4.542,0.04,0.064,-0.143,0.2,0.28,0.82,0.092,0.06,0.878,0.068,0.068,1.519,0.266,0.345,777.8,124.3,78.17,0.034,0.011,0.007,,,
4986,4986,4986,212070865,08 51 14.993,+21 28 17.00,1,18.951,,,,,5038-301-4-0047-0161,EXTENDED,gri,,-2,3,-3,3,,,,,,,19.819,0.037,19.054,0.01,18.916,0.012,18.592,0.012,18.694,0.047,,,,,,,,,,,,,,,,,,,,,,,,,,,,,,,,,
4987,4987,4987,212070882,08 30 21.035,+21 28 17.95,1,11.57,,1391-935-1,558-046354,08302103+2128180,,STAR,gri,plx,-5.9,1.4,-2.8,1.5,,,11.927,0.125,11.667,0.15,,,11.838,0.05,11.528,0.01,11.455,0.06,,,10.766,0.022,10.542,0.023,10.501,0.018,6374,153,153,4.208,0.08,0.144,-0.084,0.16,0.2,1.437,0.222,0.162,1.232,0.11,0.129,0.411,0.131,0.161,407,67.54,67.54,0.031,0.01,0.007,,,
4988,4988,4988,212070926,08 27 07.096,+21 28 20.82,1,10.788,,1391-484-1,558-046182,08270709+2128207,,STAR,gri,plx,0.8,1.8,-6.4,1.9,,,12.625,0.448,10.989,0.116,,,11.726,0.06,10.737,0.01,10.386,0.06,,,9.105,0.021,8.532,0.026,8.409,0.031,4610,73,73,2.452,0.162,0.108,-0.06,0.15,0.15,11.29,0.835,2.305,1.259,0.224,0.16,8.84E-04,7.39E-04,1.98E-04,794.1,227.9,227.9,0.034,0.01,0.007,,,
4989,4989,4989,212070979,08 50 52.018,+21 28 24.51,1,12.523,,,558-047258,08505201+2128245,,STAR,gri,rpm,-17.5,1.1,4.2,1.2,,,13.394,0.02,12.686,0.02,,,13.02,0.03,12.481,0.03,12.309,0.04,,,11.363,0.022,11.009,0.023,10.978,0.022,5655,113,113,4.467,0.048,0.48,-0.117,0.18,0.18,0.949,0.767,0.081,0.972,0.071,0.071,1.111,0.24,0.905,316.4,245.8,32.33,0.03,0.01,0.007,,,
4990,4990,4990,212071036,08 32 20.935,+21 28 28.41,1,15.015,,,558-046454,08322093+2128284,4508-301-1-0100-0124,STAR,JHK,rpm,4.5,2.7,-0.3,3,,,,,,,,,,,,,,,,,13.163,0.023,12.584,0.024,12.425,0.021,4550,192,655,4.654,0.22,2.112,-0.177,0.2,0.4,0.591,6.967,0.222,0.685,0.2,0.24,2.451,3.995,2.449,345.6,4206,176.7,0.03,0.011,0.008,,,
4991,4991,4991,212071087,09 05 30.950,+21 28 31.20,1,11.978,,,558-047780,09053096+2128313,,STAR,gri,rpm,-42,2,-14,1.2,,,13.252,0.04,12.277,0.06,,,12.78,0.04,11.927,0.08,11.634,0.08,,,10.543,0.023,10.052,0.021,9.948,0.017,4942,78,78,4.589,0.04,1.096,-0.111,0.24,0.28,0.757,2.29,0.06,0.832,0.145,0.073,1.84,0.372,1.803,154.5,398.4,23.3,0.02,0.018,0.005,,,
4992,4992,4992,212071200,08 58 12.911,+21 28 38.78,1,10.772,,1400-1215-1,558-047530,08581292+2128387,,STAR,gri,lam,-7,1.4,5.7,1.4,,,11.727,0.144,10.88,0.095,,,11.508,0.05,10.751,0.07,10.456,0.07,,,9.376,0.02,8.888,0.017,8.79,0.018,4882,99,119,2.418,0.098,0.035,-0.463,0.15,0.12,10.507,0.521,1.151,1.064,0.174,0.097,9.07E-04,3.31E-04,8.93E-05,1109,60.34,100.9,0.034,0.008,0.007,,,
4993,4993,4993,212071255,09 02 35.085,+21 28 42.83,1,18.522,,,,09023508+2128428,5071-301-5-0147-0228,STAR,gri,rpm,-41,4,-61,4,,,,,,,22.558,0.246,19.887,0.015,18.508,0.009,17.937,0.008,17.618,0.015,16.443,0.108,15.949,0.124,15.744,0.177,3866,38,38,5.127,0.02,0.032,-0.844,0.2,0.2,0.196,0.016,0.007,0.191,0.018,0.01,24.74,2.076,3.341,406.7,43.78,39.52,0.03,0.007,0.003,,,
4994,4994,4994,212071261,08 53 35.016,+21 28 43.32,1,14.519,,,558-047346,08533501+2128433,5045-301-3-0150-0120,STAR,gri,lam,-5.2,2.4,1.9,2.9,,,15.583,0.06,14.744,0.05,,,15.173,0.03,14.447,0.02,14.238,0.01,,,13.187,0.026,12.764,0.022,12.66,0.022,5161,102,102,3.666,0.075,0.15,-0.443,0.12,0.15,2.492,0.401,0.291,1.002,0.155,0.07,0.065,0.026,0.023,1691,245.1,180.4,0.034,0.01,0.007,,,
4995,4995,4995,212071314,09 10 25.562,+21 28 46.55,1,12.909,,,558-047945,09102557+2128465,,STAR,gri,rpm,-5.9,1.4,2.2,1.6,,,13.54,0.05,13.014,0.07,,,13.243,0.05,12.872,0.07,12.766,0.1,,,11.992,0.022,11.733,0.022,11.638,0.018,6149,149,149,4.173,0.16,0.224,-0.122,0.16,0.2,1.362,0.48,0.234,1.141,0.151,0.126,0.388,0.294,0.212,665.3,241.3,117,0.033,0.007,0.007,,,
4996,4996,4996,212071321,09 00 14.470,+21 28 47.11,1,17.868,,,,09001447+2128471,,STAR,J,col,,,,,,,,,,,,,,,,,,,,,16.345,0.108,15.812,0.13,15.163,0.116,3645,385,275,5.004,0.115,0.138,-0.139,0.2,0.32,0.256,0.15,0.082,0.256,0.197,0.109,13.41,12.15,7.226,479.7,406.2,192,0.032,0.01,0.008,,,
4997,4997,4997,212071350,09 03 05.614,+21 28 49.34,1,12.889,,,558-047703,09030561+2128493,,STAR,gri,lam,7.1,1.5,-10.4,1.2,,,13.763,0.03,13.058,0.05,,,13.369,0.05,12.897,0.04,12.683,0.08,,,11.771,0.022,11.43,0.022,11.349,0.019,5690,203,135,3.905,0.272,0.08,-0.139,0.15,0.12,1.868,0.289,0.595,1.107,0.092,0.129,0.151,0.274,0.038,755.4,92.18,220.6,0.033,0.01,0.007,,,
4998,4998,4998,212071354,09 08 15.906,+21 28 49.65,1,11.295,,1407-1558-1,558-047876,09081591+2128496,,STAR,gri,lam,-4.7,1.7,-16.3,1.8,,,12.594,0.383,11.581,0.201,,,11.889,0.05,11.219,0.1,11.041,0.12,,,10.156,0.022,9.793,0.03,9.744,0.021,5531,165,165,3.851,0.09,0.075,-0.043,0.12,0.12,2.066,0.279,0.291,1.169,0.098,0.098,0.124,0.054,0.032,388.9,46.45,49.24,0.03,0.008,0.006,,,
4999,4999,4999,212071361,08 54 38.722,+21 28 49.93,1,13.842,,,558-047393,08543871+2128500,,STAR,gri,rpm,7.8,3.6,-8,3.5,,,15.048,0.053,14.112,0.03,,,14.588,0.02,13.807,0.03,13.522,0.01,,,12.502,0.022,12.014,0.024,11.947,0.022,4935,78,59,3.525,1.1,0.6,-0.225,0.2,0.32,2.845,2.085,2.188,0.903,0.221,0.138,0.043,2.019,0.037,1366,943,1029,0.033,0.008,0.006,,,
5000,5000,5000,212071370,08 59 43.439,+21 28 50.59,1,13.67,,,558-047578,08594344+2128505,,STAR,gri,lam,-25.5,1.7,-20.3,2.4,,,14.596,0.03,13.862,0.03,,,14.181,0.03,13.675,0.06,13.452,0.07,,,12.555,0.022,12.165,0.023,12.102,0.021,5536,133,167,4.502,0.035,0.042,-0.062,0.12,0.12,0.89,0.057,0.064,0.936,0.047,0.057,1.296,0.192,0.198,500.4,43.25,47.38,0.031,0.008,0.007,,,
5001,5001,5001,212071379,08 50 21.692,+21 28 51.07,1,10.348,,1399-1341-1,558-047232,08502169+2128510,,STAR,gri,lam,-1.8,1,0.4,1.1,,,10.64,0.045,10.366,0.046,,,10.557,0.03,10.278,0.04,10.286,0.03,,,9.711,0.022,9.624,0.022,9.619,0.02,7166,175,146,3.855,0.15,0.15,0.096,0.1,0.1,2.591,0.619,0.499,1.842,0.209,0.149,0.094,0.071,0.04,511.9,137.3,91.96,0.032,0.01,0.007,,,
5002,5002,5002,212071451,08 57 13.717,+21 28 55.25,1,13.769,,,558-047497,08571371+2128552,,STAR,gri,rpm,-8.2,2.1,2.3,2.8,,,14.976,0.04,13.997,0.06,,,14.501,0.05,13.706,0.08,13.455,0.05,,,12.34,0.02,11.925,0.021,11.779,0.021,5173,83,103,3.784,0.792,0.264,-0.113,0.25,0.35,2.141,0.617,1.364,0.959,0.294,0.11,0.102,1.472,0.056,1046,284.1,676.7,0.035,0.013,0.008,,,
5003,5003,5003,212071491,09 11 25.560,+21 28 57.83,1,18.414,,,,09112555+2128578,5061-301-4-0162-0224,STAR,gri,col,,,,,,,,,,,23.209,0.371,20.175,0.017,18.506,0.009,17.66,0.007,17.142,0.013,15.966,0.064,15.419,0.078,15.239,0.102,3498,34,34,5.182,0.02,0.02,-0.535,0.08,0.14,0.162,0.004,0.004,0.147,0.004,0.004,34.15,2.049,2.049,231.7,26.84,20.78,0.029,0.007,0.006,,,
5004,5004,5004,212071532,09 00 21.121,+21 29 01.26,1,15.342,,,558-047608,09002112+2129013,5038-301-2-0060-0176,STAR,gri,rpm,-33.4,5.1,-33,5,,,17.27,0.107,16.178,0.07,,,16.964,0.069,15.475,0.063,14.647,0.18,,,12.915,0.023,12.296,0.024,12.057,0.019,3632,86,108,4.99,0.045,0.045,-0.006,0.14,0.1,0.28,0.048,0.041,0.29,0.064,0.054,12.05,4.055,2.587,107.7,21.48,21.11,0.017,0.005,0.003,,,
5005,5005,5005,212071561,09 05 53.630,+21 29 02.99,1,11.491,,,558-047794,09055363+2129032,,STAR,gri,lam,-12.8,1.5,-35.1,1.7,,,12.267,0.04,11.623,0.07,,,11.928,0.05,11.453,0.08,11.304,0.09,,,10.541,0.022,10.227,0.028,10.211,0.02,5951,118,94,4.164,0.168,0.144,0.038,0.1,0.12,1.453,0.32,0.301,1.14,0.115,0.096,0.354,0.299,0.145,355.5,65.07,74.54,0.03,0.008,0.008,,,
5006,5006,5006,212071571,08 56 56.537,+21 29 03.71,1,11.377,,1400-2062-1,558-047487,08565653+2129038,,STAR,gri,plx,2.4,1.6,-22.2,1.6,,,11.965,0.192,11.162,0.116,,,11.702,0.05,11.325,0.07,11.237,0.06,,,10.502,0.02,10.282,0.021,10.2,0.017,6296,153,153,4.16,0.135,0.189,-0.033,0.12,0.21,1.473,0.483,0.239,1.257,0.134,0.134,0.342,0.213,0.168,380.8,124.1,124.1,0.029,0.011,0.008,,,
5007,5007,5007,212071626,08 53 14.709,+21 29 07.53,1,18.365,,,,08531470+2129075,,STAR,J,,,,,,,,,,,,,,,,,,,,,,16.803,0.172,15.922,0.196,,,,,,,,,,,,,,,,,,,,,,,,,,,,,
5008,5008,5008,212071627,09 03 32.326,+21 29 07.54,1,14.039,,,558-047716,09033233+2129075,,STAR,gri,rpm,-11.7,3.9,-14.3,2.9,,,15.259,0.06,14.335,0.07,,,14.816,0.08,14.019,0.04,13.706,0.08,,,12.556,0.023,12.093,0.022,11.965,0.019,5035,123,123,4.582,0.04,0.056,-0.076,0.2,0.28,0.765,0.082,0.062,0.825,0.077,0.064,1.791,0.338,0.335,386.9,59.78,43.66,0.031,0.01,0.007,,,
5009,5009,5009,212071724,09 05 35.809,+21 29 15.50,1,14.051,,,558-047786,09053580+2129157,5038-301-1-0067-0206,EXTENDED,gri,,,,,,,,16.553,0.02,15.062,0.05,,,15.861,0.05,14.514,0.07,13.275,0.08,,,11.457,0.026,10.834,0.028,10.607,0.021,,,,,,,,,,,,,,,,,,,,,,,,,,,
5010,5010,5010,212071743,09 10 11.604,+21 29 16.78,1,13.938,,,558-047933,09101161+2129167,,STAR,gri,rpm,10.2,2.6,-4.6,2.9,,,14.956,0.05,14.145,0.09,,,14.547,0.05,13.904,0.07,13.677,0.06,,,12.64,0.023,12.218,0.022,12.112,0.02,5258,145,124,4.517,0.06,1.044,-0.231,0.25,0.6,0.868,2.076,0.116,0.887,0.083,0.07,1.347,0.478,1.31,482.2,1048,77.41,0.033,0.007,0.006,,,
5011,5011,5011,212071746,09 05 43.389,+21 29 16.87,1,16.83,,,558-047790,09054339+2129169,,STAR,JHK,rpm,7.1,8.4,-35.9,6.4,,,,,,,,,,,,,,,,,15.354,0.05,14.886,0.065,14.76,0.102,3740,918,306,4.982,0.095,0.228,-0.266,0.3,0.6,0.287,0.234,0.081,0.307,0.263,0.12,11.06,8.16,7.397,370.1,489.5,146.9,0.029,0.01,0.008,,,
5012,5012,5012,212071754,08 51 52.699,+21 29 17.22,1,12.786,,,558-047293,08515270+2129172,,STAR,gri,rpm,-7.3,1,2.3,1.3,,,13.56,0.01,12.928,0.02,,,13.233,0.03,12.755,0.03,12.595,0.03,,,11.725,0.022,11.42,0.021,11.335,0.018,5867,139,92,4.262,0.18,0.396,-0.122,0.18,0.15,1.181,0.809,0.249,1.035,0.173,0.124,0.497,0.58,0.376,503.9,344,135.1,0.032,0.01,0.007,,,
5013,5013,5013,212071758,09 05 37.180,+21 29 17.31,1,14.318,,,558-047787,09053716+2129176,5038-301-1-0067-0205,EXTENDED,gri,,-37,4.5,-6.4,4.9,,,15.967,0.06,14.807,0.06,,,15.471,0.08,14.298,0.06,13.824,0.13,,,12.571,0.024,11.922,0.029,11.769,0.024,,,,,,,,,,,,,,,,,,,,,,,,,,,
5014,5014,5014,212071804,08 25 49.307,+21 29 20.08,1,12.983,,,558-046124,08254930+2129201,,STAR,gri,rpm,-4.8,2,1.6,3.9,,,14.002,0.02,13.205,0.02,,,13.648,0.1,12.943,0.01,12.698,0.062,,,11.654,0.022,11.201,0.022,11.123,0.02,5072,124,103,3.329,0.385,0.924,-0.413,0.3,0.48,3.504,5.858,1.262,1.003,0.225,0.135,0.021,0.06,0.02,1152,1643,382,0.033,0.011,0.007,,,
5015,5015,5015,212071863,08 34 10.707,+21 29 23.15,1,12.572,,,558-046535,08341070+2129230,,STAR,BV,rpm,-15.7,1.3,-14.7,1.7,,,13.448,0.042,12.726,0.031,,,13.093,0.031,,,,,,,11.63,0.021,11.353,0.023,11.274,0.022,6035,143,143,4.272,0.12,0.24,-0.18,0.2,0.24,1.197,0.403,0.178,1.059,0.105,0.105,0.58,0.319,0.339,491.5,170.9,83.63,0.033,0.01,0.007,,,
5016,5016,5016,212071927,08 35 01.638,+21 29 27.71,1,13.474,,,558-046581,08350164+2129277,,STAR,BV,rpm,-11.1,1.7,-15,2,,,14.864,0.04,13.691,0.034,,,14.333,0.035,,,,,,,11.578,0.022,10.99,0.023,10.897,0.019,4669,139,139,4.636,0.05,1.19,-0.075,0.15,0.24,0.692,3.878,0.075,0.754,0.153,0.076,2.209,0.509,2.193,203.3,814.7,28.66,0.025,0.01,0.005,,,
5017,5017,5017,212071939,08 53 48.934,+21 29 28.27,1,13.598,,,558-047357,,,STAR,gri,,-7.1,1.7,-10.1,1.9,,,13.84,0.19,13.596,0.21,,,13.674,0.13,13.572,0.16,13.606,0.14,,,,,,,,,,,,,,,,,,,,,,,,,,,,,,,,,,,
5018,5018,5018,212071965,08 34 54.423,+21 29 29.79,1,16.917,,,558-046571,08345443+2129300,,STAR,JHK,col,,,,,,,,,,,,,,,,,,,,,14.836,0.032,14.24,0.035,14.029,0.051,3811,438,263,4.93,0.105,0.147,-0.152,0.2,0.28,0.338,0.133,0.095,0.365,0.165,0.138,8.555,6.835,4.326,334,184.5,118.8,0.029,0.008,0.007,,,
5019,5019,5019,212071969,09 05 25.107,+21 29 30.16,1,13.396,,,558-047775,09052511+2129303,,STAR,gri,lam,-31.2,2.8,15,2.5,,,14.347,0.03,13.618,0.03,,,13.969,0.05,13.37,0.07,13.15,0.09,,,12.141,0.022,11.732,0.021,11.672,0.018,5093,122,81,3.547,0.125,0.15,-0.476,0.12,0.15,2.77,0.536,0.379,0.997,0.105,0.066,0.044,0.024,0.018,1174,219.3,156.1,0.033,0.008,0.008,,,
5020,5020,5020,212072000,09 02 46.012,+21 29 32.19,1,13.532,,,558-047689,09024601+2129322,,STAR,gri,rpm,3.2,3.2,-2.5,3.7,,,14.824,0.05,13.804,0.05,,,14.325,0.05,13.5,0.03,13.192,0.09,,,12.016,0.02,11.579,0.022,11.437,0.02,4998,123,82,3.512,0.33,0.33,-0.189,0.25,0.25,3.065,1.264,1.016,1.16,0.13,0.234,0.04,0.09,0.028,1164,466.6,333.1,0.034,0.006,0.005,,,
5021,5021,5021,212072008,08 55 51.891,+21 29 33.15,1,14.448,,,558-047453,08555189+2129331,,STAR,gri,rpm,-10.6,2.4,-24.3,7.4,,,15.763,0.03,14.71,0.05,,,15.299,0.09,14.358,0.07,14.084,0.06,,,12.957,0.022,12.421,0.023,12.329,0.023,4781,114,95,4.619,0.035,0.035,-0.085,0.2,0.2,0.702,0.045,0.058,0.767,0.041,0.065,2.131,0.384,0.275,400.4,32.6,41.56,0.032,0.007,0.006,,,
5022,5022,5022,212072039,08 34 39.182,+21 29 34.86,1,7.984,42083,1398-1110-1,558-046561,08343918+2129349,,STAR,BV,plx,-0.19,0.99,-19.94,0.56,7.64,0.88,8.523,0.019,8.045,0.014,,,,,,,,,,,7.139,0.018,,,6.949,0.027,6492,154,154,3.864,0.114,0.095,0.02,0.09,0.12,2.377,0.327,0.341,1.572,0.106,0.106,0.112,0.06,0.034,130.9,15.08,15.08,0.019,0.006,0.005,,,
5023,5023,5023,212072040,08 26 43.285,+21 29 34.97,1,12.673,,,558-046161,08264329+2129349,,STAR,gri,rpm,-4.2,1.5,4.4,2.2,,,13.363,0.02,12.789,0.01,,,13.074,0.06,12.632,0.041,12.502,0.061,,,11.588,0.02,11.318,0.022,11.229,0.018,6026,142,142,4.145,0.215,0.258,-0.06,0.15,0.27,1.441,0.523,0.384,1.141,0.195,0.122,0.329,0.374,0.197,576.6,220.1,136.2,0.034,0.008,0.007,,,
5024,5024,5024,212072069,08 31 25.848,+21 29 37.53,1,11.999,,,558-046414,08312584+2129375,,STAR,gri,rpm,2.3,1.3,-16.6,1.7,,,13.309,0.03,12.259,0.02,,,12.804,0.05,11.929,0.01,11.654,0.06,,,10.471,0.023,9.947,0.022,9.854,0.022,4813,76,57,3.174,0.348,0.58,-0.093,0.2,0.36,4.393,2.965,1.409,1.12,0.14,0.195,0.012,0.026,0.01,744.2,526,223.1,0.035,0.006,0.007,,,
5025,5025,5025,212072145,08 32 37.503,+21 29 42.01,1,15.398,,,558-046461,08323750+2129420,,STAR,JHK,rpm,0.3,2.7,-4.9,3,,,,,,,,,,,,,,,,,13.865,0.023,13.321,0.027,13.244,0.028,4834,143,143,4.61,0.04,1.648,-0.217,0.25,0.5,0.712,3.98,0.055,0.773,0.083,0.069,2.057,0.388,2.05,626.8,3790,72.01,0.033,0.008,0.007,,,
5026,5026,5026,212072155,08 31 27.426,+21 29 42.62,1,18.106,,,,08312742+2129426,6728-301-3-0127-0025,EXTENDED,gri,,2,3,-2,3,,,,,,,20.59,0.078,19.003,0.011,18.203,0.008,17.721,0.007,17.458,0.017,16.342,0.119,15.668,0.124,15.36,0.171,,,,,,,,,,,,,,,,,,,,,,,,,,,
5027,5027,5027,212072201,08 28 19.729,+21 29 45.33,1,10.944,,,558-046251,08281973+2129453,,STAR,gri,rpm,-12.8,1.5,-32.9,1.5,,,11.67,0.04,11.072,0.01,,,11.375,0.05,10.918,0.01,10.76,0.06,,,9.93,0.024,9.674,0.027,9.593,0.02,5983,119,119,4.241,0.17,0.238,-0.034,0.15,0.21,1.305,0.445,0.247,1.1,0.102,0.102,0.482,0.396,0.274,240.9,74.92,48.66,0.026,0.01,0.007,,,
5028,5028,5028,212072214,08 59 14.129,+21 29 46.24,1,17.288,,,,08591412+2129462,5038-301-2-0058-0235,EXTENDED,gri,,-7,3,2,3,,,,,,,19.463,0.045,18.085,0.008,17.374,0.006,16.947,0.007,16.658,0.016,16.169,0.104,15.471,0.107,15.114,0.116,,,,,,,,,,,,,,,,,,,,,,,,,,,
5029,5029,5029,212072246,08 54 51.644,+21 29 48.82,1,11.212,,,558-047405,08545164+2129488,,STAR,gri,rpm,-11,1.1,5,0.7,,,11.862,0.01,11.267,0.01,,,11.601,0.03,11.15,0.03,11.045,0.05,,,10.346,0.022,10.055,0.021,9.997,0.017,5965,95,119,4.087,0.312,0.26,-0.047,0.15,0.21,1.504,0.67,0.464,1.147,0.228,0.127,0.258,0.577,0.161,334.6,149,103.1,0.029,0.01,0.007,,,
5030,5030,5030,212072271,08 32 48.008,+21 29 50.46,1,18.061,,,,08324800+2129504,,STAR,J,,,,,,,,,,,,,,,,,,,,,,16.521,0.167,,,,,,,,,,,,,,,,,,,,,,,,,,,,,,,
5031,5031,5031,212072329,08 52 50.804,+21 29 53.99,1,12.808,,,558-047318,08525080+2129540,,STAR,gri,lam,10.3,1.8,-19.5,2.4,,,13.477,0.02,12.899,0.02,,,13.179,0.03,12.75,0.03,12.649,0.04,,,11.87,0.022,11.621,0.021,11.51,0.019,5994,143,143,4.029,0.133,0.095,-0.371,0.15,0.15,1.617,0.201,0.277,1.016,0.099,0.082,0.24,0.155,0.075,713.4,87.05,120,0.033,0.011,0.008,,,
5032,5032,5032,212072365,08 50 59.022,+21 29 56.29,1,14.684,,,558-047261,08505901+2129564,5038-301-4-0047-0028,STAR,gri,rpm,-7.5,4.2,-2.2,2.8,,,15.694,0.07,14.856,0.02,,,15.268,0.06,14.601,0.04,14.434,0.07,,,13.363,0.025,12.889,0.027,12.835,0.028,5152,122,122,4.537,0.066,1.254,-0.37,0.3,0.48,0.837,2.799,0.118,0.863,0.094,0.094,1.511,0.436,1.491,640.2,1920,112.6,0.033,0.008,0.006,,,
5033,5033,5033,212072389,08 26 06.043,+21 29 57.78,1,17.314,,,,08260604+2129577,,STAR,JHK,col,,,,,,,,,,,,,,,,,,,,,14.955,0.039,14.35,0.039,14.062,0.043,3595,255,213,5.003,0.114,0.095,-0.069,0.15,0.24,0.252,0.089,0.077,0.264,0.119,0.099,13.61,12.08,5.595,241,113.8,89.5,0.028,0.008,0.008,,,
5034,5034,5034,212072400,09 06 48.269,+21 29 59.36,1,16.698,,,558-047824,09064825+2129593,5061-301-5-0155-0068,STAR,JHK,rpm,-24.5,6.1,-43.8,5.9,,,,,,,,,,,,,,,,,15.14,0.043,14.626,0.061,14.508,0.082,3722,511,283,5,0.09,0.126,-0.294,0.3,0.48,0.272,0.12,0.083,0.268,0.155,0.097,13.67,9.014,6.225,293.6,197.2,102.3,0.028,0.008,0.007,,,
5035,5035,5035,212072450,09 05 12.346,+21 30 02.86,1,14.832,,,558-047769,09051237+2130032,5038-301-1-0067-0272,STAR,JHK,col,,,,,,,,,,,,,,,,,,,,,12.568,0.022,11.938,0.022,11.706,0.02,3683,180,180,4.965,0.084,0.084,-0.055,0.18,0.24,0.305,0.08,0.074,0.319,0.099,0.099,10.36,5.322,3.516,100.6,36.37,26.72,0.015,0.006,0.006,,,
5036,5036,5036,212072466,08 27 31.555,+21 30 04.16,1,18.357,,,,08273155+2130041,,STAR,JHK,col,,,,,,,,,,,,,,,,,,,,,15.701,0.082,14.928,0.107,14.591,0.094,3937,360,360,4.876,0.162,0.135,-0.172,0.2,0.32,0.379,0.165,0.131,0.446,0.15,0.21,6.399,8.636,2.923,615.5,324.7,275.4,0.032,0.008,0.007,,,
5037,5037,5037,212072498,09 03 47.140,+21 30 06.51,1,13.906,,,558-047722,09034714+2130064,,STAR,gri,lam,-4.4,2.1,-1.7,3.9,,,15.252,0.04,14.199,0.05,,,14.712,0.06,13.896,0.04,13.56,0.09,,,12.396,0.022,11.86,0.022,11.755,0.021,4908,97,58,3.534,0.09,0.108,-0.092,0.1,0.12,3.02,0.486,0.353,1.171,0.109,0.109,0.039,0.016,0.013,1354,236.9,147.3,0.035,0.01,0.008,,,
5038,5038,5038,212072508,08 28 29.057,+21 30 07.14,1,11.972,,,558-046262,08282905+2130070,,STAR,gri,rpm,7.7,0.5,0.5,0.5,,,12.991,0.01,12.173,0.01,,,12.597,0.06,11.922,0.01,11.703,0.06,,,10.71,0.022,10.341,0.024,10.241,0.017,5340,213,106,3.389,0.525,1.05,-0.291,0.25,0.65,2.52,5.768,1.548,0.969,0.317,0.099,0.06,0.727,0.059,485.4,970.3,283.8,0.031,0.014,0.008,,,
5039,5039,5039,212072539,08 56 48.531,+21 30 09.63,1,14.874,,,558-047483,08564852+2130094,5038-301-3-0055-0154,STAR,JHK,rpm,-11,4.5,10.9,4.8,,,,,,,,,,,,,,,,,12.692,0.02,12.07,0.024,11.855,0.023,3807,161,92,4.886,0.042,0.024,0.061,0.08,0.14,0.383,0.035,0.032,0.42,0.051,0.037,7.244,1.546,0.935,143.4,17.64,18.16,0.022,0.005,0.006,,,
5040,5040,5040,212072568,09 05 44.896,+21 30 11.06,1,13.171,,,558-047792,09054489+2130113,,STAR,gri,lam,-7.7,1.8,-2.2,2.6,,,14.469,0.05,13.435,0.06,,,13.959,0.05,13.103,0.09,12.833,0.08,,,11.747,0.022,11.248,0.033,11.158,0.021,4935,138,78,3.68,0.096,0.08,0.133,0.1,0.14,2.599,0.244,0.265,1.222,0.088,0.106,0.067,0.025,0.016,889.6,73.33,99.65,0.036,0.006,0.007,,,
5041,5041,5041,212072624,08 59 45.351,+21 30 15.02,1,14.568,,,558-047584,08594535+2130150,5038-301-2-0059-0099,STAR,gri,col,,,,,,,16.716,0.09,15.378,0.05,,,16.157,0.1,14.752,0.03,13.887,0.11,,,12.286,0.022,11.623,0.023,11.444,0.021,3836,69,92,4.882,0.056,0.04,0.03,0.18,0.15,0.393,0.044,0.057,0.439,0.049,0.068,6.875,2.357,1.157,120.9,15.69,18.99,0.019,0.006,0.005,,,
5042,5042,5042,212072682,08 53 15.407,+21 30 18.61,1,14.702,,,558-047331,08531541+2130186,5045-301-3-0150-0061,STAR,gri,lam,-9.2,2.9,-3.7,3.1,,,16.082,0.14,15.069,0.02,,,15.596,0.04,14.664,0.06,14.32,0.077,,,13.184,0.022,12.692,0.024,12.581,0.023,4744,194,155,4.614,0.03,0.03,0.025,0.12,0.1,0.711,0.042,0.04,0.78,0.042,0.042,2.072,0.307,0.225,447.8,43.21,46.86,0.032,0.011,0.007,,,
5043,5043,5043,212072695,09 08 32.694,+21 30 19.46,1,14.655,,,558-047884,09083269+2130193,5071-301-4-0156-0020,STAR,gri,rpm,17.1,4.7,-19.5,5,,,15.798,0.03,14.91,0.09,,,15.404,0.05,14.55,0.12,14.333,0.11,,,13.277,0.024,12.83,0.032,12.753,0.028,5106,150,150,4.586,0.036,0.036,-0.177,0.2,0.28,0.747,0.053,0.059,0.805,0.063,0.073,1.848,0.298,0.257,536.1,53.08,57.42,0.033,0.008,0.007,,,
5044,5044,5044,212072706,08 33 54.100,+21 30 20.01,1,15.192,,,558-046522,08335408+2130198,4508-301-1-0103-0160,STAR,JHK,rpm,34.9,4,-34,4.7,,,,,,,,,,,,,,,,,13.077,0.025,12.444,0.023,12.26,0.024,3922,195,195,4.877,0.084,0.07,-0.191,0.25,0.25,0.393,0.076,0.075,0.432,0.101,0.101,6.829,3.365,1.939,174.4,54.23,35.22,0.022,0.006,0.006,,,
5045,5045,5045,212072712,08 28 01.910,+21 30 20.44,1,17.897,,,,08280190+2130204,,STAR,JHK,col,,,,,,,,,,,,,,,,,,,,,16.267,0.093,15.664,0.138,15.606,0.163,4099,747,415,4.821,0.17,0.204,-0.296,0.25,0.4,0.426,0.197,0.156,0.473,0.192,0.23,5.095,8.492,2.845,846.8,683.5,378.2,0.032,0.011,0.007,,,
5046,5046,5046,212072752,08 51 52.099,+21 30 23.01,1,18.41,,,,08515209+2130230,,STAR,J,rpm,22,8,4,5,,,,,,,,,,,,,,,,,16.844,0.175,15.994,0.216,15.514,0.19,3734,500,312,4.975,0.11,0.154,-0.246,0.25,0.4,0.275,0.157,0.086,0.309,0.176,0.126,11.35,9.784,5.967,708.9,582.3,278.8,0.032,0.011,0.007,,,
5047,5047,5047,212072769,08 58 31.094,+21 30 24.34,1,12.548,,,558-047540,08583109+2130243,,STAR,gri,lam,7.7,1.4,-18.3,1.2,,,13.468,0.03,12.7,0.04,,,13.077,0.05,12.491,0.07,12.321,0.07,,,11.444,0.02,11.111,0.021,11.063,0.018,5518,66,155,3.833,0.1,0.05,0.055,0.1,0.18,2.171,0.237,0.332,1.188,0.127,0.106,0.116,0.052,0.022,716.9,92.68,94.81,0.032,0.006,0.006,,,
5048,5048,5048,212072792,08 52 31.902,+21 30 25.44,1,17.659,,,,08523190+2130254,5038-301-4-0049-0129,EXTENDED,gri,,17,3,-7,3,,,,,,,21.079,0.136,18.93,0.012,17.64,0.007,17.114,0.007,16.697,0.016,15.778,0.083,14.968,0.099,14.426,0.089,,,,,,,,,,,,,,,,,,,,,,,,,,,
5049,5049,5049,212072799,09 11 16.222,+21 30 26.09,1,17.815,,,,,5061-301-4-0162-0193,EXTENDED,gri,,2,3,-1,3,,,,,,,19.826,0.069,18.473,0.01,17.875,0.01,17.533,0.012,17.285,0.039,,,,,,,,,,,,,,,,,,,,,,,,,,,,,,,,,
5050,5050,5050,212072816,09 04 17.634,+21 30 27.57,1,13.827,,,558-047734,09041763+2130277,,STAR,gri,lam,9.8,3.2,-18.7,1.6,,,15.283,0.03,14.23,0.06,,,14.782,0.03,13.854,0.03,13.418,0.08,,,12.203,0.023,11.622,0.021,11.486,0.017,4653,111,139,4.65,0.03,0.03,-0.09,0.12,0.12,0.657,0.049,0.046,0.728,0.042,0.051,2.427,0.398,0.289,254,24.5,26.58,0.026,0.006,0.006,,,
5051,5051,5051,212072843,08 34 26.037,+21 30 29.02,1,12.754,,,558-046552,08342604+2130291,,STAR,BV,rpm,-10,1.1,-13.6,1.3,,,13.845,0.02,12.967,0.031,,,13.435,0.032,,,,,,,11.693,0.023,11.368,0.022,11.258,0.02,5817,174,244,4.389,0.095,0.361,-0.071,0.12,0.24,1.04,0.529,0.127,1.012,0.084,0.1,0.843,0.321,0.61,414.6,212,60.9,0.036,0.007,0.01,,,
5052,5052,5052,212072847,08 30 13.677,+21 30 29.26,1,11.056,,1391-1036-1,558-046347,08301367+2130292,,STAR,gri,plx,-11,1.3,-13.7,1.3,,,11.586,0.083,11.098,0.087,,,11.404,0.05,11.01,0.01,10.907,0.06,,,10.161,0.023,9.916,0.021,9.849,0.019,6165,148,123,3.995,0.13,0.13,-0.045,0.15,0.18,1.763,0.475,0.276,1.285,0.171,0.143,0.205,0.12,0.087,408.1,94.01,94.01,0.031,0.01,0.007,,,
5053,5053,5053,212072868,09 06 05.167,+21 30 30.64,1,11.479,,1407-1051-1,558-047803,09060516+2130304,,STAR,gri,lam,5.2,1.5,0.3,1.6,,,11.979,0.166,11.612,0.173,,,11.832,0.05,11.446,0.08,11.327,0.09,,,10.646,0.024,10.424,0.028,10.351,0.025,6324,153,192,4.125,0.13,0.156,-0.08,0.12,0.12,1.52,0.35,0.241,1.256,0.131,0.109,0.323,0.189,0.137,418,94.84,77.3,0.031,0.008,0.007,,,
5054,5054,5054,212072926,09 03 39.525,+21 30 35.39,1,17.945,,,,09033952+2130353,5071-301-5-0149-0091,EXTENDED,gri,,4,1,2,2,,,,,,,20.915,0.101,19.021,0.012,17.912,0.007,17.484,0.008,17.141,0.015,16.282,0.103,15.583,0.097,15.075,0.109,,,,,,,,,,,,,,,,,,,,,,,,,,,
5055,5055,5055,212072928,09 07 43.312,+21 30 35.66,1,14.572,,,558-047854,09074330+2130356,5071-301-4-0154-0148,STAR,gri,lam,-3.4,4.5,-3.2,4.9,,,15.823,0.05,14.909,0.07,,,15.376,0.02,14.517,0.09,14.227,0.08,,,13.151,0.026,12.585,0.031,12.501,0.024,4962,150,180,4.62,0.025,0.025,-0.224,0.15,0.15,0.702,0.042,0.039,0.759,0.045,0.054,2.124,0.259,0.231,451.2,43.53,39.7,0.032,0.008,0.007,,,
5056,5056,5056,212072946,08 52 02.442,+21 30 36.47,1,18.483,,,,,5038-301-4-0048-0113,STAR,gri,,-20,3,-11,3,,,,,,,18.097,0.013,18.216,0.006,18.572,0.009,18.887,0.013,19.107,0.049,,,,,,,,,,,,,,,,,,,,,,,,,,,,,,,,,
5057,5057,5057,212072981,09 07 50.748,+21 30 39.35,1,14.23,,,558-047857,09075074+2130393,,STAR,gri,rpm,-16.4,4.6,22.8,5,,,15.965,0.09,14.704,0.06,,,15.436,0.09,14.145,0.07,13.713,0.1,,,12.431,0.022,11.774,0.028,11.68,0.019,4245,123,123,4.738,0.04,0.048,-0.019,0.12,0.15,0.551,0.05,0.055,0.62,0.051,0.061,3.644,0.687,0.682,207.3,30.16,31.18,0.024,0.004,0.003,,,
5058,5058,5058,212073024,08 57 25.847,+21 30 41.76,1,18.26,,,,08572584+2130417,5045-301-2-0156-0138,STAR,gri,,-2,3,-2,3,,,,,,,18.882,0.02,18.334,0.007,18.236,0.008,18.243,0.009,18.009,0.021,16.664,0.138,,,,,,,,,,,,,,,,,,,,,,,,,,,,,,,
5059,5059,5059,212073046,09 05 27.626,+21 30 43.10,1,12.507,,,558-047778,09052762+2130433,,STAR,gri,rpm,2.3,1.4,-1.7,1.3,,,13.215,0.04,12.632,0.06,,,12.892,0.04,12.489,0.08,12.342,0.08,,,11.549,0.022,11.32,0.022,11.242,0.02,6235,187,187,4.11,0.192,0.16,-0.103,0.12,0.18,1.544,0.4,0.318,1.226,0.157,0.157,0.287,0.247,0.133,617.4,201,129.2,0.033,0.01,0.006,,,
5060,5060,5060,212073084,08 31 02.327,+21 30 45.79,1,13.969,,,558-046393,08310232+2130458,6728-301-3-0126-0195,STAR,gri,rpm,43.8,2.3,-71.9,2.5,,,15.557,0.05,14.395,0.01,,,15.037,0.03,13.916,0.01,13.512,0.067,,,12.247,0.022,11.622,0.021,11.553,0.025,4309,70,52,4.752,0.081,0.045,-0.228,0.16,0.32,0.524,0.064,0.075,0.586,0.07,0.084,3.841,1.622,0.804,173.8,34.2,28.58,0.022,0.004,0.005,,,
5061,5061,5061,212073101,08 55 43.790,+21 30 47.03,1,13.87,,,558-047445,08554378+2130469,,STAR,gri,rpm,-2.8,2,-4.4,2.4,,,15.059,0.04,14.117,0.05,,,14.601,0.05,13.826,0.05,13.557,0.02,,,12.507,0.022,12.005,0.023,11.87,0.019,4953,98,79,3.236,0.492,0.82,-0.395,0.3,0.42,3.505,4.98,1.443,0.97,0.211,0.132,0.017,0.07,0.016,1773,2233,685.8,0.034,0.008,0.006,,,
5062,5062,5062,212073147,08 33 31.789,+21 30 50.49,1,11.252,,1398-942-1,558-046503,08333178+2130504,,STAR,BV,plx,-0.8,1.4,-7.3,1.6,,,12.007,0.185,11.373,0.136,,,11.601,0.03,,,,,,,10.363,0.023,10.164,0.023,10.091,0.017,6488,260,208,3.96,0.17,0.17,-0.015,0.12,0.15,1.962,0.632,0.407,1.475,0.185,0.154,0.168,0.144,0.088,619.3,246.3,246.3,0.032,0.011,0.007,,,
5063,5063,5063,212073155,09 00 08.955,+21 30 50.86,1,19.378,,,,,5038-301-2-0060-0157,STAR,gri,,1,4,-7,4,,,,,,,19.821,0.032,19.461,0.012,19.35,0.014,19.32,0.018,19.119,0.044,,,,,,,,,,,,,,,,,,,,,,,,,,,,,,,,,
5064,5064,5064,212073249,08 34 47.896,+21 30 56.99,1,18.549,,,,08344789+2130569,,STAR,JHK,col,,,,,,,,,,,,,,,,,,,,,15.631,0.076,14.867,0.083,14.44,0.075,3768,382,318,4.928,0.15,0.15,-0.132,0.2,0.28,0.324,0.151,0.119,0.347,0.195,0.163,9.797,10.44,5.054,443.3,284,198.6,0.031,0.01,0.008,,,
5065,5065,5065,212073254,08 52 46.013,+21 30 57.51,1,16.65,,,,08524601+2130575,5038-301-4-0049-0165,STAR,gri,rpm,-50,3,32,3,,,,,,,20.887,0.063,18.471,0.007,16.924,0.005,15.869,0.005,15.304,0.006,14.024,0.031,13.443,0.026,13.206,0.036,3398,33,33,5.105,0.028,0.02,-0.017,0.06,0.12,0.197,0.007,0.017,0.179,0.008,0.018,23.55,3.865,1.873,110,7.058,3.301,0.018,0.004,0.004,,,
5066,5066,5066,212073256,09 02 43.520,+21 30 57.57,1,18.698,,,,09024351+2130575,,STAR,JHK,col,,,,,,,,,,,,,,,,,,,,,16.374,0.117,15.817,0.128,15.493,0.147,3895,705,423,4.923,0.14,0.224,-0.254,0.25,0.4,0.343,0.202,0.127,0.368,0.246,0.175,8.582,10.19,5.714,667.7,709.5,302.5,0.032,0.008,0.007,,,
5067,5067,5067,212073352,08 58 55.102,+21 31 03.48,1,18.128,,,,08585510+2131034,,STAR,JHK,rpm,4,8,6,1,,,,,,,,,,,,,,,,,15.583,0.066,14.859,0.078,14.587,0.084,4121,315,315,4.791,0.12,0.1,-0.172,0.2,0.24,0.476,0.11,0.12,0.522,0.11,0.154,4.905,3.386,1.738,711,257,220,0.033,0.008,0.007,,,
5068,5068,5068,212073375,08 59 50.466,+21 31 04.32,1,11.557,,1400-1595-1,558-047589,08595047+2131042,,STAR,gri,lam,1.1,2.2,-5.5,2.3,,,12.035,0.19,11.486,0.157,,,12.388,0.04,11.563,0.03,11.2,0.08,,,10.002,0.022,9.455,0.021,9.345,0.018,4687,93,93,2.487,0.152,0.095,-0.167,0.12,0.12,10.851,0.538,2.248,1.217,0.189,0.135,0.001,7.61E-04,2.28E-04,1461,95.84,278.9,0.034,0.01,0.007,,,
5069,5069,5069,212073418,09 07 53.758,+21 31 07.72,1,12.415,,,558-047859,09075375+2131077,,STAR,gri,lam,-64.6,1.5,-23.8,1.9,,,13.329,0.04,12.565,0.08,,,12.952,0.05,12.343,0.09,12.185,0.14,,,11.339,0.021,11.005,0.027,10.936,0.021,5678,135,135,4.469,0.04,0.048,-0.07,0.12,0.12,0.948,0.063,0.071,0.972,0.06,0.06,1.12,0.22,0.184,314.5,29.55,32.13,0.03,0.007,0.007,,,
5070,5070,5070,212073436,08 59 46.099,+21 31 08.22,1,11.23,,1400-857-1,558-047585,08594610+2131082,,STAR,gri,lam,-37.8,1.7,-43.9,1.8,,,12.04,0.224,11.141,0.118,,,11.684,0.04,11.235,0.04,11.035,0.1,,,10.24,0.023,9.918,0.024,9.867,0.023,5849,137,137,4.318,0.09,0.144,0.214,0.1,0.1,1.185,0.267,0.15,1.11,0.089,0.063,0.655,0.239,0.281,248.7,60.38,37.41,0.027,0.007,0.006,,,
5071,5071,5071,212073474,09 03 14.692,+21 31 10.52,1,15.508,,,558-047707,09031469+2131106,5071-301-5-0148-0100,STAR,gri,lam,,,,,,,16.797,0.05,15.925,0.09,,,16.361,0.1,15.601,0.01,15.142,0.1,,,14.158,0.026,13.634,0.024,13.559,0.035,4752,142,171,4.679,0.036,0.03,-0.511,0.15,0.15,0.606,0.04,0.045,0.648,0.039,0.047,2.802,0.46,0.333,590.5,52.51,66.39,0.032,0.008,0.007,,,
5072,5072,5072,212073489,09 00 21.641,+21 31 12.10,1,16.578,,,,09002164+2131121,5038-301-2-0060-0186,EXTENDED,gri,,1,3,2,3,,,,,,,18.799,0.049,17.355,0.006,16.632,0.005,16.245,0.005,15.971,0.012,15.856,0.094,15.097,0.112,14.895,0.107,,,,,,,,,,,,,,,,,,,,,,,,,,,
5073,5073,5073,212073518,08 59 30.391,+21 31 14.10,1,12.729,,,558-047571,08593039+2131140,,STAR,gri,lam,-2.7,1.3,0,2.4,,,13.707,0.05,12.948,0.04,,,13.281,0.04,12.737,0.05,12.492,0.09,,,11.522,0.023,11.117,0.023,11.043,0.019,5200,156,125,3.682,0.09,0.108,-0.361,0.15,0.12,2.488,0.432,0.368,1.117,0.126,0.126,0.069,0.029,0.024,815.6,123,106.9,0.033,0.011,0.005,,,
5074,5074,5074,212073560,08 50 34.668,+21 31 17.77,1,12.718,,,558-047241,08503466+2131177,,STAR,gri,lam,-7.1,1.6,-12.2,1.4,,,13.623,0.01,12.866,0.02,,,13.229,0.02,12.647,0.02,12.498,0.03,,,11.575,0.022,11.26,0.021,11.233,0.022,5613,67,56,3.812,0.126,0.02,0.311,0.05,0.2,2.367,0.047,0.446,1.31,0.026,0.127,0.1,0.064,0.006,865.6,25.97,166.8,0.042,0.002,0.013,,,
5075,5075,5075,212073566,09 07 32.466,+21 31 18.39,1,18.177,,,,09073246+2131183,,STAR,J,,,,,,,,,,,,,,,,,,,,,,16.625,0.178,15.791,0.193,,,,,,,,,,,,,,,,,,,,,,,,,,,,,
5076,5076,5076,212073572,09 04 06.592,+21 31 18.93,1,15.343,,,558-047728,09040659+2131191,5038-301-1-0065-0055,STAR,gri,lam,-1.5,4.4,-1.4,4.7,,,16.558,0.07,15.643,0.09,,,16.019,0.08,15.333,0.09,15.054,0.12,,,13.95,0.025,13.418,0.03,13.355,0.023,4968,148,148,4.598,0.025,0.03,-0.059,0.1,0.12,0.742,0.04,0.038,0.805,0.041,0.05,1.943,0.237,0.251,691.8,65,59.42,0.033,0.011,0.007,,,
5077,5077,5077,212073588,08 52 09.741,+21 31 20.09,1,18.425,,,,,5038-301-4-0048-0952,EXTENDED,gri,,9,3,-2,3,,,,,,,20.18,0.13,18.914,0.021,18.46,0.023,18.215,0.029,17.832,0.085,,,,,,,,,,,,,,,,,,,,,,,,,,,,,,,,,
5078,5078,5078,212073602,08 54 49.792,+21 31 21.05,1,12.387,,1400-2016-1,558-047402,08544978+2131208,,STAR,gri,rpm,-7,1.9,-2,1.9,,,12.492,0.279,11.943,0.219,,,12.741,0.031,12.325,0.03,12.235,0.04,,,11.587,0.023,11.28,0.022,11.208,0.017,6006,96,96,4.135,0.246,0.246,-0.082,0.12,0.27,1.424,0.522,0.326,1.088,0.162,0.101,0.316,0.481,0.17,535.9,208.6,128.4,0.033,0.008,0.007,,,
5079,5079,5079,212073634,08 29 31.236,+21 31 22.92,1,15.552,,,558-046311,08293123+2131229,,STAR,JHK,rpm,-4.7,2.9,0.5,3.1,,,,,,,,,,,,,,,,,14.149,0.028,13.644,0.036,13.594,0.036,5016,159,199,4.592,0.04,0.976,-0.213,0.25,0.4,0.743,1.81,0.065,0.798,0.087,0.073,1.859,0.46,1.807,781.2,2020,117.5,0.033,0.008,0.007,,,
5080,5080,5080,212073635,09 02 31.209,+21 31 22.97,1,12.817,,,558-047680,09023121+2131230,,STAR,gri,lam,-6.4,1.5,-4.4,1.6,,,13.336,0.05,12.829,0.05,,,13.037,0.05,12.743,0.04,12.617,0.09,,,11.849,0.022,11.616,0.021,11.563,0.02,6262,152,152,4.212,0.105,0.126,-0.075,0.09,0.15,1.358,0.274,0.167,1.186,0.115,0.096,0.404,0.216,0.159,632.1,134.9,81.56,0.032,0.008,0.006,,,
5081,5081,5081,212073649,08 51 31.109,+21 31 23.95,1,15.344,,,558-047279,08513111+2131240,5038-301-4-0048-0004,STAR,gri,rpm,-5.7,2.9,-2.7,3,,,16.463,0.08,15.629,0.06,,,16.105,0.04,15.263,0.01,15.018,0.01,,,13.918,0.027,13.405,0.026,13.324,0.031,4900,59,79,4.612,0.025,0.035,-0.127,0.15,0.18,0.719,0.051,0.04,0.786,0.054,0.065,2.086,0.228,0.319,648,65.8,50.17,0.034,0.01,0.007,,,
5082,5082,5082,212073691,08 51 27.793,+21 31 26.53,1,19.723,,,,,5038-301-4-0047-0211,STAR,gri,,-4,4,-2,4,,,,,,,21.953,0.138,20.03,0.015,19.679,0.016,19.591,0.02,19.372,0.061,,,,,,,,,,,,,,,,,,,,,,,,,,,,,,,,,
5083,5083,5083,212073737,08 50 48.178,+21 31 29.20,1,17.215,,,,08504817+2131292,5045-301-4-0147-0145,EXTENDED,gri,,-41,5,-10,5,,,,,,,19.463,0.048,18.031,0.007,17.277,0.006,16.865,0.006,16.543,0.016,16.197,0.112,15.439,0.118,14.995,0.117,,,,,,,,,,,,,,,,,,,,,,,,,,,
5084,5084,5084,212073788,08 34 27.569,+21 31 32.80,1,14.45,,,558-046553,08342757+2131328,6597-301-3-0225-0022,STAR,JHK,rpm,-61.2,5.2,-90.2,5,,,,,,,,,,,,,,,,,12.42,0.023,11.879,0.022,11.628,0.019,3486,124,82,5.055,0.05,0.05,-0.005,0.15,0.18,0.226,0.046,0.038,0.211,0.063,0.045,17.92,5.432,4.877,67.94,18.38,11.17,0.01,0.007,0.003,,,
5085,5085,5085,212073835,08 31 52.801,+21 31 36.73,1,12.858,,,558-046437,08315280+2131367,,STAR,gri,rpm,10.8,2.1,5.4,2.9,,,13.392,0.01,12.917,0.05,,,13.142,0.05,12.804,0.03,12.736,0.062,,,11.997,0.023,11.799,0.021,11.757,0.018,6415,156,196,4.175,0.12,0.144,-0.146,0.15,0.21,1.433,0.34,0.233,1.231,0.118,0.118,0.358,0.197,0.146,726.2,180.9,106.7,0.034,0.017,0.008,,,
5086,5086,5086,212073843,08 52 42.848,+21 31 37.26,1,18.825,,,,08524284+2131372,5038-301-4-0049-0254,STAR,gri,rpm,-27,5,-18,5,,,,,,,23.181,0.346,21.199,0.032,19.642,0.016,17.808,0.008,16.783,0.011,14.992,0.045,14.426,0.055,14.052,0.047,3345,128,128,5.138,0.025,0.03,-0.109,0.24,0.28,0.174,0.016,0.008,0.155,0.018,0.01,28.88,3.153,4.411,149.5,16.55,12.53,0.022,0.007,0.006,,,
5087,5087,5087,212073875,08 34 27.875,+21 31 39.58,1,15.94,,,,08342787+2131395,6597-301-3-0225-0023,EXTENDED,gri,,26.7,9,46.5,9,,,,,,,17.108,0.01,16.302,0.003,15.949,0.003,15.785,0.004,15.644,0.008,15.197,0.076,14.508,0.088,14.373,0.081,,,,,,,,,,,,,,,,,,,,,,,,,,,
5088,5088,5088,212073908,08 50 57.762,+21 31 41.20,1,17.258,,,,08505776+2131412,5038-301-4-0047-0132,EXTENDED,gri,,3,3,2,3,,,,,,,19.046,0.034,17.847,0.007,17.383,0.006,17.005,0.007,16.887,0.021,16.52,0.138,15.739,0.17,15.239,0.14,,,,,,,,,,,,,,,,,,,,,,,,,,,
5089,5089,5089,212073963,08 33 36.880,+21 31 44.75,1,19.706,,,,,4508-301-1-0102-0305,STAR,gri,,0,5,8,5,,,,,,,20.303,0.047,19.783,0.016,19.68,0.017,19.255,0.016,19.049,0.041,,,,,,,,,,,,,,,,,,,,,,,,,,,,,,,,,
5090,5090,5090,212073983,09 11 04.534,+21 31 46.20,1,12.639,,,558-047960,09110454+2131463,,STAR,gri,rpm,-19.3,1.2,0.5,1.4,,,13.495,0.03,12.81,0.07,,,13.128,0.03,12.585,0.05,12.43,0.08,,,11.554,0.021,11.219,0.02,11.176,0.021,5759,137,171,4.426,0.06,0.264,-0.05,0.18,0.21,0.995,0.424,0.077,1.005,0.082,0.082,0.972,0.252,0.585,378.5,202.6,47.93,0.032,0.01,0.007,,,
5091,5091,5091,212073987,09 02 53.154,+21 31 46.36,1,17.896,,,,09025315+2131463,,STAR,JHK,col,,,,,,,,,,,,,,,,,,,,,15.349,0.069,14.576,0.082,14.276,0.074,4021,309,371,4.847,0.161,0.115,-0.172,0.2,0.28,0.428,0.121,0.154,0.465,0.127,0.203,6.03,6.424,2.438,557.3,239,242.5,0.032,0.008,0.007,,,
5092,5092,5092,212074012,08 57 36.159,+21 31 48.23,1,17.932,,,,08573615+2131482,5045-301-2-0156-0293,EXTENDED,gri,,5,3,-6,3,,,,,,,20.607,0.091,18.96,0.012,17.925,0.008,17.491,0.008,17.17,0.018,16.32,0.115,15.499,0.109,14.775,0.094,,,,,,,,,,,,,,,,,,,,,,,,,,,
5093,5093,5093,212074023,08 54 38.204,+21 31 48.89,1,14.939,,,558-047392,08543820+2131489,,STAR,gri,rpm,-2.6,2.8,1.1,3.1,,,15.998,0.068,15.1,0.047,,,15.584,0.04,14.822,0.02,14.662,0.084,,,13.596,0.025,13.137,0.024,13.003,0.026,5044,81,81,4.569,0.04,1.096,-0.14,0.2,0.32,0.785,2.289,0.067,0.842,0.12,0.075,1.676,0.339,1.645,642,1762,65.86,0.032,0.007,0.006,,,
5094,5094,5094,212074029,08 33 07.871,+21 31 49.17,1,19.352,,,,,4508-301-1-0102-0429,EXTENDED,gri,,20,3,-3,3,,,,,,,21.23,0.199,19.801,0.024,19.467,0.025,19.16,0.026,19.318,0.108,,,,,,,,,,,,,,,,,,,,,,,,,,,,,,,,,
5095,5095,5095,212074080,09 10 39.577,+21 31 51.98,1,18.44,,,,09103957+2131519,,STAR,JHK,rpm,4,5,6,2,,,,,,,,,,,,,,,,,15.929,0.082,15.163,0.083,14.869,0.101,4098,283,283,4.811,0.12,0.1,-0.185,0.2,0.24,0.449,0.102,0.112,0.524,0.106,0.148,4.754,3.877,1.649,794.1,277.1,239.6,0.033,0.01,0.007,,,
5096,5096,5096,212074086,08 59 49.554,+21 31 52.77,1,17.166,,,,08594955+2131527,5038-301-2-0059-0308,STAR,gri,rpm,-107,4,-80,4,,,,,,,22.205,0.174,19.679,0.013,18.002,0.007,16.089,0.005,15.065,0.006,13.496,0.024,12.926,0.024,12.646,0.023,3097,109,90,5.191,0.02,0.02,-0.165,0.3,0.3,0.151,0.003,0.004,0.129,0.005,0.003,37.16,2.23,2.23,85.43,12.66,13.05,0.013,0.007,0.002,,,
5097,5097,5097,212074145,08 57 04.386,+21 31 55.94,1,17.245,,,,08570438+2131559,5038-301-3-0055-0224,EXTENDED,gri,,-9,4,-2,4,,,,,,,19.801,0.067,18.255,0.01,17.247,0.007,16.812,0.007,16.481,0.019,16.357,0.119,15.53,0.129,15.213,0.17,,,,,,,,,,,,,,,,,,,,,,,,,,,
5098,5098,5098,212074157,08 32 06.448,+21 31 56.78,1,17.011,,,,,6728-301-3-0128-0151,EXTENDED,gri,,,,,,,,,,,,17.989,0.022,17.193,0.006,16.95,0.006,16.835,0.013,16.775,0.031,,,,,,,,,,,,,,,,,,,,,,,,,,,,,,,,,
5099,5099,5099,212074205,08 57 56.772,+21 32 00.05,1,19.402,,,,,5045-301-2-0157-0103,STAR,gri,,2,3,-2,3,,,,,,,21.447,0.118,19.948,0.017,19.528,0.016,19.168,0.017,19.073,0.05,,,,,,,,,,,,,,,,,,,,,,,,,,,,,,,,,
5100,5100,5100,212074214,09 09 46.226,+21 32 00.75,1,12.856,,,558-047920,09094622+2132008,,STAR,gri,rpm,-3.4,1.5,-3.4,1.9,,,13.466,0.03,12.949,0.07,,,13.191,0.05,12.813,0.08,12.712,0.11,,,12.031,0.023,11.754,0.021,11.744,0.021,6094,184,147,4.182,0.17,0.204,-0.162,0.2,0.28,1.375,0.354,0.239,1.098,0.133,0.133,0.392,0.322,0.201,671.7,189.6,125.7,0.033,0.01,0.007,,,
5101,5101,5101,212074250,08 53 26.382,+21 32 03.49,1,10.596,,1400-157-1,558-047339,08532637+2132034,,STAR,gri,rpm,-0.7,1.4,-8,1.5,,,11.938,0.2,10.704,0.077,,,11.307,0.03,10.547,0.03,10.292,0.03,,,9.266,0.027,8.831,0.046,8.701,0.02,4923,79,79,2.435,0.57,0.06,-0.432,0.28,0.16,10.361,0.772,4.599,1.104,0.512,0.128,9.39E-04,0.005,1.43E-04,1045,74.74,418.2,0.032,0.011,0.007,,,
5102,5102,5102,212074266,08 55 41.469,+21 32 04.68,1,11.17,,1400-1175-1,558-047441,08554146+2132045,,STAR,gri,plx,-33.8,1.7,9.3,1.7,,,11.754,0.121,11.291,0.134,,,11.543,0.05,11.123,0.06,11.011,0.05,,,10.276,0.022,9.994,0.021,9.923,0.018,6019,146,122,4.292,0.105,0.189,-0.12,0.2,0.28,1.199,0.339,0.155,1.064,0.099,0.119,0.568,0.262,0.281,251.6,60.75,60.75,0.028,0.01,0.007,,,
5103,5103,5103,212074323,09 08 37.848,+21 32 08.47,1,18.459,,,,,5071-301-4-0156-0162,EXTENDED,gri,,7,3,-1,3,,,,,,,20.03,0.075,18.842,0.013,18.514,0.015,18.295,0.017,18.218,0.073,,,,,,,,,,,,,,,,,,,,,,,,,,,,,,,,,
5104,5104,5104,212074327,08 28 24.272,+21 32 08.79,1,10.98,,1391-1154-1,558-046257,08282427+2132088,,STAR,gri,plx,-4.9,1.7,-5.5,1.8,,,12.097,0.245,11.078,0.111,,,11.773,0.06,10.948,0.04,10.64,0.06,,,9.481,0.022,8.986,0.024,8.863,0.018,4831,78,97,2.414,0.221,0.065,-0.344,0.2,0.2,10.861,0.681,1.531,1.153,0.378,0.172,8.73E-04,7.53E-04,1.63E-04,2350,2919,2919,0.033,0.01,0.007,,,
5105,5105,5105,212074335,08 35 43.041,+21 32 09.22,1,12.819,,,558-046608,08354304+2132092,,STAR,gri,rpm,-3,1.3,-7.4,1.8,,,13.631,0.05,12.981,0.01,,,13.269,0.05,12.806,0.03,12.627,0.07,,,11.943,0.022,11.613,0.022,11.571,0.022,5852,140,140,4.333,0.144,0.456,-0.232,0.2,0.32,1.107,0.857,0.193,0.998,0.136,0.114,0.719,0.434,0.587,508.3,331,103.6,0.033,0.011,0.008,,,
5106,5106,5106,212074426,08 59 23.658,+21 32 15.11,1,13.664,,,558-047565,08592365+2132152,,STAR,gri,lam,-26.6,2.1,-61.9,2.4,,,14.438,0.06,13.837,0.04,,,14.091,0.05,13.704,0.03,13.482,0.08,,,12.642,0.023,12.292,0.023,12.285,0.02,5769,206,137,4.508,0.04,0.072,-0.69,0.12,0.18,0.815,0.095,0.052,0.784,0.05,0.037,1.428,0.281,0.337,495.2,74.93,44.4,0.031,0.008,0.006,,,
5107,5107,5107,212074428,09 04 08.834,+21 32 15.21,1,12.993,,,558-047730,09040883+2132153,,STAR,gri,lam,-0.8,2.1,0.7,4.3,,,14.212,0.05,13.268,0.06,,,13.722,0.04,13.009,0.06,12.681,0.08,,,11.592,0.023,11.073,0.021,10.933,0.017,4938,151,151,2.437,0.27,0.054,-0.583,0.12,0.12,9.649,0.738,2.463,0.953,0.023,0.04,0.001,0.002,1.80E-04,2831,244.7,659.6,0.034,0.01,0.007,,,
5108,5108,5108,212074430,08 29 42.599,+21 32 15.22,1,10.772,,1391-1085-1,558-046321,08294259+2132152,,STAR,gri,plx,-11.7,1.3,-12.9,1.4,,,11.715,0.105,11.144,0.102,,,11.477,0.05,10.745,0.01,10.47,0.06,,,9.382,0.023,8.879,0.018,8.775,0.019,4919,79,79,2.699,0.31,0.372,-0.504,0.2,0.28,7.434,3.189,2.59,1.001,0.241,0.109,0.002,0.006,0.001,692.8,171,171,0.033,0.01,0.007,,,
5109,5109,5109,212074445,09 04 47.970,+21 32 15.96,1,11.566,,1407-1400-1,558-047757,09044797+2132161,,STAR,gri,lam,-25.5,1.9,-19.4,2,,,12.424,0.303,11.786,0.236,,,12.185,0.04,11.57,0.04,11.301,0.08,,,10.303,0.023,9.921,0.022,9.805,0.02,5381,161,161,4.526,0.036,0.036,0.013,0.1,0.12,0.862,0.064,0.05,0.919,0.054,0.045,1.429,0.193,0.202,167.1,16.13,14.71,0.022,0.006,0.005,,,
5110,5110,5110,212074488,08 51 44.038,+21 32 19.07,1,12.118,,,558-047286,08514404+2132192,,STAR,gri,lam,-0.7,1.1,-7,1.3,,,13.415,0.02,12.368,0.03,,,12.904,0.03,12.046,0.03,11.781,0.03,,,10.626,0.023,10.136,0.023,10.002,0.019,4776,75,56,3.077,0.11,0.154,-0.029,0.08,0.14,5.318,0.994,0.708,1.273,0.204,0.127,0.008,0.004,0.003,1019,185.9,136.3,0.033,0.008,0.008,,,
5111,5111,5111,212074542,08 57 56.204,+21 32 22.12,1,17.622,,,,08575620+2132221,5045-301-2-0157-0106,EXTENDED,gri,,1,3,4,3,,,,,,,19.749,0.048,18.486,0.009,17.683,0.007,17.252,0.007,16.948,0.016,15.98,0.081,15.318,0.1,14.943,0.106,,,,,,,,,,,,,,,,,,,,,,,,,,,
5112,5112,5112,212074550,08 31 05.064,+21 32 22.49,1,14.946,,,558-046396,08310506+2132224,,STAR,BV,rpm,-2.1,2.9,-8.5,3.3,,,16.115,0.1,15.18,0.048,,,15.796,0.048,,,,,,,13.298,0.023,12.798,0.021,12.715,0.026,4991,119,119,4.575,0.045,1.269,-0.217,0.24,0.44,0.766,2.785,0.058,0.831,0.122,0.068,1.761,0.332,1.741,542.4,1937,58.99,0.034,0.008,0.007,,,
5113,5113,5113,212074576,08 32 17.295,+21 32 24.09,1,17.591,,,,08321729+2132240,6728-301-3-0128-0188,EXTENDED,gri,,0,3,1,3,,,,,,,20.715,0.1,18.723,0.01,17.579,0.006,17.106,0.006,16.712,0.012,15.829,0.078,14.931,0.095,14.564,0.086,,,,,,,,,,,,,,,,,,,,,,,,,,,
5114,5114,5114,212074593,09 02 31.894,+21 32 25.79,1,12.933,,,558-047681,09023189+2132258,,STAR,gri,rpm,5.2,1.7,-0.7,1.6,,,14.091,0.03,13.19,0.05,,,13.618,0.04,12.954,0.04,12.639,0.08,,,11.566,0.022,11.102,0.022,11.017,0.022,5087,103,103,3.169,0.486,0.891,-0.598,0.35,0.35,4.222,5.813,1.711,0.952,0.233,0.073,0.01,0.042,0.01,1303,1738,519.4,0.033,0.013,0.007,,,
5115,5115,5115,212074663,09 09 30.765,+21 32 30.21,1,12.771,,,558-047911,09093076+2132302,,STAR,gri,rpm,-6,1.6,-0.2,2,,,13.589,0.03,12.916,0.07,,,13.244,0.06,12.714,0.08,12.568,0.1,,,11.833,0.022,11.516,0.032,11.479,0.021,5887,140,210,4.161,0.245,0.245,-0.116,0.2,0.24,1.327,0.563,0.339,1.068,0.148,0.105,0.383,0.515,0.245,602,227.1,192,0.033,0.007,0.006,,,
5116,5116,5116,212074667,08 30 17.694,+21 32 30.78,1,12.339,,,558-046350,08301769+2132307,,STAR,gri,rpm,1.7,1.3,-2.5,1.6,,,13.6,0.02,12.591,0.03,,,13.112,0.05,12.297,0.03,12.008,0.061,,,10.827,0.022,10.301,0.022,10.179,0.018,4834,76,96,2.569,0.588,0.21,-0.323,0.2,0.2,8.362,2.585,3.739,1.12,0.157,0.131,0.001,0.009,8.42E-04,1732,551.3,735.4,0.033,0.01,0.008,,,
5117,5117,5117,212074712,08 28 18.186,+21 32 32.97,1,12.654,,,558-046249,08281818+2132328,,STAR,gri,rpm,-8.7,1.8,-3.2,0.6,,,13.179,0.01,12.711,0.03,,,12.933,0.05,12.611,0.01,12.535,0.062,,,11.828,0.024,11.63,0.024,11.55,0.018,6428,155,155,4.149,0.13,0.156,-0.092,0.15,0.21,1.539,0.434,0.295,1.265,0.148,0.148,0.328,0.21,0.147,721.9,196.2,131.1,0.035,0.014,0.01,,,
5118,5118,5118,212074750,09 10 02.812,+21 32 35.82,1,16.848,,,,09100281+2132358,5071-301-4-0158-0199,STAR,gri,rpm,-77,3,-13,3,,,,,,,21.368,0.102,18.829,0.008,17.307,0.005,15.999,0.005,15.313,0.005,13.904,0.025,13.36,0.036,13.117,0.03,3387,68,68,5.131,0.02,0.04,-0.115,0.21,0.15,0.179,0.02,0.008,0.161,0.022,0.009,27.24,2.628,4.996,96.61,13.7,6.199,0.017,0.004,0.004,,,
5119,5119,5119,212074765,08 30 25.187,+21 32 36.71,1,17.176,,,,08302518+2132367,,STAR,J,col,,,,,,,,,,,,,,,,,,,,,15.702,0.102,15.006,0.101,14.569,0.101,3779,433,309,4.928,0.15,0.175,-0.185,0.2,0.28,0.332,0.171,0.13,0.348,0.196,0.164,8.474,9.028,4.371,509.5,369.8,244.8,0.031,0.01,0.007,,,
5120,5120,5120,212074773,09 05 31.464,+21 32 37.18,1,16.594,,,,09053146+2132371,5038-301-1-0067-0343,EXTENDED,gri,,-8,3,9,3,,,,,,,19.433,0.063,17.615,0.008,16.61,0.006,16.156,0.006,15.834,0.014,16.091,0.103,15.349,0.153,14.85,0.118,,,,,,,,,,,,,,,,,,,,,,,,,,,
5121,5121,5121,212074795,08 30 25.773,+21 32 38.67,1,13.723,,,558-046358,08302577+2132386,,STAR,gri,rpm,0,3.5,-11,2.1,,,14.782,0.03,13.993,0.02,,,14.377,0.07,13.715,0.02,13.443,0.066,,,12.506,0.022,12.019,0.023,11.931,0.02,5054,101,101,3.34,1.12,0.56,-0.645,0.48,0.4,3.036,2.643,2.27,0.897,0.098,0.098,0.021,1.373,0.018,1504,1277,1115,0.032,0.009,0.005,,,
5122,5122,5122,212074801,08 51 17.029,+21 32 38.88,1,17.922,,,,08511702+2132388,5038-301-4-0047-0196,STAR,gri,rpm,23,3,-63,3,,,,,,,21.277,0.084,19.006,0.009,17.908,0.007,17.458,0.007,17.221,0.013,16.152,0.08,15.535,0.101,15.09,0.116,4195,67,41,5.015,0.02,0.078,-1.166,0.2,0.08,0.29,0.07,0.006,0.32,0.091,0.006,13,0.78,4.293,604.3,167.8,30.91,0.031,0.011,0.009,,,
5123,5123,5123,212074806,08 29 26.034,+21 32 39.21,1,17.953,,,,08292603+2132392,,STAR,J,,,,,,,,,,,,,,,,,,,,,,16.422,0.111,,,,,,,,,,,,,,,,,,,,,,,,,,,,,,,
5124,5124,5124,212074820,09 07 57.959,+21 32 40.07,1,13.816,,,558-047862,09075795+2132400,,STAR,gri,rpm,-5.3,4.7,-43.7,5.1,,,15.392,0.05,14.236,0.07,,,14.925,0.07,13.727,0.08,13.341,0.12,,,12.132,0.022,11.519,0.03,11.397,0.021,4267,169,202,4.743,0.091,0.065,-0.115,0.16,0.28,0.543,0.065,0.1,0.605,0.064,0.115,3.711,1.854,0.973,175.2,36.89,35.9,0.023,0.005,0.005,,,
5125,5125,5125,212074833,08 33 30.422,+21 32 40.99,1,14.672,,,558-046501,08333041+2132409,4508-301-1-0102-0136,STAR,JHK,rpm,5.8,2.8,-16.8,3.1,,,,,,,,,,,,,,,,,12.736,0.023,12.055,0.023,11.972,0.018,4294,154,154,4.723,0.054,0.045,-0.026,0.12,0.15,0.572,0.057,0.061,0.64,0.058,0.058,3.297,0.759,0.617,246.2,39.75,34.22,0.028,0.007,0.005,,,
5126,5126,5126,212074847,09 06 30.904,+21 32 41.50,1,17.862,,,,09063090+2132414,,STAR,J,col,,,,,,,,,,,,,,,,,,,,,16.339,0.131,15.498,0.132,14.613,0.106,3587,352,422,5.028,0.13,0.13,-0.139,0.2,0.28,0.237,0.125,0.094,0.228,0.168,0.105,15.14,16.13,7.809,452.1,326.3,216.6,0.031,0.009,0.009,,,
5127,5127,5127,212074874,09 08 57.102,+21 32 43.79,1,15.851,,,,,5071-301-4-0156-0185,EXTENDED,gri,,-1,2,-19,2,,,,,,,18.211,0.027,16.706,0.005,15.922,0.004,15.485,0.004,15.141,0.01,,,,,,,,,,,,,,,,,,,,,,,,,,,,,,,,,
5128,5128,5128,212074948,08 31 42.502,+21 32 49.29,1,12.046,,,558-046430,08314249+2132492,,STAR,gri,rpm,-16.6,1.3,18.6,1.5,,,12.892,0.01,12.181,0.03,,,12.529,0.05,11.989,0.01,11.839,0.06,,,10.962,0.023,10.649,0.022,10.585,0.017,5743,137,137,4.418,0.065,0.364,0.005,0.12,0.21,1.016,0.627,0.078,1.028,0.122,0.102,0.886,0.229,0.674,292.1,181.6,37.69,0.027,0.013,0.007,,,
5129,5129,5129,212074965,08 59 15.423,+21 32 49.98,1,11.046,,1400-1988-1,558-047559,08591542+2132499,,STAR,gri,rpm,-15.8,1.3,-4.3,1.3,,,11.427,0.097,10.981,0.1,,,11.213,0.04,10.99,0.04,10.872,0.08,,,10.205,0.022,10.039,0.021,10.001,0.019,6729,206,165,4.13,0.12,0.192,-0.037,0.12,0.12,1.64,0.483,0.244,1.431,0.165,0.118,0.277,0.185,0.137,394.2,121.7,61,0.03,0.008,0.006,,,
5130,5130,5130,212075012,08 54 01.023,+21 32 53.15,1,17.832,,,,08540102+2132531,5045-301-3-0151-0170,EXTENDED,gri,,3,3,0,3,,,,,,,19.621,0.05,18.515,0.01,17.895,0.009,17.539,0.009,17.267,0.026,17.085,0.2,16.005,0.202,,,,,,,,,,,,,,,,,,,,,,,,,,,,,
5131,5131,5131,212075062,08 28 21.703,+21 32 56.52,1,12.468,,1391-740-1,558-046254,08282172+2132562,,STAR,gri,rpm,-10.7,2.5,-5.1,2.7,,,12.622,0.297,12.528,0.301,,,12.795,0.06,12.419,0.041,12.327,0.061,,,11.534,0.022,11.29,0.022,11.25,0.018,6181,186,149,4.137,0.165,0.198,-0.133,0.16,0.28,1.442,0.423,0.278,1.186,0.144,0.173,0.319,0.268,0.146,583.6,162.7,127.2,0.032,0.011,0.007,,,
5132,5132,5132,212075118,09 10 03.084,+21 32 59.87,1,14.917,,,558-047926,09100308+2132599,5071-301-4-0158-0204,STAR,gri,col,,,,,,,17.173,0.103,16.004,0.065,,,16.698,0.01,15.308,0.04,14.154,0.11,,,12.397,0.022,11.809,0.024,11.623,0.024,3574,87,130,5.007,0.045,0.045,0.065,0.1,0.12,0.267,0.047,0.04,0.272,0.067,0.067,13.5,3.892,3.021,75.83,19.02,12.9,0.012,0.005,0.003,,,
5133,5133,5133,212075143,08 29 15.134,+21 33 01.07,1,17.323,,,,08291513+2133010,4508-301-2-0097-0229,EXTENDED,gri,,1,3,1,3,,,,,,,19.626,0.054,18.161,0.008,17.378,0.006,16.964,0.006,16.65,0.013,16.229,0.104,15.574,0.136,15.173,0.129,,,,,,,,,,,,,,,,,,,,,,,,,,,
5134,5134,5134,212075144,08 26 48.156,+21 33 01.18,1,14.304,,,558-046169,08264815+2133012,4508-301-3-0093-0128,STAR,gri,rpm,4.3,4.4,-15.7,4.9,,,15.373,0.07,14.584,0.01,,,14.987,0.08,14.317,0.02,14.011,0.072,,,12.965,0.021,12.503,0.023,12.41,0.022,5127,102,102,4.569,0.04,1.112,-0.27,0.25,0.45,0.783,2.177,0.066,0.838,0.072,0.086,1.723,0.325,1.687,491.2,1334,53.42,0.033,0.008,0.008,,,
5135,5135,5135,212075179,08 56 10.757,+21 33 03.57,1,10.909,,1400-1789-1,558-047466,08561076+2133033,,STAR,gri,rpm,-34.6,1.4,-35.2,1.3,,,11.531,0.101,11.227,0.121,,,11.393,0.05,10.859,0.06,10.701,0.06,,,9.864,0.022,9.583,0.021,9.48,0.018,5867,140,140,4.346,0.1,0.28,-0.05,0.15,0.21,1.127,0.487,0.157,1.052,0.088,0.088,0.684,0.395,0.448,196.6,80.74,34.21,0.025,0.01,0.007,,,
5136,5136,5136,212075228,08 58 48.267,+21 33 06.76,1,19.622,,,,,5071-301-6-0142-0429,EXTENDED,gri,,,,,,,,,,,,21.238,0.211,20.092,0.034,19.697,0.038,19.421,0.046,18.926,0.109,,,,,,,,,,,,,,,,,,,,,,,,,,,,,,,,,
5137,5137,5137,212075236,08 56 14.397,+21 33 07.22,1,12.451,,,558-047470,08561439+2133071,,STAR,gri,rpm,-13.6,1.1,-11.2,1.9,,,13.264,0.03,12.562,0.05,,,12.899,0.05,12.401,0.06,12.259,0.06,,,11.458,0.022,11.148,0.021,11.061,0.019,5847,139,139,4.365,0.11,0.418,-0.133,0.2,0.24,1.078,0.716,0.179,1.02,0.119,0.099,0.748,0.41,0.579,400.8,251,73.52,0.031,0.012,0.006,,,
5138,5138,5138,212075262,08 52 00.934,+21 33 08.65,1,15.121,,,558-047296,08520093+2133086,5038-301-4-0048-0122,STAR,gri,rpm,-2.9,2.9,-2.2,3.1,,,16.053,0.04,15.326,0.05,,,15.671,0.04,15.067,0.04,14.885,0.03,,,13.902,0.027,13.485,0.028,13.358,0.033,5354,157,126,4.535,0.045,0.765,-0.267,0.25,0.4,0.822,1.263,0.084,0.861,0.071,0.085,1.518,0.371,1.408,836.1,1245,107.9,0.034,0.01,0.007,,,
5139,5139,5139,212075267,09 05 17.374,+21 33 08.96,1,9.318,,1407-1410-1,558-047773,09051738+2133090,,STAR,gri,rpm,-4.7,0.8,-16.5,0.9,,,10.882,0.085,9.694,0.039,,,10.415,0.02,9.488,0.05,8.848,0.11,,,7.459,0.018,6.823,0.017,6.682,0.027,4497,89,89,2.133,0.282,0.564,-0.322,0.25,0.45,14.338,10.682,2.764,1.104,0.253,0.18,3.53E-04,3.93E-04,3.03E-04,584.1,375.5,118,0.035,0.009,0.011,,,
5140,5140,5140,212075294,08 34 33.898,+21 33 11.17,1,15.873,,,558-046557,08343390+2133112,6597-301-3-0225-0157,STAR,JHK,rpm,-5.2,2.7,-5,3,,,,,,,,,,,,,,,,,14.119,0.028,13.544,0.028,13.413,0.036,4636,188,377,4.656,0.136,0.04,-0.123,0.16,0.28,0.645,0.056,0.167,0.699,0.07,0.167,2.569,2.382,0.481,589.6,89.23,221,0.032,0.008,0.007,,,
5141,5141,5141,212075300,09 06 59.013,+21 33 11.63,1,12.81,,,558-047830,09065900+2133117,,STAR,gri,rpm,16.6,2.1,-9.5,2.6,,,13.737,0.04,12.982,0.07,,,13.341,0.04,12.765,0.08,12.583,0.09,,,11.663,0.019,11.295,0.026,11.284,0.025,5602,169,169,4.471,0.048,0.528,-0.053,0.12,0.24,0.95,0.855,0.086,0.966,0.067,0.08,1.103,0.27,0.949,363.9,322.5,49.58,0.032,0.013,0.008,,,
5142,5142,5142,212075309,08 59 16.542,+21 33 12.67,1,14.31,,,558-047561,08591654+2133126,,STAR,gri,rpm,-20.3,7.5,21.3,1.9,,,15.409,0.07,14.571,0.04,,,15.034,0.05,14.305,0.06,13.999,0.1,,,12.903,0.022,12.386,0.023,12.344,0.021,4969,118,118,4.615,0.03,0.036,-0.266,0.2,0.2,0.704,0.056,0.051,0.742,0.063,0.052,2.127,0.343,0.296,404.2,45.17,40.63,0.03,0.008,0.006,,,
5143,5143,5143,212075315,09 02 59.896,+21 33 12.90,1,10.392,,1400-2264-1,558-047698,09025988+2133127,,STAR,gri,rpm,10.3,1.7,-16.8,1.7,,,12.036,0.287,10.765,0.093,,,11.33,0.03,10.436,0.03,9.99,0.09,,,8.732,0.024,8.084,0.031,7.917,0.029,4567,90,72,2.08,0.425,0.51,-0.583,0.4,0.4,13.639,9.038,4.711,0.974,0.244,0.086,2.68E-04,8.49E-04,2.04E-04,1040,609.6,331.9,0.033,0.008,0.007,,,
5144,5144,5144,212075339,09 06 11.230,+21 33 14.54,1,14.313,,,558-047808,09061121+2133145,,STAR,gri,lam,-12.5,3,-7.7,2.7,,,15.335,0.09,14.49,0.08,,,14.899,0.03,14.25,0.09,14.062,0.08,,,13.188,0.026,12.768,0.031,12.686,0.032,5509,131,164,4.494,0.04,0.048,0.004,0.12,0.1,0.899,0.075,0.058,0.941,0.052,0.045,1.24,0.217,0.218,677.4,79.16,59.61,0.033,0.01,0.007,,,
5145,5145,5145,212075364,08 26 55.306,+21 33 16.12,1,16.217,,,,08265530+2133161,4508-301-3-0093-0153,EXTENDED,gri,,-11,3,13,3,,,,,,,17.228,0.011,16.408,0.004,16.153,0.004,16.015,0.004,15.89,0.009,15.6,0.081,15.153,0.103,14.989,0.122,,,,,,,,,,,,,,,,,,,,,,,,,,,
5146,5146,5146,212075371,08 31 21.233,+21 33 16.72,1,14.062,,,558-046408,08312122+2133167,,STAR,gri,rpm,8.9,2.5,-116.8,5.3,,,16.244,0.074,14.785,0.043,,,15.62,0.03,14.179,0.04,13.394,0.066,,,11.818,0.023,11.171,0.022,10.958,0.018,3644,100,57,5.002,0.066,0.055,-0.109,0.15,0.12,0.273,0.052,0.052,0.288,0.071,0.085,13.08,5.655,3.948,68.6,23.51,17.51,0.01,0.005,0.004,,,
5147,5147,5147,212075399,08 52 34.896,+21 33 18.26,1,17.342,,,,08523489+2133182,,STAR,JHK,col,,,,,,,,,,,,,,,,,,,,,15.104,0.041,14.55,0.055,14.25,0.063,3636,325,232,4.987,0.105,0.126,-0.106,0.16,0.28,0.272,0.119,0.083,0.286,0.179,0.112,11.58,9.492,5.934,277.3,210,104,0.027,0.01,0.008,,,
5148,5148,5148,212075436,09 02 38.524,+21 33 20.52,1,15.518,,,558-047685,09023852+2133206,,STAR,gri,rpm,23.9,4.7,-44.8,4.8,,,16.797,0.03,15.854,0.03,,,16.3,0.06,15.569,0.06,15.183,0.12,,,13.95,0.023,13.38,0.022,13.206,0.02,4606,91,55,4.788,0.025,0.065,-0.997,0.26,0.1,0.492,0.066,0.023,0.546,0.057,0.022,4.493,0.548,1.085,412.6,71.72,26.65,0.032,0.007,0.006,,,
5149,5149,5149,212075539,08 29 25.851,+21 33 26.63,1,14.208,,,558-046306,08292583+2133266,,STAR,gri,rpm,-20.1,2.4,-4.4,1.9,,,15.292,0.04,14.468,0.04,,,14.917,0.09,14.124,0.02,13.904,0.071,,,12.788,0.027,12.267,0.026,12.219,0.023,4971,118,148,4.605,0.042,0.035,-0.158,0.2,0.36,0.727,0.065,0.071,0.779,0.081,0.081,1.997,0.466,0.278,395.8,46.26,49.17,0.031,0.011,0.007,,,
5150,5150,5150,212075548,09 04 52.796,+21 33 27.12,1,19.516,,,,,5038-301-1-0067-0584,STAR,gri,,-14,5,-47,5,,,,,,,25.525,0.453,21.253,0.036,19.76,0.016,18.771,0.012,18.215,0.023,,,,,,,,,,,,,,,,,,,,,,,,,,,,,,,,,
5151,5151,5151,212075568,08 50 51.894,+21 33 28.11,1,17.406,,,,,5045-301-4-0147-0162,EXTENDED,gri,,-9,3,1,3,,,,,,,19.207,0.061,17.972,0.008,17.47,0.009,17.164,0.01,16.988,0.033,,,,,,,,,,,,,,,,,,,,,,,,,,,,,,,,,
5152,5152,5152,212075598,08 28 34.178,+21 33 30.02,1,12.657,,,558-046265,08283417+2133299,,STAR,gri,rpm,-2.4,1.6,-3.8,3.5,,,13.89,0.01,12.912,0.031,,,13.415,0.06,12.6,0.02,12.332,0.061,,,11.187,0.022,10.723,0.022,10.592,0.017,4933,79,79,3.234,0.365,0.803,-0.298,0.3,0.25,3.978,5.494,1.207,1.102,0.198,0.165,0.015,0.032,0.014,1089,1378,365.5,0.033,0.01,0.008,,,
5153,5153,5153,212075603,08 53 02.766,+21 33 30.33,1,18.631,,,,08530276+2133303,5038-301-4-0050-0043,EXTENDED,gri,,0,3,3,3,,,,,,,19.816,0.036,18.848,0.008,18.558,0.009,18.089,0.009,18.073,0.029,16.98,0.18,,,,,,,,,,,,,,,,,,,,,,,,,,,,,,,
5154,5154,5154,212075606,08 28 52.126,+21 33 30.57,1,11.611,,,558-046280,08285213+2133305,,STAR,gri,rpm,-5.1,1.7,-2.7,2.3,,,13.01,0.01,11.919,0.02,,,12.493,0.04,11.571,0.04,11.232,0.06,,,9.951,0.022,9.383,0.022,9.251,0.021,4663,75,75,2.452,0.264,0.132,-0.139,0.15,0.21,11.095,1.262,2.771,1.22,0.19,0.158,8.90E-04,0.001,2.53E-04,1455,170,330.7,0.034,0.011,0.007,,,
5155,5155,5155,212075636,08 29 19.849,+21 33 31.95,1,13.639,,,558-046301,08291983+2133319,,STAR,gri,rpm,-6.2,2.8,-8.3,2.7,,,14.897,0.08,13.882,0.01,,,14.403,0.03,13.606,0.02,13.311,0.065,,,12.224,0.025,11.773,0.021,11.61,0.019,4963,80,60,3.664,0.952,0.408,-0.122,0.2,0.24,2.611,1.407,1.894,1.024,0.233,0.233,0.053,1.968,0.039,1120,480.2,809.8,0.036,0.01,0.012,,,
5156,5156,5156,212075686,08 31 35.717,+21 33 35.92,1,15.301,,,558-046421,08313571+2133358,6728-301-3-0127-0084,STAR,JHK,rpm,-4.2,2.7,-0.2,3,,,,,,,,,,,,,,,,,13.8,0.025,13.298,0.026,13.194,0.029,4990,147,147,4.575,0.045,1.485,-0.293,0.3,0.48,0.765,3.683,0.078,0.819,0.12,0.067,1.77,0.438,1.76,676.3,3150,77.7,0.034,0.01,0.007,,,
5157,5157,5157,212075723,08 25 51.229,+21 33 38.46,1,13.631,,,558-046127,08255122+2133385,,STAR,gri,rpm,-5.3,3.4,-36,4.2,,,14.547,0.03,13.812,0.02,,,14.215,0.08,13.589,0.01,13.38,0.066,,,12.389,0.022,11.957,0.022,11.876,0.021,5254,128,160,4.572,0.035,0.025,-0.298,0.2,0.24,0.759,0.052,0.057,0.8,0.064,0.064,1.763,0.275,0.206,370.4,39.87,36,0.031,0.01,0.008,,,
5158,5158,5158,212075738,09 10 23.809,+21 33 39.46,1,15.102,,,558-047942,09102381+2133393,5061-301-4-0161-0124,STAR,gri,rpm,-16.3,3.1,0,3.5,,,17.445,0.16,16.025,0.03,,,16.77,0.02,15.34,0.01,14.388,0.08,,,12.559,0.022,11.869,0.02,11.664,0.02,3594,113,56,4.99,0.04,0.04,0.065,0.08,0.2,0.29,0.039,0.047,0.301,0.054,0.065,11.97,3.592,2.351,89.74,21.28,14.96,0.015,0.003,0.004,,,
5159,5159,5159,212075787,08 50 22.133,+21 33 42.75,1,15.648,,,558-047233,08502214+2133429,5045-301-4-0146-0068,STAR,gri,rpm,-3.2,2.9,3.5,3.2,,,16.776,0.03,15.979,0.04,,,16.364,0.05,15.577,0.04,15.342,0.15,,,14.219,0.025,13.724,0.033,13.651,0.034,4977,119,99,4.6,0.035,0.049,-0.148,0.2,0.32,0.739,0.08,0.063,0.793,0.069,0.069,1.967,0.318,0.372,778.6,110,70.14,0.032,0.01,0.007,,,
5160,5160,5160,212075819,08 59 15.515,+21 33 45.21,1,14.359,,,558-047560,08591551+2133452,,STAR,gri,rpm,2,2,4,1,,,16.277,0.05,14.903,0.07,,,15.221,0.68,14.445,0.04,13.989,0.06,,,12.526,0.022,11.82,0.023,11.654,0.021,4212,126,100,4.742,0.05,3.76,-0.09,0.15,1.05,0.542,46.597,0.057,0.618,0.199,0.062,3.521,0.912,3.521,223.3,18030,34.55,0.028,0.007,0.007,,,
5161,5161,5161,212075840,09 05 31.189,+21 33 46.45,1,13.874,,,558-047782,09053118+2133467,,STAR,gri,rpm,-11.8,6.3,-8,5.2,,,15.49,0.06,14.287,0.06,,,14.953,0.05,13.817,0.09,13.412,0.1,,,12.238,0.024,11.636,0.029,11.497,0.021,4336,168,168,4.717,0.17,0.05,-0.03,0.12,0.33,0.583,0.053,0.193,0.654,0.052,0.219,3.271,4.171,0.685,204.3,34.62,84.32,0.024,0.006,0.004,,,
5162,5162,5162,212075842,09 04 12.675,+21 33 46.55,1,14.516,,,558-047731,09041267+2133466,,STAR,gri,lam,2.4,4.7,-6.5,5,,,15.398,0.04,14.711,0.04,,,15.043,0.04,14.514,0.03,14.291,0.08,,,13.341,0.023,12.967,0.024,12.845,0.022,5440,132,132,3.784,0.055,0.066,-0.59,0.18,0.12,2.021,0.193,0.119,0.933,0.082,0.037,0.111,0.022,0.025,1577,141.8,60.52,0.033,0.008,0.007,,,
5163,5163,5163,212075851,08 31 38.914,+21 33 47.31,1,15.965,,,,08313891+2133473,6728-301-3-0127-0092,EXTENDED,gri,,-1,2,-2,2,,,,,,,17.648,0.023,16.502,0.004,16.037,0.004,15.735,0.004,15.524,0.012,16.56,0.184,,,15.284,0.186,,,,,,,,,,,,,,,,,,,,,,,,,,,
5164,5164,5164,212075885,08 30 09.309,+21 33 49.20,1,15.378,,,558-046344,08300931+2133491,,STAR,JHK,rpm,2.1,2.6,-2.3,3,,,,,,,,,,,,,,,,,13.29,0.025,12.661,0.026,12.481,0.024,4073,376,188,4.82,0.05,0.15,-0.097,0.2,0.24,0.457,0.17,0.043,0.512,0.175,0.044,5.238,1.281,2.52,246.3,128.2,43.32,0.028,0.006,0.006,,,
5165,5165,5165,212075888,09 08 50.541,+21 33 49.27,1,11.809,,,558-047893,09085053+2133493,,STAR,gri,rpm,8.6,1.6,-11.6,1.8,,,13.023,0.04,12.045,0.09,,,12.561,0.06,11.743,0.11,11.487,0.12,,,10.475,0.029,10.014,0.03,9.922,0.02,5009,120,151,3.252,0.34,0.816,-0.384,0.25,0.4,3.937,5.283,1.263,1.046,0.207,0.148,0.015,0.038,0.014,721.9,893.5,221.3,0.032,0.008,0.007,,,
5166,5166,5166,212075892,08 59 59.346,+21 33 49.42,1,15.276,,,558-047595,08595934+2133494,,STAR,gri,rpm,-5.1,4.4,-0.9,4.7,,,16.662,0.06,15.601,0.1,,,16.176,0.08,15.268,0.05,14.891,0.12,,,13.806,0.024,13.266,0.027,13.117,0.027,4745,139,111,4.626,0.04,0.04,-0.143,0.2,0.28,0.688,0.058,0.063,0.757,0.055,0.077,2.205,0.508,0.35,575.8,62.86,67.32,0.034,0.01,0.008,,,
5167,5167,5167,212075909,08 34 30.908,+21 33 50.86,1,11.404,,,558-046555,08343091+2133510,,STAR,BV,rpm,-15.1,1,-4.2,1.3,,,12.189,0.04,11.533,0.03,,,11.882,0.03,,,,,,,10.611,0.023,10.34,0.021,10.276,0.022,6090,146,146,4.157,0.21,0.28,-0.074,0.15,0.3,1.404,0.721,0.309,1.15,0.212,0.152,0.379,0.326,0.255,357,180.8,77.82,0.029,0.01,0.007,,,
5168,5168,5168,212075914,09 07 34.970,+21 33 51.11,1,17.874,,,,09073496+2133511,5061-301-5-0157-0227,EXTENDED,gri,,5,3,6,3,,,,,,,21.032,0.121,19,0.013,17.85,0.008,17.392,0.008,17.041,0.019,16.195,0.099,15.471,0.117,15.111,0.135,,,,,,,,,,,,,,,,,,,,,,,,,,,
5169,5169,5169,212075927,09 05 45.397,+21 33 52.11,1,16.587,,,,09054539+2133521,,STAR,J,col,,,,,,,,,,,,,,,,,,,,,15.154,0.063,14.487,0.076,14.144,0.07,3846,441,315,4.927,0.13,0.156,-0.132,0.2,0.28,0.326,0.15,0.119,0.358,0.201,0.167,8.487,9.245,4.425,367.3,245.1,147,0.029,0.01,0.008,,,
5170,5170,5170,212075945,08 53 28.285,+21 33 53.26,1,13.601,,,558-047340,08532828+2133532,,STAR,gri,lam,-1,1.9,-2.3,1.9,,,14.737,0.02,13.839,0.04,,,14.302,0.03,13.562,0.05,13.301,0.02,,,12.232,0.022,11.745,0.021,11.718,0.022,4996,59,79,3.37,0.156,0.13,-0.362,0.15,0.15,3.449,0.603,0.513,1.079,0.13,0.108,0.024,0.016,0.008,1459,239.5,205.8,0.033,0.01,0.007,,,
5171,5171,5171,212075983,08 58 51.774,+21 33 55.58,1,17.416,,,,08585177+2133555,5071-301-6-0142-0132,EXTENDED,gri,,3,3,-1,3,,,,,,,20.116,0.082,18.337,0.009,17.525,0.007,17.021,0.007,16.689,0.015,16.045,0.092,15.219,0.086,14.708,0.086,,,,,,,,,,,,,,,,,,,,,,,,,,,
5172,5172,5172,212075994,08 28 02.622,+21 33 56.54,1,14.549,,,558-046237,08280262+2133565,6728-301-4-0122-0040,STAR,gri,rpm,-2.2,4.3,-1.8,4.9,,,15.771,0.17,14.821,0.04,,,15.327,0.09,14.548,0.01,14.216,0.075,,,13.123,0.024,12.578,0.023,12.543,0.025,4869,96,115,3.285,1.351,1.158,-0.287,0.3,0.54,3.144,6.753,2.581,0.854,0.121,0.101,0.015,2.516,0.014,1906,4076,1563,0.033,0.01,0.006,,,
5173,5173,5173,212076007,09 05 35.463,+21 33 57.06,1,9.914,,1407-768-1,558-047785,09053545+2133571,,STAR,BV,rpm,-6.8,1,-13.9,1,,,11.024,0.086,10.073,0.05,,,,,,,,,,,8.025,0.023,7.425,0.059,7.307,0.024,4637,136,136,2.384,0.205,0.287,-0.147,0.2,0.36,11.547,3.605,1.467,1.223,0.313,0.223,8.01E-04,6.24E-04,4.43E-04,622.6,171.4,59.99,0.032,0.008,0.007,,,
5174,5174,5174,212076029,08 27 00.798,+21 33 58.75,1,18.691,,,,08270079+2133587,4508-301-3-0094-0486,STAR,gri,rpm,-27,4,-18,4,,,,,,,22.747,0.284,20.969,0.031,19.412,0.014,17.714,0.007,16.734,0.009,15.085,0.039,14.529,0.053,14.106,0.042,3306,153,95,5.138,0.025,0.025,-0.034,0.18,0.27,0.174,0.014,0.008,0.151,0.018,0.008,28.2,3.078,3.297,153.8,18.93,14.18,0.023,0.01,0.005,,,
5175,5175,5175,212076054,09 04 52.920,+21 34 00.63,1,16.249,,,,09045292+2134006,5038-301-1-0067-0043,EXTENDED,gri,,0,2,-4,2,,,,,,,18.903,0.05,17.225,0.007,16.302,0.005,15.83,0.005,15.485,0.013,15.949,0.101,15.368,0.147,14.824,0.13,,,,,,,,,,,,,,,,,,,,,,,,,,,
5176,5176,5176,212076180,09 09 25.310,+21 34 09.13,1,17.373,,,,09092531+2134091,5071-301-4-0157-0162,EXTENDED,gri,,2,3,-1,3,,,,,,,20.332,0.08,18.422,0.008,17.367,0.006,16.923,0.006,16.574,0.013,15.866,0.083,15.221,0.106,14.785,0.098,,,,,,,,,,,,,,,,,,,,,,,,,,,
5177,5177,5177,212076190,08 55 07.684,+21 34 10.13,1,15.622,,,558-047419,08550768+2134101,5045-301-3-0153-0021,STAR,gri,rpm,-2.4,2.8,3.1,3.1,,,16.447,0.079,15.715,0.058,,,16.15,0.01,15.444,0.063,15.395,0.106,,,14.358,0.027,14.055,0.045,13.857,0.044,5393,163,130,4.527,0.045,0.063,-0.111,0.2,0.24,0.851,0.086,0.078,0.89,0.068,0.081,1.412,0.305,0.296,1054,169.6,123.2,0.035,0.01,0.007,,,
5178,5178,5178,212076201,08 29 00.364,+21 34 11.18,1,13.843,,,558-046286,08290036+2134111,,STAR,gri,rpm,8.1,3.1,-1,2.9,,,14.963,0.04,14.091,0.01,,,14.526,0.07,13.81,0.02,13.551,0.067,,,12.469,0.022,11.964,0.024,11.936,0.021,4998,100,80,3.315,0.384,0.704,-0.515,0.36,0.36,3.341,3.674,1.128,0.938,0.173,0.096,0.021,0.058,0.019,1544,1553,573.2,0.033,0.008,0.007,,,
5179,5179,5179,212076208,08 26 15.763,+21 34 11.63,1,12.007,,,558-046146,08261576+2134116,,STAR,gri,rpm,-23.9,0.9,-11.3,1.4,,,12.809,0.01,12.14,0.02,,,12.488,0.08,11.964,0.01,11.801,0.06,,,10.907,0.021,10.607,0.02,10.544,0.018,5868,141,141,4.385,0.06,0.36,-0.03,0.16,0.24,1.069,0.631,0.101,1.042,0.121,0.091,0.81,0.229,0.595,310.9,183.7,44.57,0.028,0.011,0.007,,,
5180,5180,5180,212076209,08 26 35.068,+21 34 11.69,1,17.728,,,,,4508-301-3-0093-0395,EXTENDED,gri,,-4,3,1,3,,,,,,,20.02,0.092,18.543,0.013,17.777,0.01,17.379,0.01,17.099,0.025,,,,,,,,,,,,,,,,,,,,,,,,,,,,,,,,,
5181,5181,5181,212076223,08 28 13.591,+21 34 12.41,1,15.323,,,558-046244,08281358+2134123,6728-301-4-0122-0066,STAR,JHK,rpm,1.7,4.2,1.7,4.8,,,,,,,,,,,,,,,,,13.683,0.025,13.06,0.025,13.018,0.026,4564,135,162,4.658,0.05,0.07,-0.103,0.16,0.32,0.647,0.101,0.064,0.702,0.077,0.077,2.604,0.637,0.601,477.1,98.61,69.14,0.032,0.008,0.007,,,
5182,5182,5182,212076283,08 33 44.936,+21 34 16.76,1,17.445,,,,08334493+2134167,,STAR,J,col,,,,,,,,,,,,,,,,,,,,,15.953,0.091,15.345,0.121,14.939,0.115,3847,551,344,4.924,0.13,0.182,-0.213,0.25,0.35,0.336,0.189,0.121,0.356,0.236,0.168,8.224,9.158,4.874,539.2,545.6,238.1,0.031,0.01,0.007,,,
5183,5183,5183,212076312,09 04 52.027,+21 34 19.63,1,13.305,,,558-047759,09045202+2134198,,STAR,gri,lam,11.9,1.8,-28.3,2.5,,,14.283,0.04,13.515,0.06,,,13.878,0.04,13.292,0.05,13.059,0.1,,,12.136,0.022,11.718,0.021,11.633,0.026,5460,162,162,4.518,0.035,0.042,-0.042,0.1,0.1,0.861,0.074,0.046,0.916,0.054,0.054,1.386,0.187,0.225,395.3,47.82,32.45,0.031,0.007,0.007,,,
5184,5184,5184,212076322,08 29 03.054,+21 34 20.43,1,14.633,,,558-046291,08290305+2134204,6728-301-4-0123-0155,STAR,gri,rpm,5,3.4,-19.3,3.9,,,15.731,0.063,14.892,0.044,,,15.32,0.1,14.555,0.05,14.338,0.077,,,13.178,0.024,12.703,0.024,12.595,0.022,5063,118,118,4.591,0.035,0.042,-0.177,0.2,0.36,0.743,0.055,0.061,0.803,0.069,0.083,1.865,0.326,0.278,494.3,59.3,52.95,0.033,0.011,0.007,,,
5185,5185,5185,212076327,08 29 41.247,+21 34 20.57,1,12.032,,,558-046319,08294124+2134205,,STAR,gri,rpm,-6.7,1,-13.8,1.1,,,12.958,0.041,12.199,0.02,,,12.578,0.05,11.972,0.01,11.798,0.06,,,10.928,0.025,10.528,0.024,10.45,0.019,5341,162,129,3.853,0.684,0.456,-0.257,0.25,0.55,2.023,1.103,1.176,0.969,0.219,0.099,0.112,1.177,0.086,533.9,299.2,314.6,0.028,0.013,0.009,,,
5186,5186,5186,212076382,09 11 04.150,+21 34 23.85,1,12.985,,,558-047958,09110415+2134240,,STAR,gri,lam,-9.5,4.8,-39.2,2.7,,,13.727,0.05,13.133,0.08,,,13.409,0.04,12.926,0.05,12.803,0.1,,,11.931,0.021,11.623,0.02,11.57,0.02,5905,116,139,4.384,0.07,0.126,-0.185,0.12,0.12,1.04,0.151,0.096,0.992,0.065,0.078,0.85,0.233,0.3,476.6,88.8,54.75,0.03,0.008,0.007,,,
5187,5187,5187,212076416,08 33 09.097,+21 34 26.21,1,12.21,,,558-046487,08330908+2134261,,STAR,BV,,-1.5,1.6,-6.6,3,,,13.16,0.042,12.384,0.031,,,12.802,0.031,,,,,,,11.219,0.025,,,,,,,,,,,,,,,,,,,,,,,,,,,,,,,
5188,5188,5188,212076438,08 27 31.560,+21 34 27.65,1,14.123,,,558-046202,08273156+2134276,,STAR,gri,rpm,-8.1,3,-8.6,2.7,,,15.235,0.02,14.34,0.03,,,14.813,0.038,14.051,0.02,13.828,0.07,,,12.644,0.021,12.232,0.024,12.087,0.02,5135,83,62,4.57,0.025,0.055,-0.051,0.15,0.18,0.798,0.075,0.05,0.868,0.064,0.064,1.704,0.208,0.319,427.1,51.01,33.07,0.034,0.006,0.006,,,
5189,5189,5189,212076466,09 10 10.067,+21 34 29.85,1,13.907,,,558-047931,09101007+2134298,,STAR,gri,rpm,3.3,3.2,-8.5,3.5,,,15.295,0.12,14.268,0.05,,,14.81,0.05,13.85,0.07,13.52,0.09,,,12.38,0.022,11.8,0.027,11.66,0.022,4681,111,139,4.633,0.036,2.292,-0.145,0.2,0.4,0.685,10.369,0.05,0.748,0.229,0.06,2.262,0.396,2.261,293.6,4034,35.05,0.028,0.011,0.006,,,
5190,5190,5190,212076505,09 02 35.249,+21 34 32.96,1,15.514,,,558-047684,09023524+2134331,,STAR,JHK,rpm,-35.4,8.7,-23.4,8.3,,,,,,,,,,,,,,,,,12.998,0.02,12.307,0.021,12.035,0.017,3831,155,217,4.881,0.1,0.05,0.013,0.15,0.18,0.391,0.062,0.099,0.446,0.063,0.138,6.812,4.493,1.401,170.9,27.58,55.08,0.023,0.007,0.006,,,
5191,5191,5191,212076518,08 32 57.648,+21 34 33.61,1,10.576,,1398-1077-1,558-046478,08325764+2134335,,STAR,gri,rpm,-4.6,1.4,-5.8,1.5,,,11.814,0.139,11.015,0.097,,,11.412,0.04,10.528,0.01,10.218,0.06,,,9.019,0.027,8.495,0.024,8.381,0.036,4749,76,76,2.496,0.264,0.132,-0.152,0.15,0.15,11.036,0.659,2.286,1.337,0.427,0.237,0.001,0.001,2.80E-04,966.4,54.91,156.6,0.034,0.013,0.008,,,
5192,5192,5192,212076570,08 57 02.811,+21 34 37.75,1,17.707,,,,08570281+2134377,5038-301-3-0055-0250,EXTENDED,gri,,0,3,1,3,,,,,,,20.634,0.086,18.693,0.01,17.714,0.007,17.285,0.007,16.979,0.018,16.328,0.11,15.602,0.122,15.29,0.134,,,,,,,,,,,,,,,,,,,,,,,,,,,
5193,5193,5193,212076608,08 59 04.395,+21 34 40.22,1,13.863,,,558-047553,08590439+2134402,,STAR,gri,lam,-9,4.9,-14.6,2.7,,,14.634,0.04,13.997,0.06,,,14.271,0.04,13.862,0.06,13.688,0.09,,,12.858,0.022,12.556,0.021,12.537,0.02,5960,144,120,4.345,0.06,0.12,0.012,0.1,0.12,1.138,0.194,0.095,1.085,0.068,0.068,0.685,0.205,0.243,802.6,148.2,80.67,0.033,0.01,0.007,,,
5194,5194,5194,212076631,08 25 54.765,+21 34 41.58,1,14.702,,,558-046129,08255475+2134416,4508-301-3-0092-0141,STAR,gri,rpm,6.6,4.3,-11.1,4.8,,,15.958,0.12,15.009,0.045,,,15.424,0.04,14.597,0.03,14.393,0.078,,,13.345,0.024,12.863,0.025,12.796,0.021,4973,80,80,4.595,0.03,0.036,-0.055,0.15,0.21,0.748,0.048,0.045,0.815,0.043,0.06,1.923,0.26,0.271,530.8,45.88,42.23,0.033,0.008,0.008,,,
5195,5195,5195,212076662,08 31 38.713,+21 34 43.68,1,11.74,,1391-715-1,558-046425,08313871+2134437,,STAR,gri,plx,5.4,1.7,-9.6,1.8,,,12.137,0.166,11.697,0.155,,,12.012,0.05,11.706,0.02,11.623,0.06,,,10.937,0.023,10.756,0.021,10.681,0.02,6492,132,132,4.239,0.07,0.098,-0.063,0.12,0.18,1.407,0.191,0.168,1.259,0.09,0.09,0.45,0.136,0.139,413.6,70.16,70.16,0.032,0.011,0.008,,,
5196,5196,5196,212076668,09 05 13.224,+21 34 44.00,1,12.323,,,558-047770,09051322+2134441,,STAR,gri,rpm,1.7,3.3,2.6,1.4,,,13.671,0.04,12.624,0.06,,,13.148,0.04,12.296,0.08,11.969,0.09,,,10.784,0.023,10.253,0.021,10.155,0.02,4817,76,95,2.51,0.621,0.162,-0.318,0.2,0.24,9.241,2.097,4.237,1.112,0.162,0.135,0.001,0.008,4.79E-04,1905,343.5,838.7,0.035,0.01,0.008,,,
5197,5197,5197,212076775,08 29 46.592,+21 34 50.91,1,12.545,,,558-046326,08294658+2134508,,STAR,gri,rpm,-2.1,0.8,-3.6,1.1,,,13.106,0.02,12.634,0.03,,,12.857,0.05,12.516,0.01,12.412,0.061,,,11.681,0.025,11.441,0.022,11.413,0.018,6289,151,126,4.136,0.155,0.186,-0.122,0.15,0.21,1.512,0.483,0.32,1.219,0.134,0.134,0.323,0.232,0.172,659.2,207.4,134.4,0.031,0.008,0.006,,,
5198,5198,5198,212076788,08 51 35.687,+21 34 51.86,1,11.877,,,558-047280,08513569+2134519,,STAR,gri,lam,-12,1.1,10.7,1.5,,,12.435,0.02,11.958,0.03,,,12.182,0.03,11.838,0.02,11.746,0.03,,,11.006,0.023,10.789,0.024,10.685,0.018,6145,146,97,4.039,0.145,0.145,-0.438,0.12,0.15,1.522,0.398,0.268,1.012,0.142,0.095,0.244,0.175,0.102,469.4,117.7,79.87,0.032,0.008,0.007,,,
5199,5199,5199,212076814,08 56 40.676,+21 34 54.11,1,18.815,,,,08564067+2134541,,STAR,JHK,col,,,,,,,,,,,,,,,,,,,,,16.283,0.118,15.262,0.104,15.307,0.156,4157,264,317,4.8,0.126,0.09,-0.254,0.25,0.3,0.452,0.115,0.118,0.524,0.101,0.141,4.899,4.436,1.625,963.2,351.2,299.9,0.034,0.01,0.007,,,
5200,5200,5200,212076876,09 03 58.478,+21 34 58.53,1,15.66,,,,09035847+2134585,,STAR,JHK,col,,,,,,,,,,,,,,,,,,,,,13.734,0.026,13.175,0.031,12.973,0.025,3675,184,184,4.99,0.08,0.08,-0.063,0.16,0.24,0.284,0.07,0.066,0.312,0.094,0.112,11.44,7.112,3.793,163.7,51.12,51.81,0.021,0.007,0.006,,,
5201,5201,5201,212076921,08 34 45.590,+21 35 01.89,1,17.357,,,,08344559+2135018,,STAR,JHK,rpm,4,5,12,3,,,,,,,,,,,,,,,,,14.832,0.055,14.142,0.066,13.862,0.058,4061,350,291,4.825,0.11,0.11,-0.098,0.16,0.24,0.444,0.115,0.122,0.5,0.121,0.145,4.875,3.834,1.869,485.4,192.4,160.2,0.032,0.008,0.007,,,
5202,5202,5202,212077007,09 09 55.057,+21 35 07.12,1,14.381,,,558-047924,09095505+2135072,5071-301-4-0158-0176,STAR,JHK,rpm,-16.3,4,11.2,4.1,,,,,,,,,,,,,,,,,12.076,0.023,11.449,0.022,11.201,0.018,3721,108,108,4.962,0.045,0.081,0,0.12,0.15,0.317,0.076,0.04,0.35,0.089,0.067,10.27,2.658,3.484,91.74,24.93,17.65,0.014,0.006,0.004,,,
5203,5203,5203,212077057,09 08 01.942,+21 35 10.33,1,12.962,,,558-047866,09080194+2135103,,STAR,gri,rpm,2.8,2.4,2.8,2.9,,,13.618,0.05,13.051,0.09,,,13.33,0.05,12.883,0.09,12.804,0.13,,,12.061,0.027,11.785,0.03,11.755,0.024,6057,181,181,4.18,0.175,0.245,-0.14,0.2,0.28,1.336,0.435,0.28,1.094,0.161,0.134,0.368,0.342,0.201,663.4,235.6,148.4,0.033,0.01,0.007,,,
5204,5204,5204,212077075,09 09 54.021,+21 35 11.51,1,14.498,,,558-047923,09095402+2135115,5071-301-4-0158-0177,STAR,JHK,rpm,-14.8,4.2,9.5,4.2,,,,,,,,,,,,,,,,,12.181,0.023,11.592,0.021,11.302,0.02,3520,125,83,5.01,0.078,0.024,0.043,0.25,0.3,0.259,0.036,0.054,0.252,0.055,0.064,14.43,7.209,2.861,73.61,18.21,8.186,0.013,0.005,0.004,,,
5205,5205,5205,212077104,09 07 57.120,+21 35 12.83,1,10.011,44812,1407-294-1,558-047861,09075712+2135129,,STAR,gri,plx,-6.69,2.23,-4.24,1.62,0.27,1.87,12.063,0.298,10.649,0.088,,,11.344,0.07,10.009,0.09,9.44,0.12,,,7.597,0.023,6.822,0.047,6.528,0.016,3988,95,95,1.256,0.26,0.312,-0.11,0.2,0.32,39.519,17.08,10.223,1.205,0.196,0.229,1.50E-05,2.23E-05,9.98E-06,3704,25650,25650,0.035,0.011,0.007,,,
5206,5206,5206,212077107,09 06 21.501,+21 35 13.01,1,13.084,,,558-047811,09062149+2135130,,STAR,gri,lam,6.5,2.5,0.4,2.4,,,14.246,0.05,13.321,0.05,,,13.783,0.05,13.044,0.08,12.785,0.11,,,11.812,0.024,11.375,0.028,11.275,0.025,5197,155,186,3.74,0.065,0.091,-0.079,0.1,0.14,2.453,0.318,0.282,1.234,0.079,0.127,0.079,0.025,0.022,921.3,87.96,105.5,0.034,0.008,0.006,,,
5207,5207,5207,212077131,09 04 21.164,+21 35 14.27,1,12.74,,,558-047736,09042116+2135144,,STAR,gri,rpm,-30.4,3.3,-20.9,1.9,,,13.95,0.03,13.017,0.06,,,13.491,0.05,12.74,0.04,12.419,0.09,,,11.365,0.022,10.872,0.021,10.803,0.018,5010,79,59,4.586,0.035,1.071,-0.151,0.2,0.36,0.752,2.021,0.044,0.823,0.088,0.063,1.813,0.269,1.786,221.8,513.9,20.44,0.025,0.008,0.006,,,
5208,5208,5208,212077151,08 56 39.716,+21 35 15.40,1,12.803,,,558-047479,08563971+2135153,,STAR,gri,lam,-13.6,1.3,-15.7,2.8,,,13.588,0.03,12.899,0.06,,,13.227,0.05,12.727,0.08,12.622,0.06,,,11.803,0.022,11.527,0.022,11.469,0.02,5961,143,143,4.334,0.075,0.135,0.047,0.12,0.1,1.166,0.204,0.127,1.118,0.069,0.069,0.646,0.216,0.239,514.8,105.8,64.35,0.032,0.01,0.007,,,
5209,5209,5209,212077206,08 55 47.701,+21 35 20.20,1,16.608,,,,08554770+2135202,,STAR,J,col,,,,,,,,,,,,,,,,,,,,,15.174,0.04,14.546,0.043,14.167,0.048,3527,185,260,5.04,0.112,0.08,-0.054,0.16,0.24,0.235,0.076,0.077,0.233,0.118,0.101,17.13,15.51,7.272,230.8,102.8,93,0.025,0.011,0.009,,,
5210,5210,5210,212077235,08 31 10.445,+21 35 22.43,1,13.694,,,558-046399,08311044+2135224,,STAR,gri,rpm,-32.7,2.1,-15.9,2.4,,,15.236,0.07,14.033,0.07,,,14.737,0.03,13.553,0.01,13.247,0.065,,,11.917,0.022,11.337,0.022,11.206,0.02,4204,50,42,4.893,0.02,0.14,-0.528,0.42,0.05,0.397,0.148,0.008,0.454,0.154,0.009,7.192,0.431,3.418,116.3,40.86,3.488,0.011,0.01,0.001,,,
5211,5211,5211,212077278,09 10 12.067,+21 35 25.76,1,15.182,,,558-047934,09101207+2135256,,STAR,gri,rpm,3.9,3.1,-3,3.4,,,16.09,0.01,15.332,0.05,,,15.649,0.05,15.075,0.04,14.981,0.25,,,13.993,0.026,13.554,0.03,13.452,0.033,5355,157,157,4.526,0.055,1.078,-0.41,0.3,0.6,0.843,2.085,0.115,0.857,0.064,0.085,1.443,0.395,1.408,885.7,1925,124.9,0.033,0.008,0.007,,,
5212,5212,5212,212077284,08 56 59.778,+21 35 26.11,1,13.198,,,558-047488,08565978+2135261,,STAR,gri,rpm,10.4,1.3,-18.6,1.7,,,14.247,0.03,13.407,0.06,,,13.822,0.05,13.174,0.07,12.931,0.06,,,11.886,0.022,11.486,0.022,11.38,0.019,5315,128,128,4.539,0.05,0.1,-0.108,0.3,0.42,0.833,0.137,0.08,0.899,0.056,0.09,1.405,0.364,1.294,336.1,459.8,41.75,0.03,0.007,0.007,,,
5213,5213,5213,212077354,09 09 59.458,+21 35 30.58,1,17.525,,,,,5071-301-4-0158-0207,EXTENDED,gri,,-1,2,5,2,,,,,,,19.448,0.072,18.16,0.01,17.588,0.01,17.253,0.009,17.106,0.033,,,,,,,,,,,,,,,,,,,,,,,,,,,,,,,,,
5214,5214,5214,212077375,08 35 44.055,+21 35 31.94,1,16.1,,,,08354405+2135319,,EXTENDED,J,,,,,,,,,,,,,,,,,,,,,,14.703,0.087,13.818,0.094,13.395,0.077,,,,,,,,,,,,,,,,,,,,,,,,,,,
5215,5215,5215,212077448,08 29 21.999,+21 35 36.20,1,17.576,,,,08292199+2135362,,STAR,J,col,,,,,,,,,,,,,,,,,,,,,16.075,0.12,15.309,0.119,14.824,0.105,3796,445,318,4.953,0.125,0.175,-0.168,0.2,0.32,0.306,0.159,0.105,0.338,0.189,0.157,9.786,10.19,5.63,549.3,392.2,261.6,0.031,0.01,0.008,,,
5216,5216,5216,212077457,08 59 17.208,+21 35 36.63,1,13.113,,,558-047563,08591720+2135367,,STAR,gri,lam,38.3,2.3,-50,2.2,,,14.92,0.05,13.647,0.03,,,14.36,0.03,13.126,0.04,12.579,0.09,,,11.232,0.02,10.561,0.021,10.439,0.02,4176,149,149,4.766,0.045,0.054,-0.04,0.12,0.12,0.525,0.061,0.055,0.596,0.058,0.07,3.928,0.961,0.772,111.6,15.94,16.52,0.017,0.004,0.005,,,
5217,5217,5217,212077608,08 26 05.469,+21 35 47.66,1,18.162,,,,08260546+2135476,,STAR,J,col,,,,,,,,,,,,,,,,,,,,,16.612,0.129,15.526,0.111,15.048,0.103,3853,349,419,4.93,0.18,0.15,-0.219,0.24,0.28,0.319,0.14,0.127,0.363,0.172,0.207,8.591,11.64,4.383,727.7,436.3,350.7,0.032,0.01,0.008,,,
5218,5218,5218,212077646,08 53 18.287,+21 35 50.06,1,14.67,,,558-047333,08531828+2135500,5038-301-4-0050-0095,STAR,gri,rpm,0.2,2.7,-1.2,2.5,,,16.028,0.22,14.937,0.02,,,15.447,0.05,14.59,0.04,14.337,0.06,,,13.22,0.023,12.712,0.021,12.617,0.023,4960,59,148,4.623,0.19,1.71,-0.037,0.12,0.36,0.735,4.548,0.268,0.826,0.185,0.069,2.083,1.482,1.497,488.4,2777,173.2,0.031,0.007,0.004,,,
5219,5219,5219,212077699,08 56 42.964,+21 35 52.98,1,17.302,,,,08564296+2135529,5038-301-3-0055-0174,EXTENDED,gri,,1,3,-3,3,,,,,,,19.249,0.029,18.074,0.006,17.428,0.006,16.971,0.006,16.753,0.035,15.571,0.059,14.921,0.082,14.435,0.073,,,,,,,,,,,,,,,,,,,,,,,,,,,
5220,5220,5220,212077704,08 57 15.962,+21 35 53.31,1,16.74,,,,08571596+2135533,5038-301-3-0056-0217,EXTENDED,gri,,1,3,4,3,,,,,,,19.697,0.05,17.721,0.006,16.748,0.005,16.319,0.005,15.974,0.01,15.414,0.067,14.815,0.099,14.367,0.079,,,,,,,,,,,,,,,,,,,,,,,,,,,
5221,5221,5221,212077721,09 09 30.220,+21 35 54.32,1,17.43,,,,09093022+2135543,,STAR,JHK,col,,,,,,,,,,,,,,,,,,,,,15.67,0.056,15.123,0.073,14.962,0.105,4071,764,509,4.849,0.16,0.224,-0.28,0.25,0.35,0.398,0.221,0.164,0.466,0.208,0.208,5.403,9.615,3.098,654.9,559,342.6,0.032,0.008,0.007,,,
5222,5222,5222,212077766,09 08 38.462,+21 35 56.23,1,15.228,,,558-047889,09083846+2135561,5071-301-4-0156-0057,STAR,gri,rpm,1.8,4.5,-2.7,4.8,,,16.4,0.01,15.482,0.11,,,15.947,0.06,15.123,0.12,14.92,0.15,,,13.75,0.029,13.232,0.032,13.141,0.031,4919,145,145,4.594,0.048,1.376,-0.238,0.25,0.4,0.742,3.248,0.072,0.791,0.113,0.081,1.859,0.492,1.845,631,2679,80.15,0.034,0.01,0.007,,,
5223,5223,5223,212077812,08 58 04.094,+21 35 58.61,1,17.267,,,,08580409+2135586,5045-301-2-0157-0156,EXTENDED,gri,,-3,3,-4,3,,,,,,,20.119,0.076,18.262,0.009,17.267,0.006,16.841,0.006,16.474,0.013,15.844,0.084,15.234,0.095,14.889,0.115,,,,,,,,,,,,,,,,,,,,,,,,,,,
5224,5224,5224,212077813,09 05 43.031,+21 35 58.65,1,15.085,,,558-047789,09054302+2135588,5038-301-1-0068-0075,STAR,gri,rpm,-2.9,4.4,-3.8,4.7,,,16.093,0.06,15.376,0.1,,,15.747,0.09,15.066,0.11,14.801,0.12,,,13.879,0.027,13.358,0.037,13.298,0.036,5002,147,147,4.584,0.045,1.467,-0.292,0.24,0.54,0.761,3.854,0.085,0.798,0.112,0.08,1.788,0.473,1.779,714.3,3478,114.1,0.034,0.008,0.007,,,
5225,5225,5225,212077865,08 51 23.119,+21 36 01.84,1,13.789,,,559-046740,08512312+2136019,,STAR,gri,rpm,-4.3,2,-2.9,2.2,,,14.877,0.02,13.999,0.05,,,14.44,0.04,13.731,0.03,13.509,0.02,,,12.501,0.025,12.055,0.024,11.94,0.022,5066,124,62,3.591,0.847,0.605,-0.35,0.35,0.35,2.678,2.332,1.811,0.983,0.202,0.112,0.045,1.122,0.039,1343,1329,916.4,0.033,0.007,0.007,,,
5226,5226,5226,212077866,09 04 45.431,+21 36 01.86,1,10.69,,1407-1846-1,559-047171,09044543+2136018,,STAR,gri,rpm,-4.2,1.3,30.9,1.3,,,11.333,0.09,10.761,0.085,,,11.117,0.04,10.713,0.04,10.507,0.09,,,9.705,0.022,9.414,0.021,9.323,0.018,5980,142,95,4.171,0.225,0.27,-0.102,0.2,0.24,1.366,0.516,0.32,1.099,0.142,0.119,0.354,0.43,0.194,231.6,89.27,64.43,0.026,0.007,0.006,,,
5227,5227,5227,212077917,08 31 22.531,+21 36 05.10,1,14.844,,,559-045903,08312252+2136050,6597-301-4-0220-0150,STAR,gri,rpm,3.1,2.7,-0.4,3,,,16.154,0.072,15.158,0.048,,,15.608,0.13,14.802,0.01,14.517,0.081,,,13.354,0.025,12.764,0.024,12.64,0.029,4706,112,112,4.614,0.045,2.889,-0.285,0.25,1,0.707,14.159,0.07,0.765,0.148,0.082,2.054,0.58,2.054,479.2,9207,65.66,0.032,0.011,0.007,,,
5228,5228,5228,212077957,08 30 58.304,+21 36 07.70,1,17.78,,,,08305830+2136077,,STAR,J,col,,,,,,,,,,,,,,,,,,,,,16.264,0.123,15.478,0.129,14.779,0.115,3690,421,301,4.989,0.12,0.144,-0.139,0.2,0.28,0.282,0.147,0.096,0.282,0.2,0.125,12.83,13.06,7.304,532,394.6,226.6,0.032,0.01,0.008,,,
5229,5229,5229,212077970,08 54 23.617,+21 36 09.23,1,13.403,,,559-046852,08542361+2136093,,STAR,gri,rpm,-9.2,1.9,-3.1,2.2,,,14.53,0.01,13.604,0.01,,,14.099,0.02,13.339,0.03,13.105,0.03,,,12.067,0.023,11.554,0.02,11.498,0.02,4932,79,79,3.326,0.324,0.81,-0.374,0.25,0.4,3.686,4.619,1.084,0.998,0.205,0.103,0.019,0.037,0.018,1384,1635,393.2,0.032,0.008,0.006,,,
5230,5230,5230,212078166,09 09 02.153,+21 36 20.92,1,14.052,,,559-047317,09090214+2136207,5071-301-4-0157-0018,STAR,gri,rpm,-6.1,4.8,-2.5,5.1,,,15.242,0.04,14.289,0.08,,,14.793,0.07,14.002,0.09,13.734,0.12,,,12.667,0.029,12.141,0.03,12.076,0.022,4929,145,116,3.518,1.048,0.786,-0.306,0.3,0.42,2.667,3.426,1.994,0.9,0.207,0.115,0.034,1.543,0.031,1523,1862,1171,0.032,0.01,0.006,,,
5231,5231,5231,212078253,08 59 41.001,+21 36 26.04,1,18.188,,,,08594100+2136260,,STAR,JHK,col,,,,,,,,,,,,,,,,,,,,,15.95,0.07,15.385,0.08,15.096,0.105,3821,612,306,4.928,0.125,0.2,-0.185,0.2,0.36,0.318,0.214,0.111,0.344,0.225,0.161,8.484,8.838,4.881,532,503.4,226.6,0.031,0.008,0.007,,,
5232,5232,5232,212078312,08 56 36.107,+21 36 29.60,1,12.475,,,559-046928,08563610+2136295,,STAR,gri,rpm,-6.1,1.9,-7.4,1.3,,,13.049,0.03,12.531,0.06,,,12.777,0.05,12.44,0.07,12.346,0.07,,,11.626,0.022,11.414,0.021,11.4,0.023,6388,190,152,4.208,0.102,0.136,-0.067,0.12,0.22,1.414,0.243,0.158,1.226,0.136,0.113,0.417,0.18,0.159,602.1,112.2,82.02,0.034,0.009,0.009,,,
5233,5233,5233,212078320,08 33 15.636,+21 36 30.17,1,17.6,,,,08331563+2136301,,STAR,J,col,,,,,,,,,,,,,,,,,,,,,16.097,0.107,15.403,0.128,15.058,0.121,3865,493,352,4.901,0.145,0.174,-0.208,0.24,0.32,0.352,0.166,0.131,0.385,0.185,0.185,7.338,8.716,3.984,619,444.4,258.7,0.032,0.008,0.007,,,
5234,5234,5234,212078341,08 35 27.578,+21 36 31.71,1,16.696,,,,08352757+2136317,,STAR,J,rpm,4,1,10,3,,,,,,,,,,,,,,,,,15.255,0.063,14.542,0.079,14.182,0.079,4015,321,321,4.827,0.132,0.11,-0.132,0.2,0.24,0.445,0.114,0.136,0.493,0.116,0.162,5.417,5.243,2.077,570.4,220.6,209.5,0.032,0.008,0.007,,,
5235,5235,5235,212078356,09 09 49.529,+21 36 32.81,1,11.123,,1407-1193-1,559-047339,09094952+2136327,,STAR,gri,rpm,11.9,1.4,-21.3,1.5,,,11.918,0.154,11.381,0.131,,,11.505,0.07,11.072,0.09,10.959,0.1,,,10.279,0.022,10.02,0.021,9.936,0.02,6094,183,146,4.188,0.18,0.216,-0.063,0.16,0.24,1.37,0.503,0.274,1.154,0.142,0.119,0.394,0.348,0.21,313.1,101.9,65.54,0.029,0.008,0.006,,,
5236,5236,5236,212078447,09 09 15.243,+21 36 38.73,1,12.691,,,559-047323,09091524+2136387,,STAR,gri,rpm,-4.4,0.9,-3.6,2.2,,,13.251,0.05,12.764,0.07,,,12.983,0.07,12.643,0.08,12.567,0.11,,,11.943,0.024,11.751,0.032,11.663,0.021,6404,157,196,4.113,0.162,0.135,-0.1,0.18,0.18,1.596,0.368,0.351,1.266,0.181,0.151,0.303,0.261,0.14,801.1,193.6,183.2,0.034,0.008,0.008,,,
5237,5237,5237,212078456,08 32 25.862,+21 36 40.06,1,11.484,,,559-045944,08322585+2136401,,STAR,gri,rpm,-15.6,1.2,-7,1.1,,,12.321,0.02,11.614,0.04,,,11.969,0.05,11.434,0.02,11.276,0.06,,,10.413,0.023,10.118,0.025,10.064,0.026,5817,137,137,4.222,0.23,0.368,0.015,0.15,0.18,1.243,0.818,0.304,1.081,0.183,0.091,0.481,0.609,0.371,286,177.4,74.47,0.03,0.011,0.008,,,
5238,5238,5238,212078577,09 08 16.756,+21 36 49.26,1,12.808,,,559-047293,09081675+2136491,,STAR,gri,rpm,-15.1,2.5,-6.5,3.1,,,14.003,0.04,13.051,0.07,,,13.561,0.06,12.739,0.09,12.486,0.12,,,11.459,0.022,10.996,0.031,10.863,0.019,5001,147,118,3.486,0.98,0.294,-0.288,0.3,0.36,3.066,0.953,2.118,0.998,0.209,0.125,0.032,0.872,0.02,936.4,304.9,322.8,0.032,0.008,0.007,,,
5239,5239,5239,212078628,08 55 51.834,+21 36 53.02,1,14.766,,,559-046896,08555183+2136528,5045-301-3-0154-0252,STAR,gri,rpm,-21.8,3.2,13.9,3.2,,,17.403,0.13,15.674,0.057,,,16.573,0.07,15.184,0.09,13.992,0.06,,,12.1,0.02,11.49,0.021,11.241,0.018,3593,65,109,4.999,0.032,0.02,0.026,0.2,0.08,0.29,0.006,0.041,0.3,0.016,0.059,12.69,2.923,1.01,82.42,5.287,12.3,0.015,0.005,0.004,,,
5240,5240,5240,212078650,08 27 08.563,+21 36 54.71,1,18.591,,,,08270856+2136547,,STAR,JHK,col,,,,,,,,,,,,,,,,,,,,,15.816,0.089,14.952,0.087,14.668,0.09,4062,288,346,4.823,0.147,0.105,-0.164,0.2,0.28,0.439,0.109,0.144,0.486,0.112,0.18,5.742,6.255,2.438,738.2,287.9,302.3,0.033,0.011,0.008,,,
5241,5241,5241,212078675,08 31 30.822,+21 36 56.26,1,14.41,,,559-045911,08313081+2136562,6597-301-4-0221-0017,STAR,gri,rpm,-21.9,8.8,-16.5,2.6,,,15.682,0.05,14.718,0.01,,,15.222,0.07,14.435,0.01,14.062,0.073,,,13.098,0.023,12.609,0.024,12.509,0.022,4940,98,98,4.614,0.042,0.035,-0.216,0.2,0.32,0.711,0.061,0.067,0.762,0.062,0.086,2.069,0.441,0.308,443.2,46.13,49.65,0.031,0.01,0.006,,,
5242,5242,5242,212078728,08 58 20.445,+21 36 59.94,1,17.841,,,,08582044+2136599,5045-301-2-0158-0075,EXTENDED,gri,,-1,3,3,3,,,,,,,20.208,0.073,18.595,0.01,17.884,0.008,17.518,0.009,17.253,0.022,16.464,0.122,15.772,0.133,15.669,0.186,,,,,,,,,,,,,,,,,,,,,,,,,,,
5243,5243,5243,212078736,08 26 45.230,+21 37 00.84,1,14.207,,,559-045702,08264523+2137008,4508-301-3-0093-0147,STAR,JHK,rpm,-8.4,4.3,-21.9,4.8,,,,,,,,,,,,,,,,,11.949,0.02,11.348,0.022,11.089,0.017,3649,127,127,4.993,0.126,0.07,-0.088,0.15,0.3,0.276,0.06,0.097,0.287,0.093,0.109,12.49,12.43,4.237,74.79,19.58,37.56,0.012,0.006,0.006,,,
5244,5244,5244,212078759,08 31 17.976,+21 37 02.84,1,17.589,,,,08311797+2137028,,STAR,JHK,col,,,,,,,,,,,,,,,,,,,,,15.682,0.064,15.156,0.086,14.927,0.113,3954,863,392,4.878,0.155,0.248,-0.227,0.25,0.4,0.373,0.232,0.143,0.414,0.283,0.202,7.065,9.307,4.887,579.2,648.9,269.6,0.031,0.01,0.008,,,
5245,5245,5245,212078761,08 58 45.707,+21 37 02.94,1,19.609,,,,,5045-301-2-0158-0549,EXTENDED,gri,,,,,,,,,,,,21.327,0.324,20.044,0.047,19.698,0.057,19.422,0.069,19.196,0.208,,,,,,,,,,,,,,,,,,,,,,,,,,,,,,,,,
5246,5246,5246,212078765,08 54 32.422,+21 37 03.09,1,14.509,,,559-046862,08543241+2137032,5045-301-3-0152-0105,STAR,gri,lam,3.8,2.8,-30.6,3.1,,,15.39,0.01,14.696,0.06,,,15.038,0.01,14.5,0.09,14.282,0.076,,,14.182,0.031,13.797,0.033,13.73,0.046,5568,111,89,3.641,0.075,0.09,-1.231,0.12,0.3,2.266,0.23,0.175,0.863,0.017,0.052,0.07,0.019,0.018,2645,241.9,113.2,0.033,0.008,0.006,,,
5247,5247,5247,212078890,08 54 26.542,+21 37 13.28,1,12.887,,,559-046854,08542654+2137133,,STAR,gri,rpm,-13.6,1.3,-5,1.6,,,13.695,0.01,12.987,0.02,,,13.395,0.01,12.806,0.03,12.669,0.05,,,11.83,0.022,11.483,0.021,11.455,0.02,5557,112,112,4.493,0.02,0.516,-0.043,0.1,0.22,0.917,0.798,0.023,0.978,0.076,0.048,1.233,0.088,1.028,378.7,324.2,17.38,0.029,0.007,0.007,,,
5248,5248,5248,212078930,08 50 58.813,+21 37 16.40,1,15.462,,,559-046720,08505881+2137166,5045-301-4-0147-0067,STAR,gri,rpm,-1.3,2.9,-0.8,3.2,,,16.555,0.09,15.66,0.06,,,16.118,0.05,15.369,0.01,15.181,0.11,,,14.036,0.027,13.566,0.025,13.49,0.026,5067,100,100,4.567,0.045,1.026,-0.215,0.25,0.35,0.771,1.927,0.068,0.83,0.093,0.078,1.717,0.425,1.672,781.6,1932,86.6,0.033,0.008,0.008,,,
5249,5249,5249,212078987,08 57 12.424,+21 37 19.95,1,15.265,,,559-046951,08571242+2137199,5038-301-3-0056-0047,STAR,gri,rpm,-2.9,4.4,-2.6,4.8,,,16.308,0.06,15.516,0.12,,,15.903,0.06,15.228,0.11,14.992,0.1,,,13.946,0.026,13.538,0.034,13.402,0.028,5309,214,171,4.544,0.045,0.63,-0.222,0.24,0.4,0.816,1.048,0.082,0.86,0.069,0.083,1.567,0.339,0.822,837.1,1153,103,0.035,0.01,0.007,,,
5250,5250,5250,212079019,09 05 21.949,+21 37 21.87,1,16.012,,,,,5038-301-1-0067-0323,EXTENDED,gri,,-2,3,13,3,,,,,,,17.633,0.026,16.465,0.022,15.997,0.009,15.818,0.013,15.639,0.026,,,,,,,,,,,,,,,,,,,,,,,,,,,,,,,,,
5251,5251,5251,212079043,08 57 36.038,+21 37 23.85,1,14.508,,,559-046967,08573604+2137238,5038-301-3-0056-0152,STAR,gri,rpm,-5.6,3.4,3.2,1.8,,,15.912,0.03,14.829,0.07,,,15.389,0.08,14.459,0.08,14.13,0.1,,,12.949,0.021,12.478,0.021,12.369,0.022,4996,118,118,4.559,0.054,1.278,-0.125,0.16,0.44,0.793,2.992,0.081,0.849,0.262,0.065,1.646,0.356,1.628,488,1758,67.84,0.032,0.011,0.009,,,
5252,5252,5252,212079090,08 56 25.130,+21 37 27.87,1,14.432,,,559-046923,08562513+2137277,5038-301-3-0055-0022,STAR,gri,rpm,0.3,3.6,-4.2,3.1,,,15.484,0.03,14.614,0.05,,,15.045,0.06,14.398,0.07,14.17,0.01,,,13.298,0.025,12.882,0.022,12.794,0.031,5266,159,127,4.515,0.066,0.924,-0.232,0.25,0.45,0.86,1.738,0.111,0.894,0.132,0.088,1.402,0.384,1.348,662.7,1252,107.4,0.033,0.008,0.007,,,
5253,5253,5253,212079154,09 10 12.561,+21 37 32.03,1,15.354,,,559-047352,09101256+2137320,5071-301-4-0158-0105,STAR,gri,rpm,0.9,3.1,-6.3,3.4,,,16.352,0.04,15.481,0.07,,,15.97,0.06,15.245,0.06,15.09,0.16,,,14.076,0.026,13.652,0.03,13.525,0.035,5200,157,126,4.559,0.04,0.072,-0.18,0.2,0.36,0.783,0.102,0.066,0.839,0.064,0.076,1.674,0.316,0.404,833.4,145.8,90.63,0.034,0.01,0.007,,,
5254,5254,5254,212079180,08 30 26.677,+21 37 33.46,1,14.539,,,559-045864,08302669+2137335,4508-301-2-0098-0201,STAR,gri,col,,,,,,,15.179,0.21,14.66,0.04,,,15.002,0.07,14.463,0.049,14.34,0.077,,,13.419,0.025,13.059,0.027,12.965,0.029,5626,165,165,4.484,0.06,0.132,-0.26,0.24,0.36,0.886,0.191,0.102,0.902,0.089,0.107,1.19,0.343,0.508,752.4,200.1,103.1,0.033,0.01,0.007,,,
5255,5255,5255,212079200,08 50 49.126,+21 37 34.34,1,13.771,,,559-046710,08504912+2137345,,STAR,gri,rpm,-0.8,1.8,-8.1,3.2,,,14.899,0.03,14.009,0.03,,,14.479,0.02,13.758,0.05,13.468,0.04,,,12.433,0.022,11.952,0.025,11.88,0.02,5016,99,99,3.32,0.775,0.775,-0.39,0.25,0.3,3.038,4.1,1.948,0.968,0.193,0.128,0.023,0.545,0.02,1433,1797,973.4,0.033,0.012,0.007,,,
5256,5256,5256,212079231,08 26 19.288,+21 37 36.69,1,12.249,,1391-81-1,559-045683,08261924+2137366,,STAR,gri,rpm,12.4,1.7,-9.7,2.1,,,12.587,0.266,12.85,0.343,,,12.654,0.07,12.203,0.01,12.075,0.061,,,11.278,0.021,10.996,0.022,10.941,0.018,6023,145,145,4.23,0.14,0.28,-0.07,0.16,0.36,1.257,0.553,0.192,1.094,0.101,0.122,0.493,0.298,0.319,445.1,162.3,83.3,0.032,0.016,0.006,,,
5257,5257,5257,212079338,08 32 04.778,+21 37 43.29,1,15.507,,,,08320477+2137432,6597-301-4-0221-0219,EXTENDED,gri,,0,2,2,2,,,,,,,17.342,0.012,16.178,0.003,15.617,0.003,15.219,0.003,15.002,0.006,14.489,0.062,13.68,0.061,13.338,0.053,,,,,,,,,,,,,,,,,,,,,,,,,,,
5258,5258,5258,212079366,09 07 32.961,+21 37 45.09,1,8.988,,1407-498-1,559-047268,09073297+2137451,,STAR,gri,rpm,-36,0.9,-11.2,0.9,,,10.052,0.041,9.114,0.024,,,9.891,0.03,9.005,0.04,8.601,0.06,,,7.428,0.021,6.904,0.036,6.823,0.017,4718,75,75,2.456,0.437,0.114,-0.227,0.15,0.15,10.755,0.737,4.358,1.126,0.229,0.114,9.38E-04,0.003,2.46E-04,434.5,50.78,155.3,0.031,0.008,0.006,,,
5259,5259,5259,212079368,08 51 12.252,+21 37 45.22,1,15.082,,,559-046735,08511225+2137454,5045-301-4-0147-0098,STAR,gri,rpm,-1.6,2.9,-3.8,3.2,,,16.373,0.05,15.414,0.02,,,15.855,0.06,15.061,0.04,14.75,0.11,,,13.573,0.025,13.066,0.032,12.933,0.022,4941,98,118,4.579,0.045,1.449,-0.18,0.2,0.4,0.772,3.805,0.085,0.821,0.155,0.07,1.797,0.389,1.786,607.3,2756,77.14,0.034,0.01,0.008,,,
5260,5260,5260,212079383,08 32 26.989,+21 37 45.94,1,12.115,,,559-045945,08322698+2137459,,STAR,gri,rpm,-4.7,1.5,2.4,1.4,,,13.51,0.01,12.405,0.02,,,12.978,0.04,12.077,0.02,11.745,0.06,,,10.51,0.023,9.972,0.021,9.833,0.018,4706,92,55,2.514,0.434,0.155,-0.173,0.12,0.18,9.561,2.169,3.827,1.2,0.212,0.151,0.001,0.004,4.47E-04,1679,358.2,609.7,0.034,0.011,0.007,,,
5261,5261,5261,212079388,08 29 59.834,+21 37 46.16,1,17.461,,,,08295983+2137461,,STAR,J,col,,,,,,,,,,,,,,,,,,,,,15.968,0.094,15.082,0.106,14.65,0.101,3944,349,419,4.898,0.156,0.13,-0.213,0.25,0.3,0.371,0.128,0.14,0.411,0.148,0.208,7.406,9.717,3.336,620.2,396.8,271.9,0.032,0.01,0.008,,,
5262,5262,5262,212079402,08 54 29.785,+21 37 47.08,1,12.561,,,559-046859,08542978+2137471,,STAR,gri,rpm,-23.1,1.3,15.6,1.4,,,13.467,0.01,12.716,0.02,,,13.14,0.031,12.532,0.04,12.313,0.02,,,11.526,0.023,11.13,0.02,11.102,0.02,5387,130,98,4.545,0.025,0.115,-0.178,0.16,0.32,0.839,0.76,0.088,0.882,0.065,0.092,1.492,0.241,0.827,282.1,63.37,27.18,0.026,0.013,0.005,,,
5263,5263,5263,212079425,09 10 50.345,+21 37 48.81,1,12.328,,1407-580-1,559-047372,09105032+2137488,,STAR,gri,rpm,2,2.3,-2.6,2.5,,,12.811,0.273,12.092,0.192,,,12.637,0.07,12.284,0.08,12.196,0.08,,,11.446,0.021,11.181,0.019,11.151,0.018,6197,148,185,4.173,0.155,0.217,-0.117,0.15,0.24,1.391,0.555,0.237,1.162,0.15,0.15,0.376,0.248,0.209,533.5,181.9,100.8,0.033,0.008,0.007,,,
5264,5264,5264,212079499,08 34 26.118,+21 37 54.61,1,11.328,,,559-046056,08342612+2137546,,STAR,BV,rpm,3.5,1.5,-4,1.9,,,12.701,0.041,11.542,0.03,,,12.166,0.03,,,,,,,9.823,0.025,9.279,0.025,9.186,0.019,4745,114,114,2.458,0.396,0.108,-0.275,0.2,0.28,10.806,1.032,3.851,1.167,0.22,0.183,9.10E-04,0.002,2.38E-04,1364,126.1,447.7,0.034,0.008,0.008,,,
5265,5265,5265,212079507,08 59 05.256,+21 37 54.97,1,17.075,,,,08590525+2137549,5071-301-6-0142-0178,EXTENDED,gri,,-4,3,10,3,,,,,,,19.239,0.037,17.883,0.006,17.187,0.005,16.728,0.005,16.475,0.011,15.65,0.073,14.916,0.07,14.691,0.085,,,,,,,,,,,,,,,,,,,,,,,,,,,
5266,5266,5266,212079571,08 34 04.319,+21 38 00.11,1,11.854,,,559-046033,08340431+2138000,,STAR,BV,rpm,2.4,1.1,-3.4,1.2,,,12.771,0.041,12.019,0.03,,,12.418,0.03,,,,,,,10.918,0.022,10.62,0.021,10.58,0.022,6002,178,142,4.098,0.276,0.23,-0.095,0.2,0.24,1.446,0.514,0.442,1.108,0.158,0.131,0.311,0.553,0.178,435.9,150,127.2,0.031,0.008,0.007,,,
5267,5267,5267,212079575,08 57 13.623,+21 38 00.45,1,13.732,,,559-046953,08571362+2138005,,STAR,gri,lam,20.8,1.9,-10.4,1.9,,,14.791,0.04,13.97,0.05,,,14.368,0.05,13.701,0.06,13.459,0.09,,,12.456,0.021,12.013,0.018,11.922,0.022,5323,189,158,4.566,0.036,0.03,-0.369,0.15,0.18,0.759,0.047,0.044,0.794,0.046,0.046,1.74,0.304,0.189,386.4,36.3,33.18,0.033,0.009,0.009,,,
5268,5268,5268,212079585,08 52 51.576,+21 38 01.13,1,12.801,,,559-046785,08525158+2138012,,STAR,gri,lam,-12.4,1.2,-5.3,1.3,,,13.446,0.01,12.87,0.04,,,13.15,0.02,12.746,0.03,12.651,0.04,,,11.924,0.023,11.678,0.021,11.592,0.019,6216,149,186,4.264,0.095,0.114,-0.027,0.1,0.1,1.29,0.195,0.143,1.174,0.073,0.073,0.519,0.197,0.167,619.5,97.71,84.4,0.032,0.013,0.007,,,
5269,5269,5269,212079601,08 32 53.541,+21 38 02.16,1,15.313,,,559-045966,08325353+2138022,6728-301-3-0129-0206,STAR,JHK,rpm,-6.7,6.7,-31,6.5,,,,,,,,,,,,,,,,,12.96,0.025,12.316,0.022,12.069,0.019,3757,142,199,4.956,0.072,0.084,-0.011,0.12,0.21,0.315,0.085,0.067,0.344,0.106,0.085,9.9,5.084,3.359,130.6,41.58,36.87,0.018,0.007,0.006,,,
5270,5270,5270,212079717,09 09 05.579,+21 38 10.24,1,14.717,,,559-047320,09090557+2138102,5071-301-4-0157-0040,STAR,gri,rpm,-42.5,4.7,12.4,4.9,,,,,15.659,0.057,,,16.444,0.02,15.042,0.07,13.976,0.1,,,12.319,0.028,11.675,0.032,11.451,0.019,3593,143,43,4.997,0.05,0.07,0.055,0.08,0.16,0.274,0.061,0.042,0.29,0.101,0.056,12.94,4.515,3.904,78.39,26.48,13.04,0.013,0.005,0.004,,,
5271,5271,5271,212079776,08 59 52.504,+21 38 15.00,1,11.842,,,559-047027,08595250+2138150,,STAR,gri,lam,2.3,1.3,5.7,2.2,,,12.711,0.04,12.023,0.04,,,12.336,0.04,11.851,0.04,11.629,0.1,,,10.722,0.02,10.41,0.021,10.343,0.019,5683,136,170,4.475,0.035,0.056,-0.047,0.12,0.1,0.946,0.086,0.057,0.983,0.06,0.05,1.134,0.168,0.225,238.6,31.6,23.49,0.026,0.007,0.006,,,
5272,5272,5272,212079837,08 33 24.227,+21 38 18.37,1,15.627,,,559-045995,08332421+2138183,4508-301-1-0102-0177,STAR,JHK,rpm,-0.2,2.7,-6,3,,,,,,,,,,,,,,,,,14.271,0.03,13.828,0.033,13.745,0.04,5217,246,205,4.565,0.045,0.729,-0.276,0.25,0.4,0.784,1.232,0.071,0.823,0.085,0.07,1.668,0.337,1.559,919.8,1510,134,0.032,0.008,0.007,,,
5273,5273,5273,212079855,08 27 51.239,+21 38 20.20,1,15.254,,,559-045756,08275123+2138201,4508-301-3-0095-0080,STAR,BV,rpm,1,4,4.7,4.8,,,16.345,0.12,15.467,0.053,,,16,0.051,,,,,,,13.762,0.024,13.279,0.026,13.139,0.026,5024,146,146,4.58,0.045,1.269,-0.238,0.25,0.5,0.76,2.733,0.072,0.817,0.092,0.077,1.763,0.381,1.745,666.2,2303,84.63,0.034,0.01,0.007,,,
5274,5274,5274,212079859,08 51 55.432,+21 38 20.52,1,15.726,,,559-046756,08515543+2138204,5038-301-4-0048-0266,STAR,JHK,rpm,-72.2,4.2,-37.3,4.3,,,,,,,,,,,,,,,,,13.581,0.023,12.956,0.024,12.755,0.024,3783,231,192,4.959,0.08,0.08,-0.174,0.2,0.32,0.316,0.074,0.08,0.348,0.095,0.114,10.12,6.068,3.278,168.2,64.21,46.47,0.021,0.008,0.008,,,
5275,5275,5275,212079862,08 28 18.048,+21 38 20.71,1,15.165,,,559-045770,08281804+2138205,6728-301-4-0122-0153,STAR,BV,rpm,1.2,4.1,2.7,4.8,,,16.202,0.07,15.363,0.03,,,,,,,,,,,13.834,0.026,13.404,0.039,13.259,0.028,5229,251,209,4.541,0.055,0.935,-0.238,0.25,0.5,0.827,1.842,0.103,0.848,0.081,0.081,1.536,0.398,1.48,787.7,1607,118.8,0.034,0.01,0.007,,,
5276,5276,5276,212079872,08 31 30.074,+21 38 21.50,1,11.085,,1391-877-1,559-045910,08313007+2138214,,STAR,gri,plx,-25.9,1.4,18.5,1.4,,,11.738,0.088,11.439,0.108,,,11.478,0.05,11.056,0.01,10.916,0.06,,,10.112,0.022,9.801,0.023,9.75,0.02,5993,118,94,4.216,0.125,0.15,-0.132,0.2,0.24,1.3,0.239,0.17,1.054,0.092,0.11,0.448,0.238,0.179,264.8,35.15,35.15,0.027,0.01,0.006,,,
5277,5277,5277,212079878,08 54 46.691,+21 38 21.78,1,15.146,,,559-046864,08544668+2138218,5045-301-3-0153-0008,STAR,gri,rpm,2.2,3.1,-2.8,3,,,16.563,0.082,15.356,0.051,,,16.034,0.03,15.147,0.04,14.765,0.086,,,13.74,0.026,13.151,0.024,13.083,0.029,4700,93,74,4.637,0.036,1.974,-0.238,0.25,0.3,0.677,6.972,0.05,0.745,0.088,0.075,2.322,0.344,2.32,542.7,5480,46.61,0.032,0.008,0.007,,,
5278,5278,5278,212079933,08 53 09.375,+21 38 25.39,1,16.966,,,,08530937+2138253,5038-301-4-0050-0237,STAR,gri,rpm,-5,3,-54,3,,,,,,,20.187,0.04,17.92,0.006,16.937,0.005,16.557,0.005,16.335,0.009,15.264,0.047,14.568,0.048,14.427,0.066,4424,71,53,4.851,0.04,0.048,-0.981,0.25,0.3,0.43,0.038,0.03,0.489,0.03,0.03,5.96,1.123,1.115,624.1,48.34,44.87,0.031,0.031,0.004,,,
5279,5279,5279,212080001,08 33 57.654,+21 38 29.60,1,17.6,,,,08335765+2138296,,STAR,JHK,col,,,,,,,,,,,,,,,,,,,,,15.472,0.059,14.926,0.054,14.651,0.077,3731,578,262,4.966,0.105,0.189,-0.157,0.2,0.32,0.303,0.175,0.096,0.327,0.242,0.135,11.08,9.555,6.985,401.7,409.4,158.5,0.03,0.01,0.008,,,
5280,5280,5280,212080002,09 05 54.637,+21 38 29.64,1,19.834,,,,,5038-301-1-0068-0140,STAR,gri,,-8,3,-21,3,,,,,,,19.425,0.023,19.505,0.012,19.944,0.019,20.23,0.033,20.438,0.132,,,,,,,,,,,,,,,,,,,,,,,,,,,,,,,,,
5281,5281,5281,212080003,08 32 56.685,+21 38 29.65,1,17.903,,,,08325668+2138296,6728-301-3-0129-0212,STAR,gri,rpm,-37,3,-17,3,,,,,,,23.554,0.529,19.876,0.016,18.409,0.008,17.057,0.006,16.314,0.008,14.953,0.042,14.358,0.05,14.091,0.052,3508,126,105,5.062,0.04,0.04,-0.032,0.16,0.24,0.223,0.035,0.03,0.213,0.038,0.038,18.2,5.139,3.407,203.5,35.6,35.8,0.025,0.01,0.006,,,
5282,5282,5282,212080019,09 05 50.706,+21 38 31.00,1,15.344,,,559-047210,09055070+2138311,5038-301-1-0068-0118,STAR,gri,rpm,0.7,4.5,2.8,4.7,,,16.345,0.08,15.572,0.1,,,15.908,0.05,15.334,0.11,15.102,0.13,,,14.286,0.032,13.905,0.042,13.749,0.047,5480,256,213,4.505,0.06,0.192,-0.276,0.25,0.35,0.844,0.223,0.094,0.87,0.087,0.087,1.313,0.467,0.699,1055,394.5,154.9,0.034,0.01,0.007,,,
5283,5283,5283,212080020,09 03 44.569,+21 38 31.04,1,17.42,,,,09034456+2138310,,STAR,J,col,,,,,,,,,,,,,,,,,,,,,15.93,0.096,15.009,0.101,14.539,0.102,3912,321,385,4.898,0.156,0.13,-0.168,0.2,0.28,0.363,0.153,0.136,0.407,0.147,0.205,7.483,9.542,3.784,652.4,328.2,312.5,0.033,0.01,0.008,,,
5284,5284,5284,212080024,08 52 01.095,+21 38 31.10,1,18.003,,,,,5038-301-4-0049-0078,EXTENDED,gri,,1,3,2,3,,,,,,,19.927,0.062,18.546,0.01,18.054,0.01,17.77,0.012,17.555,0.037,,,,,,,,,,,,,,,,,,,,,,,,,,,,,,,,,
5285,5285,5285,212080072,09 08 39.158,+21 38 33.63,1,14.778,,,559-047310,09083915+2138335,,STAR,gri,rpm,2.3,4.6,-8.2,4.9,,,15.974,0.09,15.011,0.08,,,15.538,0.02,14.706,0.11,14.453,0.16,,,13.448,0.029,13.019,0.03,12.891,0.028,5118,154,154,4.568,0.04,0.72,-0.14,0.2,0.32,0.79,1.462,0.061,0.842,0.072,0.072,1.688,0.295,1.582,620.9,1132,78.63,0.035,0.008,0.007,,,
5286,5286,5286,212080099,08 31 02.577,+21 38 34.77,1,15.938,,,559-045886,08310257+2138347,,EXTENDED,JHK,,-0.1,3.5,-4.8,3.2,,,,,,,,,,,,,,,,,14.474,0.031,13.932,0.041,13.886,0.046,,,,,,,,,,,,,,,,,,,,,,,,,,,
5287,5287,5287,212080101,08 55 50.920,+21 38 34.80,1,18.515,,,,08555091+2138348,5045-301-3-0154-0263,STAR,gri,rpm,5,3,-104,3,,,,,,,22.447,0.244,20.006,0.017,18.557,0.009,17.876,0.008,17.469,0.016,16.302,0.104,15.88,0.158,15.498,0.163,3747,37,37,5.155,0.02,0.046,-0.726,0.14,0.05,0.18,0.022,0.005,0.17,0.024,0.005,28.96,1.737,5.743,332.7,9.981,59.64,0.03,0.012,0.01,,,
5288,5288,5288,212080150,09 09 42.362,+21 38 38.50,1,17.825,,,,09094236+2138385,5071-301-4-0158-0157,EXTENDED,gri,,2,3,3,3,,,,,,,21.044,0.176,18.895,0.013,17.82,0.009,17.366,0.008,17.021,0.021,16.482,0.123,15.965,0.163,15.287,0.146,,,,,,,,,,,,,,,,,,,,,,,,,,,
5289,5289,5289,212080166,08 56 51.314,+21 38 39.19,1,18.683,,,,08565131+2138391,5038-301-3-0055-0230,EXTENDED,gri,,4,3,15,3,,,,,,,20.183,0.058,19.088,0.011,18.72,0.012,18.509,0.015,18.256,0.045,16.684,0.147,16.126,0.191,15.703,0.199,,,,,,,,,,,,,,,,,,,,,,,,,,,
5290,5290,5290,212080236,09 06 53.846,+21 38 44.58,1,13.873,,,559-047248,09065383+2138447,,STAR,gri,lam,-11,4.8,1.9,5.2,,,15.28,0.06,14.206,0.07,,,14.758,0.04,13.824,0.08,13.494,0.08,,,12.37,0.023,11.853,0.033,11.712,0.023,4792,142,142,4.616,0.025,0.03,-0.006,0.1,0.12,0.711,0.039,0.037,0.776,0.039,0.039,2.077,0.254,0.226,308.1,27.4,29.94,0.029,0.007,0.006,,,
5291,5291,5291,212080260,08 58 50.390,+21 38 46.10,1,18.199,,,,08585039+2138461,5045-301-2-0158-0158,EXTENDED,gri,,3,3,-1,3,,,,,,,20.86,0.108,19.186,0.013,18.195,0.009,17.776,0.009,17.431,0.021,16.379,0.104,15.593,0.11,15.41,0.148,,,,,,,,,,,,,,,,,,,,,,,,,,,
5292,5292,5292,212080286,08 35 16.632,+21 38 47.50,1,18.614,,,,08351663+2138475,,STAR,J,col,,,,,,,,,,,,,,,,,,,,,17.033,0.213,16.115,0.172,15.731,0.194,3891,515,368,4.927,0.14,0.168,-0.254,0.25,0.35,0.34,0.17,0.131,0.369,0.211,0.176,8.691,10.32,4.718,821.2,596.1,394.6,0.033,0.01,0.007,,,
5293,5293,5293,212080291,08 34 01.618,+21 38 47.67,1,14.465,,,559-046029,08340160+2138476,4508-301-1-0103-0102,STAR,BV,rpm,12.1,1.5,-2,2,,,15.495,0.07,14.661,0.041,,,15.177,0.041,,,,,,,13.169,0.023,12.707,0.022,12.624,0.025,5164,123,154,4.567,0.04,0.984,-0.176,0.2,0.44,0.783,1.763,0.069,0.859,0.059,0.094,1.661,0.382,1.608,547.7,1215,64.03,0.033,0.01,0.007,,,
5294,5294,5294,212080319,08 31 08.838,+21 38 49.70,1,14.738,,,559-045892,08310883+2138496,4508-301-2-0099-0161,STAR,JHK,rpm,-8,2.9,11,3.2,,,,,,,,,,,,,,,,,13.368,0.025,12.972,0.026,12.833,0.03,5396,193,161,4.539,0.045,0.081,-0.235,0.25,0.3,0.812,0.125,0.07,0.86,0.075,0.075,1.536,0.311,0.433,652.1,150.2,70.92,0.034,0.008,0.007,,,
5295,5295,5295,212080341,08 54 16.525,+21 38 50.89,1,12.848,,,559-046843,08541652+2138508,,STAR,gri,rpm,-1.6,1.1,0.5,1.8,,,13.427,0.02,12.881,0.01,,,13.178,0.02,12.774,0.02,12.707,0.03,,,11.998,0.023,11.755,0.021,11.735,0.02,6131,98,98,4.116,0.205,0.205,-0.056,0.15,0.18,1.495,0.494,0.371,1.199,0.16,0.1,0.312,0.347,0.164,746.9,270.9,198.8,0.032,0.011,0.007,,,
5296,5296,5296,212080404,08 50 36.529,+21 38 54.47,1,18.652,,,,,5045-301-4-0147-0044,STAR,gri,,-21,3,-12,3,,,,,,,18.395,0.016,18.363,0.007,18.748,0.01,18.996,0.014,19.346,0.068,,,,,,,,,,,,,,,,,,,,,,,,,,,,,,,,,
5297,5297,5297,212080405,08 34 54.953,+21 38 54.50,1,17.464,,,,08345495+2138544,4508-301-1-0104-0387,STAR,gri,rpm,-32,3,-13,3,,,,,,,22.26,0.204,19.575,0.013,18.113,0.007,16.56,0.005,15.688,0.006,14.246,0.027,13.599,0.03,13.39,0.028,3566,128,85,5.057,0.03,0.054,-0.096,0.16,0.24,0.231,0.039,0.023,0.224,0.053,0.029,17.79,2.872,4.602,156,30.26,18.55,0.022,0.007,0.005,,,
5298,5298,5298,212080431,09 03 53.608,+21 38 55.91,1,10.952,,1400-2249-1,559-047143,09035360+2138559,,STAR,gri,rpm,13,1.4,3.6,1.4,,,11.922,0.178,11.119,0.121,,,11.495,0.04,10.965,0.04,10.719,0.09,,,9.835,0.025,9.47,0.022,9.393,0.019,5494,199,166,3.517,0.8,1.12,-0.326,0.35,0.91,2.669,6.951,1.752,0.937,0.309,0.067,0.041,0.736,0.041,436.6,779.8,279.9,0.029,0.01,0.008,,,
5299,5299,5299,212080434,08 57 14.663,+21 38 56.32,1,11.468,,,559-046954,08571466+2138563,,STAR,gri,rpm,-28.9,0.6,-11,0.7,,,12.254,0.03,11.57,0.06,,,11.91,0.05,11.403,0.08,11.279,0.07,,,10.507,0.02,10.229,0.018,10.168,0.018,5978,144,144,4.275,0.145,0.203,-0.106,0.16,0.28,1.212,0.334,0.222,1.059,0.097,0.097,0.526,0.388,0.255,298.9,89.71,69,0.031,0.006,0.008,,,
5300,5300,5300,212080508,08 28 48.546,+21 39 01.48,1,17.996,,,,08284854+2139014,6728-301-4-0123-0267,STAR,gri,rpm,-14,3,-56,3,,,,,,,21.364,0.115,19.079,0.01,17.862,0.006,17.532,0.006,17.038,0.011,15.831,0.065,15.248,0.095,14.905,0.089,4195,41,50,4.936,0.066,0.055,-0.801,0.18,0.15,0.343,0.05,0.052,0.39,0.055,0.055,9.036,2.739,2.102,607.7,57.1,99.91,0.032,0.01,0.004,,,
5301,5301,5301,212080516,08 54 57.561,+21 39 01.73,1,16.067,,,559-046868,08545754+2139018,5045-301-3-0153-0101,STAR,JHK,rpm,-10.9,4.7,-67.3,3.5,,,,,,,,,,,,,,,,,14.205,0.028,13.56,0.039,13.464,0.036,4134,295,295,4.89,0.085,0.102,-0.583,0.42,0.35,0.392,0.096,0.077,0.438,0.099,0.099,6.739,3.747,2.408,318.6,99.46,88.63,0.029,0.008,0.007,,,
5302,5302,5302,212080517,08 35 26.833,+21 39 01.81,1,18.061,,,,08352683+2139018,6597-301-3-0226-0329,STAR,gri,rpm,-27,3,-10,3,,,,,,,22.522,0.251,20.3,0.019,18.77,0.01,17.101,0.006,16.199,0.008,14.685,0.035,14.113,0.036,13.882,0.038,3401,157,105,5.108,0.035,0.035,-0.089,0.2,0.24,0.189,0.024,0.022,0.17,0.031,0.026,24.36,6.45,4.331,144.4,26.04,22.06,0.022,0.008,0.007,,,
5303,5303,5303,212080574,08 54 01.679,+21 39 05.03,1,16.993,,,,08540167+2139050,5038-301-4-0051-0288,STAR,gri,rpm,34,3,-38,3,,,,,,,21.305,0.087,18.782,0.008,17.498,0.006,16.226,0.005,15.529,0.006,14.175,0.03,13.509,0.03,13.314,0.026,3957,47,79,4.876,0.035,0.049,-0.156,0.2,0.24,0.404,0.047,0.036,0.451,0.059,0.042,6.663,1.256,1.247,300.2,45.43,22.6,0.031,0.011,0.009,,,
5304,5304,5304,212080588,08 53 16.992,+21 39 05.84,1,18.311,,,,,5038-301-4-0050-0116,STAR,gri,,-28,3,-17,3,,,,,,,18.105,0.013,18.015,0.006,18.41,0.008,18.721,0.012,19.002,0.046,,,,,,,,,,,,,,,,,,,,,,,,,,,,,,,,,
5305,5305,5305,212080655,08 56 43.663,+21 39 10.44,1,18.38,,,,,5038-301-3-0055-0337,EXTENDED,gri,,,,,,,,,,,,20.2,0.096,18.818,0.014,18.364,0.016,18.192,0.021,18.378,0.091,,,,,,,,,,,,,,,,,,,,,,,,,,,,,,,,,
5306,5306,5306,212080665,08 59 02.695,+21 39 11.40,1,17.981,,,,08590269+2139113,5045-301-2-0159-0121,EXTENDED,gri,,3,3,3,3,,,,,,,20.727,0.102,18.901,0.011,17.988,0.008,17.586,0.008,17.256,0.019,16.412,0.104,15.61,0.093,15.343,0.131,,,,,,,,,,,,,,,,,,,,,,,,,,,
5307,5307,5307,212080747,08 35 10.523,+21 39 17.42,1,14.392,,,559-046093,08351052+2139173,,STAR,gri,rpm,-0.2,2,2.9,2.4,,,15.573,0.08,14.671,0.041,,,15.109,0.041,14.355,0.048,14.085,0.01,,,13.203,0.027,12.786,0.025,12.68,0.022,5114,101,101,3.824,0.803,0.438,-0.232,0.25,0.35,1.873,1.373,1.19,0.912,0.264,0.106,0.117,1.679,0.09,1289,889.7,796.4,0.035,0.011,0.006,,,
5308,5308,5308,212080802,08 27 37.724,+21 39 20.53,1,14.26,,,559-045746,08273772+2139204,,STAR,gri,rpm,-1.6,3.4,-8.8,3.6,,,15.38,0.1,14.501,0.03,,,14.978,0.04,14.214,0.07,13.952,0.071,,,12.883,0.022,12.429,0.025,12.31,0.021,5077,101,101,4.561,0.042,1.085,-0.198,0.2,0.32,0.801,2.276,0.078,0.867,0.206,0.088,1.665,0.314,1.629,481,1306,62.07,0.032,0.008,0.007,,,
5309,5309,5309,212080805,08 25 47.496,+21 39 20.64,1,10.918,,1391-1122-1,559-045653,08254749+2139206,,STAR,gri,plx,-8.8,1.2,1.9,1.4,,,12.016,0.192,11.145,0.108,,,11.772,0.08,10.868,0.04,10.551,0.06,,,9.349,0.022,8.771,0.018,8.699,0.018,4673,74,74,2.414,0.135,0.162,-0.224,0.16,0.32,11.103,1.528,1.834,1.165,0.218,0.218,8.30E-04,4.86E-04,3.06E-04,1307,642,642,0.034,0.008,0.007,,,
5310,5310,5310,212080832,08 56 22.759,+21 39 22.47,1,17.519,,,,,5038-301-3-0055-0128,EXTENDED,gri,,-1,3,5,3,,,,,,,19.395,0.062,18.146,0.01,17.553,0.009,17.25,0.013,17.067,0.033,,,,,,,,,,,,,,,,,,,,,,,,,,,,,,,,,
5311,5311,5311,212080866,08 52 01.924,+21 39 24.41,1,14.752,,,559-046761,08520192+2139243,5045-301-4-0149-0024,STAR,gri,rpm,-6.4,2.9,-4.1,3.3,,,15.842,0.065,14.956,0.04,,,15.407,0.02,14.685,0.06,14.471,0.07,,,13.456,0.023,13.018,0.024,12.877,0.023,5159,103,124,4.562,0.042,0.938,-0.18,0.2,0.36,0.787,1.685,0.061,0.858,0.067,0.081,1.678,0.33,1.612,619.4,1282,57.09,0.034,0.01,0.007,,,
5312,5312,5312,212080914,08 30 18.551,+21 39 27.44,1,13.79,,,559-045856,08301856+2139274,,STAR,gri,rpm,-16.4,2.2,-12.1,2.1,,,14.914,0.02,14.023,0.02,,,14.493,0.05,13.736,0.02,13.489,0.066,,,12.389,0.022,11.948,0.029,11.865,0.019,5149,82,144,4.572,0.02,0.032,-0.028,0.12,0.21,0.796,0.048,0.039,0.867,0.042,0.049,1.69,0.142,0.228,377.3,36.02,27.61,0.032,0.008,0.008,,,
5313,5313,5313,212080924,09 03 35.885,+21 39 27.98,1,11.266,,1400-2247-1,559-047133,09033589+2139280,,STAR,gri,lam,-24,1.4,-10.1,1.5,,,11.803,0.147,11.196,0.121,,,11.578,0.04,11.274,0.05,11.132,0.1,,,10.431,0.023,10.221,0.024,10.149,0.025,6320,152,152,4.243,0.08,0.128,0.006,0.1,0.1,1.388,0.238,0.176,1.235,0.087,0.087,0.461,0.154,0.17,339.7,57.94,41.78,0.03,0.008,0.007,,,
5314,5314,5314,212080929,09 00 18.730,+21 39 28.81,1,17.54,,,,09001872+2139288,5071-301-6-0144-0117,EXTENDED,gri,,-2,3,1,3,,,,,,,20.706,0.106,18.546,0.009,17.551,0.006,17.109,0.006,16.732,0.013,15.93,0.076,15.184,0.087,14.82,0.099,,,,,,,,,,,,,,,,,,,,,,,,,,,
5315,5315,5315,212080993,08 57 08.399,+21 39 32.78,1,12.296,,,559-046943,08570840+2139328,,STAR,gri,lam,3.6,1,-24.6,1.2,,,13.18,0.03,12.426,0.05,,,12.798,0.05,12.23,0.08,12.081,0.06,,,11.204,0.021,10.915,0.021,10.819,0.02,5578,219,175,3.887,0.11,0.11,-0.092,0.18,0.12,1.919,0.378,0.267,1.134,0.132,0.132,0.145,0.078,0.051,587,109.7,78.1,0.033,0.017,0.007,,,
5316,5316,5316,212080994,08 54 46.030,+21 39 32.86,1,18.049,,,,08544603+2139328,5045-301-3-0153-0058,STAR,gri,rpm,103,3,-214,3,,,,,,,22.695,0.312,19.581,0.013,18.036,0.007,17.393,0.006,17.016,0.012,15.938,0.07,15.369,0.092,15.517,0.171,3616,461,172,5.163,0.036,0.09,-0.766,0.45,1.44,0.173,0.054,0.017,0.157,0.065,0.016,30.27,6.123,11.52,158.5,66.65,70.2,0.02,0.007,0.005,,,
5317,5317,5317,212081066,09 05 51.714,+21 39 36.94,1,14.533,,,559-047213,09055171+2139371,5038-301-1-0068-0133,STAR,gri,rpm,2.2,3.8,1.8,2.3,,,15.762,0.04,14.806,0.07,,,15.264,0.04,14.513,0.09,14.22,0.12,,,13.172,0.026,12.646,0.035,12.562,0.025,4929,117,117,3.381,1.242,1.035,-0.402,0.35,0.49,3.049,5.929,2.377,0.881,0.149,0.107,0.02,1.268,0.02,1776,3241,1361,0.035,0.008,0.007,,,
5318,5318,5318,212081082,09 05 05.840,+21 39 37.86,1,17.349,,,,09050584+2139378,5071-301-5-0151-0232,EXTENDED,gri,,8,3,-5,3,,,,,,,21.457,0.098,18.93,0.009,17.464,0.005,16.672,0.005,16.232,0.007,15.061,0.04,14.355,0.045,14.173,0.043,,,,,,,,,,,,,,,,,,,,,,,,,,,
5319,5319,5319,212081118,08 26 58.914,+21 39 40.07,1,11.649,,1391-524-1,559-045716,08265890+2139400,,STAR,gri,plx,-8.4,1.9,8.7,2.3,,,12.418,0.302,11.768,0.223,,,12.04,0.07,11.612,0.04,11.481,0.06,,,10.647,0.022,10.401,0.024,10.333,0.023,6009,146,146,4.402,0.035,0.063,-0.185,0.2,0.28,1.058,0.088,0.081,1.018,0.095,0.113,0.86,0.127,0.171,246.9,23.98,23.98,0.027,0.01,0.007,,,
5320,5320,5320,212081161,09 09 52.136,+21 39 42.64,1,14.106,,,559-047341,09095213+2139427,,STAR,gri,rpm,-14.7,3.2,-16.2,3.5,,,15.54,0.01,14.499,0.06,,,15.053,0.06,14.067,0.08,13.699,0.1,,,12.499,0.023,11.943,0.026,11.75,0.02,4626,141,113,4.654,0.049,0.035,-0.065,0.2,0.24,0.656,0.051,0.069,0.733,0.034,0.069,2.422,0.517,0.312,287.8,28.49,44.98,0.03,0.008,0.008,,,
5321,5321,5321,212081191,08 58 22.542,+21 39 44.78,1,17.767,,,,08582254+2139447,5038-301-3-0058-0212,EXTENDED,gri,,3,3,1,3,,,,,,,20.791,0.076,18.756,0.009,17.781,0.007,17.343,0.007,16.968,0.014,15.953,0.081,15.212,0.087,14.841,0.104,,,,,,,,,,,,,,,,,,,,,,,,,,,
5322,5322,5322,212081298,09 03 21.701,+21 39 51.91,1,18.434,,,,,5061-301-6-0151-0049,STAR,gri,,-155,3,-90,3,,,,,,,18.913,0.02,18.485,0.007,18.417,0.008,18.454,0.01,18.507,0.033,,,,,,,,,,,,,,,,,,,,,,,,,,,,,,,,,
5323,5323,5323,212081360,08 56 52.798,+21 39 56.33,1,11.068,,,559-046937,08565280+2139562,,STAR,gri,lam,-5.8,1.3,-2.1,3,,,12.564,0.02,11.387,0.05,,,12.005,0.05,11.023,0.08,10.667,0.07,,,9.417,0.021,8.837,0.02,8.715,0.018,4688,74,74,2.508,0.11,0.11,-0.293,0.12,0.15,9.44,1.641,1.18,1.102,0.171,0.107,0.001,6.91E-04,3.78E-04,997.2,160.5,116.6,0.034,0.01,0.007,,,
5324,5324,5324,212081396,08 51 27.221,+21 39 58.91,1,12.489,,,559-046744,08512722+2139590,,STAR,gri,lam,0.9,1.6,-15.8,1.1,,,13.16,0.01,12.586,0.04,,,12.862,0.03,12.446,0.02,12.329,0.02,,,11.56,0.023,11.325,0.021,11.271,0.023,5875,140,210,3.835,0.11,0.11,-0.293,0.15,0.12,2.071,0.491,0.337,1.18,0.115,0.161,0.114,0.076,0.04,778,159.5,132.4,0.035,0.011,0.011,,,
5325,5325,5325,212081406,08 30 14.587,+21 39 59.47,1,12.168,,,559-045854,08301459+2139594,,STAR,gri,rpm,-4.3,1.1,-20.3,1.8,,,12.936,0.01,12.29,0.04,,,12.603,0.05,12.119,0.02,11.982,0.061,,,11.133,0.023,10.886,0.027,10.788,0.02,5961,143,119,4.238,0.165,0.231,0.005,0.15,0.21,1.258,0.484,0.261,1.1,0.118,0.084,0.459,0.386,0.264,416.8,159.1,98.42,0.032,0.01,0.006,,,
5326,5326,5326,212081441,09 05 50.881,+21 40 01.16,1,15.019,,,559-047211,09055087+2140013,5038-301-1-0068-0130,STAR,gri,rpm,4.1,4.6,5.5,4.9,,,,,15.376,0.051,,,15.492,0.045,14.992,0.055,14.817,0.06,,,13.597,0.026,13.178,0.031,13.092,0.03,5496,163,163,4.495,0.06,0.816,-0.335,0.25,0.55,0.87,1.357,0.096,0.878,0.08,0.08,1.267,0.365,1.193,794.7,1156,110.5,0.033,0.008,0.007,,,
5327,5327,5327,212081459,08 26 05.533,+21 40 02.19,1,15.636,,,,08260553+2140021,6597-301-5-0213-0216,EXTENDED,gri,,4,4,-9,4,,,,,,,17.252,0.017,16.144,0.004,15.654,0.004,15.419,0.005,15.348,0.017,16.309,0.139,15.622,0.146,15.372,0.165,,,,,,,,,,,,,,,,,,,,,,,,,,,
5328,5328,5328,212081523,09 08 13.512,+21 40 06.47,1,14.549,,,559-047291,09081350+2140062,,STAR,gri,rpm,2.8,4.7,7,5,,,15.64,0.09,14.741,0.07,,,15.234,0.08,14.433,0.1,14.255,0.16,,,13.22,0.024,12.788,0.037,12.689,0.026,5174,188,156,4.538,0.06,0.97,-0.177,0.2,0.4,0.816,1.8,0.082,0.879,0.115,0.098,1.544,0.377,1.49,597.4,1255,95.44,0.033,0.008,0.007,,,
5329,5329,5329,212081533,09 05 26.740,+21 40 07.30,1,12.731,,,559-047197,09052674+2140075,,STAR,gri,rpm,17.7,5.1,-25.4,2.9,,,14.96,0.01,13.444,0.06,,,14.302,0.04,12.896,0.03,12.058,0.09,,,10.496,0.023,9.858,0.022,9.662,0.025,3679,36,36,4.977,0.02,0.02,0.007,0.05,0.05,0.314,0.006,0.02,0.341,0.007,0.033,11,1.061,0.66,38.13,1.144,1.144,0.006,0.001,0.001,,,
5330,5330,5330,212081585,08 51 08.371,+21 40 10.36,1,12.063,,1399-736-1,559-046732,08510836+2140102,,STAR,gri,plx,-4.2,2,-6.7,2.2,,,12.878,0.403,11.998,0.243,,,12.379,0.02,12.025,0.02,11.927,0.03,,,11.169,0.023,10.94,0.023,10.94,0.02,6262,100,125,4.261,0.08,0.176,-0.15,0.16,0.32,1.291,0.339,0.154,1.142,0.129,0.18,0.502,0.188,0.236,379.1,132.6,132.6,0.031,0.008,0.007,,,
5331,5331,5331,212081644,08 26 39.045,+21 40 13.76,1,17.712,,,,08263904+2140137,4508-301-3-0094-0299,EXTENDED,gri,,-3,3,-3,3,,,,,,,21.037,0.16,18.878,0.013,17.666,0.008,17.213,0.007,16.861,0.016,16.234,0.096,15.418,0.105,15.378,0.141,,,,,,,,,,,,,,,,,,,,,,,,,,,
5332,5332,5332,212081647,08 27 20.844,+21 40 14.10,1,17.799,,,,08272084+2140140,4508-301-3-0094-0470,EXTENDED,gri,,4,3,-3,3,,,,,,,21.245,0.167,19.045,0.014,17.741,0.007,17.265,0.007,16.922,0.015,16.166,0.09,15.328,0.105,14.904,0.098,,,,,,,,,,,,,,,,,,,,,,,,,,,
5333,5333,5333,212081648,08 32 54.836,+21 40 14.17,1,14.066,,,559-045968,08325485+2140143,6597-301-4-0223-0292,STAR,JHK,col,,,,,,,,,,,,,,,,,,,,,11.897,0.023,11.263,0.021,11.064,0.019,3879,184,153,4.885,0.063,0.045,-0.081,0.15,0.24,0.389,0.054,0.062,0.429,0.067,0.078,7.037,2.522,1.383,100.4,17.83,20.53,0.015,0.006,0.005,,,
5334,5334,5334,212081649,08 28 32.570,+21 40 14.33,1,17.585,,,,08283257+2140143,6728-301-4-0123-0233,EXTENDED,gri,,4,1,4,3,,,,,,,20.551,0.116,18.581,0.01,17.529,0.007,17.158,0.006,16.761,0.015,16.021,0.091,15.412,0.136,15.133,0.115,,,,,,,,,,,,,,,,,,,,,,,,,,,
5335,5335,5335,212081662,08 34 57.084,+21 40 15.12,1,12.395,,,559-046080,08345709+2140150,,STAR,BV,rpm,-19.8,0.7,-7.6,1.1,,,13.096,0.041,12.501,0.031,,,12.788,0.031,,,,,,,11.598,0.025,11.369,0.025,11.328,0.022,6198,227,151,4.259,0.085,0.204,-0.204,0.2,0.24,1.274,0.36,0.149,1.111,0.098,0.117,0.503,0.217,0.258,518.3,137.8,71.02,0.033,0.008,0.006,,,
5336,5336,5336,212081673,09 05 49.728,+21 40 16.14,1,13.715,,,559-047209,09054972+2140164,,STAR,gri,lam,-36.9,2,26.7,5,,,15.319,0.05,14.146,0.06,,,14.836,0.04,13.679,0.1,13.235,0.08,,,11.95,0.024,11.269,0.028,11.166,0.021,4285,104,104,4.83,0.056,0.04,-0.583,0.12,0.18,0.448,0.036,0.046,0.505,0.04,0.046,5.532,1.274,1.035,134.7,17.83,15.75,0.019,0.005,0.004,,,
5337,5337,5337,212081685,08 27 01.945,+21 40 16.85,1,12.709,,,559-045721,08270194+2140168,,STAR,JHK,rpm,3.1,2.9,-12.1,8.2,,,,,,,,,,,,,,,,,11.57,0.021,11.325,0.022,11.212,0.017,6162,185,185,4.162,0.15,0.21,-0.118,0.18,0.27,1.421,0.46,0.258,1.158,0.176,0.147,0.358,0.257,0.19,569.7,199.2,109.8,0.033,0.011,0.007,,,
5338,5338,5338,212081687,09 10 29.969,+21 40 16.94,1,7.657,45046,1407-275-1,559-047359,09102996+2140169,,STAR,BV,plx,1.64,0.89,2.53,0.32,5.61,0.69,7.871,0.016,7.629,0.011,,,,,,,,,,,7.045,0.023,6.943,0.024,6.932,0.033,7261,407,291,3.753,0.095,0.095,0.024,0.12,0.15,3.029,0.468,0.405,1.982,0.163,0.136,0.066,0.028,0.02,178.3,21.92,21.92,0.024,0.006,0.006,,,
5339,5339,5339,212081689,09 07 07.920,+21 40 17.01,1,12.669,,,559-047256,09070791+2140170,,STAR,gri,rpm,-7,1.5,-4.9,1.7,,,13.69,0.05,12.858,0.06,,,13.261,0.04,12.619,0.09,12.415,0.09,,,11.489,0.024,11.137,0.03,11.052,0.023,5536,197,197,4.473,0.055,0.638,-0.093,0.15,0.21,0.965,1.148,0.13,0.97,0.134,0.096,1.093,0.315,0.981,342.3,364.7,64.07,0.033,0.007,0.006,,,
5340,5340,5340,212081772,09 10 43.958,+21 40 22.55,1,18.031,,,,09104395+2140225,,STAR,JHK,col,,,,,,,,,,,,,,,,,,,,,15.569,0.047,15.014,0.057,14.636,0.074,3577,248,248,5.017,0.1,0.1,-0.092,0.16,0.28,0.249,0.1,0.071,0.249,0.148,0.092,13.58,10.57,5.944,308.4,165.9,107.9,0.028,0.01,0.008,,,
5341,5341,5341,212081815,08 54 01.737,+21 40 26.00,1,13.606,,,559-046832,08540173+2140260,,STAR,gri,rpm,6,1.7,-12.2,1.9,,,14.789,0.01,13.877,0.06,,,14.343,0.04,13.56,0.05,13.29,0.07,,,12.251,0.023,11.726,0.021,11.659,0.026,4944,59,79,3.371,1.19,0.35,-0.37,0.3,0.25,3.181,1.17,2.474,0.922,0.182,0.182,0.025,1.796,0.017,1389,476.3,1089,0.033,0.013,0.006,,,
5342,5342,5342,212081830,08 58 57.789,+21 40 26.43,1,14.625,,,559-047008,08585778+2140264,,STAR,gri,rpm,0.1,4.7,-26.7,5,,,15.667,0.12,14.883,0.04,,,15.31,0.05,14.658,0.05,14.332,0.13,,,13.245,0.025,12.798,0.025,12.719,0.027,5212,125,125,4.58,0.035,0.042,-0.282,0.25,0.3,0.758,0.064,0.07,0.795,0.067,0.081,1.827,0.32,0.272,541.7,57.75,62.01,0.033,0.01,0.008,,,
5343,5343,5343,212081853,08 54 04.811,+21 40 27.98,1,12.109,,1400-134-1,559-046835,08540481+2140280,,STAR,gri,rpm,-10,1.6,-3.6,1.8,,,12.489,0.27,12.243,0.262,,,12.432,0.03,12.05,0.03,11.971,0.04,,,11.255,0.023,11.013,0.02,11.015,0.019,6255,125,150,4.158,0.162,0.189,-0.047,0.12,0.27,1.463,0.367,0.249,1.207,0.132,0.132,0.351,0.225,0.176,515.7,144.4,87.15,0.033,0.014,0.008,,,
5344,5344,5344,212081862,09 03 20.126,+21 40 28.53,1,13.314,,,559-047121,09032012+2140284,,STAR,gri,rpm,0.5,4.1,2,4.3,,,14.444,0.03,13.561,0.06,,,14.003,0.05,13.342,0.04,13.019,0.07,,,11.966,0.023,11.442,0.022,11.365,0.02,4974,79,59,2.669,0.675,0.45,-0.849,0.45,0.45,6.894,4.6,3.407,0.9,0.174,0.035,0.002,0.017,0.001,2539,1567,1202,0.033,0.009,0.005,,,
5345,5345,5345,212081866,08 59 40.296,+21 40 28.77,1,18.75,,,,08594029+2140287,,STAR,JHK,col,,,,,,,,,,,,,,,,,,,,,16.206,0.107,15.572,0.109,15.212,0.121,3852,474,338,4.924,0.156,0.182,-0.213,0.25,0.35,0.319,0.173,0.112,0.353,0.199,0.166,8.387,9.136,4.923,599.3,471.3,263.8,0.032,0.01,0.008,,,
5346,5346,5346,212081898,09 04 46.955,+21 40 30.82,1,14.424,,,559-047172,09044695+2140309,,STAR,gri,rpm,2.6,4.7,-0.4,5,,,15.69,0.04,14.722,0.06,,,15.173,0.04,14.434,0.05,14.103,0.13,,,12.912,0.025,12.405,0.024,12.318,0.02,4984,116,116,3.471,1.08,0.81,-0.395,0.3,0.42,2.999,3.238,2.306,0.911,0.215,0.119,0.032,1.96,0.03,1735,1703,1350,0.034,0.007,0.007,,,
5347,5347,5347,212081902,08 58 04.365,+21 40 31.15,1,19.368,,,,,5038-301-3-0057-0752,EXTENDED,gri,,12,4,-15,4,,,,,,,22.97,0.633,20.979,0.056,19.34,0.023,18.677,0.02,18.214,0.05,,,,,,,,,,,,,,,,,,,,,,,,,,,,,,,,,
5348,5348,5348,212081910,08 32 03.886,+21 40 31.87,1,13.649,,,559-045936,08320389+2140319,,STAR,gri,rpm,-8.7,1.8,-19.4,2,,,14.734,0.05,13.878,0.04,,,14.291,0.03,13.559,0.02,13.374,0.066,,,12.387,0.023,11.899,0.022,11.838,0.021,5091,80,80,4.573,0.036,0.756,-0.088,0.12,0.3,0.781,1.254,0.054,0.846,0.105,0.053,1.757,0.26,1.637,369.5,578.5,27.04,0.029,0.011,0.005,,,
5349,5349,5349,212081926,08 27 02.092,+21 40 33.59,1,11.94,,1391-354-1,559-045722,08270210+2140335,,STAR,gri,plx,4.2,1.5,-2.2,1.7,,,12.132,0.209,11.818,0.222,,,12.283,0.06,11.89,0.01,11.793,0.06,,,11.015,0.021,10.763,0.022,10.699,0.019,6128,146,122,4.309,0.075,0.105,-0.148,0.2,0.32,1.175,0.163,0.121,1.086,0.091,0.146,0.618,0.187,0.191,344.2,57.22,57.22,0.03,0.013,0.008,,,
5350,5350,5350,212081953,08 59 39.515,+21 40 35.66,1,16.591,,,,08593951+2140356,5071-301-6-0143-0247,EXTENDED,gri,,1,3,1,3,,,,,,,19.11,0.034,17.406,0.005,16.599,0.004,16.242,0.004,15.988,0.008,15.265,0.061,14.577,0.061,14.236,0.068,,,,,,,,,,,,,,,,,,,,,,,,,,,
5351,5351,5351,212082017,09 08 14.199,+21 40 40.48,1,13.287,,,559-047292,09081419+2140403,,STAR,gri,rpm,2.2,3,-4.6,3.4,,,14.629,0.07,13.576,0.05,,,14.12,0.05,13.22,0.08,12.93,0.14,,,11.844,0.022,11.318,0.033,11.202,0.021,4842,115,144,3.16,0.564,0.846,-0.239,0.25,0.4,4.149,5.462,1.939,1.025,0.196,0.196,0.013,0.074,0.012,1490,1788,665.2,0.031,0.008,0.005,,,
5352,5352,5352,212082037,08 25 54.223,+21 40 41.56,1,11.673,,,559-045664,08255422+2140416,,STAR,gri,rpm,6,1.1,-9.5,0.9,,,13.173,0.02,12.009,0.01,,,12.647,0.07,11.623,0.01,11.255,0.06,,,9.913,0.022,9.291,0.022,9.152,0.02,4526,71,89,2.357,0.306,0.51,-0.124,0.2,0.4,11.32,7.098,3.325,1.134,0.141,0.188,7.99E-04,0.001,6.29E-04,1398,721.1,359.4,0.035,0.01,0.008,,,
5353,5353,5353,212082096,08 59 09.935,+21 40 46.21,1,18.662,,,,08590993+2140462,5045-301-2-0159-0226,STAR,gri,rpm,22,3,-72,3,,,,,,,23.091,0.475,20.546,0.025,19.101,0.012,17.855,0.008,17.15,0.012,15.808,0.061,15.364,0.075,15.097,0.096,3265,32,32,5.116,0.02,0.02,0.274,0.05,0.22,0.18,0.004,0.007,0.156,0.003,0.003,26.45,1.587,1.587,205.3,6.158,6.158,0.022,0.002,0.001,,,
5354,5354,5354,212082097,08 28 51.127,+21 40 46.40,1,11.874,,,559-045793,08285113+2140464,,STAR,gri,rpm,4,0.7,-19.3,1,,,12.401,0.01,11.93,0.02,,,12.164,0.05,11.829,0.01,11.75,0.06,,,11.021,0.022,10.814,0.022,10.768,0.021,6370,151,101,4.231,0.066,0.209,-0.085,0.12,0.27,1.402,0.377,0.144,1.244,0.115,0.137,0.442,0.133,0.223,455.8,99.05,59.73,0.033,0.009,0.009,,,
5355,5355,5355,212082155,08 53 27.336,+21 40 49.79,1,13.757,,,559-046808,08532733+2140498,,STAR,gri,lam,-14.1,2.2,-11.1,2.4,,,15.096,0.03,14.07,0.04,,,14.626,0.03,13.712,0.04,13.384,0.03,,,12.249,0.022,11.698,0.023,11.583,0.02,4834,115,144,4.675,0.035,0.025,-0.673,0.2,0.1,0.599,0.046,0.037,0.636,0.05,0.031,2.822,0.463,0.336,249.1,22.65,17.91,0.026,0.008,0.006,,,
5356,5356,5356,212082168,08 59 39.790,+21 40 50.90,1,17.768,,,,08593979+2140508,,STAR,J,col,,,,,,,,,,,,,,,,,,,,,16.253,0.098,15.543,0.105,15.237,0.127,3928,421,351,4.895,0.14,0.168,-0.208,0.2,0.32,0.365,0.157,0.144,0.402,0.175,0.21,7.355,9.967,3.753,727.3,465.9,325.8,0.032,0.008,0.007,,,
5357,5357,5357,212082223,08 28 32.526,+21 40 55.03,1,11.681,,1391-338-1,559-045779,08283251+2140551,,STAR,gri,plx,4.3,1.4,-14.1,1.6,,,12.086,0.208,11.411,0.137,,,12.066,0.05,11.635,0.01,11.515,0.06,,,10.686,0.021,10.382,0.022,10.311,0.018,5991,117,141,4.153,0.195,0.195,-0.123,0.18,0.3,1.336,0.35,0.277,1.061,0.122,0.101,0.357,0.381,0.184,380.4,108.8,108.8,0.031,0.007,0.008,,,
5358,5358,5358,212082262,09 06 47.660,+21 40 57.60,1,14.643,,,559-047245,09064765+2140577,5038-301-1-0070-0012,STAR,gri,rpm,28.6,4.6,-32.1,4.9,,,16.947,0.05,15.563,0.1,,,16.281,0.03,15,0.11,13.941,0.11,,,12.242,0.023,11.675,0.032,11.422,0.02,3575,99,42,4.997,0.03,0.03,0.069,0.08,0.08,0.278,0.029,0.018,0.285,0.051,0.017,13.1,1.598,2.204,72.84,14.57,3.534,0.013,0.004,0.002,,,
5359,5359,5359,212082263,08 32 45.413,+21 40 57.69,1,12.395,,,559-045957,08324541+2140577,,STAR,gri,rpm,-8.8,1.1,4.7,1.3,,,13.125,0.02,12.503,0.04,,,12.798,0.05,12.355,0.03,12.222,0.061,,,11.478,0.023,11.185,0.021,11.145,0.022,5971,119,119,4.125,0.27,0.225,-0.141,0.2,0.28,1.366,0.511,0.318,1.074,0.13,0.108,0.347,0.553,0.19,527.2,161.4,144.6,0.033,0.013,0.008,,,
5360,5360,5360,212082279,09 02 45.425,+21 40 58.93,1,16.389,,,559-047108,09024541+2140593,5038-301-2-0064-0143,STAR,JHK,col,,,,,,,,,,,,,,,,,,,,,14.744,0.031,14.201,0.03,14.077,0.043,4648,275,880,4.691,0.28,0.084,-0.277,0.25,0.4,0.596,0.103,0.28,0.624,0.141,0.282,2.933,7.715,0.808,715.3,217.3,419.9,0.032,0.01,0.007,,,
5361,5361,5361,212082298,08 35 38.946,+21 40 59.90,1,15.339,,,559-046107,08353895+2140598,,STAR,gri,rpm,-0.1,2.8,-1,3.1,,,16.65,0.09,15.716,0.08,,,16.089,0.07,15.258,0.05,15.018,0.08,,,13.922,0.027,13.418,0.027,13.298,0.026,4939,98,98,4.601,0.03,1.188,-0.182,0.2,0.36,0.741,2.701,0.057,0.798,0.127,0.058,1.947,0.263,1.92,681.4,2399,64.52,0.034,0.01,0.007,,,
5362,5362,5362,212082319,08 53 45.833,+21 41 00.95,1,18.888,,,,,5038-301-4-0051-0220,EXTENDED,gri,,2,4,2,4,,,,,,,20.675,0.095,19.325,0.015,18.971,0.016,18.701,0.019,18.664,0.072,,,,,,,,,,,,,,,,,,,,,,,,,,,,,,,,,
5363,5363,5363,212082371,08 50 16.675,+21 41 04.43,1,14.091,,,559-046692,08501668+2141043,5045-301-4-0146-0105,STAR,gri,lam,-6.9,1.6,3.6,2.7,,,14.827,0.03,14.204,0.04,,,14.494,0.03,14.027,0.04,13.919,0.03,,,13.146,0.026,12.842,0.026,12.744,0.022,5714,138,173,3.801,0.084,0.06,-0.519,0.15,0.12,2.065,0.268,0.237,1.051,0.105,0.105,0.111,0.039,0.025,1569,232.5,170.6,0.038,0.006,0.011,,,
5364,5364,5364,212082377,09 00 00.125,+21 41 04.75,1,18.458,,,,,5071-301-6-0144-0016,STAR,gri,,0,3,-2,3,,,,,,,18.784,0.019,18.526,0.007,18.435,0.008,18.269,0.009,18.373,0.028,,,,,,,,,,,,,,,,,,,,,,,,,,,,,,,,,
5365,5365,5365,212082393,08 56 14.194,+21 41 05.82,1,18.717,,,,08561419+2141058,5045-301-3-0155-0031,STAR,gri,col,,,,,,,,,,,24.635,0.947,20.418,0.024,18.843,0.011,17.988,0.008,17.688,0.018,16.401,0.125,15.937,0.154,15.613,0.191,3520,35,35,5.159,0.02,0.028,-0.409,0.08,0.1,0.172,0.014,0.008,0.156,0.016,0.009,30.17,2.911,4.134,332.1,52.72,61.9,0.031,0.01,0.007,,,
5366,5366,5366,212082419,08 59 40.244,+21 41 07.64,1,19.503,,,,,5071-301-6-0143-0791,EXTENDED,gri,,-6,4,10,4,,,,,,,20.98,0.167,19.892,0.031,19.571,0.032,19.337,0.04,19.345,0.141,,,,,,,,,,,,,,,,,,,,,,,,,,,,,,,,,
5367,5367,5367,212082487,08 56 14.599,+21 41 12.37,1,12.35,,1400-621-1,559-046915,08561459+2141122,,STAR,gri,lam,-1.3,1.7,-9.6,1.7,,,12.182,0.267,11.297,0.134,,,12.654,0.05,12.306,0.07,12.219,0.07,,,11.494,0.022,11.218,0.024,11.211,0.022,6228,126,126,4.116,0.138,0.138,-0.476,0.15,0.15,1.447,0.261,0.221,1.017,0.129,0.092,0.323,0.201,0.124,564.5,109.5,91.71,0.034,0.011,0.008,,,
5368,5368,5368,212082497,08 34 02.148,+21 41 12.89,1,18.605,,,,08340214+2141128,4508-301-1-0103-0319,STAR,gri,rpm,39,5,-91,5,,,,,,,23.028,0.362,20.545,0.024,19.19,0.012,17.773,0.007,17.044,0.01,15.624,0.054,15.167,0.074,14.821,0.084,3206,32,32,5.156,0.02,0.02,0.016,0.06,0.05,0.165,0.003,0.003,0.142,0.003,0.003,31.79,1.908,1.908,169.3,30.53,5.08,0.021,0.002,0.004,,,
5369,5369,5369,212082504,09 03 41.999,+21 41 13.39,1,19.499,,,,,5061-301-6-0151-0858,EXTENDED,gri,,,,,,,,,,,,21.902,0.496,19.796,0.035,19.475,0.045,19.372,0.066,19.324,0.231,,,,,,,,,,,,,,,,,,,,,,,,,,,,,,,,,
5370,5370,5370,212082515,08 26 11.593,+21 41 14.26,1,12.759,,,559-045678,08261158+2141143,,STAR,gri,rpm,-2.5,1,-0.6,0.9,,,13.449,0.02,12.874,0.03,,,13.178,0.08,12.713,0.01,12.58,0.062,,,11.759,0.022,11.496,0.023,11.445,0.02,6047,145,145,4.096,0.258,0.215,-0.056,0.15,0.24,1.483,0.618,0.374,1.166,0.158,0.158,0.306,0.372,0.188,649.5,235.6,172.9,0.033,0.013,0.008,,,
5371,5371,5371,212082524,08 59 11.478,+21 41 15.18,1,12.578,,,559-047015,08591147+2141152,,STAR,gri,lam,-15.6,2.6,3,3.2,,,13.762,0.07,12.857,0.04,,,13.31,0.04,12.559,0.05,12.264,0.08,,,11.215,0.022,10.755,0.025,10.633,0.021,4969,149,149,4.585,0.03,0.03,0.037,0.12,0.1,0.763,0.05,0.039,0.836,0.043,0.043,1.818,0.245,0.216,207.7,21.09,22.75,0.025,0.006,0.004,,,
5372,5372,5372,212082526,08 53 39.854,+21 41 15.41,1,12.47,,,559-046817,08533985+2141154,,STAR,gri,rpm,-10,1.1,-17.2,1,,,13.242,0.03,12.582,0.04,,,12.911,0.04,12.408,0.03,12.281,0.04,,,11.505,0.022,11.209,0.021,11.1,0.018,5869,117,117,4.351,0.095,0.304,-0.045,0.15,0.18,1.099,0.494,0.146,1.045,0.08,0.096,0.73,0.313,0.48,408.5,194.9,66.37,0.035,0.011,0.009,,,
5373,5373,5373,212082551,08 55 50.862,+21 41 16.90,1,12.399,,,559-046895,08555086+2141168,,STAR,gri,lam,-10.1,1,-1.5,1.5,,,13.255,0.02,12.54,0.05,,,12.885,0.05,12.365,0.06,12.191,0.05,,,11.321,0.023,10.959,0.021,10.893,0.02,5286,107,85,3.589,0.12,0.144,-0.831,0.15,0.15,2.461,0.396,0.288,0.894,0.081,0.018,0.055,0.026,0.02,736.6,116.2,84.62,0.031,0.011,0.006,,,
5374,5374,5374,212082589,08 30 29.412,+21 41 19.40,1,15.271,,,559-045865,08302941+2141194,4508-301-2-0099-0041,STAR,JHK,rpm,-3.3,2.6,-7,2.6,,,,,,,,,,,,,,,,,13.736,0.026,13.266,0.028,13.114,0.025,5072,146,146,4.58,0.045,1.143,-0.293,0.3,0.48,0.768,2.302,0.079,0.81,0.083,0.099,1.793,0.413,1.761,657.3,1871,91.37,0.034,0.01,0.008,,,
5375,5375,5375,212082621,08 58 25.572,+21 41 21.82,1,15.492,,,559-046993,08582556+2141218,5038-301-3-0058-0038,STAR,gri,rpm,0,4.4,1.1,4.7,,,16.512,0.01,15.709,0.09,,,16.055,0.04,15.456,0.1,15.251,0.14,,,14.28,0.03,13.883,0.031,13.779,0.036,5437,213,213,4.523,0.055,0.132,-0.276,0.25,0.35,0.839,0.209,0.096,0.855,0.072,0.072,1.452,0.355,0.554,1027,364.6,132.5,0.034,0.008,0.007,,,
5376,5376,5376,212082632,08 57 08.907,+21 41 22.79,1,18.098,,,,08570890+2141227,,STAR,J,rpm,6,4,10,1,,,,,,,,,,,,,,,,,16.554,0.141,15.917,0.171,15.38,0.164,3818,494,309,4.932,0.105,0.147,-0.219,0.24,0.36,0.326,0.139,0.097,0.37,0.171,0.143,9.022,7.396,4.624,736,543,271.6,0.033,0.008,0.007,,,
5377,5377,5377,212082644,08 27 03.095,+21 41 23.46,1,16.782,,,,08270309+2141234,4508-301-3-0094-0407,EXTENDED,gri,,-3,3,4,3,,,,,,,20.249,0.111,18.024,0.009,16.729,0.005,16.249,0.005,15.901,0.01,15.557,0.078,14.832,0.095,14.281,0.082,,,,,,,,,,,,,,,,,,,,,,,,,,,
5378,5378,5378,212082655,08 33 00.484,+21 41 24.22,1,17.15,,,,08330048+2141242,6597-301-4-0223-0312,EXTENDED,gri,,3,3,4,3,,,,,,,19.939,0.082,18.18,0.009,17.213,0.007,16.709,0.006,16.313,0.016,15.908,0.094,14.968,0.081,14.431,0.077,,,,,,,,,,,,,,,,,,,,,,,,,,,
5379,5379,5379,212082668,08 27 14.828,+21 41 24.59,1,17.227,,,,08271482+2141245,,STAR,J,rpm,4,7,6,1,,,,,,,,,,,,,,,,,15.75,0.077,15.155,0.099,14.724,0.077,3860,524,291,4.893,0.12,0.168,-0.145,0.2,0.28,0.374,0.164,0.114,0.397,0.218,0.156,7.041,6.375,3.793,581.9,440.6,218.1,0.032,0.008,0.007,,,
5380,5380,5380,212082681,08 35 09.086,+21 41 25.33,1,12.346,,,559-046090,08350908+2141253,,STAR,gri,rpm,-1.9,1,-4.7,1.5,,,13.605,0.043,12.618,0.031,,,13.125,0.031,12.342,0.041,12.012,0.04,,,11.024,0.021,10.544,0.023,10.459,0.022,4918,78,78,2.927,0.555,0.666,-0.398,0.25,0.3,5.836,4.857,2.651,1.033,0.189,0.135,0.005,0.029,0.005,1278,1175,535.9,0.033,0.008,0.008,,,
5381,5381,5381,212082682,08 53 09.236,+21 41 25.65,1,14.611,,,559-046795,08530923+2141257,5038-301-4-0050-0098,STAR,gri,lam,-15.5,2.2,-15.2,2.4,,,15.73,0.063,14.864,0.01,,,15.361,0.04,14.59,0.06,14.29,0.03,,,13.199,0.023,12.726,0.026,12.623,0.023,5105,155,155,4.587,0.03,0.048,-0.148,0.15,0.15,0.759,0.066,0.053,0.81,0.07,0.05,1.837,0.248,0.298,520.9,77.44,49.1,0.032,0.01,0.007,,,
5382,5382,5382,212082739,08 26 49.238,+21 41 30.16,1,18.095,,,,,4508-301-3-0094-0357,STAR,gri,,-5,3,3,3,,,,,,,19.39,0.027,18.153,0.007,18.076,0.007,18.137,0.008,18.213,0.021,,,,,,,,,,,,,,,,,,,,,,,,,,,,,,,,,
5383,5383,5383,212082754,09 04 37.731,+21 41 31.08,1,10.404,,1407-1254-1,559-047166,09043777+2141314,,STAR,gri,rpm,-18.5,1.4,-43.6,1.4,,,11.853,0.173,10.884,0.089,,,11.065,0.04,10.418,0.05,10.121,0.09,,,9.193,0.025,8.863,0.026,8.88,0.03,5568,134,202,4.449,0.084,0.63,0.006,0.15,0.21,0.977,1.189,0.135,1.016,0.15,0.084,1.045,0.431,0.934,123.2,136.2,23.61,0.019,0.008,0.006,,,
5384,5384,5384,212082759,08 55 37.687,+21 41 31.60,1,13.882,,,559-046889,08553768+2141316,,STAR,gri,rpm,-17.9,1.9,-16.1,1.6,,,14.959,0.06,14.118,0.05,,,14.516,0.05,13.864,0.09,13.61,0.09,,,12.622,0.022,12.199,0.024,12.103,0.023,5296,125,125,4.543,0.04,0.808,-0.213,0.25,0.3,0.815,1.329,0.063,0.863,0.049,0.069,1.539,0.311,1.445,452,718.9,46.17,0.031,0.01,0.005,,,
5385,5385,5385,212082764,08 55 58.967,+21 41 31.91,1,8.833,43855,1400-579-1,559-046903,08555896+2141318,,STAR,gri,plx,-30.85,1.33,-15.87,0.89,4.99,1.08,8.825,0.02,8.516,0.016,,,9.553,0.05,8.779,0.02,8.525,0.06,,,7.995,0.023,7.864,0.026,7.785,0.021,6564,259,259,3.961,0.085,0.085,0.014,0.1,0.12,2.103,0.24,0.216,1.515,0.092,0.077,0.159,0.055,0.041,175.2,15.52,15.52,0.022,0.007,0.005,,,
5386,5386,5386,212082796,08 26 10.201,+21 41 33.92,1,14.17,,,559-045675,08261018+2141340,,STAR,JHK,rpm,35,4.4,-9,4.9,,,,,,,,,,,,,,,,,12.154,0.022,11.517,0.023,11.366,0.02,4154,287,239,4.774,0.102,0.085,-0.077,0.18,0.24,0.502,0.104,0.102,0.56,0.109,0.109,4.081,2.447,1.322,160.9,50.71,38.55,0.021,0.006,0.005,,,
5387,5387,5387,212082807,08 50 28.807,+21 41 34.20,1,14.727,,,559-046699,08502881+2141342,5045-301-4-0147-0032,STAR,gri,rpm,-1.7,2.2,-3.4,2.5,,,15.683,0.05,14.891,0.05,,,15.308,0.02,14.679,0.05,14.478,0.01,,,13.558,0.026,13.197,0.03,13.047,0.026,5429,131,131,4.52,0.045,0.081,-0.14,0.2,0.28,0.856,0.127,0.081,0.892,0.078,0.078,1.387,0.32,0.392,754.9,143.5,88.27,0.035,0.011,0.008,,,
5388,5388,5388,212082874,08 50 36.205,+21 41 38.50,1,15.212,,,559-046703,08503621+2141384,5045-301-4-0147-0048,STAR,gri,rpm,1.8,2.2,-1.6,2.4,,,16.437,0.03,15.526,0.08,,,15.986,0.02,15.267,0.03,14.88,0.089,,,13.818,0.029,13.32,0.036,13.216,0.032,5024,116,97,3.405,1.242,1.035,-0.523,0.4,0.48,2.589,5.467,1.926,0.85,0.103,0.089,0.028,1.893,0.027,2272,4327,1762,0.035,0.011,0.009,,,
5389,5389,5389,212082889,09 08 30.826,+21 41 39.42,1,9.438,,1407-1403-1,559-047307,09083082+2141394,,STAR,gri,rpm,-31.1,1.1,-164.3,1.1,,,9.978,0.038,9.492,0.031,,,9.944,0.03,9.39,0.04,9.22,0.06,,,8.388,0.021,8.145,0.055,8.117,0.018,5669,115,161,4.443,0.085,0.102,-0.09,0.2,0.36,0.964,0.158,0.136,0.964,0.075,0.106,0.998,0.428,0.347,77.38,26.05,16.62,0.014,0.005,0.004,,,
5390,5390,5390,212082957,08 33 42.578,+21 41 43.28,1,15.689,,,559-046010,08334257+2141432,4508-301-1-0103-0080,STAR,JHK,rpm,-29.4,3.8,26,3.7,,,,,,,,,,,,,,,,,13.588,0.023,13,0.029,12.775,0.028,3721,141,169,4.938,0.081,0.045,-0.022,0.12,0.21,0.332,0.048,0.072,0.354,0.071,0.107,9.366,5.107,2.011,176,39.92,46.48,0.019,0.008,0.005,,,
5391,5391,5391,212082958,08 28 24.178,+21 41 43.49,1,14.795,,,559-045776,08282417+2141433,,STAR,JHK,rpm,-1,4.3,-2.1,4.9,,,,,,,,,,,,,,,,,13.422,0.023,12.97,0.024,12.885,0.021,5149,154,154,4.526,0.066,1.199,-0.285,0.25,0.5,0.828,2.481,0.085,0.874,0.105,0.087,1.432,0.43,1.409,662.9,1870,99.98,0.034,0.01,0.006,,,
5392,5392,5392,212082999,09 06 40.104,+21 41 46.47,1,12.029,,,559-047238,09064009+2141465,,STAR,gri,lam,0.9,1.5,-0.7,1.7,,,13.508,0.04,12.316,0.07,,,12.929,0.05,11.947,0.09,11.643,0.1,,,10.43,0.02,9.883,0.028,9.75,0.022,4664,75,94,2.561,0.217,0.155,-0.112,0.12,0.12,9.018,2.387,1.888,1.232,0.195,0.139,0.001,0.001,6.29E-04,1519,311.4,304.5,0.034,0.01,0.007,,,
5393,5393,5393,212083000,08 58 28.808,+21 41 46.55,1,12.679,,,559-046996,08582880+2141465,,STAR,gri,lam,-15.3,1.2,-2.9,1.6,,,13.447,0.04,12.789,0.05,,,13.099,0.05,12.629,0.08,12.499,0.07,,,11.757,0.023,11.486,0.022,11.441,0.018,5990,119,119,4.31,0.07,0.112,0.081,0.1,0.1,1.208,0.197,0.109,1.114,0.071,0.057,0.608,0.175,0.203,518.2,80.9,51.01,0.031,0.01,0.007,,,
5394,5394,5394,212083004,08 51 17.242,+21 41 47.12,1,16.511,,,,08511724+2141471,5045-301-4-0148-0214,STAR,gri,rpm,-65,3,-21,3,,,,,,,20.834,0.073,18.491,0.007,17.049,0.005,15.663,0.004,14.928,0.005,13.523,0.025,12.907,0.026,12.696,0.023,3616,72,160,5.04,0.03,0.048,-0.138,0.21,0.15,0.244,0.035,0.022,0.24,0.05,0.031,16.26,2.844,3.697,119.1,25.42,15.37,0.019,0.005,0.005,,,
5395,5395,5395,212083021,08 58 00.541,+21 41 48.38,1,14.502,,,559-046981,08580054+2141481,5038-301-3-0057-0085,STAR,gri,rpm,-15.6,4.4,-12.3,4.7,,,16.419,0.09,15.048,0.06,,,15.773,0.04,14.478,0.09,13.957,0.09,,,12.651,0.023,11.985,0.019,11.808,0.023,4067,119,119,4.798,0.049,0.035,-0.026,0.15,0.15,0.488,0.036,0.05,0.549,0.047,0.056,4.601,1.06,0.73,188.9,23.83,21.16,0.025,0.005,0.007,,,
5396,5396,5396,212083048,08 56 28.682,+21 41 50.24,1,12.964,,,559-046925,08562868+2141503,,STAR,gri,rpm,-20.1,1.1,2,2.2,,,13.829,0.04,13.088,0.05,,,13.452,0.05,12.898,0.07,12.755,0.08,,,11.931,0.023,11.629,0.022,11.539,0.021,5834,138,173,4.398,0.07,0.196,-0.109,0.16,0.24,1.043,0.294,0.111,1.008,0.062,0.1,0.849,0.27,0.435,458.8,132,60.12,0.033,0.01,0.008,,,
5397,5397,5397,212083089,08 51 48.219,+21 41 52.72,1,17.533,,,,08514821+2141527,5045-301-4-0149-0173,EXTENDED,gri,,0,3,2,3,,,,,,,20.574,0.104,18.545,0.01,17.514,0.007,17.099,0.007,16.765,0.017,16.186,0.091,15.581,0.133,14.884,0.098,,,,,,,,,,,,,,,,,,,,,,,,,,,
5398,5398,5398,212083093,08 31 59.780,+21 41 52.78,1,8.633,,1391-436-1,559-045931,08315978+2141528,,STAR,BV,rpm,-3.6,0.9,-6.6,0.9,,,9.768,0.027,8.797,0.016,,,,,,,,,,,7.075,0.032,6.554,0.016,6.472,0.018,4797,114,114,2.565,0.224,0.192,-0.075,0.12,0.27,11.072,1.322,1.402,1.69,0.63,0.525,0.001,0.001,3.43E-04,402.7,53.94,34.58,0.03,0.011,0.006,,,
5399,5399,5399,212083097,09 09 17.244,+21 41 53.28,1,14.378,,,559-047325,09091723+2141532,,STAR,gri,rpm,-23.3,2.6,-4.7,2.9,,,16.21,0.13,14.888,0.03,,,15.642,0.07,14.334,0.08,13.836,0.08,,,12.517,0.026,11.926,0.032,11.702,0.019,3833,61,46,4.973,0.02,0.111,-0.245,0.14,0.06,0.319,0.107,0.006,0.354,0.129,0.007,10.76,0.646,4.527,109.1,45.23,3.274,0.02,0.001,0.004,,,
5400,5400,5400,212083109,08 51 11.559,+21 41 53.78,1,12.91,,,559-046734,08511156+2141539,,STAR,gri,rpm,-4.3,1,-32.3,1.2,,,13.793,0.02,13.063,0.03,,,13.419,0.02,12.855,0.03,12.692,0.03,,,11.853,0.023,11.485,0.027,11.428,0.019,5554,87,109,4.499,0.045,0.063,-0.178,0.2,0.24,0.872,0.091,0.083,0.906,0.066,0.092,1.266,0.291,0.279,357.3,57.5,41.78,0.029,0.011,0.007,,,
5401,5401,5401,212083140,08 52 53.431,+21 41 56.25,1,16.355,,,,08525343+2141562,5038-301-4-0050-0199,STAR,gri,rpm,-15,3,-74,3,,,,,,,20.554,0.051,18.167,0.006,16.809,0.005,15.579,0.005,14.928,0.006,13.622,0.022,13.003,0.026,12.814,0.021,3780,115,115,4.963,0.048,0.048,-0.149,0.15,0.27,0.32,0.04,0.042,0.345,0.052,0.062,10.32,2.732,2.16,176.2,35.83,29.77,0.024,0.006,0.007,,,
5402,5402,5402,212083147,08 54 05.504,+21 41 56.74,1,16.803,,,,08540550+2141567,5038-301-4-0052-0292,STAR,gri,rpm,-51,3,5,3,,,,,,,21.241,0.082,18.813,0.008,17.307,0.006,15.942,0.005,15.215,0.006,13.799,0.026,13.271,0.026,12.967,0.033,3315,131,52,5.123,0.02,0.02,0.012,0.12,0.18,0.182,0.012,0.009,0.159,0.014,0.008,26.4,2.547,2.323,89.42,7.728,3.631,0.013,0.002,0.003,,,
5403,5403,5403,212083151,09 00 05.723,+21 41 56.85,1,17.163,,,,09000572+2141568,5071-301-6-0144-0093,EXTENDED,gri,,-2,3,4,3,,,,,,,20.281,0.096,18.287,0.009,17.162,0.006,16.681,0.006,16.268,0.011,15.726,0.073,14.979,0.078,14.445,0.074,,,,,,,,,,,,,,,,,,,,,,,,,,,
5404,5404,5404,212083165,08 54 45.753,+21 41 57.98,1,17.46,,,,08544575+2141579,5045-301-3-0153-0074,STAR,gri,rpm,-40,3,-17,3,,,,,,,21.944,0.166,19.601,0.013,18.105,0.007,16.542,0.005,15.706,0.006,14.255,0.026,13.632,0.032,13.4,0.041,3473,151,129,5.077,0.042,0.035,-0.073,0.2,0.24,0.214,0.023,0.028,0.205,0.025,0.039,20.19,5.523,3.203,143.4,21.24,29.49,0.021,0.011,0.005,,,
5405,5405,5405,212083180,08 28 04.096,+21 41 58.71,1,12.847,,,559-045761,08280409+2141587,,STAR,gri,rpm,-7.2,1.4,1.6,2.5,,,13.514,0.04,12.962,0.02,,,13.24,0.05,12.82,0.02,12.678,0.062,,,11.897,0.02,11.582,0.02,11.532,0.018,5959,117,117,4.173,0.245,0.294,-0.186,0.2,0.28,1.291,0.579,0.343,1.042,0.126,0.09,0.37,0.497,0.212,602.6,217.8,160,0.032,0.011,0.008,,,
5406,5406,5406,212083186,08 32 39.594,+21 42 00.24,1,13.357,,,559-045951,08323958+2142003,,STAR,gri,rpm,2.1,1.4,-4.6,1.6,,,14.508,0.01,13.577,0.06,,,14.057,0.02,13.272,0.02,13.057,0.064,,,11.962,0.023,11.477,0.022,11.365,0.02,4936,59,59,3.343,0.315,0.756,-0.263,0.2,0.24,3.701,4.332,1.099,1.109,0.137,0.191,0.019,0.038,0.018,1328,1399,370.4,0.033,0.01,0.006,,,
5407,5407,5407,212083205,09 02 27.601,+21 42 01.84,1,15.249,,,559-047100,09022759+2142020,5038-301-2-0063-0201,STAR,JHK,rpm,-55,7.8,-29.3,8.1,,,,,,,,,,,,,,,,,12.994,0.023,12.358,0.026,12.135,0.02,3793,146,205,4.927,0.078,0.065,-0.056,0.16,0.24,0.344,0.062,0.071,0.371,0.084,0.101,8.868,4.009,2.761,145,36.29,38.94,0.019,0.008,0.005,,,
5408,5408,5408,212083218,08 33 36.931,+21 42 02.98,1,16.574,,,,08333693+2142029,6728-301-3-0130-0321,EXTENDED,gri,,-3,2,8,2,,,,,,,19.227,0.061,17.413,0.007,16.644,0.005,16.214,0.005,15.936,0.012,15.795,0.091,15.19,0.114,14.844,0.122,,,,,,,,,,,,,,,,,,,,,,,,,,,
5409,5409,5409,212083250,08 51 04.780,+21 42 04.87,1,11.967,,,559-046725,08510478+2142050,,STAR,JHK,rpm,-21.8,1.5,-3.4,1.7,,,,,,,,,,,,,,,,,10.895,0.023,10.622,0.027,10.585,0.019,6083,184,147,4.204,0.16,0.224,-0.167,0.24,0.24,1.3,0.415,0.234,1.098,0.137,0.098,0.467,0.345,0.252,379.4,131,72.43,0.03,0.008,0.007,,,
5410,5410,5410,212083253,09 02 52.520,+21 42 05.13,1,12.956,,,559-047110,09025251+2142051,,STAR,gri,rpm,-2,1.4,5,1.7,,,13.762,0.04,13.098,0.06,,,13.396,0.04,12.959,0.05,12.767,0.09,,,11.895,0.023,11.577,0.023,11.557,0.019,5938,117,117,4.211,0.198,0.33,-0.166,0.2,0.36,1.238,0.644,0.234,1.043,0.13,0.13,0.457,0.455,0.313,569.3,262.7,120.2,0.033,0.008,0.008,,,
5411,5411,5411,212083271,09 10 40.032,+21 42 06.65,1,16.609,,,,,5071-301-4-0159-0317,EXTENDED,gri,,3,4,-1,4,,,,,,,18.252,0.035,17.132,0.007,16.718,0.007,16.385,0.007,16.209,0.024,,,,,,,,,,,,,,,,,,,,,,,,,,,,,,,,,
5412,5412,5412,212083330,09 05 41.361,+21 42 10.47,1,13.378,,,559-047201,09054135+2142107,,STAR,gri,rpm,2.9,2,1.8,2,,,14.422,0.07,13.615,0.07,,,14.014,0.05,13.35,0.09,13.105,0.09,,,12.038,0.024,11.646,0.03,11.519,0.02,5255,220,157,3.672,0.79,0.79,-0.324,0.3,0.72,2.406,3.26,1.545,0.95,0.246,0.076,0.059,0.923,0.056,953.2,1161,586.8,0.034,0.007,0.008,,,
5413,5413,5413,212083362,08 33 32.360,+21 42 12.48,1,14.027,,,559-046004,08333235+2142125,6728-301-3-0130-0167,STAR,BV,rpm,5,1.8,-14.7,2,,,15.191,0.06,14.197,0.037,,,14.626,0.037,,,,,,,12.677,0.023,12.239,0.025,12.15,0.022,5259,157,157,4.557,0.036,0.834,-0.181,0.25,0.45,0.81,1.425,0.075,0.877,0.052,0.094,1.626,0.263,1.537,459.3,801.7,50.89,0.033,0.007,0.006,,,
5414,5414,5414,212083371,09 05 48.836,+21 42 12.79,1,12.966,,,559-047208,09054883+2142130,,STAR,gri,lam,-1.7,1.5,2.6,1.7,,,13.591,0.04,13.062,0.07,,,13.301,0.05,12.922,0.09,12.822,0.11,,,12.066,0.024,11.798,0.03,11.741,0.023,6201,151,126,4.173,0.11,0.132,-0.261,0.12,0.15,1.366,0.286,0.173,1.08,0.112,0.093,0.395,0.196,0.17,688.6,167.2,87.47,0.033,0.01,0.007,,,
5415,5415,5415,212083408,08 28 57.881,+21 42 15.22,1,13.229,,,559-045800,08285788+2142152,,STAR,gri,rpm,-2.8,1.8,-0.8,2.3,,,14.414,0.01,13.473,0.033,,,13.962,0.04,13.187,0.042,12.915,0.063,,,11.747,0.021,11.244,0.022,11.15,0.019,4931,79,99,3.104,0.34,0.68,-0.383,0.24,0.32,4.596,4.702,1.489,1.066,0.173,0.144,0.008,0.025,0.007,1543,1464,477.9,0.035,0.01,0.007,,,
5416,5416,5416,212083439,08 57 20.437,+21 42 17.27,1,17.823,,,559-046957,08572044+2142172,5038-301-3-0056-0141,STAR,J,,-2.1,7.2,-8.3,7,,,,,,,,,,,,,,,,,16.303,0.105,16,0.174,,,,,,,,,,,,,,,,,,,,,,,,,,,,,
5417,5417,5417,212083455,08 51 03.723,+21 42 18.11,1,12.262,,1399-854-1,559-046723,08510372+2142182,,STAR,BV,plx,37.3,1.9,-68.2,2.2,,,12.187,0.191,12.155,0.241,,,,,,,,,,,10.683,0.022,10.265,0.025,10.23,0.02,5296,157,94,4.559,0.03,0.03,-0.145,0.2,0.32,0.793,0.057,0.063,0.844,0.073,0.088,1.635,0.268,0.195,161.3,21.21,21.21,0.022,0.007,0.005,,,
5418,5418,5418,212083482,08 27 36.738,+21 42 20.40,1,18.3,,,,08273673+2142204,4508-301-3-0095-0281,EXTENDED,gri,,-3,3,3,3,,,,,,,20.397,0.066,19.434,0.014,18.366,0.009,17.814,0.008,17.536,0.018,16.412,0.111,15.594,0.125,15.023,0.104,,,,,,,,,,,,,,,,,,,,,,,,,,,
5419,5419,5419,212083530,08 27 01.393,+21 42 24.50,1,14.088,,,559-045720,,4508-301-3-0094-0187,EXTENDED,gri,,-5.5,5.4,0.5,5.1,,,15.065,0.01,14.306,0.05,,,14.737,0.09,14.057,0.03,13.81,0.07,,,,,,,,,,,,,,,,,,,,,,,,,,,,,,,,,,,
5420,5420,5420,212083551,08 57 14.743,+21 42 25.48,1,18.36,,,,,5038-301-3-0056-0257,EXTENDED,gri,,3,3,-8,3,,,,,,,19.604,0.045,18.576,0.01,18.288,0.011,18.139,0.015,18.097,0.062,,,,,,,,,,,,,,,,,,,,,,,,,,,,,,,,,
5421,5421,5421,212083585,08 52 40.025,+21 42 28.85,1,14.224,,,559-046779,08524003+2142289,,STAR,gri,rpm,17.4,2.1,-45.1,1.7,,,15.611,0.03,14.55,0.03,,,15.133,0.02,14.139,0.04,13.835,0.04,,,12.71,0.025,12.153,0.023,12.034,0.018,4586,73,55,4.661,0.03,0.025,-0.141,0.12,0.15,0.644,0.035,0.046,0.706,0.034,0.057,2.594,0.384,0.282,304.9,23.31,29.88,0.032,0.004,0.011,,,
5422,5422,5422,212083605,08 25 45.571,+21 42 30.12,1,19.328,,,,,6597-301-5-0212-0380,STAR,gri,,-1,3,6,3,,,,,,,19.91,0.035,19.462,0.012,19.283,0.014,19.332,0.02,19.119,0.048,,,,,,,,,,,,,,,,,,,,,,,,,,,,,,,,,
5423,5423,5423,212083610,08 50 49.714,+21 42 30.30,1,19.399,,,,,5045-301-4-0147-0285,EXTENDED,gri,,9,3,-8,3,,,,,,,22.026,0.239,20.77,0.034,19.326,0.017,18.812,0.015,18.546,0.044,,,,,,,,,,,,,,,,,,,,,,,,,,,,,,,,,
5424,5424,5424,212083627,09 05 22.685,+21 42 31.27,1,14.756,,,559-047194,09052268+2142314,,STAR,gri,rpm,-29,3,-11.4,3.3,,,16.876,0.09,15.492,0.07,,,16.236,0.04,14.852,0.03,14.121,0.14,,,12.633,0.021,11.953,0.021,11.764,0.024,3939,63,94,4.847,0.035,0.035,0.011,0.1,0.1,0.437,0.029,0.043,0.494,0.03,0.06,5.793,1.236,0.748,165.3,15.53,19.53,0.025,0.006,0.004,,,
5425,5425,5425,212083636,08 32 35.433,+21 42 31.59,1,12.571,,,559-045950,08323542+2142315,,STAR,gri,rpm,0.2,1,0,2.7,,,12.763,0.01,12.539,0.04,,,12.588,0.04,12.565,0.04,12.639,0.062,,,12.218,0.022,12.146,0.021,12.134,0.018,7612,237,237,4.068,0.13,0.13,-0.127,0.08,0.16,1.909,0.44,0.303,1.65,0.143,0.089,0.197,0.145,0.073,1117,339.2,221.4,0.037,0.01,0.006,,,
5426,5426,5426,212083652,09 10 49.101,+21 42 32.36,1,17.516,,,,,5071-301-4-0159-0332,EXTENDED,gri,,7,2,4,2,,,,,,,19.228,0.05,18.079,0.01,17.568,0.009,17.274,0.01,17.172,0.034,,,,,,,,,,,,,,,,,,,,,,,,,,,,,,,,,
5427,5427,5427,212083684,08 56 15.551,+21 42 34.34,1,11.94,,,559-046916,08561555+2142343,,STAR,gri,rpm,6.9,0.9,4.7,1.2,,,13.078,0.02,12.148,0.05,,,12.616,0.05,11.883,0.07,11.65,0.07,,,10.622,0.025,10.166,0.022,10.085,0.017,5027,122,81,2.869,0.707,0.606,-0.549,0.42,0.3,5.465,5.349,2.703,0.978,0.247,0.082,0.004,0.03,0.004,1155,783.7,595.5,0.034,0.009,0.011,,,
5428,5428,5428,212083686,08 53 12.200,+21 42 34.52,1,12.419,,,559-046798,08531220+2142346,,STAR,gri,rpm,-24.8,1.7,-18.9,1.1,,,13.235,0.01,12.533,0.04,,,12.894,0.03,12.35,0.04,12.216,0.03,,,11.352,0.022,11.059,0.021,10.988,0.024,5758,136,136,4.44,0.045,0.108,0.027,0.15,0.21,1.003,0.165,0.059,1.016,0.071,0.085,0.988,0.194,0.319,335.3,67.08,26.67,0.032,0.014,0.011,,,
5429,5429,5429,212083690,09 07 30.097,+21 42 34.89,1,14.505,,,559-047267,09073009+2142348,5038-301-1-0071-0011,STAR,gri,rpm,-12.1,3.3,-8.8,3.4,,,16.207,0.11,14.968,0.07,,,15.66,0.05,14.453,0.1,14.011,0.09,,,12.752,0.026,12.105,0.035,11.998,0.023,4239,154,128,4.743,0.06,0.05,-0.056,0.15,0.18,0.538,0.062,0.055,0.607,0.067,0.067,3.581,1.075,0.704,237.7,36.47,37.42,0.027,0.008,0.006,,,
5430,5430,5430,212083694,08 55 37.035,+21 42 35.12,1,11.905,,,559-046888,08553703+2142351,,STAR,gri,rpm,-6.2,0.8,-0.2,1.5,,,12.46,0.03,11.956,0.05,,,12.187,0.04,11.862,0.07,11.784,0.05,,,11.086,0.02,10.903,0.021,10.819,0.018,6534,158,198,4.074,0.192,0.256,-0.036,0.12,0.12,1.704,0.75,0.347,1.37,0.254,0.141,0.234,0.197,0.135,575.5,281.2,126.7,0.034,0.01,0.007,,,
5431,5431,5431,212083743,08 57 14.080,+21 42 39.03,1,18.235,,,,08571407+2142390,5038-301-3-0056-0256,STAR,gri,col,,,,,,,,,,,22.697,0.266,19.728,0.013,18.231,0.008,17.595,0.007,17.219,0.013,16.044,0.089,15.677,0.123,15.345,0.154,3742,37,37,5.11,0.054,0.045,-0.553,0.12,0.18,0.199,0.029,0.025,0.194,0.039,0.028,22.29,7.503,4.787,338.2,68.41,56.9,0.031,0.01,0.007,,,
5432,5432,5432,212083766,08 56 57.840,+21 42 40.14,1,14.662,,,559-046940,08565784+2142401,5038-301-3-0056-0035,STAR,gri,rpm,-15.9,3.2,-28.8,3.4,,,16.044,0.02,15.026,0.07,,,15.525,0.04,14.639,0.08,14.293,0.09,,,13.243,0.024,12.712,0.024,12.642,0.027,4792,143,86,4.635,0.04,0.04,-0.241,0.25,0.3,0.677,0.057,0.062,0.72,0.066,0.066,2.323,0.496,0.409,433.4,56.03,41.76,0.032,0.007,0.005,,,
5433,5433,5433,212083781,08 57 45.532,+21 42 41.23,1,17.874,,,,08574553+2142412,5038-301-3-0057-0198,EXTENDED,gri,,0,3,2,3,,,,,,,20.645,0.09,18.796,0.01,17.886,0.008,17.479,0.008,17.168,0.02,16.164,0.105,15.971,0.166,15.251,0.142,,,,,,,,,,,,,,,,,,,,,,,,,,,
5434,5434,5434,212083783,08 33 11.418,+21 42 41.27,1,14.237,,,559-045985,08331141+2142414,,STAR,BV,rpm,-14.1,4.3,-5.5,2.6,,,15.696,0.09,14.469,0.039,,,15.183,0.041,,,,,,,12.537,0.025,11.974,0.021,11.838,0.019,4705,142,142,4.638,0.04,1.24,-0.156,0.2,0.2,0.677,2.818,0.064,0.739,0.113,0.071,2.338,0.441,2.309,304.5,1175,40.75,0.029,0.008,0.007,,,
5435,5435,5435,212083796,08 35 22.395,+21 42 41.82,1,17.726,,,,08352239+2142418,,STAR,J,col,,,,,,,,,,,,,,,,,,,,,16.214,0.072,15.495,0.1,15.094,0.11,3864,395,395,4.93,0.135,0.162,-0.213,0.25,0.3,0.33,0.147,0.118,0.358,0.169,0.169,8.474,9.028,4.371,641.7,406.2,285.5,0.032,0.008,0.007,,,
5436,5436,5436,212083803,08 54 28.440,+21 42 42.03,1,12.573,,,559-046857,08542843+2142420,,STAR,gri,rpm,-8.9,1,-0.3,1.8,,,13.488,0.042,12.696,0.02,,,13.142,0.01,12.485,0.06,12.329,0.02,,,11.478,0.022,11.151,0.021,11.083,0.022,5580,167,167,3.991,0.49,0.294,0.008,0.12,0.24,1.664,0.786,0.834,1.078,0.239,0.109,0.197,0.904,0.121,584.1,256.3,280.6,0.034,0.007,0.01,,,
5437,5437,5437,212083882,09 04 01.632,+21 42 47.01,1,11.989,,,559-047147,09040162+2142471,,STAR,gri,rpm,54.7,1.6,-29.7,1.3,,,12.972,0.04,12.172,0.06,,,12.564,0.05,11.984,0.05,11.743,0.09,,,10.816,0.023,10.449,0.021,10.358,0.02,5482,134,168,4.516,0.055,0.066,-0.235,0.25,0.3,0.843,0.101,0.09,0.879,0.085,0.103,1.437,0.372,0.347,210.9,59.55,39.48,0.027,0.006,0.006,,,
5438,5438,5438,212083914,08 33 50.137,+21 42 49.43,1,14.662,,,559-046019,08335014+2142495,4508-301-1-0103-0095,STAR,BV,rpm,6.1,2.4,-31.2,2.6,,,15.747,0.09,14.873,0.044,,,15.469,0.044,,,,,,,13.311,0.025,12.826,0.03,12.741,0.03,5013,180,150,4.617,0.042,0.035,-0.391,0.25,0.25,0.694,0.054,0.066,0.737,0.061,0.073,2.16,0.461,0.33,481.3,60.72,53.92,0.032,0.011,0.008,,,
5439,5439,5439,212083925,08 33 38.282,+21 42 50.18,1,18.588,,,,08333828+2142501,,STAR,JHK,col,,,,,,,,,,,,,,,,,,,,,16.135,0.101,15.488,0.139,15.206,0.139,3920,545,389,4.896,0.15,0.21,-0.263,0.25,0.35,0.375,0.187,0.144,0.402,0.195,0.195,7.097,8.976,3.963,673,529.3,296.3,0.032,0.008,0.007,,,
5440,5440,5440,212083986,09 00 21.113,+21 42 54.53,1,14.055,,,559-047037,09002111+2142544,5071-301-6-0144-0054,STAR,gri,lam,-23.3,2.8,-11.9,3.8,,,15.966,0.09,14.675,0.07,,,15.387,0.04,14.16,0.04,13.483,0.08,,,12.003,0.02,11.357,0.021,11.232,0.02,4117,168,96,4.965,0.096,0.096,-0.78,0.2,0.28,0.31,0.097,0.074,0.338,0.124,0.103,10.35,6.056,3.821,91.32,32.72,24.09,0.016,0.006,0.004,,,
5441,5441,5441,212084012,09 08 28.646,+21 42 55.78,1,17.015,,,,09082864+2142557,5061-301-5-0158-0240,EXTENDED,gri,,0,2,2,2,,,,,,,19.35,0.039,17.854,0.006,17.072,0.005,16.656,0.006,16.337,0.013,15.835,0.094,15.159,0.129,14.635,0.101,,,,,,,,,,,,,,,,,,,,,,,,,,,
5442,5442,5442,212084013,08 56 17.025,+21 42 55.85,1,14.984,,,559-046917,08561702+2142557,5045-301-3-0155-0050,STAR,gri,rpm,1.8,2.2,-4.7,2.4,,,16.086,0.07,15.209,0.05,,,15.639,0.06,14.922,0.08,14.703,0.12,,,13.733,0.023,13.312,0.031,13.214,0.036,5225,188,157,4.552,0.04,0.832,-0.183,0.2,0.4,0.811,1.457,0.077,0.867,0.064,0.089,1.6,0.301,1.509,745.5,1315,88.98,0.034,0.01,0.008,,,
5443,5443,5443,212084024,08 51 56.550,+21 42 56.67,1,17.438,,,,08515655+2142566,5045-301-4-0149-0314,EXTENDED,gri,,6,3,-3,3,,,,,,,20.098,0.12,18.479,0.014,17.464,0.009,16.992,0.009,16.641,0.026,16.611,0.13,15.723,0.16,15.063,0.14,,,,,,,,,,,,,,,,,,,,,,,,,,,
5444,5444,5444,212084039,08 51 14.007,+21 42 57.41,1,15.379,,,,08511400+2142574,5045-301-4-0148-0202,EXTENDED,gri,,-4,3,17,3,,,,,,,17.177,0.019,15.927,0.003,15.426,0.003,15.144,0.004,14.956,0.011,16.421,0.2,,,15.254,0.169,,,,,,,,,,,,,,,,,,,,,,,,,,,
5445,5445,5445,212084055,08 53 26.414,+21 42 58.95,1,10.966,,1400-27-1,559-046807,08532643+2142591,,STAR,gri,rpm,-16.3,2,-20,2.2,,,12.326,0.256,11.5,0.147,,,11.734,0.03,10.922,0.04,10.637,0.03,,,9.56,0.022,9.064,0.021,8.931,0.018,4883,78,78,3.231,0.275,0.715,-0.257,0.25,0.3,4.273,4.206,1.24,1.117,0.199,0.166,0.012,0.019,0.011,524.3,516,130.2,0.033,0.011,0.007,,,
5446,5446,5446,212084062,09 08 07.984,+21 42 59.32,1,14.452,,,559-047290,09080797+2142591,,STAR,gri,rpm,37.9,3.2,-15.1,3.5,,,15.905,0.08,14.877,0.05,,,15.469,0.03,14.343,0.08,14.016,0.14,,,12.859,0.022,12.284,0.032,12.198,0.023,4464,135,162,4.692,0.054,0.045,-0.128,0.16,0.28,0.592,0.063,0.068,0.658,0.067,0.08,2.984,0.842,0.558,293.7,41.18,49.29,0.027,0.008,0.005,,,
5447,5447,5447,212084092,08 53 15.116,+21 43 00.80,1,12.831,,,559-046801,08531511+2143009,,STAR,gri,rpm,-1.3,1.1,-0.6,1.3,,,14.058,0.01,13.069,0.03,,,13.574,0.03,12.781,0.06,12.512,0.03,,,11.411,0.022,10.903,0.022,10.845,0.02,4900,78,78,2.897,0.492,0.574,-0.383,0.16,0.28,5.675,5.069,2.391,1.094,0.151,0.151,0.005,0.021,0.004,1528,1310,546.1,0.033,0.008,0.006,,,
5448,5448,5448,212084152,08 53 20.022,+21 43 05.36,1,18.263,,,,,5038-301-4-0051-0168,EXTENDED,gri,,-4,3,6,3,,,,,,,19.943,0.086,18.724,0.013,18.3,0.015,18.066,0.022,18.034,0.096,,,,,,,,,,,,,,,,,,,,,,,,,,,,,,,,,
5449,5449,5449,212084185,09 09 13.351,+21 43 07.31,1,15.049,,,559-047321,09091334+2143073,,STAR,gri,rpm,-2.5,3.2,-3.1,3.4,,,15.989,0.04,15.296,0.07,,,15.61,0.06,15.035,0.07,14.809,0.16,,,13.98,0.029,13.574,0.04,13.469,0.037,5439,214,214,4.514,0.06,0.72,-0.267,0.25,0.4,0.851,1.191,0.093,0.879,0.07,0.097,1.404,0.384,1.284,903.4,1136,130.9,0.033,0.008,0.007,,,
5450,5450,5450,212084213,08 57 38.188,+21 43 08.94,1,10.802,,1400-1473-1,559-046970,08573817+2143089,,STAR,gri,lam,3.5,1.4,-4.8,1.5,,,12.185,0.294,10.847,0.093,,,11.63,0.05,10.768,0.08,10.448,0.07,,,9.319,0.018,8.8,0.024,8.658,0.02,4737,95,95,2.408,0.08,0.05,-0.238,0.12,0.12,11.105,0.663,0.524,1.198,0.172,0.143,8.37E-04,1.65E-04,1.16E-04,1110,69.56,54.82,0.033,0.01,0.007,,,
5451,5451,5451,212084251,09 03 19.673,+21 43 11.94,1,16.439,,,,09031967+2143119,5038-301-2-0065-0155,EXTENDED,gri,,-6,2,-4,2,,,,,,,18.554,0.031,17.065,0.005,16.522,0.008,16.171,0.005,15.952,0.014,16.254,0.121,15.578,0.168,15.232,0.152,,,,,,,,,,,,,,,,,,,,,,,,,,,
5452,5452,5452,212084281,08 27 20.196,+21 43 13.40,1,16.171,,,,08272019+2143134,4508-301-3-0095-0052,EXTENDED,gri,,,,,,,,,,,,18.262,0.025,16.858,0.005,16.214,0.004,15.876,0.006,15.6,0.011,15.584,0.101,14.791,0.105,14.571,0.114,,,,,,,,,,,,,,,,,,,,,,,,,,,
5453,5453,5453,212084285,09 00 03.155,+21 43 13.82,1,16.95,,,,09000315+2143138,5071-301-6-0144-0091,EXTENDED,gri,,6,1,8,1,,,,,,,19.975,0.058,17.908,0.006,16.979,0.005,16.54,0.005,16.193,0.009,15.53,0.059,14.727,0.063,14.548,0.075,,,,,,,,,,,,,,,,,,,,,,,,,,,
5454,5454,5454,212084287,08 28 15.426,+21 43 13.92,1,19.172,,,,,4508-301-3-0096-0277,STAR,gri,,6,3,-4,3,,,,,,,19.836,0.034,19.277,0.011,19.137,0.012,19.052,0.013,18.762,0.031,,,,,,,,,,,,,,,,,,,,,,,,,,,,,,,,,
5455,5455,5455,212084299,08 26 41.493,+21 43 14.64,1,17.599,,,,,6597-301-5-0214-0337,EXTENDED,gri,,-2,3,-12,3,,,,,,,18.739,0.031,17.802,0.007,17.532,0.008,17.34,0.011,17.264,0.033,,,,,,,,,,,,,,,,,,,,,,,,,,,,,,,,,
5456,5456,5456,212084316,08 58 52.409,+21 43 15.66,1,19.113,,,,,5038-301-3-0058-0302,STAR,gri,,-6,4,2,4,,,,,,,19.899,0.033,19.286,0.01,19.055,0.011,19.017,0.014,18.913,0.04,,,,,,,,,,,,,,,,,,,,,,,,,,,,,,,,,
5457,5457,5457,212084329,09 06 40.298,+21 43 16.87,1,14.121,,,559-047239,09064029+2143170,,STAR,gri,rpm,29.5,3.3,-25,3.5,,,15.655,0.04,14.519,0.06,,,15.151,0.02,14.06,0.09,13.68,0.1,,,12.481,0.023,11.935,0.031,11.813,0.022,4583,109,164,4.66,0.07,0.035,-0.15,0.3,0.3,0.642,0.057,0.093,0.696,0.064,0.106,2.592,1.011,0.426,281.2,22.2,57.32,0.027,0.007,0.006,,,
5458,5458,5458,212084332,09 00 23.782,+21 43 16.98,1,16.819,,,,09002378+2143169,5071-301-6-0144-0147,EXTENDED,gri,,0,3,0,3,,,,,,,19.185,0.051,17.76,0.007,16.85,0.005,16.416,0.005,16.108,0.013,16.063,0.101,15.196,0.1,14.687,0.102,,,,,,,,,,,,,,,,,,,,,,,,,,,
5459,5459,5459,212084340,09 06 55.742,+21 43 17.43,1,13.349,,,559-047249,09065573+2143175,,STAR,gri,rpm,-4.8,2.3,-5.2,2.5,,,14.604,0.04,13.626,0.06,,,14.098,0.03,13.32,0.08,13.028,0.1,,,11.933,0.023,11.343,0.032,11.283,0.022,4815,94,113,2.66,0.72,0.45,-0.473,0.3,0.48,6.418,4.985,3.136,0.948,0.193,0.116,0.003,0.022,0.002,2298,1695,1092,0.032,0.011,0.005,,,
5460,5460,5460,212084362,08 31 23.073,+21 43 19.48,1,19.663,,,,,4508-301-2-0100-0849,EXTENDED,gri,,,,,,,,,,,,21.931,0.395,20.095,0.038,19.674,0.039,19.478,0.045,19.61,0.184,,,,,,,,,,,,,,,,,,,,,,,,,,,,,,,,,
5461,5461,5461,212084405,09 05 43.889,+21 43 21.86,1,13.357,,,559-047204,09054388+2143221,,STAR,gri,rpm,-1.9,3.7,0.7,1.6,,,14.745,0.05,13.665,0.06,,,14.205,0.04,13.337,0.09,12.993,0.1,,,11.808,0.022,11.209,0.028,11.12,0.021,4688,109,109,2.476,0.567,0.405,-0.413,0.3,0.42,9.201,5.149,4.262,0.955,0.244,0.122,0.001,0.006,8.33E-04,2917,1468,1268,0.033,0.01,0.007,,,
5462,5462,5462,212084480,09 10 03.679,+21 43 26.39,1,18.941,,,,,5071-301-4-0158-0109,STAR,gri,,-2,3,-3,3,,,,,,,19.118,0.023,19.062,0.009,18.901,0.01,18.901,0.012,18.859,0.038,,,,,,,,,,,,,,,,,,,,,,,,,,,,,,,,,
5463,5463,5463,212084488,09 03 11.985,+21 43 26.87,1,11.34,,,559-047117,09031198+2143268,,STAR,gri,rpm,9.5,1,-8,1.2,,,12.61,0.04,11.634,0.06,,,12.115,0.04,11.372,0.04,11.007,0.08,,,9.854,0.022,9.3,0.021,9.213,0.017,4829,76,76,2.481,0.55,0.33,-0.579,0.3,0.42,8.965,3.734,3.647,0.977,0.194,0.088,0.001,0.006,7.45E-04,1242,406.6,495.9,0.034,0.01,0.006,,,
5464,5464,5464,212084529,08 53 41.653,+21 43 29.74,1,14.82,,,559-046821,08534165+2143296,5038-301-4-0051-0226,EXTENDED,gri,,-79.7,2.3,-29.2,2.4,,,17.786,0.131,16.045,0.066,,,16.841,0.05,15.359,0.05,13.954,0.05,,,11.911,0.022,11.296,0.023,11.026,0.02,,,,,,,,,,,,,,,,,,,,,,,,,,,
5465,5465,5465,212084535,08 29 27.964,+21 43 30.30,1,19.768,,,,,6728-301-4-0124-0214,STAR,gri,,-3,5,2,5,,,,,,,20.16,0.048,19.712,0.014,19.787,0.019,19.581,0.02,19.238,0.052,,,,,,,,,,,,,,,,,,,,,,,,,,,,,,,,,
5466,5466,5466,212084675,08 57 41.865,+21 43 39.56,1,17.099,,,559-046973,08574190+2143393,5038-301-3-0057-0180,EXTENDED,JHK,,-5.8,6.4,11.6,6.2,,,,,,,,,,,,,,,,,14.579,0.044,13.924,0.054,13.613,0.059,,,,,,,,,,,,,,,,,,,,,,,,,,,
5467,5467,5467,212084702,09 05 53.585,+21 43 40.84,1,12.757,,,559-047215,09055357+2143410,,STAR,gri,lam,-25.1,1.4,9.4,1.5,,,13.614,0.05,12.915,0.07,,,13.247,0.04,12.726,0.09,12.547,0.08,,,11.671,0.024,11.315,0.031,11.268,0.02,5628,202,168,4.517,0.04,0.056,-0.557,0.18,0.1,0.805,0.084,0.052,0.8,0.066,0.047,1.494,0.245,0.304,306.9,44.98,26.75,0.03,0.006,0.004,,,
5468,5468,5468,212084729,08 28 38.987,+21 43 42.06,1,14.59,,,559-045786,08283897+2143419,6728-301-4-0123-0111,STAR,gri,rpm,-9.4,4.8,0.8,5.4,,,15.832,0.07,14.804,0.043,,,15.359,0.043,14.601,0.051,14.26,0.076,,,13.178,0.021,12.698,0.024,12.548,0.023,4990,101,81,4.57,0.05,1.27,-0.232,0.25,0.35,0.784,3.056,0.085,0.849,0.17,0.095,1.697,0.439,1.679,525,1942,67.74,0.034,0.01,0.008,,,
5469,5469,5469,212084801,08 26 56.274,+21 43 47.29,1,12.656,,,559-045714,08265627+2143473,,STAR,gri,rpm,-16,1.8,-31.8,4.8,,,13.606,0.01,12.803,0.02,,,13.226,0.08,12.568,0.03,12.412,0.061,,,11.455,0.021,11.119,0.022,11.036,0.022,5539,155,110,4.494,0.045,0.054,-0.058,0.16,0.2,0.906,0.067,0.093,0.952,0.061,0.098,1.261,0.273,0.224,314,32.84,43.52,0.03,0.007,0.01,,,
5470,5470,5470,212084813,09 07 06.785,+21 43 47.81,1,14.843,,,559-047255,09070677+2143477,5038-301-1-0070-0058,STAR,gri,rpm,-0.1,3.3,-3.1,3.5,,,15.548,0.04,14.952,0.08,,,15.22,0.05,14.786,0.09,14.682,0.17,,,13.752,0.027,13.477,0.031,13.417,0.038,6022,183,146,4.289,0.125,0.2,-0.288,0.25,0.3,1.183,0.328,0.224,0.991,0.129,0.107,0.572,0.324,0.293,1261,347,231.2,0.034,0.008,0.007,,,
5471,5471,5471,212084830,09 05 24.645,+21 43 48.92,1,10.794,,1407-991-1,559-047196,09052464+2143491,,STAR,gri,,-10.2,1.4,-19.2,1.4,,,11.633,0.118,11.032,0.112,,,11.263,0.04,10.802,0.05,10.593,0.09,,,9.793,0.025,9.464,0.024,,,,,,,,,,,,,,,,,,,,,,,,,,,,,
5472,5472,5472,212084874,08 32 29.779,+21 43 52.15,1,15.544,,,559-045948,08322977+2143521,6597-301-4-0222-0133,STAR,JHK,rpm,-6,2,-0.6,2.2,,,,,,,,,,,,,,,,,14.225,0.028,13.834,0.036,13.724,0.034,5458,258,215,4.517,0.06,0.192,-0.276,0.25,0.35,0.855,0.397,0.102,0.87,0.074,0.088,1.393,0.381,0.718,1036,609.6,148.1,0.033,0.008,0.007,,,
5473,5473,5473,212084888,08 56 18.238,+21 43 53.32,1,11.673,,1400-1560-1,559-046918,08561823+2143533,,STAR,gri,rpm,6.7,1.9,0.8,1.8,,,12.614,0.406,11.15,0.127,,,12.136,0.05,11.613,0.07,11.475,0.06,,,10.665,0.022,10.377,0.024,10.31,0.02,5921,177,141,4.106,0.26,0.364,0.006,0.12,0.21,1.544,0.928,0.513,1.158,0.319,0.1,0.302,0.465,0.22,376.1,257.9,110.6,0.033,0.006,0.01,,,
5474,5474,5474,212084897,08 26 19.089,+21 43 53.74,1,14.739,,,559-045681,08261909+2143537,,STAR,gri,rpm,0.3,4.2,-8.5,4.9,,,16.089,0.07,15.108,0.047,,,15.715,0.06,14.706,0.01,14.321,0.077,,,13.092,0.022,12.506,0.024,12.388,0.021,4558,109,72,4.662,0.036,0.03,-0.091,0.12,0.21,0.649,0.037,0.048,0.718,0.036,0.065,2.583,0.424,0.307,363.3,34.13,37.11,0.031,0.008,0.006,,,
5475,5475,5475,212084900,09 03 04.732,+21 43 53.94,1,17.335,,,,09030473+2143539,5038-301-2-0064-0231,EXTENDED,gri,,2,2,4,2,,,,,,,19.342,0.047,18.029,0.011,17.389,0.008,17.038,0.012,16.846,0.026,16.886,0.181,16.013,0.164,,,,,,,,,,,,,,,,,,,,,,,,,,,,,
5476,5476,5476,212084916,09 10 19.889,+21 43 54.83,1,18.542,,,,09101988+2143548,5071-301-4-0159-0288,STAR,gri,rpm,-21,3,-60,3,,,,,,,22.435,0.233,19.931,0.015,18.546,0.009,17.947,0.008,17.599,0.016,16.551,0.117,15.884,0.107,15.574,0.157,3847,46,38,5.097,0.04,0.048,-0.724,0.16,0.2,0.21,0.03,0.023,0.207,0.031,0.027,21.85,4.119,4.692,440.2,92.22,55.92,0.03,0.005,0.007,,,
5477,5477,5477,212084951,08 26 45.573,+21 43 57.32,1,12.965,,,559-045703,08264557+2143573,,STAR,gri,rpm,-5.3,1.4,-3.3,3.5,,,13.575,0.05,13.051,0.032,,,13.323,0.08,12.928,0.02,12.811,0.062,,,12.035,0.022,11.79,0.022,11.75,0.021,6167,186,149,4.145,0.186,0.155,-0.146,0.2,0.24,1.451,0.342,0.277,1.14,0.147,0.123,0.337,0.317,0.143,726,175.4,141.3,0.033,0.01,0.007,,,
5478,5478,5478,212084977,09 10 41.199,+21 43 59.02,1,12.985,,,559-047366,09104120+2143590,,STAR,gri,rpm,-15,1.4,7.7,1.6,,,13.612,0.07,13.087,0.1,,,13.318,0.06,12.951,0.07,12.843,0.09,,,12.059,0.021,11.793,0.02,11.774,0.02,6163,147,147,4.27,0.105,0.168,-0.262,0.24,0.24,1.229,0.222,0.159,1.049,0.092,0.129,0.53,0.254,0.224,625.3,87.7,91.12,0.032,0.01,0.007,,,
5479,5479,5479,212085055,08 54 16.844,+21 44 04.19,1,12.8,,,559-046845,08541684+2144042,,STAR,JHK,lam,-29,4.1,-12.7,3.6,,,,,,,,,,,,,,,,,11.149,0.023,10.599,0.023,10.48,0.024,4526,136,163,4.69,0.049,0.035,-0.28,0.15,0.12,0.597,0.046,0.059,0.644,0.045,0.054,3.001,0.743,0.459,136.9,18.84,22.61,0.019,0.006,0.005,,,
5480,5480,5480,212085069,08 32 05.617,+21 44 05.37,1,19.77,,,,,4508-301-2-0101-0615,EXTENDED,gri,,-14,3,-7,3,,,,,,,20.858,0.103,19.952,0.023,19.709,0.026,19.494,0.03,19.27,0.079,,,,,,,,,,,,,,,,,,,,,,,,,,,,,,,,,
5481,5481,5481,212085091,08 35 17.228,+21 44 06.81,1,17.502,,,,,4508-301-1-0105-0310,EXTENDED,gri,,14,5,8,5,,,,,,,18.78,0.042,17.686,0.01,17.441,0.011,17.293,0.015,17.188,0.066,,,,,,,,,,,,,,,,,,,,,,,,,,,,,,,,,
5482,5482,5482,212085101,08 54 18.111,+21 44 07.37,1,11.904,,,559-046847,08541810+2144074,,STAR,gri,rpm,-28.1,1.1,-14.5,2.2,,,12.934,0.041,12.075,0.03,,,12.56,0.01,11.824,0.04,11.623,0.03,,,10.7,0.023,10.278,0.021,10.24,0.022,5179,84,84,4.548,0.05,0.07,-0.031,0.25,0.3,0.813,0.085,0.077,0.882,0.046,0.074,1.573,0.34,0.329,187.1,33.13,23.77,0.026,0.008,0.007,,,
5483,5483,5483,212085117,08 29 11.225,+21 44 08.70,1,13.543,,,559-045808,08291123+2144087,,STAR,gri,rpm,-24.8,2.1,-4.3,2.4,,,14.551,0.02,13.746,0.05,,,14.153,0.03,13.529,0.043,13.282,0.065,,,12.227,0.021,11.757,0.022,11.716,0.022,5172,123,82,4.56,0.045,1.053,-0.419,0.3,0.36,0.793,1.96,0.088,0.845,0.082,0.098,1.619,0.396,1.577,361.8,849.5,49.57,0.029,0.008,0.006,,,
5484,5484,5484,212085125,08 57 46.134,+21 44 09.58,1,17.441,,,,08574613+2144095,5038-301-3-0057-0210,EXTENDED,gri,,0,3,6,3,,,,,,,19.709,0.079,18.282,0.011,17.504,0.009,17.08,0.01,16.773,0.027,16.695,0.165,15.877,0.181,15.649,0.2,,,,,,,,,,,,,,,,,,,,,,,,,,,
5485,5485,5485,212085140,08 33 08.874,+21 44 10.22,1,12.968,,,559-045981,08330887+2144103,,STAR,BV,rpm,-20.1,1,2.3,1.2,,,13.585,0.043,13.051,0.032,,,13.328,0.032,,,,,,,12.127,0.023,11.889,0.021,11.799,0.019,6159,191,153,4.262,0.105,0.168,-0.262,0.2,0.32,1.203,0.302,0.141,1.045,0.121,0.121,0.539,0.24,0.24,632.4,147.4,104,0.032,0.011,0.007,,,
5486,5486,5486,212085142,08 26 26.255,+21 44 10.39,1,15.529,,,559-045690,08262625+2144103,6597-301-5-0213-0157,STAR,BV,rpm,1.9,4.1,-3.2,4.9,,,16.529,0.14,15.717,0.058,,,,,,,,,,,14.01,0.024,13.569,0.026,13.43,0.03,5174,184,153,4.557,0.045,1.017,-0.265,0.25,0.5,0.785,1.815,0.069,0.839,0.063,0.088,1.649,0.408,1.599,815.8,1913,100.3,0.033,0.01,0.007,,,
5487,5487,5487,212085240,08 50 30.500,+21 44 18.52,1,15.164,,,559-046700,08503050+2144184,5038-301-5-0047-0033,STAR,gri,rpm,-7.7,2.2,-17.4,2.5,,,17.327,0.11,15.865,0.061,,,16.653,0.062,15.331,0.06,14.527,0.08,,,12.832,0.023,12.161,0.022,11.936,0.023,3807,90,90,4.883,0.056,0.035,0.048,0.06,0.1,0.395,0.037,0.065,0.43,0.056,0.084,7.055,2.684,1.05,157.5,16.79,31.46,0.021,0.005,0.006,,,
5488,5488,5488,212085283,08 52 54.248,+21 44 21.05,1,19.228,,,,,5038-301-4-0050-0699,EXTENDED,gri,,16,8,-4,8,,,,,,,21.628,0.329,19.728,0.028,19.205,0.03,19.014,0.04,18.627,0.118,,,,,,,,,,,,,,,,,,,,,,,,,,,,,,,,,
5489,5489,5489,212085286,08 29 01.792,+21 44 21.15,1,16.268,,,,08290179+2144211,6728-301-4-0124-0128,STAR,gri,rpm,-20,3,-47,3,,,,,,,20.293,0.052,17.821,0.006,16.41,0.004,15.602,0.003,15.001,0.005,13.751,0.026,13.066,0.026,12.918,0.026,3703,60,60,4.969,0.04,0.056,-0.041,0.1,0.1,0.31,0.039,0.043,0.335,0.047,0.059,10.73,2.935,2.305,175.3,33.91,24.02,0.025,0.008,0.006,,,
5490,5490,5490,212085290,08 58 30.760,+21 44 21.33,1,10.156,,1400-600-1,559-046999,08583075+2144213,,STAR,gri,rpm,14.1,1.5,-21.3,1.5,,,11.327,0.099,10.37,0.058,,,10.946,0.05,10.139,0.11,9.818,0.08,,,8.734,0.029,8.227,0.026,8.138,0.033,4876,117,97,2.792,0.546,0.455,-0.433,0.3,0.42,6.344,4.559,2.653,1.032,0.219,0.137,0.003,0.012,0.003,498.5,341.8,175.9,0.032,0.008,0.007,,,
5491,5491,5491,212085388,09 04 47.361,+21 44 27.33,1,18.194,,,,09044736+2144273,,STAR,J,col,,,,,,,,,,,,,,,,,,,,,16.64,0.173,15.646,0.171,15.274,0.17,3870,453,378,4.901,0.145,0.145,-0.254,0.25,0.35,0.346,0.153,0.139,0.371,0.177,0.177,8.474,9.028,4.371,837.6,546.1,379,0.032,0.01,0.007,,,
5492,5492,5492,212085401,08 52 52.464,+21 44 28.04,1,17.905,,,,08525246+2144280,,STAR,J,,,,,,,,,,,,,,,,,,,,,,16.379,0.099,15.674,0.124,,,,,,,,,,,,,,,,,,,,,,,,,,,,,
5493,5493,5493,212085443,09 04 39.092,+21 44 30.94,1,14.814,,,559-047168,09043909+2144309,5061-301-6-0153-0069,STAR,gri,rpm,-1.2,3.2,-2.5,3.3,,,16.395,0.04,15.304,0.05,,,15.75,0.048,14.87,0.054,14.412,0.078,,,13.351,0.026,12.796,0.028,12.714,0.022,4741,112,112,4.614,0.045,3.141,-0.235,0.25,1.2,0.715,26.112,0.064,0.778,0.098,0.082,2.097,0.424,2.097,479.6,6214,55.09,0.033,0.01,0.007,,,
5494,5494,5494,212085501,09 09 22.730,+21 44 34.18,1,12.279,,,559-047327,09092272+2144341,,STAR,gri,rpm,-5,1.3,9.1,1.5,,,13.439,0.06,12.507,0.07,,,12.978,0.08,12.216,0.09,11.979,0.1,,,10.964,0.023,10.51,0.031,10.403,0.018,5044,149,149,3.235,0.378,0.819,-0.447,0.35,0.35,3.878,5.323,1.2,1.007,0.25,0.104,0.016,0.031,0.015,905.1,1174,232.6,0.032,0.008,0.007,,,
5495,5495,5495,212085624,08 34 46.924,+21 44 41.82,1,14.346,,,559-046074,08344692+2144419,4508-301-1-0105-0108,STAR,BV,rpm,-13.3,1.9,-11.4,6.3,,,15.817,0.1,14.58,0.04,,,15.259,0.042,,,,,,,12.702,0.021,12.14,0.025,12.032,0.021,4724,113,142,4.63,0.035,0.035,-0.051,0.12,0.27,0.692,0.053,0.049,0.753,0.053,0.063,2.249,0.363,0.313,338.2,41.62,31.18,0.031,0.005,0.006,,,
5496,5496,5496,212085647,09 02 43.968,+21 44 43.59,1,16.933,,,,09024396+2144435,,STAR,JHK,col,,,,,,,,,,,,,,,,,,,,,16.048,0.078,15.823,0.114,15.841,0.212,5804,399,639,4.466,0.145,0.232,-0.788,0.4,0.4,0.849,0.286,0.214,0.783,0.074,0.103,1.182,1.176,0.654,2437,1110,762.6,0.033,0.01,0.007,,,
5497,5497,5497,212085654,09 03 51.497,+21 44 43.88,1,13.9,,,559-047142,09035149+2144438,,STAR,gri,rpm,-5,2.2,-0.4,1.2,,,15.001,0.07,14.148,0.08,,,14.557,0.08,13.917,0.07,13.619,0.08,,,12.626,0.023,12.173,0.022,12.097,0.019,5147,123,103,3.468,0.95,0.95,-0.576,0.48,0.48,2.78,4.754,1.939,0.914,0.18,0.053,0.03,0.697,0.027,1312,2195,908.8,0.031,0.01,0.008,,,
5498,5498,5498,212085664,08 33 10.113,+21 44 44.43,1,15.033,,,559-045982,08331010+2144445,6597-301-4-0223-0168,STAR,BV,rpm,-2.7,2,-2.8,2.3,,,16.118,0.13,15.244,0.049,,,,,,,,,,,13.581,0.023,13.077,0.021,12.985,0.027,4995,88,118,3.914,0.712,1.246,-0.325,0.35,0.56,1.839,3.934,1.253,0.843,0.131,0.082,0.123,2.313,0.122,1384,2772,923.1,0.034,0.007,0.007,,,
5499,5499,5499,212085685,08 30 09.739,+21 44 46.02,1,10.08,,1391-418-1,559-045849,08300973+2144460,,STAR,gri,plx,24.8,0.9,-25.1,0.9,,,10.749,0.05,10.173,0.041,,,10.603,0.03,10.024,0.04,9.855,0.06,,,9.04,0.024,8.82,0.034,8.692,0.02,5858,115,115,4.05,0.07,0.07,0.098,0.12,0.21,1.658,0.11,0.123,1.134,0.096,0.068,0.243,0.073,0.048,194.9,12.15,12.15,0.025,0.011,0.006,,,
5500,5500,5500,212085718,09 09 49.988,+21 44 48.16,1,12.933,,,559-047340,09094999+2144482,,STAR,gri,rpm,-26,1.4,-7.5,1.7,,,13.824,0.05,13.088,0.07,,,13.45,0.07,12.868,0.1,12.711,0.09,,,11.865,0.022,11.509,0.021,11.431,0.02,5585,203,169,4.485,0.054,0.072,-0.167,0.25,0.3,0.897,0.11,0.071,0.905,0.073,0.073,1.226,0.248,0.313,373.6,61.12,38.32,0.031,0.007,0.007,,,
5501,5501,5501,212085736,09 05 19.879,+21 44 49.24,1,19.681,,,,,5071-301-5-0152-0322,STAR,gri,,4,4,-42,4,,,,,,,23.949,0.588,21.066,0.035,19.659,0.016,19.088,0.015,18.684,0.03,,,,,,,,,,,,,,,,,,,,,,,,,,,,,,,,,
5502,5502,5502,212085740,08 30 25.026,+21 44 49.39,1,13.688,,,559-045863,08302502+2144494,,STAR,gri,rpm,22.4,1.5,-27.8,3.2,,,14.539,0.048,13.863,0.01,,,14.197,0.02,13.687,0.01,13.469,0.066,,,12.594,0.023,12.268,0.021,12.171,0.022,5653,134,89,4.499,0.09,0.144,-0.421,0.25,0.55,0.824,0.204,0.139,0.835,0.125,0.104,1.342,0.62,0.553,494.4,171.9,84.12,0.033,0.007,0.007,,,
5503,5503,5503,212085764,09 05 05.566,+21 44 51.29,1,14.548,,,559-047183,09050556+2144515,,STAR,gri,rpm,0.9,3.4,-3.5,2.8,,,15.521,0.03,14.754,0.08,,,15.127,0.04,14.557,0.06,14.3,0.09,,,13.266,0.023,12.82,0.024,12.725,0.019,5232,124,124,3.613,0.968,0.726,-0.572,0.45,0.54,2.393,2.695,1.621,0.882,0.083,0.07,0.054,1.261,0.049,1747,1906,1169,0.033,0.008,0.008,,,
5504,5504,5504,212085810,08 31 16.769,+21 44 54.65,1,12.958,,,559-045899,08311676+2144546,,STAR,gri,rpm,3,1,-1.9,1.2,,,13.599,0.02,13.063,0.05,,,13.32,0.04,12.933,0.03,12.804,0.062,,,12.071,0.022,11.797,0.022,11.742,0.022,6084,121,97,4.099,0.238,0.204,-0.149,0.2,0.2,1.585,0.381,0.478,1.162,0.111,0.155,0.26,0.443,0.11,774.6,187.2,226.7,0.032,0.011,0.008,,,
5505,5505,5505,212085811,08 34 10.677,+21 44 54.72,1,10.82,,1398-1236-1,559-046041,08341067+2144546,,STAR,BV,rpm,-10.2,1.1,-8.7,1.2,,,11.47,0.098,10.912,0.092,,,11.131,0.03,,,,,,,9.98,0.022,9.806,0.021,9.765,0.022,6705,218,273,4.096,0.145,0.232,-0.032,0.12,0.12,1.682,0.636,0.305,1.428,0.189,0.135,0.266,0.186,0.152,360,139.7,66.7,0.029,0.008,0.006,,,
5506,5506,5506,212085819,09 07 17.519,+21 44 55.24,1,17.826,,,,,5038-301-1-0070-0188,EXTENDED,gri,,-20,4,-40,4,,,,,,,19.302,0.04,18.306,0.01,17.896,0.01,17.62,0.012,17.419,0.033,,,,,,,,,,,,,,,,,,,,,,,,,,,,,,,,,
5507,5507,5507,212085840,09 05 47.523,+21 44 56.54,1,13.837,,,559-047206,09054751+2144567,,STAR,gri,rpm,-9,7.3,-20.8,3.2,,,14.959,0.05,14.087,0.07,,,14.52,0.04,13.75,0.08,13.544,0.11,,,12.524,0.022,12.085,0.032,11.972,0.024,5148,122,122,4.573,0.03,0.048,-0.065,0.2,0.24,0.785,0.073,0.056,0.858,0.051,0.072,1.716,0.277,0.282,405,51.1,45.38,0.029,0.01,0.007,,,
5508,5508,5508,212085931,09 05 28.296,+21 45 02.24,1,18.355,,,,09052829+2145022,5071-301-5-0152-0115,EXTENDED,gri,,-1,3,-1,3,,,,,,,18.963,0.02,18.673,0.008,18.35,0.008,18.219,0.009,17.891,0.018,16.81,0.153,,,15.45,0.14,,,,,,,,,,,,,,,,,,,,,,,,,,,
5509,5509,5509,212085939,08 53 05.555,+21 45 03.01,1,17.185,,,,08530555+2145030,5038-301-4-0050-0262,EXTENDED,gri,,0,3,2,3,,,,,,,20.397,0.112,18.227,0.009,17.148,0.006,16.738,0.006,16.376,0.016,16.135,0.096,15.324,0.121,14.863,0.112,,,,,,,,,,,,,,,,,,,,,,,,,,,
5510,5510,5510,212085941,08 51 20.399,+21 45 03.15,1,17.735,,,,08512039+2145031,,STAR,J,,,,,,,,,,,,,,,,,,,,,,16.222,0.125,15.709,0.193,,,,,,,,,,,,,,,,,,,,,,,,,,,,,
5511,5511,5511,212085994,08 58 29.709,+21 45 06.89,1,14.915,,,559-046997,08582970+2145068,5038-301-3-0058-0077,STAR,gri,lam,-4.5,3.1,0,3.3,,,16.573,0.04,15.394,0.08,,,16.048,0.02,14.894,0.04,14.429,0.1,,,13.1,0.022,12.486,0.026,12.327,0.022,4428,107,161,4.71,0.035,0.035,-0.186,0.15,0.15,0.582,0.043,0.04,0.64,0.054,0.046,3.219,0.563,0.479,311,34.75,37.12,0.029,0.007,0.006,,,
5512,5512,5512,212086077,09 07 49.036,+21 45 12.66,1,12.807,,,559-047279,09074903+2145126,,STAR,gri,lam,-1,2,2.3,2.3,,,14.162,0.05,13.088,0.07,,,13.65,0.05,12.739,0.09,12.446,0.1,,,11.316,0.026,10.711,0.027,10.673,0.022,4806,76,96,2.674,0.175,0.21,-0.462,0.15,0.15,7.397,1.933,1.335,0.995,0.133,0.051,0.002,0.002,0.001,1901,512.2,297.8,0.034,0.011,0.007,,,
5513,5513,5513,212086087,08 33 19.172,+21 45 13.34,1,12.548,,,559-045991,08331917+2145135,,STAR,BV,rpm,-17.9,0.9,-15.6,1,,,13.712,0.02,12.781,0.031,,,13.307,0.032,,,,,,,11.265,0.023,10.846,0.022,10.787,0.019,5272,187,125,4.427,0.133,0.798,-0.173,0.2,0.6,0.95,1.563,0.158,0.908,0.091,0.06,1.046,0.494,0.981,313.1,431.5,74.94,0.03,0.011,0.007,,,
5514,5514,5514,212086125,08 53 47.760,+21 45 16.13,1,17.644,,,,08534775+2145161,5038-301-4-0051-0273,EXTENDED,gri,,-2,3,3,3,,,,,,,21.058,0.172,18.894,0.014,17.616,0.008,17.108,0.008,16.708,0.02,16.299,0.11,15.727,0.132,15.344,0.172,,,,,,,,,,,,,,,,,,,,,,,,,,,
5515,5515,5515,212086134,08 31 00.455,+21 45 16.78,1,10.545,,1391-1424-1,559-045884,08310045+2145169,,STAR,gri,plx,45.1,1.3,-31.7,1.4,,,11.688,0.114,10.709,0.069,,,11.323,0.05,10.499,0.02,10.212,0.06,,,9.069,0.026,8.572,0.017,8.46,0.023,4853,79,59,3.112,0.16,0.192,-0.201,0.16,0.2,4.992,1.167,0.801,1.224,0.225,0.188,0.009,0.006,0.004,456.7,77.54,77.54,0.032,0.011,0.007,,,
5516,5516,5516,212086150,09 04 48.804,+21 45 17.38,1,14.984,,,559-047175,09044879+2145173,5061-301-6-0153-0100,STAR,gri,rpm,-4.3,3.1,-3.2,3.4,,,15.969,0.06,15.188,0.11,,,15.557,0.06,14.949,0.04,14.738,0.14,,,13.77,0.026,13.372,0.028,13.264,0.023,5387,164,164,4.526,0.045,0.702,-0.223,0.2,0.36,0.843,1.166,0.076,0.879,0.066,0.079,1.461,0.295,1.323,816.4,1117,109.3,0.034,0.01,0.008,,,
5517,5517,5517,212086157,08 35 36.268,+21 45 17.92,1,14.349,,,559-046106,08353627+2145178,,STAR,gri,rpm,3.2,2.9,-4.6,1.8,,,15.428,0.13,14.575,0.04,,,14.961,0.11,14.309,0.02,14.087,0.09,,,13.211,0.023,12.819,0.029,12.662,0.022,5352,160,160,4.505,0.072,0.816,-0.182,0.25,0.45,0.877,1.538,0.113,0.899,0.1,0.084,1.338,0.406,1.261,649.6,1068,91.58,0.035,0.008,0.007,,,
5518,5518,5518,212086174,08 28 39.666,+21 45 19.31,1,12.276,,1391-608-1,559-045788,08283968+2145192,,STAR,gri,rpm,-1.1,2.4,-10.9,2.6,,,12.459,0.287,12.399,0.302,,,12.617,0.05,12.225,0.02,12.129,0.061,,,11.377,0.021,11.164,0.024,11.074,0.021,6235,152,152,4.134,0.185,0.222,-0.072,0.16,0.16,1.568,0.557,0.351,1.238,0.173,0.148,0.293,0.272,0.16,584.4,196.7,125.5,0.033,0.01,0.008,,,
5519,5519,5519,212086177,09 03 39.158,+21 45 19.49,1,15.355,,,559-047136,09033915+2145195,,STAR,JHK,col,,,,,,,,,,,,,,,,,,,,,12.99,0.025,12.323,0.021,12.095,0.024,3892,185,154,4.868,0.088,0.055,-0.056,0.16,0.24,0.408,0.06,0.081,0.451,0.074,0.103,6.413,3.383,1.492,174.2,35.24,44.48,0.024,0.006,0.007,,,
5520,5520,5520,212086317,08 51 30.915,+21 45 28.35,1,14.301,,,559-046749,08513092+2145284,5045-301-4-0148-0154,STAR,gri,rpm,-8.1,2.1,2.1,2.9,,,15.227,0.12,14.457,0.13,,,14.815,0.12,14.215,0.13,14.081,0.07,,,13.009,0.022,12.588,0.024,12.521,0.022,5317,159,159,4.525,0.045,0.891,-0.166,0.2,0.56,0.853,1.685,0.07,0.893,0.087,0.055,1.428,0.309,1.365,574,1072,64.77,0.032,0.011,0.007,,,
5521,5521,5521,212086389,08 34 40.919,+21 45 33.18,1,16.282,,,559-046070,08344092+2145331,4508-301-1-0105-0027,STAR,JHK,rpm,6,1,4,2,,,,,,,,,,,,,,,,,15.086,0.043,14.698,0.057,14.682,0.078,5546,386,386,4.511,0.075,0.225,-0.414,0.3,0.42,0.825,0.276,0.102,0.831,0.074,0.088,1.389,0.485,0.751,1504,731,270.3,0.034,0.008,0.007,,,
5522,5522,5522,212086396,09 04 15.171,+21 45 33.64,1,10.478,,1407-1794-1,559-047156,09041517+2145336,,STAR,gri,rpm,-27,1.5,-13,1.5,,,11.289,0.091,10.629,0.076,,,10.939,0.02,10.518,0.04,10.28,0.1,,,9.46,0.022,9.215,0.021,9.09,0.02,6063,145,121,4.12,0.24,0.2,0.007,0.12,0.21,1.488,0.474,0.359,1.189,0.183,0.114,0.317,0.353,0.167,221.9,87.23,53.57,0.027,0.008,0.006,,,
5523,5523,5523,212086411,09 06 00.353,+21 45 34.59,1,18.194,,,,,5071-301-5-0153-0003,STAR,gri,,25,3,2,3,,,,,,,18.598,0.016,18.112,0.006,18.221,0.008,18.33,0.01,18.568,0.028,,,,,,,,,,,,,,,,,,,,,,,,,,,,,,,,,
5524,5524,5524,212086473,08 55 58.294,+21 45 38.82,1,16.99,,,,08555829+2145388,5045-301-3-0155-0014,EXTENDED,gri,,2,3,4,0,,,,,,,19.243,0.037,17.907,0.007,17.039,0.005,16.597,0.005,16.326,0.012,15.719,0.073,14.884,0.09,14.384,0.071,,,,,,,,,,,,,,,,,,,,,,,,,,,
5525,5525,5525,212086516,08 52 30.218,+21 45 41.71,1,16.977,,,,08523021+2145417,5045-301-4-0150-0178,STAR,gri,rpm,-4,3,-2,3,,,,,,,19.134,0.023,18.178,0.006,17.169,0.005,16.463,0.005,16.019,0.007,14.804,0.034,14.16,0.04,13.971,0.049,3919,47,47,4.821,0.02,0.02,0.209,0.08,0.08,0.467,0.009,0.025,0.516,0.017,0.025,5.201,0.45,0.312,475.5,14.26,32.96,0.023,0.002,0.005,,,
5526,5526,5526,212086533,08 31 26.007,+21 45 42.82,1,17.927,,,,08312600+2145428,,STAR,J,col,,,,,,,,,,,,,,,,,,,,,16.399,0.132,15.863,0.166,15.373,0.167,3823,688,344,4.95,0.13,0.234,-0.254,0.25,0.4,0.333,0.241,0.121,0.355,0.235,0.168,9.303,10.59,6.092,667.7,709.5,302.5,0.032,0.008,0.007,,,
5527,5527,5527,212086534,08 27 41.920,+21 45 42.82,1,12.137,,,559-045751,08274192+2145428,,STAR,gri,rpm,-4.7,1.2,-1,1.3,,,13.469,0.042,12.408,0.02,,,12.971,0.05,12.065,0.02,11.78,0.06,,,10.528,0.021,9.989,0.022,9.864,0.019,4719,94,75,2.521,0.494,0.156,-0.178,0.15,0.18,9.659,2.029,4.031,1.186,0.219,0.156,0.001,0.005,4.84E-04,1643,383.9,600.5,0.033,0.011,0.007,,,
5528,5528,5528,212086571,08 31 47.893,+21 45 45.03,1,9.84,,1391-185-1,559-045922,08314789+2145450,,STAR,BV,plx,-1.4,1.1,-20.3,1.1,,,10.342,0.036,9.891,0.031,,,,,,,,,,,8.943,0.024,8.728,0.031,8.709,0.021,6440,257,257,4.145,0.075,0.09,-0.022,0.12,0.18,1.576,0.141,0.109,1.309,0.082,0.131,0.32,0.092,0.084,200.6,13.21,13.21,0.024,0.007,0.006,,,
5529,5529,5529,212086587,08 57 57.396,+21 45 45.96,1,12.64,,,559-046980,08575740+2145459,,STAR,gri,lam,-19.7,1.4,-16.9,1.2,,,13.465,0.04,12.77,0.04,,,13.098,0.05,12.591,0.07,12.444,0.07,,,11.677,0.021,11.359,0.019,11.303,0.02,5893,116,140,4.116,0.231,0.165,-0.036,0.12,0.14,1.476,0.426,0.387,1.075,0.122,0.087,0.298,0.413,0.138,574,160.4,146.9,0.033,0.013,0.007,,,
5530,5530,5530,212086639,08 54 23.190,+21 45 50.51,1,10.763,,1400-1705-1,559-046851,08542319+2145505,,STAR,gri,rpm,3.2,1.5,-8.4,1.5,,,12.306,0.288,11.131,0.112,,,11.815,0.02,10.712,0.06,10.313,0.07,,,8.962,0.026,8.267,0.027,8.162,0.023,4321,86,68,1.777,0.35,0.49,-0.293,0.25,0.5,20.908,12.351,6.707,1.086,0.185,0.185,9.93E-05,2.26E-04,8.04E-05,1642,871,490.3,0.034,0.01,0.007,,,
5531,5531,5531,212086643,08 56 37.262,+21 45 50.83,1,14.854,,,559-046929,08563726+2145509,5045-301-3-0155-0232,EXTENDED,gri,,7.6,3.5,38.6,3.6,,,16.058,0.09,15.106,0.05,,,15.627,0.06,14.749,0.07,14.523,0.04,,,13.435,0.023,12.911,0.024,12.856,0.027,,,,,,,,,,,,,,,,,,,,,,,,,,,
5532,5532,5532,212086647,09 09 45.705,+21 45 51.19,1,14.655,,,559-047336,09094570+2145511,,STAR,gri,rpm,-3.3,2.6,-8.2,2.6,,,15.848,0.06,14.877,0.08,,,15.392,0.1,14.538,0.12,14.34,0.11,,,13.222,0.023,12.722,0.024,12.602,0.026,4965,119,119,4.585,0.048,1.24,-0.232,0.25,0.35,0.759,2.807,0.079,0.82,0.149,0.083,1.836,0.371,1.814,509.4,1748,66.75,0.033,0.01,0.007,,,
5533,5533,5533,212086711,08 59 35.802,+21 45 54.65,1,17.227,,,,08593580+2145546,,STAR,J,col,,,,,,,,,,,,,,,,,,,,,15.75,0.08,14.85,0.076,14.39,0.073,3795,361,722,4.945,0.256,0.16,-0.145,0.2,0.28,0.332,0.158,0.179,0.353,0.189,0.227,8.224,11.96,4.333,501.1,324.8,334.2,0.03,0.01,0.014,,,
5534,5534,5534,212086717,09 08 45.094,+21 45 54.82,1,14.757,,,559-047314,09084509+2145548,,STAR,gri,rpm,-1.6,3.3,6.1,3.6,,,15.92,0.17,14.991,0.14,,,15.508,0.11,14.668,0.15,14.436,0.19,,,12.963,0.026,12.579,0.036,12.46,0.02,5361,212,212,4.506,0.066,0.814,-0.165,0.2,0.4,0.879,1.542,0.101,0.906,0.112,0.07,1.35,0.33,1.275,590.1,970.6,98.37,0.035,0.008,0.007,,,
5535,5535,5535,212086722,08 30 07.944,+21 45 55.10,1,18.527,,,,08300794+2145551,6728-301-4-0125-0187,STAR,gri,,57,5,-62,5,,,,,,,22.177,0.26,19.637,0.014,18.721,0.011,18.051,0.008,17.72,0.02,16.771,0.152,,,,,,,,,,,,,,,,,,,,,,,,,,,,,,,
5536,5536,5536,212086737,09 04 57.061,+21 45 56.17,1,14.145,,,559-047179,09045706+2145561,,STAR,gri,rpm,-10.1,4,-5.1,2,,,15.214,0.06,14.372,0.07,,,14.793,0.04,14.145,0.06,13.867,0.09,,,12.803,0.022,12.318,0.026,12.25,0.02,5098,102,123,3.649,0.994,0.852,-0.506,0.35,0.49,2.189,3.397,1.561,0.868,0.108,0.09,0.049,2.113,0.046,1321,1958,928.2,0.033,0.007,0.006,,,
5537,5537,5537,212086756,08 27 44.058,+21 45 57.07,1,11.502,,1391-458-1,559-045754,08274406+2145570,,STAR,gri,plx,-15,1.8,-19.7,2,,,12.441,0.355,11.267,0.135,,,11.929,0.07,11.452,0.02,11.319,0.06,,,10.479,0.021,10.202,0.022,10.162,0.022,5912,142,118,4.423,0.04,0.056,-0.146,0.18,0.24,1.014,0.089,0.07,1.008,0.077,0.093,0.944,0.152,0.178,223.6,23.28,23.28,0.026,0.01,0.007,,,
5538,5538,5538,212086758,08 27 26.758,+21 45 57.09,1,19.903,,,,,4508-301-3-0095-0275,STAR,gri,,-10,5,4,5,,,,,,,21.782,0.134,20.324,0.02,19.864,0.019,19.723,0.02,19.329,0.047,,,,,,,,,,,,,,,,,,,,,,,,,,,,,,,,,
5539,5539,5539,212086770,08 26 46.193,+21 45 57.51,1,15.616,,,559-045704,08264619+2145575,6597-301-5-0214-0077,STAR,JHK,rpm,-1.2,3,-3.8,3.4,,,,,,,,,,,,,,,,,14.203,0.028,13.713,0.027,13.642,0.031,5051,149,149,4.581,0.045,1.161,-0.263,0.25,0.5,0.765,2.374,0.071,0.801,0.088,0.073,1.806,0.39,1.774,815.8,2378,100.3,0.032,0.008,0.007,,,
5540,5540,5540,212086835,08 33 12.254,+21 46 01.48,1,12.181,,,559-045987,08331225+2146016,,STAR,BV,rpm,6,0.8,-14.2,1.8,,,13.035,0.041,12.329,0.03,,,12.725,0.031,,,,,,,11.161,0.022,10.842,0.022,10.775,0.019,5895,177,177,4.183,0.235,0.282,-0.157,0.25,0.25,1.286,0.612,0.356,1.049,0.158,0.113,0.422,0.579,0.272,426.3,197.9,135.1,0.031,0.011,0.007,,,
5541,5541,5541,212086875,08 27 17.028,+21 46 04.29,1,14.546,,,559-045733,08271703+2146043,4508-301-3-0095-0058,STAR,gri,rpm,-1.6,3.1,-4.1,3.4,,,15.854,0.065,14.803,0.043,,,15.395,0.17,14.473,0.06,14.182,0.075,,,12.948,0.022,12.335,0.023,12.257,0.022,4595,138,82,4.65,0.045,2.286,-0.22,0.25,0.3,0.662,9.966,0.071,0.718,0.115,0.082,2.42,0.627,2.419,356.7,5174,47.46,0.03,0.011,0.007,,,
5542,5542,5542,212086918,08 56 42.109,+21 46 07.20,1,17.768,,,,08564210+2146072,5045-301-3-0156-0264,EXTENDED,gri,,3,3,-4,3,,,,,,,20.408,0.078,18.766,0.01,17.86,0.007,17.34,0.007,16.996,0.016,15.965,0.082,15.48,0.13,14.727,0.081,,,,,,,,,,,,,,,,,,,,,,,,,,,
5543,5543,5543,212086943,08 31 16.663,+21 46 08.75,1,16.568,,,,08311666+2146087,4508-301-2-0100-0271,EXTENDED,gri,,-13,3,-1,3,,,,,,,19.771,0.054,17.608,0.006,16.61,0.004,16.123,0.004,15.717,0.007,14.94,0.073,14.148,0.083,13.714,0.064,,,,,,,,,,,,,,,,,,,,,,,,,,,
5544,5544,5544,212086979,09 05 08.548,+21 46 11.01,1,16.603,,,,09050854+2146110,5061-301-6-0154-0165,STAR,gri,rpm,-49,3,-17,3,,,,,,,21.045,0.074,18.762,0.008,17.29,0.005,15.678,0.004,14.828,0.005,13.279,0.023,12.683,0.024,12.39,0.022,3476,83,125,5.084,0.04,0.048,-0.042,0.21,0.15,0.207,0.041,0.024,0.193,0.055,0.027,20.27,6.146,4.716,85.13,23.73,15.77,0.014,0.007,0.007,,,
5545,5545,5545,212087028,09 05 42.043,+21 46 14.06,1,12.515,,,559-047202,09054203+2146142,,STAR,gri,lam,-18.4,1.1,-31.8,1.8,,,13.33,0.04,12.651,0.07,,,12.973,0.04,12.466,0.09,12.319,0.09,,,11.5,0.022,11.159,0.028,11.121,0.02,5864,140,140,4.398,0.075,0.165,-0.227,0.15,0.12,1.028,0.248,0.105,0.957,0.078,0.056,0.875,0.278,0.399,380.7,95.92,49.88,0.03,0.008,0.006,,,
5546,5546,5546,212087042,08 56 13.055,+21 46 15.24,1,12.184,,,559-046914,08561305+2146152,,STAR,gri,rpm,-12.6,1,-4.1,0.9,,,12.927,0.05,12.282,0.06,,,12.582,0.05,12.121,0.06,12.014,0.06,,,11.196,0.022,10.949,0.021,10.856,0.02,6119,147,147,4.179,0.18,0.216,-0.058,0.15,0.27,1.392,0.418,0.274,1.161,0.143,0.119,0.34,0.293,0.179,490.7,152.6,116.4,0.034,0.011,0.007,,,
5547,5547,5547,212087071,08 51 25.885,+21 46 17.39,1,15.46,,,559-046743,08512588+2146175,5045-301-4-0148-0091,STAR,JHK,rpm,-1.1,2.7,-0.1,2.6,,,,,,,,,,,,,,,,,13.355,0.026,12.626,0.022,12.541,0.022,4267,86,103,0.888,3.77,0.65,-1.158,1.08,0.6,44.848,49.938,44.345,0.804,0.02,0.213,5.27E-06,3.731,4.71E-06,25090,27670,24800,0.031,0.013,0.007,,,
5548,5548,5548,212087097,08 58 56.751,+21 46 19.05,1,11.519,,1400-807-1,559-047007,08585676+2146190,,STAR,gri,rpm,-27.9,1.8,-18.6,1.8,,,12.157,0.217,11.552,0.157,,,12.057,0.04,11.487,0.06,11.289,0.08,,,10.419,0.022,10.085,0.023,10.015,0.019,5669,169,169,4.445,0.066,0.484,-0.043,0.16,0.24,0.979,0.76,0.092,1.003,0.094,0.079,1.034,0.268,0.846,211.5,159.1,26.44,0.026,0.01,0.006,,,
5549,5549,5549,212087098,08 57 37.674,+21 46 19.06,1,15.498,,,559-046969,08573768+2146190,5038-301-3-0057-0054,STAR,gri,rpm,7.4,3.2,-45.9,3.4,,,16.163,0.12,15.679,0.04,,,15.883,0.05,15.483,0.08,15.333,0.05,,,14.461,0.028,14.151,0.04,14.061,0.055,5857,282,141,4.511,0.065,0.104,-1.09,0.24,0.12,0.787,0.102,0.076,0.75,0.025,0.031,1.432,0.434,0.39,1110,219.5,134.2,0.035,0.008,0.013,,,
5550,5550,5550,212087100,09 04 48.381,+21 46 19.22,1,12.131,,,559-047173,09044837+2146192,,STAR,gri,lam,134.1,1.8,-64.9,1.6,,,13.745,0.04,12.544,0.06,,,13.223,0.05,12.102,0.04,11.662,0.08,,,10.415,0.023,9.834,0.022,9.709,0.017,4365,140,140,4.697,0.048,0.04,0.006,0.1,0.12,0.6,0.053,0.058,0.663,0.055,0.055,2.955,0.731,0.497,93.68,12.89,13.43,0.014,0.004,0.003,,,
5551,5551,5551,212087143,08 58 51.014,+21 46 21.52,1,16.692,,,,08585101+2146215,,STAR,JHK,col,,,,,,,,,,,,,,,,,,,,,14.642,0.036,14.187,0.053,13.844,0.045,3478,221,221,5.062,0.09,0.09,-0.038,0.15,0.21,0.225,0.07,0.054,0.207,0.102,0.064,17.22,12.29,6.228,178.9,73.79,60.69,0.022,0.008,0.007,,,
5552,5552,5552,212087156,08 54 48.727,+21 46 22.34,1,17.909,,,,08544872+2146223,5038-301-4-0053-0258,EXTENDED,gri,,1,3,0,3,,,,,,,21.01,0.124,19.008,0.012,17.915,0.008,17.438,0.008,17.099,0.021,16.231,0.104,15.463,0.109,15.082,0.116,,,,,,,,,,,,,,,,,,,,,,,,,,,
5553,5553,5553,212087218,08 57 11.261,+21 46 26.45,1,11.115,,1400-1144-1,559-046950,08571126+2146265,,STAR,gri,lam,-0.8,1.3,0.4,1.3,,,11.474,0.086,11.584,0.146,,,11.352,0.04,11.05,0.06,11.014,0.06,,,10.349,0.02,10.171,0.018,10.159,0.018,6535,158,132,4.171,0.1,0.14,-0.11,0.12,0.15,1.486,0.311,0.189,1.291,0.12,0.12,0.364,0.156,0.143,365.9,82.4,49.41,0.03,0.01,0.007,,,
5554,5554,5554,212087233,08 55 04.059,+21 46 27.33,1,17.563,,,,08550405+2146273,5038-301-4-0053-0293,EXTENDED,gri,,7,3,-1,3,,,,,,,19.299,0.037,18.121,0.007,17.662,0.007,17.324,0.008,17.184,0.027,16.831,0.173,16.152,0.197,,,,,,,,,,,,,,,,,,,,,,,,,,,,,
5555,5555,5555,212087246,09 10 02.808,+21 46 27.75,1,9.996,,,559-047347,09100280+2146279,,STAR,gri,rpm,-3.5,1.2,1.5,1,,,11.316,0.07,10.244,0.09,,,10.795,0.08,9.933,0.2,9.653,0.13,,,8.566,0.027,8.05,0.02,7.953,0.029,4809,96,96,2.503,0.294,0.126,-0.172,0.2,0.24,10.885,0.746,2.062,1.342,0.575,0.287,0.001,0.002,2.42E-04,782.9,52.14,103.5,0.032,0.01,0.007,,,
5556,5556,5556,212087300,08 26 52.987,+21 46 31.32,1,12.679,,,559-045710,08265298+2146312,,STAR,JHK,rpm,-27.9,6.9,7.4,5.6,,,,,,,,,,,,,,,,,11.43,0.021,11.039,0.022,10.982,0.022,5459,193,161,4.501,0.06,0.732,-0.141,0.25,0.6,0.879,1.147,0.094,0.908,0.076,0.076,1.289,0.371,1.186,295.6,358.6,43.42,0.029,0.007,0.007,,,
5557,5557,5557,212087311,08 27 42.148,+21 46 31.91,1,16.137,,,559-045752,08274213+2146320,4508-301-3-0095-0180,STAR,JHK,rpm,38.7,4.3,-26.5,5.1,,,,,,,,,,,,,,,,,15.124,0.04,14.741,0.061,14.851,0.088,5701,516,723,4.618,0.11,0.176,-1.479,0.54,0.63,0.665,0.155,0.126,0.678,0.06,0.084,2.265,1.203,1.119,1234,368.9,400.5,0.036,0.007,0.007,,,
5558,5558,5558,212087322,08 32 33.539,+21 46 32.88,1,16.558,,,,08323353+2146328,,STAR,J,col,,,,,,,,,,,,,,,,,,,,,15.127,0.043,14.47,0.048,14.075,0.051,3558,243,292,5.022,0.12,0.1,-0.056,0.16,0.24,0.232,0.094,0.078,0.238,0.136,0.097,14.41,14.34,6.307,237.8,130.5,97.13,0.027,0.011,0.011,,,
5559,5559,5559,212087366,09 00 02.309,+21 46 35.12,1,17.49,,,,09000230+2146351,5045-301-2-0160-0161,EXTENDED,gri,,0,3,3,3,,,,,,,19.49,0.044,18.238,0.008,17.566,0.007,17.169,0.007,16.915,0.017,16.489,0.118,15.632,0.111,15.185,0.132,,,,,,,,,,,,,,,,,,,,,,,,,,,
5560,5560,5560,212087375,08 29 53.563,+21 46 35.52,1,9.668,,1391-677-1,559-045834,08295356+2146354,,STAR,gri,plx,-19.9,1.1,-8.6,1.2,,,10.964,0.065,9.985,0.037,,,10.633,0.03,9.7,0.04,9.254,0.06,,,7.97,0.023,7.455,0.033,7.348,0.02,4678,75,75,2.495,0.168,0.105,-0.067,0.15,0.15,11.201,0.669,1.606,1.406,0.343,0.245,9.97E-04,6.58E-04,2.23E-04,519.6,100.5,100.5,0.034,0.011,0.008,,,
5561,5561,5561,212087387,08 59 33.090,+21 46 36.15,1,18.828,,,,08593309+2146361,5038-301-3-0060-0175,EXTENDED,gri,,-2,3,1,3,,,,,,,20.229,0.053,19.741,0.017,18.933,0.014,18.436,0.013,18.086,0.033,16.872,0.158,16.247,0.18,15.49,0.155,,,,,,,,,,,,,,,,,,,,,,,,,,,
5562,5562,5562,212087530,08 32 00.381,+21 46 46.12,1,11.125,,1398-853-1,559-045934,08320037+2146461,,STAR,gri,plx,-5.9,1.6,-8.5,1.7,,,11.712,0.087,11.458,0.112,,,11.365,0.04,11.063,0.03,11.022,0.06,,,10.383,0.025,10.19,0.021,10.157,0.021,6498,158,158,4.165,0.1,0.14,-0.045,0.12,0.15,1.541,0.353,0.186,1.336,0.116,0.116,0.334,0.143,0.145,397,84.96,84.96,0.03,0.01,0.007,,,
5563,5563,5563,212087553,08 26 53.406,+21 46 47.46,1,12.847,,,559-045713,08265340+2146474,,STAR,BV,rpm,0.8,12,12.4,6.4,,,13.428,0.13,12.92,0.13,,,13.073,0.031,,,,,,,11.837,0.021,11.626,0.024,11.571,0.021,6371,194,194,4.19,0.11,0.176,-0.123,0.15,0.21,1.46,0.43,0.217,1.235,0.132,0.159,0.373,0.191,0.181,692.7,189.4,129.6,0.034,0.013,0.007,,,
5564,5564,5564,212087586,08 29 16.008,+21 46 48.90,1,12.651,,,559-045812,08291600+2146489,,STAR,gri,rpm,3.5,1.3,-14,1.6,,,13.326,0.02,12.74,0.05,,,13.034,0.05,12.601,0.02,12.487,0.061,,,11.69,0.022,11.44,0.022,11.397,0.019,6105,121,121,4.262,0.126,0.231,-0.037,0.12,0.21,1.264,0.405,0.181,1.123,0.104,0.104,0.511,0.254,0.283,535.5,170.4,84.93,0.034,0.013,0.008,,,
5565,5565,5565,212087588,09 10 22.805,+21 46 49.21,1,12.374,,,559-047356,09102280+2146493,,STAR,gri,rpm,-9.4,1.3,-15.7,1.7,,,13.457,0.07,12.586,0.09,,,12.995,0.06,12.314,0.07,12.108,0.07,,,11.134,0.022,10.706,0.024,10.616,0.022,5208,166,125,3.58,0.93,0.465,-0.532,0.48,0.48,2.386,1.378,1.587,0.906,0.11,0.037,0.049,1.474,0.038,680.6,368.7,459.8,0.03,0.01,0.008,,,
5566,5566,5566,212087597,08 57 57.255,+21 46 49.58,1,13.803,,,559-046979,08575725+2146495,,STAR,gri,rpm,-6.9,2.7,-20.2,2,,,15.578,0.08,14.322,0.04,,,15.048,0.08,13.767,0.07,13.269,0.08,,,11.955,0.021,11.37,0.019,11.235,0.02,3962,305,93,4.859,0.02,0.114,-0.075,0.15,0.15,0.431,0.145,0.02,0.486,0.135,0.024,6.054,0.523,2.712,114,58.21,6.523,0.017,0.007,0.002,,,
5567,5567,5567,212087601,08 56 57.282,+21 46 49.72,1,13.793,,,559-046939,08565729+2146496,,STAR,gri,rpm,-19.6,2.1,27,2,,,14.957,0.06,14.05,0.07,,,14.537,0.05,13.723,0.07,13.475,0.09,,,12.392,0.023,11.922,0.019,11.854,0.023,5060,81,101,4.588,0.025,0.025,-0.088,0.16,0.28,0.753,0.043,0.056,0.814,0.048,0.077,1.853,0.275,0.202,352.9,27.86,25.82,0.031,0.006,0.005,,,
5568,5568,5568,212087616,08 34 37.143,+21 46 50.62,1,12.558,,,559-046064,08343714+2146507,,STAR,BV,rpm,-48.9,0.9,-34.6,1,,,13.736,0.02,12.731,0.031,,,13.257,0.032,,,,,,,11.232,0.022,10.774,0.023,10.709,0.019,5159,123,154,4.577,0.042,0.035,-0.252,0.3,0.25,0.753,0.058,0.063,0.797,0.076,0.063,1.803,0.325,0.233,212.2,57.42,45.19,0.026,0.008,0.004,,,
5569,5569,5569,212087617,08 52 10.210,+21 46 50.71,1,17.672,,,,,5045-301-4-0149-0278,EXTENDED,gri,,0,3,-3,3,,,,,,,19.479,0.052,18.285,0.009,17.756,0.008,17.409,0.009,17.239,0.03,,,,,,,,,,,,,,,,,,,,,,,,,,,,,,,,,
5570,5570,5570,212087656,08 29 39.049,+21 46 53.01,1,17.679,,,,08293904+2146530,6728-301-4-0125-0283,EXTENDED,gri,,1,3,1,3,,,,,,,20.924,0.163,18.973,0.013,17.674,0.008,17.125,0.007,16.776,0.016,16.207,0.118,15.601,0.142,14.762,0.114,,,,,,,,,,,,,,,,,,,,,,,,,,,
5571,5571,5571,212087671,08 53 56.294,+21 46 54.00,1,9.225,,1400-5-1,559-046829,08535629+2146540,,STAR,BV,plx,-43.2,0.9,-16.1,0.9,,,9.634,0.026,9.251,0.024,,,,,,,,,,,8.451,0.024,8.3,0.021,8.245,0.024,6789,251,209,4.223,0.04,0.056,-0.022,0.15,0.12,1.504,0.078,0.074,1.394,0.072,0.072,0.403,0.06,0.062,159.3,8.216,8.216,0.02,0.006,0.005,,,
5572,5572,5572,212087677,08 32 16.533,+21 46 54.50,1,11.739,,,559-045939,08321653+2146545,,STAR,gri,rpm,8.8,0.8,-25,0.5,,,12.466,0.02,11.844,0.05,,,12.156,0.05,11.684,0.04,11.56,0.06,,,10.776,0.023,10.473,0.022,10.463,0.023,5934,118,118,4.332,0.102,0.306,-0.115,0.25,0.25,1.113,0.539,0.157,1.037,0.126,0.105,0.68,0.335,0.461,303.5,144.8,49.31,0.028,0.008,0.007,,,
5573,5573,5573,212087708,08 51 24.829,+21 46 56.86,1,10.112,,1399-945-1,559-046742,08512482+2146569,,STAR,gri,plx,66,1.3,-90.5,1.3,,,10.971,0.078,10.158,0.052,,,10.61,0.03,10.049,0.02,9.899,0.03,,,8.972,0.029,8.662,0.02,8.605,0.02,5613,67,67,4.481,0.025,0.03,0.018,0.12,0.12,0.938,0.033,0.032,0.981,0.04,0.056,1.176,0.099,0.126,104.2,4.659,4.659,0.015,0.005,0.004,,,
5574,5574,5574,212087718,08 35 42.647,+21 46 57.27,1,9.539,,1398-1417-1,559-046111,08354264+2146572,,STAR,BV,rpm,-14.5,1.1,3.5,1.1,,,10.628,0.056,9.751,0.036,,,,,,,,,,,8.077,0.021,7.637,0.047,7.504,0.027,4902,181,151,2.493,0.396,0.11,-0.242,0.25,0.45,10.283,0.94,2.235,1.218,0.774,0.298,0.001,0.003,3.96E-04,606.8,38.92,139.4,0.031,0.01,0.007,,,
5575,5575,5575,212087728,09 02 37.960,+21 46 57.75,1,17.751,,,,09023796+2146577,5038-301-2-0064-0162,EXTENDED,gri,,3,2,-1,2,,,,,,,19.904,0.064,18.494,0.01,17.757,0.008,17.432,0.009,17.26,0.028,16.541,0.135,,,,,,,,,,,,,,,,,,,,,,,,,,,,,,,
5576,5576,5576,212087741,08 31 26.282,+21 46 58.48,1,17.744,,,,08312628+2146584,,STAR,J,rpm,6,2,4,5,,,,,,,,,,,,,,,,,16.23,0.115,15.508,0.124,15.105,0.12,3995,408,340,4.849,0.135,0.135,-0.185,0.2,0.32,0.418,0.142,0.141,0.465,0.146,0.175,6.146,6.814,2.845,807.4,431.6,324.4,0.033,0.01,0.007,,,
5577,5577,5577,212087792,08 33 01.486,+21 47 02.65,1,13.838,,,559-045976,08330148+2147027,,STAR,JHK,rpm,9.9,5.1,-10.5,8,,,,,,,,,,,,,,,,,12.337,0.023,11.823,0.021,11.731,0.019,4929,117,117,3.681,0.924,0.924,-0.315,0.3,0.48,2.123,3.508,1.545,0.87,0.162,0.116,0.056,2.02,0.054,990.4,1509,702.1,0.032,0.008,0.007,,,
5578,5578,5578,212087831,08 35 19.539,+21 47 05.34,1,11.104,,1398-1347-1,559-046094,08351954+2147052,,STAR,gri,rpm,-2.5,1.7,0.2,1.8,,,11.842,0.137,11.327,0.127,,,11.484,0.1,11.089,0.05,10.941,0.04,,,10.321,0.023,10.075,0.025,9.984,0.024,6167,184,147,3.979,0.322,0.23,-0.023,0.12,0.15,1.812,0.783,0.634,1.289,0.261,0.187,0.174,0.331,0.102,396.3,172.6,120.2,0.031,0.01,0.007,,,
5579,5579,5579,212087835,08 51 10.506,+21 47 05.77,1,17.831,,,,08511050+2147057,,STAR,JHK,col,,,,,,,,,,,,,,,,,,,,,15.696,0.063,15.012,0.076,14.873,0.092,4088,359,359,4.815,0.144,0.12,-0.242,0.25,0.3,0.453,0.127,0.148,0.51,0.126,0.176,4.749,5.059,1.92,701.4,314.8,251.9,0.033,0.011,0.008,,,
5580,5580,5580,212087916,08 56 25.810,+21 47 11.17,1,15.278,,,559-046924,08562580+2147112,5045-301-3-0155-0218,STAR,gri,rpm,4.8,3.1,5,3.4,,,16.852,0.19,15.689,0.08,,,16.301,0.05,15.195,0.1,14.84,0.07,,,13.6,0.025,12.972,0.021,12.899,0.026,4463,135,135,4.687,0.04,0.04,-0.06,0.15,0.24,0.614,0.055,0.06,0.684,0.05,0.069,2.878,0.582,0.484,422.3,54.81,48.51,0.032,0.007,0.008,,,
5581,5581,5581,212087972,08 33 26.345,+21 47 15.41,1,12.978,,,559-045998,08332633+2147154,,STAR,BV,rpm,-0.9,1.1,-3.5,1.3,,,14.043,0.02,13.184,0.032,,,13.666,0.033,,,,,,,11.777,0.021,11.406,0.025,11.296,0.025,5600,169,271,3.827,0.672,0.12,-0.231,0.25,0.45,2.076,0.517,1.196,1.019,0.234,0.156,0.115,1.265,0.032,819.4,153.1,481.2,0.037,0.022,0.012,,,
5582,5582,5582,212087996,08 55 06.322,+21 47 16.79,1,17.264,,,,08550632+2147167,,STAR,J,col,,,,,,,,,,,,,,,,,,,,,15.784,0.076,15.109,0.123,14.669,0.086,3838,460,329,4.925,0.135,0.189,-0.157,0.2,0.32,0.33,0.17,0.129,0.36,0.205,0.171,9.121,10.38,5.456,518.9,395.4,224.4,0.032,0.011,0.008,,,
5583,5583,5583,212088003,08 33 00.390,+21 47 17.29,1,12.767,,,559-045974,08330039+2147174,,STAR,gri,rpm,-16,1,-4.8,1.2,,,13.483,0.02,12.863,0.04,,,13.177,0.03,12.728,0.01,12.591,0.062,,,11.795,0.023,11.473,0.021,11.424,0.02,5891,93,70,4.294,0.144,0.336,-0.171,0.16,0.2,1.157,0.551,0.19,1.029,0.1,0.1,0.597,0.399,0.4,503.2,234.3,103.1,0.032,0.013,0.006,,,
5584,5584,5584,212088029,08 28 14.817,+21 47 18.83,1,17.714,,,,08281481+2147188,,STAR,J,col,,,,,,,,,,,,,,,,,,,,,16.203,0.098,15.414,0.12,14.787,0.089,3680,393,337,5.003,0.125,0.15,-0.168,0.2,0.28,0.259,0.135,0.089,0.279,0.196,0.123,12.83,13.06,7.304,456.8,331.6,192.1,0.032,0.01,0.008,,,
5585,5585,5585,212088059,08 50 49.887,+21 47 20.84,1,14.757,,,559-046711,08504989+2147209,,STAR,gri,rpm,-56,2.2,-13.5,2.4,,,17.088,0.1,15.606,0.056,,,16.369,0.04,14.925,0.08,14.066,0.1,,,12.344,0.025,11.656,0.023,11.46,0.021,3851,116,140,4.88,0.09,0.05,-0.014,0.15,0.12,0.405,0.045,0.093,0.448,0.06,0.11,6.639,3.98,1.39,124.5,27.96,30.74,0.02,0.012,0.006,,,
5586,5586,5586,212088074,08 30 02.884,+21 47 21.90,1,11.836,,1391-1277-1,559-045843,08300289+2147218,,STAR,gri,plx,2.2,1.9,-17,2.1,,,12.362,0.207,12.089,0.213,,,12.246,0.05,11.785,0.02,11.66,0.06,,,10.866,0.023,10.582,0.023,10.529,0.019,5961,119,119,4.393,0.045,0.081,-0.111,0.2,0.2,1.061,0.108,0.071,1.046,0.069,0.11,0.83,0.157,0.201,297.5,36.44,36.44,0.029,0.008,0.007,,,
5587,5587,5587,212088130,09 03 28.041,+21 47 25.24,1,16.272,,,,09032804+2147252,5038-301-2-0065-0184,STAR,gri,rpm,35,4,-37,4,,,,,,,20.757,0.056,18.1,0.007,16.596,0.005,15.489,0.005,14.902,0.005,13.6,0.025,12.979,0.022,12.722,0.02,3347,33,33,5.109,0.02,0.02,0.053,0.08,0.1,0.19,0.008,0.009,0.17,0.007,0.01,24.66,2.504,2.273,88.97,3.127,3.021,0.015,0.006,0.004,,,
5588,5588,5588,212088188,09 05 08.013,+21 47 29.59,1,15.618,,,559-047185,09050800+2147298,5061-301-6-0154-0033,STAR,gri,lam,-2.5,3.2,-5.6,3.5,,,16.641,0.07,15.977,0.03,,,16.294,0.08,15.7,0.05,15.329,0.13,,,14.357,0.027,13.915,0.028,13.841,0.039,5269,157,157,4.56,0.03,0.036,-0.113,0.12,0.15,0.796,0.055,0.043,0.839,0.051,0.051,1.661,0.203,0.214,965.9,104,78.88,0.033,0.008,0.007,,,
5589,5589,5589,212088212,08 59 20.036,+21 47 32.20,1,16.032,,,,08592003+2147322,5038-301-3-0059-0206,EXTENDED,gri,,,,,,,,,,,,18.232,0.021,16.838,0.004,16.105,0.004,15.686,0.004,15.381,0.008,15.018,0.055,14.294,0.112,13.914,0.084,,,,,,,,,,,,,,,,,,,,,,,,,,,
5590,5590,5590,212088224,08 55 40.340,+21 47 33.04,1,17.377,,,,,5045-301-3-0154-0290,EXTENDED,gri,,4,4,1,4,,,,,,,19.107,0.052,17.908,0.009,17.429,0.009,17.15,0.01,17.074,0.038,,,,,,,,,,,,,,,,,,,,,,,,,,,,,,,,,
5591,5591,5591,212088230,08 53 48.582,+21 47 33.49,1,11.502,,,559-046824,08534857+2147335,,STAR,gri,lam,-8.3,0.6,3.3,1,,,12.843,0.06,11.747,0.04,,,12.3,0.02,11.434,0.05,11.161,0.05,,,10.028,0.022,9.491,0.021,9.413,0.022,4753,97,97,2.453,0.18,0.06,-0.301,0.12,0.12,10.775,0.549,2.232,1.162,0.168,0.14,9.47E-04,8.28E-04,1.32E-04,1489,93.33,273.1,0.034,0.01,0.007,,,
5592,5592,5592,212088274,08 57 23.127,+21 47 36.68,1,16.13,,,559-046958,08572312+2147366,5045-301-3-0157-0073,EXTENDED,BV,,2.8,3.4,-8.4,3.7,,,16.956,0.095,16.27,0.073,,,16.624,0.02,,,,,,,14.751,0.036,14.306,0.042,14.311,0.066,,,,,,,,,,,,,,,,,,,,,,,,,,,
5593,5593,5593,212088343,08 28 16.503,+21 47 41.05,1,17.658,,,,08281650+2147410,,STAR,J,col,,,,,,,,,,,,,,,,,,,,,16.151,0.091,15.38,0.123,14.729,0.086,3680,393,337,4.989,0.12,0.144,-0.128,0.2,0.28,0.254,0.163,0.086,0.271,0.189,0.118,12.52,12.46,7.055,438.2,311.2,182,0.032,0.01,0.008,,,
5594,5594,5594,212088355,08 28 34.950,+21 47 42.41,1,12.618,,,559-045781,08283495+2147423,,STAR,gri,rpm,-34.6,1.3,-14,3.7,,,13.702,0.01,12.826,0.03,,,13.277,0.05,12.554,0.01,12.335,0.061,,,11.263,0.02,10.843,0.024,10.729,0.02,5198,105,126,4.558,0.035,0.805,-0.098,0.2,0.36,0.813,1.381,0.093,0.883,0.046,0.111,1.597,0.323,1.504,231.5,61.57,31.73,0.028,0.018,0.005,,,
5595,5595,5595,212088358,09 04 52.697,+21 47 42.64,1,16.382,,,,09045269+2147426,,STAR,JHK,col,,,,,,,,,,,,,,,,,,,,,13.934,0.029,13.309,0.033,13.007,0.022,3543,127,177,5.033,0.096,0.06,-0.043,0.15,0.21,0.233,0.069,0.061,0.232,0.091,0.076,16.37,10.61,5.703,139.5,42.3,43.22,0.02,0.007,0.006,,,
5596,5596,5596,212088426,08 52 37.742,+21 47 47.64,1,18.317,,,,,5045-301-4-0150-0333,EXTENDED,gri,,-4,3,6,3,,,,,,,19.89,0.089,18.743,0.015,18.283,0.016,18.135,0.027,18.02,0.076,,,,,,,,,,,,,,,,,,,,,,,,,,,,,,,,,
5597,5597,5597,212088435,09 04 30.521,+21 47 48.50,1,11.188,,,559-047161,,,STAR,gri,,-40.1,8.5,-19.4,7.1,,,11.999,0.08,11.354,0.1,,,11.643,0.04,11.197,0.05,10.993,0.09,,,,,,,,,,,,,,,,,,,,,,,,,,,,,,,,,,,
5598,5598,5598,212088482,08 31 37.724,+21 47 52.07,1,17.911,,,,08313772+2147520,,STAR,J,col,,,,,,,,,,,,,,,,,,,,,16.384,0.125,15.667,0.139,15,0.122,3676,432,309,4.989,0.12,0.168,-0.204,0.25,0.3,0.275,0.142,0.094,0.286,0.203,0.127,12.52,12.46,7.055,520.6,382,220.3,0.032,0.008,0.008,,,
5599,5599,5599,212088514,08 26 59.627,+21 47 54.67,1,11.933,,,559-045717,08265962+2147546,,STAR,gri,rpm,-22.2,0.8,-15,2.6,,,13.153,0.02,12.179,0.03,,,12.728,0.08,11.86,0.01,11.592,0.06,,,10.561,0.022,10.084,0.022,9.98,0.019,4954,59,59,3.667,0.893,0.235,-0.002,0.16,0.2,2.703,0.773,1.934,1.094,0.199,0.266,0.053,1.522,0.03,531.6,131.5,377.4,0.029,0.007,0.005,,,
5600,5600,5600,212088537,08 50 39.325,+21 47 56.00,1,15.811,,,,08503932+2147560,,STAR,JHK,rpm,98,2,10,7,,,,,,,,,,,,,,,,,13.778,0.023,13.187,0.024,12.985,0.028,3704,191,229,5.032,0.099,0.055,-0.289,0.25,0.3,0.253,0.058,0.071,0.256,0.08,0.096,15.22,10.28,4.195,143.9,47.99,47.72,0.019,0.006,0.006,,,
5601,5601,5601,212088560,08 29 42.265,+21 47 57.77,1,11.532,,1391-415-1,559-045826,08294226+2147576,,STAR,gri,plx,8.4,1.5,-22.1,1.6,,,12.166,0.188,11.553,0.139,,,12.022,0.05,11.478,0.02,11.323,0.06,,,10.387,0.021,10.112,0.023,10.039,0.019,5882,117,117,3.997,0.174,0.145,0.045,0.15,0.21,1.715,0.376,0.308,1.177,0.129,0.107,0.204,0.176,0.083,396.2,93.64,93.64,0.032,0.011,0.008,,,
5602,5602,5602,212088571,08 51 23.549,+21 47 58.62,1,17.396,,,,08512354+2147586,5045-301-4-0148-0260,EXTENDED,gri,,0,3,1,3,,,,,,,20.167,0.101,18.363,0.01,17.401,0.007,16.982,0.007,16.616,0.019,16.428,0.122,15.812,0.163,15.121,0.128,,,,,,,,,,,,,,,,,,,,,,,,,,,
5603,5603,5603,212088588,08 35 24.524,+21 48 00.57,1,13.19,,,560-046421,08352452+2148005,,STAR,gri,rpm,-4.4,1.2,-3,1.5,,,14.511,0.06,13.515,0.02,,,13.99,0.1,13.19,0.05,12.847,0.06,,,11.825,0.023,11.362,0.027,11.225,0.019,4970,101,101,3.2,0.38,0.836,-0.358,0.25,0.4,3.917,5.778,1.232,1.033,0.2,0.143,0.014,0.034,0.013,1376,1847,441.4,0.034,0.011,0.007,,,
5604,5604,5604,212088598,08 27 33.176,+21 48 01.66,1,10.537,,1391-637-1,560-046065,08273318+2148017,,STAR,gri,plx,-4.3,1.8,-48.9,2.3,,,11.318,0.092,10.681,0.082,,,11.03,0.04,10.491,0.02,10.326,0.06,,,9.424,0.022,9.097,0.022,9.026,0.019,5764,103,137,4.058,0.085,0.102,-0.023,0.15,0.24,1.581,0.145,0.158,1.04,0.088,0.063,0.262,0.083,0.074,214.9,13.77,13.77,0.025,0.008,0.007,,,
5605,5605,5605,212088673,08 26 28.757,+21 48 05.98,1,17.958,,,,,6728-301-5-0120-0258,EXTENDED,gri,,-2,3,5,3,,,,,,,19.815,0.086,18.559,0.012,18.033,0.01,17.701,0.012,17.536,0.031,,,,,,,,,,,,,,,,,,,,,,,,,,,,,,,,,
5606,5606,5606,212088732,08 58 13.146,+21 48 09.62,1,12.822,,,560-047329,08581314+2148095,,STAR,gri,lam,-4.1,1.1,-8,1.5,,,13.435,0.04,12.903,0.06,,,13.16,0.06,12.774,0.07,12.677,0.08,,,11.94,0.021,11.698,0.019,11.629,0.02,6186,124,124,4.2,0.115,0.138,-0.304,0.15,0.12,1.319,0.268,0.188,1.054,0.114,0.082,0.423,0.217,0.166,636.5,133.7,93.5,0.032,0.008,0.007,,,
5607,5607,5607,212088746,09 09 12.000,+21 48 10.43,1,15.387,,,560-047703,09091200+2148105,,STAR,gri,rpm,-2.1,3.1,-6,3.4,,,16.539,0.16,15.552,0.06,,,16.071,0.07,15.212,0.1,15.093,0.02,,,13.849,0.028,13.376,0.035,13.231,0.036,5033,151,151,4.578,0.04,0.928,-0.183,0.2,0.32,0.759,1.664,0.06,0.811,0.082,0.068,1.792,0.338,1.725,689.2,1439,76.37,0.034,0.01,0.007,,,
5608,5608,5608,212088755,08 56 11.724,+21 48 11.44,1,19.414,,,,,5045-301-3-0155-0288,STAR,gri,,0,5,0,5,,,,,,,20.231,0.047,19.524,0.013,19.377,0.014,19.273,0.018,19.063,0.051,,,,,,,,,,,,,,,,,,,,,,,,,,,,,,,,,
5609,5609,5609,212088764,08 58 34.219,+21 48 12.06,1,19.448,,,,08583421+2148120,5038-301-3-0058-0289,STAR,gri,,-51,3,-29,3,,,,,,,19.8,0.033,19.348,0.011,19.481,0.015,19.839,0.026,20.259,0.135,17.015,0.164,16.257,0.145,,,,,,,,,,,,,,,,,,,,,,,,,,,,,
5610,5610,5610,212088776,08 57 35.789,+21 48 12.75,1,19.797,,,,,5045-301-3-0157-0479,EXTENDED,gri,,,,,,,,,,,,21.626,0.282,20.174,0.036,19.813,0.041,19.635,0.054,19.19,0.145,,,,,,,,,,,,,,,,,,,,,,,,,,,,,,,,,
5611,5611,5611,212088787,08 59 18.214,+21 48 13.07,1,16.228,,,,08591821+2148130,5038-301-3-0059-0187,EXTENDED,gri,,3,3,1,3,,,,,,,19.175,0.037,17.2,0.005,16.242,0.004,15.811,0.004,15.46,0.008,15.081,0.056,14.337,0.074,13.996,0.063,,,,,,,,,,,,,,,,,,,,,,,,,,,
5612,5612,5612,212088815,08 33 10.992,+21 48 14.74,1,13.912,,,560-046322,08331098+2148148,,STAR,BV,rpm,-1.1,1.5,-2.6,1.6,,,15.032,0.05,14.073,0.036,,,14.615,0.037,,,,,,,12.402,0.023,11.855,0.022,11.804,0.02,4843,114,114,2.775,0.665,0.665,-0.52,0.35,0.63,6.531,6.803,3.758,0.93,0.176,0.117,0.003,0.025,0.003,2716,2604,1504,0.034,0.009,0.009,,,
5613,5613,5613,212088849,08 31 17.620,+21 48 17.55,1,11.712,,1391-1342-1,560-046234,08311762+2148174,,STAR,gri,plx,-13.5,2.7,6.6,2.9,,,13.126,0.423,11.402,0.13,,,12.359,0.05,11.669,0.02,11.434,0.06,,,10.442,0.021,10.025,0.021,9.921,0.02,5168,105,105,3.651,0.11,0.176,-0.276,0.25,0.35,2.669,0.528,0.323,1.129,0.179,0.179,0.06,0.027,0.027,529.7,100.5,100.5,0.033,0.01,0.007,,,
5614,5614,5614,212088868,08 57 24.434,+21 48 18.98,1,13.358,,,560-047305,08572444+2148189,,STAR,gri,rpm,-1.8,2,2.3,2.4,,,14.729,0.03,13.644,0.06,,,14.201,0.05,13.308,0.06,12.997,0.07,,,11.773,0.019,11.24,0.019,11.116,0.022,4783,77,96,2.886,0.43,0.516,-0.223,0.16,0.4,6.151,4.598,2.288,1.104,0.152,0.182,0.005,0.015,0.004,2018,1129,834.1,0.035,0.011,0.008,,,
5615,5615,5615,212088890,09 05 01.147,+21 48 20.73,1,14.155,,,560-047588,09050115+2148207,5061-301-6-0154-0009,STAR,gri,rpm,-2.5,2.7,0.2,2.9,,,15.491,0.09,14.445,0.11,,,14.959,0.05,14.152,0.05,13.81,0.11,,,12.725,0.025,12.218,0.022,12.124,0.02,4907,97,78,3.205,1.176,0.84,-0.366,0.36,0.42,3.254,4.321,2.543,0.936,0.229,0.143,0.017,1.386,0.016,1700,2150,1310,0.034,0.008,0.005,,,
5616,5616,5616,212088945,08 51 27.574,+21 48 23.98,1,16.797,,,,08512757+2148239,5045-301-4-0148-0268,EXTENDED,gri,,-4,3,-1,3,,,,,,,19.538,0.06,17.76,0.007,16.858,0.005,16.384,0.005,16.03,0.013,15.675,0.074,14.787,0.09,14.509,0.089,,,,,,,,,,,,,,,,,,,,,,,,,,,
5617,5617,5617,212088982,08 55 09.487,+21 48 26.02,1,12.601,,,560-047223,08550947+2148261,,STAR,gri,,19.1,1.6,8,1.5,,,13.637,0.07,12.773,0.07,,,13.224,0.03,12.508,0.07,12.334,0.06,,,11.647,0.029,,,11.198,0.031,,,,,,,,,,,,,,,,,,,,,,,,,,,
5618,5618,5618,212089017,09 09 35.132,+21 48 28.41,1,13.791,,,560-047723,09093513+2148284,,STAR,gri,rpm,-2.2,2.3,-7,2.5,,,15.177,0.07,14.115,0.11,,,14.639,0.07,13.713,0.11,13.427,0.1,,,12.293,0.023,11.748,0.03,11.652,0.021,4863,85,171,3.144,1.233,0.685,-0.255,0.3,0.48,4.256,4.822,3.452,0.966,0.243,0.152,0.011,1.112,0.01,1849,1961,1523,0.033,0.01,0.006,,,
5619,5619,5619,212089033,08 52 44.368,+21 48 29.87,1,11.666,,,560-047144,08524437+2148298,,STAR,gri,lam,-9,0.8,-5,1.6,,,12.426,0.07,11.769,0.04,,,12.08,0.02,11.603,0.04,11.489,0.05,,,10.743,0.026,10.424,0.026,10.429,0.024,6027,119,119,4.056,0.14,0.12,-0.117,0.14,0.1,1.615,0.286,0.28,1.144,0.144,0.103,0.25,0.176,0.083,436.7,73.08,81.41,0.032,0.006,0.007,,,
5620,5620,5620,212089069,08 54 57.012,+21 48 32.63,1,9.749,,1400-1411-1,560-047214,08545701+2148326,,STAR,gri,rpm,-5.7,1.4,-24.5,1.3,,,11.136,0.09,9.972,0.046,,,10.573,0.03,9.69,0.03,9.395,0.02,,,8.171,0.021,7.617,0.018,7.506,0.027,4718,57,76,2.467,0.368,0.096,-0.185,0.12,0.18,10.915,0.652,3.852,1.177,0.173,0.145,9.46E-04,0.002,2.28E-04,628.7,44.97,193.8,0.032,0.011,0.007,,,
5621,5621,5621,212089118,08 55 39.535,+21 48 36.37,1,12.519,,1400-1220-1,560-047238,08553948+2148364,,STAR,gri,rpm,-1.9,2.4,-4.7,2.5,,,12.463,0.323,11.735,0.218,,,12.989,0.04,12.44,0.05,12.317,0.05,,,11.476,0.022,11.16,0.021,11.091,0.018,5788,137,137,4.293,0.155,0.465,0.008,0.15,0.24,1.175,1.044,0.224,1.053,0.215,0.072,0.543,0.526,0.443,423.5,346.4,82.74,0.032,0.011,0.006,,,
5622,5622,5622,212089129,08 25 45.803,+21 48 37.16,1,12.618,,,560-045976,08254580+2148371,,STAR,gri,rpm,-4,1.8,-16.6,1.7,,,13.287,0.03,12.718,0.01,,,13.022,0.09,12.579,0.01,12.445,0.061,,,11.653,0.022,11.395,0.022,11.318,0.02,6087,147,147,4.249,0.132,0.22,-0.118,0.15,0.27,1.252,0.345,0.177,1.093,0.091,0.128,0.529,0.253,0.287,525,139.3,81.23,0.032,0.014,0.007,,,
5623,5623,5623,212089136,08 31 42.813,+21 48 37.52,1,11.768,,,560-046257,,,STAR,gri,,-8.3,3.6,26.5,4,,,12.523,0.02,11.889,0.05,,,12.189,0.05,11.719,0.03,11.587,0.06,,,,,,,,,,,,,,,,,,,,,,,,,,,,,,,,,,,
5624,5624,5624,212089151,08 28 53.463,+21 48 38.43,1,13.992,,,560-046133,08285346+2148384,,STAR,gri,rpm,-12.2,1.8,-8.5,1.8,,,15.108,0.01,14.248,0.01,,,14.644,0.06,14,0.04,13.713,0.069,,,12.758,0.021,12.286,0.026,12.22,0.025,5163,82,103,3.65,0.902,0.492,-0.458,0.4,0.4,2.103,1.502,1.387,0.886,0.053,0.086,0.081,1.615,0.066,1213,765.1,792.5,0.032,0.01,0.005,,,
5625,5625,5625,212089246,08 32 45.804,+21 48 44.76,1,19.051,,,,08324580+2148447,4508-301-2-0102-0303,STAR,gri,,1,3,1,3,,,,,,,19.571,0.03,19.133,0.01,19.024,0.011,18.886,0.012,18.783,0.031,17.1,0.211,,,15.486,0.171,,,,,,,,,,,,,,,,,,,,,,,,,,,
5626,5626,5626,212089255,09 05 16.640,+21 48 45.09,1,17.24,,,,09051663+2148450,5061-301-6-0154-0219,EXTENDED,gri,,-4,3,4,3,,,,,,,20.127,0.07,18.391,0.008,17.238,0.006,16.746,0.006,16.412,0.013,15.71,0.067,14.843,0.077,14.429,0.084,,,,,,,,,,,,,,,,,,,,,,,,,,,
5627,5627,5627,212089279,08 35 46.827,+21 48 46.27,1,14.387,,,560-046437,08354685+2148463,4508-301-1-0106-0191,STAR,gri,rpm,-9.7,2.1,-1.5,2.3,,,16.146,0.11,14.923,0.01,,,15.612,0.03,14.344,0.01,13.862,0.01,,,12.742,0.03,12.12,0.035,12.058,0.034,4098,48,64,4.794,0.18,0.02,-0.086,0.1,0.44,0.497,0.015,0.184,0.563,0.017,0.215,4.523,6.428,0.302,208,6.241,80.93,0.023,0.006,0.005,,,
5628,5628,5628,212089302,08 29 44.977,+21 48 47.57,1,17.605,,,,08294497+2148475,6728-301-4-0125-0324,EXTENDED,gri,,1,3,-1,3,,,,,,,20.942,0.212,18.876,0.015,17.624,0.009,17.06,0.007,16.695,0.019,16.206,0.117,15.509,0.139,15.125,0.133,,,,,,,,,,,,,,,,,,,,,,,,,,,
5629,5629,5629,212089306,08 59 08.794,+21 48 47.95,1,15.196,,,560-047355,08590878+2148482,5038-301-3-0059-0048,STAR,gri,col,,,,,,,15.98,0.07,15.345,0.05,,,15.662,0.08,15.162,0.06,14.996,0.14,,,13.98,0.029,13.564,0.03,13.53,0.03,5472,216,173,4.519,0.055,0.396,-0.373,0.3,0.48,0.831,0.53,0.092,0.843,0.082,0.098,1.454,0.377,0.79,887.5,422.2,123.4,0.033,0.008,0.007,,,
5630,5630,5630,212089314,09 06 57.695,+21 48 48.48,1,12.009,,,560-047634,09065768+2148485,,STAR,gri,rpm,8.5,1.4,-4.1,2.7,,,13.219,0.06,12.271,0.09,,,12.735,0.04,11.948,0.08,11.698,0.09,,,10.644,0.023,10.196,0.031,10.114,0.022,5012,143,102,3.204,0.42,0.84,-0.429,0.36,0.3,4.132,5.653,1.572,1.015,0.258,0.117,0.012,0.052,0.012,848.1,1071,309.3,0.033,0.009,0.009,,,
5631,5631,5631,212089317,09 09 32.778,+21 48 48.67,1,11.469,,,560-047722,09093278+2148487,,STAR,gri,rpm,-35.2,0.5,-6.9,2,,,12.616,0.09,11.713,0.13,,,12.145,0.07,11.407,0.12,11.179,0.1,,,10.236,0.023,9.812,0.03,9.761,0.021,5242,157,157,4.509,0.066,0.968,-0.144,0.25,0.5,0.892,1.968,0.106,0.908,0.138,0.063,1.266,0.426,1.225,167.4,330.8,26.23,0.025,0.011,0.007,,,
5632,5632,5632,212089320,08 56 49.227,+21 48 49.20,1,18.254,,,,08564922+2148492,,STAR,JHK,col,,,,,,,,,,,,,,,,,,,,,15.924,0.08,15.175,0.087,15.041,0.111,4071,336,336,4.82,0.161,0.115,-0.248,0.24,0.32,0.436,0.118,0.139,0.487,0.143,0.167,5.465,5.642,2.172,798.4,339.8,312.4,0.032,0.01,0.007,,,
5633,5633,5633,212089331,08 54 11.338,+21 48 49.87,1,13.253,,,560-047195,08541133+2148499,,STAR,gri,rpm,-2.9,1.6,-5.1,3.2,,,14.724,0.05,13.534,0.04,,,14.139,0.02,13.175,0.07,12.874,0.06,,,11.627,0.022,11.051,0.021,10.941,0.02,4674,93,74,2.72,0.534,0.534,-0.143,0.2,0.32,6.611,5.564,3.021,1.01,0.166,0.2,0.003,0.014,0.002,1912,1466,829.8,0.033,0.01,0.008,,,
5634,5634,5634,212089357,08 59 32.914,+21 48 51.77,1,16.348,,,560-047373,08593293+2148516,5038-301-3-0060-0036,STAR,BV,rpm,-3.3,3.5,-3.4,3.6,,,16.255,0.06,16.236,0.071,,,,,,,,,,,15.7,0.058,15.49,0.084,15.384,0.142,5961,262,367,4.355,0.174,0.232,-0.75,0.35,0.35,0.978,0.325,0.181,0.841,0.064,0.064,0.848,0.626,0.457,2482,976,599.3,0.033,0.008,0.007,,,
5635,5635,5635,212089368,08 50 22.575,+21 48 52.37,1,15.408,,,560-047057,08502257+2148524,,STAR,gri,rpm,2.1,2.2,-4.6,2.4,,,16.445,0.07,15.605,0.03,,,16.026,0.05,15.343,0.03,15.143,0.09,,,14.101,0.029,13.611,0.028,13.597,0.036,5120,121,101,4.563,0.045,1.233,-0.353,0.3,0.48,0.781,2.586,0.078,0.82,0.082,0.082,1.689,0.413,1.666,840,2720,115.1,0.033,0.008,0.007,,,
5636,5636,5636,212089425,08 28 27.690,+21 48 56.70,1,19.579,,,,,4508-301-3-0096-0487,STAR,gri,,-3,5,-46,5,,,,,,,24.167,0.669,21.203,0.036,19.713,0.017,18.883,0.012,18.384,0.024,,,,,,,,,,,,,,,,,,,,,,,,,,,,,,,,,
5637,5637,5637,212089453,08 35 04.366,+21 48 58.55,1,13.862,,,560-046406,08350437+2148585,,STAR,gri,rpm,-21.7,1.8,-16.8,4.1,,,15.195,0.06,14.145,0.037,,,14.81,0.038,13.763,0.044,13.456,0.066,,,12.443,0.023,11.933,0.023,11.82,0.019,4719,77,96,4.632,0.025,0.03,-0.04,0.27,0.18,0.687,0.058,0.034,0.745,0.067,0.042,2.282,0.22,0.313,301.4,33.83,22.05,0.03,0.008,0.008,,,
5638,5638,5638,212089454,08 34 21.595,+21 48 58.59,1,18.135,,,,08342159+2148585,,STAR,JHK,col,,,,,,,,,,,,,,,,,,,,,15.91,0.062,15.136,0.075,15.06,0.1,4168,248,298,4.796,0.119,0.085,-0.24,0.25,0.3,0.471,0.093,0.118,0.535,0.099,0.138,4.52,3.173,1.429,868.4,268.5,272.8,0.034,0.008,0.007,,,
5639,5639,5639,212089505,09 08 14.592,+21 49 01.97,1,13.832,,,560-047672,09081459+2149020,,STAR,gri,lam,,,,,,,15.291,0.07,14.245,0.09,,,14.85,0.07,13.76,0.09,13.395,0.09,,,12.179,0.022,11.559,0.033,11.477,0.021,4437,131,131,4.724,0.048,0.04,-0.318,0.15,0.21,0.562,0.047,0.052,0.616,0.051,0.062,3.45,0.794,0.547,199.6,25.39,26.72,0.024,0.006,0.004,,,
5640,5640,5640,212089506,08 26 37.989,+21 49 01.98,1,14.522,,,560-046011,08263799+2149019,,STAR,JHK,rpm,3.8,3.1,-5.8,3.4,,,,,14.495,0.03,,,,,,,,,,,12.573,0.025,11.954,0.024,11.805,0.021,4377,240,432,4.699,0.21,2.31,-0.185,0.2,0.36,0.58,9.787,0.216,0.634,0.194,0.259,3.009,4.726,3.008,243.9,4601,102.3,0.027,0.008,0.005,,,
5641,5641,5641,212089509,08 31 23.402,+21 49 02.19,1,17.387,,,,08312340+2149021,,STAR,J,col,,,,,,,,,,,,,,,,,,,,,15.899,0.09,15.001,0.091,14.568,0.096,3914,362,362,4.869,0.168,0.12,-0.168,0.2,0.28,0.376,0.12,0.147,0.416,0.166,0.194,6.548,9.599,2.823,649.1,304.4,298.3,0.033,0.01,0.008,,,
5642,5642,5642,212089546,08 52 13.141,+21 49 05.11,1,14.466,,,560-047133,08521314+2149051,5045-301-4-0149-0148,STAR,gri,rpm,0.6,3.4,10.9,2.3,,,15.585,0.08,14.713,0.06,,,15.134,0.04,14.419,0.04,14.18,0.12,,,13.142,0.022,12.759,0.022,12.61,0.028,5309,127,106,4.53,0.035,0.049,-0.017,0.2,0.24,0.841,0.062,0.058,0.899,0.046,0.065,1.453,0.254,0.256,594.8,62.21,56.32,0.035,0.008,0.008,,,
5643,5643,5643,212089554,09 03 35.919,+21 49 05.75,1,15.199,,,560-047523,09033592+2149056,,STAR,gri,rpm,-1.2,3.1,-0.3,3.4,,,16.405,0.06,15.431,0.08,,,15.882,0.05,15.123,0.1,14.906,0.1,,,13.795,0.026,13.315,0.028,13.267,0.029,5069,151,121,4.557,0.05,1.35,-0.238,0.25,0.5,0.799,3.176,0.09,0.842,0.097,0.081,1.651,0.38,1.634,729.4,2690,95.58,0.034,0.01,0.007,,,
5644,5644,5644,212089555,08 57 30.119,+21 49 05.82,1,14.237,,,560-047308,08573011+2149057,5045-301-3-0157-0101,STAR,gri,rpm,113.5,3.3,-26.9,3.5,,,16.623,0.09,15.058,0.07,,,15.932,0.05,14.421,0.09,13.51,0.09,,,11.768,0.019,11.192,0.021,10.939,0.02,3498,98,56,5.07,0.04,0.064,-0.079,0.15,0.12,0.215,0.052,0.031,0.203,0.062,0.031,19.13,5.515,5.712,63.7,27.11,19.02,0.01,0.005,0.005,,,
5645,5645,5645,212089561,08 52 36.575,+21 49 06.12,1,11.661,,1399-690-1,560-047142,08523657+2149061,,STAR,gri,rpm,-17,1.7,0.6,1.8,,,11.967,0.17,11.452,0.142,,,12.07,0.03,11.597,0.03,11.486,0.05,,,10.646,0.025,10.347,0.02,10.274,0.017,5893,141,141,4.204,0.225,0.27,-0.077,0.18,0.27,1.308,0.576,0.343,1.059,0.149,0.093,0.406,0.535,0.258,325.9,157.9,91.43,0.031,0.007,0.008,,,
5646,5646,5646,212089562,09 02 57.388,+21 49 06.16,1,16.658,,,,09025738+2149061,5038-301-2-0064-0240,EXTENDED,gri,,4,3,2,3,,,,,,,19.674,0.057,17.683,0.007,16.659,0.005,16.219,0.005,15.828,0.01,15.494,0.069,14.861,0.09,14.546,0.082,,,,,,,,,,,,,,,,,,,,,,,,,,,
5647,5647,5647,212089563,08 54 28.818,+21 49 06.17,1,17.448,,,,08542881+2149061,,STAR,JHK,col,,,,,,,,,,,,,,,,,,,,,15.005,0.039,14.372,0.041,14.08,0.046,3671,278,232,4.988,0.1,0.12,-0.106,0.16,0.24,0.278,0.109,0.091,0.296,0.162,0.116,11.31,9.036,5.023,290.9,154.5,116.4,0.027,0.01,0.008,,,
5648,5648,5648,212089584,08 58 02.923,+21 49 07.93,1,17.577,,,,08580292+2149079,5038-301-3-0058-0209,EXTENDED,gri,,4,3,-4,3,,,,,,,19.996,0.069,18.402,0.009,17.597,0.007,17.223,0.008,16.942,0.022,16.44,0.129,15.91,0.175,15.328,0.156,,,,,,,,,,,,,,,,,,,,,,,,,,,
5649,5649,5649,212089596,09 06 19.911,+21 49 08.58,1,14.368,,,560-047619,09061990+2149087,,STAR,gri,rpm,7,5.9,-4.9,7.2,,,15.591,0.03,14.665,0.08,,,15.155,0.05,14.344,0.11,14.031,0.11,,,12.991,0.028,12.421,0.036,12.352,0.026,4805,143,143,4.603,0.045,1.89,-0.22,0.25,0.4,0.728,6.286,0.076,0.782,0.157,0.079,1.989,0.402,1.986,429.9,3638,66.69,0.032,0.008,0.007,,,
5650,5650,5650,212089615,09 05 31.078,+21 49 09.72,1,17.612,,,,09053107+2149097,5061-301-6-0154-0271,EXTENDED,gri,,-4,3,-5,3,,,,,,,20.62,0.138,18.472,0.01,17.637,0.008,17.244,0.009,16.936,0.024,16.708,0.162,,,15.593,0.212,,,,,,,,,,,,,,,,,,,,,,,,,,,
5651,5651,5651,212089719,08 32 01.478,+21 49 16.75,1,17.208,,,,08320147+2149167,,STAR,J,col,,,,,,,,,,,,,,,,,,,,,15.732,0.092,14.717,0.102,14.378,0.081,4056,248,297,4.827,0.144,0.108,-0.162,0.2,0.28,0.455,0.097,0.146,0.507,0.102,0.183,5.143,5.479,1.706,740,262.9,285,0.033,0.011,0.008,,,
5652,5652,5652,212089727,08 56 31.802,+21 49 17.78,1,17.716,,,,08563180+2149177,5045-301-3-0156-0258,EXTENDED,gri,,2,1,10,1,,,,,,,19.906,0.069,18.489,0.01,17.783,0.008,17.385,0.009,17.14,0.026,16.664,0.149,,,15.604,0.194,,,,,,,,,,,,,,,,,,,,,,,,,,,
5653,5653,5653,212089738,08 32 51.466,+21 49 18.99,1,11.225,,1398-780-1,560-046310,08325146+2149190,,STAR,gri,plx,7.1,2.2,-9.7,2.2,,,11.803,0.108,11.433,0.126,,,11.565,0.04,11.148,0.03,11.079,0.06,,,10.392,0.023,10.179,0.021,10.107,0.018,6239,149,149,4.134,0.13,0.156,-0.015,0.15,0.18,1.509,0.37,0.219,1.233,0.129,0.108,0.327,0.185,0.136,378.2,72.32,72.32,0.031,0.011,0.008,,,
5654,5654,5654,212089759,09 08 34.503,+21 49 20.30,1,18.364,,,,09083450+2149203,,STAR,JHK,rpm,2,3,14,4,,,,,,,,,,,,,,,,,15.878,0.087,15.184,0.11,14.933,0.112,4008,429,307,4.846,0.13,0.13,-0.24,0.25,0.3,0.406,0.129,0.13,0.468,0.137,0.164,5.924,5.896,2.593,689.7,339.9,263.3,0.033,0.008,0.007,,,
5655,5655,5655,212089771,08 34 52.409,+21 49 21.44,1,17.898,,,,08345240+2149214,4508-301-1-0105-0278,STAR,gri,rpm,-23,3,-41,3,,,,,,,20.84,0.066,18.762,0.009,17.863,0.006,17.527,0.007,17.354,0.012,16.055,0.077,15.649,0.099,15.478,0.138,4546,55,55,4.837,0.054,0.03,-1.254,0.25,0.3,0.446,0.02,0.044,0.502,0.015,0.039,5.593,1.432,0.445,957.4,79.88,85.45,0.031,0.007,0.01,,,
5656,5656,5656,212089781,08 50 43.503,+21 49 21.89,1,12.587,,,560-047072,08504350+2149220,,STAR,gri,rpm,-8.2,1.1,-1.2,1.2,,,13.813,0.06,12.828,0.04,,,13.315,0.03,12.535,0.04,12.275,0.06,,,11.171,0.023,10.657,0.025,10.571,0.021,4905,78,78,3.094,0.384,0.768,-0.384,0.3,0.3,4.502,5.722,1.218,1.035,0.201,0.143,0.01,0.024,0.009,1156,1367,310,0.032,0.01,0.006,,,
5657,5657,5657,212089790,08 33 12.948,+21 49 22.40,1,15.701,,,560-046324,08331293+2149224,6597-301-4-0223-0207,STAR,JHK,rpm,1.9,2,1,2.4,,,,,,,,,,,,,,,,,14.345,0.031,13.93,0.041,13.819,0.05,5375,319,266,4.536,0.055,0.319,-0.276,0.25,0.35,0.819,0.486,0.082,0.858,0.075,0.091,1.465,0.379,1.233,1025,857.6,144.5,0.034,0.008,0.007,,,
5658,5658,5658,212089823,08 28 42.484,+21 49 24.60,1,15.472,,,560-046126,08284247+2149245,4508-301-3-0097-0065,STAR,BV,rpm,2.3,3,-5.2,3.4,,,16.216,0.073,15.59,0.055,,,16.042,0.08,,,,,,,14.311,0.027,14.007,0.044,13.799,0.038,5863,233,280,4.409,0.1,0.22,-0.326,0.25,0.35,0.999,0.325,0.145,0.912,0.103,0.086,0.865,0.499,0.49,1307,514,244.7,0.034,0.01,0.007,,,
5659,5659,5659,212089829,08 25 45.815,+21 49 25.20,1,10.943,,1391-687-1,560-045977,08254582+2149251,,STAR,gri,plx,32.3,1.3,-51.1,1.5,,,11.795,0.118,11.276,0.112,,,11.512,0.07,10.871,0.01,10.699,0.06,,,9.783,0.022,9.457,0.022,9.389,0.017,5726,91,91,4.423,0.04,0.056,0.089,0.12,0.14,1.021,0.075,0.05,1.019,0.041,0.041,0.959,0.142,0.169,178.8,13.92,13.92,0.023,0.007,0.006,,,
5660,5660,5660,212089832,08 28 58.906,+21 49 25.40,1,12.863,,,560-046136,08285890+2149255,,STAR,gri,rpm,-9.4,1.3,-9.2,1.7,,,13.64,0.01,12.98,0.01,,,13.3,0.05,12.803,0.02,12.676,0.062,,,11.799,0.021,11.51,0.022,11.465,0.021,5920,117,117,4.348,0.08,0.368,-0.037,0.12,0.21,1.127,0.693,0.118,1.066,0.104,0.087,0.686,0.257,0.503,489.9,297,62.04,0.032,0.013,0.008,,,
5661,5661,5661,212089841,08 26 53.216,+21 49 25.80,1,12.648,,,560-046027,08265321+2149257,,STAR,gri,rpm,-16.8,1.5,2.2,2.3,,,13.702,0.02,12.847,0.02,,,13.282,0.07,12.605,0.01,12.376,0.061,,,11.296,0.021,10.857,0.024,10.801,0.019,5204,124,124,3.652,0.928,0.696,-0.43,0.4,0.56,2.247,2.249,1.453,0.902,0.15,0.03,0.064,1.427,0.058,697.4,667.5,469.7,0.03,0.01,0.006,,,
5662,5662,5662,212089850,08 57 00.177,+21 49 26.23,1,17.361,,,,08570017+2149262,5045-301-3-0156-0338,EXTENDED,gri,,-1,3,0,3,,,,,,,20.28,0.064,18.343,0.008,17.392,0.005,16.94,0.005,16.606,0.011,15.632,0.063,14.911,0.077,14.546,0.086,,,,,,,,,,,,,,,,,,,,,,,,,,,
5663,5663,5663,212089888,08 59 53.909,+21 49 28.70,1,15.346,,,560-047391,08595391+2149286,5038-301-3-0060-0081,STAR,BV,rpm,14.7,3,-2.8,3.3,,,16.833,0.1,15.584,0.055,,,,,,,,,,,13.452,0.022,12.884,0.026,12.763,0.024,4681,140,252,4.65,0.09,0.045,-0.14,0.2,0.28,0.651,0.072,0.123,0.704,0.075,0.138,2.447,1.223,0.412,447.7,61.62,101.8,0.029,0.008,0.007,,,
5664,5664,5664,212089953,08 51 43.070,+21 49 33.36,1,17.402,,,,08514306+2149333,5045-301-4-0149-0229,EXTENDED,gri,,2,7,10,2,,,,,,,20.31,0.07,18.33,0.007,17.41,0.006,17.004,0.006,16.645,0.013,15.876,0.086,15.015,0.085,14.578,0.085,,,,,,,,,,,,,,,,,,,,,,,,,,,
5665,5665,5665,212089989,08 55 23.147,+21 49 36.26,1,13.653,,,560-047234,08552314+2149363,,STAR,gri,rpm,13.6,2.4,-3.6,1.9,,,15.234,0.05,14.023,0.05,,,14.686,0.05,13.541,0.07,13.21,0.05,,,11.977,0.022,11.419,0.02,11.269,0.018,4597,74,92,4.637,0.045,0.02,0.056,0.12,0.21,0.684,0.031,0.062,0.747,0.038,0.063,2.272,0.523,0.136,237,15.2,32.85,0.026,0.005,0.005,,,
5666,5666,5666,212090031,08 25 50.308,+21 49 38.86,1,12.465,,,560-045979,08255030+2149388,,STAR,gri,rpm,5.5,0.9,-13.5,2.3,,,13.297,0.02,12.636,0.04,,,12.987,0.06,12.443,0.01,12.241,0.061,,,11.352,0.021,11.006,0.022,10.908,0.017,5613,132,132,4.433,0.072,0.552,-0.041,0.25,0.25,0.99,1.044,0.099,0.996,0.166,0.083,1.007,0.302,0.873,333.8,323.7,39.84,0.029,0.01,0.007,,,
5667,5667,5667,212090058,09 08 00.708,+21 49 40.50,1,10.567,,,560-047664,09080070+2149403,,STAR,gri,rpm,-16,1,-2,0.7,,,12.092,0.08,10.918,0.11,,,11.518,0.05,10.515,0.1,10.159,0.11,,,8.963,0.023,8.323,0.021,8.268,0.018,4549,90,90,2.245,0.318,0.477,-0.363,0.35,0.42,12.159,7.47,3.145,1.041,0.205,0.147,5.08E-04,9.85E-04,4.07E-04,1016,524.7,232.8,0.035,0.007,0.008,,,
5668,5668,5668,212090115,08 32 48.473,+21 49 44.68,1,12.032,,,560-046309,08324847+2149447,,STAR,gri,rpm,-47.5,1.3,-23.1,3.9,,,13.194,0.01,12.26,0.04,,,12.752,0.04,11.963,0.03,11.723,0.06,,,10.709,0.023,10.224,0.021,10.138,0.02,4965,118,59,4.602,0.035,0.049,-0.113,0.2,0.24,0.742,0.06,0.056,0.809,0.054,0.065,1.958,0.342,0.344,163,29.75,11.3,0.025,0.008,0.01,,,
5669,5669,5669,212090116,09 09 15.229,+21 49 44.75,1,18.198,,,,,5061-301-5-0160-0036,STAR,gri,,-14,3,-14,3,,,,,,,18.507,0.015,18.084,0.006,18.236,0.008,18.417,0.01,18.643,0.034,,,,,,,,,,,,,,,,,,,,,,,,,,,,,,,,,
5670,5670,5670,212090156,08 51 27.391,+21 49 47.52,1,14.729,,,560-047102,08512739+2149475,,STAR,gri,rpm,4.2,2.2,-15,2.4,,,16.199,0.14,15.116,0.05,,,15.7,0.05,14.628,0.07,14.313,0.06,,,13.065,0.025,12.503,0.021,12.405,0.023,4642,91,109,4.648,0.03,0.03,-0.056,0.2,0.2,0.661,0.042,0.047,0.734,0.045,0.063,2.444,0.401,0.291,372.7,40.12,36.22,0.031,0.006,0.006,,,
5671,5671,5671,212090175,08 33 18.698,+21 49 48.63,1,15.826,,,560-046327,08331867+2149489,6597-301-4-0224-0098,STAR,JHK,col,,,,,,,,,,,,,,,,,,,,,14.562,0.032,14.165,0.043,14.102,0.054,5492,326,272,4.523,0.065,0.143,-0.383,0.3,0.42,0.804,0.181,0.096,0.818,0.09,0.09,1.516,0.482,0.594,1149,382.5,188.9,0.034,0.01,0.007,,,
5672,5672,5672,212090183,08 56 51.798,+21 49 49.49,1,16.773,,,,08565179+2149494,,EXTENDED,JHK,,,,,,,,,,,,,,,,,,,,,,14.312,0.056,13.501,0.06,13.27,0.059,,,,,,,,,,,,,,,,,,,,,,,,,,,
5673,5673,5673,212090188,08 56 49.800,+21 49 50.16,1,18.284,,,,08564980+2149501,,EXTENDED,JHK,,,,,,,,,,,,,,,,,,,,,,15.751,0.09,15.081,0.121,14.774,0.12,,,,,,,,,,,,,,,,,,,,,,,,,,,
5674,5674,5674,212090204,08 26 34.303,+21 49 50.81,1,19.775,,,,,6728-301-5-0120-0450,STAR,gri,,2,4,5,4,,,,,,,20.689,0.065,20.148,0.019,19.831,0.02,19.615,0.023,19.487,0.06,,,,,,,,,,,,,,,,,,,,,,,,,,,,,,,,,
5675,5675,5675,212090212,08 25 52.443,+21 49 51.12,1,12.753,,1391-382-1,560-045981,08255242+2149510,,STAR,gri,rpm,1.7,1.9,-4.8,2.1,,,12.569,0.241,12.897,0.344,,,12.763,0.09,12.75,0.02,12.863,0.063,,,12.421,0.022,12.342,0.023,12.309,0.018,7690,76,247,4.123,0.096,0.06,-0.122,0.06,0.05,1.798,0.199,0.207,1.643,0.059,0.108,0.272,0.097,0.063,1270,198.2,98.33,0.03,0.016,0.002,,,
5676,5676,5676,212090243,08 52 05.106,+21 49 54.03,1,15.423,,,560-047124,08520511+2149541,5045-301-4-0149-0097,STAR,gri,rpm,-4.5,2.2,-3.5,2.3,,,16.552,0.08,15.731,0.04,,,16.092,0.07,15.388,0.02,15.137,0.097,,,14.136,0.028,13.718,0.033,13.562,0.037,5218,158,158,4.559,0.04,0.128,-0.188,0.2,0.36,0.787,0.13,0.064,0.843,0.065,0.078,1.645,0.288,0.563,872.7,1270,94.91,0.034,0.008,0.007,,,
5677,5677,5677,212090244,08 59 37.850,+21 49 54.07,1,16.234,,,,08593784+2149540,5038-301-3-0060-0220,STAR,gri,rpm,-38,3,-9,3,,,,,,,20.769,0.055,18.328,0.007,16.875,0.005,15.336,0.005,14.486,0.005,13.016,0.021,12.332,0.023,12.078,0.024,3594,56,56,5.004,0.036,0.02,0.016,0.1,0.14,0.274,0.018,0.025,0.278,0.029,0.034,13.41,2.749,1.567,107.9,7.719,9.949,0.018,0.009,0.004,,,
5678,5678,5678,212090245,08 50 51.703,+21 49 54.12,1,12.177,,1399-808-1,560-047081,08505170+2149540,,STAR,gri,plx,6,1.8,-17.9,2,,,12.425,0.267,11.923,0.22,,,12.53,0.04,12.116,0.04,12.026,0.05,,,11.255,0.022,10.988,0.025,10.912,0.021,6078,122,147,4.297,0.105,0.189,-0.15,0.2,0.32,1.175,0.34,0.173,1.062,0.105,0.147,0.611,0.282,0.303,320.2,98.45,98.45,0.032,0.01,0.007,,,
5679,5679,5679,212090247,09 07 03.320,+21 49 54.34,1,14.039,,,560-047636,09070331+2149543,,STAR,gri,rpm,-1.9,3.2,-32.6,3.5,,,15.71,0.08,14.497,0.08,,,15.172,0.06,13.967,0.09,13.553,0.09,,,12.304,0.022,11.723,0.03,11.565,0.023,4099,359,163,4.822,0.078,0.143,-0.195,0.24,0.16,0.454,0.161,0.08,0.505,0.178,0.089,5.398,2.122,2.617,150.4,82.11,31.81,0.021,0.007,0.006,,,
5680,5680,5680,212090264,09 00 08.521,+21 49 56.00,1,19.5,,,,,5038-301-3-0061-0310,EXTENDED,gri,,,,,,,,,,,,21.468,0.153,19.937,0.022,19.559,0.025,19.313,0.03,19.272,0.105,,,,,,,,,,,,,,,,,,,,,,,,,,,,,,,,,
5681,5681,5681,212090288,08 56 47.696,+21 49 57.60,1,17.938,,,,08564769+2149576,,STAR,J,rpm,6,3,14,3,,,,,,,,,,,,,,,,,16.409,0.102,15.597,0.127,15.201,0.142,3877,346,289,4.917,0.126,0.126,-0.254,0.25,0.3,0.348,0.124,0.106,0.378,0.145,0.145,8.253,6.593,3.665,669.5,336.9,259,0.033,0.008,0.007,,,
5682,5682,5682,212090332,08 32 08.601,+21 50 00.86,1,12.952,,,560-046280,08320859+2150008,,STAR,gri,rpm,0.2,1.2,-8.5,1.3,,,14.079,0.02,13.17,0.04,,,13.624,0.05,12.908,0.05,12.664,0.062,,,11.592,0.023,11.068,0.021,11.002,0.019,4931,79,79,2.996,0.504,0.672,-0.533,0.3,0.42,4.97,4.5,1.834,0.964,0.209,0.08,0.008,0.023,0.007,1569,1430,581.1,0.032,0.01,0.007,,,
5683,5683,5683,212090335,09 09 18.140,+21 50 00.99,1,15.354,,,560-047708,09091814+2150010,,STAR,gri,rpm,0,2.6,-18.1,2.9,,,17.254,0.106,16.021,0.065,,,16.808,0.05,15.503,0.12,14.731,0.085,,,13.121,0.024,12.489,0.03,12.298,0.023,3862,92,115,4.892,0.05,0.06,-0.032,0.12,0.18,0.381,0.07,0.046,0.427,0.093,0.056,7.171,1.857,1.976,174.9,35,24.67,0.022,0.005,0.006,,,
5684,5684,5684,212090337,08 26 45.105,+21 50 01.42,1,12.195,,,560-046019,08264510+2150013,,STAR,gri,rpm,-4.6,2.2,-3.6,1.1,,,12.939,0.03,12.299,0.01,,,12.644,0.08,12.13,0.02,12.003,0.061,,,11.151,0.022,10.899,0.022,10.818,0.022,6024,181,144,4.122,0.23,0.276,-0.024,0.15,0.18,1.523,0.604,0.432,1.173,0.199,0.111,0.299,0.409,0.193,498.9,231.6,135.8,0.033,0.013,0.008,,,
5685,5685,5685,212090343,09 00 23.372,+21 50 01.94,1,14.398,,,,,5045-301-2-0161-0236,STAR,gri,,,,,,,,,,,,19.256,0.025,17.065,0.004,15.364,0.004,13.255,0.002,11.695,0.008,,,,,,,,,,,,,,,,,,,,,,,,,,,,,,,,,
5686,5686,5686,212090348,08 34 23.132,+21 50 02.22,1,14.947,,,560-046384,08342313+2150022,6597-301-4-0225-0114,STAR,JHK,rpm,-0.2,2.1,-4.6,2.3,,,,,,,,,,,,,,,,,13.603,0.023,13.164,0.033,13.085,0.025,5246,210,210,4.531,0.055,1.056,-0.25,0.24,0.54,0.841,2.135,0.107,0.871,0.08,0.08,1.467,0.38,1.43,724.8,1627,109.3,0.034,0.008,0.007,,,
5687,5687,5687,212090368,08 56 24.319,+21 50 03.90,1,11.865,,,560-047270,08562432+2150039,,STAR,gri,rpm,1.1,5.2,5.3,1.2,,,12.62,0.04,11.958,0.05,,,12.272,0.04,11.793,0.06,11.691,0.05,,,10.88,0.023,10.616,0.024,10.589,0.02,6050,169,120,4.038,0.31,0.155,-0.054,0.15,0.18,1.657,0.429,0.562,1.183,0.176,0.125,0.234,0.505,0.117,476.1,145.8,165.6,0.033,0.014,0.009,,,
5688,5688,5688,212090371,09 00 23.512,+21 50 04.12,1,11.981,,,560-047415,09002359+2150054,,STAR,JHK,rpm,-513,8,-591,8,,,,,,,,,,,,,,,,,9.436,0.02,8.836,0.023,8.437,0.021,3954,464,258,4.923,0.07,0.14,-0.397,0.35,0.42,0.354,0.132,0.075,0.384,0.159,0.088,8.314,4.445,3.941,26.53,14.28,9.281,0.003,0.004,0.002,,,
5689,5689,5689,212090385,08 27 46.530,+21 50 05.37,1,12.884,,,560-046075,08274652+2150053,,STAR,gri,rpm,-5.8,1.1,-0.5,3.1,,,13.508,0.03,12.959,0.03,,,13.253,0.07,12.839,0.01,12.725,0.062,,,11.919,0.021,11.648,0.02,11.634,0.02,6114,145,145,4.18,0.18,0.216,-0.161,0.2,0.28,1.351,0.523,0.225,1.113,0.164,0.117,0.392,0.305,0.217,620.4,233.2,100.8,0.032,0.011,0.007,,,
5690,5690,5690,212090397,09 09 03.488,+21 50 06.15,1,16.433,,,,09090348+2150061,5038-301-1-0073-0156,EXTENDED,gri,,-4,2,1,2,,,,,,,18.593,0.023,17.142,0.005,16.497,0.005,16.129,0.005,15.857,0.01,15.535,0.092,14.974,0.11,14.465,0.089,,,,,,,,,,,,,,,,,,,,,,,,,,,
5691,5691,5691,212090400,09 04 13.136,+21 50 06.39,1,10.71,,1407-1785-1,560-047546,09041313+2150064,,STAR,gri,rpm,-36.2,1.5,-16.6,1.5,,,11.297,0.104,10.737,0.087,,,11.128,0.03,10.72,0.04,10.53,0.08,,,9.802,0.023,9.584,0.022,9.476,0.017,6167,124,149,4.231,0.115,0.207,-0.05,0.18,0.21,1.348,0.39,0.198,1.177,0.112,0.112,0.462,0.245,0.229,238.6,65.26,37.84,0.028,0.007,0.006,,,
5692,5692,5692,212090428,08 50 36.962,+21 50 08.98,1,12.897,,,560-047066,08503696+2150090,,STAR,gri,rpm,0.4,1,-15.5,1,,,13.715,0.06,13.018,0.04,,,13.346,0.03,12.823,0.04,12.704,0.06,,,11.833,0.023,11.517,0.024,11.452,0.022,5836,94,142,4.421,0.055,0.396,-0.089,0.15,0.21,1.015,0.627,0.081,1.015,0.075,0.09,0.922,0.239,0.69,437.1,273.7,45.73,0.033,0.018,0.006,,,
5693,5693,5693,212090460,09 10 32.069,+21 50 10.86,1,19.287,,,,,5061-301-5-0162-0272,EXTENDED,gri,,6,3,0,3,,,,,,,20.539,0.085,19.504,0.018,19.215,0.022,19.104,0.036,18.997,0.106,,,,,,,,,,,,,,,,,,,,,,,,,,,,,,,,,
5694,5694,5694,212090461,09 09 20.086,+21 50 10.93,1,17.536,,,,,5061-301-5-0160-0192,EXTENDED,gri,,2,2,-6,2,,,,,,,18.691,0.028,17.747,0.007,17.465,0.009,17.262,0.012,17.085,0.027,,,,,,,,,,,,,,,,,,,,,,,,,,,,,,,,,
5695,5695,5695,212090513,09 05 34.365,+21 50 15.21,1,19.631,,,,,5061-301-6-0154-0887,EXTENDED,gri,,,,,,,,,,,,22.408,0.631,20.052,0.033,19.68,0.04,19.451,0.058,19.29,0.189,,,,,,,,,,,,,,,,,,,,,,,,,,,,,,,,,
5696,5696,5696,212090643,09 09 05.957,+21 50 25.26,1,14.412,,,560-047700,09090595+2150253,,STAR,gri,rpm,-26,3.1,7.8,3.4,,,15.77,0.09,14.797,0.14,,,15.294,0.07,14.398,0.1,14.034,0.12,,,12.978,0.024,12.35,0.029,12.281,0.023,4564,136,109,4.664,0.036,0.03,-0.119,0.18,0.21,0.643,0.04,0.052,0.699,0.047,0.057,2.595,0.503,0.309,336.2,40.32,30.28,0.029,0.007,0.006,,,
5697,5697,5697,212090794,09 05 23.483,+21 50 37.14,1,14.24,,,560-047597,09052349+2150371,5061-301-6-0154-0255,EXTENDED,JHK,,,,,,,,,,,,,,,,,,,,,,12.088,0.025,11.466,0.024,11.26,0.026,,,,,,,,,,,,,,,,,,,,,,,,,,,
5698,5698,5698,212090812,08 51 47.178,+21 50 38.24,1,18.054,,,,08514717+2150382,,STAR,J,col,,,,,,,,,,,,,,,,,,,,,16.514,0.124,16.014,0.161,15.277,0.155,3671,477,298,4.981,0.138,0.184,-0.204,0.25,0.35,0.27,0.172,0.091,0.281,0.223,0.124,12.11,11.77,7.43,568.2,525.5,239,0.032,0.008,0.008,,,
5699,5699,5699,212090856,08 53 28.445,+21 50 41.66,1,11.926,,,560-047172,08532844+2150417,,STAR,gri,rpm,8.8,1.3,-11.7,0.9,,,13.003,0.06,12.095,0.04,,,12.537,0.03,11.849,0.05,11.664,0.05,,,10.706,0.025,10.323,0.021,10.234,0.018,5306,129,129,4.517,0.025,0.935,-0.047,0.12,0.51,0.895,1.867,0.05,0.934,0.156,0.037,1.336,0.163,1.288,209.3,380.6,16.65,0.023,0.017,0.003,,,
5700,5700,5700,212090861,08 57 04.383,+21 50 41.89,1,12.686,,,560-047297,08570439+2150419,,STAR,gri,lam,-3.4,1.8,1.6,1.3,,,13.77,0.02,12.896,0.05,,,13.331,0.04,12.636,0.06,12.409,0.05,,,11.417,0.02,10.968,0.018,10.915,0.018,4968,79,79,3.285,0.12,0.144,-0.401,0.15,0.12,3.867,0.774,0.545,1.072,0.117,0.117,0.016,0.009,0.007,1130,236.7,143.5,0.036,0.011,0.008,,,
5701,5701,5701,212090915,08 58 18.036,+21 50 44.80,1,17.779,,,,08581803+2150448,,STAR,J,col,,,,,,,,,,,,,,,,,,,,,16.263,0.119,15.918,0.193,15.217,0.158,3763,1041,347,4.95,0.13,0.312,-0.254,0.25,0.45,0.307,0.271,0.112,0.343,0.322,0.161,9.552,10.64,7.068,604.2,993.9,275.2,0.032,0.008,0.008,,,
5702,5702,5702,212090916,08 26 45.731,+21 50 44.80,1,10.884,,,560-046020,08264572+2150445,,STAR,gri,,-17.8,0.7,-21.7,1.4,,,11.885,0.02,11.079,0.02,,,11.536,0.07,10.84,0.02,10.604,0.06,,,9.684,0.026,9.324,0.03,,,,,,,,,,,,,,,,,,,,,,,,,,,,,
5703,5703,5703,212090931,09 07 58.411,+21 50 45.95,1,17.868,,,,09075841+2150459,,STAR,JHK,col,,,,,,,,,,,,,,,,,,,,,15.427,0.046,14.839,0.06,14.503,0.079,3712,377,269,4.976,0.105,0.147,-0.132,0.2,0.28,0.281,0.16,0.088,0.313,0.177,0.126,11.11,9.575,5.84,340.8,263,129.2,0.029,0.01,0.008,,,
5704,5704,5704,212090984,09 04 46.022,+21 50 49.01,1,10.043,,1407-657-1,560-047572,09044601+2150489,,STAR,gri,,4.5,1.3,51,1.3,,,10.593,0.054,10.043,0.046,,,10.49,0.04,10.046,0.02,9.851,0.04,,,8.996,0.02,,,8.722,0.018,,,,,,,,,,,,,,,,,,,,,,,,,,,
5705,5705,5705,212091067,09 04 24.863,+21 50 54.94,1,13.544,,,560-047555,09042486+2150550,,STAR,gri,lam,-18.2,2.2,-14.3,2.1,,,14.732,0.08,13.837,0.09,,,14.257,0.06,13.564,0.06,13.239,0.07,,,12.194,0.025,11.717,0.024,11.651,0.017,5087,154,154,4.588,0.03,0.03,-0.127,0.12,0.15,0.755,0.041,0.046,0.816,0.047,0.056,1.837,0.272,0.2,327.6,25.86,33.06,0.028,0.007,0.007,,,
5706,5706,5706,212091069,09 00 22.809,+21 50 55.06,1,19.246,,,,,5038-301-3-0061-0053,EXTENDED,gri,,,,,,,,,,,,21.068,0.1,19.821,0.021,19.34,0.021,19,0.021,18.772,0.056,,,,,,,,,,,,,,,,,,,,,,,,,,,,,,,,,
5707,5707,5707,212091085,09 05 35.705,+21 50 56.33,1,12.663,,,560-047601,09053569+2150565,,STAR,gri,lam,-1.7,1.8,-2.2,1.2,,,13.453,0.07,12.817,0.11,,,13.105,0.04,12.664,0.06,12.473,0.09,,,11.699,0.024,11.408,0.028,11.337,0.021,6020,120,120,4.243,0.11,0.132,0.027,0.09,0.12,1.306,0.284,0.171,1.141,0.099,0.085,0.468,0.224,0.175,544.5,122.6,73.53,0.032,0.01,0.006,,,
5708,5708,5708,212091090,08 52 08.134,+21 50 56.88,1,9.788,,1399-322-1,560-047127,08520814+2150568,,STAR,gri,plx,-5.3,1.6,-4.8,1.7,,,12.184,0.36,10.347,0.064,,,11.252,0.04,9.849,0.04,9.16,0.02,,,7.44,0.034,6.605,0.023,6.366,0.026,3803,60,45,1.086,0.165,0.264,-0.03,0.2,0.24,51.081,17.509,8.594,1.227,0.202,0.101,7.95E-06,7.70E-06,4.73E-06,1141,1135,1135,0.034,0.011,0.007,,,
5709,5709,5709,212091099,08 57 42.519,+21 50 57.34,1,17.698,,,,08574251+2150573,5045-301-3-0157-0207,EXTENDED,gri,,-4,3,1,3,,,,,,,20.371,0.08,18.593,0.009,17.704,0.007,17.315,0.007,16.966,0.018,16.28,0.115,15.628,0.133,15.152,0.132,,,,,,,,,,,,,,,,,,,,,,,,,,,
5710,5710,5710,212091132,08 51 05.984,+21 50 59.01,1,11.798,,,560-047088,08510598+2150591,,STAR,gri,rpm,-3.5,0.9,-2.2,1.9,,,13.097,0.07,12.044,0.04,,,12.568,0.03,11.745,0.04,11.468,0.05,,,10.28,0.023,9.789,0.025,9.701,0.02,4850,78,78,2.477,0.72,0.12,-0.316,0.2,0.2,10.215,0.944,5.606,1.146,0.226,0.141,0.001,0.012,2.58E-04,1613,158.8,840,0.033,0.01,0.007,,,
5711,5711,5711,212091151,08 56 57.947,+21 51 00.38,1,16.718,,,,08565794+2151003,,STAR,J,col,,,,,,,,,,,,,,,,,,,,,15.276,0.063,14.593,0.074,14.233,0.076,3807,438,313,4.921,0.135,0.162,-0.118,0.16,0.28,0.355,0.155,0.125,0.369,0.174,0.174,8.217,8.56,4.192,414.4,263.9,185,0.03,0.011,0.008,,,
5712,5712,5712,212091166,08 57 28.091,+21 51 01.73,1,15.597,,,560-047307,08572809+2151017,5045-301-3-0157-0108,STAR,gri,rpm,-2.6,3.1,-5.8,3.3,,,16.489,0.19,15.673,0.06,,,16.053,0.06,15.395,0.08,15.402,0.12,,,14.393,0.031,13.96,0.042,13.884,0.049,5327,190,190,4.546,0.045,0.09,-0.231,0.2,0.36,0.799,0.13,0.072,0.851,0.068,0.081,1.587,0.343,0.471,999.5,229,120.9,0.034,0.01,0.007,,,
5713,5713,5713,212091171,08 56 33.113,+21 51 02.01,1,14.895,,,560-047280,08563310+2151019,5045-301-3-0156-0041,STAR,gri,rpm,5.2,3.1,3.1,3.4,,,16.273,0.07,15.209,0.08,,,15.78,0.06,14.854,0.08,14.515,0.1,,,13.327,0.025,12.695,0.022,12.591,0.022,4553,110,110,4.665,0.04,0.048,-0.115,0.15,0.24,0.639,0.069,0.052,0.698,0.069,0.057,2.661,0.502,0.498,398.1,55.21,40.84,0.031,0.007,0.006,,,
5714,5714,5714,212091210,08 31 38.190,+21 51 05.78,1,14.526,,,560-046251,08313818+2151058,4508-301-2-0101-0117,STAR,gri,rpm,0.7,2.1,0.5,2.3,,,15.306,0.03,14.679,0.03,,,15.078,0.04,14.496,0.07,14.289,0.076,,,13.499,0.025,13.088,0.032,12.946,0.024,5340,160,160,4.481,0.08,1.024,-0.285,0.25,0.55,0.917,2.044,0.155,0.893,0.112,0.08,1.198,0.475,1.163,804,1558,177,0.033,0.008,0.007,,,
5715,5715,5715,212091212,08 53 34.529,+21 51 05.84,1,14.067,,,560-047177,08533452+2151058,,STAR,gri,lam,0.1,2,-14.5,2,,,15.48,0.06,14.432,0.06,,,14.975,0.03,14.009,0.07,13.678,0.05,,,12.5,0.023,11.927,0.023,11.798,0.023,5229,63,63,3.446,0.08,0.096,-0.917,0.1,0.1,2.875,0.336,0.253,0.89,0.018,0.018,0.034,0.013,0.01,1477,285.6,202.3,0.033,0.01,0.007,,,
5716,5716,5716,212091233,08 29 01.096,+21 51 08.03,1,14.8,,,560-046143,08290109+2151080,4508-301-3-0097-0191,STAR,gri,rpm,-6.2,3.2,1,3.5,,,15.824,0.04,15.009,0.07,,,15.529,0.13,14.795,0.05,14.487,0.08,,,13.402,0.022,12.897,0.027,12.849,0.026,4989,117,98,4.535,0.084,1.54,-0.31,0.3,0.48,0.827,4.144,0.124,0.849,0.108,0.092,1.525,0.629,1.517,617.6,2891,125.2,0.033,0.01,0.007,,,
5717,5717,5717,212091249,08 26 22.669,+21 51 08.91,1,18.497,,,,08262266+2151089,,STAR,J,,,,,,,,,,,,,,,,,,,,,,16.925,0.162,,,,,,,,,,,,,,,,,,,,,,,,,,,,,,,
5718,5718,5718,212091264,09 08 23.727,+21 51 10.37,1,16.804,,,,,5038-301-1-0072-0288,EXTENDED,gri,,40,4,9,4,,,,,,,18.867,0.045,17.515,0.009,16.865,0.01,16.499,0.011,16.256,0.027,,,,,,,,,,,,,,,,,,,,,,,,,,,,,,,,,
5719,5719,5719,212091280,08 35 12.824,+21 51 12.03,1,11.134,,1398-795-1,560-046411,08351282+2151121,,STAR,gri,rpm,-14.3,1.7,-15.9,1.8,,,12.015,0.176,11.413,0.131,,,11.639,0.03,11.122,0.04,10.918,0.06,,,10.26,0.023,9.968,0.023,9.927,0.02,5842,117,140,4.256,0.185,0.37,0.002,0.15,0.18,1.201,0.772,0.243,1.09,0.146,0.109,0.519,0.493,0.382,255.3,152.5,58.49,0.028,0.008,0.007,,,
5720,5720,5720,212091284,08 29 28.025,+21 51 12.24,1,10.93,,1391-731-1,560-046161,08292802+2151120,,STAR,gri,plx,29,1.3,44.9,1.4,,,11.48,0.088,11.088,0.095,,,11.354,0.05,10.889,0.02,10.748,0.06,,,9.895,0.02,9.655,0.021,9.587,0.018,5898,120,120,4.445,0.035,0.042,-0.223,0.2,0.28,0.975,0.063,0.059,0.977,0.082,0.115,1.01,0.15,0.13,156.2,12.14,12.14,0.022,0.007,0.005,,,
5721,5721,5721,212091315,08 33 08.629,+21 51 14.41,1,19.379,,,,,6597-301-4-0223-0380,STAR,gri,,-39,3,-20,3,,,,,,,19.638,0.033,19.269,0.01,19.416,0.015,19.531,0.021,19.763,0.096,,,,,,,,,,,,,,,,,,,,,,,,,,,,,,,,,
5722,5722,5722,212091344,09 04 25.034,+21 51 16.67,1,14.393,,,560-047556,09042503+2151167,5038-301-2-0067-0036,STAR,gri,rpm,-4.1,3.2,4.8,3.5,,,15.725,0.05,14.767,0.08,,,15.211,0.05,14.398,0.07,14.043,0.08,,,12.965,0.025,12.477,0.024,12.374,0.022,4935,118,118,4.573,0.152,1.368,0.133,0.05,0.55,0.774,3.188,0.19,0.818,0.18,0.065,1.766,0.976,1.487,456.3,2283,121.3,0.034,0.009,0.011,,,
5723,5723,5723,212091366,08 34 46.465,+21 51 18.28,1,19.732,,,,,6597-301-4-0226-0201,STAR,gri,,113,5,-49,5,,,,,,,20.637,0.061,19.79,0.014,19.712,0.018,19.643,0.023,19.332,0.068,,,,,,,,,,,,,,,,,,,,,,,,,,,,,,,,,
5724,5724,5724,212091408,08 32 00.130,+21 51 21.67,1,12.8,,,560-046274,08320013+2151216,,STAR,gri,rpm,-2,1,-3.3,1.2,,,13.681,0.03,12.932,0.05,,,13.29,0.04,12.741,0.03,12.59,0.062,,,11.752,0.023,11.45,0.021,11.364,0.021,5779,116,140,4.284,0.18,0.468,-0.056,0.12,0.15,1.176,0.99,0.246,1.051,0.197,0.076,0.543,0.634,0.441,503.3,359.3,139,0.034,0.011,0.009,,,
5725,5725,5725,212091424,08 59 34.065,+21 51 22.66,1,14.13,,,560-047375,08593407+2151226,5038-301-3-0060-0045,STAR,gri,rpm,-9.9,2.5,-16.3,3.2,,,15.373,0.1,14.486,0.06,,,14.927,0.039,14.192,0.047,13.789,0.069,,,12.916,0.024,12.448,0.023,12.349,0.024,5054,101,81,4.581,0.035,0.063,-0.205,0.2,0.24,0.752,0.09,0.058,0.796,0.083,0.069,1.847,0.298,0.349,450.6,70.34,44.35,0.032,0.007,0.006,,,
5726,5726,5726,212091453,09 06 30.677,+21 51 24.15,1,18.698,,,,,5071-301-5-0154-0096,STAR,gri,,0,3,3,3,,,,,,,19.685,0.03,19.194,0.01,18.636,0.009,18.486,0.01,18.417,0.025,,,,,,,,,,,,,,,,,,,,,,,,,,,,,,,,,
5727,5727,5727,212091472,09 09 35.791,+21 51 25.46,1,18.173,,,,09093579+2151254,5061-301-5-0160-0208,STAR,gri,rpm,-45,4,-30,4,,,,,,,21.69,0.111,19.265,0.011,18.065,0.007,17.705,0.008,17.432,0.015,16.215,0.084,16.082,0.177,15.635,0.191,4187,50,50,4.971,0.04,0.072,-0.856,0.2,0.24,0.322,0.057,0.037,0.358,0.07,0.044,10.33,2.233,2.777,665.8,134.7,85.92,0.031,0.007,0.008,,,
5728,5728,5728,212091593,08 33 24.043,+21 51 33.54,1,14.686,,,560-046331,08332404+2151336,6597-301-4-0224-0123,STAR,JHK,rpm,-14.8,2.1,-6.2,2.3,,,,,,,,,,,,,,,,,13.24,0.023,12.755,0.025,12.661,0.029,5050,149,149,4.593,0.035,0.042,-0.204,0.25,0.3,0.749,0.069,0.063,0.802,0.071,0.071,1.902,0.307,0.313,516.2,71.59,52.95,0.031,0.01,0.008,,,
5729,5729,5729,212091594,08 56 23.599,+21 51 33.67,1,9.53,,1400-1090-1,560-047268,08562361+2151336,,STAR,gri,plx,-4,1,-9.5,1,,,9.453,0.024,9.262,0.024,,,9.794,0.06,9.337,0.03,9.417,0.04,,,8.949,0.021,8.943,0.024,8.911,0.02,7147,214,171,3.895,0.065,0.104,0.087,0.1,0.12,2.457,0.347,0.221,1.829,0.075,0.105,0.115,0.031,0.037,355,39.77,39.77,0.032,0.011,0.007,,,
5730,5730,5730,212091650,08 57 05.147,+21 51 37.61,1,6.81,43950,1400-915-1,560-047298,08570513+2151375,,STAR,BV,plx,-0.13,0.76,-3.02,0.62,5.18,0.71,7.963,0.017,7.04,0.011,,,,,,,,,,,5.474,0.023,,,4.903,0.021,4980,81,121,2.664,0.258,0.301,-0.521,0.35,0.25,9.057,1.176,1.607,1.039,1.142,0.114,0.002,0.001,0.001,150.4,6.813,6.813,0.019,0.006,0.004,,,
5731,5731,5731,212091675,08 56 08.569,+21 51 39.28,1,17.424,,,,08560856+2151392,,STAR,J,col,,,,,,,,,,,,,,,,,,,,,15.933,0.071,15.281,0.104,14.796,0.106,3774,432,308,4.958,0.138,0.161,-0.145,0.2,0.32,0.304,0.155,0.103,0.315,0.201,0.144,10.57,10.28,5.892,461.5,336.8,194.7,0.032,0.01,0.008,,,
5732,5732,5732,212091699,08 55 46.985,+21 51 40.80,1,15.802,,,560-047246,08554698+2151408,5038-301-4-0054-0264,STAR,gri,rpm,6.4,3.2,-26.9,3.1,,,17.805,0.132,16.471,0.079,,,17.519,0.09,15.794,0.069,15.066,0.19,,,13.294,0.022,12.633,0.024,12.487,0.024,3905,109,62,4.87,0.04,0.04,-0.067,0.15,0.15,0.402,0.041,0.044,0.454,0.055,0.055,6.554,1.621,1.103,205.1,29.3,25.64,0.026,0.008,0.007,,,
5733,5733,5733,212091762,08 31 53.353,+21 51 44.78,1,14.76,,,560-046269,08315334+2151447,,STAR,BV,rpm,0.4,2.1,-3.5,2.3,,,16.317,0.15,15.012,0.046,,,15.721,0.047,,,,,,,13.094,0.022,12.548,0.021,12.419,0.02,4779,143,143,3.553,1.095,1.314,-0.216,0.2,0.6,2.304,8.082,1.793,0.828,0.164,0.109,0.035,1.707,0.035,1615,4797,1292,0.032,0.011,0.008,,,
5734,5734,5734,212091785,08 33 26.071,+21 51 46.32,1,18.198,,,,,6597-301-4-0224-0297,EXTENDED,gri,,-5,3,-8,3,,,,,,,19.023,0.029,18.324,0.007,18.156,0.009,18.124,0.012,17.956,0.042,,,,,,,,,,,,,,,,,,,,,,,,,,,,,,,,,
5735,5735,5735,212091821,08 55 44.933,+21 51 48.37,1,13.047,,,560-047243,08554493+2151483,,STAR,gri,lam,-6,2,-4.3,1.5,,,14.396,0.05,13.333,0.05,,,13.863,0.05,12.986,0.06,12.697,0.05,,,11.514,0.022,10.984,0.02,10.872,0.021,4827,58,96,2.795,0.204,0.17,-0.472,0.18,0.12,6.418,1.744,1.165,0.971,0.174,0.023,0.004,0.003,0.002,1890,428.7,296,0.033,0.01,0.01,,,
5736,5736,5736,212091834,08 50 29.796,+21 51 49.30,1,16.122,,,560-047063,08502979+2151493,,STAR,JHK,rpm,0.7,2.7,0.1,2.8,,,,,,,,,,,,,,,,,14.768,0.032,14.383,0.043,14.243,0.063,5540,326,271,4.499,0.065,0.195,-0.261,0.2,0.36,0.87,0.283,0.114,0.879,0.082,0.082,1.294,0.412,0.663,1341,553.2,212.7,0.034,0.011,0.008,,,
5737,5737,5737,212091922,08 51 36.334,+21 51 55.13,1,14.377,,,560-047108,08513633+2151552,,STAR,gri,rpm,10,2.5,-8.6,2.1,,,15.675,0.07,14.627,0.06,,,15.151,0.02,14.274,0.05,14.045,0.09,,,12.871,0.023,12.369,0.021,12.269,0.018,4880,58,78,4.605,0.03,0.036,-0.063,0.18,0.15,0.734,0.054,0.043,0.8,0.05,0.042,1.996,0.243,0.297,407.8,40.99,23.7,0.03,0.006,0.005,,,
5738,5738,5738,212091957,08 26 37.364,+21 51 57.27,1,14.599,,,560-046010,08263736+2151572,,STAR,gri,rpm,18.2,3.1,-11.9,3.5,,,15.999,0.068,14.925,0.044,,,15.396,0.02,14.524,0.03,14.257,0.076,,,13.103,0.022,12.571,0.024,12.493,0.022,4798,96,77,4.633,0.024,0.03,-0.146,0.2,0.24,0.694,0.046,0.043,0.754,0.054,0.054,2.197,0.297,0.261,416.5,37.25,28.69,0.03,0.006,0.005,,,
5739,5739,5739,212091967,08 35 40.467,+21 51 57.79,1,14.597,,,560-046433,08354047+2151577,,STAR,gri,rpm,-7.5,2.1,-1.4,2.3,,,16.228,0.1,15.049,0.07,,,15.723,0.19,14.495,0.03,14.115,0.01,,,12.966,0.023,12.362,0.027,12.247,0.022,4424,103,103,4.703,0.035,0.042,-0.125,0.2,0.24,0.588,0.053,0.048,0.655,0.06,0.05,3.148,0.508,0.595,297.5,40.94,27.42,0.027,0.007,0.007,,,
5740,5740,5740,212091994,08 56 17.887,+21 52 00.15,1,12,,,560-047264,08561788+2152002,,STAR,gri,lam,-4.6,1.1,-6.2,1.7,,,13.276,0.04,12.253,0.05,,,12.758,0.04,11.949,0.06,11.676,0.06,,,10.512,0.022,10.004,0.024,9.899,0.017,4856,116,146,2.408,0.055,0.066,-0.509,0.12,0.15,10.4,0.93,0.716,0.993,0.136,0.049,8.68E-04,1.64E-04,1.86E-04,1840,198.1,150.3,0.033,0.008,0.007,,,
5741,5741,5741,212092077,08 34 38.294,+21 52 05.88,1,17.337,,,,08343829+2152058,,STAR,J,col,,,,,,,,,,,,,,,,,,,,,15.852,0.083,15.116,0.086,14.694,0.081,3769,382,318,4.965,0.12,0.168,-0.145,0.2,0.28,0.296,0.147,0.098,0.328,0.182,0.152,9.497,12.26,4.737,490.7,331.2,226.4,0.031,0.01,0.007,,,
5742,5742,5742,212092128,08 56 19.861,+21 52 09.35,1,14.836,,,560-047266,08561986+2152093,,STAR,gri,rpm,3.8,2.5,-5.5,2.4,,,16.408,0.07,15.259,0.05,,,15.859,0.07,14.808,0.07,14.398,0.09,,,13.148,0.022,12.561,0.021,12.39,0.017,4527,124,273,4.672,0.136,0.048,-0.137,0.2,0.4,0.635,0.055,0.166,0.705,0.045,0.179,2.656,2.244,0.467,361,46.67,110.3,0.03,0.011,0.007,,,
5743,5743,5743,212092165,08 25 53.339,+21 52 11.75,1,13.358,,,560-045982,08255333+2152116,,STAR,gri,rpm,12.8,1.9,-16.3,2.5,,,14.33,0.03,13.539,0.01,,,13.995,0.09,13.282,0.02,13.084,0.064,,,12.05,0.022,11.59,0.022,11.507,0.018,5154,121,121,4.548,0.05,1.12,-0.299,0.3,0.42,0.828,2.264,0.111,0.88,0.068,0.102,1.54,0.421,1.51,346.3,883.6,56.13,0.032,0.008,0.008,,,
5744,5744,5744,212092200,09 05 04.336,+21 52 14.17,1,11.167,,1407-1663-1,560-047589,09050433+2152141,,STAR,gri,rpm,-1.4,2.1,-6.9,2.1,,,12.624,0.365,11.875,0.254,,,12.014,0.04,11.174,0.05,10.805,0.08,,,9.648,0.023,9.108,0.021,8.951,0.02,4743,76,76,2.443,0.34,0.085,-0.223,0.15,0.21,10.934,0.75,3.75,1.195,0.225,0.161,9.38E-04,0.002,2.17E-04,1264,97.88,393.5,0.034,0.01,0.007,,,
5745,5745,5745,212092289,08 33 10.245,+21 52 20.90,1,18.071,,,,08331024+2152208,,STAR,J,col,,,,,,,,,,,,,,,,,,,,,16.53,0.158,16.161,0.2,15.52,0.183,3839,972,416,4.95,0.13,0.286,-0.254,0.25,0.45,0.304,0.27,0.111,0.343,0.289,0.161,9.552,10.64,6.667,697.3,946.4,319.4,0.032,0.008,0.007,,,
5746,5746,5746,212092318,08 53 48.602,+21 52 23.39,1,19.241,,,,,5045-301-4-0152-0107,STAR,gri,,3,3,3,3,,,,,,,19.571,0.031,19.346,0.011,19.206,0.013,18.947,0.014,18.953,0.052,,,,,,,,,,,,,,,,,,,,,,,,,,,,,,,,,
5747,5747,5747,212092387,08 35 45.394,+21 52 28.89,1,11.704,,1398-1099-1,560-046436,08354539+2152291,,STAR,gri,rpm,-5.3,2.1,-12.9,2.3,,,12.816,0.356,12.167,0.256,,,12.31,0.03,11.674,0.04,11.445,0.06,,,10.748,0.023,10.43,0.025,10.389,0.019,5606,88,132,4.443,0.072,0.624,0.039,0.1,0.24,0.997,1.194,0.099,1.008,0.208,0.05,1.008,0.303,0.9,248.5,277.5,27.94,0.028,0.009,0.005,,,
5748,5748,5748,212092403,08 51 13.741,+21 52 29.79,1,15.785,,,,08511374+2152297,5038-301-5-0048-0222,EXTENDED,gri,,32,5,4,5,,,,,,,17.555,0.022,16.373,0.005,15.851,0.004,15.533,0.006,15.328,0.014,16.641,0.175,,,,,,,,,,,,,,,,,,,,,,,,,,,,,,,
5749,5749,5749,212092446,08 33 09.333,+21 52 33.22,1,9.012,,1398-815-1,560-046320,08330932+2152331,,STAR,BV,plx,9.7,0.9,-7.9,0.9,,,9.344,0.022,9.017,0.02,,,,,,,,,,,8.457,0.027,8.343,0.017,8.357,0.033,7262,345,288,4.02,0.132,0.11,0.013,0.12,0.12,2.017,0.336,0.288,1.682,0.124,0.103,0.179,0.112,0.059,238.3,35.67,35.67,0.026,0.007,0.007,,,
5750,5750,5750,212092449,09 02 29.748,+21 52 33.29,1,18.5,,,,09022974+2152332,,STAR,J,col,,,,,,,,,,,,,,,,,,,,,16.928,0.168,15.92,0.152,15.644,0.161,3919,373,373,4.905,0.145,0.145,-0.254,0.25,0.35,0.358,0.144,0.135,0.378,0.194,0.194,8.157,10.27,4.022,878.2,526.5,378.4,0.033,0.01,0.007,,,
5751,5751,5751,212092450,09 08 33.383,+21 52 33.35,1,11.398,,,560-047686,09083338+2152333,,STAR,gri,lam,-6.9,1.1,-10.4,1.1,,,12.995,0.07,11.8,0.11,,,12.414,0.05,11.389,0.11,10.963,0.11,,,9.69,0.022,9.019,0.034,8.937,0.018,4526,72,72,1.103,0.126,0.09,-1.483,0.16,0.16,41.287,4.719,5.028,0.82,0.052,0.016,1.13E-05,6.60E-06,3.29E-06,4569,533.9,552.7,0.036,0.008,0.01,,,
5752,5752,5752,212092485,08 33 11.047,+21 52 36.39,1,18.271,,,,08331104+2152363,,STAR,J,col,,,,,,,,,,,,,,,,,,,,,16.716,0.162,15.838,0.173,15.374,0.16,3850,433,361,4.95,0.13,0.182,-0.254,0.25,0.35,0.321,0.164,0.125,0.354,0.2,0.167,9.552,10.64,5.661,814.4,578.2,386.6,0.032,0.01,0.007,,,
5753,5753,5753,212092514,08 59 23.947,+21 52 38.91,1,18.4,,,,,5038-301-3-0060-0194,EXTENDED,gri,,1,4,13,4,,,,,,,19.404,0.046,18.595,0.011,18.335,0.015,18.253,0.023,18.269,0.082,,,,,,,,,,,,,,,,,,,,,,,,,,,,,,,,,
5754,5754,5754,212092555,08 28 49.968,+21 52 41.90,1,17.633,,,,08284996+2152418,,STAR,J,col,,,,,,,,,,,,,,,,,,,,,16.128,0.093,15.656,0.139,14.99,0.108,3645,440,275,5,0.11,0.154,-0.168,0.2,0.32,0.256,0.15,0.082,0.26,0.201,0.112,13.41,12.15,7.975,469,392.4,186.4,0.031,0.008,0.007,,,
5755,5755,5755,212092564,08 29 47.178,+21 52 42.17,1,17.614,,,,08294717+2152421,4517-301-2-0107-0262,EXTENDED,gri,,3,3,3,3,,,,,,,21.561,0.322,18.908,0.014,17.582,0.008,17.059,0.007,16.66,0.013,16.038,0.115,15.263,0.108,14.775,0.104,,,,,,,,,,,,,,,,,,,,,,,,,,,
5756,5756,5756,212092574,08 28 44.925,+21 52 42.93,1,12.862,,,560-046127,08284492+2152429,,STAR,gri,rpm,-26.6,1.8,-75.4,2.1,,,14.805,0.04,13.383,0.01,,,14.211,0.04,12.845,0.03,12.284,0.061,,,10.816,0.022,10.135,0.022,9.995,0.018,3966,95,47,4.841,0.025,0.045,-0.045,0.12,0.1,0.432,0.061,0.018,0.486,0.073,0.015,5.853,0.506,1.289,97.13,32.69,7.727,0.016,0.005,0.005,,,
5757,5757,5757,212092578,08 53 31.252,+21 52 43.24,1,17.852,,,,08533125+2152432,5045-301-4-0151-0199,EXTENDED,gri,,1,3,4,3,,,,,,,20.766,0.099,18.931,0.01,17.84,0.007,17.39,0.007,17.052,0.017,16.237,0.09,15.428,0.122,14.723,0.094,,,,,,,,,,,,,,,,,,,,,,,,,,,
5758,5758,5758,212092592,08 34 21.213,+21 52 43.75,1,12.702,,,560-046382,08342121+2152438,,STAR,BV,rpm,-28,2,-13.3,2.4,,,13.947,0.02,12.889,0.031,,,13.529,0.032,,,,,,,11.185,0.021,10.685,0.022,10.629,0.022,5003,99,119,4.575,0.054,1.278,-0.191,0.2,0.52,0.771,2.798,0.065,0.842,0.108,0.059,1.733,0.429,1.714,209.6,757.9,29.06,0.028,0.008,0.008,,,
5759,5759,5759,212092614,08 34 18.886,+21 52 44.89,1,18.643,,,,,6597-301-4-0225-0120,EXTENDED,gri,,-4,3,16,3,,,,,,,19.871,0.137,18.835,0.023,18.579,0.03,18.513,0.049,18.347,0.17,,,,,,,,,,,,,,,,,,,,,,,,,,,,,,,,,
5760,5760,5760,212092634,08 25 47.764,+21 52 46.07,1,17.21,,,,,4508-301-4-0093-0261,EXTENDED,gri,,17,4,31,4,,,,,,,19.206,0.062,17.837,0.011,17.233,0.009,16.941,0.009,16.755,0.027,,,,,,,,,,,,,,,,,,,,,,,,,,,,,,,,,
5761,5761,5761,212092636,08 58 05.199,+21 52 46.26,1,16.796,,,,08580519+2152462,5045-301-3-0158-0112,STAR,gri,rpm,-36,3,-10,3,,,,,,,21.355,0.103,18.741,0.008,17.261,0.005,15.962,0.004,15.258,0.005,13.89,0.026,13.291,0.024,13.023,0.026,3458,84,105,5.091,0.02,0.048,-0.038,0.18,0.15,0.206,0.033,0.02,0.191,0.042,0.025,21.64,3.206,4.764,113.5,26.01,13.73,0.018,0.003,0.006,,,
5762,5762,5762,212092651,08 55 43.377,+21 52 47.41,1,15.016,,,560-047240,08554337+2152473,5038-301-4-0054-0117,STAR,gri,rpm,1.8,2.2,-4,2.4,,,16.228,0.07,15.268,0.06,,,15.751,0.05,14.947,0.07,14.701,0.07,,,13.597,0.022,13.106,0.023,13.026,0.026,5007,80,100,4.57,0.045,1.35,-0.18,0.24,0.4,0.781,3.153,0.077,0.827,0.122,0.076,1.726,0.422,1.71,641.2,2544,81.45,0.034,0.007,0.007,,,
5763,5763,5763,212092855,09 04 21.545,+21 53 02.62,1,12.557,,,560-047552,09042154+2153026,,STAR,gri,lam,-12.6,1.1,1,1.1,,,13.284,0.07,12.718,0.1,,,12.953,0.04,12.581,0.05,12.387,0.08,,,11.63,0.025,11.365,0.024,11.268,0.02,6115,146,97,4.111,0.16,0.12,-0.226,0.15,0.15,1.525,0.267,0.308,1.098,0.131,0.094,0.31,0.238,0.108,614.2,104.1,120.9,0.033,0.01,0.007,,,
5764,5764,5764,212092865,08 31 39.841,+21 53 03.60,1,11.755,,,560-046253,08313983+2153036,,STAR,gri,rpm,1.5,0.9,-11,1.1,,,13.232,0.02,12.051,0.05,,,12.679,0.05,11.677,0.04,11.358,0.06,,,10.103,0.022,9.498,0.023,9.392,0.021,4571,72,72,2.508,0.23,0.322,-0.101,0.16,0.32,9.477,3.545,2.205,1.134,0.142,0.171,0.001,0.001,8.16E-04,1343,466.9,295.6,0.033,0.011,0.007,,,
5765,5765,5765,212092891,09 05 18.490,+21 53 04.98,1,17.895,,,,09051849+2153049,5061-301-6-0154-0249,EXTENDED,gri,,1,3,-1,3,,,,,,,21.244,0.121,19.119,0.011,17.836,0.007,17.37,0.007,17.035,0.015,15.961,0.075,15.175,0.069,14.631,0.075,,,,,,,,,,,,,,,,,,,,,,,,,,,
5766,5766,5766,212092929,08 33 23.243,+21 53 07.51,1,12.851,,,560-046329,08332323+2153076,,STAR,BV,rpm,-19.6,1,9.9,1.2,,,13.596,0.043,12.969,0.031,,,13.329,0.032,,,,,,,12.076,0.023,11.787,0.023,11.734,0.019,6005,145,181,4.301,0.115,0.207,-0.258,0.24,0.32,1.128,0.316,0.161,0.988,0.101,0.121,0.632,0.303,0.32,573.7,145.9,98.71,0.033,0.008,0.007,,,
5767,5767,5767,212092953,08 52 04.722,+21 53 08.91,1,17.146,,,,08520472+2153089,,STAR,J,col,,,,,,,,,,,,,,,,,,,,,15.674,0.069,15.002,0.092,14.247,0.071,3455,181,796,5.072,0.16,0.08,-0.072,0.16,0.2,0.205,0.065,0.087,0.185,0.088,0.088,20.54,31.05,7.579,256.7,109.3,154.6,0.025,0.009,0.011,,,
5768,5768,5768,212092964,08 29 19.096,+21 53 09.86,1,14.019,,,560-046155,08291909+2153097,,STAR,gri,rpm,-1.4,1.4,-4.8,2.4,,,15.409,0.058,14.305,0.038,,,14.934,0.11,13.948,0.02,13.628,0.068,,,12.348,0.02,11.87,0.021,11.78,0.021,4922,79,98,3.377,0.924,0.66,-0.239,0.25,0.35,3.191,3.06,2.36,1.011,0.221,0.221,0.017,0.544,0.015,1360,1292,1003,0.035,0.008,0.008,,,
5769,5769,5769,212092972,08 58 29.539,+21 53 10.21,1,13.016,,,560-047340,08582953+2153101,,STAR,gri,rpm,-18.6,1.3,6.7,1.6,,,14.054,0.02,13.222,0.08,,,13.644,0.05,12.945,0.09,12.747,0.09,,,11.794,0.023,11.342,0.021,11.273,0.017,5198,82,103,4.546,0.045,0.981,-0.184,0.25,0.55,0.827,1.783,0.07,0.881,0.111,0.055,1.515,0.285,1.463,313.9,634.4,39.74,0.031,0.015,0.007,,,
5770,5770,5770,212093003,08 50 13.674,+21 53 11.93,1,14.541,,,560-047051,08501368+2153120,,STAR,gri,rpm,23,4.1,-19.6,2.9,,,15.971,0.08,14.899,0.05,,,15.451,0.04,14.488,0.05,14.151,0.12,,,12.967,0.023,12.401,0.022,12.304,0.02,4690,75,131,4.647,0.035,0.035,-0.106,0.16,0.2,0.662,0.049,0.054,0.731,0.047,0.065,2.397,0.432,0.366,364.5,37.01,39.93,0.029,0.007,0.005,,,
5771,5771,5771,212093007,08 58 42.682,+21 53 12.30,1,16.275,,,,08584268+2153122,5038-301-3-0059-0110,EXTENDED,gri,,-1,3,-2,3,,,,,,,19.36,0.043,17.347,0.005,16.261,0.004,15.816,0.004,15.436,0.007,14.878,0.052,14.185,0.061,13.802,0.058,,,,,,,,,,,,,,,,,,,,,,,,,,,
5772,5772,5772,212093032,08 27 15.775,+21 53 14.26,1,10.682,,1391-190-1,560-046048,08271576+2153142,,STAR,gri,plx,-9,1.5,-2.9,1.6,,,11.323,0.085,10.958,0.092,,,11.002,0.03,10.648,0.04,10.546,0.06,,,9.81,0.022,9.573,0.022,9.538,0.021,6275,152,152,4.054,0.108,0.09,-0.057,0.15,0.21,1.701,0.208,0.185,1.277,0.093,0.13,0.236,0.107,0.063,318.6,36.83,36.83,0.029,0.008,0.007,,,
5773,5773,5773,212093060,08 56 49.153,+21 53 16.26,1,9.345,,1400-1936-1,560-047288,08564915+2153162,,STAR,gri,plx,-21.4,1.1,2.7,1.1,,,10.717,0.068,9.521,0.033,,,10.248,0.04,9.33,0.02,8.958,0.03,,,7.728,0.021,7.193,0.027,7.078,0.021,4656,75,75,2.462,0.114,0.095,-0.088,0.15,0.15,11.396,0.9,0.993,1.345,0.286,0.204,8.95E-04,3.81E-04,2.00E-04,530.8,128.2,128.2,0.034,0.011,0.007,,,
5774,5774,5774,212093119,08 28 02.008,+21 53 20.31,1,13.276,,,560-046093,08280200+2153203,,STAR,gri,rpm,-0.3,1.8,-18.2,1.9,,,14.264,0.01,13.513,0.05,,,13.921,0.08,13.293,0.03,13,0.063,,,11.919,0.02,11.504,0.02,11.387,0.018,5251,142,101,4.54,0.04,0.992,-0.183,0.25,0.75,0.826,1.762,0.067,0.879,0.061,0.073,1.468,0.338,1.422,336.1,701.7,35.17,0.03,0.013,0.007,,,
5775,5775,5775,212093149,08 31 49.468,+21 53 22.74,1,13.162,,,560-046266,08314946+2153228,,STAR,gri,rpm,-6.1,1.3,-2.8,1.5,,,14.434,0.04,13.449,0.07,,,13.965,0.03,13.124,0.04,12.818,0.062,,,11.656,0.022,11.089,0.023,10.986,0.021,4785,75,94,2.8,0.43,0.516,-0.308,0.25,0.35,6.471,3.975,2.463,0.998,0.19,0.095,0.003,0.009,0.002,1993,1108,711.9,0.034,0.011,0.006,,,
5776,5776,5776,212093186,08 52 23.541,+21 53 25.45,1,11.05,,1399-1064-1,560-047135,08522354+2153254,,STAR,gri,rpm,-22,2,-19.1,2.3,,,11.942,0.181,11.274,0.126,,,11.707,0.02,10.98,0.04,10.769,0.05,,,9.796,0.023,9.386,0.026,9.261,0.018,5127,123,82,3.676,0.832,0.32,-0.173,0.25,0.35,2.499,1.023,1.721,1.059,0.237,0.203,0.069,1.275,0.045,362.5,139.1,242.3,0.028,0.01,0.01,,,
5777,5777,5777,212093196,08 51 27.801,+21 53 26.51,1,17.916,,,,08512780+2153265,,STAR,JHK,col,,,,,,,,,,,,,,,,,,,,,15.54,0.053,14.829,0.055,14.641,0.078,4114,280,280,4.8,0.133,0.095,-0.162,0.2,0.28,0.454,0.099,0.123,0.524,0.101,0.141,4.739,3.727,1.608,696.9,236.7,234.1,0.033,0.011,0.008,,,
5778,5778,5778,212093222,09 05 22.848,+21 53 28.07,1,16.253,,,,09052284+2153280,5061-301-6-0154-0267,STAR,gri,rpm,-159,20,13,20,,,,,,,20.719,0.058,18.218,0.006,16.842,0.005,15.411,0.004,14.672,0.004,13.242,0.022,12.741,0.021,12.464,0.024,3535,98,84,5.025,0.03,0.025,0.046,0.06,0.16,0.248,0.019,0.024,0.243,0.023,0.033,15.41,2.529,1.833,104,5.004,15.08,0.014,0.002,0.002,,,
5779,5779,5779,212093295,08 26 44.043,+21 53 33.31,1,11.501,,,560-046018,08264406+2153333,,STAR,gri,rpm,-121.7,0.9,-54.9,0.8,,,12.834,0.041,11.832,0.03,,,12.416,0.08,11.459,0.01,11.109,0.06,,,9.912,0.022,9.416,0.027,9.266,0.022,4637,170,410,4.677,0.3,0.06,-0.375,0.35,0.91,0.622,0.09,0.298,0.671,0.108,0.323,2.724,8.071,0.634,83.25,20.12,45.06,0.01,0.007,0.006,,,
5780,5780,5780,212093321,08 59 07.060,+21 53 34.78,1,12.574,,,560-047354,08590705+2153348,,STAR,gri,lam,11.7,1.3,-19,1.4,,,13.338,0.05,12.731,0.03,,,13.015,0.06,12.537,0.05,12.385,0.08,,,11.529,0.022,11.171,0.023,11.167,0.019,5874,138,173,4.385,0.085,0.221,-0.241,0.15,0.15,1.025,0.333,0.125,0.947,0.089,0.063,0.859,0.3,0.465,387.3,123.3,59.17,0.03,0.008,0.006,,,
5781,5781,5781,212093336,08 57 23.317,+21 53 35.62,1,13.74,,,560-047303,08572331+2153355,,STAR,gri,rpm,23.2,1.7,-18,2.5,,,15.028,0.05,14.013,0.06,,,14.523,0.05,13.647,0.07,13.404,0.08,,,12.276,0.019,11.829,0.019,11.688,0.02,5048,81,102,4.581,0.03,0.025,0.003,0.15,0.27,0.775,0.033,0.062,0.843,0.036,0.078,1.769,0.276,0.174,344.8,28.08,30.92,0.03,0.007,0.006,,,
5782,5782,5782,212093393,08 31 19.317,+21 53 40.19,1,15.128,,,560-046236,08311935+2153402,6728-301-4-0127-0321,STAR,JHK,col,,,,,,,,,,,,,,,,,,,,,13.195,0.023,12.64,0.022,12.432,0.026,3651,146,176,4.994,0.084,0.06,-0.061,0.12,0.21,0.278,0.061,0.076,0.279,0.085,0.102,12.7,7.896,3.709,117.5,34.23,35.36,0.017,0.006,0.006,,,
5783,5783,5783,212093433,08 32 09.404,+21 53 43.31,1,18.575,,,,08320940+2153433,,STAR,JHK,col,,,,,,,,,,,,,,,,,,,,,16.373,0.121,15.689,0.133,15.53,0.168,3973,555,396,4.866,0.15,0.18,-0.304,0.25,0.35,0.39,0.179,0.142,0.418,0.183,0.183,6.275,9.78,3.407,778.4,561.9,326.3,0.032,0.01,0.007,,,
5784,5784,5784,212093472,09 05 58.927,+21 53 45.30,1,17.908,,,,09055892+2153453,,STAR,J,col,,,,,,,,,,,,,,,,,,,,,16.381,0.119,15.811,0.151,15.162,0.143,3720,505,316,4.989,0.12,0.192,-0.204,0.25,0.35,0.275,0.179,0.094,0.298,0.214,0.134,10.9,10.85,6.144,594.4,562.5,253.2,0.032,0.008,0.008,,,
5785,5785,5785,212093547,08 33 05.003,+21 53 50.06,1,12.919,,,560-046316,08330500+2153501,,STAR,BV,rpm,-8,1.3,-6.3,2.3,,,13.63,0.02,13.028,0.032,,,13.358,0.032,,,,,,,12.143,0.023,11.875,0.021,11.859,0.019,6124,189,151,4.223,0.15,0.21,-0.186,0.2,0.24,1.304,0.364,0.242,1.085,0.121,0.121,0.429,0.299,0.224,701.2,171.5,137.8,0.032,0.01,0.008,,,
5786,5786,5786,212093582,08 52 14.548,+21 53 52.49,1,14.777,,,560-047134,08521454+2153525,5045-301-4-0150-0017,STAR,gri,rpm,-25.4,2.3,-31.4,2.4,,,17.074,0.13,15.449,0.06,,,16.259,0.04,14.847,0.07,14.142,0.09,,,12.494,0.022,11.887,0.026,11.651,0.02,3729,88,88,4.958,0.048,0.056,-0.055,0.08,0.06,0.322,0.05,0.038,0.354,0.065,0.065,10.06,2.461,2.324,106.1,18.55,15.79,0.017,0.005,0.004,,,
5787,5787,5787,212093667,08 32 21.526,+21 53 57.81,1,18.805,,,,08322152+2153578,,STAR,JHK,col,,,,,,,,,,,,,,,,,,,,,16.272,0.099,15.704,0.138,15.295,0.141,3817,620,344,4.924,0.156,0.208,-0.213,0.25,0.35,0.334,0.189,0.121,0.355,0.235,0.168,8.224,11.96,4.874,625.8,643.7,278.7,0.032,0.008,0.007,,,
5788,5788,5788,212093674,09 07 38.975,+21 53 58.11,1,13.919,,,560-047653,09073897+2153580,,STAR,gri,rpm,-0.6,3.3,3.9,3.6,,,15.041,0.09,14.187,0.11,,,14.567,0.05,13.892,0.1,13.641,0.09,,,12.655,0.022,12.174,0.032,12.086,0.023,5068,121,121,3.448,0.942,0.785,-0.496,0.4,0.4,2.688,3.357,1.824,0.933,0.194,0.081,0.032,1.121,0.029,1454,1794,982.1,0.034,0.011,0.008,,,
5789,5789,5789,212093712,08 35 40.205,+21 54 01.40,1,18.176,,,,08354020+2154014,,STAR,JHK,rpm,8,6,8,2,,,,,,,,,,,,,,,,,15.847,0.105,15.072,0.092,14.856,0.104,4090,321,321,4.824,0.132,0.11,-0.208,0.2,0.28,0.448,0.112,0.12,0.506,0.112,0.156,5.153,4.826,1.939,777.6,303.2,253.8,0.033,0.008,0.007,,,
5790,5790,5790,212093763,08 50 47.029,+21 54 05.07,1,11.765,,,560-047076,08504702+2154052,,STAR,gri,rpm,5.4,0.9,-14.6,0.9,,,12.742,0.05,11.943,0.02,,,12.303,0.03,11.727,0.01,11.535,0.05,,,10.567,0.023,10.238,0.021,10.161,0.02,5561,66,111,3.909,0.627,0.133,-0.077,0.15,0.12,1.99,0.289,1.146,1.121,0.104,0.19,0.148,1.265,0.054,443.5,82.88,249.7,0.031,0.006,0.012,,,
5791,5791,5791,212093841,09 07 58.232,+21 54 10.91,1,12.019,,,560-047663,09075823+2154111,,STAR,gri,rpm,-57,8,-199,8,,,14.644,0.06,13.052,0.1,,,13.899,0.05,12.439,0.1,11.213,0.1,,,9.355,0.021,8.718,0.04,8.554,0.02,3716,59,59,4.923,0.05,0.025,0.118,0.06,0.12,0.356,0.021,0.042,0.391,0.029,0.052,8.668,1.996,1.17,27.46,3.18,3.232,0.004,0.001,0.002,,,
5792,5792,5792,212093894,08 50 43.672,+21 54 13.81,1,13.173,,,560-047073,08504367+2154139,,STAR,gri,rpm,-8.8,1.4,-1.7,1.7,,,14.408,0.05,13.434,0.02,,,13.887,0.03,13.135,0.02,12.867,0.04,,,11.785,0.021,11.309,0.022,11.206,0.018,4997,60,80,3.374,0.31,0.496,-0.358,0.25,0.3,3.454,2.331,1.108,1.021,0.216,0.13,0.023,0.043,0.019,1148,689.8,327.7,0.032,0.011,0.006,,,
5793,5793,5793,212093912,08 56 52.207,+21 54 14.71,1,16.721,,,,08565220+2154147,5045-301-3-0156-0344,EXTENDED,gri,,1,3,1,3,,,,,,,19.717,0.064,17.663,0.007,16.742,0.005,16.317,0.005,15.963,0.011,15.349,0.062,14.707,0.078,14.541,0.088,,,,,,,,,,,,,,,,,,,,,,,,,,,
5794,5794,5794,212093977,08 34 39.046,+21 54 19.34,1,16.475,,,,08343904+2154193,6597-301-4-0226-0181,EXTENDED,gri,,-3,2,1,2,,,,,,,18.528,0.031,17.246,0.005,16.558,0.005,16.144,0.005,15.862,0.013,15.752,0.1,15.194,0.133,14.614,0.096,,,,,,,,,,,,,,,,,,,,,,,,,,,
5795,5795,5795,212094004,08 27 21.468,+21 54 21.37,1,14.308,,,560-046055,08272147+2154213,,STAR,gri,rpm,-13.5,4.7,-15,3.1,,,15.546,0.06,14.484,0.039,,,15.043,0.07,14.218,0.02,13.993,0.072,,,12.888,0.022,12.434,0.023,12.378,0.019,5070,99,99,4.585,0.03,0.036,-0.118,0.16,0.24,0.758,0.049,0.054,0.818,0.053,0.063,1.817,0.298,0.216,447.4,40.02,36.73,0.03,0.008,0.005,,,
5796,5796,5796,212094036,08 59 50.465,+21 54 23.31,1,19.033,,,,08595046+2154233,5038-301-3-0060-0103,STAR,gri,col,,,,,,,,,,,18.942,0.019,18.821,0.008,19.104,0.012,19.261,0.018,19.908,0.104,16.414,0.114,15.826,0.117,15.377,0.126,8082,394,197,3.236,0.09,0.05,-2.204,0.25,0.4,3.537,0.21,0.385,0.798,0.016,0.016,0.017,0.006,0.003,15750,2251,2687,0.033,0.006,0.007,,,
5797,5797,5797,212094038,09 03 59.720,+21 54 23.61,1,13.762,,,560-047536,,5038-301-2-0066-0089,EXTENDED,gri,,0.3,3.1,3,3.4,,,15.129,0.05,14.194,0.037,,,14.622,0.06,13.843,0.05,13.393,0.07,,,,,,,,,,,,,,,,,,,,,,,,,,,,,,,,,,,
5798,5798,5798,212094043,09 07 30.536,+21 54 24.33,1,11.987,,1407-1002-1,560-047650,09073053+2154245,,STAR,gri,lam,-41.8,1.9,15.9,2,,,12.413,0.285,11.782,0.214,,,12.542,0.05,11.972,0.04,11.75,0.09,,,10.89,0.024,10.472,0.03,10.461,0.021,5650,167,167,4.47,0.04,0.056,0.046,0.08,0.1,0.954,0.102,0.056,0.994,0.058,0.049,1.101,0.217,0.234,255.2,37.4,22.24,0.028,0.006,0.007,,,
5799,5799,5799,212094205,08 31 50.604,+21 54 35.43,1,17.247,,,,08315060+2154354,,STAR,J,col,,,,,,,,,,,,,,,,,,,,,15.768,0.089,15.2,0.12,14.696,0.097,3714,537,298,4.981,0.115,0.184,-0.145,0.2,0.32,0.3,0.189,0.1,0.304,0.22,0.137,10.15,12.47,6.167,452.1,415.7,189.5,0.031,0.01,0.008,,,
5800,5800,5800,212094211,08 50 33.130,+21 54 35.89,1,16.361,,,,08503312+2154358,5038-301-5-0047-0235,STAR,gri,rpm,-43,3,-50,3,,,,,,,20.9,0.059,18.329,0.007,16.854,0.005,15.517,0.004,14.818,0.005,13.398,0.024,12.824,0.022,12.585,0.018,3433,81,40,5.09,0.035,0.042,-0.048,0.12,0.15,0.203,0.029,0.021,0.188,0.032,0.023,21.88,4.426,4.34,90.25,14.81,12.72,0.015,0.005,0.006,,,
5801,5801,5801,212094223,08 34 23.916,+21 54 36.57,1,14.526,,,560-046385,08342391+2154365,6597-301-4-0225-0143,STAR,JHK,rpm,-6.4,2.6,-1.9,1.3,,,,,,,,,,,,,,,,,13.025,0.023,12.595,0.023,12.419,0.021,5190,153,153,3.735,0.855,0.475,-0.335,0.3,0.54,1.999,1.682,1.277,0.894,0.161,0.081,0.089,1.564,0.071,1302,972.9,833.8,0.035,0.008,0.008,,,
5802,5802,5802,212094224,09 09 23.815,+21 54 36.64,1,12.924,,,560-047716,09092381+2154367,,STAR,gri,rpm,0,1.5,-14.2,1.8,,,14.11,0.1,13.27,0.09,,,13.637,0.04,12.948,0.04,12.618,0.12,,,11.664,0.022,11.265,0.028,11.173,0.023,5250,126,126,4.5,0.055,0.858,-0.058,0.25,0.35,0.886,1.843,0.086,0.922,0.166,0.055,1.279,0.361,1.222,313.5,624.2,32.03,0.032,0.013,0.007,,,
5803,5803,5803,212094233,09 04 28.211,+21 54 37.66,1,16.267,,,,09042821+2154376,5038-301-2-0067-0256,STAR,gri,rpm,-51,3,-69,3,,,,,,,21.245,0.078,18.297,0.007,16.845,0.005,15.397,0.005,14.619,0.005,13.196,0.023,12.619,0.024,12.343,0.019,3473,103,103,5.062,0.042,0.042,0.006,0.16,0.2,0.223,0.026,0.027,0.214,0.028,0.037,18.24,4.828,3.241,90.79,11.74,13.59,0.016,0.006,0.004,,,
5804,5804,5804,212094235,08 28 10.759,+21 54 37.88,1,15.567,,,560-046101,08281074+2154378,6597-301-5-0216-0120,STAR,JHK,rpm,0.2,3.7,-0.6,3.6,,,,,,,,,,,,,,,,,14.188,0.026,13.736,0.036,13.647,0.033,5186,207,166,4.554,0.045,1.044,-0.263,0.25,0.5,0.798,1.926,0.075,0.848,0.062,0.087,1.622,0.374,1.577,886.9,2023,114.4,0.033,0.008,0.007,,,
5805,5805,5805,212094237,08 56 11.658,+21 54 38.13,1,17.008,,,,08561165+2154381,5038-301-4-0055-0306,EXTENDED,gri,,-5,3,0,3,,,,,,,19.435,0.039,17.833,0.006,17.055,0.005,16.654,0.005,16.354,0.012,15.695,0.071,14.893,0.078,14.581,0.088,,,,,,,,,,,,,,,,,,,,,,,,,,,
5806,5806,5806,212094276,08 29 00.018,+21 54 40.77,1,15.003,,,560-046141,08290002+2154407,4508-301-3-0097-0211,STAR,gri,rpm,-4.5,3.1,-1.1,3.5,,,,,15.248,0.049,,,15.628,0.05,15.002,0.02,14.735,0.085,,,13.854,0.024,13.477,0.036,13.317,0.028,5375,159,127,4.527,0.05,0.57,-0.183,0.2,0.4,0.841,0.903,0.088,0.873,0.083,0.083,1.453,0.355,0.63,846.5,983.4,112.6,0.035,0.01,0.008,,,
5807,5807,5807,212094284,08 51 11.148,+21 54 41.03,1,16.91,,,560-047095,08511114+2154411,5038-301-5-0048-0236,EXTENDED,JHK,,2.1,4.8,9.1,5.1,,,,,,,,,,,,,,,,,14.622,0.063,13.869,0.073,13.648,0.067,,,,,,,,,,,,,,,,,,,,,,,,,,,
5808,5808,5808,212094353,09 02 46.264,+21 54 44.95,1,13.424,,,560-047494,09024627+2154450,5071-301-6-0148-0077,STAR,gri,rpm,-51.2,3.1,-31.1,6.9,,,16.13,0.12,14.575,0.06,,,15.281,0.05,13.945,0.05,12.628,0.09,,,10.735,0.023,10.12,0.022,9.894,0.019,3748,60,135,4.946,0.085,0.025,-0.049,0.25,0.25,0.338,0.02,0.085,0.362,0.031,0.11,9.371,6.038,0.981,48.71,12.75,8.269,0.009,0.002,0.002,,,
5809,5809,5809,212094361,08 35 14.301,+21 54 45.41,1,13.613,,,560-046412,08351429+2154455,,STAR,JHK,rpm,47.5,1.7,-43.1,2,,,,,,,,,,,,,,,,,11.713,0.021,11.12,0.027,10.96,0.02,3882,368,153,4.885,0.085,0.136,-0.132,0.18,0.27,0.376,0.115,0.077,0.426,0.137,0.091,7.278,4.204,3.002,95.24,48.12,25.16,0.016,0.007,0.007,,,
5810,5810,5810,212094379,09 09 53.035,+21 54 46.19,1,19.532,,,,,5061-301-5-0161-0196,STAR,gri,,-22,5,1,5,,,,,,,19.992,0.034,19.392,0.011,19.579,0.015,19.757,0.025,20.108,0.114,,,,,,,,,,,,,,,,,,,,,,,,,,,,,,,,,
5811,5811,5811,212094381,08 29 44.345,+21 54 46.61,1,17.3,,,,08294434+2154466,4508-301-3-0098-0221,EXTENDED,gri,,5,3,-2,3,,,,,,,20.422,0.088,18.365,0.009,17.33,0.006,16.843,0.006,16.462,0.011,15.649,0.072,14.991,0.085,14.601,0.097,,,,,,,,,,,,,,,,,,,,,,,,,,,
5812,5812,5812,212094409,08 34 43.243,+21 54 48.52,1,17.266,,,,08344324+2154485,6597-301-4-0226-0382,EXTENDED,gri,,-1,2,3,2,,,,,,,19.367,0.072,17.984,0.009,17.32,0.009,16.959,0.01,16.679,0.032,16.866,0.17,,,,,,,,,,,,,,,,,,,,,,,,,,,,,,,
5813,5813,5813,212094592,08 57 35.567,+21 54 59.87,1,14.955,,,560-047310,08573556+2154598,5045-301-3-0157-0135,STAR,gri,rpm,3.8,3.2,-1.7,3.5,,,16.081,0.05,15.203,0.05,,,15.606,0.06,14.94,0.05,14.676,0.09,,,13.583,0.021,13.093,0.021,13.057,0.028,5075,101,81,3.551,0.992,0.744,-0.56,0.4,0.48,2.332,2.922,1.642,0.863,0.086,0.101,0.047,2.064,0.043,1934,2352,1421,0.034,0.007,0.007,,,
5814,5814,5814,212094612,08 26 26.646,+21 55 00.84,1,18.872,,,,,4508-301-4-0094-0110,STAR,gri,,1,4,3,4,,,,,,,19.03,0.023,18.937,0.009,18.85,0.01,18.731,0.011,18.788,0.033,,,,,,,,,,,,,,,,,,,,,,,,,,,,,,,,,
5815,5815,5815,212094643,08 31 03.226,+21 55 02.44,1,14.29,,,560-046229,08310322+2155023,6728-301-4-0127-0125,STAR,gri,rpm,-6.8,2,-3.6,1.9,,,15.425,0.058,14.533,0.04,,,15.014,0.05,14.24,0.03,13.98,0.072,,,12.879,0.025,12.375,0.022,12.304,0.02,4978,98,98,4.563,0.05,1.34,-0.186,0.2,0.32,0.783,3.217,0.079,0.854,0.218,0.091,1.684,0.412,1.668,467.4,1761,75.75,0.033,0.007,0.006,,,
5816,5816,5816,212094644,08 59 53.353,+21 55 02.52,1,17.08,,,560-047390,08595340+2155020,,STAR,J,rpm,-28.2,19.1,17.8,19,,,,,,,,,,,,,,,,,15.613,0.069,14.87,0.072,14.507,0.085,3825,395,329,4.924,0.13,0.156,-0.172,0.2,0.28,0.35,0.132,0.126,0.37,0.158,0.158,8.513,9.688,3.994,503.1,267.2,226,0.032,0.008,0.007,,,
5817,5817,5817,212094652,09 07 53.850,+21 55 02.99,1,10.336,,1407-942-1,560-047661,09075383+2155029,,STAR,gri,rpm,0.4,1.4,-5.2,1.4,,,10.99,0.07,10.541,0.064,,,10.716,0.02,10.363,0.03,10.173,0.1,,,9.482,0.022,9.223,0.028,9.163,0.021,6251,124,149,3.968,0.312,0.26,-0.043,0.12,0.18,1.754,0.931,0.524,1.294,0.29,0.145,0.178,0.296,0.111,285,120.3,84.61,0.028,0.011,0.006,,,
5818,5818,5818,212094654,08 52 30.373,+21 55 03.08,1,19.244,,,,,5045-301-4-0150-0109,STAR,gri,,-3,3,0,3,,,,,,,19.395,0.028,19.237,0.011,19.247,0.013,19.081,0.015,18.841,0.048,,,,,,,,,,,,,,,,,,,,,,,,,,,,,,,,,
5819,5819,5819,212094695,09 04 07.462,+21 55 05.89,1,18.311,,,,,5038-301-2-0066-0472,EXTENDED,gri,,2,40,68,40,,,,,,,19.464,0.066,18.495,0.021,18.249,0.029,18.132,0.041,17.983,0.159,,,,,,,,,,,,,,,,,,,,,,,,,,,,,,,,,
5820,5820,5820,212094746,08 50 23.326,+21 55 09.69,1,12.567,,1399-1675-1,560-047058,08502333+2155097,,STAR,gri,rpm,-8.6,1.8,-8.8,2.2,,,12.752,0.301,12.741,0.314,,,12.914,0.03,12.506,0.01,12.418,0.03,,,11.541,0.022,11.326,0.022,11.223,0.02,6161,99,124,4.151,0.165,0.165,-0.049,0.12,0.21,1.484,0.371,0.297,1.211,0.105,0.126,0.331,0.272,0.149,595,154.1,122.4,0.033,0.016,0.008,,,
5821,5821,5821,212094820,08 52 30.814,+21 55 15.06,1,14.003,,,560-047140,08523082+2155150,5045-301-4-0150-0108,STAR,gri,rpm,-52.3,2.1,11.7,2.2,,,15.535,0.03,14.396,0.04,,,14.984,0.01,13.96,0.02,13.583,0.05,,,12.342,0.023,11.734,0.022,11.629,0.018,4492,72,54,4.686,0.048,0.03,-0.181,0.16,0.2,0.607,0.047,0.057,0.657,0.047,0.056,2.892,0.716,0.373,234.2,34.7,30.22,0.025,0.008,0.006,,,
5822,5822,5822,212094836,09 07 20.628,+21 55 15.97,1,12.547,,,560-047647,09072062+2155159,,STAR,gri,rpm,7.5,2,-1,1.6,,,13.345,0.05,12.739,0.06,,,12.977,0.04,12.554,0.04,12.363,0.08,,,11.554,0.024,11.263,0.03,11.163,0.023,6016,106,142,4.154,0.215,0.258,-0.063,0.15,0.3,1.379,0.505,0.316,1.102,0.159,0.113,0.344,0.375,0.202,551.5,181.6,136.6,0.033,0.007,0.006,,,
5823,5823,5823,212094883,08 33 55.987,+21 55 18.44,1,12.178,,,560-046362,08335598+2155185,,STAR,JHK,rpm,7.2,0.9,-15.8,1.6,,,,,,,,,,,,,,,,,10.993,0.03,10.665,0.025,10.598,0.02,5872,226,226,4.194,0.23,0.368,-0.102,0.16,0.24,1.313,0.678,0.352,1.062,0.138,0.099,0.364,0.568,0.242,387.2,187.6,108.6,0.03,0.011,0.007,,,
5824,5824,5824,212094912,09 04 50.472,+21 55 20.59,1,13.726,,,560-047579,09045047+2155205,,STAR,gri,lam,-7,1.7,-2.2,2.3,,,14.815,0.07,14.023,0.06,,,14.348,0.05,13.737,0.06,13.46,0.08,,,12.437,0.023,12.057,0.023,11.929,0.022,5277,158,126,4.562,0.03,0.036,-0.134,0.12,0.12,0.795,0.047,0.053,0.848,0.05,0.05,1.668,0.225,0.235,397,43.95,33.26,0.033,0.01,0.007,,,
5825,5825,5825,212094939,08 50 39.966,+21 55 22.42,1,15.166,,,560-047069,08503996+2155225,,STAR,gri,rpm,5,2.1,-2.3,2.3,,,16.694,0.08,15.479,0.03,,,16.072,0.02,15.107,0.02,14.778,0.01,,,13.336,0.022,12.7,0.026,12.537,0.028,4586,55,73,4.659,0.045,0.045,-0.122,0.15,0.24,0.651,5.85,0.069,0.716,0.086,0.071,2.489,0.609,2.486,414.2,3595,47.59,0.03,0.006,0.006,,,
5826,5826,5826,212094959,08 56 34.086,+21 55 23.60,1,17.647,,,,08563408+2155236,5038-301-4-0056-0228,EXTENDED,gri,,-5,3,0,3,,,,,,,20.458,0.091,18.569,0.01,17.661,0.007,17.252,0.007,16.904,0.02,16.337,0.106,15.767,0.131,15.555,0.189,,,,,,,,,,,,,,,,,,,,,,,,,,,
5827,5827,5827,212095002,08 27 09.209,+21 55 26.07,1,12.625,,,560-046039,08270921+2155260,,STAR,gri,rpm,-20.8,1.2,-4,2.8,,,13.415,0.042,12.766,0.031,,,13.039,0.031,12.611,0.041,12.448,0.061,,,11.608,0.021,11.319,0.022,11.253,0.019,5978,118,118,4.301,0.115,0.207,-0.153,0.15,0.24,1.166,0.364,0.175,1.028,0.084,0.1,0.585,0.35,0.317,465.2,145.8,72.89,0.032,0.01,0.008,,,
5828,5828,5828,212095059,09 08 52.548,+21 55 29.64,1,16.392,,,,,5038-301-1-0073-0151,EXTENDED,gri,,11,2,-3,2,,,,,,,17.736,0.016,16.814,0.005,16.408,0.005,16.211,0.006,16.067,0.016,,,,,,,,,,,,,,,,,,,,,,,,,,,,,,,,,
5829,5829,5829,212095064,09 03 47.954,+21 55 30.15,1,18.152,,,,09034795+2155301,5038-301-2-0066-0067,STAR,gri,rpm,7,3,-70,3,,,,,,,21.489,0.094,19.222,0.01,18.127,0.007,17.694,0.008,17.416,0.013,16.409,0.093,15.725,0.11,15.751,0.189,4265,51,51,4.969,0.032,0.064,-1.194,0.24,0.05,0.324,0.054,0.027,0.366,0.065,0.04,10.11,1.824,2.547,730.8,190.9,80.07,0.03,0.002,0.002,,,
5830,5830,5830,212095065,09 04 10.700,+21 55 30.16,1,12.761,,,560-047545,09041070+2155301,,STAR,gri,lam,-6.4,2.3,-12.7,1.8,,,14.117,0.08,13.183,0.06,,,13.603,0.05,12.817,0.03,12.401,0.08,,,11.254,0.022,10.727,0.021,10.602,0.017,4825,145,145,4.633,0.024,0.032,-0.13,0.12,0.18,0.686,0.05,0.034,0.754,0.057,0.057,2.282,0.22,0.313,180.8,21.68,19.36,0.023,0.007,0.005,,,
5831,5831,5831,212095079,08 29 16.866,+21 55 30.88,1,14.353,,,560-046153,08291688+2155310,4508-301-3-0098-0077,STAR,gri,rpm,11.6,7.3,34.2,6.9,,,16.873,0.092,15.349,0.051,,,16.107,0.09,14.824,0.02,13.601,0.067,,,11.639,0.022,11.036,0.022,10.838,0.017,3778,161,92,4.914,0.045,0.025,-0.036,0.12,0.12,0.363,0.027,0.041,0.398,0.038,0.054,8.201,2.123,0.892,82.78,8.154,13.1,0.013,0.004,0.002,,,
5832,5832,5832,212095096,08 28 00.909,+21 55 32.02,1,12.232,,,560-046091,08280090+2155320,,STAR,gri,rpm,-7.6,1.6,-6.3,2.8,,,13.792,0.044,12.559,0.031,,,13.173,0.031,12.164,0.04,11.828,0.06,,,10.511,0.021,9.947,0.022,9.803,0.017,4567,91,45,2.615,0.185,0.259,0.037,0.12,0.21,8.426,3.378,1.307,1.202,0.112,0.093,0.002,0.001,0.001,1425,538.5,258.7,0.034,0.01,0.005,,,
5833,5833,5833,212095101,08 29 02.923,+21 55 32.37,1,15.161,,,560-046145,08290291+2155323,,STAR,BV,rpm,-2.5,3.1,-1.1,3.4,,,16.103,0.09,15.333,0.051,,,15.742,0.048,,,,,,,13.627,0.026,13.196,0.024,12.985,0.026,5133,179,179,4.54,0.084,1.106,-0.235,0.25,0.5,0.791,2.065,0.115,0.856,0.096,0.115,1.594,0.581,1.555,687.8,1728,126.2,0.034,0.01,0.008,,,
5834,5834,5834,212095106,08 30 11.900,+21 55 32.69,1,12.121,,1391-1125-1,560-046190,08301189+2155328,,STAR,gri,rpm,-5,1.6,-2.4,1.8,,,12.418,0.193,12.676,0.272,,,12.4,0.06,12.057,0.03,12.002,0.061,,,11.263,0.023,11.057,0.024,10.993,0.017,6379,191,153,4.087,0.192,0.256,-0.024,0.12,0.15,1.615,0.799,0.323,1.334,0.219,0.137,0.273,0.229,0.17,591.9,282,115.2,0.032,0.008,0.006,,,
5835,5835,5835,212095108,08 52 26.226,+21 55 32.79,1,12.021,,,560-047137,08522623+2155326,,STAR,gri,rpm,-10.2,0.9,1.5,1.1,,,13.207,0.05,12.253,0.01,,,12.702,0.03,11.987,0.02,11.729,0.04,,,10.602,0.023,10.13,0.022,10.033,0.018,5023,60,80,2.822,0.595,0.51,-0.591,0.25,0.35,5.686,4.699,2.573,0.953,0.183,0.061,0.003,0.029,0.002,1203,681.8,561.4,0.033,0.008,0.007,,,
5836,5836,5836,212095119,09 03 14.492,+21 55 33.59,1,14.418,,,560-047508,09031449+2155336,5071-301-6-0149-0041,STAR,gri,rpm,11.7,2.9,-30.6,3.1,,,15.275,0.04,14.696,0.11,,,14.917,0.08,14.467,0.02,14.204,0.08,,,13.265,0.025,12.845,0.029,12.797,0.018,5506,200,233,4.56,0.05,0.08,-0.636,0.3,0.3,0.746,0.106,0.063,0.77,0.058,0.07,1.734,0.449,0.478,582.9,103.2,74.05,0.03,0.01,0.006,,,
5837,5837,5837,212095272,08 29 48.875,+21 55 44.69,1,9.805,,1391-781-1,560-046181,08294888+2155447,,STAR,gri,plx,-1.3,1.1,2.7,1.1,,,10.222,0.034,9.741,0.03,,,10.399,0.03,9.697,0.04,9.55,0.06,,,8.845,0.029,8.687,0.036,8.597,0.017,5561,133,66,3.815,0.066,0.055,0.147,0.15,0.12,2.288,0.209,0.228,1.301,0.068,0.081,0.104,0.029,0.019,237.4,25.95,25.95,0.03,0.006,0.008,,,
5838,5838,5838,212095277,08 59 46.274,+21 55 44.81,1,17.342,,,,08594627+2155448,5038-301-3-0060-0275,EXTENDED,gri,,2,3,-1,3,,,,,,,18.879,0.029,17.924,0.007,17.423,0.007,17.093,0.007,16.952,0.02,16.442,0.109,16.134,0.165,15.529,0.158,,,,,,,,,,,,,,,,,,,,,,,,,,,
5839,5839,5839,212095332,08 59 51.008,+21 55 49.47,1,15.135,,,560-047388,08595101+2155495,5038-301-3-0060-0160,STAR,gri,rpm,-11.2,3.1,-12.7,3.3,,,17.399,0.19,15.6,0.056,,,16.574,0.04,15.095,0.08,14.518,0.09,,,12.903,0.022,12.227,0.021,12.074,0.021,4012,79,79,4.826,0.035,0.035,-0.001,0.08,0.12,0.463,0.035,0.039,0.526,0.037,0.044,5.198,1.023,0.723,199.5,22.29,23.81,0.025,0.005,0.005,,,
5840,5840,5840,212095393,08 31 13.731,+21 55 54.69,1,18.148,,,,08311373+2155546,,STAR,J,col,,,,,,,,,,,,,,,,,,,,,16.599,0.144,16.137,0.205,15.564,0.192,3801,775,352,4.95,0.13,0.26,-0.254,0.25,0.45,0.306,0.223,0.112,0.351,0.264,0.165,9.552,10.64,6.667,697.3,946.4,319.4,0.032,0.008,0.007,,,
5841,5841,5841,212095395,08 27 54.034,+21 55 54.77,1,10.106,,1391-1214-1,560-046080,08275402+2155547,,STAR,gri,plx,5,1.4,-3.4,1.5,,,11.212,0.098,10.402,0.064,,,10.932,0.03,10.078,0.04,9.753,0.06,,,8.566,0.018,8.071,0.023,7.932,0.023,4803,78,78,2.553,0.252,0.18,-0.135,0.15,0.21,10.727,0.672,1.697,1.482,0.55,0.458,0.001,0.001,4.30E-04,680.1,228,228,0.034,0.011,0.008,,,
5842,5842,5842,212095482,09 00 25.987,+21 56 00.60,1,10.284,,1400-1673-1,560-047416,09002598+2156006,,STAR,gri,rpm,-0.1,1.3,-17.9,1.3,,,10.775,0.061,10.26,0.052,,,10.578,0.02,10.237,0.05,10.158,0.04,,,9.475,0.025,9.265,0.021,9.192,0.017,6353,155,129,4.028,0.23,0.276,-0.011,0.12,0.15,1.745,0.926,0.457,1.336,0.268,0.149,0.211,0.279,0.134,274.9,143.1,71.13,0.028,0.008,0.007,,,
5843,5843,5843,212095492,08 30 17.266,+21 56 01.08,1,12.553,,,560-046198,08301726+2156010,,STAR,gri,rpm,2.9,1.1,-5.1,1.4,,,13.96,0.044,12.853,0.031,,,13.446,0.05,12.469,0.03,12.17,0.061,,,10.911,0.022,10.349,0.021,10.193,0.018,4646,92,73,2.648,0.264,0.264,-0.118,0.24,0.16,8.189,3.262,2.045,1.248,0.105,0.211,0.002,0.002,0.001,1684,548.3,413.7,0.033,0.019,0.008,,,
5844,5844,5844,212095503,08 28 36.581,+21 56 01.67,1,11.454,,,560-046117,08283658+2156016,,STAR,gri,rpm,-0.8,1.3,-0.4,2.8,,,14.405,0.02,12.798,0.031,,,13.562,0.032,12.222,0.04,10.551,0.06,,,7.999,0.024,7.135,0.029,6.797,0.026,3880,61,61,0.998,0.234,0.234,-0.259,0.24,0.24,53.887,11.349,11.044,1.156,0.152,0.182,6.84E-06,8.20E-06,3.29E-06,2206,463.4,383,0.035,0.01,0.007,,,
5845,5845,5845,212095527,08 33 35.734,+21 56 03.63,1,11.962,,1398-893-1,560-046340,08333577+2156035,,STAR,BV,plx,-13.6,2.2,-3.2,2.4,,,12.636,0.313,12.06,0.24,,,,,,,,,,,11.565,0.023,11.277,0.023,11.22,0.019,6022,182,145,4.272,0.126,0.168,-0.183,0.2,0.36,1.199,0.242,0.147,1.038,0.111,0.133,0.551,0.255,0.251,462.9,89.13,89.13,0.031,0.01,0.007,,,
5846,5846,5846,212095548,09 09 15.676,+21 56 04.99,1,15.066,,,560-047705,09091567+2156051,,STAR,gri,rpm,4.2,2.7,-6.7,2.9,,,16.186,0.04,15.459,0.053,,,15.739,0.01,15.122,0.02,14.778,0.12,,,13.754,0.022,13.363,0.036,13.236,0.028,5385,108,129,4.535,0.045,0.684,-0.223,0.2,0.36,0.827,0.206,0.08,0.876,0.06,0.084,1.519,0.35,0.516,779.9,182.2,95.92,0.034,0.01,0.008,,,
5847,5847,5847,212095585,08 26 43.735,+21 56 07.69,1,12.821,,,560-046017,08264374+2156077,,STAR,gri,rpm,-4,2,0.4,1.8,,,14.124,0.02,13.091,0.032,,,13.571,0.032,12.807,0.041,12.499,0.061,,,11.354,0.022,10.849,0.024,10.745,0.019,4903,79,79,2.807,0.594,0.495,-0.423,0.24,0.28,6.278,4.458,2.98,1.019,0.208,0.115,0.003,0.02,0.003,1694,1066,751.2,0.033,0.008,0.007,,,
5848,5848,5848,212095622,08 54 51.329,+21 56 09.69,1,18.515,,,,08545132+2156096,,STAR,JHK,col,,,,,,,,,,,,,,,,,,,,,15.985,0.078,15.156,0.09,14.918,0.103,4052,313,313,4.828,0.147,0.105,-0.208,0.2,0.28,0.422,0.128,0.139,0.486,0.119,0.19,5.341,5.817,1.971,785.6,298.8,316.6,0.032,0.01,0.007,,,
5849,5849,5849,212095650,09 07 16.619,+21 56 11.55,1,9.49,,1407-1864-1,560-047641,09071662+2156115,,STAR,BV,rpm,-65,1,-37.5,1,,,9.942,0.034,9.528,0.031,,,,,,,,,,,8.622,0.026,8.424,0.031,8.346,0.021,6289,153,192,4.213,0.11,0.176,-0.116,0.16,0.24,1.378,0.353,0.194,1.189,0.103,0.144,0.442,0.182,0.221,144.3,36.68,24.82,0.02,0.006,0.005,,,
5850,5850,5850,212095687,08 50 27.556,+21 56 13.89,1,12.113,,1399-748-1,560-047060,08502755+2156139,,STAR,gri,plx,-7.2,1.5,-4.4,1.7,,,12.296,0.21,11.868,0.201,,,12.39,0.02,12.069,0.02,11.994,0.02,,,11.217,0.02,11.032,0.024,10.975,0.02,6417,104,104,4.215,0.075,0.18,-0.055,0.12,0.18,1.435,0.415,0.171,1.272,0.104,0.104,0.414,0.138,0.206,472.7,181.6,181.6,0.032,0.012,0.006,,,
5851,5851,5851,212095717,08 31 29.869,+21 56 16.38,1,17.947,,,,08312986+2156163,6728-301-4-0128-0025,EXTENDED,gri,,4,3,0,3,,,,,,,20.822,0.113,18.999,0.012,17.973,0.008,17.496,0.007,17.168,0.017,16.338,0.12,15.463,0.124,14.989,0.109,,,,,,,,,,,,,,,,,,,,,,,,,,,
5852,5852,5852,212095734,08 59 36.663,+21 56 17.13,1,15.838,,,560-047377,08593667+2156173,5038-301-3-0060-0070,STAR,gri,rpm,-3.1,3.2,-4.4,3.5,,,17.002,0.1,16.072,0.02,,,16.544,0.08,15.742,0.06,15.535,0.11,,,14.368,0.028,13.854,0.03,13.859,0.044,4966,119,119,4.6,0.035,0.049,-0.191,0.2,0.28,0.733,0.07,0.064,0.793,0.056,0.068,1.967,0.318,0.323,829.8,117.7,86.83,0.034,0.008,0.007,,,
5853,5853,5853,212095767,09 07 16.667,+21 56 19.25,1,11.888,,,560-047643,09071666+2156193,,STAR,JHK,rpm,-59.1,1.5,35.8,1.4,,,,,,,,,,,,,,,,,10.375,0.031,9.94,0.052,9.763,0.02,5168,356,254,4.564,0.05,0.08,-0.146,0.2,0.32,0.781,0.131,0.072,0.836,0.076,0.076,1.675,0.386,0.473,152,40.33,23.52,0.021,0.008,0.005,,,
5854,5854,5854,212095768,08 34 40.092,+21 56 19.29,1,11.327,,1398-994-1,560-046394,08344009+2156192,,STAR,BV,rpm,-20.3,1.7,-14.6,1.8,,,11.854,0.145,11.385,0.138,,,,,,,,,,,10.059,0.022,9.747,0.023,9.676,0.019,5903,175,210,4.187,0.235,0.282,-0.065,0.16,0.28,1.335,0.582,0.348,1.07,0.163,0.116,0.449,0.58,0.308,257,105.2,74.64,0.027,0.008,0.006,,,
5855,5855,5855,212095775,08 59 25.044,+21 56 20.07,1,19.163,,,,,5038-301-3-0060-0215,STAR,gri,,6,4,-1,4,,,,,,,19.703,0.03,19.382,0.011,19.09,0.012,19.034,0.014,19.032,0.042,,,,,,,,,,,,,,,,,,,,,,,,,,,,,,,,,
5856,5856,5856,212095799,09 08 24.657,+21 56 22.10,1,13.989,,,560-047680,09082465+2156221,,STAR,gri,rpm,-2.9,2.4,-14.9,2.6,,,15.033,0.09,14.321,0.08,,,14.607,0.04,14.039,0.03,13.724,0.13,,,12.693,0.023,12.252,0.03,12.148,0.023,5324,157,126,4.498,0.09,1.155,-0.576,0.4,0.48,0.869,2.249,0.138,0.876,0.053,0.105,1.252,0.643,1.227,518.3,1229,97.99,0.031,0.007,0.005,,,
5857,5857,5857,212095836,09 03 32.315,+21 56 25.51,1,19.275,,,,,5038-301-2-0066-0228,STAR,gri,,0,4,-4,4,,,,,,,19.84,0.031,19.281,0.011,19.273,0.013,19.265,0.016,18.979,0.039,,,,,,,,,,,,,,,,,,,,,,,,,,,,,,,,,
5858,5858,5858,212095862,08 50 31.613,+21 56 26.91,1,17.04,,,,08503161+2156269,5038-301-5-0047-0247,STAR,gri,col,,,,,,,,,,,21.084,0.067,18.665,0.008,17.296,0.005,16.343,0.005,15.85,0.006,14.559,0.034,13.983,0.043,13.795,0.039,3579,56,56,4.991,0.035,0.035,0.101,0.1,0.1,0.283,0.035,0.031,0.291,0.051,0.043,12.49,2.699,2.22,222.7,33.58,29.18,0.024,0.007,0.006,,,
5859,5859,5859,212095879,08 27 58.229,+21 56 27.76,1,13.265,,,560-046087,08275822+2156277,,STAR,gri,rpm,7.8,2,-4.3,6.2,,,14.571,0.02,13.523,0.033,,,14.052,0.034,13.236,0.042,12.928,0.063,,,11.751,0.02,11.237,0.022,11.132,0.018,4880,78,78,3.225,0.365,0.73,-0.223,0.2,0.32,4.154,4.727,1.521,1.054,0.179,0.179,0.014,0.033,0.013,1335,1247,451,0.033,0.011,0.007,,,
5860,5860,5860,212095890,08 32 24.805,+21 56 28.20,1,15.583,,,560-046292,08322481+2156283,4508-301-2-0102-0301,STAR,JHK,rpm,-2.9,2.1,-5.2,2.3,,,,,,,,,,,,,,,,,14.101,0.029,13.509,0.031,13.504,0.038,4685,185,148,4.641,0.042,0.035,-0.123,0.16,0.24,0.666,0.054,0.065,0.725,0.051,0.071,2.372,0.506,0.306,624,71.32,87.72,0.033,0.008,0.007,,,
5861,5861,5861,212095894,09 05 43.989,+21 56 28.51,1,18.29,,,,,5061-301-6-0155-0051,STAR,gri,,-1,3,-5,3,,,,,,,18.592,0.016,18.444,0.007,18.239,0.008,18.31,0.01,18.245,0.027,,,,,,,,,,,,,,,,,,,,,,,,,,,,,,,,,
5862,5862,5862,212095945,08 26 23.122,+21 56 32.47,1,19.176,,,,,4508-301-4-0094-0264,STAR,gri,,0,4,-1,4,,,,,,,19.887,0.038,19.216,0.01,19.162,0.012,19.162,0.014,18.952,0.038,,,,,,,,,,,,,,,,,,,,,,,,,,,,,,,,,
5863,5863,5863,212095962,08 55 51.848,+21 56 33.53,1,14.444,,,560-047251,08555184+2156337,5038-301-4-0055-0025,STAR,gri,rpm,52.4,2.3,-104.3,2.5,,,17.356,0.23,15.765,0.07,,,16.511,0.09,15.165,0.06,13.558,0.07,,,11.307,0.022,10.831,0.02,10.568,0.022,3151,64,38,5.168,0.02,0.024,0.017,0.1,0.06,0.158,0.01,0.003,0.135,0.009,0.003,33.98,2.039,3.835,60.76,10.14,22.51,0.009,0.002,0.005,,,
5864,5864,5864,212096034,09 03 40.948,+21 56 38.76,1,11.252,,,560-047527,09034094+2156387,,STAR,gri,lam,35.4,1.5,-5.4,0.8,,,12.357,0.08,11.526,0.08,,,11.881,0.04,11.236,0.03,10.983,0.04,,,9.971,0.022,9.59,0.021,9.509,0.019,5275,157,126,4.545,0.03,0.036,0.034,0.1,0.1,0.837,0.052,0.041,0.899,0.046,0.046,1.51,0.184,0.195,136,13.4,10.24,0.019,0.005,0.005,,,
5865,5865,5865,212096058,09 07 48.978,+21 56 40.24,1,14.118,,,560-047657,09074897+2156402,,STAR,gri,rpm,4.4,3.2,-4.8,3.5,,,15.412,0.01,14.515,0.07,,,14.912,0.05,14.155,0.05,13.778,0.13,,,12.712,0.022,12.169,0.03,12.128,0.018,4907,98,98,3.188,1.309,0.714,-0.441,0.35,0.42,4.182,3.605,3.448,0.924,0.163,0.116,0.014,1.521,0.012,1985,1677,1581,0.032,0.008,0.005,,,
5866,5866,5866,212096072,09 08 38.468,+21 56 41.43,1,17.646,,,,,5038-301-1-0073-0142,EXTENDED,gri,,3,2,-6,2,,,,,,,18.805,0.023,17.847,0.006,17.579,0.007,17.284,0.008,17.258,0.023,,,,,,,,,,,,,,,,,,,,,,,,,,,,,,,,,
5867,5867,5867,212096078,08 53 02.956,+21 56 41.91,1,12.612,,,560-047158,08530296+2156419,,STAR,gri,lam,-8.9,1,-8.4,1,,,13.29,0.06,12.691,0.01,,,12.927,0.03,12.554,0.02,12.477,0.04,,,11.681,0.023,11.385,0.023,11.402,0.024,6081,122,122,4.324,0.075,0.135,-0.178,0.12,0.12,1.161,0.209,0.114,1.061,0.075,0.09,0.669,0.213,0.262,484,95.75,51.64,0.032,0.011,0.007,,,
5868,5868,5868,212096125,08 54 36.216,+21 56 45.06,1,17.795,,,,08543621+2156450,5045-301-4-0153-0178,EXTENDED,gri,,1,3,10,3,,,,,,,19.973,0.059,18.68,0.01,17.847,0.007,17.416,0.007,17.192,0.021,16.426,0.111,15.618,0.12,14.979,0.11,,,,,,,,,,,,,,,,,,,,,,,,,,,
5869,5869,5869,212096167,08 58 27.494,+21 56 48.96,1,12.213,,,560-047338,08582749+2156487,,STAR,gri,lam,4.8,2.8,-5.9,1.4,,,13.866,0.03,12.631,0.03,,,13.266,0.05,12.195,0.05,11.761,0.07,,,10.412,0.026,9.733,0.026,9.601,0.025,4554,108,90,2.269,0.168,0.168,-0.378,0.15,0.15,12.41,2.07,2.097,1.018,0.153,0.059,5.42E-04,4.13E-04,2.04E-04,1999,296.2,305.4,0.034,0.01,0.008,,,
5870,5870,5870,212096170,09 08 06.456,+21 56 49.33,1,13.393,,,560-047669,09080644+2156493,,STAR,gri,rpm,-10.2,2.5,12.8,2.7,,,15.032,0.11,13.933,0.09,,,14.478,0.05,13.416,0.04,12.927,0.11,,,11.683,0.023,11.079,0.028,10.948,0.02,4446,133,106,4.696,0.063,0.045,-0.068,0.15,0.21,0.601,0.07,0.082,0.673,0.073,0.073,2.961,0.933,0.526,173.3,23.4,28.16,0.022,0.005,0.003,,,
5871,5871,5871,212096176,09 09 42.261,+21 56 49.66,1,19.567,,,,,5061-301-5-0161-0355,EXTENDED,gri,,3,3,-2,3,,,,,,,21.373,0.14,20.003,0.022,19.582,0.024,19.38,0.034,19.274,0.108,,,,,,,,,,,,,,,,,,,,,,,,,,,,,,,,,
5872,5872,5872,212096224,08 52 36.533,+21 56 53.21,1,11.065,,1399-985-1,560-047141,08523651+2156532,,STAR,gri,plx,36.9,1.7,-27.3,1.8,,,12.178,0.255,11.201,0.122,,,11.725,0.02,11.032,0.01,10.783,0.03,,,9.701,0.023,9.199,0.024,9.11,0.018,4994,60,60,2.443,0.627,0.114,-0.673,0.15,0.36,9.544,1.174,4.878,0.947,0.111,0.062,0.001,0.009,3.16E-04,941.6,722.3,722.3,0.033,0.008,0.007,,,
5873,5873,5873,212096247,08 27 15.924,+21 56 55.09,1,12.699,,,560-046049,08271592+2156550,,STAR,gri,rpm,-8.1,1.2,-10.6,0.8,,,13.327,0.042,12.804,0.031,,,13.001,0.031,12.666,0.041,12.57,0.062,,,11.817,0.024,11.533,0.022,11.507,0.022,6172,147,122,4.109,0.174,0.145,-0.237,0.2,0.4,1.481,0.32,0.31,1.113,0.143,0.172,0.305,0.258,0.124,643.9,144.6,118.1,0.032,0.01,0.007,,,
5874,5874,5874,212096270,09 05 58.140,+21 56 56.69,1,12.15,,,560-047609,09055813+2156567,,STAR,gri,rpm,3.7,2.2,-2.6,1.7,,,13.5,0.08,12.458,0.08,,,12.926,0.07,12.106,0.04,11.818,0.03,,,10.697,0.024,10.239,0.029,10.105,0.021,4906,99,99,2.695,0.688,0.43,-0.393,0.3,0.25,6.749,4.628,3.079,1.078,0.289,0.131,0.003,0.015,0.002,1409,632.5,630.6,0.035,0.01,0.007,,,
5875,5875,5875,212096274,08 56 41.819,+21 56 56.87,1,11.901,,,560-047282,08564182+2156569,,STAR,gri,rpm,-21.5,0.8,-53.5,0.8,,,12.758,0.03,12.052,0.02,,,12.358,0.05,11.856,0.04,11.705,0.03,,,10.834,0.023,10.48,0.024,10.401,0.017,5685,167,201,4.469,0.085,0.119,-0.365,0.35,0.42,0.881,0.185,0.129,0.871,0.125,0.104,1.193,0.492,0.405,259.2,123.3,83.56,0.028,0.008,0.007,,,
5876,5876,5876,212096293,08 56 28.634,+21 56 58.08,1,15.075,,,560-047276,08562864+2156580,5038-301-4-0056-0024,STAR,gri,rpm,-0.6,2.6,1.8,2.8,,,16.183,0.02,15.34,0.02,,,15.661,0.04,15.095,0.01,14.824,0.03,,,13.87,0.025,13.465,0.024,13.307,0.017,5226,123,154,3.054,1.24,1.24,-1.137,0.55,0.99,3.138,10.311,2.406,0.817,0.08,0.04,0.011,0.808,0.011,2849,9026,2165,0.035,0.008,0.005,,,
5877,5877,5877,212096459,08 53 04.563,+21 57 10.19,1,15.274,,,560-047160,08530456+2157102,5045-301-4-0151-0162,STAR,gri,rpm,0.3,2.3,-16.6,2.3,,,17.334,0.03,15.88,0.05,,,16.627,0.05,15.28,0.04,14.694,0.02,,,13.164,0.027,12.487,0.025,12.388,0.019,3988,47,39,4.819,0.024,0.02,0.017,0.1,0.1,0.466,0.022,0.021,0.533,0.025,0.025,5.12,0.612,0.472,224.5,13.85,13.05,0.027,0.004,0.003,,,
5878,5878,5878,212096503,08 50 51.327,+21 57 13.54,1,15.222,,,560-047080,08505132+2157136,,STAR,gri,rpm,-21.3,2.1,-6.6,2.3,,,17.39,0.13,15.942,0.063,,,16.664,0.04,15.263,0.03,14.604,0.01,,,13.04,0.025,12.37,0.024,12.203,0.022,3881,46,46,4.889,0.02,0.027,-0.11,0.1,0.06,0.39,0.028,0.02,0.437,0.035,0.035,7.253,0.555,0.994,168.6,18.32,7.293,0.022,0.002,0.004,,,
5879,5879,5879,212096522,08 59 09.052,+21 57 14.70,1,14.529,,,560-047356,08590905+2157146,5045-301-3-0160-0022,STAR,gri,rpm,6.8,5.2,-24.6,2.4,,,15.468,0.03,14.726,0.06,,,15.054,0.06,14.426,0.05,14.303,0.1,,,13.28,0.021,12.861,0.026,12.774,0.024,5315,127,106,4.565,0.035,0.049,-0.246,0.2,0.28,0.775,0.081,0.062,0.823,0.059,0.083,1.695,0.296,0.343,583.1,75.38,56.18,0.032,0.007,0.007,,,
5880,5880,5880,212096574,08 53 26.101,+21 57 18.75,1,12.631,,,560-047171,08532609+2157187,,STAR,gri,lam,-9,2.5,-7.8,1,,,13.44,0.06,12.741,0.01,,,13.036,0.02,12.573,0.02,12.458,0.05,,,11.619,0.023,11.33,0.021,11.274,0.022,5975,95,118,4.177,0.174,0.145,0.016,0.1,0.12,1.36,0.313,0.255,1.113,0.101,0.084,0.416,0.307,0.177,541.6,126.3,102.4,0.031,0.01,0.007,,,
5881,5881,5881,212096580,09 03 35.243,+21 57 19.02,1,12.863,,,560-047522,09033524+2157189,,STAR,gri,lam,-17.7,3,15.4,1.4,,,13.628,0.07,13.054,0.08,,,13.246,0.06,12.869,0.04,12.699,0.04,,,11.879,0.025,11.547,0.022,11.521,0.02,5933,119,119,4.398,0.06,0.096,-0.247,0.12,0.15,1.011,0.132,0.085,0.959,0.081,0.068,0.881,0.215,0.26,450.5,61.05,45.27,0.032,0.008,0.006,,,
5882,5882,5882,212096584,09 05 00.795,+21 57 19.25,1,13.664,,,560-047586,09050080+2157192,,STAR,gri,lam,-16.3,2.4,-8.9,3.4,,,14.982,0.1,14.002,0.08,,,14.462,0.07,13.638,0.04,13.322,0.01,,,12.152,0.022,11.655,0.027,11.547,0.02,4812,173,144,4.627,0.025,0.03,-0.1,0.12,0.15,0.7,0.045,0.042,0.767,0.045,0.054,2.201,0.269,0.284,272.7,33.56,25.14,0.029,0.007,0.006,,,
5883,5883,5883,212096593,09 09 48.016,+21 57 19.74,1,18.282,,,,09094801+2157197,,STAR,J,,,,,,,,,,,,,,,,,,,,,,16.726,0.167,,,,,,,,,,,,,,,,,,,,,,,,,,,,,,,
5884,5884,5884,212096595,08 54 13.760,+21 57 20.01,1,17.862,,,,08541375+2157200,5045-301-4-0153-0123,EXTENDED,gri,,0,3,0,3,,,,,,,20.588,0.089,18.827,0.01,17.845,0.007,17.449,0.007,17.087,0.018,16.141,0.092,15.403,0.111,15.152,0.126,,,,,,,,,,,,,,,,,,,,,,,,,,,
5885,5885,5885,212096653,08 32 20.331,+21 57 24.48,1,14.688,,,560-046286,08322033+2157244,,STAR,gri,rpm,-15.2,2.1,8.5,2.3,,,16.18,0.1,14.952,0.045,,,15.529,0.045,14.65,0.051,14.328,0.077,,,13.098,0.023,12.606,0.026,12.48,0.021,4897,78,117,4.612,0.03,0.036,-0.066,0.2,0.2,0.722,0.06,0.047,0.791,0.047,0.059,2.055,0.304,0.314,447.5,44.31,40.31,0.032,0.006,0.005,,,
5886,5886,5886,212096658,08 27 00.897,+21 57 24.70,1,10.21,41431,1391-1494-1,560-046032,08270090+2157246,,STAR,gri,plx,-0.06,3.31,23.59,2.53,22.23,2.88,13.013,0.571,10.793,0.102,,,11.659,0.03,10.282,0.04,9.589,0.06,,,8.021,0.023,7.369,0.02,7.192,0.021,4019,64,48,4.801,0.02,0.021,0.101,0.1,0.08,0.487,0.021,0.02,0.549,0.027,0.023,4.721,0.338,0.435,44.84,1.345,1.345,0.006,0.002,0.002,,,
5887,5887,5887,212096659,09 05 44.583,+21 57 24.71,1,13.13,,,560-047606,09054458+2157247,,STAR,gri,rpm,0.3,5.3,-9.4,2,,,14.49,0.06,13.473,0.07,,,13.936,0.06,13.104,0.03,12.785,0.04,,,11.65,0.024,11.176,0.029,11.026,0.021,4890,78,98,3.271,0.295,0.354,-0.183,0.2,0.24,3.923,1.695,1.184,1.152,0.159,0.191,0.017,0.042,0.011,1239,477.7,392.1,0.034,0.013,0.007,,,
5888,5888,5888,212096722,08 56 48.563,+21 57 28.55,1,16.761,,,,08564856+2157285,5038-301-4-0056-0268,EXTENDED,gri,,-26,5,-46,5,,,,,,,19.58,0.048,17.724,0.006,16.788,0.005,16.348,0.005,16.043,0.011,15.38,0.067,14.971,0.076,14.468,0.084,,,,,,,,,,,,,,,,,,,,,,,,,,,
5889,5889,5889,212096861,08 51 28.561,+21 57 37.26,1,13.963,,,560-047103,08512856+2157372,,STAR,gri,rpm,-75.5,1.6,-4.3,3.6,,,16.075,0.09,14.755,0.02,,,15.457,0.05,14.175,0.02,13.322,0.03,,,11.635,0.022,11.022,0.022,10.814,0.02,3702,74,74,4.964,0.035,0.084,0.013,0.2,0.06,0.322,0.065,0.04,0.345,0.091,0.041,10.1,2.47,3.287,79.73,42.23,12.02,0.012,0.008,0.003,,,
5890,5890,5890,212096922,08 32 06.036,+21 57 41.60,1,17.747,,,,08320603+2157415,4508-301-2-0102-0246,EXTENDED,gri,,-1,3,6,3,,,,,,,20.525,0.11,18.759,0.013,17.735,0.008,17.313,0.008,16.928,0.016,16.359,0.121,15.936,0.216,15.395,0.158,,,,,,,,,,,,,,,,,,,,,,,,,,,
5891,5891,5891,212096936,08 26 12.145,+21 57 42.70,1,17.285,,,,08261214+2157426,4508-301-4-0094-0207,EXTENDED,gri,,6,3,0,3,,,,,,,20.817,0.2,18.786,0.016,17.205,0.007,16.641,0.006,16.237,0.014,15.912,0.083,15.055,0.117,14.551,0.097,,,,,,,,,,,,,,,,,,,,,,,,,,,
5892,5892,5892,212096938,09 06 47.674,+21 57 42.77,1,14.822,,,560-047632,09064765+2157430,,STAR,gri,rpm,7.1,2.6,-2.3,2.4,,,16.093,0.08,15.165,0.08,,,15.608,0.05,14.814,0.05,14.485,0.03,,,13.317,0.026,12.831,0.032,12.745,0.032,4951,118,98,4.584,0.04,1.248,-0.177,0.2,0.36,0.754,2.737,0.054,0.82,0.152,0.063,1.818,0.388,1.796,534.1,1872,59.84,0.033,0.008,0.007,,,
5893,5893,5893,212096950,09 02 35.492,+21 57 43.69,1,16.974,,,,09023549+2157436,,STAR,JHK,col,,,,,,,,,,,,,,,,,,,,,15.153,0.041,14.532,0.031,14.425,0.057,4244,313,375,4.778,0.138,0.115,-0.239,0.25,0.3,0.488,0.128,0.135,0.539,0.126,0.151,4.532,3.677,1.77,608.3,245,203,0.032,0.008,0.007,,,
5894,5894,5894,212096999,08 58 16.770,+21 57 46.83,1,14.468,,,560-047333,08581676+2157468,5045-301-3-0158-0058,STAR,gri,rpm,3.9,2.4,-6.6,3.2,,,15.422,0.03,14.684,0.03,,,15.037,0.07,14.438,0.05,14.224,0.08,,,13.175,0.023,12.749,0.026,12.63,0.023,5291,159,159,4.506,0.078,1.066,-0.347,0.3,0.54,0.879,2.146,0.136,0.889,0.074,0.086,1.307,0.514,1.273,638.4,1399,115.2,0.033,0.008,0.007,,,
5895,5895,5895,212097015,08 29 00.703,+21 57 48.12,1,17.055,,,,,4508-301-3-0098-0444,EXTENDED,gri,,-7,4,-6,4,,,,,,,18.864,0.064,17.499,0.012,17.018,0.011,16.864,0.021,16.736,0.047,,,,,,,,,,,,,,,,,,,,,,,,,,,,,,,,,
5896,5896,5896,212097054,08 51 16.969,+21 57 51.63,1,13.642,,,560-047096,08511697+2157516,,STAR,gri,lam,-10.8,1.5,-3.4,1.9,,,14.87,0.04,13.881,0.03,,,14.334,0.01,13.6,0.01,13.346,0.01,,,12.201,0.023,11.696,0.021,11.673,0.02,5001,79,79,3.506,0.1,0.14,-0.299,0.15,0.12,2.985,0.548,0.391,1.097,0.134,0.115,0.038,0.018,0.014,1291,198.1,171.8,0.033,0.008,0.007,,,
5897,5897,5897,212097077,09 04 29.337,+21 57 53.34,1,9.891,,1407-963-1,560-047560,09042933+2157534,,STAR,gri,rpm,-18.6,1.3,3.2,1.3,,,10.493,0.055,9.949,0.046,,,10.388,0.1,9.88,0.02,9.678,0.04,,,8.879,0.023,8.623,0.036,8.573,0.018,5855,208,138,3.878,0.484,0.22,0,0.12,0.21,2,0.825,0.926,1.219,0.322,0.201,0.121,0.528,0.069,219.9,96.48,97.03,0.026,0.006,0.008,,,
5898,5898,5898,212097099,08 25 53.401,+21 57 55.00,1,18.791,,,,08255340+2157550,4508-301-4-0094-0164,EXTENDED,gri,,4,3,-4,3,,,,,,,19.191,0.026,18.912,0.009,18.75,0.01,18.538,0.01,18.418,0.028,17.237,0.207,16.116,0.202,15.396,0.141,,,,,,,,,,,,,,,,,,,,,,,,,,,
5899,5899,5899,212097142,08 27 21.660,+21 57 57.78,1,17.425,,,,08272166+2157577,,STAR,J,col,,,,,,,,,,,,,,,,,,,,,15.934,0.086,15.212,0.099,14.723,0.096,3734,422,301,4.965,0.12,0.168,-0.168,0.2,0.28,0.308,0.159,0.105,0.317,0.204,0.145,10.9,10.85,6.144,487.9,346.4,202.6,0.032,0.01,0.008,,,
5900,5900,5900,212097211,09 04 00.369,+21 58 03.17,1,14.268,,,560-047537,,,EXTENDED,gri,,-48.4,6.8,-38.8,6.8,,,15.392,0.04,14.687,0.02,,,15.013,0.04,14.308,0.05,13.949,0.08,,,,,,,,,,,,,,,,,,,,,,,,,,,,,,,,,,,
5901,5901,5901,212097213,09 04 00.360,+21 58 03.18,1,18.679,,,,,5038-301-2-0066-0142,STAR,gri,,,,,,,,,,,,20.251,0.062,19.387,0.018,18.384,0.011,18.376,0.014,17.646,0.021,,,,,,,,,,,,,,,,,,,,,,,,,,,,,,,,,
5902,5902,5902,212097234,08 34 35.142,+21 58 04.43,1,13.725,,,560-046389,08343514+2158044,,STAR,JHK,rpm,-3.4,1.4,2.2,3.7,,,,,,,,,,,,,,,,,12.378,0.021,11.922,0.023,11.858,0.019,5150,124,155,3.305,1.02,0.816,-0.479,0.35,0.56,2.537,3.549,1.687,0.91,0.23,0.077,0.021,0.668,0.02,1183,1624,781.4,0.034,0.01,0.008,,,
5903,5903,5903,212097252,09 02 36.528,+21 58 06.01,1,10.123,,1400-2316-1,560-047490,09023653+2158060,,STAR,gri,rpm,6.4,1.4,-8.3,1.4,,,11.363,0.105,10.427,0.065,,,10.901,0.01,10.152,0.01,9.79,0.04,,,8.643,0.052,8.138,0.046,7.979,0.021,4862,77,77,2.362,0.255,0.408,-0.547,0.2,0.56,10.867,4.957,2.275,0.991,0.195,0.122,8.25E-04,0.001,5.90E-04,815.6,426.3,141.9,0.033,0.008,0.006,,,
5904,5904,5904,212097264,08 56 04.494,+21 58 06.59,1,17.082,,,,08560449+2158065,5038-301-4-0055-0296,EXTENDED,gri,,-18,4,8,4,,,,,,,20.055,0.059,18.025,0.007,17.105,0.005,16.678,0.005,16.358,0.012,15.449,0.057,14.888,0.073,14.736,0.084,,,,,,,,,,,,,,,,,,,,,,,,,,,
5905,5905,5905,212097276,09 09 48.943,+21 58 07.37,1,14.604,,,560-047731,09094894+2158074,,STAR,gri,rpm,-9.9,2.4,-8.3,2.6,,,15.75,0.02,14.945,0.08,,,15.297,0.043,14.568,0.05,14.306,0.15,,,13.207,0.023,12.753,0.026,12.664,0.028,5124,123,123,4.57,0.035,0.819,-0.177,0.2,0.32,0.772,1.194,0.06,0.843,0.069,0.083,1.749,0.306,1.624,542.5,892.3,56.76,0.033,0.01,0.008,,,
5906,5906,5906,212097340,08 28 18.955,+21 58 11.55,1,13.609,,,560-046108,08281895+2158115,,STAR,gri,rpm,-2.3,1.9,-7,2.1,,,14.961,0.03,13.893,0.035,,,14.425,0.036,13.548,0.043,13.259,0.065,,,12.124,0.022,11.633,0.023,11.552,0.02,4892,77,77,3.518,1.014,0.39,-0.059,0.24,0.28,2.788,1.651,2.03,1.151,0.123,0.333,0.044,1.4,0.034,1127,638.5,833.6,0.035,0.006,0.007,,,
5907,5907,5907,212097405,08 32 04.074,+21 58 15.50,1,11.946,,,560-046277,08320407+2158155,,STAR,gri,rpm,-42.5,1.6,-19.6,1.2,,,12.934,0.041,12.166,0.03,,,12.516,0.031,11.922,0.04,11.701,0.06,,,10.785,0.021,10.443,0.021,10.381,0.021,5541,133,133,4.484,0.054,0.045,-0.013,0.15,0.18,0.921,0.058,0.072,0.946,0.049,0.069,1.205,0.257,0.184,228.1,49.95,25.55,0.031,0.008,0.008,,,
5908,5908,5908,212097442,09 04 00.901,+21 58 17.55,1,19.164,,,,09040090+2158175,5038-301-2-0066-0144,EXTENDED,gri,,,,,,,,,,,,19.824,0.038,19.333,0.014,19.107,0.014,19.288,0.021,19.246,0.063,16.264,0.172,,,,,,,,,,,,,,,,,,,,,,,,,,,,,,,
5909,5909,5909,212097444,09 03 00.502,+21 58 17.72,1,14.313,,,560-047500,09030049+2158177,,STAR,gri,rpm,-3.3,6.4,-4.4,2.7,,,15.474,0.02,14.591,0.03,,,14.961,0.06,14.334,0.07,14.036,0.05,,,12.962,0.025,12.465,0.029,12.396,0.018,5078,120,120,3.275,1.208,0.755,-0.665,0.48,0.4,2.818,3.52,2.047,0.893,0.097,0.08,0.025,1.468,0.023,1722,2071,1306,0.034,0.008,0.008,,,
5910,5910,5910,212097450,08 58 15.112,+21 58 17.94,1,15.744,,,560-047330,08581510+2158179,5045-301-3-0158-0154,STAR,gri,rpm,-14.9,5.1,0.4,4.3,,,17.924,0.26,16.514,0.08,,,17.269,0.15,15.772,0.069,15.09,0.095,,,13.546,0.024,12.932,0.026,12.664,0.021,3704,87,87,4.991,0.032,0.08,-0.093,0.18,0.12,0.292,0.072,0.042,0.306,0.1,0.055,11.54,3.326,3.845,151.5,44.4,23.86,0.022,0.008,0.007,,,
5911,5911,5911,212097454,08 56 04.345,+21 58 18.23,1,15.962,,,,08560434+2158182,5038-301-4-0055-0295,EXTENDED,gri,,1,3,2,3,,,,,,,18.985,0.041,16.939,0.005,15.985,0.004,15.544,0.004,15.2,0.008,14.965,0.061,14.247,0.075,13.967,0.073,,,,,,,,,,,,,,,,,,,,,,,,,,,
5912,5912,5912,212097501,08 55 21.621,+21 58 21.24,1,17.078,,,,08552162+2158212,5038-301-4-0054-0222,EXTENDED,gri,,4,3,0,3,,,,,,,19.779,0.049,17.98,0.007,17.11,0.005,16.692,0.005,16.361,0.012,15.727,0.071,15.097,0.087,14.587,0.082,,,,,,,,,,,,,,,,,,,,,,,,,,,
5913,5913,5913,212097518,09 06 51.187,+21 58 21.95,1,18.096,,,,09065118+2158219,,STAR,J,,,,,,,,,,,,,,,,,,,,,,16.552,0.121,,,,,,,,,,,,,,,,,,,,,,,,,,,,,,,
5914,5914,5914,212097558,09 06 25.222,+21 58 24.53,1,18.704,,,,,5061-301-6-0156-0053,STAR,gri,,0,3,-1,3,,,,,,,19.043,0.021,18.708,0.008,18.703,0.009,18.603,0.011,18.273,0.028,,,,,,,,,,,,,,,,,,,,,,,,,,,,,,,,,
5915,5915,5915,212097567,08 56 54.464,+21 58 25.20,1,14.432,,,560-047293,08565446+2158253,,STAR,gri,rpm,-3.8,2.5,-16.1,3.2,,,15.448,0.05,14.68,0.01,,,15.022,0.04,14.387,0.05,14.18,0.08,,,13.02,0.021,12.594,0.023,12.481,0.019,5276,126,126,4.558,0.035,0.098,-0.22,0.25,0.3,0.799,0.166,0.072,0.86,0.055,0.078,1.608,0.303,0.683,530.5,592.3,51.12,0.034,0.01,0.008,,,
5916,5916,5916,212097609,08 50 20.977,+21 58 27.73,1,12.26,,,560-047056,08502098+2158278,,STAR,gri,rpm,0.9,0.9,-18.6,0.7,,,13.009,0.04,12.396,0.01,,,12.654,0.02,12.229,0.01,12.091,0.05,,,11.221,0.02,10.922,0.022,10.889,0.022,5979,117,70,4.236,0.192,0.224,-0.145,0.18,0.27,1.245,0.424,0.235,1.061,0.094,0.094,0.52,0.373,0.301,421.6,125,82.05,0.031,0.008,0.007,,,
5917,5917,5917,212097646,09 04 57.660,+21 58 30.31,1,14.509,,,560-047584,09045766+2158303,,STAR,gri,rpm,-3.2,1.9,0.2,2.5,,,15.752,0.1,14.83,0.05,,,15.208,0.05,14.51,0.05,14.21,0.05,,,13.019,0.022,12.481,0.029,12.391,0.022,4915,116,116,3.033,0.973,0.834,-0.575,0.36,0.54,4.834,6.614,2.793,0.915,0.179,0.112,0.006,0.097,0.006,2745,3917,1461,0.034,0.006,0.008,,,
5918,5918,5918,212097723,09 04 20.140,+21 58 34.92,1,17.825,,,,09042013+2158349,,STAR,J,col,,,,,,,,,,,,,,,,,,,,,16.305,0.12,15.363,0.097,14.782,0.1,3719,365,438,4.988,0.145,0.174,-0.139,0.2,0.28,0.273,0.151,0.112,0.29,0.206,0.147,11.59,14.66,6.472,549.6,414.3,269.5,0.031,0.009,0.009,,,
5919,5919,5919,212097731,08 30 13.967,+21 58 35.53,1,12.151,,,560-046193,08301396+2158355,,STAR,gri,rpm,3.9,1.2,8.3,0.7,,,12.855,0.041,12.299,0.03,,,12.531,0.031,12.135,0.04,11.987,0.061,,,11.2,0.022,10.862,0.021,10.815,0.022,5922,140,117,4.02,0.406,0.174,-0.246,0.2,0.36,1.625,0.256,0.628,1.03,0.115,0.115,0.238,0.7,0.103,511.9,107.5,183.8,0.031,0.014,0.007,,,
5920,5920,5920,212097774,08 55 02.104,+21 58 38.73,1,11.393,,,560-047216,08550209+2158388,,STAR,gri,lam,-15.5,0.7,-5.9,1.1,,,12.145,0.02,11.491,0.01,,,11.765,0.02,11.333,0.01,11.233,0.02,,,10.432,0.022,10.131,0.021,10.096,0.017,6009,119,119,4.243,0.14,0.168,-0.249,0.15,0.15,1.235,0.243,0.203,0.995,0.096,0.08,0.524,0.345,0.239,284.9,60.79,50.1,0.028,0.008,0.007,,,
5921,5921,5921,212097782,08 53 52.831,+21 58 39.24,1,14.761,,,,08535283+2158392,5045-301-4-0152-0149,EXTENDED,gri,,0,3,0,3,,,,,,,16.496,0.012,15.345,0.003,14.814,0.003,14.511,0.003,14.286,0.007,15.721,0.12,15.027,0.147,14.829,0.151,,,,,,,,,,,,,,,,,,,,,,,,,,,
5922,5922,5922,212097785,08 59 43.236,+21 58 39.44,1,9.186,,1400-782-1,560-047383,08594323+2158396,,STAR,gri,rpm,-8.6,1.5,2.6,1.5,,,11.325,0.111,9.831,0.041,,,10.638,0.02,9.296,0.15,8.564,0.03,,,6.828,0.021,6,0.027,5.815,0.018,3912,77,77,1.145,0.186,0.372,-0.166,0.25,0.45,47.802,20.032,9.054,1.203,0.14,0.252,1.04E-05,8.17E-06,7.13E-06,1164,428.2,199.4,0.034,0.014,0.008,,,
5923,5923,5923,212097797,08 26 45.750,+21 58 40.29,1,12.396,,,560-046021,08264575+2158403,,STAR,gri,rpm,-5.2,0.9,0.7,1.6,,,13.116,0.041,12.532,0.031,,,12.771,0.031,12.368,0.041,12.236,0.061,,,11.449,0.022,11.189,0.022,11.143,0.019,6114,147,147,4.171,0.198,0.264,-0.092,0.15,0.21,1.332,0.701,0.279,1.148,0.177,0.148,0.402,0.346,0.271,523.5,264.5,118.1,0.032,0.008,0.007,,,
5924,5924,5924,212097868,08 56 57.448,+21 58 45.11,1,12.118,,1400-859-1,560-047296,08565745+2158448,,STAR,gri,rpm,-27.1,1.7,-4.2,1.7,,,12.035,0.195,11.33,0.128,,,12.527,0.05,12.079,0.04,11.942,0.03,,,11.054,0.018,10.75,0.015,10.647,0.016,5873,164,93,4.341,0.105,0.336,-0.115,0.15,0.24,1.114,0.586,0.146,1.017,0.098,0.07,0.679,0.291,0.462,338.2,166.9,48.36,0.029,0.011,0.006,,,
5925,5925,5925,212097885,08 26 53.786,+21 58 46.23,1,13.6,,,560-046028,08265378+2158462,,STAR,gri,rpm,4,5.8,-6.1,2.5,,,14.975,0.03,13.95,0.035,,,14.446,0.036,13.541,0.043,13.237,0.065,,,12.015,0.021,11.463,0.022,11.365,0.019,4751,94,75,3.167,1.47,0.735,-0.12,0.18,0.36,4.278,4.848,3.584,0.956,0.268,0.224,0.011,2.155,0.01,1575,1715,1343,0.034,0.011,0.008,,,
5926,5926,5926,212097943,09 07 51.289,+21 58 49.80,1,17.526,,,,09075128+2158498,,STAR,J,col,,,,,,,,,,,,,,,,,,,,,16.028,0.084,15.338,0.117,14.864,0.112,3765,461,329,4.953,0.125,0.175,-0.168,0.2,0.32,0.31,0.161,0.106,0.342,0.192,0.16,9.786,10.19,5.631,568.2,412.4,273,0.031,0.01,0.007,,,
5927,5927,5927,212097958,08 55 18.524,+21 58 50.92,1,17.166,,,,08551852+2158509,,STAR,J,rpm,6,8,10,4,,,,,,,,,,,,,,,,,15.693,0.071,15.013,0.106,14.589,0.092,3951,383,319,4.878,0.125,0.15,-0.172,0.2,0.28,0.378,0.139,0.119,0.429,0.156,0.156,6.608,5.84,3.1,606.4,335,248.7,0.032,0.008,0.007,,,
5928,5928,5928,212097999,08 27 28.879,+21 58 55.01,1,12.82,,,560-046059,08272888+2158549,,STAR,gri,rpm,1.1,1.1,-0.7,2.1,,,13.639,0.043,12.968,0.031,,,13.263,0.032,12.778,0.041,12.63,0.062,,,11.77,0.022,11.441,0.022,11.39,0.019,5835,118,141,4.273,0.19,0.418,-0.127,0.2,0.24,1.17,0.782,0.243,1.022,0.156,0.097,0.562,0.534,0.432,511.5,336.6,125.3,0.033,0.011,0.008,,,
5929,5929,5929,212098015,08 59 02.913,+21 58 56.00,1,12.488,,,560-047353,08590292+2158557,,STAR,gri,,-22.3,1.1,-9.5,2.2,,,13.483,0.03,12.71,0.04,,,13.098,0.06,12.456,0.04,12.227,0.04,,,11.289,0.027,10.909,0.028,,,,,,,,,,,,,,,,,,,,,,,,,,,,,
5930,5930,5930,212098020,08 34 03.372,+21 58 56.45,1,12.852,,,560-046368,08340337+2158565,,STAR,JHK,rpm,0.1,1.9,5.6,2,,,,,,,,,,,,,,,,,11.743,0.029,11.417,0.023,11.407,0.019,5945,173,243,4.25,0.17,0.306,-0.11,0.15,0.24,1.232,0.64,0.256,1.055,0.15,0.107,0.508,0.438,0.342,537.1,219.5,155.8,0.032,0.008,0.006,,,
5931,5931,5931,212098045,08 52 54.408,+21 58 58.33,1,11.301,,1399-849-1,560-047150,08525441+2158583,,STAR,gri,plx,0.6,1.6,-3.8,1.7,,,11.668,0.106,11.276,0.121,,,11.469,0.02,11.246,0.02,11.247,0.04,,,10.572,0.023,10.414,0.023,10.322,0.02,6796,136,136,3.929,0.174,0.232,-0.012,0.1,0.1,2.216,0.949,0.469,1.615,0.227,0.142,0.141,0.099,0.087,1110,829.9,829.9,0.031,0.011,0.008,,,
5932,5932,5932,212098081,08 52 56.624,+21 59 00.79,1,11.832,,1399-180-1,560-047153,08525663+2159007,,STAR,gri,plx,-27.4,1.8,-20.3,2,,,12.398,0.276,11.731,0.205,,,12.227,0.03,11.777,0.01,11.662,0.03,,,10.837,0.021,10.57,0.025,10.474,0.024,5945,95,95,4.392,0.055,0.132,-0.099,0.2,0.2,1.078,0.18,0.113,1.062,0.076,0.121,0.798,0.207,0.295,236.4,52.14,52.14,0.028,0.008,0.007,,,
5933,5933,5933,212098142,08 55 54.018,+21 59 06.02,1,14.923,,,560-047252,08555401+2159061,5038-301-4-0055-0265,STAR,JHK,rpm,37.8,2.2,-100.8,2.4,,,,,,,,,,,,,,,,,12.751,0.023,12.137,0.021,11.917,0.02,3649,201,143,5.002,0.07,0.084,-0.114,0.16,0.24,0.278,0.067,0.064,0.286,0.1,0.083,12.49,6.675,4.35,111.5,35.15,35.52,0.015,0.008,0.005,,,
5934,5934,5934,212098148,08 28 38.983,+21 59 06.39,1,11.647,,1391-331-1,560-046122,08283899+2159064,,STAR,gri,plx,-48.4,2.4,-40.3,2.6,,,12.731,0.419,11.655,0.202,,,12.236,0.03,11.612,0.04,11.394,0.06,,,10.386,0.022,10.037,0.022,9.902,0.018,5370,86,86,4.566,0.02,0.024,-0.26,0.2,0.24,0.786,0.045,0.042,0.83,0.071,0.071,1.711,0.165,0.179,148,9.134,9.134,0.021,0.006,0.005,,,
5935,5935,5935,212098170,08 25 53.720,+21 59 07.88,1,10.355,,1391-704-1,560-045983,08255373+2159079,,STAR,gri,plx,-9.9,1.4,-4.2,1.5,,,12.012,0.244,10.623,0.077,,,11.28,0.03,10.334,0.04,9.959,0.06,,,8.655,0.02,8.044,0.017,7.939,0.026,4586,73,73,2.435,0.15,0.18,-0.118,0.15,0.21,11.075,1.7,2.006,1.227,0.207,0.173,8.82E-04,5.65E-04,3.44E-04,662.6,170.7,170.7,0.034,0.01,0.007,,,
5936,5936,5936,212098179,09 09 29.114,+21 59 08.83,1,18.084,,,,09092911+2159088,,STAR,JHK,col,,,,,,,,,,,,,,,,,,,,,15.862,0.074,15.321,0.109,15.013,0.116,3860,747,373,4.901,0.145,0.232,-0.24,0.25,0.35,0.359,0.215,0.134,0.382,0.257,0.184,7.631,9.453,4.73,579.7,609.4,261.1,0.031,0.008,0.007,,,
5937,5937,5937,212098203,09 03 09.048,+21 59 10.14,1,12.413,,,560-047506,09030904+2159102,,STAR,gri,lam,10.7,1.4,-109.8,1.7,,,14.111,0.07,12.945,0.08,,,13.537,0.05,12.437,0.04,11.931,0.04,,,10.593,0.023,9.961,0.027,9.865,0.02,4353,132,159,4.721,0.064,0.04,-0.155,0.1,0.14,0.565,0.046,0.066,0.627,0.045,0.072,3.352,0.986,0.499,94.33,13.23,15.83,0.015,0.005,0.004,,,
5938,5938,5938,212098245,08 50 19.489,+21 59 13.55,1,11.702,,1399-484-1,560-047054,08501947+2159135,,STAR,gri,plx,3.2,1.8,-0.2,2.2,,,13.746,0.609,12.04,0.224,,,12.449,0.02,11.677,0.02,11.382,0.03,,,10.271,0.023,9.811,0.028,9.709,0.026,4922,59,79,2.712,0.553,0.395,-0.44,0.2,0.2,7.074,3.933,3.264,1.058,0.21,0.117,0.003,0.014,0.002,1312,1464,1464,0.035,0.01,0.007,,,
5939,5939,5939,212098303,09 05 43.034,+21 59 17.76,1,13.306,,,560-047605,09054302+2159177,,STAR,gri,rpm,38.5,3.4,-61.3,5.6,,,14.548,0.06,13.661,0.08,,,14.07,0.06,13.294,0.04,12.978,0.03,,,11.846,0.024,11.312,0.028,11.206,0.021,4798,95,57,4.638,0.036,0.02,-0.285,0.18,0.24,0.675,0.023,0.057,0.718,0.033,0.074,2.324,0.457,0.155,232.1,17.74,22.75,0.027,0.008,0.005,,,
5940,5940,5940,212098340,08 27 26.755,+21 59 20.70,1,17.158,,,,08272675+2159207,6728-301-5-0122-0073,EXTENDED,gri,,,,,,,,,,,,20.247,0.1,18.32,0.012,17.208,0.007,16.66,0.006,16.284,0.011,15.542,0.065,14.795,0.075,14.34,0.071,,,,,,,,,,,,,,,,,,,,,,,,,,,
5941,5941,5941,212098344,08 31 51.402,+21 59 21.00,1,11.12,,1391-738-1,560-046268,08315140+2159209,,STAR,gri,plx,-30.7,1.6,-29.5,1.7,,,11.692,0.086,11.163,0.09,,,11.452,0.03,11.102,0.04,10.977,0.06,,,10.243,0.022,9.944,0.021,9.937,0.019,6124,121,121,4.163,0.16,0.16,-0.235,0.25,0.35,1.372,0.33,0.226,1.05,0.159,0.133,0.365,0.262,0.152,313.6,75.32,75.32,0.028,0.008,0.007,,,
5942,5942,5942,212098586,09 07 00.091,+21 59 37.06,1,20.01,,,,,5061-301-6-0157-0189,STAR,gri,,0,3,-1,3,,,,,,,20.319,0.046,20.051,0.016,19.996,0.019,19.717,0.024,19.488,0.074,,,,,,,,,,,,,,,,,,,,,,,,,,,,,,,,,
5943,5943,5943,212098637,08 53 18.853,+21 59 40.66,1,12.617,,,560-047168,08531885+2159407,,STAR,gri,lam,-2.7,0.9,-9.9,1,,,13.303,0.05,12.716,0.01,,,12.951,0.03,12.574,0.02,12.473,0.04,,,11.685,0.023,11.416,0.021,11.363,0.018,5921,141,94,3.91,0.102,0.102,-0.515,0.15,0.12,1.773,0.339,0.177,1.006,0.104,0.074,0.165,0.068,0.055,705.8,127.3,56.15,0.037,0.023,0.009,,,
5944,5944,5944,212098755,08 59 13.449,+21 59 49.05,1,14.809,,,560-047360,08591345+2159490,5045-301-3-0160-0042,STAR,gri,rpm,1.7,3.2,-8.6,3.4,,,15.921,0.08,15.072,0.05,,,15.494,0.05,14.763,0.06,14.515,0.08,,,13.358,0.025,12.886,0.022,12.799,0.027,5054,121,81,4.569,0.05,1.19,-0.235,0.25,0.4,0.789,2.606,0.076,0.844,0.098,0.082,1.65,0.38,1.626,584.6,1830,69.53,0.033,0.01,0.006,,,
5945,5945,5945,212098770,08 31 45.794,+21 59 49.91,1,14.592,,,560-046261,08314579+2159499,6728-301-4-0128-0150,STAR,gri,rpm,-16.7,2.1,-9,2.3,,,15.889,0.08,15.02,0.046,,,15.442,0.044,14.571,0.05,14.228,0.075,,,13.133,0.026,12.599,0.022,12.531,0.024,4822,97,97,4.627,0.03,0.025,-0.12,0.15,0.21,0.697,0.036,0.045,0.756,0.039,0.054,2.214,0.293,0.259,425.5,30.43,33.85,0.031,0.007,0.005,,,
5946,5946,5946,212098854,08 27 36.795,+21 59 56.77,1,13.549,,,560-046067,08273679+2159567,,STAR,gri,rpm,-7.3,2,-5.9,2,,,14.599,0.03,13.828,0.035,,,14.225,0.035,13.519,0.043,13.259,0.065,,,12.184,0.022,11.731,0.022,11.631,0.021,5080,121,80,3.505,0.972,0.54,-0.394,0.35,0.49,2.789,2.333,1.962,0.939,0.203,0.092,0.037,1.02,0.032,1139,742.8,797.8,0.034,0.007,0.008,,,
5947,5947,5947,212098866,09 08 59.073,+21 59 57.84,1,17.581,,,,09085907+2159578,5071-301-5-0157-0225,EXTENDED,gri,,3,4,-22,4,,,,,,,20.115,0.083,18.535,0.012,17.664,0.008,17.172,0.008,16.847,0.018,16.355,0.129,15.611,0.157,15.07,0.139,,,,,,,,,,,,,,,,,,,,,,,,,,,
5948,5948,5948,212098868,09 08 11.543,+21 59 57.94,1,14.967,,,560-047671,,,EXTENDED,gri,,0.1,3.8,-3.6,3.9,,,16.199,0.073,15.328,0.05,,,15.81,0.049,14.96,0.055,14.605,0.04,,,,,,,,,,,,,,,,,,,,,,,,,,,,,,,,,,,
5949,5949,5949,212098973,08 30 08.364,+22 00 06.33,1,14.664,,,561-046916,08300836+2200064,,STAR,gri,rpm,2,2.2,-8.4,2.4,,,15.738,0.07,14.917,0.044,,,15.372,0.043,14.562,0.05,14.361,0.078,,,13.16,0.025,12.716,0.024,12.596,0.023,5070,124,103,4.563,0.042,0.889,-0.057,0.2,0.28,0.793,1.748,0.056,0.852,0.115,0.064,1.664,0.327,1.599,530.4,1140,54.4,0.033,0.011,0.007,,,
5950,5950,5950,212098979,08 52 31.483,+22 00 06.53,1,10.16,,1399-1271-1,561-047875,08523148+2200066,,STAR,gri,,-51.3,1.4,-38.9,1.4,,,10.848,0.069,10.244,0.052,,,10.628,0.01,10.098,0.04,9.96,0.03,,,9.128,0.023,,,8.749,0.018,,,,,,,,,,,,,,,,,,,,,,,,,,,
5951,5951,5951,212098985,08 35 47.025,+22 00 06.99,1,19.835,,,,,6597-301-4-0228-0161,STAR,gri,,2,4,0,4,,,,,,,21.692,0.137,19.907,0.014,19.811,0.019,19.779,0.025,19.738,0.095,,,,,,,,,,,,,,,,,,,,,,,,,,,,,,,,,
5952,5952,5952,212099024,08 34 01.850,+22 00 09.24,1,11.904,,1398-1103-1,561-047111,08340185+2200093,,STAR,BV,rpm,-17.2,1.6,-18.3,1.7,,,12.265,0.219,11.917,0.215,,,,,,,,,,,10.704,0.029,10.443,0.023,10.35,0.02,6088,211,175,4.211,0.145,0.174,-0.122,0.2,0.28,1.365,0.326,0.309,1.114,0.126,0.126,0.417,0.308,0.202,365.7,81.12,78.15,0.031,0.008,0.008,,,
5953,5953,5953,212099100,08 32 08.122,+22 00 13.40,1,10.569,,1398-1107-1,561-047019,08320812+2200133,,STAR,gri,plx,0.1,1.7,-1,1.8,,,12.077,0.196,10.983,0.084,,,11.478,0.03,10.513,0.04,10.18,0.06,,,8.937,0.035,8.342,0.029,8.196,0.023,4596,73,91,2.427,0.15,0.18,-0.074,0.15,0.21,11.438,2.187,1.836,1.265,0.245,0.175,7.80E-04,5.29E-04,3.61E-04,825,380.4,380.4,0.035,0.013,0.008,,,
5954,5954,5954,212099125,09 08 11.951,+22 00 14.52,1,15.985,,,561-048427,09081194+2200145,5071-301-5-0156-0184,EXTENDED,JHK,,,,,,,,,,,,,,,,,,,,,,13.982,0.053,13.442,0.075,13.198,0.063,,,,,,,,,,,,,,,,,,,,,,,,,,,
5955,5955,5955,212099182,09 08 26.332,+22 00 18.82,1,12.455,,,561-048438,09082632+2200188,,STAR,gri,lam,12.3,1.4,-17.1,1.6,,,13.344,0.06,12.663,0.08,,,12.937,0.02,12.408,0.03,12.249,0.03,,,11.353,0.022,11.04,0.028,10.979,0.022,5817,116,140,4.277,0.125,0.25,0.076,0.12,0.08,1.208,0.459,0.18,1.066,0.08,0.067,0.55,0.38,0.321,411.9,151.5,73.22,0.032,0.007,0.007,,,
5956,5956,5956,212099192,08 35 27.347,+22 00 19.93,1,15.122,,,561-047162,08352734+2200199,6597-301-4-0227-0078,STAR,JHK,rpm,-2.3,2.1,-4.5,2.3,,,,,,,,,,,,,,,,,13.646,0.027,13.106,0.029,13.052,0.029,4880,145,145,4.605,0.035,1.477,-0.238,0.25,0.45,0.726,3.598,0.055,0.79,0.142,0.071,1.951,0.416,1.941,582.1,2958,62.1,0.032,0.008,0.007,,,
5957,5957,5957,212099230,08 32 17.657,+22 00 21.64,1,10.513,,1398-697-1,561-047027,08321766+2200217,,STAR,gri,plx,-89.3,1.6,-58.1,1.7,,,11.532,0.088,10.794,0.071,,,11.073,0.03,10.496,0.04,10.274,0.06,,,9.343,0.022,8.998,0.022,8.873,0.023,5537,88,88,4.5,0.02,0.028,0.012,0.12,0.15,0.912,0.036,0.035,0.961,0.038,0.053,1.249,0.105,0.115,118.9,6.236,6.236,0.018,0.005,0.005,,,
5958,5958,5958,212099240,09 03 19.333,+22 00 22.41,1,13.968,,,561-048260,09031933+2200223,5071-301-6-0149-0100,STAR,gri,rpm,-5.8,3.5,0.5,2.2,,,15.194,0.05,14.271,0.08,,,14.66,0.05,13.969,0.03,13.671,0.07,,,12.609,0.023,12.088,0.029,11.995,0.02,5004,98,98,3.114,1.148,0.656,-0.546,0.36,0.3,4.074,4.298,3.268,0.909,0.18,0.1,0.01,0.924,0.009,1851,1808,1452,0.032,0.01,0.006,,,
5959,5959,5959,212099281,08 52 49.998,+22 00 26.06,1,9.366,,1399-1957-1,561-047891,08525000+2200260,,STAR,gri,plx,-9.6,1.1,10.5,1.1,,,10.531,0.056,9.561,0.031,,,10.269,0.03,9.353,0.04,8.979,0.06,,,7.888,0.019,7.409,0.024,7.295,0.023,4780,77,77,2.618,0.15,0.18,-0.004,0.15,0.18,11.036,0.954,1.209,1.807,0.481,0.578,0.001,8.18E-04,5.05E-04,696.3,179.3,179.3,0.034,0.011,0.007,,,
5960,5960,5960,212099291,08 57 03.481,+22 00 26.82,1,10.129,,1400-734-1,561-048067,08570347+2200268,,STAR,gri,rpm,1.9,1.2,-10.8,1.3,,,11.325,0.099,10.38,0.058,,,10.972,0.04,10.073,0.04,9.768,0.03,,,8.562,0.02,8.017,0.031,7.881,0.021,4696,75,75,2.454,0.208,0.08,-0.113,0.12,0.15,11.148,0.797,2.087,1.317,0.263,0.197,9.09E-04,9.05E-04,1.87E-04,778.7,59.54,126.2,0.033,0.01,0.008,,,
5961,5961,5961,212099344,08 29 33.915,+22 00 30.32,1,15.326,,,561-046887,08293390+2200303,,STAR,JHK,rpm,-0.2,2.1,-1.9,2.4,,,,,,,,,,,,,,,,,13.724,0.025,13.159,0.027,13.074,0.028,4756,143,143,4.604,0.06,2.184,-0.293,0.3,0.48,0.717,8.779,0.079,0.778,0.164,0.082,1.974,0.664,1.973,583,6921,90.21,0.033,0.01,0.007,,,
5962,5962,5962,212099357,08 30 58.391,+22 00 31.11,1,18.361,,,,,4517-301-2-0109-0067,STAR,gri,,1,3,0,3,,,,,,,18.625,0.018,18.381,0.007,18.355,0.008,18.175,0.009,18.232,0.022,,,,,,,,,,,,,,,,,,,,,,,,,,,,,,,,,
5963,5963,5963,212099398,08 54 39.590,+22 00 34.36,1,14.486,,,561-047957,08543957+2200345,5045-301-4-0153-0075,STAR,JHK,col,,,,,,,,,,,,,,,,,,,,,12.432,0.021,11.79,0.021,11.633,0.018,4075,280,186,4.816,0.06,0.096,-0.13,0.2,0.24,0.452,0.102,0.061,0.509,0.12,0.075,5.116,1.706,1.888,159.3,56.98,27.71,0.022,0.007,0.006,,,
5964,5964,5964,212099430,08 54 40.455,+22 00 36.78,1,14.55,,,561-047959,08544043+2200368,5045-301-4-0153-0080,STAR,JHK,rpm,18.1,13.4,-4.2,2.9,,,,,,,,,,,,,,,,,13.206,0.022,12.745,0.021,12.688,0.023,5142,122,122,4.569,0.045,0.99,-0.282,0.25,0.4,0.776,1.798,0.072,0.842,0.081,0.098,1.689,0.342,1.64,544.1,1245,64.72,0.033,0.01,0.008,,,
5965,5965,5965,212099456,08 56 25.729,+22 00 38.13,1,11.744,,,561-048037,08562573+2200381,,STAR,gri,lam,19.1,1.6,-18.7,1,,,12.493,0.03,11.865,0.02,,,12.129,0.04,11.7,0.04,11.579,0.04,,,10.744,0.023,10.491,0.022,10.39,0.02,5882,118,142,3.918,0.12,0.06,-0.671,0.16,0.2,1.709,0.152,0.218,0.898,0.078,0.021,0.174,0.094,0.031,446.6,33.27,52.77,0.029,0.011,0.006,,,
5966,5966,5966,212099487,09 10 02.599,+22 00 40.01,1,14.117,,,561-048509,09100259+2200401,,STAR,gri,rpm,-16.5,2.4,-6.2,2.6,,,15.506,0.059,14.51,0.04,,,15.048,0.03,14.044,0.02,13.718,0.02,,,12.488,0.022,12.036,0.024,11.878,0.017,4681,93,55,4.648,0.024,0.052,-0.035,0.16,0.08,0.68,0.063,0.029,0.754,0.047,0.024,2.399,0.201,0.422,295.6,41.46,12.65,0.033,0.018,0.007,,,
5967,5967,5967,212099519,08 28 34.656,+22 00 42.35,1,19.714,,,,,6728-301-5-0124-0244,STAR,gri,,-8,5,-2,5,,,,,,,20.807,0.068,19.848,0.015,19.67,0.017,19.819,0.026,19.592,0.059,,,,,,,,,,,,,,,,,,,,,,,,,,,,,,,,,
5968,5968,5968,212099527,09 06 39.447,+22 00 43.25,1,18.203,,,,09063944+2200432,5061-301-6-0156-0121,STAR,gri,,,,,,,,,,,,21.077,0.082,18.983,0.009,18.265,0.008,17.869,0.008,18.278,0.029,15.965,0.164,,,,,,,,,,,,,,,,,,,,,,,,,,,,,,,
5969,5969,5969,212099555,08 27 18.912,+22 00 45.50,1,18.045,,,,08271891+2200454,6728-301-5-0122-0382,EXTENDED,gri,,-1,3,-1,3,,,,,,,22.703,0.607,19.427,0.017,17.976,0.008,17.453,0.008,17.134,0.016,16.597,0.125,15.533,0.117,14.906,0.091,,,,,,,,,,,,,,,,,,,,,,,,,,,
5970,5970,5970,212099626,09 06 38.320,+22 00 50.05,1,9.141,,1407-1272-1,561-048384,09063832+2200500,,STAR,gri,rpm,0.7,1.2,-4.2,1.1,,,11.031,0.091,9.614,0.035,,,10.406,0.03,9.169,0.04,8.599,0.06,,,7.105,0.052,6.318,0.049,6.181,0.026,4052,64,64,1.254,0.265,0.318,-0.315,0.25,0.3,39.913,13.189,9.913,1.146,0.258,0.184,1.43E-05,2.05E-05,9.39E-06,1170,323.3,297,0.034,0.008,0.007,,,
5971,5971,5971,212099678,09 03 52.055,+22 00 53.25,1,18.517,,,,,5071-301-6-0150-0138,EXTENDED,gri,,-16,3,-3,3,,,,,,,20.474,0.157,19.004,0.018,18.563,0.02,18.308,0.024,18.302,0.081,,,,,,,,,,,,,,,,,,,,,,,,,,,,,,,,,
5972,5972,5972,212099724,09 09 35.196,+22 00 56.09,1,11.592,,,561-048489,09093520+2200561,,STAR,gri,rpm,-5.6,1.9,-4.5,1.2,,,13.07,0.08,11.971,0.09,,,12.468,0.03,11.568,0.03,11.217,0.03,,,9.916,0.021,9.351,0.028,9.263,0.023,4664,74,74,2.418,0.28,0.24,-0.204,0.16,0.32,10.804,2.378,3.049,1.155,0.183,0.183,9.03E-04,0.002,4.75E-04,1412,315.6,333,0.034,0.011,0.007,,,
5973,5973,5973,212099744,09 08 19.783,+22 00 57.92,1,14.748,,,561-048435,09081978+2200578,,STAR,gri,lam,4.9,3.2,-60.5,3.4,,,15.854,0.07,15.003,0.06,,,15.373,0.05,14.687,0.06,14.48,0.05,,,13.292,0.026,12.813,0.033,12.729,0.03,5120,154,154,4.598,0.025,0.025,-0.266,0.12,0.15,0.732,0.038,0.043,0.776,0.054,0.045,1.97,0.215,0.194,530,45.81,50.19,0.033,0.008,0.008,,,
5974,5974,5974,212099779,08 33 42.799,+22 01 00.72,1,15.325,,,561-047097,08334281+2201010,,STAR,JHK,col,,,,,,,,,,,,,,,,,,,,,13.476,0.022,12.926,0.027,12.739,0.021,3704,151,151,4.982,0.075,0.075,-0.077,0.15,0.27,0.301,0.065,0.072,0.319,0.082,0.099,11.45,6.368,3.53,149.6,39.17,41.57,0.019,0.007,0.006,,,
5975,5975,5975,212099800,08 55 32.473,+22 01 02.39,1,17.75,,,,08553247+2201023,,STAR,J,col,,,,,,,,,,,,,,,,,,,,,16.236,0.106,15.5,0.117,15.236,0.133,3963,444,370,4.896,0.15,0.18,-0.263,0.25,0.35,0.367,0.149,0.139,0.422,0.167,0.201,7.204,9.3,3.594,748.5,465.4,329.5,0.032,0.01,0.007,,,
5976,5976,5976,212099833,08 55 10.765,+22 01 05.30,1,15.13,,,561-047982,08551077+2201054,5045-301-4-0154-0206,STAR,gri,col,,,,,,,17.46,0.13,15.974,0.064,,,16.802,0.02,15.384,0.07,14.413,0.06,,,12.613,0.026,12.024,0.024,11.806,0.018,3559,85,85,5.013,0.054,0.054,0.021,0.12,0.12,0.26,0.055,0.045,0.261,0.063,0.063,13.98,4.967,3.665,83.35,18.72,17.99,0.013,0.005,0.004,,,
5977,5977,5977,212099914,08 26 22.440,+22 01 12.03,1,11.812,,,561-046743,08262244+2201121,,STAR,gri,rpm,4.6,0.9,-6.5,1.3,,,12.977,0.041,12.06,0.03,,,12.497,0.031,11.791,0.04,11.519,0.06,,,10.474,0.022,10.006,0.022,9.929,0.019,5022,101,81,2.44,1.053,0.065,-0.539,0.32,0.2,9.579,0.944,6.327,0.978,0.229,0.057,0.001,0.037,2.40E-04,1723,133.4,1078,0.033,0.009,0.005,,,
5978,5978,5978,212099930,09 09 09.538,+22 01 12.88,1,13.11,,,561-048472,09090954+2201129,,STAR,gri,rpm,-8.8,2,1.4,2.4,,,14.39,0.08,13.411,0.09,,,13.846,0.03,13.045,0.02,12.794,0.05,,,11.622,0.022,11.184,0.031,11.09,0.023,4952,100,60,3.38,0.372,0.31,-0.183,0.2,0.2,3.544,1.219,1.379,1.139,0.182,0.218,0.027,0.118,0.017,1135,357.1,447.6,0.032,0.011,0.006,,,
5979,5979,5979,212099995,08 56 58.628,+22 01 16.99,1,12.216,,,561-048065,08565863+2201170,,STAR,gri,rpm,-0.4,1.4,1.4,1.3,,,13.436,0.02,12.457,0.02,,,12.915,0.05,12.166,0.04,11.917,0.02,,,10.778,0.019,10.278,0.017,10.177,0.016,4925,80,80,2.547,0.705,0.235,-0.498,0.25,0.25,8.455,2.487,4.555,1.044,0.192,0.115,0.001,0.015,7.68E-04,1669,599,810.2,0.034,0.01,0.007,,,
5980,5980,5980,212100050,08 29 15.116,+22 01 21.34,1,9.961,,1391-238-1,561-046874,08291512+2201214,,STAR,gri,plx,-2.4,1.5,-11.8,1.5,,,11.463,0.107,10.252,0.05,,,10.919,0.03,9.881,0.04,9.55,0.06,,,8.279,0.023,7.782,0.042,7.588,0.02,4563,73,73,2.433,0.119,0.085,0.058,0.12,0.15,11.803,1.283,0.737,1.405,0.209,0.174,8.23E-04,3.23E-04,1.99E-04,792.6,264.9,264.9,0.034,0.011,0.008,,,
5981,5981,5981,212100073,09 03 31.196,+22 01 23.04,1,10.802,,1400-2325-1,561-048268,09033119+2201230,,STAR,gri,rpm,-3.1,1.4,-8.3,1.4,,,11.11,0.087,10.628,0.082,,,11.008,0.02,10.733,0.03,10.611,0.04,,,9.944,0.023,9.691,0.024,9.624,0.019,6395,128,128,4.013,0.225,0.27,-0.093,0.15,0.24,1.767,0.911,0.454,1.334,0.276,0.197,0.188,0.238,0.118,351.6,177.9,89.14,0.029,0.007,0.007,,,
5982,5982,5982,212100088,09 07 41.072,+22 01 24.42,1,18.057,,,,09074107+2201244,,STAR,J,col,,,,,,,,,,,,,,,,,,,,,16.517,0.166,16.107,0.208,15.389,0.16,3754,688,344,4.978,0.125,0.25,-0.254,0.25,0.4,0.293,0.249,0.104,0.32,0.265,0.147,11.33,12.07,7.777,632.6,815.9,282.5,0.032,0.008,0.007,,,
5983,5983,5983,212100209,08 28 33.266,+22 01 32.75,1,17.159,,,,08283326+2201327,6728-301-5-0124-0241,EXTENDED,gri,,-8,2,-1,2,,,,,,,19.566,0.124,17.847,0.01,17.189,0.007,16.864,0.008,16.609,0.021,16.705,0.154,15.863,0.167,15.371,0.146,,,,,,,,,,,,,,,,,,,,,,,,,,,
5984,5984,5984,212100236,09 08 13.199,+22 01 34.70,1,14.229,,,561-048429,09081319+2201346,,STAR,gri,rpm,4.9,3.2,-19.1,3.5,,,15.711,0.07,14.672,0.07,,,15.161,0.04,14.187,0.03,13.83,0.04,,,12.615,0.025,12.036,0.031,11.939,0.022,4596,91,73,4.663,0.042,0.03,-0.081,0.15,0.27,0.652,0.045,0.068,0.718,0.04,0.072,2.53,0.583,0.326,297.6,25.72,34.79,0.03,0.007,0.006,,,
5985,5985,5985,212100273,09 03 30.948,+22 01 37.77,1,14.439,,,561-048266,09033094+2201376,5071-301-6-0150-0022,STAR,gri,rpm,-1,3.3,2.1,2.8,,,15.707,0.05,14.599,0.041,,,15.162,0.28,14.223,0.17,14.129,0.21,,,12.518,0.023,11.928,0.021,11.806,0.021,4653,111,111,2.433,2.034,1.695,-0.45,0.45,1.44,6.054,32.32,5.598,0.817,0.186,0.086,9.20E-04,2.863,9.17E-04,2987,14520,2736,0.032,0.01,0.008,,,
5986,5986,5986,212100304,09 00 06.527,+22 01 39.30,1,11.689,,,561-048164,09000653+2201393,,STAR,gri,lam,-0.6,2,-2.7,1.1,,,13.008,0.06,11.961,0.03,,,12.511,0.05,11.624,0.05,11.337,0.04,,,10.131,0.025,9.607,0.021,9.485,0.022,4699,94,94,2.46,0.135,0.075,-0.205,0.12,0.12,10.876,0.555,2.109,1.195,0.166,0.139,9.52E-04,6.46E-04,1.78E-04,1563,93.35,274.8,0.034,0.01,0.007,,,
5987,5987,5987,212100322,08 27 52.343,+22 01 40.45,1,12.472,,,561-046818,08275234+2201405,,STAR,gri,rpm,-9.8,0.7,-8.7,0.7,,,13.129,0.042,12.6,0.031,,,12.803,0.031,12.443,0.041,12.33,0.061,,,11.563,0.021,11.312,0.022,11.26,0.02,6204,149,149,4.165,0.168,0.168,-0.157,0.2,0.32,1.36,0.433,0.216,1.151,0.147,0.176,0.398,0.24,0.193,559.2,178.7,100.5,0.033,0.011,0.008,,,
5988,5988,5988,212100333,08 58 10.983,+22 01 41.06,1,19.099,,,,,5045-301-3-0158-0168,STAR,gri,,2,3,-3,3,,,,,,,19.515,0.028,19.272,0.011,19.041,0.012,18.803,0.013,18.732,0.042,,,,,,,,,,,,,,,,,,,,,,,,,,,,,,,,,
5989,5989,5989,212100354,08 54 41.853,+22 01 42.47,1,13.836,,,561-047961,08544183+2201424,,STAR,gri,lam,13.7,1.5,-6.5,1.7,,,14.633,0.03,13.961,0.01,,,14.225,0.01,13.799,0.01,13.67,0.03,,,12.819,0.023,12.546,0.024,12.472,0.02,5161,123,61,3.398,0.15,0.15,-0.829,0.15,0.18,3.049,0.58,0.412,0.899,0.057,0.018,0.03,0.017,0.013,1776,285.8,246.2,0.035,0.011,0.009,,,
5990,5990,5990,212100356,09 04 47.248,+22 01 42.54,1,14.751,,,561-048309,,,EXTENDED,gri,,11.6,4.7,2.9,4.9,,,16.233,0.08,15.191,0.11,,,15.668,0.05,14.783,0.04,14.358,0.06,,,,,,,,,,,,,,,,,,,,,,,,,,,,,,,,,,,
5991,5991,5991,212100370,09 08 59.275,+22 01 43.35,1,15.21,,,561-048462,09085926+2201433,,STAR,gri,rpm,2.8,3.1,1.1,3.3,,,16.551,0.17,15.644,0.11,,,16.052,0.07,15.18,0.05,14.849,0.06,,,13.636,0.024,13.07,0.03,12.979,0.03,4780,95,133,4.619,0.035,1.736,-0.143,0.2,0.36,0.7,3.942,0.057,0.772,0.099,0.07,2.148,0.376,2.139,544.8,3424,62.37,0.031,0.008,0.007,,,
5992,5992,5992,212100393,08 31 15.256,+22 01 45.64,1,13.483,,,561-046975,08311525+2201456,,STAR,gri,rpm,-2.2,1.8,-3.1,1.6,,,14.692,0.03,13.746,0.034,,,14.172,0.035,13.433,0.043,13.187,0.064,,,12.055,0.022,11.516,0.022,11.457,0.018,4926,77,97,2.784,0.606,0.505,-0.555,0.3,0.42,5.801,4.119,2.408,0.951,0.186,0.071,0.004,0.019,0.003,2199,1409,984.9,0.034,0.01,0.007,,,
5993,5993,5993,212100656,08 52 46.852,+22 02 04.38,1,17.749,,,,,5038-301-5-0051-0392,EXTENDED,gri,,4,3,-25,3,,,,,,,19.199,0.069,17.955,0.016,17.579,0.027,17.661,0.064,17.214,0.061,,,,,,,,,,,,,,,,,,,,,,,,,,,,,,,,,
5994,5994,5994,212100669,08 28 16.318,+22 02 05.59,1,16.014,,,,08281631+2202055,6728-301-5-0123-0305,EXTENDED,gri,,-11,2,4,2,,,,,,,17.822,0.023,16.576,0.005,16.016,0.004,15.773,0.005,15.562,0.012,16.264,0.13,15.514,0.15,15.451,0.157,,,,,,,,,,,,,,,,,,,,,,,,,,,
5995,5995,5995,212100670,09 03 55.416,+22 02 05.61,1,13.204,,,561-048282,09035540+2202055,,STAR,gri,rpm,0,3.7,-3.2,1.8,,,13.984,0.07,13.412,0.07,,,13.603,0.05,13.219,0.05,13.033,0.03,,,12.172,0.023,11.884,0.022,11.811,0.021,6012,142,142,4.164,0.23,0.276,-0.139,0.2,0.28,1.34,0.568,0.342,1.07,0.155,0.111,0.391,0.505,0.246,688.3,302.9,180.4,0.034,0.011,0.007,,,
5996,5996,5996,212100683,08 32 37.891,+22 02 06.51,1,17.498,,,,,4508-301-2-0103-0195,EXTENDED,gri,,-14,4,20,4,,,,,,,18.416,0.023,17.624,0.006,17.456,0.007,17.457,0.012,17.393,0.026,,,,,,,,,,,,,,,,,,,,,,,,,,,,,,,,,
5997,5997,5997,212100686,09 00 03.020,+22 02 06.60,1,17.918,,,,09000301+2202066,5038-301-3-0061-0193,EXTENDED,gri,,23,4,-3,4,,,,,,,21.019,0.124,19.191,0.014,17.885,0.008,17.372,0.008,17.019,0.018,16.331,0.099,15.57,0.102,15.1,0.11,,,,,,,,,,,,,,,,,,,,,,,,,,,
5998,5998,5998,212100727,08 34 42.419,+22 02 08.78,1,13.63,,,561-047126,08344245+2202095,,STAR,JHK,rpm,-174,8,-306,8,,,,,,,,,,,,,,,,,11.72,0.022,11.274,0.023,10.964,0.019,3444,601,429,5.067,0.126,0.126,-0.211,0.3,0.48,0.204,0.116,0.065,0.191,0.181,0.07,19.74,15.77,11.06,50.11,32.29,22.52,0.007,0.007,0.004,,,
5999,5999,5999,212100734,08 53 21.088,+22 02 09.15,1,16.424,,,,08532108+2202091,5038-301-5-0052-0153,STAR,gri,rpm,-55,3,-17,3,,,,,,,20.994,0.064,18.479,0.007,17.05,0.005,15.544,0.005,14.737,0.005,13.231,0.025,12.623,0.023,12.305,0.022,3508,83,83,5.042,0.04,0.04,-0.011,0.15,0.12,0.238,0.032,0.033,0.227,0.046,0.038,16.32,4.899,3.206,100.5,17.3,20.03,0.015,0.007,0.004,,,
6000,6000,6000,212100740,09 08 00.907,+22 02 09.45,1,18.621,,,,09080090+2202094,,STAR,J,,,,,,,,,,,,,,,,,,,,,,17.039,0.165,15.842,0.139,,,,,,,,,,,,,,,,,,,,,,,,,,,,,
6001,6001,6001,212100803,08 53 46.100,+22 02 12.90,1,19.951,,,,,5045-301-4-0152-0155,STAR,gri,,-12,4,6,4,,,,,,,20.245,0.048,19.833,0.015,19.99,0.021,20.2,0.035,20.549,0.208,,,,,,,,,,,,,,,,,,,,,,,,,,,,,,,,,
6002,6002,6002,212100805,08 27 55.457,+22 02 13.14,1,19.947,,,,,6728-301-5-0123-0266,STAR,gri,,,,,,,,,,,,20.851,0.071,20.102,0.018,19.896,0.02,20.007,0.029,19.868,0.075,,,,,,,,,,,,,,,,,,,,,,,,,,,,,,,,,
6003,6003,6003,212100831,09 04 45.488,+22 02 14.92,1,17.625,,,,09044548+2202149,,STAR,J,col,,,,,,,,,,,,,,,,,,,,,16.12,0.103,15.217,0.128,14.714,0.102,3866,409,409,4.93,0.145,0.174,-0.213,0.25,0.3,0.334,0.141,0.13,0.361,0.171,0.171,8.272,10.68,4.126,626.3,375.5,301.8,0.032,0.01,0.008,,,
6004,6004,6004,212100836,08 29 24.123,+22 02 15.30,1,18.119,,,,08292412+2202153,,STAR,J,,,,,,,,,,,,,,,,,,,,,,16.573,0.15,,,15.25,0.152,,,,,,,,,,,,,,,,,,,,,,,,,,,
6005,6005,6005,212100901,08 59 21.321,+22 02 20.23,1,12.624,,,561-048143,08592133+2202202,,STAR,gri,lam,-11.1,1.2,-7.8,1.5,,,13.374,0.04,12.75,0.02,,,13.041,0.05,12.564,0.05,12.445,0.04,,,11.577,0.023,11.303,0.024,11.208,0.019,5871,139,139,4.4,0.05,0.09,-0.005,0.1,0.1,1.062,0.119,0.078,1.046,0.072,0.051,0.84,0.208,0.214,405.6,57.32,36.54,0.031,0.008,0.007,,,
6006,6006,6006,212100921,08 56 42.864,+22 02 21.45,1,13.812,,,561-048052,08564286+2202214,,STAR,gri,rpm,1.1,1.7,-12.8,2,,,14.856,0.04,14.022,0.03,,,14.418,0.05,13.764,0.03,13.552,0.02,,,12.514,0.022,12.104,0.026,11.983,0.018,5278,124,124,4.541,0.05,0.94,-0.24,0.25,0.5,0.824,1.664,0.086,0.872,0.058,0.082,1.534,0.353,1.473,431.6,813.8,54.83,0.032,0.007,0.006,,,
6007,6007,6007,212100938,09 06 38.832,+22 02 22.47,1,16.519,,,,09063883+2202224,5038-301-2-0070-0244,STAR,gri,rpm,-36,3,-11,3,,,,,,,21.124,0.072,18.431,0.007,16.995,0.005,15.7,0.005,14.98,0.005,13.6,0.025,12.95,0.032,12.75,0.025,3646,105,105,5.021,0.05,0.05,-0.102,0.12,0.18,0.262,0.049,0.042,0.278,0.058,0.058,14.1,4.275,3.28,140,25.55,31.12,0.019,0.009,0.005,,,
6008,6008,6008,212100950,08 28 36.167,+22 02 23.17,1,17.667,,,,08283616+2202231,6728-301-5-0124-0252,EXTENDED,gri,,-4,3,1,3,,,,,,,19.87,0.064,18.696,0.012,17.63,0.007,17.226,0.007,16.826,0.015,16.23,0.101,15.296,0.107,14.588,0.083,,,,,,,,,,,,,,,,,,,,,,,,,,,
6009,6009,6009,212100952,08 55 45.340,+22 02 23.39,1,17.414,,,,08554534+2202233,5038-301-4-0055-0037,EXTENDED,gri,,8,0,6,17,,,,,,,19.336,0.04,18.136,0.007,17.507,0.007,17.104,0.007,16.959,0.022,16.376,0.109,15.988,0.187,15.237,0.158,,,,,,,,,,,,,,,,,,,,,,,,,,,
6010,6010,6010,212100954,09 08 03.593,+22 02 23.61,1,11.583,,,561-048422,09080358+2202235,,STAR,gri,lam,-41.3,1.3,-16.2,1.5,,,12.768,0.06,11.918,0.07,,,12.296,0.03,11.563,0.03,11.277,0.04,,,10.168,0.022,9.704,0.031,9.609,0.023,5207,156,156,4.569,0.03,0.036,-0.064,0.12,0.12,0.795,0.047,0.044,0.862,0.053,0.053,1.682,0.227,0.237,139.1,13.42,12.24,0.02,0.006,0.005,,,
6011,6011,6011,212100988,08 51 55.007,+22 02 26.50,1,14.709,,,561-047857,08515500+2202265,,STAR,gri,rpm,-19.2,2.2,-22.6,2.4,,,15.912,0.08,15.011,0.03,,,15.435,0.02,14.686,0.02,14.398,0.05,,,13.144,0.025,12.639,0.023,12.54,0.021,4976,79,59,4.622,0.036,0.03,-0.321,0.2,0.24,0.69,0.048,0.053,0.738,0.056,0.068,2.173,0.422,0.306,452,36.81,46.92,0.033,0.008,0.007,,,
6012,6012,6012,212101009,08 28 35.297,+22 02 28.11,1,17.205,,,,08283529+2202281,6728-301-5-0124-0251,EXTENDED,gri,,4,3,1,3,,,,,,,20.153,0.096,18.382,0.011,17.127,0.006,16.701,0.006,16.273,0.012,15.775,0.074,15.086,0.089,14.524,0.075,,,,,,,,,,,,,,,,,,,,,,,,,,,
6013,6013,6013,212101020,09 04 29.166,+22 02 28.55,1,18.005,,,,09042916+2202285,5038-301-2-0067-0304,EXTENDED,gri,,3,3,-2,3,,,,,,,21.155,0.132,19.092,0.013,18.069,0.009,17.539,0.008,17.111,0.018,16.241,0.098,15.467,0.09,14.889,0.099,,,,,,,,,,,,,,,,,,,,,,,,,,,
6014,6014,6014,212101116,08 57 54.049,+22 02 35.02,1,13.874,,,561-048093,08575405+2202350,,STAR,gri,lam,1,1.8,-7.3,2.2,,,14.7,0.03,14.031,0.01,,,14.319,0.04,13.838,0.03,13.683,0.06,,,12.808,0.021,12.509,0.024,12.43,0.018,5850,102,171,4.251,0.16,0.192,-0.004,0.12,0.12,1.237,0.349,0.232,1.035,0.093,0.062,0.479,0.451,0.232,831.6,240.7,158.8,0.033,0.011,0.007,,,
6015,6015,6015,212101149,08 54 37.955,+22 02 37.04,1,12.709,,,561-047954,08543793+2202370,,STAR,gri,lam,-19.8,0.9,-3.3,1.6,,,13.352,0.03,12.784,0.01,,,13.008,0.01,12.642,0.02,12.581,0.062,,,11.779,0.022,11.549,0.021,11.485,0.018,6147,148,123,4.134,0.138,0.115,-0.278,0.15,0.12,1.458,0.268,0.226,1.091,0.113,0.113,0.347,0.208,0.13,630.3,108.5,109.4,0.033,0.01,0.008,,,
6016,6016,6016,212101228,08 56 09.254,+22 02 41.50,1,17.019,,,,08560925+2202414,5038-301-4-0056-0194,EXTENDED,gri,,0,3,-4,3,,,,,,,19.99,0.055,18.035,0.007,17.044,0.005,16.584,0.005,16.215,0.011,15.383,0.056,14.611,0.06,14.329,0.071,,,,,,,,,,,,,,,,,,,,,,,,,,,
6017,6017,6017,212101230,08 27 30.737,+22 02 41.58,1,16.631,,,,08273073+2202415,,STAR,J,rpm,8,2,4,2,,,,,,,,,,,,,,,,,15.195,0.061,14.549,0.064,14.177,0.063,3864,441,276,4.884,0.12,0.144,-0.091,0.18,0.24,0.381,0.145,0.122,0.418,0.158,0.158,7.264,6.419,3.408,457,265.7,168,0.031,0.011,0.008,,,
6018,6018,6018,212101251,08 59 18.422,+22 02 43.61,1,17.186,,,,08591842+2202436,5045-301-3-0160-0194,EXTENDED,gri,,0,3,5,3,,,,,,,19.104,0.042,17.794,0.007,17.279,0.007,16.925,0.007,16.708,0.02,16.741,0.13,15.764,0.13,15.083,0.104,,,,,,,,,,,,,,,,,,,,,,,,,,,
6019,6019,6019,212101260,09 00 28.535,+22 02 44.78,1,15.048,,,561-048174,09002853+2202446,5038-301-3-0062-0039,STAR,gri,rpm,-6.7,3.1,-1.1,3.3,,,16.204,0.06,15.322,0.05,,,15.74,0.05,14.98,0.03,14.752,0.13,,,13.563,0.026,13.082,0.028,12.941,0.022,5027,100,100,4.578,0.035,1.176,-0.235,0.25,0.35,0.767,2.442,0.063,0.825,0.114,0.081,1.779,0.311,1.749,615.3,1917,64.39,0.034,0.01,0.008,,,
6020,6020,6020,212101272,08 51 27.989,+22 02 45.24,1,12.955,,,561-047837,08512798+2202452,,STAR,gri,lam,8.2,1,-4.7,1.3,,,13.816,0.06,13.116,0.01,,,13.417,0.02,12.905,0.01,12.757,0.03,,,11.777,0.023,11.436,0.021,11.346,0.022,5639,200,133,4.508,0.04,0.08,-0.303,0.15,0.15,0.868,0.104,0.08,0.879,0.066,0.066,1.343,0.286,0.338,348.8,50.57,37.21,0.029,0.01,0.007,,,
6021,6021,6021,212101279,08 32 01.885,+22 02 45.70,1,19.187,,,,,4517-301-2-0111-0259,STAR,gri,,5,3,-1,3,,,,,,,19.316,0.027,19.198,0.011,19.183,0.014,18.896,0.013,18.942,0.038,,,,,,,,,,,,,,,,,,,,,,,,,,,,,,,,,
6022,6022,6022,212101298,08 55 51.350,+22 02 46.84,1,16.607,,,,08555134+2202468,5038-301-4-0055-0059,EXTENDED,gri,,6,3,-3,3,,,,,,,18.976,0.039,17.432,0.006,16.674,0.005,16.253,0.005,15.982,0.014,15.873,0.085,15.306,0.127,14.842,0.112,,,,,,,,,,,,,,,,,,,,,,,,,,,
6023,6023,6023,212101306,08 50 59.762,+22 02 47.55,1,14.381,,,561-047811,08505975+2202476,,STAR,gri,lam,-3,2,-1.1,2.1,,,15.704,0.07,14.674,0.04,,,15.13,0.02,14.334,0.03,14.06,0.04,,,12.858,0.022,12.358,0.021,12.239,0.022,4882,78,78,3.392,0.135,0.135,-0.132,0.1,0.12,3.51,0.585,0.502,1.144,0.132,0.132,0.025,0.014,0.009,1942,356.4,301.2,0.035,0.01,0.008,,,
6024,6024,6024,212101360,08 31 21.723,+22 02 51.30,1,10.477,41801,1391-135-1,561-046982,08312172+2202512,,STAR,gri,plx,-29.08,2.53,-6.57,1.56,4.69,2.05,11.21,0.066,10.537,0.05,,,10.87,0.03,10.451,0.04,10.309,0.06,,,9.557,0.023,9.282,0.021,9.231,0.019,5955,95,95,4.413,0.03,0.042,-0.144,0.15,0.24,1.037,0.034,0.039,1.028,0.063,0.101,0.903,0.087,0.094,158.4,5.983,5.983,0.02,0.006,0.005,,,
6025,6025,6025,212101380,08 30 28.222,+22 02 52.93,1,8.977,,1391-245-1,561-046939,08302821+2202530,,STAR,gri,plx,-6.1,1,-11.1,0.9,,,10.393,0.047,9.079,0.02,,,10.365,0.03,9.092,0.04,8.383,0.06,,,6.845,0.018,6.19,0.027,6.036,0.021,4191,50,84,1.898,0.252,0.21,0.187,0.06,0.12,22.329,4.467,7.288,1.257,0.31,0.04,1.27E-04,1.92E-04,6.94E-05,473.8,67.36,67.36,0.043,0.007,0.014,,,
6026,6026,6026,212101406,09 05 58.192,+22 02 54.77,1,14.607,,,561-048356,09055818+2202547,5038-301-2-0069-0077,STAR,gri,rpm,-8.2,2.8,-21,3.2,,,15.603,0.02,14.83,0.05,,,15.177,0.05,14.582,0.05,14.363,0.04,,,13.283,0.026,12.874,0.032,12.777,0.029,5325,158,126,4.557,0.04,0.064,-0.265,0.2,0.32,0.783,0.105,0.067,0.825,0.076,0.076,1.653,0.312,0.399,591.2,98.94,61.86,0.033,0.008,0.007,,,
6027,6027,6027,212101413,08 35 21.504,+22 02 55.24,1,17.963,,,,,6597-301-4-0227-0222,STAR,gri,,-2,3,0,3,,,,,,,19.405,0.028,18.147,0.006,17.902,0.007,17.82,0.008,17.82,0.021,,,,,,,,,,,,,,,,,,,,,,,,,,,,,,,,,
6028,6028,6028,212101462,09 06 01.518,+22 02 59.01,1,18.33,,,,,5038-301-2-0069-0089,STAR,gri,,1,3,9,3,,,,,,,18.676,0.016,18.225,0.007,18.365,0.008,18.516,0.01,18.751,0.032,,,,,,,,,,,,,,,,,,,,,,,,,,,,,,,,,
6029,6029,6029,212101526,08 28 46.140,+22 03 03.66,1,18.335,,,,,6728-301-5-0124-0069,STAR,gri,,,,,,,,,,,,22.483,0.279,19.726,0.017,18.308,0.009,17.739,0.008,16.872,0.01,,,,,,,,,,,,,,,,,,,,,,,,,,,,,,,,,
6030,6030,6030,212101678,08 28 46.119,+22 03 12.47,1,13.639,,,561-046854,,,STAR,gri,,4.1,3,-8.5,3.4,,,15.052,0.04,14.025,0.036,,,14.517,0.036,13.7,0.044,13.263,0.065,,,,,,,,,,,,,,,,,,,,,,,,,,,,,,,,,,,
6031,6031,6031,212101699,08 34 16.723,+22 03 14.04,1,13.944,,,561-047115,08341672+2203141,,STAR,JHK,rpm,-2.8,1.9,-5.9,2.6,,,,,,,,,,,,,,,,,12.437,0.029,11.954,0.023,11.828,0.022,4997,140,100,3.379,0.456,0.912,-0.375,0.3,0.48,3.168,5.164,1.214,0.975,0.206,0.129,0.023,0.062,0.022,1485,2249,972.6,0.033,0.011,0.007,,,
6032,6032,6032,212101701,09 04 53.503,+22 03 14.12,1,14.733,,,561-048316,09045349+2203141,5038-301-2-0068-0124,STAR,gri,lam,-0.6,3.1,-0.2,3.4,,,15.964,0.1,15.034,0.03,,,15.417,0.06,14.72,0.05,14.44,0.04,,,13.296,0.025,12.843,0.03,12.71,0.023,4949,59,79,3.058,0.144,0.168,-0.611,0.12,0.12,4.703,1.014,0.641,0.943,0.023,0.04,0.009,0.005,0.004,3218,611.8,434.5,0.031,0.007,0.006,,,
6033,6033,6033,212101725,09 07 17.789,+22 03 15.80,1,15.699,,,,09071778+2203157,,STAR,JHK,col,,,,,,,,,,,,,,,,,,,,,13.337,0.026,12.689,0.03,12.443,0.025,3752,218,218,4.942,0.108,0.09,-0.1,0.2,0.24,0.332,0.091,0.095,0.351,0.112,0.135,9.164,8.019,3.315,154.9,55.51,54.02,0.021,0.008,0.007,,,
6034,6034,6034,212101750,09 05 59.493,+22 03 17.48,1,15.307,,,561-048358,09055948+2203174,5038-301-2-0069-0087,STAR,gri,rpm,-3.5,3.1,-4.5,3.6,,,16.261,0.08,15.638,0.16,,,15.878,0.05,15.302,0.04,15.062,0.06,,,14.226,0.031,13.812,0.039,13.687,0.04,5372,192,160,4.531,0.05,0.78,-0.326,0.25,0.45,0.814,1.254,0.082,0.846,0.07,0.084,1.495,0.366,1.396,971.1,1450,129.2,0.034,0.008,0.007,,,
6035,6035,6035,212101780,08 54 34.340,+22 03 19.66,1,14.518,,,561-047952,08543432+2203196,5045-301-4-0153-0083,STAR,gri,rpm,-4.7,4.1,2.4,1.6,,,15.66,0.05,14.8,0.02,,,15.178,0.01,14.475,0.03,14.235,0.04,,,13.17,0.023,12.769,0.021,12.618,0.029,5228,84,105,4.533,0.045,0.819,-0.057,0.2,0.32,0.847,1.606,0.078,0.899,0.164,0.075,1.459,0.316,1.382,604,1103,73.55,0.036,0.008,0.007,,,
6036,6036,6036,212101840,09 05 53.059,+22 03 23.29,1,16.2,,,561-048352,09055306+2203235,5038-301-2-0069-0075,STAR,BV,,-1,4,-1.2,4.1,,,16.102,0.07,16.087,0.06,,,15.962,0.11,,,,,,,16.073,0.081,15.798,0.167,,,,,,,,,,,,,,,,,,,,,,,,,,,,,
6037,6037,6037,212101914,09 04 43.142,+22 03 28.09,1,13.547,,,561-048305,09044312+2203281,,STAR,gri,lam,72.2,4.6,-43.7,2.3,,,15.229,0.09,14.081,0.07,,,14.669,0.09,13.555,0.04,13.066,0.05,,,11.757,0.023,11.074,0.025,10.983,0.018,4233,125,125,4.784,0.064,0.04,-0.318,0.15,0.12,0.5,0.043,0.065,0.56,0.041,0.066,4.356,1.52,0.716,138.3,17.96,21.73,0.019,0.005,0.006,,,
6038,6038,6038,212101991,08 56 15.406,+22 03 33.00,1,19.93,,,,,5038-301-4-0056-0226,STAR,gri,,2,4,-3,4,,,,,,,21.596,0.113,20.022,0.015,19.9,0.019,19.869,0.025,19.939,0.104,,,,,,,,,,,,,,,,,,,,,,,,,,,,,,,,,
6039,6039,6039,212102004,08 56 30.340,+22 03 33.67,1,16.838,,,,08563033+2203336,5038-301-4-0056-0250,EXTENDED,gri,,5,3,1,3,,,,,,,19.412,0.056,17.737,0.007,16.88,0.006,16.453,0.006,16.091,0.015,16.109,0.107,15.389,0.17,15.048,0.118,,,,,,,,,,,,,,,,,,,,,,,,,,,
6040,6040,6040,212102056,09 07 41.965,+22 03 36.62,1,12.697,,,561-048409,09074196+2203366,,STAR,gri,rpm,35,8.4,-29.3,8.7,,,14.472,0.07,13.243,0.09,,,13.885,0.05,12.654,0.04,12.188,0.04,,,10.847,0.021,10.209,0.028,10.099,0.023,4129,67,67,4.783,0.02,0.036,0.017,0.1,0.24,0.511,0.041,0.017,0.577,0.045,0.022,4.31,0.259,0.642,91.88,9.097,8.277,0.016,0.002,0.001,,,
6041,6041,6041,212102078,08 59 43.062,+22 03 37.99,1,16.44,,,,08594306+2203379,5045-301-3-0161-0096,EXTENDED,gri,,2,3,2,3,,,,,,,19.317,0.051,17.405,0.006,16.476,0.004,16.027,0.004,15.7,0.01,15.295,0.058,14.611,0.066,14.297,0.073,,,,,,,,,,,,,,,,,,,,,,,,,,,
6042,6042,6042,212102092,08 33 34.083,+22 03 38.96,1,14.613,,,561-047093,08333408+2203390,4508-301-2-0104-0115,STAR,JHK,rpm,0.5,1.5,-5.7,1.7,,,,,,,,,,,,,,,,,13.515,0.025,13.231,0.025,13.187,0.027,6042,179,179,4.272,0.144,0.216,-0.281,0.25,0.3,1.195,0.322,0.187,1,0.108,0.108,0.556,0.315,0.285,1158,310.5,208,0.033,0.011,0.007,,,
6043,6043,6043,212102094,09 08 31.853,+22 03 39.20,1,12.958,,,561-048442,09083184+2203392,,STAR,gri,rpm,0,1.8,-21.2,2.4,,,14.168,0.09,13.273,0.08,,,13.653,0.04,12.912,0.03,12.661,0.06,,,11.587,0.023,11.148,0.03,11.065,0.023,5078,153,92,4.545,0.054,0.873,-0.068,0.16,0.44,0.807,1.894,0.086,0.87,0.209,0.104,1.545,0.356,1.484,269.8,605.3,41.74,0.029,0.006,0.007,,,
6044,6044,6044,212102125,08 50 32.791,+22 03 41.08,1,18.133,,,,08503279+2203410,,STAR,JHK,col,,,,,,,,,,,,,,,,,,,,,15.891,0.099,15.504,0.157,15.036,0.13,3962,1282,512,4.873,0.198,0.297,-0.263,0.25,0.45,0.377,0.329,0.176,0.417,0.326,0.245,6.77,9.849,5.161,634.9,1008,313,0.031,0.01,0.008,,,
6045,6045,6045,212102134,09 04 04.777,+22 03 41.57,1,14.753,,,,09040477+2203415,5071-301-6-0151-0218,EXTENDED,gri,,1,2,-5,2,,,,,,,16.209,0.01,15.172,0.003,14.762,0.003,14.573,0.003,14.411,0.007,15.974,0.126,,,,,,,,,,,,,,,,,,,,,,,,,,,,,,,
6046,6046,6046,212102165,08 35 43.419,+22 03 44.00,1,12.059,,,561-047170,08354341+2203439,,STAR,JHK,rpm,-11.9,0.8,6.6,1,,,,,,,,,,,,,,,,,10.628,0.025,10.152,0.023,10.057,0.02,5028,121,121,3.153,0.32,0.768,-0.522,0.3,0.36,4.107,5.389,1.239,0.983,0.219,0.101,0.012,0.021,0.011,852.4,1006,236.3,0.032,0.008,0.007,,,
6047,6047,6047,212102181,08 32 11.771,+22 03 45.15,1,14.495,,,561-047021,08321176+2203454,4517-301-2-0111-0102,STAR,JHK,col,,,,,,,,,,,,,,,,,,,,,12.438,0.022,11.82,0.022,11.638,0.021,3888,214,153,4.892,0.077,0.066,-0.088,0.2,0.32,0.386,0.059,0.079,0.431,0.072,0.101,7.131,3.2,1.659,129.2,31.06,28.71,0.018,0.008,0.005,,,
6048,6048,6048,212102189,08 30 27.241,+22 03 45.60,1,17.133,,,,08302724+2203456,,STAR,J,col,,,,,,,,,,,,,,,,,,,,,15.662,0.057,14.806,0.053,14.458,0.085,4078,189,227,4.794,0.104,0.065,-0.122,0.16,0.28,0.472,0.071,0.106,0.539,0.077,0.123,4.635,2.848,1.199,744.5,188.5,201.7,0.033,0.013,0.009,,,
6049,6049,6049,212102222,08 56 10.462,+22 03 47.83,1,17.271,,,,08561046+2203478,5038-301-4-0056-0205,STAR,gri,col,,,,,,,,,,,20.852,0.066,18.44,0.007,17.256,0.005,16.77,0.006,16.469,0.009,15.263,0.042,14.72,0.051,14.492,0.076,4157,48,64,4.857,0.144,0.09,-0.447,0.35,0.42,0.413,0.093,0.126,0.459,0.125,0.146,5.845,5.499,1.983,554.1,146.7,155.3,0.032,0.008,0.007,,,
6050,6050,6050,212102231,08 28 51.570,+22 03 48.61,1,12.799,,,561-046855,08285157+2203486,,STAR,gri,rpm,16.2,1.6,-11.3,3.7,,,14.214,0.02,13.149,0.032,,,13.689,0.033,12.729,0.041,12.418,0.061,,,11.192,0.022,10.64,0.024,10.508,0.017,4691,93,75,4.636,0.02,1.113,0.062,0.08,0.12,0.702,2.253,0.03,0.781,0.277,0.037,2.243,0.135,2.202,172.7,570,13.73,0.024,0.011,0.002,,,
6051,6051,6051,212102290,08 28 44.781,+22 03 52.43,1,17,,,,08284478+2203524,6728-301-5-0124-0086,EXTENDED,gri,,0,2,7,2,,,,,,,18.779,0.031,17.576,0.006,17.071,0.005,16.753,0.006,16.488,0.013,15.992,0.114,15.567,0.166,15.351,0.191,,,,,,,,,,,,,,,,,,,,,,,,,,,
6052,6052,6052,212102425,09 02 46.624,+22 04 01.85,1,11.014,,1400-2268-1,561-048245,09024663+2204020,,STAR,gri,rpm,11.5,1.6,-55.3,1.6,,,11.661,0.12,11.195,0.13,,,11.385,0.05,11.018,0.03,10.855,0.03,,,10.056,0.022,9.815,0.022,9.719,0.022,6100,125,125,4.266,0.1,0.18,-0.287,0.25,0.3,1.198,0.275,0.145,1.008,0.115,0.115,0.532,0.273,0.246,239.1,55.88,29.41,0.027,0.008,0.006,,,
6053,6053,6053,212102435,08 59 16.206,+22 04 02.30,1,18.848,,,,,5045-301-3-0160-0202,STAR,gri,,2,3,1,3,,,,,,,19.748,0.034,18.948,0.009,18.815,0.01,18.775,0.012,18.669,0.038,,,,,,,,,,,,,,,,,,,,,,,,,,,,,,,,,
6054,6054,6054,212102437,09 07 49.343,+22 04 02.38,1,17.592,,,,09074934+2204023,5061-301-6-0158-0220,STAR,gri,rpm,-100,3,-133,3,,,,,,,21.653,0.119,19.315,0.01,17.865,0.007,16.854,0.006,16.305,0.008,14.998,0.038,14.462,0.054,14.218,0.067,3448,104,104,5.123,0.054,0.054,-0.206,0.25,0.3,0.182,0.032,0.023,0.166,0.032,0.023,25.33,8.063,6.116,106,37.66,27.79,0.014,0.005,0.004,,,
6055,6055,6055,212102471,08 56 34.811,+22 04 05.35,1,13.287,,,561-048042,08563481+2204053,,STAR,gri,lam,0.9,2,1.3,2.2,,,14.625,0.04,13.578,0.01,,,14.074,0.05,13.247,0.04,12.95,0.03,,,11.764,0.022,11.241,0.021,11.103,0.017,4762,75,75,2.955,0.12,0.12,-0.193,0.1,0.08,5.726,1.07,0.762,1.139,0.162,0.162,0.006,0.003,0.002,1846,351,249.2,0.035,0.007,0.007,,,
6056,6056,6056,212102496,09 05 31.037,+22 04 06.57,1,11.424,,1407-887-1,561-048343,09053103+2204067,,STAR,gri,rpm,7.1,1.5,-14.8,1.7,,,12.251,0.26,11.455,0.153,,,11.761,0.05,11.422,0.04,11.279,0.04,,,10.502,0.022,10.232,0.027,10.212,0.021,6132,171,122,4.163,0.17,0.238,-0.134,0.15,0.24,1.4,0.591,0.249,1.132,0.22,0.157,0.364,0.283,0.219,356.9,151.4,70.77,0.029,0.008,0.006,,,
6057,6057,6057,212102503,08 50 33.744,+22 04 07.01,1,15.506,,,561-047797,08503374+2204069,5045-301-5-0148-0027,STAR,gri,rpm,0.7,2.2,-3.2,2.3,,,16.821,0.01,15.88,0.13,,,16.337,0.04,15.491,0.01,15.15,0.01,,,13.923,0.024,13.378,0.028,13.29,0.025,4741,92,111,4.625,0.05,3.32,-0.412,0.3,1.44,0.693,32.844,0.081,0.753,0.048,0.095,2.118,0.674,2.118,609.9,26760,90.79,0.033,0.012,0.006,,,
6058,6058,6058,212102526,08 55 52.875,+22 04 09.12,1,17.344,,,,08555287+2204091,5045-301-4-0155-0241,EXTENDED,gri,,0,3,4,3,,,,,,,20.014,0.067,18.236,0.008,17.362,0.006,16.962,0.006,16.66,0.015,16.073,0.094,15.095,0.086,14.848,0.106,,,,,,,,,,,,,,,,,,,,,,,,,,,
6059,6059,6059,212102543,08 27 28.541,+22 04 10.55,1,19.334,,,,,4508-301-4-0096-0484,EXTENDED,gri,,11,4,-1,4,,,,,,,21.063,0.149,19.997,0.024,19.384,0.022,19.05,0.022,18.847,0.072,,,,,,,,,,,,,,,,,,,,,,,,,,,,,,,,,
6060,6060,6060,212102562,09 09 13.133,+22 04 11.80,1,12.798,,,561-048474,09091314+2204118,,STAR,gri,rpm,-2.4,2.1,-3.9,1.9,,,13.686,0.07,13.028,0.08,,,13.275,0.03,12.776,0.02,12.593,0.03,,,11.744,0.024,11.4,0.028,11.388,0.024,5668,137,114,4.322,0.162,0.594,-0.14,0.15,0.63,1.076,1.184,0.169,0.973,0.105,0.075,0.722,0.422,0.635,439.9,437.9,82.34,0.03,0.008,0.007,,,
6061,6061,6061,212102748,08 31 44.850,+22 04 24.83,1,18.788,,,,08314485+2204248,,STAR,JHK,rpm,12,6,16,4,,,,,,,,,,,,,,,,,16.269,0.107,15.526,0.131,15.304,0.152,3845,454,284,4.934,0.11,0.154,-0.263,0.25,0.35,0.324,0.128,0.092,0.368,0.17,0.142,8.348,6.843,3.76,648.9,372.4,236.6,0.033,0.008,0.007,,,
6062,6062,6062,212102753,08 57 50.030,+22 04 25.33,1,14.573,,,561-048091,08575002+2204254,5038-301-4-0058-0096,STAR,gri,rpm,-3.9,3.2,0.7,3.4,,,15.683,0.05,14.894,0.04,,,15.265,0.04,14.563,0.03,14.276,0.01,,,13.279,0.021,12.783,0.023,12.743,0.024,4997,98,79,3.144,1.17,0.585,-0.587,0.3,0.3,3.47,2.977,2.582,0.911,0.082,0.099,0.014,0.668,0.012,2495,2173,1866,0.034,0.013,0.006,,,
6063,6063,6063,212102842,09 04 35.200,+22 04 31.54,1,19.013,,,,09043519+2204315,,STAR,JHK,rpm,4,0,4,6,,,,,,,,,,,,,,,,,16.206,0.1,15.401,0.097,15.048,0.114,4062,324,324,4.824,0.132,0.11,-0.185,0.2,0.28,0.442,0.113,0.135,0.495,0.115,0.161,5.353,5.181,2.052,859.7,340.8,321,0.033,0.01,0.007,,,
6064,6064,6064,212102880,09 05 55.562,+22 04 34.37,1,17.614,,,,09055556+2204343,,EXTENDED,J,,,,,,,,,,,,,,,,,,,,,,16.11,0.116,15.565,0.174,14.96,0.135,,,,,,,,,,,,,,,,,,,,,,,,,,,
6065,6065,6065,212102911,08 27 21.437,+22 04 36.72,1,15.229,,,561-046789,08272144+2204367,4508-301-4-0096-0145,STAR,JHK,rpm,-0.5,3,-1.6,3.5,,,,,,,,,,,,,,,,,13.642,0.022,13.056,0.023,12.998,0.025,4694,141,112,4.624,0.045,1.935,-0.138,0.25,0.45,0.697,6.403,0.061,0.763,0.092,0.066,2.144,0.434,2.142,532.5,5121,65.49,0.031,0.007,0.007,,,
6066,6066,6066,212102975,09 09 33.600,+22 04 42.01,1,14.598,,,561-048487,09093360+2204421,,STAR,gri,col,,,,,,,16.354,0.14,15.259,0.12,,,15.87,0.11,14.645,0.07,14.053,0.072,,,12.603,0.022,11.931,0.028,11.828,0.023,4111,145,121,4.784,0.045,0.054,-0.025,0.15,0.21,0.493,0.065,0.049,0.555,0.063,0.052,4.462,1.027,0.982,193.4,33.61,24.17,0.024,0.006,0.006,,,
6067,6067,6067,212103007,08 27 24.936,+22 04 43.94,1,16.445,,,,08272493+2204439,4508-301-4-0096-0314,STAR,gri,rpm,10,3,-61,3,,,,,,,20.986,0.075,18.31,0.007,16.845,0.005,15.646,0.005,15.002,0.006,13.672,0.025,13.047,0.026,12.861,0.023,3570,152,121,5.048,0.042,0.035,-0.108,0.15,0.24,0.238,0.03,0.031,0.23,0.043,0.036,17.08,4.226,3.388,125.1,20.93,20.66,0.019,0.006,0.004,,,
6068,6068,6068,212103013,08 27 45.425,+22 04 44.43,1,13.774,,,561-046811,08274542+2204446,,STAR,gri,rpm,-5.5,1.6,-4.2,2.7,,,14.989,0.03,14.036,0.036,,,14.414,0.036,13.756,0.044,13.5,0.067,,,12.423,0.021,11.954,0.023,11.865,0.02,5123,82,103,3.406,0.305,0.915,-0.575,0.3,0.48,3.047,5.125,0.73,0.931,0.183,0.07,0.026,0.043,0.025,1515,2416,393.9,0.033,0.01,0.007,,,
6069,6069,6069,212103027,08 31 02.665,+22 04 45.21,1,12.575,,,561-046965,08310266+2204452,,STAR,gri,rpm,-1.2,0.9,-6.3,1.1,,,13.532,0.043,12.786,0.031,,,13.134,0.031,12.546,0.041,12.335,0.061,,,11.351,0.022,10.977,0.021,10.918,0.018,5458,132,132,3.833,0.67,1.072,-0.177,0.2,0.72,1.797,4.184,1.036,0.991,0.342,0.101,0.114,1.138,0.112,555.3,1023,322.7,0.032,0.007,0.007,,,
6070,6070,6070,212103088,08 33 13.101,+22 04 49.36,1,13.085,,,561-047076,08331309+2204494,,STAR,JHK,rpm,-9.4,1.2,-5,1.4,,,,,,,,,,,,,,,,,11.714,0.022,11.248,0.021,11.178,0.02,5086,121,101,3.331,0.9,0.75,-0.518,0.45,0.45,2.915,3.274,2.041,0.918,0.233,0.053,0.019,0.646,0.018,1144,1330,690.5,0.032,0.011,0.006,,,
6071,6071,6071,212103101,08 58 40.346,+22 04 50.28,1,12.23,,1400-1356-1,561-048123,08584034+2204504,,STAR,gri,lam,-6,2.2,-14.4,2.3,,,13.219,0.427,12.413,0.262,,,12.616,0.05,12.191,0.04,12.065,0.04,,,11.215,0.023,10.951,0.02,10.869,0.022,5963,120,120,4.362,0.07,0.14,-0.154,0.12,0.12,1.09,0.197,0.096,1.013,0.087,0.073,0.755,0.218,0.277,358.4,70.91,38.24,0.031,0.007,0.006,,,
6072,6072,6072,212103103,08 34 57.435,+22 04 50.46,1,10.628,,1398-854-1,561-047140,08345743+2204506,,STAR,BV,rpm,-10.4,1.6,6.6,1.7,,,11.894,0.182,10.82,0.082,,,,,,,,,,,9.06,0.026,8.485,0.026,8.37,0.027,4682,111,111,2.447,0.275,0.15,-0.188,0.2,0.32,10.868,1.541,2.893,1.187,0.22,0.183,9.31E-04,0.001,3.49E-04,950.6,101.4,234.8,0.033,0.01,0.007,,,
6073,6073,6073,212103116,08 33 10.417,+22 04 51.15,1,13.034,,,561-047074,08331041+2204512,,STAR,JHK,rpm,-2.4,1.1,-3.1,1.4,,,,,,,,,,,,,,,,,11.329,0.022,10.759,0.021,10.64,0.02,4741,92,111,2.602,0.384,0.288,-0.308,0.25,0.4,8.328,3.036,2.938,1.068,0.169,0.169,0.002,0.005,0.001,2142,668.7,677.7,0.037,0.013,0.009,,,
6074,6074,6074,212103118,09 09 48.739,+22 04 51.27,1,14.894,,,561-048498,09094873+2204513,,STAR,gri,rpm,5.6,2.4,-6.4,2.6,,,16.087,0.06,15.186,0.048,,,15.595,0.046,14.771,0.052,14.594,0.082,,,12.976,0.022,12.466,0.022,12.419,0.022,4957,78,98,4.585,0.035,1.323,-0.11,0.15,0.33,0.767,3.538,0.059,0.832,0.182,0.07,1.767,0.377,1.753,459.6,1798,48.09,0.03,0.008,0.008,,,
6075,6075,6075,212103128,08 32 51.846,+22 04 51.91,1,12.739,,,561-047060,08325183+2204518,,STAR,gri,rpm,-0.9,1,9.6,1.4,,,13.921,0.02,13,0.032,,,13.453,0.032,12.701,0.041,12.433,0.061,,,11.339,0.023,10.876,0.024,10.799,0.023,5001,101,81,3.404,0.294,0.882,-0.308,0.25,0.35,3.379,5.208,1.052,1.038,0.231,0.165,0.028,0.05,0.026,962.5,1292,294.2,0.033,0.008,0.008,,,
6076,6076,6076,212103138,09 08 01.410,+22 04 53.07,1,17.518,,,,09080140+2204530,,EXTENDED,JHK,,,,,,,,,,,,,,,,,,,,,,15.03,0.09,14.563,0.137,14.084,0.13,,,,,,,,,,,,,,,,,,,,,,,,,,,
6077,6077,6077,212103184,08 56 15.696,+22 04 56.88,1,11.864,,1400-1121-1,561-048028,08561570+2204569,,STAR,gri,lam,-14.2,1.8,-14.8,1.8,,,12.164,0.191,12.094,0.23,,,12.2,0.05,11.815,0.04,11.72,0.03,,,10.942,0.022,10.684,0.021,10.656,0.02,5194,105,105,3.458,0.13,0.156,-0.835,0.21,0.15,2.862,0.577,0.417,0.897,0.078,0.018,0.036,0.023,0.014,702.2,113,97.33,0.034,0.01,0.006,,,
6078,6078,6078,212103194,08 26 54.938,+22 04 57.56,1,12.74,,,561-046764,08265494+2204575,,STAR,gri,rpm,-16.7,1.5,-21.4,1.9,,,14.019,0.02,13.018,0.032,,,13.51,0.032,12.682,0.041,12.41,0.061,,,11.282,0.021,10.834,0.022,10.699,0.021,4974,99,59,4.571,0.03,1.026,-0.022,0.2,0.32,0.787,2.153,0.038,0.857,0.104,0.052,1.701,0.186,1.658,220.5,622.4,7.779,0.035,0.005,0.012,,,
6079,6079,6079,212103211,08 52 33.271,+22 04 58.46,1,11.475,,,561-047877,,,STAR,gri,,-14.6,1,2.4,1.8,,,12.094,0.05,11.555,0.02,,,11.768,0.02,11.425,0.02,11.349,0.03,,,,,,,,,,,,,,,,,,,,,,,,,,,,,,,,,,,
6080,6080,6080,212103226,09 03 59.065,+22 04 59.61,1,13.334,,,561-048284,09035905+2204595,,STAR,gri,lam,-3.4,1.7,2.8,2.2,,,14.37,0.05,13.607,0.08,,,13.925,0.06,13.349,0.03,13.081,0.03,,,12.022,0.023,11.577,0.024,11.506,0.023,5213,127,222,2.459,0.13,0.05,-0.975,0.12,0.12,9.163,0.737,1.212,0.897,0.018,0.018,0.001,7.03E-04,1.92E-04,3394,396.6,421.5,0.035,0.011,0.007,,,
6081,6081,6081,212103246,08 33 23.593,+22 05 01.20,1,17.814,,,,08332359+2205012,,STAR,J,,4,2,4,1,,,,,,,,,,,,,,,,,16.295,0.111,,,15.558,0.197,,,,,,,,,,,,,,,,,,,,,,,,,,,
6082,6082,6082,212103318,09 06 02.508,+22 05 06.44,1,14.296,,,561-048361,09060250+2205064,5038-301-2-0070-0024,STAR,gri,rpm,-3.2,3.2,-41.8,3.4,,,16.497,0.05,14.975,0.01,,,15.783,0.05,14.404,0.04,13.658,0.03,,,12.097,0.023,11.413,0.029,11.207,0.02,3835,38,38,4.892,0.02,0.02,0.006,0.08,0.06,0.394,0.008,0.018,0.438,0.014,0.021,7.162,0.601,0.554,110.5,8.557,6.659,0.018,0.002,0.002,,,
6083,6083,6083,212103439,08 29 25.347,+22 05 15.27,1,13.314,,,561-046878,08292534+2205151,,STAR,gri,rpm,-26.2,1.7,-10.3,1.8,,,14.677,0.03,13.646,0.034,,,14.197,0.035,13.239,0.042,12.936,0.063,,,11.761,0.023,11.163,0.02,11.093,0.019,4612,91,73,4.65,0.03,0.025,-0.036,0.15,0.24,0.666,0.027,0.055,0.73,0.033,0.073,2.424,0.437,0.213,201.8,23.59,15.03,0.024,0.007,0.006,,,
6084,6084,6084,212103495,09 05 01.169,+22 05 19.36,1,12.866,,,561-048322,09050116+2205193,,STAR,gri,lam,-23,2.6,-14.7,1.5,,,14.136,0.09,13.196,0.07,,,13.623,0.05,12.845,0.03,12.542,0.04,,,11.431,0.023,10.98,0.029,10.834,0.018,4948,178,148,4.593,0.03,0.025,-0.014,0.1,0.12,0.748,0.035,0.04,0.817,0.042,0.05,1.915,0.254,0.189,222.5,21.47,23.29,0.024,0.007,0.006,,,
6085,6085,6085,212103496,08 28 34.796,+22 05 19.38,1,17.789,,,,08283479+2205193,6728-301-5-0124-0288,EXTENDED,gri,,-5,3,3,3,,,,,,,20.149,0.072,18.623,0.01,17.794,0.007,17.432,0.008,17.062,0.016,16.333,0.102,15.786,0.163,14.873,0.105,,,,,,,,,,,,,,,,,,,,,,,,,,,
6086,6086,6086,212103501,08 28 40.198,+22 05 20.11,1,19.763,,,,08284019+2205201,,STAR,JHK,col,,,,,,,,,,,,,,,,,,,,,16.858,0.155,15.942,0.181,15.671,0.202,3919,448,373,4.905,0.145,0.174,-0.304,0.25,0.35,0.346,0.153,0.123,0.374,0.179,0.179,7.329,10.42,3.821,916.8,608.2,419,0.033,0.01,0.007,,,
6087,6087,6087,212103522,08 33 23.528,+22 05 22.07,1,13.541,,,561-047089,08332352+2205221,,STAR,JHK,rpm,1.5,1.3,-2,1.6,,,,,,,,,,,,,,,,,11.44,0.022,10.786,0.025,10.627,0.02,4424,122,87,1.911,0.903,1.677,-0.458,0.35,1.61,14.939,75.702,9.228,0.821,0.211,0.044,1.61E-04,0.002,1.61E-04,4093,19570,2288,0.033,0.016,0.009,,,
6088,6088,6088,212103559,08 33 31.805,+22 05 24.10,1,12.805,,,561-047092,08333180+2205241,,STAR,JHK,rpm,-0.7,1.1,-7.9,1.4,,,,,,,,,,,,,,,,,11.188,0.023,10.57,0.023,10.532,0.019,4658,109,109,2.4,0.632,0.316,-0.468,0.35,0.35,9.308,3.541,4.423,0.951,0.093,0.079,9.09E-04,0.007,5.91E-04,2204,902.3,1095,0.033,0.01,0.008,,,
6089,6089,6089,212103596,08 33 35.112,+22 05 26.55,1,12.423,,,561-047094,08333511+2205266,,STAR,JHK,rpm,-10.5,0.9,-17.5,1,,,,,,,,,,,,,,,,,11.193,0.022,10.864,0.023,10.761,0.019,5788,175,210,4.381,0.108,0.468,-0.102,0.2,0.32,1.078,0.83,0.17,1.013,0.111,0.092,0.823,0.389,0.659,348.5,224.3,71.42,0.031,0.01,0.007,,,
6090,6090,6090,212103613,08 28 43.852,+22 05 27.65,1,13.862,,,561-046852,08284385+2205277,,STAR,gri,rpm,-10.5,2,-10.8,2.2,,,14.936,0.03,14.044,0.036,,,14.506,0.036,13.783,0.044,13.585,0.067,,,12.513,0.022,12.035,0.022,11.932,0.018,5091,82,82,4.576,0.03,1.368,-0.24,0.25,0.45,0.771,2.979,0.058,0.846,0.066,0.079,1.738,0.281,1.723,393.5,1492,36.28,0.029,0.01,0.005,,,
6091,6091,6091,212103633,08 31 44.764,+22 05 29.27,1,17.693,,,,08314476+2205292,,STAR,J,col,,,,,,,,,,,,,,,,,,,,,16.183,0.116,15.33,0.145,14.85,0.124,3845,419,349,4.901,0.145,0.145,-0.213,0.25,0.3,0.349,0.153,0.139,0.374,0.179,0.179,8.474,9.028,4.371,667.4,430.1,300,0.032,0.008,0.007,,,
6092,6092,6092,212103670,08 58 14.075,+22 05 31.43,1,14.72,,,561-048116,08581407+2205313,5038-301-4-0059-0016,STAR,gri,rpm,-1.9,2.9,-5.5,3.4,,,15.668,0.02,14.895,0.04,,,15.265,0.06,14.649,0.02,14.487,0.06,,,13.418,0.024,13.005,0.03,12.869,0.026,5368,129,161,4.53,0.045,0.783,-0.235,0.25,0.4,0.84,1.376,0.079,0.88,0.069,0.082,1.427,0.353,1.346,684.9,1067,75.89,0.033,0.01,0.006,,,
6093,6093,6093,212103679,09 03 45.519,+22 05 32.00,1,17.948,,,,09034551+2205319,5045-301-2-0166-0252,EXTENDED,gri,,-7,3,-1,3,,,,,,,20.155,0.068,18.867,0.011,17.971,0.008,17.554,0.008,17.198,0.02,16.565,0.123,15.902,0.142,15.143,0.118,,,,,,,,,,,,,,,,,,,,,,,,,,,
6094,6094,6094,212103687,08 59 38.020,+22 05 32.46,1,12.405,,,561-048153,08593803+2205324,,STAR,gri,lam,-14.8,0.9,-8.6,2,,,13.023,0.05,12.5,0.02,,,12.748,0.04,12.342,0.05,12.259,0.04,,,11.427,0.021,11.204,0.018,11.152,0.018,6076,122,98,4.137,0.156,0.13,-0.073,0.1,0.14,1.47,0.285,0.282,1.137,0.122,0.102,0.326,0.256,0.125,538.5,110.4,91.63,0.032,0.007,0.007,,,
6095,6095,6095,212103716,08 29 25.624,+22 05 34.12,1,14.561,,,561-046879,08292561+2205340,6728-301-5-0125-0182,STAR,JHK,rpm,-16.3,2.1,1.6,2.3,,,,,,,,,,,,,,,,,12.389,0.022,11.698,0.02,11.555,0.018,4177,163,131,4.771,0.04,0.064,-0.043,0.12,0.18,0.521,0.066,0.051,0.586,0.07,0.058,4.096,0.829,0.931,187.5,37.93,19.62,0.025,0.01,0.008,,,
6096,6096,6096,212103723,08 33 21.940,+22 05 34.47,1,18.785,,,,08332193+2205344,4508-301-2-0104-0363,STAR,gri,rpm,-29,5,-17,5,,,,,,,23.409,0.515,21.026,0.033,19.51,0.015,17.825,0.008,16.868,0.009,15.228,0.05,14.74,0.052,14.4,0.064,3400,140,100,5.106,0.036,0.042,-0.061,0.16,0.2,0.191,0.029,0.019,0.17,0.036,0.02,24.33,4.256,5.532,186,40.95,23.11,0.024,0.008,0.007,,,
6097,6097,6097,212103751,08 51 38.506,+22 05 36.48,1,19.816,,,,,5045-301-5-0149-0394,EXTENDED,gri,,-2,4,0,4,,,,,,,20.748,0.096,20.004,0.024,19.753,0.029,19.415,0.035,19.221,0.099,,,,,,,,,,,,,,,,,,,,,,,,,,,,,,,,,
6098,6098,6098,212103884,08 52 45.059,+22 05 45.43,1,13.39,,,561-047889,08524506+2205454,,STAR,gri,lam,-1,1.5,-10,1.6,,,14.626,0.03,13.656,0.02,,,14.122,0.02,13.371,0.02,13.076,0.02,,,11.877,0.023,11.307,0.024,11.205,0.019,4861,97,78,1.886,0.18,0.09,-1.343,0.09,0.15,16.715,2.005,2.876,0.838,0.037,0.026,1.60E-04,1.42E-04,4.34E-05,5662,1401,592.4,0.035,0.014,0.008,,,
6099,6099,6099,212103901,08 34 58.746,+22 05 47.19,1,15.323,,,561-047142,08345874+2205473,,STAR,JHK,rpm,3.2,2.7,-4,2.7,,,,,,,,,,,,,,,,,13.313,0.023,12.752,0.027,12.527,0.019,3504,195,35,5.072,0.02,0.11,-0.027,0.06,0.05,0.219,0.1,0.004,0.209,0.134,0.004,19.62,1.177,9.182,92.12,58.11,2.764,0.017,0.003,0.001,,,
6100,6100,6100,212103941,09 07 48.192,+22 05 49.64,1,11.685,,,561-048412,09074819+2205496,,STAR,gri,lam,-18.7,0.9,-5.7,0.9,,,12.5,0.06,11.884,0.07,,,12.122,0.03,11.662,0.03,11.498,0.03,,,10.606,0.022,10.323,0.03,10.222,0.021,5855,139,139,4.453,0.04,0.08,-0.358,0.15,0.12,0.932,0.111,0.072,0.9,0.072,0.045,1.091,0.221,0.279,229.2,35.42,25.87,0.026,0.008,0.005,,,
6101,6101,6101,212103978,08 34 45.682,+22 05 52.17,1,15.381,,,561-047129,08344567+2205521,,STAR,JHK,rpm,1.2,2.1,-5.2,2.3,,,,,,,,,,,,,,,,,14.058,0.025,13.668,0.027,13.554,0.036,5434,214,171,4.516,0.05,0.46,-0.263,0.25,0.45,0.85,0.669,0.084,0.873,0.065,0.079,1.371,0.335,1.153,928,409.1,121.6,0.034,0.008,0.007,,,
6102,6102,6102,212103998,08 59 05.418,+22 05 53.73,1,17.685,,,,08590541+2205537,5045-301-3-0160-0181,STAR,gri,rpm,-27,3,-73,3,,,,,,,22.679,0.311,19.835,0.015,18.402,0.008,16.763,0.005,15.877,0.007,14.427,0.034,13.835,0.031,13.563,0.033,3547,148,106,5.047,0.036,0.03,-0.035,0.15,0.24,0.236,0.03,0.027,0.226,0.038,0.027,17.08,3.693,3.036,167.4,30.73,21.93,0.023,0.006,0.006,,,
6103,6103,6103,212104005,08 32 48.564,+22 05 54.21,1,13.845,,,561-047057,08324856+2205542,6728-301-4-0130-0051,STAR,gri,rpm,-23.9,1.5,-33,1.3,,,14.913,0.04,14.198,0.037,,,14.56,0.037,13.858,0.045,13.539,0.067,,,12.503,0.023,12.028,0.022,11.925,0.026,5057,152,122,4.603,0.055,0.025,-0.321,0.18,0.33,0.716,0.042,0.085,0.755,0.047,0.094,2.004,0.566,0.197,353.6,38.61,47.75,0.029,0.008,0.005,,,
6104,6104,6104,212104016,08 54 07.085,+22 05 54.73,1,18.195,,,,08540708+2205547,5045-301-4-0153-0139,STAR,gri,rpm,26,3,-28,3,,,,,,,21.109,0.092,19.083,0.01,18.197,0.007,17.814,0.007,17.634,0.019,16.466,0.116,15.959,0.171,15.691,0.21,4542,73,73,4.908,0.055,0.088,-1.685,0.55,0.66,0.378,0.073,0.045,0.452,0.064,0.054,7.548,2.288,2.338,1021,164.3,141.5,0.032,0.008,0.005,,,
6105,6105,6105,212104019,09 09 08.913,+22 05 55.03,1,18.914,,,,09090891+2205550,,STAR,JHK,col,,,,,,,,,,,,,,,,,,,,,16.597,0.14,15.845,0.166,15.611,0.185,3920,523,373,4.896,0.15,0.18,-0.304,0.25,0.35,0.355,0.171,0.133,0.385,0.185,0.185,6.936,11.06,3.802,818.9,604.2,397,0.032,0.01,0.007,,,
6106,6106,6106,212104090,08 57 00.996,+22 05 59.07,1,18.173,,,,08570099+2205590,,STAR,J,,,,,,,,,,,,,,,,,,,,,,16.621,0.16,,,,,,,,,,,,,,,,,,,,,,,,,,,,,,,
6107,6107,6107,212104103,08 27 17.719,+22 06 00.26,1,14.599,,,561-046785,08271772+2206003,,STAR,JHK,rpm,-1.1,3.1,-6.3,3.4,,,,,,,,,,,,,,,,,13.038,0.022,12.489,0.023,12.405,0.021,4842,115,144,4.601,0.048,1.936,-0.245,0.24,0.48,0.727,6.551,0.066,0.796,0.169,0.077,1.989,0.402,1.986,441.2,3776,54.26,0.032,0.007,0.007,,,
6108,6108,6108,212104174,08 57 39.409,+22 06 06.11,1,14.216,,,561-048082,08573941+2206061,,STAR,gri,lam,-2.8,1.8,4.8,2.9,,,15.323,0.02,14.469,0.02,,,14.867,0.05,14.167,0.05,13.938,0.04,,,12.873,0.019,12.415,0.019,12.333,0.023,5118,185,123,4.579,0.025,0.03,-0.069,0.12,0.12,0.775,0.038,0.044,0.832,0.043,0.043,1.766,0.215,0.192,461,38.69,42.49,0.031,0.007,0.006,,,
6109,6109,6109,212104191,08 27 58.130,+22 06 07.45,1,9.491,41513,1391-361-1,561-046822,08275813+2206074,,STAR,BV,plx,-38.58,2.37,-15.03,1.6,5.08,2.05,10.102,0.038,9.572,0.033,,,,,,,,,,,8.82,0.023,8.66,0.024,8.629,0.02,6525,244,163,4.297,0.045,0.045,-0.064,0.12,0.15,1.32,0.075,0.085,1.272,0.061,0.073,0.546,0.088,0.076,149.3,11,11,0.021,0.006,0.005,,,
6110,6110,6110,212104213,08 55 28.352,+22 06 08.78,1,10.661,,1400-1254-1,561-047994,08552836+2206087,,STAR,gri,lam,-21.1,1.5,7.4,1.5,,,11.2,0.084,10.762,0.089,,,11.013,0.05,10.623,0.04,10.51,0.02,,,9.743,0.02,9.471,0.02,9.411,0.019,6114,147,147,4.338,0.065,0.104,-0.091,0.12,0.12,1.158,0.164,0.104,1.1,0.078,0.078,0.689,0.178,0.212,198.8,28.82,21.21,0.024,0.007,0.006,,,
6111,6111,6111,212104224,08 57 29.995,+22 06 09.71,1,10.361,,1400-1181-1,561-048079,08573000+2206096,,STAR,gri,plx,-34.2,1.1,14.9,1.2,,,11.094,0.076,10.43,0.057,,,10.783,0.04,10.321,0.04,10.18,0.02,,,9.341,0.018,9.056,0.017,8.964,0.018,5822,117,117,4.442,0.035,0.035,-0.14,0.16,0.28,0.98,0.049,0.064,0.975,0.075,0.105,1.023,0.138,0.122,125.7,9.664,9.664,0.019,0.006,0.005,,,
6112,6112,6112,212104261,09 03 43.171,+22 06 11.77,1,19.16,,,,09034317+2206117,5045-301-2-0166-0238,EXTENDED,gri,,,,,,,,,,,,22.479,0.558,20.303,0.037,19.113,0.021,18.67,0.021,18.189,0.05,16.238,0.1,15.473,0.104,14.959,0.097,,,,,,,,,,,,,,,,,,,,,,,,,,,
6113,6113,6113,212104287,09 00 22.085,+22 06 13.94,1,16.693,,,,09002208+2206139,5045-301-3-0162-0100,EXTENDED,gri,,1,3,2,3,,,,,,,18.852,0.046,17.393,0.007,16.751,0.006,16.393,0.007,16.124,0.019,16.74,0.177,,,,,,,,,,,,,,,,,,,,,,,,,,,,,,,
6114,6114,6114,212104314,08 30 31.850,+22 06 16.00,1,10.722,,1391-351-1,561-046941,08303185+2206159,,STAR,gri,plx,0,1.3,-3.6,1.4,,,11.76,0.121,10.927,0.082,,,11.444,0.03,10.697,0.04,10.413,0.06,,,9.295,0.032,8.891,0.067,8.742,0.02,4932,80,101,2.409,0.24,0.072,-0.517,0.2,0.24,10.421,0.668,1.332,1.012,0.252,0.105,8.86E-04,9.07E-04,1.58E-04,1014,374.7,374.7,0.033,0.011,0.007,,,
6115,6115,6115,212104318,08 51 45.197,+22 06 16.47,1,12.033,,,561-047848,08514520+2206164,,STAR,gri,rpm,11,10.8,8.4,12.6,,,12.905,0.04,12.191,0.02,,,12.496,0.02,11.984,0.02,11.834,0.04,,,11.465,0.047,11.174,0.059,11.101,0.047,5782,115,138,4.365,0.12,0.5,-0.086,0.2,0.24,1.096,0.857,0.183,1.019,0.122,0.087,0.78,0.374,0.651,400.1,309.7,81.99,0.032,0.011,0.008,,,
6116,6116,6116,212104352,08 58 29.443,+22 06 18.71,1,18.364,,,,08582944+2206187,,STAR,JHK,col,,,,,,,,,,,,,,,,,,,,,16.307,0.093,15.723,0.102,15.507,0.165,3935,640,400,4.865,0.18,0.21,-0.246,0.25,0.35,0.369,0.197,0.148,0.401,0.234,0.195,7.065,8.935,4.416,807.2,671.8,366.6,0.033,0.011,0.008,,,
6117,6117,6117,212104354,09 09 46.512,+22 06 18.77,1,12.559,,,561-048497,09094651+2206188,,STAR,gri,rpm,-12,2,-31.8,2.3,,,13.577,0.06,12.829,0.09,,,13.121,0.03,12.538,0.04,12.318,0.03,,,11.312,0.02,10.936,0.021,10.832,0.017,5439,153,87,4.515,0.035,0.525,-0.136,0.15,0.42,0.866,0.255,0.076,0.905,0.075,0.09,1.345,0.235,1.169,269.3,77.62,29.29,0.03,0.007,0.006,,,
6118,6118,6118,212104421,08 26 33.740,+22 06 24.35,1,12.697,,,561-046752,08263374+2206243,,STAR,gri,rpm,-7.7,1,0.9,1,,,13.497,0.042,12.86,0.031,,,13.121,0.031,12.675,0.041,12.516,0.061,,,11.68,0.021,11.366,0.022,11.302,0.017,5910,116,93,4.32,0.132,0.352,-0.131,0.18,0.15,1.146,0.712,0.171,1.064,0.097,0.116,0.63,0.406,0.448,479.1,252.8,91.47,0.031,0.01,0.008,,,
6119,6119,6119,212104429,08 54 16.779,+22 06 25.16,1,18.727,,,,08541677+2206251,5045-301-4-0153-0176,EXTENDED,gri,,2,7,12,2,,,,,,,21.388,0.135,19.898,0.017,18.565,0.009,18.225,0.01,17.942,0.027,17.085,0.205,15.892,0.146,15.411,0.158,,,,,,,,,,,,,,,,,,,,,,,,,,,
6120,6120,6120,212104583,08 27 10.684,+22 06 35.80,1,17.825,,,,08271068+2206358,4508-301-4-0096-0270,EXTENDED,gri,,-4,3,-4,3,,,,,,,21.17,0.178,19.112,0.015,17.777,0.008,17.274,0.007,16.946,0.018,16.409,0.107,15.539,0.119,15.092,0.126,,,,,,,,,,,,,,,,,,,,,,,,,,,
6121,6121,6121,212104640,09 07 00.945,+22 06 40.37,1,17.014,,,,09070094+2206403,5038-301-2-0071-0160,EXTENDED,gri,,3,2,2,2,,,,,,,19.309,0.052,17.89,0.008,17.07,0.007,16.638,0.007,16.305,0.017,16.275,0.109,15.561,0.138,14.977,0.134,,,,,,,,,,,,,,,,,,,,,,,,,,,
6122,6122,6122,212104651,08 28 56.304,+22 06 40.83,1,14.275,,,561-046861,08285630+2206408,,STAR,gri,rpm,-5.2,2.8,-7.3,2.8,,,15.564,0.06,14.548,0.04,,,15.014,0.04,14.25,0.047,13.957,0.071,,,12.819,0.022,12.299,0.026,12.199,0.021,4951,98,98,3.454,1.16,0.696,-0.436,0.42,0.35,2.958,2.589,2.304,0.891,0.098,0.131,0.028,2.039,0.025,1729,1410,1362,0.033,0.007,0.006,,,
6123,6123,6123,212104705,09 06 06.809,+22 06 45.57,1,16.918,,,,09060680+2206455,,STAR,J,col,,,,,,,,,,,,,,,,,,,,,15.462,0.084,14.655,0.089,14.22,0.09,3851,360,360,4.88,0.162,0.135,-0.132,0.2,0.28,0.364,0.135,0.144,0.404,0.159,0.191,7.043,9.775,3.261,515.6,281.1,235.2,0.032,0.008,0.008,,,
6124,6124,6124,212104718,08 27 31.931,+22 06 46.58,1,17.803,,,,08273193+2206465,4508-301-4-0096-0348,EXTENDED,gri,,2,3,-3,3,,,,,,,21.435,0.195,19.015,0.012,17.784,0.007,17.283,0.007,16.93,0.015,16.08,0.088,15.391,0.114,14.801,0.084,,,,,,,,,,,,,,,,,,,,,,,,,,,
6125,6125,6125,212104750,09 08 56.433,+22 06 49.52,1,17.76,,,,09085643+2206495,5045-301-1-0174-0095,EXTENDED,gri,,2,3,2,3,,,,,,,20.58,0.081,18.794,0.011,17.765,0.007,17.317,0.007,16.964,0.015,16.134,0.09,15.357,0.122,14.785,0.091,,,,,,,,,,,,,,,,,,,,,,,,,,,
6126,6126,6126,212104755,08 55 27.720,+22 06 49.74,1,17.668,,,,08552771+2206497,5045-301-4-0155-0068,EXTENDED,gri,,-3,3,1,3,,,,,,,19.491,0.04,18.336,0.007,17.787,0.007,17.382,0.007,17.208,0.021,16.418,0.115,15.93,0.165,15.381,0.158,,,,,,,,,,,,,,,,,,,,,,,,,,,
6127,6127,6127,212104758,08 28 22.374,+22 06 50.27,1,12.738,,,561-046840,08282237+2206504,,STAR,gri,rpm,-2.1,1.6,-23.4,1.3,,,13.579,0.043,12.907,0.031,,,13.184,0.032,12.704,0.041,12.547,0.062,,,11.671,0.022,11.358,0.022,11.286,0.017,5849,139,116,4.395,0.075,0.285,-0.178,0.16,0.2,1.025,0.456,0.105,0.997,0.082,0.082,0.871,0.264,0.569,420.7,186.9,51.75,0.032,0.011,0.008,,,
6128,6128,6128,212104797,08 33 43.464,+22 06 53.32,1,15.552,,,561-047098,08334346+2206534,,STAR,JHK,rpm,-2.1,2.9,-6.4,3.3,,,,,,,,,,,,,,,,,14.106,0.027,13.633,0.033,13.527,0.031,5086,184,154,4.581,0.045,0.945,-0.248,0.25,0.45,0.752,1.619,0.071,0.807,0.085,0.071,1.806,0.39,1.741,794.1,1811,102.5,0.033,0.01,0.007,,,
6129,6129,6129,212104829,08 31 01.946,+22 06 56.01,1,15.093,,,561-046962,08310195+2206560,4508-301-3-0101-0104,STAR,JHK,rpm,5.5,2,-5.7,2.3,,,,,,,,,,,,,,,,,13.674,0.026,13.2,0.026,13.11,0.026,5072,152,152,4.579,0.045,1.107,-0.288,0.25,0.45,0.763,2.118,0.062,0.824,0.088,0.073,1.739,0.43,1.706,665.4,1878,80.49,0.034,0.008,0.008,,,
6130,6130,6130,212104883,09 05 57.520,+22 07 00.10,1,14.991,,,561-048355,09055751+2207001,5038-301-2-0070-0017,STAR,gri,rpm,6.6,3.3,-5.1,3.5,,,16.427,0.11,15.348,0.15,,,15.839,0.06,14.964,0.05,14.628,0.07,,,13.332,0.027,12.78,0.03,12.693,0.026,4792,115,115,4.624,0.035,0.042,-0.14,0.2,0.2,0.697,0.067,0.051,0.762,0.063,0.063,2.141,0.374,0.377,474,67.22,49.59,0.033,0.008,0.006,,,
6131,6131,6131,212104946,08 27 41.737,+22 07 04.34,1,11.057,,1391-1059-1,561-046808,08274173+2207044,,STAR,gri,plx,-8.3,1.9,-5.3,2.2,,,12.009,0.188,11.484,0.156,,,11.768,0.03,11.047,0.04,10.752,0.06,,,9.623,0.022,9.152,0.022,9.015,0.017,4956,80,80,2.708,0.532,0.38,-0.572,0.25,0.25,6.876,3.483,3.002,1.003,0.24,0.1,0.002,0.012,0.002,711.5,289,289,0.033,0.008,0.007,,,
6132,6132,6132,212104955,08 55 05.814,+22 07 04.76,1,12.34,,,561-047973,08550580+2207048,,STAR,gri,rpm,8.6,1.8,-6.9,0.9,,,13.437,0.01,12.555,0.01,,,12.956,0.02,12.309,0.01,12.076,0.03,,,11.033,0.022,10.634,0.021,10.504,0.018,5205,124,62,2.815,1.666,0.442,-0.662,0.64,0.2,7.252,2.472,6.36,0.916,0.192,0.022,0.003,1.127,0.002,1776,488.8,1532,0.034,0.008,0.008,,,
6133,6133,6133,212104961,08 54 16.628,+22 07 05.26,1,15.538,,,561-047943,08541661+2207052,5045-301-4-0153-0042,STAR,JHK,rpm,-2,2.7,0.9,3.1,,,,,,,,,,,,,,,,,13.686,0.023,13.109,0.029,12.948,0.024,4524,226,679,4.689,0.22,1.452,-0.143,0.2,0.36,0.551,3.227,0.219,0.673,0.171,0.257,2.461,4.317,2.455,386.9,2799,204.7,0.03,0.01,0.008,,,
6134,6134,6134,212104970,08 51 19.530,+22 07 06.22,1,17.253,,,,08511952+2207062,5045-301-5-0149-0208,EXTENDED,gri,,-1,3,-3,3,,,,,,,20.388,0.088,18.42,0.01,17.243,0.006,16.753,0.006,16.413,0.012,15.793,0.074,14.951,0.085,14.496,0.086,,,,,,,,,,,,,,,,,,,,,,,,,,,
6135,6135,6135,212104978,09 06 38.410,+22 07 06.54,1,14.989,,,561-048385,09063841+2207065,5038-301-2-0071-0005,STAR,gri,rpm,-0.6,3.9,-25.7,4,,,17.081,0.18,15.71,0.01,,,16.535,0.09,15.231,0.04,14.326,0.05,,,12.709,0.025,12.021,0.031,11.787,0.022,3699,44,89,4.959,0.036,0.042,0.075,0.08,0.12,0.316,0.042,0.025,0.342,0.055,0.04,10.26,1.52,1.921,113.1,18.5,13.78,0.017,0.002,0.005,,,
6136,6136,6136,212104990,08 33 04.010,+22 07 07.59,1,14.111,,,561-047068,08330401+2207076,,STAR,JHK,rpm,-2.6,1.7,-12.3,1.8,,,,,,,,,,,,,,,,,12.657,0.023,12.167,0.025,12.074,0.017,5028,118,148,4.581,0.035,1.211,-0.156,0.2,0.48,0.775,2.577,0.052,0.848,0.102,0.073,1.773,0.263,1.749,413.2,1349,44.93,0.031,0.006,0.005,,,
6137,6137,6137,212105011,09 04 55.284,+22 07 09.56,1,17.166,,,,09045528+2207095,5071-301-6-0152-0227,STAR,gri,rpm,-6,3,-50,3,,,,,,,19.27,0.025,17.81,0.005,17.157,0.005,16.89,0.005,16.715,0.009,15.738,0.06,15.339,0.082,15.155,0.118,4938,149,209,4.796,0.02,0.048,-1.682,0.5,0.5,0.488,0.046,0.01,0.552,0.033,0.017,4.711,0.283,0.793,1042,96.36,88.21,0.031,0.01,0.003,,,
6138,6138,6138,212105024,08 32 18.747,+22 07 10.30,1,10.869,,1398-957-1,561-047029,08321874+2207103,,STAR,gri,rpm,25.8,1.6,-23.5,1.7,,,11.696,0.1,11.153,0.101,,,11.371,0.03,10.829,0.04,10.655,0.06,,,9.761,0.022,9.43,0.021,9.388,0.018,5686,113,135,4.43,0.072,0.528,-0.036,0.15,0.21,1.012,0.912,0.118,1.018,0.106,0.076,0.96,0.323,0.814,165.7,150.1,23.76,0.023,0.01,0.006,,,
6139,6139,6139,212105048,08 50 39.273,+22 07 11.94,1,10.077,,1399-1293-1,561-047802,08503927+2207119,,STAR,gri,rpm,2.5,1.5,-4,1.5,,,11.542,0.107,10.323,0.047,,,10.831,0.01,10.032,0.01,9.754,0.02,,,8.594,0.023,8.141,0.029,8.01,0.026,4879,59,59,2.625,0.235,0.282,-0.243,0.2,0.2,10.492,0.813,1.999,1.493,0.601,0.515,0.001,0.002,5.41E-04,779.1,57.64,103.6,0.033,0.01,0.008,,,
6140,6140,6140,212105098,09 05 25.278,+22 07 15.20,1,17.328,,,,09052527+2207151,5038-301-2-0069-0139,EXTENDED,gri,,3,2,20,2,,,,,,,20.331,0.095,18.404,0.01,17.341,0.007,16.867,0.007,16.529,0.016,16.101,0.12,15.429,0.156,14.956,0.136,,,,,,,,,,,,,,,,,,,,,,,,,,,
6141,6141,6141,212105099,08 33 46.020,+22 07 15.28,1,10.737,,1398-1363-1,561-047100,08334602+2207153,,STAR,BV,plx,-14.5,1.3,-27.4,1.4,,,11.686,0.111,10.911,0.082,,,,,,,,,,,9.87,0.023,9.597,0.023,9.537,0.02,5916,147,147,4.423,0.035,0.049,-0.183,0.2,0.32,1.013,0.055,0.052,1,0.069,0.11,0.941,0.127,0.133,172.1,11.71,11.71,0.022,0.007,0.005,,,
6142,6142,6142,212105128,08 32 27.875,+22 07 17.16,1,12.017,,,561-047042,08322787+2207171,,STAR,gri,rpm,-20.6,0.9,-44.8,1.1,,,13.383,0.042,12.366,0.031,,,12.885,0.031,12.004,0.04,11.645,0.06,,,10.39,0.022,9.821,0.021,9.696,0.019,4698,75,75,4.652,0.02,0.02,-0.083,0.12,0.21,0.674,0.022,0.038,0.745,0.036,0.05,2.39,0.261,0.143,114.5,5.509,6.954,0.016,0.005,0.004,,,
6143,6143,6143,212105256,08 55 52.896,+22 07 25.98,1,14.993,,,561-048010,08555288+2207259,5045-301-4-0155-0146,STAR,JHK,col,,,,,,,,,,,,,,,,,,,,,12.758,0.023,12.117,0.023,11.905,0.022,3825,185,154,4.894,0.084,0.06,-0.064,0.15,0.24,0.372,0.062,0.081,0.412,0.078,0.109,7.512,3.91,1.943,143.5,31.82,35.09,0.019,0.007,0.006,,,
6144,6144,6144,212105337,09 09 23.581,+22 07 31.49,1,15.056,,,561-048482,09092357+2207314,,STAR,gri,rpm,-26.6,2.9,-3.8,3.1,,,17.065,0.1,15.743,0.06,,,16.285,0.04,15.073,0.07,14.53,0.11,,,13.185,0.03,12.585,0.039,12.42,0.032,4027,223,124,4.831,0.055,0.077,-0.086,0.2,0.24,0.444,0.084,0.06,0.507,0.092,0.076,5.454,1.654,1.69,215.2,59.76,34.56,0.025,0.006,0.005,,,
6145,6145,6145,212105352,08 51 19.952,+22 07 32.97,1,16.977,,,,08511995+2207329,5045-301-5-0149-0216,EXTENDED,gri,,2,2,10,2,,,,,,,20.203,0.086,18.18,0.009,16.973,0.005,16.461,0.005,16.139,0.011,15.73,0.073,14.858,0.093,14.3,0.078,,,,,,,,,,,,,,,,,,,,,,,,,,,
6146,6146,6146,212105394,09 07 53.177,+22 07 37.08,1,12.87,,,561-048414,09075317+2207371,,STAR,gri,rpm,2.4,1.3,-2.7,1.7,,,13.633,0.06,13.052,0.07,,,13.265,0.03,12.843,0.03,12.7,0.03,,,11.826,0.022,11.564,0.032,11.511,0.023,6015,97,121,4.12,0.27,0.162,-0.111,0.12,0.27,1.481,0.375,0.449,1.081,0.156,0.086,0.31,0.469,0.132,663.6,160.4,194.2,0.033,0.011,0.006,,,
6147,6147,6147,212105411,08 28 54.499,+22 07 38.59,1,16.403,,,,08285449+2207385,6728-301-5-0124-0367,EXTENDED,gri,,0,3,8,3,,,,,,,19.24,0.045,17.396,0.006,16.418,0.004,15.978,0.004,15.614,0.007,15.141,0.059,14.301,0.076,13.893,0.055,,,,,,,,,,,,,,,,,,,,,,,,,,,
6148,6148,6148,212105445,08 56 15.291,+22 07 40.78,1,14.519,,,561-048027,08561529+2207407,,STAR,gri,rpm,-20.5,2.2,-20.1,2.4,,,15.845,0.03,14.792,0.03,,,15.303,0.05,14.422,0.05,14.183,0.06,,,13.026,0.02,12.584,0.026,12.436,0.025,5012,80,121,4.576,0.036,0.03,-0.001,0.2,0.24,0.768,0.039,0.055,0.824,0.035,0.063,1.774,0.263,0.193,473.1,30.58,42.42,0.031,0.005,0.005,,,
6149,6149,6149,212105446,09 02 45.309,+22 07 40.85,1,14.448,,,561-048244,09024531+2207408,5038-301-3-0065-0034,STAR,gri,rpm,2.8,3.1,-1.7,3.3,,,16.577,0.01,15.122,0.06,,,15.937,0.09,14.614,0.04,13.81,0.05,,,12.118,0.022,11.438,0.021,11.222,0.021,3978,215,71,4.801,0.03,0.06,0.125,0.06,0.24,0.487,0.062,0.028,0.546,0.066,0.027,4.65,0.689,1.024,152.3,31.98,18.17,0.02,0.004,0.001,,,
6150,6150,6150,212105485,08 54 39.905,+22 07 43.41,1,14.904,,,561-047958,08543988+2207434,5045-301-4-0154-0027,STAR,gri,lam,-1.1,2.2,1.9,2.4,,,15.785,0.064,15.038,0.05,,,15.359,0.01,14.885,0.054,14.71,0.01,,,13.757,0.023,13.405,0.03,13.353,0.032,5016,59,59,3.319,0.12,0.144,-0.546,0.15,0.15,3.471,0.603,0.434,0.948,0.051,0.042,0.021,0.013,0.008,3037,542.8,399.2,0.032,0.01,0.006,,,
6151,6151,6151,212105508,09 07 34.831,+22 07 45.66,1,13.869,,,561-048405,09073483+2207457,,STAR,gri,rpm,7.2,2.8,-29.3,3.1,,,15.282,0.02,14.28,0.06,,,14.759,0.05,13.845,0.05,13.488,0.02,,,12.292,0.024,11.733,0.031,11.645,0.024,4696,75,113,4.641,0.03,0.025,-0.051,0.18,0.21,0.672,0.045,0.042,0.739,0.055,0.066,2.384,0.322,0.336,270.3,29.37,20.12,0.028,0.007,0.005,,,
6152,6152,6152,212105511,08 56 50.989,+22 07 45.74,1,15.179,,,561-048061,08565099+2207457,5038-301-4-0057-0080,STAR,gri,rpm,0.8,3.1,-0.2,3.3,,,16.339,0.05,15.447,0.04,,,15.894,0.04,15.113,0.04,14.872,0.1,,,13.765,0.026,13.275,0.026,13.21,0.028,5006,100,100,4.578,0.04,1.36,-0.188,0.25,0.4,0.779,3.435,0.067,0.826,0.126,0.07,1.731,0.326,1.717,689.2,2878,76.37,0.034,0.01,0.007,,,
6153,6153,6153,212105532,08 55 26.988,+22 07 47.50,1,12.826,,,561-047991,08552699+2207475,,STAR,gri,lam,-11,1.1,-1,1.8,,,13.425,0.03,12.905,0.01,,,13.1,0.05,12.787,0.04,12.709,0.01,,,11.985,0.022,11.764,0.023,11.693,0.02,6231,176,126,4.108,0.125,0.125,-0.28,0.18,0.15,1.492,0.323,0.225,1.139,0.112,0.134,0.291,0.201,0.103,745.1,140.5,118.2,0.033,0.01,0.007,,,
6154,6154,6154,212105534,08 27 39.446,+22 07 47.58,1,14.923,,,561-046806,08273944+2207478,4508-301-4-0096-0381,STAR,JHK,col,,,,,,,,,,,,,,,,,,,,,12.731,0.022,12.166,0.026,11.891,0.018,3493,121,146,5.049,0.077,0.055,-0.015,0.12,0.18,0.227,0.05,0.049,0.215,0.071,0.06,17.46,8.968,5.1,76.28,22.67,23.29,0.011,0.006,0.004,,,
6155,6155,6155,212105537,09 03 29.867,+22 07 47.77,1,18.246,,,,09032986+2207477,5045-301-2-0166-0207,EXTENDED,gri,,-6,3,-2,3,,,,,,,18.919,0.024,18.623,0.009,18.218,0.008,18.085,0.01,17.565,0.022,16.775,0.145,15.778,0.118,15.012,0.093,,,,,,,,,,,,,,,,,,,,,,,,,,,
6156,6156,6156,212105559,09 05 09.643,+22 07 49.30,1,19.297,,,,09050964+2207492,5071-301-6-0152-0322,STAR,gri,rpm,10,4,-118,4,,,,,,,23.203,0.453,20.95,0.03,19.414,0.014,18.588,0.011,18.108,0.022,16.909,0.161,16.316,0.19,15.629,0.18,3522,42,42,5.152,0.026,0.02,-0.441,0.06,0.05,0.175,0.005,0.012,0.159,0.008,0.012,29.48,4.057,1.769,222.5,23.83,7.849,0.023,0.008,0.005,,,
6157,6157,6157,212105613,08 32 35.038,+22 07 53.63,1,12.473,,,561-047048,08323503+2207535,,STAR,gri,rpm,-3,1,-5.3,1.4,,,13.225,0.042,12.577,0.031,,,12.877,0.031,12.417,0.041,12.3,0.061,,,11.495,0.022,11.251,0.022,11.185,0.019,6060,145,121,4.145,0.215,0.258,-0.032,0.12,0.18,1.435,0.698,0.354,1.182,0.19,0.142,0.334,0.397,0.204,557.5,279.4,140.4,0.034,0.008,0.007,,,
6158,6158,6158,212105667,08 34 09.051,+22 07 56.87,1,16.779,,,,,4508-301-2-0105-0341,EXTENDED,gri,,1,3,2,3,,,,,,,18.868,0.05,17.515,0.029,16.802,0.02,16.463,0.007,16.234,0.017,,,,,,,,,,,,,,,,,,,,,,,,,,,,,,,,,
6159,6159,6159,212105677,08 59 11.198,+22 07 57.28,1,12.637,,,561-048139,08591120+2207573,,STAR,gri,rpm,-17.3,1.2,-12,1.5,,,13.777,0.05,12.906,0.02,,,13.35,0.05,12.585,0.05,12.331,0.03,,,11.278,0.022,10.761,0.024,10.657,0.023,4948,98,78,3.38,1.176,0.49,-0.455,0.42,0.3,2.951,2.273,2.283,0.912,0.072,0.101,0.021,1.782,0.018,848.7,572.8,648.5,0.031,0.006,0.011,,,
6160,6160,6160,212105709,09 08 17.761,+22 07 59.45,1,11.592,,,561-048431,09081775+2207594,,STAR,gri,lam,41.2,1.5,-71.1,3.2,,,12.654,0.06,11.873,0.08,,,12.21,0.03,11.577,0.03,11.328,0.04,,,10.29,0.023,9.844,0.028,9.784,0.022,5372,160,160,4.555,0.03,0.036,-0.171,0.12,0.15,0.804,0.062,0.048,0.856,0.069,0.058,1.612,0.218,0.227,153.5,14.81,13.5,0.021,0.006,0.005,,,
6161,6161,6161,212105718,08 54 53.959,+22 07 59.88,1,13.171,,,561-047968,08545395+2207599,,STAR,gri,rpm,25.4,1.8,3.1,1.8,,,15.335,0.01,13.818,0.02,,,14.653,0.02,13.237,0.04,12.535,0.01,,,10.986,0.025,10.313,0.021,10.135,0.02,3853,38,38,4.87,0.022,0.02,0.028,0.05,0.06,0.407,0.008,0.011,0.447,0.009,0.059,6.66,0.509,0.4,73.34,14.43,4.895,0.013,0.003,0.002,,,
6162,6162,6162,212105760,09 06 03.894,+22 08 03.19,1,14.719,,,561-048363,09060388+2208032,5038-301-2-0070-0047,STAR,gri,rpm,-36.9,3.2,-11.1,3.5,,,17.004,0.097,15.606,0.056,,,16.433,0.12,15.125,0.08,13.984,0.01,,,12.17,0.024,11.517,0.026,11.301,0.022,3904,154,123,4.877,0.048,0.064,-0.039,0.15,0.18,0.404,0.064,0.046,0.459,0.076,0.063,6.683,1.769,1.797,119.9,28.03,19.26,0.018,0.003,0.004,,,
6163,6163,6163,212105762,09 03 08.460,+22 08 03.27,1,13.643,,,561-048255,09030845+2208031,,STAR,gri,lam,-35.4,1.7,-0.5,3.5,,,15.121,0.09,14.058,0.08,,,14.565,0.06,13.613,0.04,13.247,0.03,,,12.058,0.023,11.466,0.025,11.379,0.017,4618,165,138,4.655,0.036,0.03,-0.112,0.12,0.12,0.656,0.042,0.047,0.712,0.049,0.049,2.502,0.411,0.298,234.7,24.43,26.29,0.025,0.006,0.005,,,
6164,6164,6164,212105785,09 04 00.294,+22 08 05.17,1,13.825,,,561-048285,09040029+2208050,,STAR,gri,rpm,-1.4,4.4,-1.2,2.4,,,15.19,0.09,14.165,0.04,,,14.605,0.06,13.854,0.04,13.49,0.01,,,12.287,0.022,11.732,0.021,11.645,0.018,4770,95,76,1.826,0.99,0.825,-1.255,0.84,1.12,15.102,22.14,8.978,0.829,0.167,0.04,1.22E-04,0.003,1.14E-04,6104,10040,3796,0.033,0.011,0.005,,,
6165,6165,6165,212105786,08 35 06.325,+22 08 05.22,1,18.089,,,,08350632+2208052,4508-301-2-0106-0131,EXTENDED,gri,,6,3,5,3,,,,,,,21.187,0.139,19.215,0.014,18.081,0.008,17.606,0.008,17.253,0.016,16.344,0.113,15.983,0.134,15.372,0.127,,,,,,,,,,,,,,,,,,,,,,,,,,,
6166,6166,6166,212105806,08 57 40.260,+22 08 06.90,1,14.231,,,561-048083,08574026+2208070,,STAR,gri,rpm,-7.1,1.8,1.8,3.7,,,15.549,0.08,14.546,0.02,,,15.039,0.03,14.169,0.03,13.884,0.05,,,12.686,0.021,12.232,0.024,12.095,0.023,4931,59,59,4.58,0.024,1.08,0.019,0.25,0.25,0.78,2.513,0.04,0.863,0.251,0.052,1.743,0.213,1.711,407.4,1283,27.19,0.034,0.029,0.007,,,
6167,6167,6167,212105809,09 09 01.359,+22 08 07.02,1,17.467,,,,09090135+2208070,5061-301-6-0160-0241,EXTENDED,gri,,-1,2,1,2,,,,,,,19.92,0.07,18.334,0.008,17.512,0.006,17.095,0.007,16.749,0.017,16.438,0.131,15.68,0.144,15.041,0.11,,,,,,,,,,,,,,,,,,,,,,,,,,,
6168,6168,6168,212105816,08 51 52.012,+22 08 07.57,1,14.317,,,561-047854,08515202+2208075,,STAR,gri,rpm,4.6,1.8,-9.3,2.2,,,15.644,0.04,14.661,0.05,,,15.157,0.01,14.235,0.04,13.957,0.02,,,12.764,0.025,12.217,0.021,12.146,0.019,4764,57,115,4.629,0.03,0.03,-0.051,0.15,0.21,0.701,0.04,0.045,0.774,0.039,0.054,2.165,0.321,0.235,360.9,24.92,32.21,0.03,0.007,0.003,,,
6169,6169,6169,212105843,08 30 24.700,+22 08 09.42,1,15.027,,,561-046932,08302470+2208094,4508-301-3-0100-0220,STAR,BV,rpm,0.8,2.2,-1.6,2.4,,,16.171,0.1,15.193,0.048,,,15.716,0.047,,,,,,,13.624,0.027,13.098,0.024,13.069,0.032,4922,117,117,4.569,0.06,1.764,-0.31,0.3,0.54,0.784,5.443,0.101,0.807,0.144,0.072,1.701,0.465,1.697,650.1,4263,117.3,0.032,0.008,0.006,,,
6170,6170,6170,212105864,08 29 10.134,+22 08 11.02,1,18.515,,,,08291013+2208110,,STAR,JHK,col,,,,,,,,,,,,,,,,,,,,,15.973,0.077,15.436,0.118,14.984,0.107,3736,544,302,4.958,0.138,0.207,-0.168,0.2,0.32,0.306,0.197,0.104,0.314,0.229,0.143,10.57,10.28,6.486,466.4,436.3,197.4,0.032,0.01,0.008,,,
6171,6171,6171,212105894,08 59 51.195,+22 08 13.24,1,14.95,,,561-048159,08595120+2208132,5045-301-3-0161-0052,STAR,gri,rpm,-3.6,3.1,-0.2,3.3,,,16.12,0.02,15.195,0.02,,,15.621,0.06,14.867,0.04,14.663,0.06,,,13.528,0.023,13.043,0.028,12.933,0.021,5021,121,101,4.548,0.055,1.353,-0.285,0.25,0.4,0.811,3.214,0.099,0.859,0.134,0.101,1.551,0.424,1.538,649.2,2430,90.25,0.035,0.009,0.009,,,
6172,6172,6172,212105897,09 03 24.210,+22 08 13.51,1,19.205,,,,,5045-301-2-0166-0204,STAR,gri,,5,3,2,3,,,,,,,19.45,0.028,19.296,0.011,19.175,0.013,18.925,0.014,18.935,0.049,,,,,,,,,,,,,,,,,,,,,,,,,,,,,,,,,
6173,6173,6173,212105925,09 00 17.417,+22 08 15.50,1,13.282,,,561-048166,09001742+2208155,,STAR,gri,lam,-2.2,5.5,0.1,2.2,,,14.523,0.07,13.541,0.03,,,14.035,0.05,13.235,0.05,12.959,0.04,,,11.792,0.022,11.282,0.023,11.15,0.022,4890,78,78,3.068,0.145,0.145,-0.369,0.12,0.18,4.887,0.815,0.826,1.054,0.173,0.116,0.008,0.006,0.003,1642,312.3,221.8,0.033,0.01,0.007,,,
6174,6174,6174,212105952,08 26 51.216,+22 08 17.31,1,11.967,,1391-25-1,561-046761,08265121+2208173,,STAR,gri,rpm,-5.7,1.8,-5,2,,,12.517,0.335,11.541,0.17,,,12.175,0.03,11.898,0.04,11.806,0.06,,,11.101,0.021,10.864,0.022,10.83,0.021,6425,153,153,4.122,0.165,0.231,-0.114,0.15,0.27,1.53,0.655,0.275,1.254,0.202,0.145,0.3,0.24,0.168,517.8,214.3,100.8,0.032,0.01,0.007,,,
6175,6175,6175,212106005,08 31 32.888,+22 08 20.83,1,18.025,,,,08313288+2208208,,STAR,J,,,,,,,,,,,,,,,,,,,,,,16.488,0.135,16.004,0.169,,,,,,,,,,,,,,,,,,,,,,,,,,,,,
6176,6176,6176,212106017,08 28 17.278,+22 08 21.75,1,11.972,,,561-046836,08281727+2208218,,STAR,gri,rpm,-7.3,0.9,-8,1.2,,,13.185,0.042,12.252,0.03,,,12.711,0.031,11.932,0.04,11.656,0.06,,,10.497,0.02,9.99,0.022,9.898,0.021,4892,79,59,2.938,0.465,0.651,-0.378,0.25,0.25,5.02,5.382,2.037,1.041,0.174,0.109,0.006,0.026,0.006,976.2,848.3,351.7,0.034,0.008,0.007,,,
6177,6177,6177,212106023,09 09 07.954,+22 08 22.18,1,13.283,,,561-048470,09090795+2208222,,STAR,gri,rpm,-5.7,2.2,0.5,2.6,,,14.573,0.07,13.622,0.07,,,14.05,0.03,13.253,0.03,12.955,0.05,,,11.738,0.022,11.212,0.03,11.155,0.021,4853,97,77,2.966,0.47,0.658,-0.358,0.25,0.4,5.237,4.144,2.015,0.998,0.209,0.104,0.006,0.022,0.005,1784,1240,731.5,0.033,0.011,0.007,,,
6178,6178,6178,212106050,09 09 12.348,+22 08 23.82,1,12.224,,,561-048473,09091234+2208238,,STAR,gri,rpm,-2.5,1.6,-5.3,1.9,,,13.597,0.07,12.559,0.08,,,13.041,0.03,12.178,0.03,11.874,0.03,,,10.686,0.022,10.177,0.027,10.074,0.019,4778,57,57,2.746,0.48,0.4,-0.238,0.2,0.24,6.652,4.531,2.337,1.133,0.199,0.166,0.003,0.008,0.002,1365,734.8,477.7,0.033,0.01,0.006,,,
6179,6179,6179,212106064,08 34 22.471,+22 08 24.72,1,12.914,,,561-047118,08342247+2208248,,STAR,JHK,rpm,-21.5,0.9,-19.8,1.1,,,,,,,,,,,,,,,,,11.769,0.03,11.461,0.027,11.406,0.022,5893,215,179,4.4,0.07,0.196,-0.293,0.25,0.45,1.011,0.254,0.118,0.937,0.108,0.09,0.889,0.283,0.431,423.5,124.6,51.24,0.031,0.007,0.007,,,
6180,6180,6180,212106089,08 55 30.179,+22 08 26.67,1,18.195,,,,08553017+2208266,,STAR,J,,,,,,,,,,,,,,,,,,,,,,16.641,0.145,15.978,0.181,,,,,,,,,,,,,,,,,,,,,,,,,,,,,
6181,6181,6181,212106101,08 56 12.817,+22 08 27.16,1,19.18,,,,,5045-301-4-0156-0299,STAR,gri,,38,5,-57,5,,,,,,,22.79,0.356,20.386,0.022,19.164,0.012,18.663,0.012,18.329,0.03,,,,,,,,,,,,,,,,,,,,,,,,,,,,,,,,,
6182,6182,6182,212106110,08 34 48.462,+22 08 28.07,1,17.183,,,,,4508-301-2-0106-0279,EXTENDED,gri,,,,,,,,,,,,18.104,0.028,17.33,0.008,17.134,0.01,16.979,0.011,16.874,0.032,,,,,,,,,,,,,,,,,,,,,,,,,,,,,,,,,
6183,6183,6183,212106282,08 27 29.308,+22 08 40.37,1,10.883,,,561-046797,08272930+2208402,,STAR,gri,rpm,0,0.9,-5.1,1,,,13.108,0.041,11.496,0.03,,,12.336,0.03,10.956,0.04,10.26,0.06,,,8.549,0.03,7.773,0.021,7.552,0.021,3894,38,46,1.324,0.15,0.3,0.098,0.05,0.32,36.691,13.957,5.462,1.132,0.046,0.119,2.06E-05,1.48E-05,1.28E-05,1950,644.3,210.4,0.028,0.009,0.001,,,
6184,6184,6184,212106297,09 08 39.319,+22 08 41.80,1,12.656,,,561-048450,09083930+2208418,,STAR,gri,rpm,12.2,1.3,-24.4,2.7,,,13.51,0.07,12.868,0.08,,,13.113,0.03,12.626,0.02,12.46,0.02,,,11.541,0.026,11.286,0.034,11.177,0.022,5817,116,93,4.386,0.08,0.192,-0.108,0.2,0.28,1.038,0.282,0.13,1.004,0.063,0.101,0.827,0.325,0.423,395.9,118.1,53.46,0.031,0.008,0.007,,,
6185,6185,6185,212106306,08 55 10.056,+22 08 42.62,1,10.608,,1400-1009-1,561-047978,08551005+2208424,,STAR,gri,lam,-3.2,1.6,-0.8,1.6,,,11.822,0.18,10.758,0.09,,,11.451,0.05,10.551,0.04,10.247,0.03,,,9.04,0.03,8.489,0.016,8.371,0.046,4682,94,94,2.537,0.168,0.12,-0.06,0.1,0.12,10.781,0.739,2.233,1.384,0.319,0.228,0.001,9.08E-04,4.18E-04,957.7,60.02,191.3,0.034,0.01,0.007,,,
6186,6186,6186,212106310,08 35 08.305,+22 08 42.83,1,17.733,,,,08350830+2208428,,STAR,J,col,,,,,,,,,,,,,,,,,,,,,16.22,0.105,15.537,0.134,14.846,0.106,3682,382,327,5.004,0.115,0.161,-0.168,0.2,0.28,0.266,0.13,0.087,0.268,0.186,0.116,13.26,12.6,7.31,467.2,412.4,191.5,0.032,0.01,0.008,,,
6187,6187,6187,212106321,09 03 24.186,+22 08 43.68,1,14.256,,,561-048263,09032417+2208436,5045-301-2-0166-0094,STAR,gri,rpm,14.1,2.9,-8.9,6.6,,,15.307,0.07,14.596,0.05,,,14.903,0.08,14.312,0.03,13.979,0.01,,,13.427,0.044,13.091,0.039,13.006,0.03,5093,157,126,4.579,0.05,1.27,-0.43,0.3,0.54,0.757,2.726,0.099,0.79,0.108,0.09,1.772,0.564,1.751,571.3,1905,79.41,0.035,0.01,0.007,,,
6188,6188,6188,212106350,08 30 12.232,+22 08 45.80,1,10.88,,1391-343-1,561-046920,08301223+2208459,,STAR,gri,plx,2.6,1.3,-9.3,1.3,,,11.545,0.084,11.099,0.091,,,11.226,0.03,10.844,0.04,10.731,0.06,,,9.948,0.022,9.744,0.024,9.679,0.02,6216,126,126,4.326,0.054,0.063,-0.089,0.15,0.24,1.19,0.096,0.074,1.139,0.072,0.115,0.639,0.112,0.112,219.1,19.77,19.77,0.025,0.008,0.006,,,
6189,6189,6189,212106353,08 59 05.584,+22 08 46.20,1,10.974,,1400-1053-1,561-048136,08590558+2208461,,STAR,gri,lam,-7.1,1.5,2.8,1.5,,,11.399,0.087,11.147,0.102,,,11.228,0.04,10.923,0.05,10.865,0.03,,,10.161,0.025,9.947,0.024,9.937,0.019,6452,156,156,4.135,0.115,0.161,-0.021,0.1,0.1,1.582,0.401,0.236,1.334,0.138,0.099,0.293,0.156,0.117,355,79.34,54.93,0.03,0.008,0.007,,,
6190,6190,6190,212106355,09 05 07.555,+22 08 46.30,1,18.038,,,,09050755+2208462,,STAR,JHK,rpm,24,2,14,7,,,,,,,,,,,,,,,,,15.816,0.055,15.223,0.067,14.967,0.093,3732,374,280,4.995,0.08,0.112,-0.211,0.25,0.35,0.273,0.117,0.07,0.297,0.138,0.099,12.7,7.898,5.592,408.9,239.8,130.5,0.03,0.008,0.007,,,
6191,6191,6191,212106379,08 31 55.120,+22 08 47.83,1,18.559,,,,,4517-301-2-0111-0296,EXTENDED,gri,,-7,4,-7,4,,,,,,,20.486,0.16,18.989,0.019,18.562,0.019,18.374,0.022,18.134,0.065,,,,,,,,,,,,,,,,,,,,,,,,,,,,,,,,,
6192,6192,6192,212106470,09 05 19.517,+22 08 54.04,1,14.477,,,561-048336,09051950+2208541,,STAR,gri,rpm,-14.6,3.2,-7.4,3.5,,,15.724,0.09,14.804,0.07,,,15.214,0.07,14.441,0.06,14.161,0.02,,,13.077,0.023,12.572,0.023,12.483,0.019,4943,99,99,4.602,0.03,0.042,-0.136,0.2,0.32,0.726,0.067,0.052,0.787,0.06,0.072,1.964,0.317,0.323,449.9,52.58,47.07,0.033,0.007,0.006,,,
6193,6193,6193,212106518,08 26 22.262,+22 08 57.53,1,16.018,,,561-046742,08262226+2208576,6597-301-6-0214-0076,STAR,JHK,rpm,31.4,4.3,-38.6,4.6,,,,,,,,,,,,,,,,,14.802,0.035,14.502,0.048,14.381,0.052,6105,110,330,4.544,0.08,0.096,-2.164,0.93,0.09,0.728,0.108,0.079,0.703,0.028,0.039,1.73,0.604,0.522,1257,255.7,212.5,0.031,0.015,0.011,,,
6194,6194,6194,212106550,09 07 05.447,+22 09 00.00,1,13.486,,,561-048390,09070545+2209000,,STAR,gri,lam,-43,2.2,-13.5,2.6,,,14.243,0.06,13.646,0.06,,,13.881,0.04,13.468,0.04,13.317,0.06,,,12.436,0.024,12.115,0.026,12.087,0.024,5963,141,141,4.473,0.06,0.072,-0.964,0.15,0.12,0.832,0.095,0.071,0.781,0.036,0.036,1.302,0.337,0.314,472.2,55.18,49.41,0.032,0.01,0.006,,,
6195,6195,6195,212106559,08 27 30.942,+22 09 00.33,1,16.925,,,,08273094+2209003,,STAR,JHK,col,,,,,,,,,,,,,,,,,,,,,14.549,0.03,13.877,0.026,13.65,0.033,3965,233,194,4.853,0.096,0.08,-0.101,0.16,0.24,0.41,0.08,0.09,0.473,0.093,0.112,6.256,4.055,1.878,376.2,105.1,96.28,0.03,0.011,0.008,,,
6196,6196,6196,212106577,08 56 07.645,+22 09 01.74,1,10.17,,1400-1174-1,561-048023,08560764+2209016,,STAR,gri,plx,21.1,1.4,-53.8,1.4,,,10.922,0.067,10.312,0.054,,,10.618,0.04,10.131,0.03,9.978,0.03,,,9.105,0.027,8.855,0.033,8.753,0.018,5936,117,93,4.335,0.06,0.084,0.044,0.12,0.18,1.168,0.097,0.075,1.076,0.055,0.077,0.677,0.156,0.149,149.2,11.52,11.52,0.021,0.007,0.005,,,
6197,6197,6197,212106595,08 27 19.188,+22 09 03.03,1,12.413,,,561-046786,08271919+2209030,,STAR,gri,rpm,-3.7,1.5,-7.3,1.9,,,13.196,0.042,12.55,0.031,,,12.828,0.031,12.386,0.041,12.235,0.061,,,11.403,0.022,11.122,0.024,11.048,0.018,6002,120,120,4.155,0.2,0.24,-0.061,0.16,0.2,1.383,0.554,0.339,1.125,0.136,0.163,0.352,0.375,0.204,491.6,197.1,120.4,0.033,0.013,0.006,,,
6198,6198,6198,212106636,08 53 16.987,+22 09 06.24,1,14.927,,,561-047910,08531698+2209063,,STAR,JHK,rpm,30.2,2.3,-49.1,2.4,,,,,,,,,,,,,,,,,12.634,0.022,11.964,0.021,11.763,0.02,3977,186,124,4.84,0.05,0.06,-0.086,0.2,0.2,0.441,0.061,0.053,0.494,0.066,0.055,5.592,1.612,1.251,168.8,36.68,22.12,0.022,0.01,0.006,,,
6199,6199,6199,212106646,09 06 34.561,+22 09 06.82,1,17.536,,,,09063456+2209068,,STAR,J,col,,,,,,,,,,,,,,,,,,,,,16.038,0.094,15.316,0.117,14.587,0.097,3623,337,280,5.013,0.12,0.144,-0.128,0.2,0.28,0.243,0.147,0.079,0.251,0.17,0.106,13.26,12.6,6.46,411.8,282.7,167.6,0.03,0.01,0.008,,,
6200,6200,6200,212106660,08 33 09.929,+22 09 07.91,1,10.699,,1398-998-1,561-047073,08330992+2209080,,STAR,BV,plx,-5.8,1.4,-10.4,1.4,,,11.709,0.115,10.89,0.082,,,,,,,,,,,9.18,0.018,8.738,0.021,8.632,0.017,5083,152,152,2.426,0.088,0.055,-0.712,0.35,0.25,9.874,0.78,0.861,0.935,0.286,0.039,0.001,6.18E-04,1.69E-04,991.3,338.2,338.2,0.033,0.011,0.007,,,
6201,6201,6201,212106751,08 50 57.719,+22 09 13.82,1,19.533,,,,,5045-301-5-0149-0335,EXTENDED,gri,,-17,5,6,5,,,,,,,21.364,0.248,19.967,0.034,19.541,0.036,19.347,0.051,19.193,0.152,,,,,,,,,,,,,,,,,,,,,,,,,,,,,,,,,
6202,6202,6202,212106786,09 06 43.450,+22 09 17.29,1,16.779,,,,09064344+2209172,5038-301-2-0071-0139,STAR,gri,rpm,-28,3,-50,3,,,,,,,19.942,0.033,17.73,0.006,16.747,0.005,16.371,0.006,15.912,0.006,15.019,0.046,14.395,0.046,14.348,0.067,4449,44,44,4.836,0.055,0.066,-0.97,0.25,0.3,0.443,0.055,0.043,0.503,0.05,0.042,5.517,1.461,1.483,575.7,68.17,47.99,0.033,0.005,0.007,,,
6203,6203,6203,212106797,08 27 27.609,+22 09 18.11,1,15.529,,,561-046794,08272761+2209182,4508-301-4-0096-0225,STAR,BV,rpm,-2.1,3.1,1.1,3.5,,,15.744,0.07,15.502,0.054,,,15.613,0.046,,,,,,,14.983,0.038,14.773,0.062,14.739,0.08,6081,211,264,4.33,0.115,0.184,-0.474,0.25,0.4,1.087,0.284,0.166,0.919,0.123,0.088,0.718,0.394,0.329,2051,579,383.9,0.033,0.011,0.007,,,
6204,6204,6204,212106876,08 29 26.792,+22 09 23.61,1,12.729,,,561-046880,08292678+2209235,,STAR,gri,rpm,-7.2,0.9,-10.3,1.1,,,13.491,0.042,12.862,0.031,,,13.134,0.031,12.686,0.041,12.556,0.062,,,11.702,0.022,11.428,0.02,11.378,0.019,6021,120,145,4.249,0.13,0.234,-0.032,0.12,0.21,1.269,0.463,0.238,1.104,0.123,0.088,0.476,0.362,0.272,545.2,169.6,112.9,0.033,0.007,0.007,,,
6205,6205,6205,212106917,08 53 24.140,+22 09 26.38,1,12.616,,,561-047917,08532413+2209264,,STAR,gri,rpm,-15.9,2.3,-19.6,1,,,13.453,0.05,12.745,0.02,,,13.072,0.031,12.549,0.041,12.421,0.03,,,11.501,0.022,11.175,0.023,11.15,0.02,5792,116,163,4.417,0.06,0.228,-0.085,0.16,0.24,1.001,0.303,0.09,0.99,0.07,0.084,0.946,0.231,0.516,375.3,126.3,50.68,0.031,0.007,0.007,,,
6206,6206,6206,212107022,09 02 38.641,+22 09 34.32,1,19.832,,,,,5038-301-3-0065-0248,STAR,gri,,0,3,0,3,,,,,,,21.804,0.113,19.954,0.015,19.791,0.017,19.66,0.02,19.492,0.062,,,,,,,,,,,,,,,,,,,,,,,,,,,,,,,,,
6207,6207,6207,212107052,08 58 12.630,+22 09 36.74,1,17.579,,,,08581263+2209367,5038-301-4-0059-0167,EXTENDED,gri,,-1,3,0,3,,,,,,,19.875,0.066,18.478,0.01,17.613,0.008,17.193,0.008,16.888,0.024,16.394,0.112,15.833,0.152,15.332,0.163,,,,,,,,,,,,,,,,,,,,,,,,,,,
6208,6208,6208,212107061,09 00 09.418,+22 09 37.43,1,12.488,,,561-048165,09000942+2209375,,STAR,gri,rpm,12.3,1.8,4.4,1.7,,,13.22,0.06,12.625,0.02,,,12.912,0.05,12.435,0.05,12.307,0.03,,,11.447,0.023,11.134,0.023,11.088,0.018,5895,136,205,4.325,0.115,0.322,-0.098,0.16,0.2,1.157,0.547,0.166,1.052,0.091,0.091,0.631,0.378,0.42,435.6,168.5,77.59,0.03,0.008,0.006,,,
6209,6209,6209,212107082,08 52 34.178,+22 09 38.82,1,12.859,,,561-047879,08523417+2209388,,STAR,gri,lam,62.1,1,-71.3,1.1,,,13.96,0.03,13.12,0.01,,,13.509,0.02,12.832,0.01,12.581,0.01,,,11.511,0.023,11.008,0.021,10.928,0.022,5081,101,101,4.658,0.02,0.024,-0.781,0.24,0.09,0.631,0.038,0.023,0.666,0.047,0.021,2.587,0.25,0.271,197.9,14.54,9.773,0.024,0.002,0.004,,,
6210,6210,6210,212107105,08 53 50.781,+22 09 40.14,1,10.504,,1400-46-1,561-047936,08535077+2209402,,STAR,gri,rpm,-7.8,1.6,-9.8,1.7,,,11.943,0.2,10.945,0.106,,,11.665,0.02,10.495,0.02,10.006,0.03,,,8.494,0.026,7.785,0.026,7.643,0.036,4182,103,51,1.44,0.41,0.984,-0.376,0.35,1.47,29.142,58.058,9.439,0.982,0.247,0.177,3.20E-05,8.83E-05,3.10E-05,1723,3339,603.5,0.034,0.014,0.007,,,
6211,6211,6211,212107129,08 27 00.530,+22 09 42.17,1,14.217,,,561-046771,08270052+2209421,,STAR,gri,rpm,-4.5,3.1,0.9,3.5,,,15.382,0.05,14.5,0.04,,,14.956,0.04,14.191,0.047,13.899,0.071,,,12.804,0.022,12.258,0.022,12.158,0.022,4854,96,96,3.027,1.397,0.635,-0.461,0.3,0.24,4.546,4.339,3.75,0.927,0.155,0.155,0.007,1.212,0.006,2480,2127,2093,0.034,0.007,0.006,,,
6212,6212,6212,212107186,08 29 37.316,+22 09 46.37,1,12.412,,,561-046890,08293731+2209463,,STAR,gri,rpm,-29.5,0.6,-23.6,1.1,,,13.274,0.042,12.57,0.031,,,12.889,0.031,12.354,0.041,12.207,0.061,,,11.312,0.022,10.984,0.021,10.912,0.017,5732,138,138,4.447,0.055,0.176,-0.138,0.16,0.24,0.954,0.238,0.092,0.962,0.069,0.082,1.028,0.281,0.48,325.1,81.54,55.31,0.029,0.007,0.006,,,
6213,6213,6213,212107226,08 27 42.278,+22 09 50.00,1,15.595,,,561-046809,08274228+2209500,4508-301-4-0097-0031,STAR,JHK,rpm,3.8,3.1,1.4,3.4,,,,,,,,,,,,,,,,,14.211,0.026,13.723,0.031,13.667,0.036,5047,180,150,4.576,0.048,1.16,-0.263,0.25,0.5,0.757,2.176,0.07,0.812,0.088,0.074,1.806,0.39,1.771,823,2364,106.2,0.032,0.008,0.007,,,
6214,6214,6214,212107264,08 50 17.339,+22 09 52.60,1,13.502,,,561-047785,,,STAR,gri,,-56.6,4.7,-6.2,2.2,,,15.768,0.07,14.266,0.02,,,15.096,0.03,13.683,0.02,12.818,0.02,,,,,,,,,,,,,,,,,,,,,,,,,,,,,,,,,,,
6215,6215,6215,212107284,09 07 27.761,+22 09 53.81,1,12.336,,,561-048401,09072777+2209537,,STAR,gri,lam,19.8,1.6,-10,1.2,,,13.182,0.05,12.507,0.07,,,12.778,0.05,12.307,0.04,12.147,0.03,,,11.244,0.022,10.932,0.028,10.881,0.02,5829,140,164,4.426,0.055,0.066,-0.164,0.12,0.12,0.988,0.104,0.081,0.969,0.067,0.067,0.976,0.211,0.204,322.1,44.33,33.7,0.03,0.007,0.006,,,
6216,6216,6216,212107310,08 33 44.703,+22 09 55.24,1,16.276,,,,08334470+2209552,4508-301-2-0105-0063,EXTENDED,gri,,2,3,-1,3,,,,,,,18.119,0.026,16.899,0.006,16.326,0.005,16.009,0.006,15.763,0.011,16.442,0.177,,,,,,,,,,,,,,,,,,,,,,,,,,,,,,,
6217,6217,6217,212107335,08 51 14.526,+22 09 57.17,1,14.363,,,561-047829,08511452+2209571,,STAR,gri,rpm,0.6,8.1,-22.8,4.2,,,15.456,0.02,14.605,0.041,,,14.995,0.04,14.277,0.048,14.093,0.073,,,13.029,0.023,12.576,0.03,12.508,0.023,5150,125,125,4.583,0.025,0.04,-0.165,0.2,0.28,0.754,0.067,0.052,0.813,0.069,0.069,1.827,0.247,0.297,485.7,63.29,40.69,0.033,0.01,0.007,,,
6218,6218,6218,212107343,08 55 08.734,+22 09 57.75,1,10.382,,1400-1077-1,561-047976,08550873+2209577,,STAR,gri,plx,-17.6,1.6,-40.4,1.6,,,11.647,0.14,10.55,0.072,,,11.167,0.01,10.333,0.01,10.045,0.03,,,8.915,0.02,8.413,0.024,8.308,0.023,4840,58,58,3.138,0.235,0.376,-0.104,0.12,0.18,4.759,3.132,1.166,1.243,0.186,0.155,0.01,0.012,0.007,337.2,80.1,80.1,0.032,0.011,0.008,,,
6219,6219,6219,212107350,09 07 49.566,+22 09 58.20,1,18.199,,,,09074956+2209581,,STAR,J,col,,,,,,,,,,,,,,,,,,,,,16.645,0.145,15.664,0.145,15.204,0.128,3832,429,358,4.934,0.135,0.162,-0.254,0.25,0.3,0.335,0.154,0.122,0.363,0.172,0.172,8.493,12.07,4.428,769.2,486.9,342.2,0.032,0.01,0.007,,,
6220,6220,6220,212107355,08 26 15.828,+22 09 58.42,1,13.602,,,561-046738,08261583+2209584,,STAR,gri,rpm,-2.2,3.5,0,3.2,,,15.524,0.05,14.134,0.037,,,14.906,0.039,13.563,0.043,13.043,0.063,,,11.608,0.022,10.967,0.022,10.852,0.025,4311,132,212,0.343,4.455,0.225,-2.093,1.68,0.3,92.757,27.843,92.319,0.797,0.016,0.287,8.12E-07,5.12,4.41E-07,24710,9872,24590,0.033,0.015,0.015,,,
6221,6221,6221,212107443,08 52 03.527,+22 10 05.49,1,15.605,,,561-047864,08520352+2210054,5045-301-5-0150-0125,STAR,gri,rpm,3.6,2.1,-5.4,2.3,,,17.019,0.12,16.061,0.04,,,16.583,0.04,15.57,0.06,15.186,0.06,,,13.803,0.029,13.173,0.023,13.086,0.028,4503,108,90,4.683,0.042,0.035,-0.143,0.2,0.24,0.62,0.051,0.056,0.685,0.049,0.058,2.747,0.586,0.409,477.8,53.39,57.03,0.032,0.01,0.006,,,
6222,6222,6222,212107462,08 27 48.980,+22 10 07.00,1,17.634,,,,08274897+2210069,4508-301-4-0097-0245,EXTENDED,gri,,-3,3,2,3,,,,,,,19.598,0.053,18.374,0.009,17.721,0.008,17.317,0.007,17.069,0.019,16.403,0.117,15.902,0.169,15.271,0.132,,,,,,,,,,,,,,,,,,,,,,,,,,,
6223,6223,6223,212107473,09 05 31.664,+22 10 07.52,1,17.879,,,,09053166+2210075,5071-301-6-0153-0186,EXTENDED,gri,,-2,3,3,3,,,,,,,21.355,0.209,19.104,0.014,17.866,0.008,17.354,0.008,17.018,0.018,16.458,0.142,15.367,0.125,14.846,0.107,,,,,,,,,,,,,,,,,,,,,,,,,,,
6224,6224,6224,212107491,09 06 41.144,+22 10 09.12,1,19.227,,,,,5038-301-2-0071-0225,STAR,gri,,22,4,-42,4,,,,,,,23.117,0.349,20.532,0.023,19.179,0.012,18.668,0.011,18.342,0.025,,,,,,,,,,,,,,,,,,,,,,,,,,,,,,,,,
6225,6225,6225,212107527,08 52 19.433,+22 10 11.18,1,17.368,,,,08521943+2210111,5045-301-5-0151-0130,EXTENDED,gri,,2,4,2,0,,,,,,,19.866,0.055,18.182,0.008,17.398,0.006,17.019,0.006,16.734,0.014,16.116,0.099,15.593,0.125,15.101,0.131,,,,,,,,,,,,,,,,,,,,,,,,,,,
6226,6226,6226,212107566,09 05 14.067,+22 10 13.70,1,11.111,,1407-927-1,561-048330,09051405+2210138,,STAR,gri,rpm,3.3,1.6,-7.3,1.8,,,12.321,0.259,11.938,0.251,,,11.969,0.06,11.111,0.03,10.743,0.04,,,9.491,0.021,8.889,0.023,8.796,0.02,4633,74,74,2.371,0.19,0.57,-0.328,0.25,0.55,11.74,8.774,2.859,1.078,0.226,0.188,6.62E-04,7.73E-04,5.66E-04,1211,851.9,224.3,0.034,0.01,0.007,,,
6227,6227,6227,212107602,08 33 23.003,+22 10 16.19,1,13.921,,,561-047087,08332300+2210162,,STAR,JHK,rpm,0.4,1.5,-8.2,1.7,,,,,,,,,,,,,,,,,12.469,0.022,12.003,0.027,11.887,0.02,5076,142,121,3.402,0.944,0.59,-0.395,0.3,0.48,2.941,2.253,2.1,0.934,0.238,0.108,0.032,0.949,0.027,1397,964.6,1001,0.033,0.008,0.007,,,
6228,6228,6228,212107607,08 53 23.242,+22 10 16.50,1,11.936,,,561-047914,08532323+2210165,,STAR,gri,lam,-7.7,2.1,-1.9,1.5,,,13.172,0.03,12.192,0.01,,,12.661,0.02,11.889,0.03,11.625,0.04,,,10.558,0.02,10.08,0.023,9.969,0.022,4941,78,78,3.261,0.144,0.144,-0.362,0.12,0.12,4,0.678,0.58,1.082,0.12,0.1,0.016,0.01,0.005,787.5,122.9,106.3,0.032,0.01,0.008,,,
6229,6229,6229,212107635,08 51 13.989,+22 10 18.68,1,11.787,,1399-1517-1,561-047827,08511399+2210188,,STAR,gri,plx,-9.4,2.1,-6,2.4,,,13.174,0.497,11.878,0.216,,,12.516,0.02,11.751,0.01,11.475,0.02,,,10.322,0.025,9.774,0.027,9.737,0.02,4862,77,77,2.574,0.484,0.264,-0.575,0.25,0.3,8.213,2.564,3.443,0.978,0.164,0.082,0.002,0.007,9.06E-04,1043,653.1,653.1,0.033,0.008,0.007,,,
6230,6230,6230,212107679,08 57 26.128,+22 10 21.19,1,14.877,,,561-048076,08572613+2210211,5038-301-4-0058-0054,STAR,gri,rpm,-0.7,3.1,4.2,3.3,,,16.182,0.02,15.21,0.04,,,15.711,0.04,14.833,0.05,14.519,0.06,,,13.191,0.023,12.675,0.024,12.523,0.026,4838,96,77,4.601,0.04,1.64,-0.122,0.15,0.3,0.734,4.593,0.057,0.808,0.195,0.073,1.919,0.409,1.913,472.7,2913,46.53,0.035,0.01,0.007,,,
6231,6231,6231,212107685,08 33 51.323,+22 10 21.77,1,17.373,,,,08335132+2210217,4508-301-2-0105-0178,EXTENDED,gri,,0,3,-6,3,,,,,,,18.748,0.026,17.694,0.006,17.394,0.006,17.236,0.007,17.066,0.016,16.57,0.173,16.166,0.195,,,,,,,,,,,,,,,,,,,,,,,,,,,,,
6232,6232,6232,212107705,08 57 08.371,+22 10 23.01,1,12.322,,,561-048070,08570837+2210229,,STAR,gri,rpm,-11.5,1.1,3.6,1.3,,,13.51,0.02,12.568,0.01,,,13.014,0.04,12.272,0.04,12.026,0.03,,,10.938,0.022,10.485,0.023,10.403,0.022,5045,100,100,3.212,0.43,0.86,-0.462,0.36,0.3,3.944,6.226,1.591,0.976,0.229,0.092,0.015,0.067,0.014,900.1,1171,333.5,0.031,0.013,0.009,,,
6233,6233,6233,212107780,08 52 29.187,+22 10 27.95,1,12.852,,,561-047873,08522919+2210279,,STAR,gri,rpm,-48.1,1.4,-23.8,1.5,,,14.668,0.02,13.386,0.033,,,14.086,0.02,12.848,0.03,12.323,0.01,,,10.933,0.023,10.281,0.021,10.114,0.022,4084,40,98,4.789,0.048,0.02,0.019,0.12,0.12,0.496,0.023,0.044,0.564,0.014,0.046,4.541,0.918,0.4,104.8,28.22,32.75,0.015,0.002,0.002,,,
6234,6234,6234,212107786,09 06 37.284,+22 10 28.23,1,12.458,,,561-048383,09063728+2210282,,STAR,gri,lam,-6.7,1.7,-4.1,2.7,,,13.313,0.07,12.627,0.08,,,12.902,0.06,12.412,0.04,12.268,0.03,,,11.456,0.022,11.158,0.027,11.069,0.022,5905,70,94,4.201,0.165,0.09,0.216,0.21,0.12,1.405,0.138,0.277,1.164,0.028,0.085,0.408,0.342,0.107,509.2,58.2,99.1,0.035,0.008,0.01,,,
6235,6235,6235,212107822,08 29 55.468,+22 10 30.84,1,11.146,,1391-958-1,561-046908,08295546+2210307,,STAR,gri,plx,-2.4,1.5,-1.1,1.6,,,12.391,0.276,11.329,0.118,,,11.951,0.03,11.127,0.04,10.802,0.06,,,9.593,0.022,9.044,0.029,8.937,0.022,4783,76,76,2.58,0.456,0.228,-0.308,0.2,0.24,8.653,2.628,3.332,1.114,0.214,0.153,0.001,0.005,6.22E-04,687.9,270.3,270.3,0.033,0.008,0.007,,,
6236,6236,6236,212107881,08 56 20.787,+22 10 35.01,1,11.597,,,561-048033,08562078+2210349,,STAR,gri,lam,-5.4,0.9,-5.4,1,,,13.011,0.02,11.916,0.01,,,12.442,0.05,11.57,0.03,11.235,0.02,,,10.003,0.025,9.431,0.023,9.298,0.02,4712,74,74,2.54,0.168,0.12,-0.327,0.12,0.12,9.163,1.777,1.489,1.123,0.141,0.141,0.001,9.36E-04,4.80E-04,1270,218.7,186.6,0.034,0.01,0.008,,,
6237,6237,6237,212107914,08 30 26.217,+22 10 37.39,1,15.43,,,561-046937,08302621+2210374,4508-301-3-0100-0268,STAR,JHK,rpm,-6.7,2.1,-1.2,2.4,,,,,,,,,,,,,,,,,14.036,0.026,13.505,0.022,13.486,0.033,4904,145,116,4.612,0.035,0.063,-0.215,0.25,0.35,0.719,0.126,0.051,0.779,0.065,0.077,2.01,0.325,1.951,686.8,166,70.44,0.033,0.01,0.008,,,
6238,6238,6238,212107946,08 50 44.107,+22 10 39.59,1,13.854,,,561-047803,08504410+2210396,,STAR,gri,rpm,-49.3,4.1,-19.7,3.1,,,15.007,0.01,14.118,0.03,,,14.535,0.02,13.83,0.03,13.562,0.04,,,12.602,0.025,12.159,0.025,12.036,0.02,5112,81,61,4.626,0.045,0.063,-0.602,0.42,0.28,0.665,0.09,0.054,0.704,0.077,0.055,2.293,0.464,0.553,343.6,57.5,41.57,0.03,0.011,0.005,,,
6239,6239,6239,212107948,08 50 44.903,+22 10 39.81,1,15.126,,,561-047805,08504489+2210401,,STAR,JHK,col,,,,,,,,,,,,,,,,,,,,,13.18,0.025,12.551,0.029,12.413,0.026,4218,283,340,4.775,0.12,0.1,-0.137,0.2,0.32,0.482,0.119,0.096,0.539,0.139,0.116,4.341,2.539,1.602,253.5,91.62,67.3,0.026,0.008,0.006,,,
6240,6240,6240,212107975,08 50 17.823,+22 10 41.51,1,12.854,,,561-047786,08501783+2210414,,STAR,gri,rpm,-6.8,1,-4.5,1.6,,,13.797,0.03,13.049,0.01,,,13.382,0.02,12.828,0.01,12.628,0.02,,,11.64,0.02,11.318,0.021,11.206,0.018,5611,133,167,4.434,0.072,0.624,-0.047,0.2,0.28,1.019,1.078,0.129,1.027,0.172,0.069,0.983,0.255,0.87,386.7,389.1,52.21,0.035,0.017,0.012,,,
6241,6241,6241,212108038,08 53 30.147,+22 10 45.89,1,19.539,,,,,5038-301-5-0052-0242,STAR,gri,,8,5,-3,5,,,,,,,20.153,0.037,19.662,0.013,19.498,0.014,19.679,0.023,19.532,0.063,,,,,,,,,,,,,,,,,,,,,,,,,,,,,,,,,
6242,6242,6242,212108043,08 35 35.585,+22 10 46.39,1,11.745,,,561-047168,08353558+2210464,,STAR,JHK,rpm,-4.1,0.8,-7.6,0.9,,,,,,,,,,,,,,,,,10.285,0.021,9.774,0.021,9.699,0.019,4889,98,98,2.747,0.522,0.435,-0.39,0.25,0.35,6.398,4.969,2.797,1.073,0.228,0.163,0.002,0.012,0.002,1103,593.6,445.1,0.032,0.008,0.007,,,
6243,6243,6243,212108083,09 04 39.488,+22 10 50.66,1,18.168,,,,09043948+2210506,5045-301-2-0168-0131,STAR,gri,,0,3,2,3,,,,,,,19.618,0.032,18.261,0.007,18.137,0.007,18.053,0.009,17.982,0.022,16.539,0.126,16.08,0.16,,,,,,,,,,,,,,,,,,,,,,,,,,,,,
6244,6244,6244,212108106,08 58 45.342,+22 10 51.94,1,11.942,,1400-716-1,561-048124,08584536+2210520,,STAR,gri,lam,16.7,1.8,-16.9,1.9,,,12.568,0.292,11.966,0.22,,,12.31,0.05,11.892,0.05,11.784,0.03,,,10.961,0.023,10.712,0.024,10.638,0.018,6034,169,121,4.251,0.115,0.138,-0.053,0.08,0.1,1.25,0.271,0.189,1.108,0.105,0.087,0.489,0.26,0.196,380.2,84.96,58.82,0.031,0.01,0.007,,,
6245,6245,6245,212108144,09 08 00.781,+22 10 53.98,1,13.504,,,561-048419,09080078+2210540,,STAR,gri,lam,-13.7,2.2,-5.9,2.5,,,14.871,0.06,13.886,0.08,,,14.344,0.05,13.462,0.043,13.143,0.07,,,11.992,0.024,11.49,0.032,11.413,0.023,4876,144,173,4.6,0.025,0.025,0.036,0.08,0.1,0.738,0.035,0.04,0.806,0.041,0.041,1.96,0.259,0.193,276.7,22.53,28.72,0.029,0.005,0.006,,,
6246,6246,6246,212108152,08 57 54.093,+22 10 54.41,1,13.192,,,561-048095,08575409+2210544,,STAR,gri,rpm,-5,1.6,-19.8,1.8,,,14.129,0.03,13.369,0.01,,,13.716,0.04,13.152,0.05,12.968,0.03,,,11.972,0.021,11.595,0.023,11.537,0.019,5547,134,89,4.511,0.035,0.077,-0.189,0.2,0.32,0.859,0.111,0.083,0.901,0.079,0.095,1.327,0.232,0.334,372.6,56.38,41.28,0.032,0.01,0.008,,,
6247,6247,6247,212108161,08 26 35.503,+22 10 56.11,1,19.674,,,,,6597-301-6-0215-0162,STAR,gri,,4,4,1,4,,,,,,,20.313,0.052,20.079,0.017,19.633,0.018,19.501,0.024,19.461,0.073,,,,,,,,,,,,,,,,,,,,,,,,,,,,,,,,,
6248,6248,6248,212108172,09 06 27.650,+22 10 56.54,1,13.532,,,561-048379,09062763+2210565,,STAR,gri,rpm,7.4,1.8,-5,3.4,,,14.472,0.07,13.744,0.07,,,14.048,0.06,13.519,0.04,13.311,0.04,,,12.346,0.024,11.935,0.031,11.839,0.024,5373,194,161,3.691,0.755,1.057,-0.494,0.4,0.64,1.938,4.196,1.196,0.904,0.164,0.043,0.082,1.166,0.079,1047,1594,631.8,0.033,0.007,0.006,,,
6249,6249,6249,212108264,09 07 36.466,+22 11 03.07,1,14.662,,,561-048407,09073646+2211030,,STAR,gri,rpm,-5.2,3.2,1.2,3.5,,,15.858,0.13,15.003,0.07,,,15.369,0.07,14.614,0.03,14.359,0.04,,,13.368,0.028,12.898,0.035,12.864,0.028,5050,121,101,4.55,0.06,1.32,-0.25,0.24,0.42,0.819,3.256,0.11,0.872,0.125,0.107,1.56,0.525,1.546,619.2,2211,115.9,0.033,0.008,0.006,,,
6250,6250,6250,212108335,08 51 53.352,+22 11 08.59,1,14.793,,,561-047855,08515335+2211085,5045-301-5-0150-0092,STAR,gri,rpm,-18.3,2.1,-6.8,2.3,,,16.907,0.06,15.551,0.05,,,16.27,0.03,14.954,0.02,14.16,0.02,,,12.506,0.022,11.861,0.02,11.672,0.02,3908,46,78,4.842,0.06,0.02,0.088,0.08,0.2,0.448,0.009,0.067,0.502,0.01,0.079,5.631,1.948,0.338,160.4,4.813,26.74,0.022,0.01,0.007,,,
6251,6251,6251,212108337,08 55 08.650,+22 11 08.65,1,17.267,,,,08550865+2211086,5045-301-4-0155-0160,EXTENDED,gri,,-1,3,1,3,,,,,,,19.274,0.05,18.017,0.008,17.347,0.007,16.945,0.007,16.734,0.022,16.388,0.131,,,15.522,0.188,,,,,,,,,,,,,,,,,,,,,,,,,,,
6252,6252,6252,212108364,09 09 15.643,+22 11 10.91,1,17.684,,,,,5061-301-6-0161-0081,EXTENDED,gri,,2,3,0,3,,,,,,,20.021,0.088,18.39,0.01,17.748,0.009,17.382,0.011,17.157,0.032,,,,,,,,,,,,,,,,,,,,,,,,,,,,,,,,,
6253,6253,6253,212108377,08 56 26.248,+22 11 11.68,1,11.77,,,561-048038,08562625+2211116,,STAR,gri,rpm,0.3,0.8,-2.8,2.4,,,13.094,0.03,12.044,0.01,,,12.544,0.04,11.717,0.04,11.438,0.03,,,10.248,0.022,9.717,0.021,9.578,0.018,4789,77,77,2.473,0.513,0.114,-0.284,0.15,0.21,10.669,0.763,4.738,1.159,0.186,0.155,9.58E-04,0.005,2.14E-04,1627,145.5,681.3,0.035,0.01,0.007,,,
6254,6254,6254,212108417,09 00 29.673,+22 11 14.31,1,17.378,,,,09002967+2211143,5045-301-3-0162-0128,EXTENDED,gri,,3,3,-6,3,,,,,,,19.441,0.049,18.167,0.008,17.441,0.007,17.04,0.007,16.729,0.02,16.39,0.106,15.709,0.127,15.34,0.149,,,,,,,,,,,,,,,,,,,,,,,,,,,
6255,6255,6255,212108455,09 02 50.209,+22 11 17.33,1,10.284,,1400-2363-1,561-048247,09025021+2211172,,STAR,gri,rpm,-21.3,1.3,-14.7,1.3,,,10.784,0.064,10.388,0.064,,,10.632,0.04,10.261,0.03,10.136,0.03,,,9.403,0.023,9.167,0.022,9.131,0.021,6185,124,124,4.093,0.23,0.23,-0.053,0.12,0.18,1.5,0.759,0.38,1.236,0.203,0.145,0.299,0.386,0.188,230.5,95.98,58.04,0.026,0.008,0.006,,,
6256,6256,6256,212108496,08 28 54.232,+22 11 20.11,1,12.222,,,561-046859,08285423+2211200,,STAR,gri,rpm,-7.6,2.1,-12.4,1.5,,,13.011,0.041,12.391,0.031,,,12.655,0.031,12.194,0.04,12.036,0.061,,,11.144,0.02,10.866,0.026,10.781,0.021,6011,121,145,4.163,0.21,0.21,-0.024,0.15,0.27,1.42,0.461,0.348,1.134,0.142,0.118,0.329,0.383,0.177,466.1,146.9,111.7,0.032,0.014,0.007,,,
6257,6257,6257,212108613,09 07 20.560,+22 11 27.57,1,10.895,,1407-978-1,561-048398,09072056+2211273,,STAR,gri,rpm,-21.5,1.6,-15.9,1.7,,,11.796,0.135,11.218,0.12,,,11.466,0.05,10.885,0.04,10.65,0.03,,,9.708,0.026,9.299,0.031,9.161,0.021,5240,158,126,3.134,0.654,0.763,-0.759,0.56,0.35,3.455,5.887,1.467,0.908,0.182,0.035,0.016,0.113,0.015,490.2,695,218.1,0.029,0.007,0.008,,,
6258,6258,6258,212108616,08 58 11.348,+22 11 27.96,1,12.967,,,561-048114,08581135+2211279,,STAR,gri,lam,-4,1.8,-66.3,1.3,,,14.795,0.03,13.484,0.02,,,14.222,0.04,12.919,0.04,12.429,0.04,,,11.03,0.02,10.434,0.024,10.263,0.018,4146,132,165,4.794,0.081,0.045,-0.195,0.15,0.18,0.483,0.047,0.081,0.545,0.048,0.097,4.578,2.193,0.814,94.11,16.71,19.25,0.014,0.006,0.004,,,
6259,6259,6259,212108721,08 29 54.104,+22 11 35.99,1,13.457,,,561-046906,08295410+2211360,,STAR,gri,rpm,-8.2,2.1,-5.2,3,,,14.578,0.03,13.721,0.034,,,14.106,0.034,13.415,0.043,13.179,0.064,,,12.152,0.023,11.709,0.024,11.614,0.02,5152,103,124,3.67,0.918,0.51,-0.274,0.25,0.5,2.172,1.655,1.473,0.921,0.228,0.071,0.067,1.292,0.055,1003,561.3,687.2,0.033,0.007,0.007,,,
6260,6260,6260,212108728,08 56 36.724,+22 11 36.29,1,11.055,,1400-812-1,561-048046,08563672+2211363,,STAR,gri,lam,-2.1,1.6,-10.5,1.7,,,11.793,0.119,11.308,0.116,,,11.426,0.05,11,0.04,10.897,0.03,,,10.088,0.022,9.862,0.021,9.796,0.022,5259,165,206,2.501,0.165,0.066,-1.198,0.15,0.18,8.618,0.745,1.613,0.876,0.018,0.018,0.001,0.001,2.47E-04,1389,95.2,237.9,0.033,0.011,0.007,,,
6261,6261,6261,212108742,09 09 26.145,+22 11 37.02,1,10.518,,1407-356-1,561-048483,09092614+2211370,,STAR,gri,rpm,-12.4,1.1,-4.6,1.1,,,10.519,0.046,10.357,0.053,,,10.603,0.03,10.49,0.02,10.499,0.03,,,9.925,0.024,9.859,0.031,9.813,0.021,7308,149,149,4.077,0.135,0.162,-0.021,0.1,0.1,1.852,0.445,0.304,1.631,0.143,0.119,0.223,0.139,0.098,415.5,108.5,74.95,0.032,0.01,0.007,,,
6262,6262,6262,212108781,09 06 07.255,+22 11 39.55,1,11.027,,1407-726-1,561-048367,09060724+2211396,,STAR,gri,rpm,-1.9,1.3,-3,1.3,,,11.484,0.107,11.433,0.148,,,11.131,0.05,10.993,0.04,10.988,0.03,,,10.423,0.024,10.276,0.028,10.23,0.021,6987,214,214,4.056,0.155,0.217,-0.022,0.1,0.12,1.892,0.653,0.361,1.554,0.217,0.145,0.211,0.16,0.116,509.8,178.2,98.27,0.031,0.007,0.007,,,
6263,6263,6263,212108823,08 35 00.095,+22 11 42.54,1,9.776,,1398-1109-1,561-047144,08350009+2211425,,STAR,BV,rpm,-0.7,1.3,-2.2,1.3,,,11.323,0.097,10.026,0.043,,,,,,,,,,,7.537,0.024,6.849,0.023,6.69,0.021,4284,102,102,1.727,0.215,0.258,-0.228,0.25,0.35,25.612,6.189,5.858,1.234,0.308,0.257,6.68E-05,8.62E-05,3.33E-05,969.5,239.8,192.3,0.033,0.008,0.007,,,
6264,6264,6264,212108880,09 02 44.140,+22 11 46.68,1,11.389,,1400-2162-1,561-048243,09024414+2211467,,STAR,gri,lam,0,1.7,-12.5,1.8,,,11.972,0.192,11.447,0.156,,,11.583,0.04,11.325,0.04,11.211,0.04,,,10.51,0.022,10.316,0.021,10.229,0.019,6458,155,155,4.215,0.09,0.108,-0.087,0.12,0.15,1.428,0.223,0.193,1.26,0.094,0.113,0.411,0.17,0.14,361.9,61.34,52.45,0.031,0.007,0.007,,,
6265,6265,6265,212108902,08 35 10.902,+22 11 47.53,1,13.227,,,561-047155,08351090+2211475,,STAR,JHK,rpm,-6.7,1.2,-3.1,1.5,,,,,,,,,,,,,,,,,11.735,0.021,11.239,0.023,11.133,0.02,4954,118,99,3.248,0.366,0.793,-0.353,0.3,0.42,3.752,5.403,1.09,1.01,0.22,0.132,0.017,0.032,0.016,1275,1520,382.6,0.033,0.011,0.006,,,
6266,6266,6266,212108981,08 57 27.631,+22 11 52.86,1,13.317,,,561-048078,08572764+2211529,,STAR,gri,lam,-1.6,1.6,-4.3,2.9,,,14.406,0.03,13.535,0.01,,,13.946,0.04,13.27,0.05,13.048,0.02,,,11.957,0.021,11.491,0.023,11.374,0.02,5049,122,81,3.509,0.14,0.14,-0.375,0.15,0.15,2.971,0.504,0.509,1.081,0.13,0.108,0.039,0.025,0.015,1130,226.2,159.4,0.035,0.008,0.007,,,
6267,6267,6267,212109041,08 57 55.324,+22 11 56.75,1,15.104,,,561-048097,08575533+2211567,5038-301-4-0058-0177,STAR,gri,rpm,-0.3,3,-6.4,3.2,,,16.586,0.07,15.562,0.03,,,16.048,0.06,15.097,0.04,14.7,0.07,,,13.443,0.024,12.885,0.024,12.718,0.023,4628,129,155,4.65,0.091,0.035,-0.185,0.25,0.75,0.651,0.055,0.132,0.716,0.06,0.144,2.484,1.408,0.408,441.4,58.44,97.18,0.03,0.011,0.009,,,
6268,6268,6268,212109135,08 55 12.408,+22 12 03.63,1,12.452,,,562-046802,08551240+2212037,,STAR,gri,lam,-6.9,0.8,13.7,1,,,13.278,0.04,12.601,0.01,,,12.88,0.05,12.423,0.04,12.269,0.03,,,11.387,0.022,11.067,0.022,11.015,0.02,5699,173,104,4.504,0.045,0.153,-0.575,0.12,0.18,0.818,0.18,0.053,0.81,0.065,0.054,1.389,0.296,0.612,278.6,81.96,24.04,0.027,0.008,0.005,,,
6269,6269,6269,212109144,08 28 55.314,+22 12 04.16,1,16.47,,,,08285531+2212041,6728-301-5-0125-0271,STAR,gri,rpm,47,4,-40,4,,,,,,,20.968,0.077,18.368,0.007,16.914,0.004,15.656,0.004,14.893,0.005,13.585,0.023,12.919,0.029,12.685,0.026,3593,87,108,5.043,0.03,0.042,-0.108,0.18,0.18,0.241,0.038,0.024,0.241,0.046,0.033,16.08,3.163,3.423,120.7,20.98,15.09,0.02,0.006,0.006,,,
6270,6270,6270,212109190,09 05 06.314,+22 12 07.28,1,13.49,,,562-047133,09050630+2212073,,STAR,gri,lam,-11.7,2,-12.3,4.4,,,14.85,0.08,13.844,0.08,,,14.328,0.06,13.436,0.03,13.131,0.03,,,11.968,0.022,11.429,0.022,11.317,0.019,4714,142,142,4.626,0.03,0.03,0.036,0.08,0.1,0.705,0.035,0.046,0.767,0.04,0.04,2.145,0.318,0.233,247.3,26.62,27.8,0.026,0.006,0.006,,,
6271,6271,6271,212109205,08 30 08.616,+22 12 08.70,1,14.328,,,562-045755,08300861+2212087,,STAR,JHK,rpm,-12.1,1.9,-6.7,2.1,,,,,,,,,,,,,,,,,12.753,0.023,12.21,0.024,12.114,0.017,4844,96,116,4.611,0.03,1.302,-0.116,0.16,0.48,0.718,3.041,0.049,0.78,0.125,0.063,2.059,0.305,2.039,374.3,1579,32.15,0.031,0.009,0.004,,,
6272,6272,6272,212109220,08 51 49.116,+22 12 09.86,1,17.015,,,,08514911+2212098,5045-301-5-0150-0082,EXTENDED,gri,,-3,3,5,3,,,,,,,19.92,0.058,18.002,0.007,17.074,0.005,16.592,0.005,16.223,0.01,15.37,0.062,14.572,0.068,14.204,0.068,,,,,,,,,,,,,,,,,,,,,,,,,,,
6273,6273,6273,212109222,09 04 23.537,+22 12 10.08,1,18.343,,,,,5045-301-2-0168-0017,STAR,gri,,-4,4,-8,4,,,,,,,18.705,0.018,18.167,0.006,18.402,0.008,18.612,0.012,18.767,0.04,,,,,,,,,,,,,,,,,,,,,,,,,,,,,,,,,
6274,6274,6274,212109233,09 09 07.047,+22 12 11.10,1,12.624,,,562-047274,09090704+2212111,,STAR,gri,rpm,14,1.3,-15.5,2.9,,,13.331,0.05,12.812,0.09,,,12.978,0.02,12.61,0.03,12.472,0.05,,,11.716,0.024,11.464,0.035,11.366,0.021,6138,98,123,4.262,0.09,0.162,-0.263,0.18,0.21,1.235,0.259,0.147,1.052,0.111,0.092,0.543,0.198,0.252,534,113.9,81.58,0.032,0.01,0.006,,,
6275,6275,6275,212109260,08 51 35.924,+22 12 13.45,1,11.164,,,562-046646,08513592+2212134,,STAR,gri,lam,-10.6,0.5,-0.8,0.6,,,11.762,0.04,11.238,0.02,,,11.454,0.02,11.115,0.01,11.04,0.03,,,10.277,0.023,10.057,0.021,9.971,0.017,6328,127,152,4.246,0.09,0.144,-0.073,0.1,0.12,1.338,0.249,0.154,1.204,0.102,0.085,0.465,0.177,0.188,305.2,63.93,38.77,0.028,0.01,0.006,,,
6276,6276,6276,212109296,08 34 01.410,+22 12 15.87,1,14.642,,,,08340141+2212158,4508-301-2-0105-0220,EXTENDED,gri,,-2,3,1,3,,,,,,,17.015,0.016,15.39,0.003,14.697,0.002,14.322,0.002,14.032,0.004,14.59,0.118,13.916,0.124,13.636,0.117,,,,,,,,,,,,,,,,,,,,,,,,,,,
6277,6277,6277,212109327,08 53 53.514,+22 12 18.45,1,12.477,,,562-046741,08535350+2212184,,STAR,gri,rpm,7.2,0.8,3,1.3,,,12.825,0.04,12.485,0.02,,,12.573,0.03,12.445,0.01,12.464,0.02,,,11.83,0.02,11.694,0.02,11.665,0.019,7207,116,174,4.137,0.098,0.07,-0.104,0.12,0.18,1.671,0.211,0.157,1.481,0.071,0.071,0.296,0.113,0.071,873.6,126.7,80.53,0.03,0.013,0.005,,,
6278,6278,6278,212109351,08 32 58.083,+22 12 20.38,1,16.612,,,,08325808+2212203,4517-301-2-0112-0241,STAR,gri,rpm,-38,3,-14,3,,,,,,,21.137,0.099,18.496,0.008,17.067,0.005,15.805,0.004,15.132,0.005,13.73,0.027,13.12,0.023,12.87,0.026,3544,126,42,5.018,0.035,0.025,-0.039,0.15,0.15,0.255,0.021,0.023,0.254,0.03,0.025,14.87,2.682,2.272,133.9,14.42,10.94,0.018,0.012,0.005,,,
6279,6279,6279,212109377,09 09 24.532,+22 12 21.94,1,18.753,,,,09092453+2212219,5061-301-6-0161-0071,EXTENDED,gri,,3,3,0,3,,,,,,,21.692,0.166,19.697,0.015,18.728,0.01,18.349,0.012,17.975,0.028,16.372,0.113,,,15.425,0.164,,,,,,,,,,,,,,,,,,,,,,,,,,,
6280,6280,6280,212109379,08 58 48.957,+22 12 22.10,1,15.25,,,562-046939,08584897+2212220,5038-301-4-0060-0263,STAR,JHK,rpm,-8.2,8,70.6,7.7,,,,,,,,,,,,,,,,,13.038,0.023,12.394,0.024,12.192,0.022,3896,155,155,4.89,0.088,0.048,-0.136,0.2,0.24,0.39,0.048,0.081,0.429,0.054,0.096,7.017,3.901,1.181,173.4,23.86,42.82,0.023,0.005,0.008,,,
6281,6281,6281,212109451,08 59 23.129,+22 12 27.88,1,13.247,,,562-046958,08592313+2212278,,STAR,gri,lam,-0.2,2,1.8,1.8,,,14.571,0.05,13.525,0.01,,,14.054,0.05,13.159,0.05,12.902,0.03,,,11.728,0.023,11.261,0.026,11.124,0.02,4892,97,77,3.649,0.07,0.084,0.161,0.08,0.14,2.751,0.265,0.288,1.236,0.086,0.086,0.06,0.017,0.016,891.2,87.78,67.11,0.036,0.006,0.008,,,
6282,6282,6282,212109455,09 07 07.093,+22 12 28.05,1,12.627,,,562-047194,09070710+2212280,,STAR,gri,lam,-1,1.3,-1,1.5,,,13.726,0.05,12.88,0.07,,,13.247,0.05,12.61,0.04,12.362,0.03,,,11.291,0.022,10.813,0.026,10.748,0.02,5182,83,228,2.448,0.048,0.072,-0.827,0.15,0.12,9.402,0.888,0.587,0.907,0.04,0.018,0.001,1.93E-04,2.58E-04,2492,222.9,204.6,0.034,0.007,0.007,,,
6283,6283,6283,212109554,08 58 15.986,+22 12 33.98,1,11.933,,1400-1018-1,562-046917,08581598+2212340,,STAR,gri,lam,-0.1,1.8,-4,2,,,12.798,0.331,12.52,0.288,,,12.644,0.04,11.891,0.04,11.628,0.03,,,10.484,0.021,9.998,0.024,9.88,0.016,4928,89,149,2.404,0.035,0.056,-0.524,0.12,0.12,10.449,0.778,0.607,0.986,0.132,0.044,8.84E-04,9.65E-05,1.66E-04,1821,179.4,137.2,0.033,0.008,0.006,,,
6284,6284,6284,212109557,09 09 20.604,+22 12 34.19,1,8.999,,1407-460-1,562-047282,09092060+2212341,,STAR,gri,rpm,-15.1,1,-22.1,0.9,,,9.161,0.021,8.778,0.018,,,9.709,0.03,9.026,0.04,8.695,0.02,,,8.048,0.029,7.861,0.061,7.828,0.031,5094,123,102,2.431,0.91,0.042,-0.651,0.28,0.2,9.685,1.072,5.041,0.932,0.191,0.029,9.85E-04,0.015,1.99E-04,565.6,51.71,289.6,0.031,0.013,0.007,,,
6285,6285,6285,212109563,08 53 45.066,+22 12 34.48,1,14.035,,,562-046735,08534505+2212345,,STAR,gri,rpm,-1.1,1.7,2.8,1.7,,,15.202,0.05,14.305,0.01,,,14.697,0.03,13.984,0.03,13.751,0.03,,,12.661,0.022,12.178,0.023,12.118,0.02,5087,61,122,3.495,0.24,0.768,-0.486,0.3,0.3,3.041,3.508,0.852,0.975,0.192,0.096,0.036,0.049,0.032,1533,1813,411.2,0.036,0.009,0.009,,,
6286,6286,6286,212109617,08 51 00.972,+22 12 38.31,1,16.325,,,,,5045-301-5-0149-0187,EXTENDED,gri,,-9,3,-5,3,,,,,,,18.684,0.032,17.24,0.005,16.381,0.004,15.933,0.004,15.596,0.008,,,,,,,,,,,,,,,,,,,,,,,,,,,,,,,,,
6287,6287,6287,212109620,08 27 50.700,+22 12 38.56,1,16.942,,,,08275069+2212385,4508-301-4-0097-0272,EXTENDED,gri,,-5,3,2,3,,,,,,,18.418,0.055,17.405,0.007,17.054,0.006,16.744,0.007,16.706,0.022,16.659,0.15,,,,,,,,,,,,,,,,,,,,,,,,,,,,,,,
6288,6288,6288,212109644,08 54 18.707,+22 12 40.54,1,7.737,43727,1400-596-1,562-046765,08541871+2212408,,STAR,BV,plx,-114.11,1.23,-209.67,0.72,15.98,1.14,8.454,0.019,7.847,0.013,,,,,,,,,,,6.69,0.024,6.442,0.023,6.382,0.036,6254,189,227,4.193,0.08,0.096,-0.051,0.15,0.21,1.403,0.147,0.112,1.184,0.096,0.115,0.406,0.117,0.106,62.58,4.464,4.464,0.01,0.003,0.002,,,
6289,6289,6289,212109663,09 06 23.149,+22 12 42.47,1,16.87,,,,09062314+2212424,,STAR,J,col,,,,,,,,,,,,,,,,,,,,,15.417,0.067,14.8,0.088,14.237,0.071,3591,291,243,5.021,0.105,0.105,-0.097,0.18,0.24,0.243,0.103,0.072,0.246,0.146,0.091,15.37,12.6,6.925,283.3,163.6,103.7,0.028,0.01,0.008,,,
6290,6290,6290,212109681,08 32 55.297,+22 12 43.65,1,12.527,,,562-045883,08325530+2212437,,STAR,gri,rpm,26.4,1.3,-18.9,2.2,,,13.354,0.042,12.674,0.031,,,12.96,0.031,12.494,0.041,12.342,0.061,,,11.474,0.023,11.186,0.023,11.119,0.017,5944,117,141,4.364,0.09,0.108,-0.268,0.3,0.3,1.06,0.181,0.13,0.981,0.11,0.11,0.782,0.297,0.251,394.4,65.79,56.39,0.031,0.01,0.008,,,
6291,6291,6291,212109689,08 33 37.368,+22 12 44.31,1,19.852,,,,,4517-301-2-0113-0196,STAR,gri,,1,5,-4,5,,,,,,,20.793,0.082,20.029,0.019,19.793,0.019,19.601,0.02,19.255,0.05,,,,,,,,,,,,,,,,,,,,,,,,,,,,,,,,,
6292,6292,6292,212109795,09 08 02.679,+22 12 51.89,1,20.035,,,,,5038-301-2-0073-0542,EXTENDED,gri,,,,,,,,,,,,22.982,0.884,20.231,0.038,19.97,0.051,19.721,0.064,19.712,0.23,,,,,,,,,,,,,,,,,,,,,,,,,,,,,,,,,
6293,6293,6293,212109909,08 59 10.283,+22 12 59.66,1,13.943,,,562-046952,08591028+2212596,,STAR,gri,lam,11.7,2.2,1.5,3.8,,,14.94,0.05,14.18,0.02,,,14.523,0.04,13.922,0.05,13.694,0.05,,,12.648,0.025,12.21,0.021,12.167,0.023,5108,81,61,3.268,0.15,0.15,-0.84,0.15,0.12,3.557,0.622,0.626,0.899,0.022,0.018,0.017,0.012,0.006,1890,300.1,306.3,0.033,0.007,0.006,,,
6294,6294,6294,212109920,08 34 39.228,+22 13 00.86,1,17.39,,,,08343922+2213008,,STAR,J,rpm,12,4,6,1,,,,,,,,,,,,,,,,,15.902,0.089,15.189,0.102,14.491,0.082,3661,284,203,4.983,0.085,0.119,-0.088,0.16,0.24,0.279,0.12,0.072,0.299,0.159,0.1,11.6,7.215,5.108,414.6,237.7,130.4,0.032,0.008,0.007,,,
6295,6295,6295,212109932,08 59 07.032,+22 13 02.13,1,17.998,,,,08590703+2213021,5038-301-4-0060-0310,STAR,gri,,-5,3,0,3,,,,,,,19.699,0.031,18.449,0.007,17.963,0.007,17.804,0.008,17.706,0.018,17.01,0.166,16.324,0.163,,,,,,,,,,,,,,,,,,,,,,,,,,,,,
6296,6296,6296,212109979,08 56 00.047,+22 13 06.30,1,15.552,,,562-046836,08560005+2213062,5045-301-4-0156-0078,STAR,gri,rpm,-2.1,2.3,3.9,2.3,,,16.765,0.08,15.861,0.03,,,16.216,0.07,15.549,0.03,15.267,0.09,,,14.126,0.027,13.515,0.027,13.514,0.035,4884,114,114,4.608,0.045,2.736,-0.473,0.3,1.08,0.728,17.035,0.096,0.776,0.069,0.092,2.012,0.492,2.012,737,15820,116,0.032,0.008,0.007,,,
6297,6297,6297,212110007,08 53 14.635,+22 13 08.32,1,14.245,,,562-046713,08531463+2213085,,STAR,gri,lam,-18.9,1.9,-24.5,1.7,,,15.423,0.03,14.518,0.02,,,14.949,0.01,14.179,0.03,13.944,0.02,,,12.743,0.025,12.213,0.024,12.176,0.022,4919,177,147,4.629,0.025,0.03,-0.329,0.15,0.12,0.68,0.048,0.032,0.721,0.057,0.036,2.251,0.246,0.304,361.8,44.52,34.26,0.03,0.008,0.006,,,
6298,6298,6298,212110030,09 09 22.049,+22 13 09.64,1,16.324,,,,09092204+2213096,,STAR,J,col,,,,,,,,,,,,,,,,,,,,,14.911,0.067,14.285,0.09,13.719,0.07,3578,291,242,5.019,0.105,0.126,-0.084,0.16,0.24,0.249,0.108,0.076,0.264,0.161,0.101,13.35,11.22,6.097,245.6,145.4,91.34,0.026,0.01,0.008,,,
6299,6299,6299,212110060,08 31 44.442,+22 13 11.46,1,11.242,,1391-350-1,562-045832,08314444+2213115,,STAR,gri,plx,5.1,1.6,-35.6,1.7,,,11.653,0.09,11.223,0.096,,,11.576,0.03,11.223,0.04,11.098,0.06,,,10.349,0.022,10.017,0.027,9.979,0.024,6047,142,118,4.095,0.186,0.155,-0.297,0.25,0.35,1.502,0.291,0.288,1.023,0.168,0.14,0.272,0.234,0.11,353.1,85.19,85.19,0.029,0.008,0.007,,,
6300,6300,6300,212110072,09 04 59.334,+22 13 12.30,1,17.931,,,,09045933+2213122,5045-301-2-0169-0145,EXTENDED,gri,,1,3,2,3,,,,,,,21.04,0.126,19.099,0.012,17.882,0.007,17.43,0.007,17.049,0.015,16.151,0.097,15.328,0.095,14.824,0.092,,,,,,,,,,,,,,,,,,,,,,,,,,,
6301,6301,6301,212110078,09 08 15.309,+22 13 12.76,1,13.889,,,562-047239,09081529+2213127,,STAR,gri,lam,0.2,2.5,-0.8,2.8,,,15.063,0.1,14.181,0.06,,,14.594,0.04,13.823,0.02,13.587,0.02,,,12.478,0.022,12.057,0.033,11.953,0.021,5095,153,153,4.574,0.03,0.03,-0.001,0.12,0.1,0.79,0.037,0.049,0.855,0.042,0.049,1.709,0.226,0.168,394,29.15,37.47,0.03,0.01,0.006,,,
6302,6302,6302,212110120,08 55 48.248,+22 13 16.16,1,17.856,,,,08554824+2213161,,STAR,J,rpm,2,2,8,2,,,,,,,,,,,,,,,,,16.334,0.099,15.559,0.121,15.043,0.124,3945,384,320,4.878,0.125,0.125,-0.179,0.2,0.28,0.382,0.126,0.126,0.429,0.142,0.17,6.647,6.615,2.909,774.9,371.3,290.5,0.033,0.01,0.007,,,
6303,6303,6303,212110146,08 57 15.584,+22 13 17.86,1,11.732,,,562-046882,08571558+2213178,,STAR,gri,lam,2.5,1,5.1,2,,,12.87,0.02,11.968,0.01,,,12.393,0.04,11.704,0.04,11.449,0.02,,,10.366,0.022,9.874,0.023,9.826,0.02,4994,80,80,3.266,0.135,0.135,-0.46,0.15,0.15,3.885,0.69,0.692,1.046,0.151,0.084,0.016,0.01,0.006,687.6,116.6,99.66,0.034,0.011,0.007,,,
6304,6304,6304,212110161,08 57 01.776,+22 13 18.66,1,11.968,,,562-046873,08570178+2213186,,STAR,gri,rpm,-9.1,1,-14.6,1.1,,,13.209,0.03,12.234,0.01,,,12.699,0.05,11.937,0.04,11.655,0.04,,,10.538,0.022,9.953,0.02,9.898,0.02,4807,77,57,2.523,0.527,0.155,-0.628,0.36,0.2,8.222,1.865,3.456,0.938,0.087,0.044,0.001,0.006,5.75E-04,1433,371.1,529,0.033,0.007,0.005,,,
6305,6305,6305,212110163,08 56 52.236,+22 13 18.90,1,17.054,,,,08565223+2213189,5045-301-4-0157-0206,EXTENDED,gri,,1,3,-2,3,,,,,,,20.268,0.096,18.242,0.009,17.032,0.005,16.545,0.005,16.184,0.013,15.568,0.071,14.889,0.084,14.398,0.07,,,,,,,,,,,,,,,,,,,,,,,,,,,
6306,6306,6306,212110165,08 28 39.443,+22 13 19.10,1,16.43,,,,08283944+2213190,4508-301-4-0098-0283,STAR,gri,rpm,-107,3,-111,3,,,,,,,21.615,0.122,18.642,0.008,17.108,0.005,15.482,0.005,14.583,0.005,13.106,0.023,12.56,0.022,12.353,0.022,3048,36,36,5.192,0.02,0.02,-0.017,0.12,0.12,0.149,0.003,0.004,0.126,0.003,0.005,37.93,2.276,2.276,69.06,17.68,21.11,0.011,0.007,0.003,,,
6307,6307,6307,212110254,09 05 06.323,+22 13 24.51,1,10.919,,1407-1014-1,562-047134,09050632+2213242,,STAR,gri,rpm,-3.9,1.5,-5.7,1.6,,,13.757,0.923,11.326,0.186,,,12.003,0.06,10.903,0.04,10.454,0.03,,,9.075,0.03,8.407,0.015,8.24,0.026,4320,69,86,1.863,0.3,0.48,-0.193,0.25,0.5,20.092,11.767,5.637,1.153,0.15,0.239,1.23E-04,2.24E-04,9.42E-05,1591,851.7,419.7,0.035,0.011,0.007,,,
6308,6308,6308,212110279,08 35 14.234,+22 13 26.34,1,18.126,,,,08351423+2213263,4508-301-2-0107-0281,EXTENDED,gri,,3,3,7,3,,,,,,,21.281,0.166,19.427,0.017,18.083,0.009,17.569,0.008,17.223,0.017,16.235,0.118,15.699,0.116,14.926,0.086,,,,,,,,,,,,,,,,,,,,,,,,,,,
6309,6309,6309,212110344,09 05 18.783,+22 13 31.35,1,12.869,,,562-047140,09051877+2213314,,STAR,gri,lam,-4,1.4,-23,1.4,,,13.676,0.08,13.072,0.07,,,13.3,0.06,12.889,0.05,12.684,0.04,,,11.77,0.023,11.444,0.021,11.381,0.019,5966,140,140,4.386,0.07,0.21,-0.462,0.15,0.15,0.985,0.296,0.098,0.903,0.067,0.067,0.889,0.283,0.464,419.6,133.6,54.15,0.032,0.007,0.007,,,
6310,6310,6310,212110358,09 05 26.188,+22 13 32.74,1,17.394,,,,09052618+2213327,,STAR,J,col,,,,,,,,,,,,,,,,,,,,,15.905,0.1,15.233,0.135,14.9,0.136,3987,537,383,4.878,0.155,0.186,-0.208,0.24,0.36,0.388,0.184,0.145,0.437,0.193,0.232,6.495,8.046,3.594,664.2,492.7,322.9,0.032,0.008,0.007,,,
6311,6311,6311,212110368,08 34 19.281,+22 13 33.98,1,11.317,,1398-797-1,562-045939,08341927+2213340,,STAR,BV,rpm,3.5,1.3,-7.3,1.4,,,11.369,0.082,11.245,0.109,,,,,,,,,,,10.131,0.021,9.915,0.023,9.863,0.019,6428,233,233,4.039,0.23,0.276,-0.016,0.12,0.15,1.799,0.799,0.475,1.381,0.237,0.169,0.192,0.253,0.122,391.6,173.9,103.3,0.031,0.01,0.006,,,
6312,6312,6312,212110376,08 57 00.059,+22 13 34.68,1,13.674,,,562-046870,08570006+2213346,,STAR,gri,rpm,-8.1,2,-9.7,1.9,,,14.838,0.02,13.92,0.02,,,14.337,0.05,13.634,0.03,13.39,0.02,,,12.289,0.022,11.789,0.021,11.74,0.022,5012,100,60,3.298,1.239,0.354,-0.52,0.4,0.25,3.415,1.613,2.64,0.914,0.166,0.104,0.019,1.404,0.013,1466,686.5,1108,0.033,0.016,0.006,,,
6313,6313,6313,212110383,08 51 09.690,+22 13 35.10,1,9.322,,1399-862-1,562-046633,08510968+2213350,,STAR,gri,plx,-6.4,1.1,-7.8,1.1,,,10.576,0.055,9.491,0.027,,,10.292,0.03,9.444,0.04,8.906,0.06,,,7.7,0.021,7.188,0.024,7.061,0.021,4742,76,57,2.455,0.18,0.09,-0.143,0.16,0.2,11.195,0.834,0.651,1.338,0.518,0.259,9.23E-04,5.07E-04,2.13E-04,590.2,118.4,118.4,0.034,0.01,0.007,,,
6314,6314,6314,212110391,08 54 48.586,+22 13 35.41,1,11.511,,1400-845-1,562-046786,08544858+2213352,,STAR,gri,plx,-27.5,1.8,-2.1,1.9,,,12.358,0.3,11.378,0.144,,,11.909,0.03,11.448,0.01,11.341,0.02,,,10.483,0.02,10.251,0.022,10.22,0.019,6027,95,71,4.249,0.12,0.168,0.027,0.12,0.15,1.27,0.326,0.169,1.129,0.083,0.083,0.508,0.27,0.228,321.2,77.13,77.13,0.031,0.01,0.008,,,
6315,6315,6315,212110422,08 59 41.720,+22 13 37.64,1,12.708,,,562-046977,08594172+2213375,,STAR,gri,lam,3.6,1.2,-5.9,2.6,,,13.647,0.05,12.9,0.01,,,13.263,0.05,12.659,0.04,12.47,0.05,,,11.445,0.023,11.062,0.022,10.947,0.021,5167,125,104,3.568,0.13,0.156,-0.539,0.18,0.15,2.682,0.501,0.422,0.987,0.149,0.068,0.05,0.027,0.02,816.1,150.7,97.41,0.034,0.011,0.005,,,
6316,6316,6316,212110478,08 56 31.265,+22 13 41.71,1,16.542,,,,08563126+2213417,5045-301-4-0157-0169,EXTENDED,gri,,2,1,8,2,,,,,,,19.058,0.04,17.505,0.006,16.648,0.004,16.129,0.004,15.771,0.01,15.165,0.055,14.277,0.076,13.781,0.066,,,,,,,,,,,,,,,,,,,,,,,,,,,
6317,6317,6317,212110517,09 02 39.962,+22 13 43.84,1,15.908,,,,09023996+2213438,5038-301-3-0065-0284,EXTENDED,gri,,-10,2,-1,2,,,,,,,18.431,0.032,16.757,0.005,15.942,0.004,15.544,0.004,15.19,0.009,15.32,0.08,14.78,0.096,14.353,0.079,,,,,,,,,,,,,,,,,,,,,,,,,,,
6318,6318,6318,212110531,08 51 49.096,+22 13 44.55,1,16.855,,,,08514909+2213445,5045-301-5-0150-0230,EXTENDED,gri,,-3,3,0,3,,,,,,,19.642,0.051,17.76,0.006,16.866,0.005,16.467,0.005,16.159,0.01,15.546,0.065,14.93,0.085,14.646,0.085,,,,,,,,,,,,,,,,,,,,,,,,,,,
6319,6319,6319,212110567,08 57 56.511,+22 13 46.86,1,12.711,,,562-046904,08575651+2213468,,STAR,gri,rpm,2.5,2.4,-3.8,1.8,,,14.228,0.02,13.051,0.01,,,13.635,0.05,12.658,0.03,12.315,0.03,,,11.013,0.02,10.441,0.021,10.296,0.016,4606,73,73,2.5,0.235,0.329,-0.123,0.2,0.44,9.829,3.039,2.321,1.216,0.122,0.269,0.001,0.001,7.15E-04,2113,782.2,487.7,0.034,0.007,0.007,,,
6320,6320,6320,212110568,08 32 48.722,+22 13 47.15,1,12.294,,,562-045878,08324871+2213471,,STAR,gri,rpm,0.3,0.9,-21.9,1.2,,,13.087,0.041,12.433,0.031,,,12.7,0.031,12.242,0.04,12.12,0.061,,,11.265,0.021,10.986,0.02,10.927,0.021,5984,119,95,4.26,0.135,0.243,-0.053,0.2,0.24,1.246,0.43,0.238,1.095,0.116,0.116,0.521,0.354,0.316,433.1,153.3,84.3,0.031,0.007,0.006,,,
6321,6321,6321,212110594,08 28 19.429,+22 13 48.76,1,9.932,,1391-1508-1,562-045677,08281943+2213489,,STAR,gri,plx,34.2,1.3,-85.5,1.3,,,10.466,0.046,9.992,0.041,,,10.447,0.03,9.846,0.04,9.712,0.06,,,9.004,0.032,8.751,0.026,8.702,0.021,5840,92,115,4.173,0.085,0.119,0.103,0.08,0.16,1.384,0.202,0.135,1.085,0.077,0.064,0.385,0.123,0.123,164.5,14.3,14.3,0.023,0.008,0.006,,,
6322,6322,6322,212110628,08 58 38.298,+22 13 51.57,1,11.318,,1400-776-1,562-046931,08583830+2213515,,STAR,gri,lam,1.8,1.7,-3.8,1.8,,,12.284,0.238,11.402,0.125,,,12.086,0.04,11.278,0.04,10.988,0.03,,,9.839,0.023,9.279,0.022,9.163,0.022,4808,116,116,2.402,0.07,0.05,-0.396,0.12,0.12,10.733,0.61,0.908,1.07,0.148,0.106,8.64E-04,2.19E-04,1.29E-04,1378,81.65,91.98,0.034,0.008,0.007,,,
6323,6323,6323,212110638,08 34 22.392,+22 13 51.86,1,14.732,,,562-045942,08342239+2213519,,STAR,JHK,rpm,-14.5,2.1,-16.6,2.3,,,,,,,,,,,,,,,,,13.397,0.021,12.981,0.025,12.885,0.025,5341,127,159,4.555,0.04,0.056,-0.291,0.25,0.35,0.773,0.09,0.068,0.813,0.078,0.078,1.641,0.309,0.352,620.9,90.02,66.25,0.032,0.007,0.006,,,
6324,6324,6324,212110792,08 54 04.650,+22 14 02.66,1,13.694,,,562-046754,08540464+2214027,,STAR,gri,rpm,-0.9,1.4,-10.6,1.5,,,15.07,0.04,14.045,0.02,,,14.582,0.02,13.609,0.03,13.314,0.02,,,12.126,0.022,11.588,0.021,11.449,0.021,4700,47,47,4.644,0.02,0.024,-0.049,0.15,0.09,0.68,0.028,0.015,0.755,0.022,0.022,2.35,0.168,0.217,256.4,14.57,8.361,0.028,0.021,0.005,,,
6325,6325,6325,212110808,09 07 10.962,+22 14 03.57,1,17.031,,,,09071096+2214035,,STAR,J,col,,,,,,,,,,,,,,,,,,,,,15.567,0.084,14.913,0.095,14.328,0.074,3609,305,254,5.022,0.11,0.132,-0.092,0.16,0.24,0.244,0.132,0.074,0.253,0.154,0.096,15.04,12.64,7.806,312.3,190.7,118.4,0.029,0.008,0.008,,,
6326,6326,6326,212110812,08 34 50.251,+22 14 03.78,1,12.562,,,562-045960,08345024+2214038,,STAR,JHK,rpm,-10.7,0.7,-6,1,,,,,,,,,,,,,,,,,11.451,0.023,11.178,0.023,11.114,0.02,6068,181,181,4.177,0.18,0.18,-0.112,0.16,0.32,1.337,0.44,0.282,1.093,0.166,0.139,0.422,0.392,0.23,496.1,174.4,110.1,0.032,0.008,0.006,,,
6327,6327,6327,212110857,08 51 16.863,+22 14 06.68,1,17.75,,,,08511686+2214066,5045-301-5-0149-0239,STAR,gri,rpm,-43,3,-14,3,,,,,,,20.754,0.064,19.779,0.015,18.45,0.008,16.88,0.005,15.998,0.007,14.485,0.029,13.832,0.024,13.53,0.034,3768,133,110,4.939,0.04,0.048,-0.037,0.15,0.24,0.341,0.041,0.037,0.371,0.046,0.046,9.19,2.116,1.72,275.1,46.03,33.28,0.028,0.011,0.009,,,
6328,6328,6328,212110888,08 30 18.905,+22 14 09.27,1,11.441,,1391-121-1,562-045762,08301891+2214092,,STAR,gri,plx,-12.8,1.4,-2.1,1.5,,,12.018,0.15,11.447,0.122,,,11.799,0.03,11.404,0.04,11.287,0.06,,,10.528,0.025,10.258,0.022,10.193,0.017,6105,123,98,4.256,0.12,0.192,-0.148,0.2,0.36,1.237,0.308,0.182,1.075,0.111,0.156,0.517,0.302,0.246,305.2,63.17,63.17,0.029,0.01,0.008,,,
6329,6329,6329,212110905,09 09 04.764,+22 14 10.51,1,15.182,,,562-047269,09090475+2214107,,STAR,gri,col,,,,,,,16.995,0.096,15.863,0.061,,,16.533,0.05,15.224,0.058,14.603,0.1,,,12.997,0.026,12.37,0.03,12.229,0.02,3940,117,94,4.864,0.054,0.054,-0.085,0.16,0.2,0.412,0.048,0.051,0.468,0.058,0.07,6.339,1.903,1.245,180.1,34.84,24.68,0.024,0.006,0.006,,,
6330,6330,6330,212110936,08 29 58.987,+22 14 12.22,1,17.754,,,,,6728-301-5-0126-0279,EXTENDED,gri,,-2,3,5,3,,,,,,,19.314,0.041,18.227,0.008,17.847,0.008,17.552,0.009,17.419,0.024,,,,,,,,,,,,,,,,,,,,,,,,,,,,,,,,,
6331,6331,6331,212110958,08 32 15.230,+22 14 14.03,1,19.02,,,,,4508-301-3-0103-0269,STAR,gri,,0,3,1,3,,,,,,,20.086,0.04,19.319,0.011,18.948,0.011,18.892,0.012,18.672,0.029,,,,,,,,,,,,,,,,,,,,,,,,,,,,,,,,,
6332,6332,6332,212110965,08 58 30.934,+22 14 14.48,1,14.109,,,562-046923,08583094+2214143,,STAR,gri,rpm,-9.9,5.3,-17.4,2.6,,,15.876,0.07,14.63,0.03,,,15.326,0.03,14.082,0.04,13.588,0.06,,,12.222,0.022,11.566,0.021,11.414,0.017,4077,82,99,4.797,0.054,0.03,-0.049,0.12,0.12,0.487,0.035,0.057,0.551,0.04,0.066,4.529,1.279,0.474,159.1,15.68,25.18,0.021,0.005,0.006,,,
6333,6333,6333,212111026,09 05 43.874,+22 14 19.22,1,15.288,,,562-047157,09054385+2214194,5071-301-6-0153-0246,EXTENDED,gri,,6,1,6,4,,,16.752,0.12,15.69,0.12,,,16.126,0.04,15.341,0.02,14.928,0.02,,,14.191,0.064,13.557,0.068,13.245,0.06,,,,,,,,,,,,,,,,,,,,,,,,,,,
6334,6334,6334,212111084,08 50 53.687,+22 14 23.03,1,18.73,,,,,5038-301-6-0049-0456,EXTENDED,gri,,-34,5,-8,5,,,,,,,21.292,0.384,19.188,0.026,18.756,0.029,18.534,0.04,18.187,0.107,,,,,,,,,,,,,,,,,,,,,,,,,,,,,,,,,
6335,6335,6335,212111097,08 26 30.780,+22 14 23.99,1,17.317,,,,,6597-301-6-0215-0167,EXTENDED,gri,,0,3,6,3,,,,,,,18.589,0.033,17.678,0.007,17.37,0.008,17.163,0.01,16.995,0.031,,,,,,,,,,,,,,,,,,,,,,,,,,,,,,,,,
6336,6336,6336,212111131,09 04 51.927,+22 14 26.83,1,17.253,,,,09045192+2214268,5045-301-2-0168-0209,EXTENDED,gri,,-6,3,5,3,,,,,,,20.381,0.112,18.404,0.01,17.232,0.006,16.76,0.006,16.43,0.014,15.913,0.075,15.32,0.1,14.671,0.087,,,,,,,,,,,,,,,,,,,,,,,,,,,
6337,6337,6337,212111132,08 59 39.073,+22 14 26.84,1,15.356,,,562-046972,08593907+2214268,5038-301-4-0061-0061,STAR,gri,rpm,-6.1,3.1,1.7,3.3,,,16.208,0.12,15.509,0.06,,,15.83,0.05,15.266,0.05,15.153,0.08,,,14.064,0.027,13.66,0.024,13.561,0.031,5444,161,128,4.528,0.045,0.27,-0.26,0.24,0.44,0.832,0.549,0.08,0.87,0.063,0.088,1.414,0.374,1.262,933.4,1084,109.1,0.033,0.008,0.007,,,
6338,6338,6338,212111167,09 08 48.575,+22 14 28.66,1,17.452,,,,09084857+2214286,5061-301-6-0160-0234,EXTENDED,gri,,4,3,-6,3,,,,,,,20.79,0.124,18.525,0.009,17.456,0.006,16.992,0.007,16.63,0.016,15.901,0.093,15.245,0.109,14.821,0.096,,,,,,,,,,,,,,,,,,,,,,,,,,,
6339,6339,6339,212111203,08 29 07.636,+22 14 31.12,1,9.151,,1391-818-1,562-045707,08290762+2214312,,STAR,gri,plx,0,0.9,-9.7,0.9,,,9.949,0.032,9.176,0.022,,,10.19,0.03,9.254,0.04,8.706,0.06,,,7.605,0.02,7.257,0.036,7.072,0.017,4796,57,57,2.718,0.075,0.12,0.098,0.08,0.14,10.624,1.014,1.072,2.121,0.358,0.358,0.002,6.09E-04,5.27E-04,524.6,78.24,78.24,0.036,0.014,0.009,,,
6340,6340,6340,212111235,08 58 00.296,+22 14 33.63,1,17.299,,,,08580029+2214336,5038-301-4-0059-0153,EXTENDED,gri,,10,3,-5,3,,,,,,,21.097,0.201,18.604,0.012,17.259,0.007,16.74,0.006,16.365,0.016,15.907,0.091,15.277,0.097,14.593,0.094,,,,,,,,,,,,,,,,,,,,,,,,,,,
6341,6341,6341,212111304,08 34 35.064,+22 14 38.39,1,18.932,,,,,4508-301-2-0106-0296,STAR,gri,,0,3,3,3,,,,,,,19.353,0.026,19.058,0.01,18.89,0.01,18.938,0.013,18.722,0.028,,,,,,,,,,,,,,,,,,,,,,,,,,,,,,,,,
6342,6342,6342,212111329,09 03 12.295,+22 14 40.32,1,17.497,,,,09031229+2214403,5038-301-3-0066-0241,EXTENDED,gri,,1,3,3,3,,,,,,,19.848,0.054,18.436,0.009,17.588,0.007,17.094,0.007,16.801,0.018,16.087,0.093,15.31,0.095,14.819,0.089,,,,,,,,,,,,,,,,,,,,,,,,,,,
6343,6343,6343,212111334,08 31 37.597,+22 14 40.62,1,17.692,,,,08313759+2214406,4508-301-3-0102-0293,EXTENDED,gri,,9.1,9,7.1,9,,,,,,,20.211,0.068,18.697,0.011,17.732,0.008,17.262,0.008,16.96,0.016,15.928,0.09,15.121,0.167,14.571,0.081,,,,,,,,,,,,,,,,,,,,,,,,,,,
6344,6344,6344,212111385,09 03 51.234,+22 14 45.19,1,13.232,,,562-047097,09035123+2214452,5038-301-3-0067-0047,STAR,JHK,rpm,-31.2,3.5,12,3.8,,,,,,,,,,,,,,,,,11.097,0.022,10.55,0.024,10.274,0.019,3479,188,62,5.061,0.025,0.075,0.011,0.05,0.06,0.223,0.075,0.021,0.212,0.102,0.026,18.7,3.069,7.143,37.8,26.99,1.535,0.007,0.005,0.001,,,
6345,6345,6345,212111403,09 05 37.802,+22 14 46.42,1,19.113,,,,,5071-301-6-0153-0229,STAR,gri,,3,3,3,3,,,,,,,19.537,0.029,19.209,0.01,19.081,0.011,19.139,0.015,18.977,0.042,,,,,,,,,,,,,,,,,,,,,,,,,,,,,,,,,
6346,6346,6346,212111473,08 53 58.841,+22 14 51.42,1,16.752,,,,08535884+2214514,5038-301-5-0053-0360,EXTENDED,gri,,-4,3,-3,3,,,,,,,19.655,0.041,17.728,0.006,16.78,0.004,16.333,0.005,16.002,0.009,15.283,0.055,14.6,0.064,14.108,0.067,,,,,,,,,,,,,,,,,,,,,,,,,,,
6347,6347,6347,212111532,08 50 46.985,+22 14 56.01,1,10.466,,1399-772-1,562-046621,08504698+2214560,,STAR,gri,plx,-26.2,1.5,-20.7,1.5,,,11.385,0.078,10.737,0.068,,,10.949,0.02,10.417,0.01,10.259,0.02,,,9.368,0.023,9.074,0.025,9.009,0.02,5711,114,114,3.911,0.132,0.11,-0.034,0.2,0.24,1.884,0.352,0.297,1.143,0.119,0.119,0.148,0.092,0.049,240.4,48.71,48.71,0.029,0.011,0.007,,,
6348,6348,6348,212111539,09 00 10.101,+22 14 56.72,1,18,,,,09001010+2214567,,STAR,JHK,col,,,,,,,,,,,,,,,,,,,,,15.624,0.056,15.042,0.06,14.725,0.075,3681,424,265,4.974,0.105,0.147,-0.132,0.2,0.28,0.281,0.129,0.088,0.307,0.174,0.124,11,9.486,5.785,399.8,250.1,153.9,0.031,0.008,0.008,,,
6349,6349,6349,212111554,08 58 05.499,+22 14 58.21,1,16.67,,,,08580549+2214582,,STAR,J,col,,,,,,,,,,,,,,,,,,,,,15.231,0.046,14.42,0.049,13.836,0.047,2062,56,40,5.367,0.02,0.022,-0.148,0.2,0.24,0.095,0.002,0.002,0.076,0.002,0.002,89.39,5.363,5.363,53.47,16.37,23.76,0.006,0.005,0.002,,,
6350,6350,6350,212111563,09 03 35.232,+22 14 58.64,1,17.614,,,,09033523+2214586,5038-301-3-0067-0122,EXTENDED,gri,,-2,3,2,3,,,,,,,21.383,0.179,18.926,0.013,17.573,0.007,17.051,0.007,16.684,0.016,16.001,0.092,15.383,0.113,14.837,0.099,,,,,,,,,,,,,,,,,,,,,,,,,,,
6351,6351,6351,212111578,08 27 36.420,+22 14 59.50,1,14.273,,,562-045640,08273641+2214595,4508-301-4-0097-0043,STAR,gri,rpm,-2.9,3.6,-3.1,6.5,,,15.386,0.05,14.539,0.04,,,14.983,0.04,14.302,0.048,13.969,0.071,,,12.916,0.022,12.471,0.022,12.341,0.023,5141,101,101,3.703,0.891,0.495,-0.391,0.35,0.49,2.067,1.515,1.379,0.884,0.182,0.091,0.081,1.78,0.069,1341,907.2,903.3,0.034,0.008,0.007,,,
6352,6352,6352,212111583,09 06 22.323,+22 14 59.64,1,12.979,,,562-047175,09062231+2214595,,STAR,gri,lam,3.6,1.7,-4.9,2.1,,,13.909,0.06,13.184,0.08,,,13.468,0.05,12.948,0.05,12.769,0.03,,,11.864,0.022,11.547,0.032,11.46,0.021,5684,169,169,4.452,0.045,0.081,-0.016,0.12,0.12,0.971,0.102,0.08,0.983,0.06,0.06,1.054,0.199,0.254,404.8,55.71,35.62,0.03,0.009,0.005,,,
6353,6353,6353,212111597,09 08 07.381,+22 15 00.35,1,12.768,,,562-047232,09080737+2215004,,STAR,gri,rpm,-34.5,1.9,-11.7,2.4,,,13.885,0.08,13.027,0.07,,,13.392,0.02,12.709,0.03,12.501,0.03,,,11.522,0.022,11.149,0.031,11.036,0.019,5278,105,84,4.555,0.02,0.052,-0.076,0.15,0.18,0.801,0.094,0.022,0.87,0.044,0.061,1.641,0.098,0.337,264.9,53.58,7.948,0.03,0.006,0.005,,,
6354,6354,6354,212111600,08 59 25.589,+22 15 00.47,1,13.782,,,562-046963,08592559+2215004,,STAR,gri,rpm,1.2,2.1,-39.9,4.6,,,16.042,0.01,14.578,0.02,,,15.386,0.04,13.968,0.04,13.095,0.06,,,11.386,0.025,10.667,0.021,10.463,0.019,3761,132,88,4.907,0.06,0.06,0.082,0.08,0.08,0.364,0.067,0.041,0.405,0.078,0.052,8.065,2.206,2.316,83.9,7.335,21.7,0.013,0.002,0.004,,,
6355,6355,6355,212111687,08 29 58.761,+22 15 06.85,1,12.2,,,562-045745,08295875+2215069,,STAR,gri,rpm,-7.5,0.9,-39.9,1.3,,,13.195,0.042,12.397,0.031,,,12.76,0.031,12.161,0.04,11.961,0.06,,,11.02,0.022,10.624,0.021,10.541,0.018,5398,128,85,4.531,0.04,0.112,-0.178,0.24,0.36,0.839,0.137,0.09,0.876,0.076,0.076,1.464,0.317,0.474,233.6,67.62,34.32,0.025,0.008,0.007,,,
6356,6356,6356,212111690,08 31 17.101,+22 15 07.24,1,10.81,,1391-218-1,562-045809,08311710+2215072,,STAR,gri,rpm,0.1,1.5,-8.9,1.6,,,11.444,0.076,11.167,0.093,,,11.106,0.03,10.77,0.04,10.684,0.06,,,9.989,0.025,9.788,0.022,9.723,0.02,6411,153,153,3.975,0.245,0.245,-0.006,0.12,0.12,1.839,0.96,0.543,1.403,0.244,0.174,0.171,0.264,0.104,398.4,160.5,133,0.03,0.011,0.008,,,
6357,6357,6357,212111715,08 28 39.694,+22 15 08.95,1,16.513,,,562-045693,08283967+2215093,4508-301-4-0098-0147,STAR,JHK,col,,,,,,,,,,,,,,,,,,,,,14.83,0.035,14.338,0.045,14.149,0.06,4327,754,879,4.796,0.24,0.24,-0.223,0.25,0.4,0.455,0.291,0.238,0.482,0.289,0.289,4.138,12.33,2.393,517.5,523.6,313.7,0.029,0.01,0.008,,,
6358,6358,6358,212111726,09 00 30.154,+22 15 09.59,1,19.19,,,,,5045-301-3-0162-0153,STAR,gri,,3,4,-1,4,,,,,,,20.968,0.08,19.563,0.013,19.165,0.012,19.03,0.015,19.053,0.051,,,,,,,,,,,,,,,,,,,,,,,,,,,,,,,,,
6359,6359,6359,212111728,09 04 29.955,+22 15 09.66,1,13.14,,,562-047114,09042994+2215096,,STAR,gri,lam,-0.9,1.7,3.1,2.1,,,14.537,0.09,13.47,0.06,,,13.948,0.06,13.108,0.04,12.793,0.03,,,11.556,0.023,11.068,0.025,10.904,0.018,4795,95,57,3.121,0.168,0.084,-0.065,0.09,0.15,5.05,0.436,0.859,1.205,0.088,0.088,0.009,0.008,0.002,1489,136.2,239.1,0.033,0.007,0.005,,,
6360,6360,6360,212111816,08 59 06.516,+22 15 16.89,1,10.766,,1400-1146-1,562-046949,08590652+2215168,,STAR,gri,rpm,-15.7,1.4,-11.6,1.5,,,11.35,0.086,10.677,0.072,,,11.121,0.04,10.707,0.04,10.614,0.03,,,9.846,0.022,9.643,0.021,9.569,0.023,6256,149,124,4.092,0.195,0.234,0.017,0.12,0.14,1.644,0.684,0.424,1.29,0.239,0.119,0.258,0.257,0.16,295.1,124.3,65.51,0.03,0.008,0.008,,,
6361,6361,6361,212111829,08 27 53.355,+22 15 18.05,1,12.228,,,562-045657,08275335+2215181,,STAR,gri,rpm,-16,0.4,-10.6,0.5,,,12.961,0.041,12.343,0.031,,,12.608,0.031,12.205,0.04,12.065,0.061,,,11.276,0.021,11.008,0.022,10.937,0.018,6078,121,121,4.256,0.12,0.216,-0.148,0.15,0.27,1.222,0.417,0.153,1.078,0.094,0.113,0.518,0.257,0.286,433,140.5,56.74,0.031,0.008,0.008,,,
6362,6362,6362,212111842,09 09 12.655,+22 15 18.79,1,17.285,,,,09091265+2215187,5061-301-6-0161-0208,EXTENDED,gri,,3,3,2,3,,,,,,,20.015,0.074,18.204,0.008,17.301,0.006,16.891,0.007,16.567,0.016,16.222,0.112,15.477,0.115,15.187,0.142,,,,,,,,,,,,,,,,,,,,,,,,,,,
6363,6363,6363,212111852,08 53 31.304,+22 15 19.59,1,17.174,,,,08533130+2215195,5038-301-5-0052-0268,EXTENDED,gri,,2,5,14,5,,,,,,,20.237,0.08,18.263,0.009,17.166,0.006,16.707,0.006,16.388,0.014,15.867,0.094,15.175,0.096,14.984,0.13,,,,,,,,,,,,,,,,,,,,,,,,,,,
6364,6364,6364,212111862,08 26 01.228,+22 15 20.02,1,16.47,,,,08260122+2215200,,STAR,JHK,col,,,,,,,,,,,,,,,,,,,,,14.077,0.025,13.407,0.03,13.172,0.027,3914,247,206,4.868,0.105,0.075,-0.096,0.16,0.24,0.405,0.08,0.101,0.448,0.095,0.133,6.53,4.233,1.96,293,81,84.81,0.029,0.01,0.008,,,
6365,6365,6365,212111871,09 03 46.212,+22 15 20.48,1,14.715,,,562-047094,09034621+2215204,5038-301-3-0067-0034,STAR,gri,rpm,-2.6,2,-6.4,2.3,,,15.844,0.08,15.016,0.08,,,15.359,0.07,14.695,0.02,14.439,0.05,,,13.325,0.023,12.893,0.022,12.8,0.024,5202,105,105,4.539,0.05,1.04,-0.287,0.3,0.48,0.841,2.142,0.091,0.874,0.11,0.092,1.457,0.411,1.423,646.5,1534,98.76,0.035,0.008,0.007,,,
6366,6366,6366,212111884,08 58 35.832,+22 15 21.24,1,13.086,,,562-046929,08583584+2215210,,STAR,gri,rpm,-57.8,1.7,33.8,1.6,,,15.12,0.04,13.718,0.03,,,14.517,0.05,13.117,0.05,12.473,0.04,,,10.965,0.023,10.315,0.024,10.154,0.017,3901,62,78,4.88,0.025,0.04,-0.056,0.08,0.08,0.402,0.044,0.022,0.451,0.044,0.027,6.929,0.739,1.126,94.36,23.34,38.85,0.017,0.011,0.008,,,
6367,6367,6367,212111911,08 35 43.598,+22 15 23.33,1,19.781,,,,,4508-301-2-0108-0533,EXTENDED,gri,,-5,4,6,4,,,,,,,21.082,0.115,19.948,0.021,19.725,0.024,19.572,0.028,19.303,0.07,,,,,,,,,,,,,,,,,,,,,,,,,,,,,,,,,
6368,6368,6368,212111919,08 29 56.554,+22 15 23.84,1,13.95,,,562-045741,08295655+2215238,,STAR,gri,rpm,-2,1.9,-3,1.8,,,15.013,0.04,14.165,0.037,,,14.581,0.037,13.898,0.045,13.68,0.068,,,12.527,0.023,12.098,0.021,11.978,0.02,5189,126,126,3.762,0.846,0.47,-0.215,0.24,0.48,2.183,1.59,1.452,0.933,0.265,0.074,0.079,1.656,0.067,1149,745.6,760.1,0.034,0.008,0.007,,,
6369,6369,6369,212111942,08 52 37.739,+22 15 25.20,1,14.171,,,562-046679,08523773+2215253,,STAR,gri,lam,64.2,4.7,-80,3.1,,,15.269,0.03,14.423,0.02,,,14.82,0.01,14.136,0.02,13.893,0.02,,,12.827,0.027,12.335,0.023,12.255,0.022,5037,180,150,4.708,0.03,0.036,-1.101,0.15,0.15,0.569,0.039,0.031,0.619,0.034,0.024,3.238,0.395,0.482,320.3,42.4,25.48,0.027,0.012,0.005,,,
6370,6370,6370,212111947,09 02 43.197,+22 15 25.44,1,14.912,,,562-047063,09024319+2215255,,STAR,gri,rpm,-14.5,3.2,-26.4,3.3,,,17.331,0.17,15.895,0.02,,,16.588,0.07,15.324,0.1,14.193,0.05,,,12.474,0.022,11.776,0.021,11.532,0.02,3738,115,162,4.905,0.1,0.05,0.086,0.15,0.12,0.368,0.052,0.1,0.389,0.088,0.118,7.933,5.57,1.998,115.3,28.91,35.89,0.017,0.01,0.005,,,
6371,6371,6371,212111959,08 35 47.152,+22 15 26.11,1,12.151,,,562-046005,08354715+2215261,,STAR,JHK,rpm,-12.5,0.9,-15.6,1.3,,,,,,,,,,,,,,,,,10.81,0.023,10.429,0.021,10.294,0.019,5401,291,161,4.437,0.115,0.736,-0.166,0.15,0.15,0.958,1.52,0.172,0.97,0.213,0.107,0.977,0.572,0.903,252,333.4,61.73,0.031,0.009,0.009,,,
6372,6372,6372,212111974,09 03 36.713,+22 15 27.22,1,14.898,,,562-047091,09033672+2215273,5038-301-3-0067-0012,STAR,JHK,col,,,,,,,,,,,,,,,,,,,,,12.666,0.023,12.023,0.021,11.814,0.02,3866,185,154,4.882,0.088,0.055,-0.091,0.2,0.28,0.384,0.056,0.083,0.434,0.071,0.1,6.908,3.99,1.546,146.6,27.24,38.73,0.021,0.007,0.006,,,
6373,6373,6373,212112028,09 02 50.709,+22 15 30.79,1,8.427,44414,1400-2296-1,562-047067,09025071+2215307,,STAR,gri,plx,-49.13,0.84,-21.26,0.82,2.51,0.83,8.959,0.023,7.929,0.015,,,9.782,0.03,8.777,0.04,7.847,0.04,,,6.168,0.021,5.677,0.027,5.531,0.031,4697,95,95,2.507,0.126,0.126,0.098,0.1,0.14,12.14,3.031,1.39,1.905,0.788,0.43,9.25E-04,4.12E-04,3.31E-04,398.4,131.7,131.7,0.031,0.013,0.007,,,
6374,6374,6374,212112038,08 28 39.996,+22 15 31.28,1,14.395,,,562-045694,08283999+2215312,,STAR,gri,rpm,-0.6,2.1,1,2.6,,,15.569,0.06,14.616,0.041,,,15.007,0.04,14.317,0.048,14.133,0.074,,,12.908,0.021,12.414,0.025,12.33,0.021,5073,119,119,3.408,1.04,0.52,-0.531,0.42,0.35,3.102,2.53,2.361,0.914,0.154,0.086,0.031,1.404,0.027,1836,1429,1375,0.032,0.008,0.007,,,
6375,6375,6375,212112083,09 07 30.951,+22 15 34.19,1,10.767,,1407-689-1,562-047209,09073094+2215342,,STAR,gri,,-6.9,1.7,19.8,1.8,,,11.983,0.2,11.271,0.131,,,11.489,0.05,10.74,0.04,10.458,0.03,,,9.585,0.038,,,,,,,,,,,,,,,,,,,,,,,,,,,,,,,
6376,6376,6376,212112108,08 26 29.352,+22 15 35.67,1,17.137,,,,08262935+2215356,,STAR,J,,,,,,,,,,,,,,,,,,,,,,15.666,0.124,,,,,,,,,,,,,,,,,,,,,,,,,,,,,,,
6377,6377,6377,212112130,09 04 27.036,+22 15 38.16,1,13.527,,,562-047113,09042702+2215381,,STAR,gri,lam,-4.6,2.2,-9.4,1.8,,,14.714,0.08,13.831,0.08,,,14.216,0.05,13.506,0.05,13.232,0.03,,,12.192,0.023,11.759,0.027,11.638,0.017,5125,153,122,4.572,0.025,0.025,-0.018,0.12,0.12,0.787,0.035,0.04,0.854,0.035,0.049,1.735,0.203,0.153,341.8,25.29,23.55,0.03,0.006,0.006,,,
6378,6378,6378,212112153,09 08 23.548,+22 15 40.36,1,14.963,,,562-047246,09082354+2215404,,STAR,gri,lam,-3.8,3.2,4.3,3.4,,,16.13,0.04,15.252,0.05,,,15.617,0.03,14.888,0.03,14.683,0.04,,,13.513,0.027,13.034,0.036,12.958,0.032,5164,155,124,3.781,0.05,0.1,-0.207,0.16,0.1,2.144,0.363,0.192,1.025,0.135,0.052,0.103,0.022,0.033,1724,283,126.2,0.036,0.012,0.01,,,
6379,6379,6379,212112175,08 57 07.133,+22 15 41.78,1,16.593,,,,08570713+2215417,5045-301-4-0158-0154,STAR,gri,rpm,-34,3,-38,3,,,,,,,20.949,0.076,18.471,0.007,16.987,0.005,15.788,0.004,15.141,0.005,13.786,0.024,13.263,0.023,13.016,0.023,3351,157,78,5.114,0.025,0.05,-0.018,0.15,0.15,0.185,0.038,0.011,0.166,0.049,0.011,25.06,3.058,6.906,91.8,29.72,5.93,0.013,0.005,0.003,,,
6380,6380,6380,212112177,08 57 29.889,+22 15 42.17,1,14.911,,,562-046891,08572989+2215423,5045-301-4-0158-0062,STAR,gri,lam,2.2,3.1,-2.9,3.3,,,16.064,0.05,15.16,0.03,,,15.58,0.04,14.859,0.05,14.624,0.083,,,13.519,0.024,13.065,0.024,12.963,0.024,4945,59,59,3.271,0.147,0.126,-0.408,0.12,0.1,3.625,0.689,0.49,0.96,0.117,0.019,0.018,0.013,0.006,2811,497.8,422.9,0.034,0.009,0.011,,,
6381,6381,6381,212112183,08 50 44.143,+22 15 42.62,1,12.545,,1399-236-1,562-046618,08504415+2215428,,STAR,gri,rpm,-47.1,1.8,-28.9,2.1,,,12.876,0.322,12.226,0.227,,,13.155,0.02,12.488,0.01,12.284,0.03,,,11.259,0.023,10.881,0.025,10.787,0.019,5279,52,52,4.567,0.025,0.025,-0.168,0.15,0.15,0.782,0.062,0.032,0.833,0.047,0.021,1.694,0.185,0.198,238.6,23.99,16.54,0.028,0.009,0.005,,,
6382,6382,6382,212112204,09 05 14.175,+22 15 44.30,1,13.466,,,562-047138,09051416+2215442,,STAR,gri,lam,-7.8,3.4,-0.8,2.2,,,14.651,0.06,13.765,0.07,,,14.154,0.05,13.452,0.05,13.172,0.04,,,12.052,0.022,11.619,0.021,11.486,0.021,5188,124,156,4.568,0.025,0.03,-0.016,0.1,0.1,0.793,0.045,0.043,0.86,0.045,0.054,1.681,0.205,0.217,328.3,31.34,28.61,0.029,0.008,0.007,,,
6383,6383,6383,212112209,09 09 03.308,+22 15 44.60,1,19.045,,,,,5061-301-6-0160-0270,STAR,gri,,2,3,0,3,,,,,,,19.565,0.029,18.971,0.009,19.069,0.011,19.119,0.016,18.905,0.047,,,,,,,,,,,,,,,,,,,,,,,,,,,,,,,,,
6384,6384,6384,212112243,09 09 05.624,+22 15 46.84,1,17.095,,,,09090562+2215468,5061-301-6-0161-0181,STAR,gri,rpm,-58,3,-23,3,,,,,,,21.643,0.119,19.169,0.01,17.689,0.006,16.206,0.005,15.395,0.005,13.92,0.026,13.359,0.031,13.019,0.026,3415,122,102,5.108,0.025,0.07,-0.082,0.27,0.12,0.192,0.045,0.01,0.174,0.053,0.016,24.42,2.356,7.835,104.5,29.44,11.15,0.016,0.007,0.004,,,
6385,6385,6385,212112264,08 30 02.894,+22 15 48.36,1,11.54,,,562-045751,08300289+2215483,,STAR,gri,rpm,4.4,1.9,-6.3,2.8,,,12.212,0.04,11.654,0.03,,,11.893,0.03,11.502,0.04,11.388,0.06,,,10.583,0.022,10.316,0.021,10.289,0.02,6142,145,121,4.107,0.24,0.24,-0.024,0.12,0.24,1.5,0.648,0.388,1.21,0.21,0.175,0.285,0.383,0.182,395.3,174,103.6,0.029,0.01,0.008,,,
6386,6386,6386,212112291,08 30 29.965,+22 15 50.02,1,12.422,,1391-772-1,562-045769,08302996+2215498,,STAR,gri,plx,-4.2,2.4,-5.3,2.6,,,12.957,0.371,11.963,0.2,,,12.587,0.031,12.367,0.041,12.33,0.061,,,11.716,0.022,11.602,0.021,11.527,0.022,6928,141,169,4.177,0.075,0.12,-0.072,0.12,0.1,1.584,0.293,0.159,1.425,0.1,0.083,0.349,0.106,0.132,595.9,191.7,191.7,0.034,0.01,0.008,,,
6387,6387,6387,212112315,08 27 44.477,+22 15 51.46,1,14.725,,,562-045648,08274447+2215515,,STAR,gri,rpm,2.2,3,-9.5,3.4,,,16.017,0.09,15.036,0.046,,,15.429,0.044,14.605,0.051,14.424,0.079,,,13.297,0.024,12.806,0.029,12.725,0.023,4976,119,99,4.589,0.03,0.942,-0.092,0.15,0.24,0.749,1.559,0.044,0.816,0.093,0.058,1.854,0.25,1.79,530.8,1220,50.26,0.034,0.007,0.008,,,
6388,6388,6388,212112323,08 58 42.079,+22 15 51.87,1,12.616,,,562-046935,08584208+2215517,,STAR,gri,lam,5.2,1.1,0.6,2.6,,,13.107,0.04,12.657,0.02,,,12.833,0.05,12.543,0.05,12.493,0.03,,,11.785,0.023,11.614,0.026,11.528,0.018,6456,130,130,4.209,0.085,0.102,-0.197,0.12,0.15,1.414,0.18,0.16,1.194,0.102,0.085,0.392,0.149,0.108,650,106.7,77.32,0.032,0.01,0.007,,,
6389,6389,6389,212112419,09 08 12.001,+22 15 59.05,1,10.466,,1407-1698-1,562-047237,09081199+2215590,,STAR,gri,rpm,-43.6,1.4,-65.6,1.5,,,11.186,0.087,10.477,0.063,,,10.914,0.01,10.422,0.04,10.273,0.04,,,9.417,0.022,9.148,0.031,9.058,0.019,5828,93,93,4.375,0.075,0.135,0.021,0.12,0.22,1.084,0.19,0.111,1.042,0.053,0.085,0.774,0.235,0.293,154.2,24.49,16.14,0.021,0.006,0.005,,,
6390,6390,6390,212112423,08 54 31.424,+22 15 59.46,1,12.519,,,562-046774,08543141+2215594,,STAR,gri,rpm,5.3,0.8,-10.3,1.1,,,13.378,0.01,12.656,0.031,,,12.971,0.031,12.455,0.041,12.326,0.01,,,11.388,0.02,11.076,0.022,11.014,0.021,5809,117,117,4.283,0.185,0.37,-0.022,0.15,0.24,1.206,0.732,0.255,1.042,0.196,0.091,0.565,0.549,0.42,439.3,249.3,125.7,0.032,0.011,0.006,,,
6391,6391,6391,212112478,08 34 45.057,+22 16 03.14,1,11.609,,,562-045957,08344505+2216032,,STAR,JHK,rpm,-20.4,0.6,8.8,0.8,,,,,,,,,,,,,,,,,10.231,0.023,9.755,0.025,9.691,0.02,5044,122,122,3.255,0.432,0.72,-0.474,0.4,0.48,3.669,4.229,1.273,0.957,0.269,0.085,0.017,0.055,0.015,630.5,717.4,199.3,0.032,0.008,0.008,,,
6392,6392,6392,212112484,08 27 44.396,+22 16 03.69,1,17.778,,,,08274439+2216036,4508-301-4-0097-0081,EXTENDED,gri,,4,3,9,3,,,,,,,20.738,0.124,18.868,0.013,17.774,0.008,17.311,0.007,17.024,0.018,16.33,0.094,15.623,0.124,15.065,0.108,,,,,,,,,,,,,,,,,,,,,,,,,,,
6393,6393,6393,212112506,09 05 01.047,+22 16 04.58,1,11.196,,1407-755-1,562-047131,09050104+2216046,,STAR,gri,rpm,-11.9,1.5,-2.6,1.6,,,11.412,0.1,11,0.099,,,11.316,0.05,11.156,0.04,11.093,0.03,,,10.42,0.02,10.323,0.02,10.221,0.017,7074,173,173,4.093,0.12,0.168,-0.026,0.12,0.12,1.782,0.541,0.272,1.549,0.162,0.116,0.236,0.13,0.108,494.6,139.4,80.36,0.032,0.008,0.006,,,
6394,6394,6394,212112598,09 05 38.281,+22 16 10.58,1,12.449,,,562-047148,09053826+2216106,,STAR,gri,lam,-12.3,1.7,-5.1,1.9,,,13.612,0.05,12.74,0.07,,,13.114,0.06,12.435,0.04,12.165,0.03,,,11.099,0.022,10.614,0.027,10.525,0.021,5243,156,187,4.554,0.025,0.035,0.014,0.12,0.1,0.823,0.056,0.053,0.888,0.046,0.056,1.559,0.19,0.201,223.7,25.57,22.95,0.026,0.007,0.005,,,
6395,6395,6395,212112611,08 25 55.973,+22 16 11.68,1,15.5,,,562-045566,08255596+2216119,4335-301-1-0101-0331,STAR,JHK,col,,,,,,,,,,,,,,,,,,,,,13.358,0.024,12.788,0.026,12.533,0.02,3537,161,226,5.048,0.098,0.07,-0.037,0.12,0.18,0.229,0.068,0.062,0.225,0.087,0.072,17.48,11.66,6.062,100,42.43,33.81,0.015,0.006,0.006,,,
6396,6396,6396,212112620,08 34 21.629,+22 16 12.30,1,17.746,,,,08342162+2216123,,STAR,J,rpm,2,4,6,1,,,,,,,,,,,,,,,,,16.232,0.14,15.274,0.123,14.95,0.107,4065,321,321,4.811,0.14,0.1,-0.179,0.2,0.28,0.444,0.127,0.127,0.511,0.105,0.148,4.944,4.326,1.789,955.7,351.4,339.2,0.033,0.01,0.007,,,
6397,6397,6397,212112636,09 07 11.852,+22 16 13.48,1,18.627,,,,09071185+2216134,,STAR,JHK,col,,,,,,,,,,,,,,,,,,,,,16.102,0.096,15.314,0.124,15.037,0.132,3982,432,360,4.867,0.168,0.14,-0.208,0.2,0.32,0.383,0.137,0.134,0.448,0.151,0.212,6.608,7.52,3.1,734.9,403.3,336.6,0.032,0.01,0.007,,,
6398,6398,6398,212112669,08 52 29.346,+22 16 16.02,1,18.393,,,,,5045-301-5-0151-0342,EXTENDED,gri,,7,3,-5,3,,,,,,,20.203,0.101,18.89,0.017,18.494,0.018,18.18,0.025,17.997,0.058,,,,,,,,,,,,,,,,,,,,,,,,,,,,,,,,,
6399,6399,6399,212112690,08 31 13.291,+22 16 17.62,1,13.312,,,562-045805,08311329+2216176,,STAR,gri,rpm,0.9,1.2,-10.1,3,,,14.663,0.03,13.645,0.034,,,14.139,0.034,13.282,0.042,12.958,0.063,,,11.84,0.022,11.312,0.022,11.232,0.02,4850,77,77,3.313,1.215,0.675,-0.183,0.2,0.28,3.571,3.424,2.86,0.999,0.21,0.21,0.014,1.223,0.013,1317,1108,1048,0.032,0.01,0.006,,,
6400,6400,6400,212112704,08 59 40.294,+22 16 18.74,1,9.73,,1400-935-1,562-046975,08594029+2216187,,STAR,gri,,-19.7,1.1,-15,1.1,,,10.513,0.045,9.874,0.035,,,10.32,0.06,9.679,0.02,9.477,0.03,,,8.653,0.039,,,8.292,0.033,,,,,,,,,,,,,,,,,,,,,,,,,,,
6401,6401,6401,212112716,08 25 44.132,+22 16 19.47,1,11.778,,1391-99-1,562-045552,08254410+2216198,,STAR,gri,rpm,1.8,1.8,-9.6,2,,,12.188,0.185,12.397,0.298,,,12.193,0.03,11.749,0.04,11.599,0.06,,,10.766,0.022,10.495,0.023,10.445,0.018,6029,144,144,4.137,0.245,0.245,-0.024,0.15,0.21,1.379,0.684,0.345,1.139,0.199,0.099,0.332,0.446,0.212,376.3,182.3,105.6,0.033,0.01,0.007,,,
6402,6402,6402,212112749,09 08 07.848,+22 16 21.76,1,12.696,,,562-047235,09080783+2216218,,STAR,gri,lam,-15.5,1.4,-27.8,1.6,,,13.649,0.07,12.932,0.08,,,13.214,0.02,12.653,0.02,12.474,0.04,,,11.535,0.022,11.202,0.033,11.105,0.021,5567,134,134,4.493,0.035,0.056,-0.019,0.08,0.14,0.912,0.076,0.059,0.956,0.048,0.058,1.227,0.198,0.232,324.8,37.95,28.58,0.03,0.007,0.006,,,
6403,6403,6403,212112773,08 34 27.076,+22 16 23.88,1,12.488,,,562-045947,08342707+2216239,,STAR,JHK,rpm,-19.2,0.8,-11.1,1,,,,,,,,,,,,,,,,,11.227,0.023,10.829,0.023,10.77,0.02,5420,162,129,4.497,0.054,0.909,-0.221,0.24,0.78,0.918,1.603,0.103,0.899,0.085,0.035,1.228,0.3,1.173,279.8,438.7,38.33,0.031,0.007,0.006,,,
6404,6404,6404,212112816,08 59 05.768,+22 16 26.94,1,18.735,,,,08590576+2216269,5038-301-4-0060-0323,STAR,gri,rpm,17,3,-30,3,,,,,,,21.805,0.126,19.745,0.013,18.719,0.01,18.302,0.009,18.085,0.022,16.75,0.133,16.245,0.162,15.82,0.198,4335,51,51,4.915,0.066,0.055,-1.115,0.25,0.3,0.377,0.044,0.054,0.428,0.053,0.062,7.734,2.942,1.591,1022,151.5,131.9,0.032,0.008,0.005,,,
6405,6405,6405,212112843,08 53 53.505,+22 16 29.00,1,16.788,,,,,5038-301-5-0053-0094,STAR,gri,,106,3,-209,3,,,,,,,16.784,0.007,16.55,0.004,16.867,0.005,17.116,0.006,17.375,0.013,,,,,,,,,,,,,,,,,,,,,,,,,,,,,,,,,
6406,6406,6406,212112879,08 58 26.299,+22 16 31.86,1,17.598,,,,08582629+2216318,5038-301-4-0059-0221,EXTENDED,gri,,2,3,10,3,,,,,,,20.365,0.1,18.565,0.011,17.698,0.009,17.184,0.008,16.776,0.021,16.547,0.128,15.683,0.129,15.046,0.128,,,,,,,,,,,,,,,,,,,,,,,,,,,
6407,6407,6407,212112881,09 05 42.003,+22 16 31.98,1,15.202,,,562-047152,09054199+2216322,5045-301-2-0170-0031,STAR,gri,rpm,-2.2,3.1,1.3,3.3,,,16.611,0.33,15.516,0.07,,,15.98,0.09,15.145,0.07,14.869,0.01,,,13.802,0.028,13.355,0.034,13.18,0.033,5022,150,120,4.573,0.04,1.168,-0.188,0.25,0.4,0.778,2.49,0.078,0.83,0.101,0.072,1.76,0.356,1.729,699.9,2107,78.98,0.035,0.011,0.007,,,
6408,6408,6408,212112888,08 57 22.763,+22 16 32.73,1,16.663,,,,08572276+2216327,5045-301-4-0158-0199,EXTENDED,gri,,-26,4,45,4,,,,,,,18.523,0.028,17.304,0.005,16.729,0.005,16.388,0.005,16.21,0.016,16.022,0.099,15.429,0.121,15.093,0.154,,,,,,,,,,,,,,,,,,,,,,,,,,,
6409,6409,6409,212112894,08 57 50.774,+22 16 33.11,1,17.8,,,,08575077+2216331,,STAR,J,col,,,,,,,,,,,,,,,,,,,,,16.282,0.107,15.708,0.152,15.192,0.144,3817,551,344,4.953,0.125,0.2,-0.219,0.24,0.36,0.321,0.22,0.113,0.338,0.221,0.158,9.786,10.19,6.183,605.8,613,267.5,0.032,0.01,0.008,,,
6410,6410,6410,212112906,08 57 58.783,+22 16 34.55,1,13.595,,,562-046905,08575879+2216345,,STAR,gri,rpm,-57.3,1.8,-8.2,2.1,,,14.945,0.02,13.925,0.03,,,14.447,0.05,13.543,0.05,13.229,0.03,,,12.066,0.021,11.521,0.021,11.426,0.019,4735,73,128,4.658,0.036,0.03,-0.314,0.2,0.32,0.641,0.046,0.05,0.689,0.05,0.05,2.571,0.422,0.362,243.4,18.61,36.42,0.023,0.007,0.006,,,
6411,6411,6411,212112918,08 51 09.470,+22 16 35.28,1,14.346,,,562-046632,08510944+2216362,5038-301-6-0049-0121,STAR,gri,rpm,158,8,-454,8,,,15.928,0.04,14.779,0.01,,,15.367,0.02,14.325,0.05,13.908,0.05,,,12.551,0.025,12.027,0.027,11.871,0.019,3185,446,185,5.169,0.05,0.13,-0.256,0.25,0.4,0.156,0.088,0.018,0.133,0.12,0.016,33.95,9.285,18.29,37.72,20.75,10.57,0.006,0.005,0.003,,,
6412,6412,6412,212113096,09 03 18.482,+22 16 47.63,1,14.688,,,562-047082,09031847+2216475,5038-301-3-0066-0162,STAR,gri,lam,11.5,4.7,-17.3,3.3,,,15.932,0.07,15.018,0.11,,,15.414,0.05,14.668,0.06,14.376,0.09,,,13.241,0.023,12.722,0.024,12.634,0.023,4901,175,146,4.616,0.025,0.03,-0.108,0.12,0.14,0.718,0.041,0.039,0.78,0.046,0.046,2.072,0.226,0.242,471.8,46.71,42.51,0.033,0.007,0.007,,,
6413,6413,6413,212113124,08 29 53.148,+22 16 49.25,1,18.248,,,,08295314+2216492,,STAR,JHK,rpm,10,3,6,7,,,,,,,,,,,,,,,,,15.842,0.1,14.965,0.115,14.821,0.131,4109,293,293,4.809,0.114,0.095,-0.208,0.2,0.28,0.474,0.1,0.111,0.524,0.101,0.141,4.899,3.713,1.625,811.6,270.7,237,0.033,0.008,0.007,,,
6414,6414,6414,212113195,08 34 00.548,+22 16 54.53,1,12.529,,,562-045925,08340055+2216545,,STAR,JHK,rpm,-5.3,0.9,7.8,1,,,,,,,,,,,,,,,,,11.199,0.021,10.809,0.023,10.69,0.019,5349,158,126,3.467,0.648,1.134,-0.282,0.3,0.78,2.124,5.574,1.224,0.949,0.3,0.075,0.057,0.54,0.056,624,1196,359,0.03,0.007,0.007,,,
6415,6415,6415,212113197,08 26 17.928,+22 16 54.76,1,14.395,,,562-045584,08261793+2216547,4335-301-1-0102-0094,STAR,gri,rpm,-0.8,3.2,-1.9,3.5,,,15.551,0.06,14.553,0.04,,,15.065,0.04,14.379,0.048,14.109,0.073,,,13.063,0.022,12.626,0.024,12.522,0.027,5175,124,124,3.709,0.848,0.636,-0.335,0.3,0.54,2.124,1.953,1.407,0.907,0.196,0.07,0.077,1.687,0.068,1424,1198,958.9,0.033,0.008,0.007,,,
6416,6416,6416,212113212,08 31 37.445,+22 16 55.39,1,13.286,,,562-045826,08313744+2216554,,STAR,gri,rpm,-6.2,1.2,-2.5,1.3,,,14.423,0.02,13.562,0.033,,,13.963,0.034,13.33,0.042,12.996,0.063,,,11.989,0.021,11.506,0.023,11.443,0.021,5079,101,101,2.981,0.576,0.672,-0.814,0.35,0.35,4.503,5.366,2.003,0.902,0.115,0.032,0.007,0.04,0.006,1779,1767,692,0.034,0.008,0.006,,,
6417,6417,6417,212113241,08 27 10.689,+22 16 57.76,1,15.632,,,562-045620,08271069+2216576,6597-301-6-0216-0038,STAR,JHK,rpm,-5,3.1,-3.8,3.4,,,,,,,,,,,,,,,,,14.284,0.027,13.836,0.031,13.763,0.039,5221,184,184,4.568,0.04,0.784,-0.276,0.25,0.4,0.771,1.197,0.063,0.82,0.081,0.067,1.713,0.323,1.609,907.8,1547,106.1,0.032,0.008,0.007,,,
6418,6418,6418,212113255,08 35 26.597,+22 16 58.93,1,12.58,,1398-908-1,562-045992,08352658+2216586,,STAR,BV,rpm,-9.7,2.4,8.2,2.5,,,12.413,0.228,12.448,0.262,,,,,,,,,,,11.33,0.025,11.031,0.021,10.955,0.021,5980,177,177,4.177,0.24,0.288,-0.1,0.2,0.28,1.383,0.522,0.379,1.092,0.131,0.131,0.4,0.413,0.262,477.9,162.3,141.4,0.032,0.008,0.006,,,
6419,6419,6419,212113294,09 08 47.577,+22 17 01.80,1,11.555,,,562-047256,09084756+2217019,,STAR,gri,rpm,-11.7,1.2,-1.3,0.7,,,12.279,0.07,11.734,0.07,,,11.931,0.01,11.529,0.03,11.394,0.04,,,10.59,0.026,10.32,0.032,10.253,0.018,6083,96,120,4.233,0.185,0.333,-0.1,0.15,0.24,1.3,0.732,0.306,1.098,0.2,0.133,0.4,0.426,0.275,333,190.9,82.14,0.031,0.006,0.006,,,
6420,6420,6420,212113541,08 56 21.449,+22 17 19.96,1,17.792,,,,08562144+2217199,,STAR,JHK,rpm,60,21,24,7,,,,,,,,,,,,,,,,,16.038,0.08,15.504,0.096,15.332,0.134,3698,526,376,5.028,0.125,0.175,-0.263,0.25,0.45,0.242,0.154,0.081,0.256,0.219,0.109,14.37,14.31,8.91,404.1,386.7,173.2,0.03,0.01,0.007,,,
6421,6421,6421,212113552,08 56 21.073,+22 17 20.85,1,17.393,,,,08562107+2217208,5045-301-4-0157-0139,STAR,gri,rpm,-72,10,49,10,,,,,,,21.815,0.162,19.364,0.011,17.878,0.006,16.548,0.005,15.847,0.007,14.546,0.037,13.852,0.041,13.619,0.039,3544,84,127,5.094,0.036,0.03,-0.203,0.16,0.2,0.204,0.017,0.022,0.192,0.019,0.027,21.25,4.954,2.954,155.8,17.72,20.85,0.022,0.006,0.005,,,
6422,6422,6422,212113615,09 03 53.587,+22 17 26.65,1,12.525,,,562-047098,09035358+2217266,,STAR,gri,rpm,-0.9,1.2,-9.4,1.3,,,13.771,0.08,12.821,0.07,,,13.231,0.06,12.498,0.03,12.223,0.03,,,11.114,0.022,10.644,0.022,10.551,0.021,4982,101,81,3.193,0.345,0.828,-0.402,0.3,0.3,3.915,5.356,1.181,1.034,0.201,0.143,0.013,0.028,0.013,977.5,1269,267.7,0.032,0.01,0.008,,,
6423,6423,6423,212113624,08 59 23.615,+22 17 27.07,1,18.994,,,,,5038-301-4-0061-0244,STAR,gri,,0,3,-3,3,,,,,,,19.479,0.026,19.278,0.01,18.977,0.011,18.872,0.013,18.828,0.038,,,,,,,,,,,,,,,,,,,,,,,,,,,,,,,,,
6424,6424,6424,212113638,09 06 26.448,+22 17 28.04,1,14.34,,,562-047180,09062643+2217279,,STAR,gri,lam,-10,5.6,7.2,7.5,,,15.424,0.06,14.593,0.1,,,14.944,0.05,14.301,0.05,14.08,0.02,,,13.055,0.024,12.633,0.033,12.504,0.026,5270,157,157,4.551,0.03,0.036,-0.059,0.12,0.12,0.816,0.048,0.046,0.872,0.053,0.053,1.593,0.215,0.225,540.3,53.49,48.67,0.032,0.01,0.006,,,
6425,6425,6425,212113661,09 02 33.959,+22 17 29.23,1,14.837,,,562-047058,09023396+2217293,5038-301-3-0065-0083,STAR,gri,rpm,-8.8,3.3,3.3,3.4,,,15.776,0.01,14.993,0.06,,,15.349,0.04,14.801,0.09,14.618,0.1,,,13.636,0.023,13.245,0.03,13.129,0.023,5484,194,162,4.515,0.05,0.14,-0.223,0.2,0.4,0.849,0.183,0.087,0.873,0.073,0.073,1.361,0.333,0.623,786.2,285.1,95.11,0.034,0.01,0.007,,,
6426,6426,6426,212113758,08 52 05.250,+22 17 35.71,1,13.15,,,562-046663,08520524+2217356,,STAR,gri,rpm,-6.2,1.4,16.2,8.2,,,14.298,0.04,13.41,0.01,,,13.805,0.02,13.122,0.01,12.869,0.01,,,11.764,0.022,11.309,0.02,11.187,0.02,5082,101,81,3.323,0.906,0.755,-0.563,0.36,0.3,3.131,3.895,2.121,0.923,0.203,0.063,0.022,0.455,0.02,982.5,1172,655.2,0.032,0.007,0.007,,,
6427,6427,6427,212113831,08 35 08.760,+22 17 40.32,1,15.186,,,562-045981,08350876+2217403,4508-301-2-0107-0115,EXTENDED,JHK,,-5.5,2.2,-3.8,2.4,,,,,,,,,,,,,,,,,14.207,0.03,13.954,0.037,13.953,0.049,,,,,,,,,,,,,,,,,,,,,,,,,,,
6428,6428,6428,212113839,08 27 43.264,+22 17 40.57,1,15.408,,,562-045647,08274326+2217406,4508-301-4-0097-0093,STAR,JHK,rpm,0.5,3,4.1,3.3,,,,,,,,,,,,,,,,,14.007,0.024,13.526,0.03,13.453,0.036,5078,151,151,4.576,0.045,1.224,-0.265,0.25,0.5,0.767,2.553,0.072,0.815,0.081,0.081,1.779,0.385,1.753,772.4,2568,99.67,0.033,0.008,0.007,,,
6429,6429,6429,212113925,09 08 57.930,+22 17 47.83,1,16.917,,,,09085792+2217478,5038-301-2-0074-0206,EXTENDED,gri,,0,2,3,2,,,,,,,19.609,0.063,17.786,0.008,16.941,0.006,16.544,0.006,16.21,0.014,16.329,0.121,15.671,0.155,15.108,0.13,,,,,,,,,,,,,,,,,,,,,,,,,,,
6430,6430,6430,212113957,09 04 42.881,+22 17 50.20,1,14.537,,,562-047118,09044287+2217502,,STAR,gri,lam,0.7,4,0.9,2.3,,,15.849,0.06,14.877,0.1,,,15.312,0.05,14.546,0.05,14.205,0.05,,,12.975,0.02,12.436,0.023,12.304,0.018,4788,95,76,2.684,0.186,0.155,-0.476,0.1,0.12,7.025,1.382,1.155,0.963,0.019,0.019,0.003,0.002,0.001,3994,785.8,774.3,0.037,0.01,0.008,,,
6431,6431,6431,212113958,09 05 42.277,+22 17 50.24,1,13.665,,,562-047155,09054226+2217503,5045-301-2-0170-0043,STAR,gri,rpm,-0.4,1.9,11.9,6.1,,,14.836,0.05,13.982,0.05,,,14.341,0.04,13.644,0.05,13.375,0.04,,,12.499,0.026,12.098,0.028,11.98,0.023,5218,126,126,4.53,0.054,0.972,-0.145,0.2,0.44,0.844,1.95,0.074,0.896,0.17,0.071,1.44,0.356,1.395,439.5,940.2,51.39,0.033,0.008,0.007,,,
6432,6432,6432,212114029,08 53 03.060,+22 17 55.41,1,18.943,,,,,5045-301-5-0152-0122,STAR,gri,,-7,3,8,3,,,,,,,18.763,0.018,18.699,0.008,19.025,0.011,19.309,0.019,19.594,0.077,,,,,,,,,,,,,,,,,,,,,,,,,,,,,,,,,
6433,6433,6433,212114059,08 28 39.036,+22 17 57.89,1,18.843,,,,08283903+2217578,,STAR,JHK,col,,,,,,,,,,,,,,,,,,,,,16.304,0.099,15.614,0.129,15.32,0.126,3902,503,359,4.901,0.145,0.174,-0.263,0.25,0.35,0.343,0.159,0.126,0.384,0.185,0.185,7.693,8.945,4.136,730.7,513,344.7,0.032,0.008,0.007,,,
6434,6434,6434,212114073,08 31 11.121,+22 17 59.09,1,18.026,,,,,4508-301-3-0102-0222,EXTENDED,gri,,3,3,3,3,,,,,,,19.597,0.055,18.55,0.012,18.058,0.012,17.802,0.013,17.587,0.034,,,,,,,,,,,,,,,,,,,,,,,,,,,,,,,,,
6435,6435,6435,212114122,09 00 32.737,+22 18 02.42,1,18.252,,,,09003273+2218024,5045-301-3-0163-0094,STAR,gri,rpm,-34,3,-46,3,,,,,,,22.262,0.224,19.854,0.016,18.458,0.008,17.565,0.007,17.104,0.012,15.784,0.062,15.204,0.073,14.999,0.101,3577,43,35,5.011,0.04,0.025,-0.022,0.08,0.12,0.269,0.011,0.034,0.271,0.011,0.042,13.61,3.723,1.054,363.6,16.43,49.82,0.026,0.006,0.003,,,
6436,6436,6436,212114126,08 35 35.249,+22 18 02.74,1,17.42,,,,08353524+2218027,,STAR,J,col,,,,,,,,,,,,,,,,,,,,,15.93,0.094,15.163,0.111,14.565,0.086,3671,394,281,4.989,0.12,0.144,-0.128,0.2,0.28,0.262,0.171,0.09,0.284,0.201,0.126,11.15,11.35,5.624,409.6,297.3,172.2,0.031,0.01,0.008,,,
6437,6437,6437,212114132,08 57 04.680,+22 18 02.99,1,11.881,,,562-046874,08570468+2218029,,STAR,gri,lam,-15.3,1.6,-4.4,0.9,,,13.004,0.02,12.099,0.02,,,12.52,0.05,11.846,0.04,11.607,0.02,,,10.522,0.022,10.089,0.02,10.018,0.02,5027,102,81,3.495,0.12,0.144,-0.275,0.15,0.12,3.143,0.558,0.474,1.184,0.144,0.173,0.036,0.017,0.015,624.1,102.4,87.98,0.033,0.008,0.006,,,
6438,6438,6438,212114192,08 29 42.230,+22 18 06.89,1,10.294,,1391-391-1,562-045731,08294222+2218069,,STAR,gri,rpm,-7.8,1.5,-9.1,1.7,,,12.517,0.343,11.047,0.105,,,11.725,0.03,10.386,0.04,9.68,0.06,,,7.986,0.027,7.147,0.026,6.945,0.017,3916,39,39,1.116,0.264,0.484,-0.329,0.42,0.35,43.752,29.059,9.837,0.999,0.171,0.073,1.07E-05,1.38E-05,8.68E-06,1809,1040,308.5,0.032,0.023,0.005,,,
6439,6439,6439,212114194,09 08 31.326,+22 18 07.07,1,12.341,,,562-047248,09083131+2218070,,STAR,gri,lam,-7.3,2,1.5,1.4,,,13.122,0.06,12.524,0.08,,,12.749,0.031,12.319,0.03,12.167,0.04,,,11.306,0.022,11.01,0.032,10.962,0.021,5998,144,96,4.249,0.13,0.13,-0.141,0.15,0.12,1.269,0.25,0.209,1.061,0.1,0.083,0.489,0.313,0.191,442.3,91.91,76.1,0.031,0.008,0.006,,,
6440,6440,6440,212114198,08 29 19.868,+22 18 07.14,1,14.165,,,562-045720,08291986+2218072,,STAR,gri,rpm,-34.4,3.3,-29.8,4.2,,,15.908,0.08,14.608,0.041,,,15.225,0.042,14.094,0.046,13.71,0.068,,,12.405,0.022,11.776,0.021,11.643,0.018,4315,104,130,4.732,0.072,0.045,-0.125,0.2,0.28,0.557,0.058,0.082,0.614,0.064,0.09,3.438,1.352,0.643,209.8,26.68,36.57,0.024,0.007,0.005,,,
6441,6441,6441,212114233,08 57 45.738,+22 18 10.42,1,17.198,,,,08574573+2218104,5045-301-4-0159-0151,EXTENDED,gri,,5,3,1,3,,,,,,,19.789,0.059,18.145,0.007,17.262,0.006,16.792,0.005,16.425,0.014,15.806,0.074,15.085,0.092,14.611,0.079,,,,,,,,,,,,,,,,,,,,,,,,,,,
6442,6442,6442,212114260,09 02 55.691,+22 18 12.33,1,12.311,,,562-047073,09025569+2218124,,STAR,gri,lam,-9.6,1,-14.7,2.3,,,13.216,0.07,12.521,0.07,,,12.787,0.06,12.284,0.04,12.107,0.01,,,11.265,0.022,10.923,0.024,10.846,0.023,5723,137,114,4.433,0.05,0.08,0.078,0.12,0.12,1.012,0.11,0.072,1.034,0.054,0.054,0.988,0.214,0.266,329.3,45.32,34.46,0.03,0.01,0.006,,,
6443,6443,6443,212114276,08 54 03.157,+22 18 13.09,1,8.928,,1400-13-1,562-046753,08540315+2218130,,STAR,gri,,-22.1,0.9,-23.3,0.9,,,9.526,0.029,8.831,0.02,,,9.914,0.08,9.025,0.1,8.506,0.01,,,7.633,0.018,,,,,,,,,,,,,,,,,,,,,,,,,,,,,,,
6444,6444,6444,212114290,08 26 04.049,+22 18 14.25,1,10.548,,1391-616-1,562-045571,08260405+2218142,,STAR,gri,plx,-14.7,1.2,-26.1,1.3,,,11.312,0.092,10.665,0.075,,,10.952,0.03,10.521,0.04,10.374,0.06,,,9.6,0.022,9.352,0.022,9.306,0.017,6068,149,99,4.052,0.09,0.075,-0.036,0.15,0.21,1.676,0.157,0.144,1.201,0.112,0.112,0.24,0.085,0.054,271.5,25.15,25.15,0.027,0.008,0.007,,,
6445,6445,6445,212114294,08 51 18.385,+22 18 14.49,1,19.306,,,,,5038-301-6-0049-0975,EXTENDED,gri,,-1,5,14,5,,,,,,,20.811,0.141,19.531,0.021,19.231,0.027,18.965,0.034,18.889,0.135,,,,,,,,,,,,,,,,,,,,,,,,,,,,,,,,,
6446,6446,6446,212114305,08 54 33.896,+22 18 15.21,1,17.995,,,,08543389+2218152,5038-301-5-0054-0222,STAR,gri,rpm,-25,3,-47,3,,,,,,,21.456,0.089,19.15,0.01,17.984,0.007,17.5,0.007,17.237,0.012,16.03,0.079,15.488,0.095,15.775,0.208,4146,49,49,5.001,0.025,0.055,-0.896,0.2,0.2,0.298,0.045,0.027,0.333,0.051,0.036,12.19,2,2.727,568.5,92.69,60.89,0.03,0.01,0.008,,,
6447,6447,6447,212114321,09 05 09.975,+22 18 16.45,1,17.336,,,,09050997+2218164,5045-301-2-0169-0200,STAR,gri,col,,,,,,,,,,,21.72,0.15,19.131,0.01,17.629,0.006,16.567,0.005,15.975,0.007,14.73,0.033,14.078,0.034,13.863,0.037,3387,40,33,5.107,0.03,0.042,-0.022,0.16,0.1,0.193,0.023,0.015,0.174,0.027,0.017,23.52,3.798,4.447,150.6,21.35,15.75,0.022,0.008,0.006,,,
6448,6448,6448,212114329,08 53 36.994,+22 18 17.05,1,19.444,,,,,5045-301-5-0153-0236,STAR,gri,,-8,3,4,3,,,,,,,19.613,0.031,19.437,0.012,19.446,0.014,19.051,0.016,18.991,0.046,,,,,,,,,,,,,,,,,,,,,,,,,,,,,,,,,
6449,6449,6449,212114352,09 07 00.639,+22 18 18.22,1,15.041,,,562-047191,09070063+2218182,5071-301-6-0155-0172,STAR,gri,col,,,,,,,17.302,0.14,15.869,0.062,,,16.649,0.062,15.249,0.059,14.351,0.077,,,12.595,0.024,11.941,0.03,11.744,0.021,3705,89,112,4.941,0.065,0.065,0.04,0.12,0.15,0.322,0.062,0.062,0.356,0.079,0.095,9.527,4.695,2.704,108.3,32.13,24.78,0.017,0.005,0.005,,,
6450,6450,6450,212114366,08 54 40.265,+22 18 19.59,1,17.823,,,,08544026+2218195,5038-301-5-0054-0229,EXTENDED,gri,,3,3,-5,3,,,,,,,19.897,0.064,18.521,0.016,17.914,0.015,17.524,0.017,17.266,0.038,16.713,0.151,,,,,,,,,,,,,,,,,,,,,,,,,,,,,,,
6451,6451,6451,212114371,08 56 46.923,+22 18 20.00,1,12.92,,,562-046863,08564692+2218199,,STAR,gri,rpm,-0.4,1.4,7,1.1,,,13.673,0.04,13.034,0.02,,,13.303,0.05,12.874,0.03,12.756,0.04,,,11.876,0.022,11.604,0.024,11.557,0.02,6056,144,144,4.18,0.22,0.264,-0.121,0.16,0.24,1.399,0.55,0.338,1.126,0.174,0.116,0.392,0.355,0.243,614.8,244.1,149.5,0.033,0.01,0.005,,,
6452,6452,6452,212114373,08 31 11.874,+22 18 20.37,1,12.907,,,562-045802,08311187+2218203,,STAR,gri,rpm,-5.2,1,4.8,1.2,,,13.828,0.044,13.11,0.032,,,13.429,0.032,12.877,0.041,12.683,0.062,,,11.724,0.023,11.348,0.021,11.263,0.018,5499,167,167,3.843,0.68,1.36,-0.323,0.3,0.78,1.779,5.902,1.066,0.958,0.196,0.098,0.132,1.476,0.131,677.7,1713,402.3,0.035,0.011,0.007,,,
6453,6453,6453,212114377,09 00 07.987,+22 18 20.70,1,13.09,,,562-046984,09000800+2218208,,STAR,gri,lam,-41.9,1.8,-44.7,1.3,,,13.707,0.05,13.212,0.02,,,13.441,0.05,13.048,0.04,12.94,0.04,,,12.086,0.022,11.776,0.021,11.743,0.02,6128,120,168,4.342,0.132,0.308,-0.958,0.15,0.12,0.999,0.467,0.162,0.828,0.039,0.047,0.803,0.481,0.534,494.3,232.1,93.63,0.032,0.007,0.006,,,
6454,6454,6454,212114383,08 27 41.535,+22 18 20.93,1,14.49,,,562-045645,08274153+2218210,,STAR,gri,rpm,10.9,5.4,-5,5.2,,,15.671,0.06,14.668,0.041,,,15.213,0.042,14.377,0.048,14.18,0.075,,,13.068,0.025,12.589,0.024,12.51,0.023,4989,99,99,4.586,0.035,0.049,-0.096,0.2,0.24,0.753,0.07,0.053,0.821,0.068,0.068,1.85,0.299,0.35,479.8,71.33,45.23,0.033,0.008,0.006,,,
6455,6455,6455,212114427,08 34 26.847,+22 18 24.02,1,13.824,,,562-045945,08342684+2218241,,STAR,JHK,rpm,-5.4,1.5,-16.3,2.9,,,,,,,,,,,,,,,,,12.289,0.023,11.773,0.023,11.667,0.021,4922,116,116,4.597,0.042,1.267,-0.06,0.15,0.51,0.751,2.898,0.065,0.813,0.121,0.067,1.905,0.406,1.883,324.9,1266,38.78,0.032,0.015,0.007,,,
6456,6456,6456,212114453,08 29 35.049,+22 18 25.86,1,17.536,,,,08293504+2218258,4517-301-3-0108-0082,EXTENDED,gri,,-2,3,0,3,,,,,,,19.595,0.06,18.267,0.01,17.619,0.008,17.222,0.008,17.046,0.022,16.414,0.128,,,15.393,0.171,,,,,,,,,,,,,,,,,,,,,,,,,,,
6457,6457,6457,212114469,09 05 13.128,+22 18 27.10,1,13.373,,,562-047137,09051312+2218271,,STAR,gri,rpm,-81.2,1.8,-23.3,2.1,,,14.581,0.07,13.687,0.07,,,14.105,0.06,13.35,0.05,13.059,0.03,,,11.946,0.023,11.426,0.021,11.371,0.02,4944,89,119,4.641,0.08,0.04,-0.558,0.32,0.48,0.649,0.073,0.089,0.682,0.093,0.093,2.412,1.018,0.429,231.9,47.93,51.38,0.026,0.006,0.008,,,
6458,6458,6458,212114491,08 59 05.697,+22 18 28.45,1,12.65,,,562-046948,08590570+2218284,,STAR,gri,lam,-9.8,2.1,4.1,1.7,,,13.404,0.04,12.786,0.02,,,13.068,0.04,12.602,0.04,12.471,0.03,,,11.563,0.023,11.278,0.024,11.253,0.019,5890,141,141,4.4,0.065,0.117,-0.269,0.15,0.15,0.982,0.16,0.088,0.931,0.077,0.055,0.93,0.241,0.315,378.3,76.51,48.81,0.031,0.008,0.006,,,
6459,6459,6459,212114527,08 58 28.953,+22 18 30.30,1,16.612,,,,08582895+2218303,5038-301-4-0060-0231,EXTENDED,gri,,73,5,-34,5,,,,,,,18.879,0.036,17.492,0.006,16.674,0.005,16.235,0.005,15.939,0.013,15.801,0.107,15.168,0.117,14.65,0.105,,,,,,,,,,,,,,,,,,,,,,,,,,,
6460,6460,6460,212114537,09 06 56.357,+22 18 30.93,1,16.313,,,,09065635+2218309,5071-301-6-0155-0165,EXTENDED,gri,,-1,2,2,2,,,,,,,18.182,0.034,16.904,0.005,16.4,0.005,16.06,0.005,15.864,0.013,16.404,0.168,,,15.299,0.194,,,,,,,,,,,,,,,,,,,,,,,,,,,
6461,6461,6461,212114568,08 29 33.557,+22 18 32.63,1,13.911,,,562-045726,08293354+2218327,4517-301-3-0108-0081,STAR,gri,rpm,-19.6,1.7,-10,2.1,,,15.449,0.05,14.273,0.038,,,14.9,0.039,13.883,0.045,13.488,0.066,,,12.234,0.022,11.638,0.021,11.539,0.02,4532,108,72,4.677,0.025,0.03,-0.1,0.18,0.15,0.638,0.035,0.046,0.704,0.04,0.048,2.651,0.393,0.288,235.8,25.38,19.26,0.026,0.005,0.005,,,
6462,6462,6462,212114573,08 58 01.496,+22 18 33.13,1,14.018,,,562-046907,08580150+2218331,5045-301-4-0159-0062,STAR,gri,rpm,-40.8,2,-81.9,2.4,,,14.804,0.04,14.177,0.02,,,14.449,0.05,13.983,0.05,13.833,0.05,,,12.945,0.023,12.616,0.026,12.543,0.022,5789,179,268,4.545,0.08,0.08,-1.006,0.3,0.66,0.747,0.118,0.086,0.741,0.049,0.059,1.684,0.614,0.524,373.8,212.7,117,0.03,0.006,0.01,,,
6463,6463,6463,212114592,08 50 31.399,+22 18 34.33,1,11.557,,1399-1215-1,562-046610,08503141+2218343,,STAR,gri,plx,-2.2,1.6,-16.3,1.7,,,11.793,0.105,11.446,0.122,,,11.851,0.03,11.521,0.01,11.431,0.02,,,10.679,0.02,10.441,0.021,10.395,0.018,6289,100,100,4.241,0.095,0.152,-0.148,0.16,0.32,1.302,0.258,0.139,1.162,0.115,0.161,0.466,0.184,0.193,347.7,64.05,64.05,0.03,0.01,0.007,,,
6464,6464,6464,212114624,08 31 14.715,+22 18 36.68,1,12.772,,,562-045806,08311472+2218367,,STAR,gri,rpm,-16.3,1,-12.6,1.4,,,13.423,0.042,12.889,0.031,,,13.101,0.031,12.773,0.041,12.631,0.062,,,11.888,0.022,11.614,0.024,11.584,0.02,6159,123,123,4.216,0.145,0.174,-0.365,0.25,0.4,1.255,0.316,0.195,1.012,0.131,0.131,0.482,0.309,0.216,586.9,145.2,98.75,0.031,0.007,0.007,,,
6465,6465,6465,212114674,09 03 03.591,+22 18 40.12,1,16.849,,,,09030359+2218401,5038-301-3-0066-0234,STAR,gri,col,,,,,,,,,,,20.975,0.066,18.395,0.007,16.944,0.005,16.187,0.005,15.943,0.007,14.742,0.038,14.186,0.039,13.982,0.043,3678,43,43,5.044,0.035,0.042,-0.262,0.1,0.08,0.242,0.035,0.026,0.242,0.053,0.033,16.25,3.512,3.401,217.4,39.21,28.06,0.027,0.008,0.006,,,
6466,6466,6466,212114698,08 55 40.612,+22 18 42.32,1,13.928,,,562-046824,08554061+2218423,,STAR,gri,rpm,0.6,1.9,-0.1,3.5,,,15.287,0.06,14.207,0.02,,,14.727,0.05,13.87,0.05,13.586,0.03,,,12.438,0.023,11.944,0.023,11.818,0.023,4902,77,116,3.165,0.504,0.756,-0.225,0.16,0.32,3.995,4.23,1.61,1.003,0.229,0.153,0.012,0.059,0.011,1935,1998,769.1,0.037,0.013,0.011,,,
6467,6467,6467,212114705,08 53 40.580,+22 18 42.98,1,19.689,,,,,5045-301-5-0153-0257,STAR,gri,,-2,5,0,5,,,,,,,20.335,0.05,19.664,0.014,19.698,0.017,19.659,0.025,19.446,0.067,,,,,,,,,,,,,,,,,,,,,,,,,,,,,,,,,
6468,6468,6468,212114722,08 57 26.928,+22 18 43.98,1,17.673,,,,08572692+2218439,5045-301-4-0158-0218,EXTENDED,gri,,0,4,3,4,,,,,,,20.485,0.095,18.767,0.011,17.685,0.007,17.204,0.007,16.788,0.017,16.141,0.095,15.215,0.093,14.754,0.095,,,,,,,,,,,,,,,,,,,,,,,,,,,
6469,6469,6469,212114726,08 56 49.854,+22 18 44.22,1,11.962,,,562-046864,08564985+2218442,,STAR,gri,rpm,-14.5,1,-5,1.6,,,12.72,0.02,12.078,0.02,,,12.353,0.04,11.911,0.04,11.794,0.03,,,10.969,0.022,10.736,0.024,10.645,0.022,6114,146,122,4.164,0.19,0.228,-0.015,0.12,0.21,1.412,0.607,0.283,1.189,0.171,0.142,0.369,0.367,0.208,445.4,151.6,113.1,0.031,0.011,0.008,,,
6470,6470,6470,212114739,08 59 54.094,+22 18 45.22,1,12.758,,,562-046980,08595410+2218451,,STAR,gri,lam,-6.1,1.6,-0.7,1.7,,,13.358,0.05,12.85,0.03,,,13.085,0.04,12.713,0.04,12.617,0.03,,,11.826,0.023,11.611,0.024,11.55,0.023,6133,171,98,4.177,0.132,0.132,-0.229,0.12,0.15,1.364,0.286,0.2,1.089,0.122,0.102,0.403,0.233,0.166,616.6,135.7,94.2,0.032,0.008,0.006,,,
6471,6471,6471,212114753,08 55 16.734,+22 18 46.22,1,12.916,,,562-046806,08551672+2218463,,STAR,gri,lam,-27.3,0.9,8.2,1.3,,,13.78,0.04,13.075,0.02,,,13.381,0.05,12.881,0.03,12.717,0.02,,,11.759,0.022,11.484,0.022,11.373,0.02,5602,168,134,4.513,0.035,0.063,-0.277,0.15,0.15,0.845,0.092,0.06,0.871,0.073,0.061,1.404,0.23,0.286,336.4,46.3,29.6,0.029,0.008,0.007,,,
6472,6472,6472,212114769,08 35 27.841,+22 18 47.10,1,12.393,,,562-045993,08352783+2218470,,STAR,JHK,rpm,-10.9,1,-18.1,1.7,,,,,,,,,,,,,,,,,11.228,0.023,10.947,0.022,10.849,0.019,5980,190,119,4.228,0.165,0.198,-0.1,0.2,0.24,1.282,0.421,0.235,1.085,0.103,0.124,0.449,0.435,0.221,447.2,114.5,107,0.031,0.008,0.006,,,
6473,6473,6473,212114784,08 50 46.211,+22 18 48.11,1,14.294,,,562-046620,08504620+2218481,,STAR,gri,rpm,-11.8,1.9,-11.7,2.1,,,15.36,0.05,14.522,0.01,,,14.911,0.02,14.236,0.02,14.029,0.06,,,13.003,0.023,12.53,0.025,12.441,0.02,5186,80,101,4.566,0.035,0.994,-0.281,0.25,0.3,0.785,1.803,0.064,0.839,0.082,0.082,1.685,0.295,1.633,503,1102,49.51,0.03,0.01,0.008,,,
6474,6474,6474,212114816,09 07 58.564,+22 18 50.55,1,18.785,,,,,5038-301-2-0073-0078,STAR,gri,,1,3,0,3,,,,,,,19.097,0.02,18.957,0.009,18.728,0.01,18.668,0.011,18.676,0.031,,,,,,,,,,,,,,,,,,,,,,,,,,,,,,,,,
6475,6475,6475,212114829,09 04 45.357,+22 18 51.03,1,16.928,,,,09044535+2218510,5038-301-3-0068-0196,EXTENDED,gri,,-3,2,5,2,,,,,,,19.085,0.141,17.554,0.008,17.013,0.006,16.66,0.007,16.499,0.021,16.583,0.141,15.87,0.156,15.572,0.179,,,,,,,,,,,,,,,,,,,,,,,,,,,
6476,6476,6476,212114844,09 08 20.069,+22 18 52.04,1,13.828,,,562-047242,09082005+2218520,,STAR,gri,rpm,33.6,2.9,-30.9,3.3,,,14.817,0.06,14.113,0.08,,,14.384,0.01,13.808,0.03,13.589,0.06,,,12.627,0.024,12.23,0.033,12.166,0.024,5382,129,86,4.57,0.055,0.055,-0.512,0.35,0.35,0.748,0.111,0.081,0.769,0.096,0.08,1.745,0.477,0.375,420.9,71.8,51.77,0.029,0.007,0.006,,,
6477,6477,6477,212114917,08 33 04.674,+22 18 55.90,1,11.697,,1398-883-1,562-045891,08330469+2218557,,STAR,BV,plx,-13.7,2.3,-10.4,2.3,,,11.891,0.126,11.664,0.161,,,,,,,,,,,10.581,0.022,10.335,0.025,10.226,0.02,5948,179,179,4.42,0.055,0.055,-0.286,0.25,0.35,0.987,0.098,0.089,0.967,0.1,0.12,0.939,0.249,0.167,201,22.96,22.96,0.026,0.011,0.007,,,
6478,6478,6478,212114985,09 08 43.141,+22 19 00.96,1,15.683,,,562-047254,09084312+2219012,5038-301-2-0074-0183,STAR,JHK,rpm,3.4,8.4,-18.2,8.1,,,,,,,,,,,,,,,,,13.381,0.027,12.75,0.034,12.507,0.02,3778,183,219,4.918,0.084,0.07,0.005,0.15,0.24,0.352,0.069,0.088,0.382,0.093,0.13,8.507,5.069,2.808,174.9,47.84,50.23,0.022,0.01,0.008,,,
6479,6479,6479,212114991,08 56 23.565,+22 19 01.38,1,14.821,,,562-046852,08562357+2219013,5045-301-4-0157-0036,STAR,gri,rpm,-7.9,2.2,0.7,2.3,,,16.091,0.04,15.104,0.03,,,15.569,0.05,14.787,0.04,14.5,0.06,,,13.374,0.024,12.876,0.028,12.845,0.022,4976,99,79,4.578,0.045,1.233,-0.18,0.2,0.36,0.773,2.727,0.07,0.827,0.128,0.08,1.763,0.381,1.74,559.8,1921,64.31,0.032,0.01,0.006,,,
6480,6480,6480,212115016,08 34 54.266,+22 19 03.68,1,12.364,,,562-045964,08345426+2219037,,STAR,JHK,rpm,1.9,1.5,-3.1,1.2,,,,,,,,,,,,,,,,,10.752,0.021,10.198,0.025,10.098,0.019,4759,113,113,2.494,0.522,0.174,-0.298,0.25,0.35,9.818,1.664,4.403,1.118,0.182,0.182,0.001,0.006,3.90E-04,1880,363.7,741,0.033,0.01,0.008,,,
6481,6481,6481,212115078,09 04 18.419,+22 19 08.02,1,14.522,,,562-047108,09041841+2219079,,STAR,gri,rpm,-25.5,2.9,-7.1,4.7,,,15.713,0.12,14.824,0.07,,,15.194,0.07,14.508,0.06,14.235,0.03,,,13.107,0.025,12.639,0.023,12.562,0.022,5074,122,122,4.595,0.042,0.03,-0.281,0.25,0.3,0.73,0.057,0.077,0.768,0.062,0.087,1.959,0.44,0.276,473.6,45.22,54.22,0.033,0.008,0.006,,,
6482,6482,6482,212115113,09 08 29.984,+22 19 10.77,1,16.133,,,,09082998+2219107,5038-301-2-0074-0162,EXTENDED,gri,,1,2,-1,2,,,,,,,18.853,0.038,17.065,0.005,16.157,0.004,15.734,0.004,15.391,0.008,15.184,0.078,14.565,0.09,14.144,0.084,,,,,,,,,,,,,,,,,,,,,,,,,,,
6483,6483,6483,212115126,08 58 48.276,+22 19 12.21,1,14.144,,,562-046938,08584828+2219119,5038-301-4-0060-0148,STAR,gri,rpm,-22.4,2.9,14.6,3,,,15.561,0.04,14.536,0.04,,,15.075,0.05,14.096,0.04,13.745,0.05,,,12.51,0.025,11.934,0.021,11.826,0.02,4588,92,55,4.646,0.028,0.02,-0.04,0.25,0.25,0.673,0.027,0.042,0.732,0.031,0.043,2.395,0.317,0.191,292.6,12.38,19.53,0.03,0.008,0.01,,,
6484,6484,6484,212115170,08 28 10.999,+22 19 14.99,1,17.303,,,,08281099+2219149,4508-301-4-0098-0223,EXTENDED,gri,,-23,3,0,3,,,,,,,19.666,0.073,18.125,0.009,17.366,0.007,16.951,0.007,16.66,0.019,16.389,0.122,15.61,0.146,15.249,0.121,,,,,,,,,,,,,,,,,,,,,,,,,,,
6485,6485,6485,212115198,08 52 38.086,+22 19 17.26,1,18.202,,,,08523808+2219172,,STAR,JHK,col,,,,,,,,,,,,,,,,,,,,,15.375,0.092,14.573,0.08,14.211,0.093,3973,340,408,4.869,0.15,0.125,-0.157,0.2,0.28,0.412,0.13,0.16,0.448,0.14,0.195,6.342,7.628,2.734,538.9,260,228.4,0.032,0.011,0.008,,,
6486,6486,6486,212115220,08 57 50.297,+22 19 19.64,1,15.957,,,,08575029+2219196,5045-301-4-0159-0171,EXTENDED,gri,,,,,,,,,,,,18.923,0.051,16.986,0.005,15.97,0.004,15.516,0.004,15.147,0.009,15.124,0.06,14.361,0.071,14.027,0.074,,,,,,,,,,,,,,,,,,,,,,,,,,,
6487,6487,6487,212115237,08 57 12.256,+22 19 20.73,1,14.321,,,562-046881,08571224+2219206,5045-301-4-0158-0185,STAR,JHK,col,,,,,,,,,,,,,,,,,,,,,12.308,0.02,11.757,0.021,11.521,0.022,3538,136,163,5.037,0.077,0.055,-0.013,0.12,0.18,0.239,0.051,0.057,0.234,0.074,0.074,15.67,8.94,4.319,69.81,20.12,20.84,0.01,0.005,0.004,,,
6488,6488,6488,212115281,09 05 40.438,+22 19 24.41,1,14.315,,,562-047150,09054042+2219244,5045-301-2-0170-0052,STAR,gri,lam,-15.6,3,-20.9,3,,,15.613,0.05,14.646,0.08,,,15.058,0.04,14.288,0.06,13.997,0.03,,,12.876,0.027,12.406,0.028,12.341,0.026,4902,176,146,4.593,0.03,0.025,0.035,0.1,0.12,0.751,0.043,0.04,0.814,0.042,0.042,1.886,0.23,0.205,421.9,45.42,34.46,0.031,0.007,0.006,,,
6489,6489,6489,212115300,08 26 48.435,+22 19 25.45,1,9.595,,1391-262-1,562-045607,08264843+2219252,,STAR,gri,plx,-7.5,1,-4.6,1,,,10.209,0.037,9.61,0.032,,,10.294,0.03,9.512,0.04,9.295,0.06,,,8.495,0.029,8.244,0.026,8.149,0.017,5352,53,85,3.863,0.02,0.03,0.253,0.05,0.18,2.113,0.074,0.042,1.19,0.024,0.053,0.126,0.008,0.013,166.4,9.059,9.059,0.036,0.001,0.013,,,
6490,6490,6490,212115325,08 58 14.646,+22 19 26.89,1,15.133,,,562-046915,08581465+2219268,5045-301-4-0159-0107,STAR,gri,lam,-1.9,3.1,-0.9,3.3,,,16.096,0.04,15.346,0.06,,,15.694,0.03,15.136,0.06,14.893,0.07,,,13.924,0.026,13.543,0.03,13.39,0.036,5321,161,161,4.56,0.03,0.036,-0.266,0.15,0.15,0.775,0.062,0.048,0.814,0.058,0.048,1.687,0.228,0.238,789.7,80.18,72.79,0.033,0.01,0.007,,,
6491,6491,6491,212115388,08 34 48.501,+22 19 31.20,1,14.605,,,562-045958,08344849+2219312,,STAR,JHK,rpm,-4.5,2,-2.4,2.3,,,,,,,,,,,,,,,,,12.521,0.023,11.878,0.025,11.713,0.019,4188,276,276,4.748,0.145,2.465,-0.185,0.2,0.44,0.503,9.205,0.149,0.574,0.214,0.178,3.689,3.588,3.689,195.7,4359,72.52,0.026,0.007,0.006,,,
6492,6492,6492,212115420,08 28 23.154,+22 19 33.03,1,17.178,,,,08282315+2219330,,STAR,J,col,,,,,,,,,,,,,,,,,,,,,15.704,0.074,15.195,0.102,14.656,0.099,3621,437,273,5,0.11,0.154,-0.132,0.2,0.28,0.269,0.151,0.083,0.277,0.196,0.109,12.96,11.17,6.814,376.3,294.1,143.7,0.029,0.01,0.008,,,
6493,6493,6493,212115482,09 07 19.430,+22 19 36.45,1,12.391,,,562-047205,09071944+2219365,,STAR,gri,rpm,12.4,2.7,11.7,1.2,,,13.076,0.04,12.541,0.07,,,12.739,0.04,12.378,0.04,12.242,0.03,,,11.447,0.024,11.127,0.026,11.111,0.021,6035,97,97,4.196,0.185,0.185,-0.258,0.2,0.24,1.261,0.429,0.273,1.015,0.117,0.098,0.447,0.47,0.229,482.4,127.7,118.5,0.032,0.008,0.008,,,
6494,6494,6494,212115504,08 27 41.134,+22 19 37.87,1,10.74,,1391-481-1,562-045644,08274113+2219381,,STAR,gri,plx,6.4,1.6,-9.6,1.8,,,12.023,0.22,11.096,0.106,,,11.467,0.03,10.684,0.04,10.428,0.06,,,9.372,0.021,8.965,0.022,8.821,0.018,5036,102,81,3.536,0.115,0.184,-0.094,0.2,0.24,3.189,0.68,0.475,1.327,0.214,0.214,0.036,0.019,0.014,388.7,76.63,76.63,0.03,0.01,0.006,,,
6495,6495,6495,212115527,08 26 50.715,+22 19 39.79,1,14.331,,,562-045609,08265071+2219398,,STAR,JHK,rpm,9.2,3,-17.9,3.4,,,,,,,,,,,,,,,,,12.216,0.021,11.544,0.022,11.399,0.017,4177,199,199,4.766,0.055,0.055,-0.019,0.12,0.15,0.511,0.072,0.063,0.582,0.08,0.066,4.13,1.252,0.961,174.3,37.78,31.05,0.022,0.007,0.005,,,
6496,6496,6496,212115532,08 53 24.844,+22 19 40.22,1,19.836,,,,,5045-301-5-0153-0214,STAR,gri,,0,4,0,4,,,,,,,19.95,0.038,19.812,0.015,19.844,0.019,19.711,0.026,19.71,0.084,,,,,,,,,,,,,,,,,,,,,,,,,,,,,,,,,
6497,6497,6497,212115533,08 27 50.496,+22 19 40.25,1,12.762,,,562-045655,08275049+2219403,,STAR,gri,rpm,-14.1,1.1,5.9,1.1,,,13.409,0.042,12.875,0.031,,,13.091,0.031,12.718,0.041,12.62,0.062,,,11.826,0.021,11.579,0.022,11.538,0.018,6182,151,125,4.214,0.12,0.2,-0.182,0.2,0.24,1.339,0.368,0.189,1.114,0.134,0.161,0.443,0.237,0.226,608.4,181.5,103.5,0.033,0.011,0.007,,,
6498,6498,6498,212115538,09 04 43.514,+22 19 40.57,1,12.356,,,562-047119,09044350+2219406,,STAR,gri,rpm,-5.1,1,-21.4,1.8,,,13.093,0.07,12.513,0.08,,,12.711,0.05,12.335,0.04,12.204,0.04,,,11.373,0.02,11.107,0.02,11.066,0.018,6102,122,122,4.213,0.135,0.162,-0.22,0.2,0.24,1.271,0.317,0.187,1.048,0.113,0.094,0.456,0.275,0.221,464.6,125.2,72.79,0.031,0.009,0.005,,,
6499,6499,6499,212115595,09 02 54.468,+22 19 44.47,1,14.681,,,562-047072,09025447+2219445,5038-301-3-0066-0125,STAR,gri,rpm,-42.9,3.1,-20.8,3.3,,,16.727,0.07,15.382,0.06,,,16.009,0.07,14.7,0.03,14.113,0.06,,,12.717,0.025,12.061,0.021,11.887,0.019,3955,94,47,4.845,0.042,0.035,-0.059,0.15,0.24,0.438,0.035,0.044,0.492,0.036,0.058,5.777,1.347,0.803,172.1,18,21.37,0.023,0.006,0.005,,,
6500,6500,6500,212115613,08 54 11.700,+22 19 46.43,1,14.009,,,562-046759,08541169+2219465,,STAR,gri,lam,-1.2,3.2,-7.7,2.2,,,14.738,0.01,14.116,0.01,,,14.368,0.01,13.943,0.01,13.855,0.01,,,13.067,0.023,12.797,0.024,12.715,0.026,5157,82,82,3.056,0.156,0.182,-1.057,0.15,0.12,4.399,1.043,0.62,0.882,0.018,0.018,0.01,0.005,0.004,2796,651.8,388.7,0.037,0.007,0.008,,,
6501,6501,6501,212115629,08 26 26.025,+22 19 47.29,1,12.561,,,562-045591,08262602+2219473,,STAR,gri,rpm,-1.5,0.9,-16.3,0.6,,,13.447,0.042,12.747,0.031,,,13.074,0.031,12.529,0.041,12.341,0.061,,,11.442,0.022,11.071,0.024,11.041,0.024,5603,134,111,4.483,0.035,0.644,-0.105,0.15,0.21,0.918,1.161,0.051,0.96,0.136,0.068,1.218,0.165,1.094,311.3,395.9,22.77,0.031,0.01,0.01,,,
6502,6502,6502,212115652,08 55 36.537,+22 19 48.60,1,11.929,,,562-046819,08553654+2219486,,STAR,gri,lam,0.3,0.8,-5.3,1.1,,,13.466,0.02,12.254,0.02,,,12.837,0.05,11.875,0.04,11.54,0.02,,,10.241,0.025,9.67,0.023,9.546,0.017,4646,73,73,2.596,0.161,0.138,-0.175,0.12,0.12,8.976,1.915,1.579,1.181,0.16,0.133,0.002,0.001,5.69E-04,1344,246.1,208,0.033,0.01,0.007,,,
6503,6503,6503,212115657,08 28 28.704,+22 19 48.96,1,15.647,,,562-045686,08282870+2219489,4508-301-4-0098-0139,STAR,JHK,rpm,-1.3,3,2.2,3.3,,,,,,,,,,,,,,,,,14.296,0.026,13.773,0.033,13.773,0.04,4971,147,176,4.6,0.035,1.295,-0.231,0.2,0.48,0.736,3,0.059,0.782,0.078,0.065,1.96,0.343,1.938,804.1,3030,92.38,0.034,0.008,0.008,,,
6504,6504,6504,212115699,09 07 37.699,+22 19 51.56,1,12.261,,,562-047213,09073770+2219515,,STAR,gri,lam,-2.8,1.1,6.6,3.2,,,13.64,0.06,12.621,0.09,,,13.079,0.04,12.233,0.05,11.911,0.03,,,10.69,0.022,10.135,0.03,10.023,0.019,4790,77,97,2.744,0.155,0.217,-0.379,0.15,0.15,6.977,2.044,1.345,1.041,0.189,0.086,0.003,0.002,0.001,1381,325.8,263.6,0.037,0.008,0.01,,,
6505,6505,6505,212115700,08 51 44.086,+22 19 51.68,1,13.056,,,562-046651,08514407+2219517,,STAR,gri,lam,13.4,1.7,-11.1,1.4,,,14.262,0.04,13.338,0.02,,,13.796,0.01,13.008,0.02,12.738,0.03,,,11.561,0.023,11.054,0.022,11.003,0.019,4864,145,145,4.636,0.02,0.028,-0.297,0.15,0.15,0.674,0.044,0.035,0.725,0.05,0.042,2.307,0.223,0.241,206.1,20.92,16.39,0.024,0.007,0.006,,,
6506,6506,6506,212115757,09 03 21.990,+22 19 56.09,1,16.777,,,,,5038-301-3-0066-0309,EXTENDED,gri,,25,3,0,3,,,,,,,18.625,0.041,17.417,0.007,16.837,0.007,16.502,0.008,16.308,0.024,,,,,,,,,,,,,,,,,,,,,,,,,,,,,,,,,
6507,6507,6507,212115780,08 26 29.628,+22 19 58.00,1,17.283,,,,08262962+2219580,,STAR,J,col,,,,,,,,,,,,,,,,,,,,,15.802,0.069,15.192,0.094,14.623,0.082,3618,298,248,5.017,0.105,0.126,-0.11,0.18,0.27,0.241,0.129,0.072,0.251,0.153,0.095,15.19,12.45,7.785,341.4,251.9,126,0.029,0.01,0.008,,,
6508,6508,6508,212115875,08 57 51.023,+22 20 04.34,1,17.835,,,,08575102+2220043,5045-301-4-0159-0202,EXTENDED,gri,,-4,3,2,3,,,,,,,20.299,0.085,18.763,0.01,17.863,0.008,17.437,0.008,17.081,0.022,16.363,0.114,15.825,0.151,15.515,0.175,,,,,,,,,,,,,,,,,,,,,,,,,,,
6509,6509,6509,212115948,09 06 10.732,+22 20 08.89,1,15.436,,,562-047172,09061072+2220088,5045-301-2-0171-0007,STAR,gri,lam,-0.8,3.1,-5.3,3.3,,,16.333,0.06,15.609,0.05,,,15.924,0.05,15.38,0.04,15.228,0.16,,,14.323,0.03,13.896,0.042,13.816,0.054,5671,136,136,4.429,0.072,0.144,-0.095,0.12,0.12,0.962,0.195,0.085,0.942,0.057,0.057,0.989,0.315,0.42,1284,294.2,155.3,0.033,0.008,0.007,,,
6510,6510,6510,212116001,08 29 39.946,+22 20 12.27,1,18.547,,,,,4517-301-3-0108-0159,STAR,gri,,1,3,-2,3,,,,,,,18.824,0.02,18.756,0.009,18.407,0.008,18.458,0.01,18.524,0.029,,,,,,,,,,,,,,,,,,,,,,,,,,,,,,,,,
6511,6511,6511,212116087,08 34 47.099,+22 20 18.89,1,18.327,,,,,4517-301-2-0115-0422,EXTENDED,gri,,18,3,-4,3,,,,,,,20.97,0.306,18.866,0.022,18.329,0.02,18.096,0.024,17.945,0.068,,,,,,,,,,,,,,,,,,,,,,,,,,,,,,,,,
6512,6512,6512,212116094,08 57 33.853,+22 20 19.55,1,16.882,,,,08573385+2220195,5045-301-4-0158-0086,EXTENDED,gri,,,,,,,,,,,,18.886,0.032,17.607,0.006,16.997,0.005,16.571,0.005,16.338,0.014,15.724,0.07,15.017,0.088,14.497,0.085,,,,,,,,,,,,,,,,,,,,,,,,,,,
6513,6513,6513,212116136,08 34 38.281,+22 20 22.98,1,12.766,,,562-045953,08343827+2220230,,STAR,JHK,rpm,-7.3,0.9,6.9,1,,,,,,,,,,,,,,,,,11.59,0.021,11.295,0.023,11.202,0.019,5994,141,176,4.187,0.205,0.246,-0.1,0.16,0.32,1.292,0.488,0.303,1.071,0.132,0.11,0.393,0.419,0.229,524.4,173.3,130.2,0.032,0.01,0.006,,,
6514,6514,6514,212116151,08 52 57.650,+22 20 23.82,1,11.795,,,562-046698,08525765+2220239,,STAR,gri,rpm,-23.6,1.2,-15,1.3,,,12.601,0.04,11.934,0.02,,,12.227,0.02,11.751,0.02,11.61,0.04,,,10.725,0.023,10.397,0.021,10.342,0.018,5829,93,93,4.407,0.07,0.378,-0.085,0.2,0.28,1.043,0.703,0.117,1.026,0.113,0.094,0.866,0.308,0.646,273.5,170.1,40.72,0.029,0.009,0.009,,,
6515,6515,6515,212116226,09 02 42.593,+22 20 29.90,1,13.308,,,562-047061,09024259+2220299,,STAR,gri,lam,-9.4,3.7,-11.3,1.3,,,14.589,0.08,13.639,0.08,,,14.044,0.06,13.285,0.05,12.992,0.03,,,11.953,0.023,11.535,0.022,11.382,0.02,5094,147,206,4.558,0.03,0.03,0.141,0.06,0.12,0.803,0.042,0.04,0.868,0.043,0.051,1.63,0.241,0.177,310.9,28.74,26.31,0.03,0.006,0.007,,,
6516,6516,6516,212116234,08 26 41.014,+22 20 30.47,1,18.256,,,,08264101+2220304,,STAR,J,,,,,,,,,,,,,,,,,,,,,,16.695,0.133,16.109,0.171,,,,,,,,,,,,,,,,,,,,,,,,,,,,,
6517,6517,6517,212116295,08 59 20.340,+22 20 34.83,1,12.819,,,562-046957,08592034+2220348,,STAR,gri,lam,12,2.1,-22.4,1.4,,,13.744,0.02,12.996,0.03,,,13.353,0.04,12.755,0.04,12.59,0.03,,,11.633,0.022,11.28,0.024,11.21,0.021,5557,165,165,4.474,0.045,0.072,0.046,0.08,0.12,0.926,0.091,0.06,0.966,0.048,0.048,1.166,0.22,0.25,348.3,38.91,35,0.03,0.008,0.008,,,
6518,6518,6518,212116324,08 58 14.645,+22 20 37.27,1,17.03,,,,08581464+2220372,5045-301-4-0159-0277,EXTENDED,gri,,-2,3,-1,3,,,,,,,20.004,0.064,18.01,0.007,17.072,0.005,16.61,0.018,16.298,0.012,15.621,0.064,14.772,0.084,14.363,0.074,,,,,,,,,,,,,,,,,,,,,,,,,,,
6519,6519,6519,212116340,08 53 41.018,+22 20 39.09,1,12.079,,,562-046732,08534101+2220391,,STAR,gri,rpm,-19,0.9,-13.3,0.9,,,13.081,0.22,12.305,0.19,,,12.661,0.2,12.052,0.18,11.83,0.16,,,10.791,0.02,10.374,0.021,10.295,0.023,5300,95,127,3.801,0.738,0.246,-0.136,0.25,0.6,2.164,0.456,1.363,0.945,0.288,0.075,0.103,1.441,0.051,522,113.4,326.7,0.029,0.007,0.007,,,
6520,6520,6520,212116382,08 27 45.533,+22 20 42.50,1,17.413,,,,08274553+2220425,6597-301-6-0217-0204,EXTENDED,gri,,4,3,1,3,,,,,,,19.111,0.04,18.1,0.008,17.505,0.007,17.119,0.008,16.969,0.022,16.287,0.105,15.689,0.14,15.078,0.112,,,,,,,,,,,,,,,,,,,,,,,,,,,
6521,6521,6521,212116406,08 28 04.385,+22 20 44.27,1,18.459,,,,08280438+2220442,,STAR,JHK,col,,,,,,,,,,,,,,,,,,,,,16.432,0.121,15.922,0.167,15.641,0.18,3914,881,400,4.878,0.186,0.248,-0.329,0.3,0.42,0.342,0.279,0.134,0.406,0.277,0.198,7.596,10.21,5.292,794,917.7,375.4,0.032,0.008,0.007,,,
6522,6522,6522,212116416,09 00 18.819,+22 20 44.91,1,17.1,,,,09001881+2220449,5038-301-4-0062-0228,EXTENDED,gri,,0,3,-3,3,,,,,,,19.371,0.035,17.92,0.006,17.155,0.005,16.748,0.005,16.453,0.012,15.603,0.063,14.959,0.072,14.729,0.089,,,,,,,,,,,,,,,,,,,,,,,,,,,
6523,6523,6523,212116478,08 35 47.839,+22 20 48.97,1,12.555,,,562-046006,08354783+2220489,,STAR,JHK,rpm,-3.6,1.9,-8.7,1.2,,,,,,,,,,,,,,,,,10.658,0.023,10.039,0.021,9.906,0.019,4585,110,73,2.506,0.27,0.495,-0.248,0.25,0.4,9.294,6.288,2.283,1.027,0.203,0.111,0.001,0.002,0.001,1716,1153,426.3,0.033,0.012,0.005,,,
6524,6524,6524,212116500,08 30 06.888,+22 20 51.00,1,14.253,,,562-045753,08300688+2220510,,STAR,gri,rpm,4.5,1.4,-11.1,2.2,,,15.457,0.05,14.499,0.04,,,15.051,0.04,14.21,0.047,13.912,0.071,,,12.789,0.025,12.354,0.024,12.235,0.02,5036,81,122,4.582,0.025,0.78,-0.056,0.18,0.21,0.771,0.095,0.04,0.844,0.063,0.053,1.809,0.198,0.427,429.4,67.94,33.06,0.032,0.006,0.005,,,
6525,6525,6525,212116517,08 51 36.875,+22 20 51.91,1,17.559,,,,,5038-301-6-0050-0162,EXTENDED,gri,,-16,3,-3,3,,,,,,,19.006,0.035,18.007,0.008,17.655,0.008,17.367,0.01,17.255,0.029,,,,,,,,,,,,,,,,,,,,,,,,,,,,,,,,,
6526,6526,6526,212116595,08 32 35.449,+22 20 57.03,1,14.321,,,562-045876,08323544+2220570,,STAR,gri,rpm,-3.6,2.2,-5.2,2,,,15.607,0.06,14.662,0.041,,,15.141,0.041,14.389,0.048,13.97,0.071,,,12.998,0.023,12.518,0.02,12.476,0.024,5004,101,101,3.589,1.016,0.762,-0.335,0.3,0.48,2.548,2.478,1.893,0.881,0.203,0.092,0.047,2.165,0.043,1653,1461,1243,0.032,0.009,0.009,,,
6527,6527,6527,212116644,08 29 04.651,+22 21 01.03,1,18.263,,,,08290465+2221010,,STAR,JHK,col,,,,,,,,,,,,,,,,,,,,,15.986,0.098,15.421,0.15,15.12,0.124,3969,795,397,4.881,0.16,0.224,-0.263,0.25,0.4,0.359,0.215,0.134,0.416,0.244,0.204,6.406,8.611,4.102,677.2,770.6,317.7,0.032,0.008,0.007,,,
6528,6528,6528,212116647,08 31 32.523,+22 21 01.20,1,14.169,,,562-045818,08313252+2221012,,STAR,gri,rpm,1.2,5.6,6.2,5.6,,,15.239,0.05,14.346,0.038,,,14.727,0.038,14.069,0.046,13.929,0.071,,,12.952,0.025,12.542,0.029,12.432,0.026,5319,128,161,4.529,0.04,0.88,-0.165,0.2,0.44,0.852,1.694,0.068,0.895,0.092,0.065,1.401,0.323,1.342,564.1,1065,71.43,0.034,0.008,0.007,,,
6529,6529,6529,212116673,09 05 27.237,+22 21 02.39,1,17.371,,,,09052723+2221023,5045-301-2-0170-0011,STAR,gri,,-5,3,-17,3,,,,,,,18.541,0.016,17.531,0.005,17.318,0.005,17.245,0.006,17.197,0.013,16.565,0.118,16.076,0.163,,,,,,,,,,,,,,,,,,,,,,,,,,,,,
6530,6530,6530,212116680,08 58 23.743,+22 21 02.87,1,17.591,,,,08582374+2221028,5045-301-4-0160-0084,EXTENDED,gri,,-3,3,-9,3,,,,,,,18.905,0.031,18.036,0.007,17.692,0.008,17.401,0.008,17.326,0.03,16.918,0.194,,,,,,,,,,,,,,,,,,,,,,,,,,,,,,,
6531,6531,6531,212116681,08 27 32.701,+22 21 02.89,1,14.446,,,562-045636,08273269+2221030,6728-301-6-0123-0046,STAR,gri,rpm,-3.7,3.1,-29.9,3.4,,,15.499,0.05,14.713,0.042,,,15.124,0.041,14.439,0.049,14.156,0.074,,,13.12,0.022,12.65,0.024,12.569,0.023,5088,121,121,4.597,0.04,0.025,-0.321,0.2,0.28,0.718,0.05,0.064,0.761,0.055,0.078,1.999,0.388,0.238,478.3,36.58,53.19,0.033,0.009,0.005,,,
6532,6532,6532,212116760,08 52 47.106,+22 21 08.34,1,18.117,,,,08524710+2221083,,STAR,J,col,,,,,,,,,,,,,,,,,,,,,16.571,0.119,15.993,0.165,15.535,0.161,3823,620,344,4.957,0.125,0.2,-0.254,0.25,0.4,0.322,0.179,0.115,0.344,0.226,0.161,9.921,10.57,6.328,727.1,747.9,323.8,0.033,0.008,0.008,,,
6533,6533,6533,212116788,08 53 01.404,+22 21 10.04,1,12.476,,,562-046701,08530139+2221101,,STAR,gri,rpm,47.2,0.8,-19.2,1,,,13.447,0.04,12.668,0.02,,,13.026,0.02,12.435,0.02,12.24,0.02,,,11.242,0.022,10.833,0.021,10.787,0.017,5408,128,85,4.546,0.045,0.126,-0.38,0.3,0.25,0.808,0.166,0.101,0.847,0.074,0.104,1.542,0.422,0.591,238.7,109.8,53.24,0.029,0.01,0.006,,,
6534,6534,6534,212116836,08 34 41.522,+22 21 13.87,1,17.963,,,,08344152+2221138,,STAR,J,col,,,,,,,,,,,,,,,,,,,,,16.432,0.103,15.819,0.123,15.304,0.137,3737,504,315,4.969,0.12,0.168,-0.204,0.25,0.35,0.278,0.182,0.095,0.307,0.223,0.139,11.04,10.99,6.222,578.1,547,246.2,0.032,0.008,0.008,,,
6535,6535,6535,212116895,08 34 33.461,+22 21 17.17,1,17.81,,,,08343346+2221171,4517-301-2-0115-0293,EXTENDED,gri,,5,3,2,3,,,,,,,19.503,0.038,18.527,0.009,17.784,0.007,17.502,0.007,17.411,0.016,16.668,0.131,15.611,0.11,15.394,0.138,,,,,,,,,,,,,,,,,,,,,,,,,,,
6536,6536,6536,212116915,08 34 15.831,+22 21 18.51,1,14.515,,,562-045937,08341582+2221185,,STAR,JHK,rpm,0,1.8,-10.7,1.9,,,,,,,,,,,,,,,,,13.025,0.025,12.555,0.023,12.424,0.02,5065,151,120,4.56,0.054,1.242,-0.22,0.25,0.45,0.797,2.587,0.089,0.84,0.108,0.09,1.676,0.444,1.651,503.4,1568,68.98,0.032,0.011,0.006,,,
6537,6537,6537,212116962,08 31 04.215,+22 21 22.04,1,11.256,,1391-1302-1,562-045796,08310420+2221221,,STAR,gri,plx,1,1.7,-24.6,1.8,,,11.942,0.14,11.34,0.108,,,11.665,0.03,11.221,0.04,11.081,0.06,,,10.266,0.022,10.047,0.021,9.919,0.022,6138,127,127,4.069,0.18,0.18,0.001,0.12,0.18,1.671,0.538,0.347,1.246,0.18,0.129,0.258,0.239,0.141,389.8,122.7,122.7,0.032,0.011,0.008,,,
6538,6538,6538,212116972,08 54 23.021,+22 21 23.07,1,16.964,,,,08542302+2221230,5038-301-5-0054-0196,STAR,gri,rpm,10,3,-62,3,,,,,,,20.314,0.041,18.052,0.006,16.964,0.005,16.498,0.005,16.26,0.008,15.09,0.044,14.5,0.041,14.407,0.064,4264,51,51,4.924,0.036,0.028,-0.86,0.08,0.2,0.373,0.022,0.033,0.424,0.026,0.037,8.173,1.474,0.956,472.8,40.87,51.81,0.033,0.013,0.008,,,
6539,6539,6539,212117020,08 52 56.860,+22 21 25.65,1,17.098,,,,08525686+2221256,,STAR,JHK,col,,,,,,,,,,,,,,,,,,,,,14.585,0.054,13.77,0.073,13.524,0.063,4140,240,240,4.792,0.096,0.08,-0.101,0.16,0.28,0.479,0.085,0.098,0.55,0.094,0.131,4.581,2.848,1.338,468.3,132.2,120.8,0.031,0.011,0.008,,,
6540,6540,6540,212117033,08 55 34.895,+22 21 26.40,1,19.333,,,,,5038-301-5-0056-0283,STAR,gri,,29,4,-38,4,,,,,,,23.655,0.487,21.016,0.031,19.546,0.015,18.611,0.012,18.068,0.021,,,,,,,,,,,,,,,,,,,,,,,,,,,,,,,,,
6541,6541,6541,212117055,08 54 55.279,+22 21 27.89,1,16.471,,,,08545527+2221278,,STAR,J,rpm,2,2,8,3,,,,,,,,,,,,,,,,,15.047,0.111,14.397,0.149,13.746,0.083,4111,691,432,4.798,0.165,0.165,-0.118,0.16,0.28,0.477,0.186,0.176,0.54,0.182,0.218,4.647,6.147,2.345,549.1,381.3,257.5,0.032,0.011,0.008,,,
6542,6542,6542,212117087,08 33 07.002,+22 21 29.49,1,12.245,,,562-045894,08330700+2221294,,STAR,JHK,rpm,-5,0.9,-3.7,1.4,,,,,,,,,,,,,,,,,11.17,0.023,10.971,0.027,10.858,0.018,6434,258,258,4.095,0.175,0.28,-0.024,0.12,0.12,1.7,0.784,0.421,1.362,0.264,0.165,0.241,0.224,0.157,598.9,296,155.7,0.034,0.01,0.007,,,
6543,6543,6543,212117105,08 54 55.642,+22 21 30.52,1,16.794,,,,08545564+2221305,,STAR,J,col,,,,,,,,,,,,,,,,,,,,,15.346,0.084,14.624,0.114,14.155,0.084,3805,452,323,4.914,0.14,0.168,-0.157,0.2,0.28,0.33,0.196,0.123,0.375,0.214,0.179,7.451,8.663,4.006,426.4,304.4,203,0.03,0.011,0.008,,,
6544,6544,6544,212117107,09 03 10.079,+22 21 30.79,1,12.253,,,562-047076,09031008+2221306,,STAR,gri,rpm,3.4,1.3,-2.3,1.7,,,13.07,0.08,12.447,0.07,,,12.668,0.05,12.253,0.04,12.076,0.05,,,11.245,0.023,10.91,0.021,10.865,0.02,5897,139,174,4.004,0.42,0.21,-0.175,0.2,0.28,1.643,0.651,0.68,1.082,0.17,0.121,0.231,0.714,0.141,530.7,198.5,211.5,0.031,0.01,0.007,,,
6545,6545,6545,212117124,08 57 44.672,+22 21 32.55,1,13.958,,,562-046897,08574467+2221325,,STAR,gri,rpm,-9.4,5,-3.1,4.1,,,15.104,0.05,14.218,0.02,,,14.631,0.05,13.929,0.04,13.669,0.03,,,12.587,0.02,12.196,0.024,12.064,0.024,5283,104,125,4.531,0.048,0.784,-0.116,0.2,0.32,0.849,1.538,0.074,0.896,0.121,0.061,1.425,0.328,1.344,462.5,762.4,47.44,0.033,0.011,0.007,,,
6546,6546,6546,212117162,08 54 57.103,+22 21 35.96,1,13.264,,,562-046792,08545709+2221360,,STAR,gri,rpm,-0.9,1.2,-1.8,1.8,,,14.352,0.02,13.464,0.01,,,13.894,0.033,13.225,0.02,12.994,0.03,,,11.923,0.025,11.465,0.024,11.398,0.022,5111,102,81,3.01,0.525,0.735,-0.708,0.3,0.25,4.362,5.705,1.776,0.942,0.133,0.055,0.006,0.042,0.005,1673,1862,718.4,0.034,0.01,0.007,,,
6547,6547,6547,212117165,09 06 10.587,+22 21 36.15,1,18.211,,,,09061058+2221361,,STAR,JHK,col,,,,,,,,,,,,,,,,,,,,,16.324,0.112,15.732,0.173,15.575,0.217,4009,791,439,4.849,0.192,0.224,-0.304,0.25,0.4,0.394,0.22,0.163,0.43,0.211,0.211,5.756,10.47,3.328,785.4,903.1,370.4,0.032,0.008,0.007,,,
6548,6548,6548,212117236,08 34 28.225,+22 21 41.40,1,17.953,,,,08342822+2221414,,STAR,JHK,col,,,,,,,,,,,,,,,,,,,,,15.657,0.052,15.079,0.071,14.785,0.072,3742,495,275,4.956,0.132,0.176,-0.165,0.2,0.32,0.305,0.18,0.098,0.335,0.195,0.139,9.663,11,5.143,428.5,360.6,170.9,0.031,0.008,0.008,,,
6549,6549,6549,212117304,08 34 28.790,+22 21 46.99,1,18.035,,,,08342879+2221469,,STAR,JHK,col,,,,,,,,,,,,,,,,,,,,,15.864,0.072,15.096,0.078,14.94,0.087,4114,288,288,4.811,0.14,0.1,-0.24,0.25,0.3,0.45,0.106,0.129,0.496,0.109,0.153,4.944,4.326,1.789,767.7,282.3,272.5,0.032,0.01,0.007,,,
6550,6550,6550,212117330,08 35 25.364,+22 21 48.62,1,15.455,,,562-045991,08352537+2221483,,STAR,JHK,rpm,0.4,4.6,-1.3,3.5,,,,,,,,,,,,,,,,,13.188,0.028,12.519,0.022,12.325,0.02,4108,185,231,4.802,0.085,0.085,-0.057,0.16,0.28,0.466,0.101,0.083,0.532,0.119,0.099,4.678,2.322,1.552,232.3,82.52,42.61,0.028,0.007,0.007,,,
6551,6551,6551,212117331,08 53 37.200,+22 21 48.63,1,14.461,,,562-046730,08533719+2221487,,STAR,JHK,rpm,-4,2.2,-4,2.4,,,,,,,,,,,,,,,,,12.945,0.024,12.419,0.026,12.332,0.023,4893,175,146,3.411,1.155,0.99,-0.39,0.35,0.49,3.262,4.617,2.595,0.891,0.164,0.117,0.025,2.117,0.023,1906,2624,1569,0.033,0.01,0.008,,,
6552,6552,6552,212117346,08 35 28.954,+22 21 49.77,1,9.909,,1398-788-1,562-045995,08352895+2221496,,STAR,BV,rpm,-14.7,1.5,-8.8,1.5,,,11.047,0.075,10.073,0.041,,,,,,,,,,,8.073,0.046,7.48,0.016,7.371,0.021,4641,135,108,2.404,0.195,0.234,-0.147,0.2,0.36,11.035,2.355,2.286,1.219,0.27,0.225,7.82E-04,7.26E-04,3.77E-04,615.5,116,115.2,0.032,0.01,0.007,,,
6553,6553,6553,212117348,09 07 53.096,+22 21 49.80,1,11.099,,1407-1240-1,562-047223,09075310+2221496,,STAR,gri,rpm,-12.6,1.8,-13.4,1.9,,,12.421,0.345,11.242,0.132,,,11.791,0.03,11.081,0.03,10.803,0.04,,,9.708,0.022,9.189,0.032,9.113,0.021,4942,79,79,2.588,0.676,0.26,-0.646,0.3,0.42,7.535,2.842,3.808,0.947,0.186,0.071,0.002,0.016,0.001,960.2,370.1,460,0.032,0.008,0.007,,,
6554,6554,6554,212117352,09 06 42.380,+22 21 49.89,1,18.06,,,,,5045-301-2-0171-0074,STAR,gri,,4,3,-4,3,,,,,,,18.289,0.014,18.092,0.006,18.049,0.007,17.817,0.008,17.828,0.019,,,,,,,,,,,,,,,,,,,,,,,,,,,,,,,,,
6555,6555,6555,212117448,08 33 52.502,+22 21 56.59,1,13.093,,,562-045915,08335250+2221566,,STAR,JHK,rpm,31.4,1.9,-15.7,1.3,,,,,,,,,,,,,,,,,11.564,0.023,11.038,0.025,10.945,0.019,4925,114,199,4.605,0.04,0.048,-0.111,0.2,0.44,0.73,0.072,0.065,0.78,0.082,0.082,2.018,0.381,0.378,228.9,41.27,26.76,0.026,0.011,0.006,,,
6556,6556,6556,212117453,08 59 22.082,+22 21 56.74,1,17.692,,,,08592208+2221567,5038-301-4-0061-0249,EXTENDED,gri,,3,3,-3,3,,,,,,,20.695,0.083,18.725,0.009,17.711,0.007,17.249,0.006,16.934,0.039,16.022,0.082,15.252,0.092,15.047,0.113,,,,,,,,,,,,,,,,,,,,,,,,,,,
6557,6557,6557,212117475,08 30 00.159,+22 21 58.17,1,14.799,,,562-045748,08300015+2221582,4517-301-3-0109-0077,STAR,gri,rpm,-2.6,2.1,-7.4,2.3,,,15.853,0.08,15.065,0.046,,,15.475,0.045,14.731,0.052,14.509,0.08,,,13.514,0.026,13.008,0.034,12.989,0.03,5026,119,119,4.578,0.035,1.197,-0.22,0.2,0.36,0.769,2.513,0.06,0.822,0.12,0.067,1.781,0.288,1.754,605.6,1867,62.12,0.033,0.01,0.008,,,
6558,6558,6558,212117489,08 33 35.759,+22 21 59.20,1,16.981,,,,08333575+2221591,4517-301-2-0114-0171,EXTENDED,gri,,-3,3,-3,3,,,,,,,19.325,0.055,17.855,0.008,17.07,0.006,16.607,0.006,16.253,0.011,15.916,0.099,15.081,0.118,14.649,0.114,,,,,,,,,,,,,,,,,,,,,,,,,,,
6559,6559,6559,212117553,09 07 11.585,+22 22 03.41,1,14.546,,,562-047199,09071159+2222034,5071-301-6-0156-0068,STAR,gri,rpm,-2.9,3.3,-3.5,3.6,,,15.606,0.02,14.762,0.08,,,15.145,0.05,14.468,0.04,14.289,0.04,,,13.231,0.026,12.804,0.033,12.727,0.029,5239,156,125,4.517,0.06,0.948,-0.217,0.24,0.4,0.867,1.798,0.1,0.899,0.148,0.082,1.389,0.4,1.338,638.3,1242,93.77,0.033,0.008,0.008,,,
6560,6560,6560,212117568,08 32 21.727,+22 22 04.13,1,13.579,,,562-045869,08322173+2222042,,STAR,gri,rpm,1.2,1.7,-1.9,1.9,,,14.909,0.03,13.891,0.035,,,14.403,0.036,13.567,0.043,13.225,0.064,,,12.025,0.025,11.418,0.022,11.346,0.022,4694,110,110,2.218,0.67,0.804,-0.685,0.4,0.72,11.494,17.498,5.558,0.913,0.11,0.11,3.57E-04,0.003,3.41E-04,3738,4732,1847,0.033,0.008,0.008,,,
6561,6561,6561,212117591,08 57 33.971,+22 22 05.34,1,16.803,,,,08573397+2222053,,STAR,J,col,,,,,,,,,,,,,,,,,,,,,15.355,0.059,14.756,0.077,14.281,0.07,3584,302,252,5.021,0.105,0.126,-0.097,0.18,0.24,0.243,0.103,0.072,0.256,0.154,0.096,13.62,10.88,6.05,300,170,108.5,0.028,0.01,0.008,,,
6562,6562,6562,212117640,08 53 48.582,+22 22 08.67,1,13.877,,,562-046737,08534857+2222087,,STAR,gri,rpm,-1.6,2.2,-30.7,1.7,,,14.877,0.05,14.095,0.01,,,14.448,0.03,13.829,0.03,13.632,0.03,,,12.62,0.022,12.182,0.021,12.102,0.021,5296,126,126,4.562,0.042,0.035,-0.313,0.25,0.25,0.777,0.065,0.06,0.807,0.087,0.062,1.699,0.297,0.253,425.5,52.35,46.62,0.031,0.01,0.007,,,
6563,6563,6563,212117659,08 32 12.422,+22 22 09.96,1,12.61,,,562-045860,08321242+2222100,,STAR,gri,rpm,-27.6,1.1,11.9,1.3,,,14.035,0.02,12.977,0.031,,,13.549,0.032,12.57,0.041,12.207,0.061,,,10.951,0.023,10.391,0.021,10.261,0.02,4628,55,74,4.65,0.025,0.035,0.023,0.12,0.12,0.672,0.038,0.018,0.753,0.045,0.018,2.432,0.204,0.328,144.3,39.05,4.33,0.02,0.007,0.004,,,
6564,6564,6564,212117663,08 50 43.640,+22 22 10.57,1,14.964,,,562-046617,08504363+2222105,,STAR,gri,lam,-6.1,2.2,-1.5,2.4,,,15.509,0.04,15.058,0.02,,,15.198,0.04,14.892,0.02,14.863,0.1,,,14.045,0.03,13.782,0.042,13.763,0.033,5837,141,247,3.781,0.07,0.084,-1.132,0.12,0.14,1.959,0.193,0.176,0.868,0.017,0.017,0.11,0.03,0.028,2258,139.3,131.2,0.034,0.006,0.007,,,
6565,6565,6565,212117670,09 02 40.543,+22 22 11.38,1,17.071,,,,09024054+2222113,5045-301-3-0166-0117,EXTENDED,gri,,3,2,0,2,,,,,,,19.186,0.048,17.875,0.008,17.119,0.006,16.727,0.007,16.465,0.02,16.549,0.149,15.757,0.173,15.381,0.147,,,,,,,,,,,,,,,,,,,,,,,,,,,
6566,6566,6566,212117702,08 28 20.576,+22 22 14.28,1,15.33,,,562-045678,08282059+2222142,4508-301-4-0098-0308,STAR,JHK,rpm,18.1,8.9,-40.8,8.6,,,,,,,,,,,,,,,,,13.192,0.021,12.569,0.025,12.368,0.023,3851,182,152,4.906,0.078,0.065,-0.107,0.15,0.24,0.363,0.065,0.075,0.407,0.082,0.098,7.716,4.401,2.126,170.4,36.85,40.85,0.02,0.008,0.005,,,
6567,6567,6567,212117708,08 55 05.626,+22 22 14.82,1,14.535,,,562-046798,08550563+2222148,,STAR,gri,rpm,-3.8,2.2,-9.1,2.3,,,16.619,0.02,15.196,0.06,,,15.981,0.04,14.605,0.04,13.915,0.05,,,12.464,0.027,11.867,0.031,11.629,0.023,3826,45,38,4.893,0.02,0.02,-0.015,0.05,0.08,0.391,0.008,0.008,0.434,0.009,0.009,7.282,0.437,0.437,129.5,3.884,3.884,0.014,0.005,0.001,,,
6568,6568,6568,212117783,08 54 02.433,+22 22 20.67,1,15.046,,,562-046752,08540242+2222207,5045-301-5-0154-0079,STAR,gri,rpm,-1.3,2.1,-6,2.3,,,16.209,0.05,15.338,0.05,,,15.735,0.03,15.036,0.02,14.751,0.02,,,13.815,0.027,13.388,0.027,13.249,0.028,5076,98,79,4.535,0.084,1.47,-0.473,0.3,0.42,0.824,3.672,0.139,0.838,0.096,0.096,1.443,0.652,1.434,769.6,3123,152.6,0.036,0.013,0.009,,,
6569,6569,6569,212117819,09 03 49.787,+22 22 23.35,1,18.054,,,,09034978+2222233,5038-301-3-0067-0163,EXTENDED,gri,,-1,3,-3,3,,,,,,,20.872,0.096,18.951,0.01,18.058,0.008,17.669,0.008,17.384,0.02,16.411,0.103,15.931,0.137,15.784,0.19,,,,,,,,,,,,,,,,,,,,,,,,,,,
6570,6570,6570,212117820,09 06 42.163,+22 22 23.44,1,17.129,,,,09064216+2222234,5045-301-2-0171-0165,EXTENDED,gri,,0,2,4,2,,,,,,,19.572,0.056,18,0.008,17.161,0.006,16.756,0.006,16.429,0.015,16.093,0.114,15.64,0.157,15.094,0.15,,,,,,,,,,,,,,,,,,,,,,,,,,,
6571,6571,6571,212117852,08 27 54.781,+22 22 25.92,1,17.213,,,,08275478+2222259,6728-301-6-0123-0470,EXTENDED,gri,,-5,3,-4,3,,,,,,,20.113,0.18,18.189,0.014,17.269,0.009,16.794,0.009,16.383,0.021,16.384,0.123,15.436,0.123,14.959,0.103,,,,,,,,,,,,,,,,,,,,,,,,,,,
6572,6572,6572,212117884,09 05 43.983,+22 22 28.51,1,14.193,,,562-047158,09054397+2222285,5045-301-2-0170-0065,STAR,gri,lam,-4.3,3.3,-3.5,3.5,,,15.411,0.09,14.524,0.07,,,14.901,0.04,14.173,0.03,13.89,0.01,,,12.834,0.026,12.364,0.03,12.292,0.024,5170,156,156,4.562,0.03,0.03,0,0.1,0.12,0.797,0.045,0.043,0.86,0.045,0.045,1.647,0.244,0.179,470.3,44.18,40.39,0.031,0.007,0.006,,,
6573,6573,6573,212117910,08 58 01.982,+22 22 30.39,1,17.133,,,,08580198+2222303,5045-301-4-0159-0248,EXTENDED,gri,,0,3,0,3,,,,,,,20.368,0.124,18.42,0.011,17.118,0.006,16.581,0.006,16.178,0.015,15.792,0.075,15.03,0.095,14.095,0.062,,,,,,,,,,,,,,,,,,,,,,,,,,,
6574,6574,6574,212117924,08 27 17.500,+22 22 31.25,1,16.167,,,,08271750+2222312,4335-301-1-0104-0004,EXTENDED,gri,,3,3,-2,3,,,,,,,18.856,0.038,17.065,0.006,16.188,0.004,15.782,0.004,15.47,0.008,15.469,0.072,14.737,0.088,14.589,0.083,,,,,,,,,,,,,,,,,,,,,,,,,,,
6575,6575,6575,212118006,09 06 29.618,+22 22 37.40,1,17.953,,,,09062961+2222374,5045-301-2-0171-0151,STAR,gri,rpm,52,3,-125,3,,,,,,,22.395,0.246,19.51,0.012,18.108,0.007,17.286,0.006,16.84,0.01,15.614,0.062,15.019,0.089,14.819,0.108,3593,58,43,5.058,0.06,0.03,-0.193,0.08,0.16,0.232,0.028,0.035,0.225,0.036,0.043,17.47,5.987,2.939,151.4,36.5,36.71,0.018,0.005,0.002,,,
6576,6576,6576,212118049,08 31 49.359,+22 22 40.55,1,16.301,,,,08314935+2222405,4508-301-3-0103-0250,EXTENDED,gri,,1,3,-1,3,,,,,,,18.788,0.031,17.116,0.005,16.325,0.004,15.952,0.004,15.64,0.008,15.211,0.067,14.674,0.093,14.244,0.082,,,,,,,,,,,,,,,,,,,,,,,,,,,
6577,6577,6577,212118066,09 04 02.468,+22 22 41.75,1,16.672,,,562-047102,09040247+2222415,5038-301-3-0068-0012,STAR,JHK,rpm,-23.2,5.2,-1.4,5.1,,,,,,,,,,,,,,,,,14.248,0.031,13.56,0.037,13.331,0.026,3980,235,196,4.833,0.08,0.08,-0.096,0.15,0.21,0.428,0.08,0.079,0.495,0.088,0.106,5.512,2.831,1.61,345.9,91.57,84.95,0.03,0.01,0.007,,,
6578,6578,6578,212118075,09 04 02.011,+22 22 42.14,1,18.627,,,,,5038-301-3-0068-0013,STAR,gri,,-8,3,4,3,,,,,,,18.985,0.02,18.693,0.008,18.605,0.009,18.621,0.011,18.211,0.024,,,,,,,,,,,,,,,,,,,,,,,,,,,,,,,,,
6579,6579,6579,212118086,08 30 24.727,+22 22 43.18,1,17.823,,,,08302472+2222431,4517-301-3-0110-0165,STAR,gri,rpm,37,3,-81,3,,,,,,,21.329,0.112,18.929,0.009,17.77,0.006,17.349,0.006,17.099,0.012,15.946,0.084,15.442,0.117,15.157,0.137,4244,136,204,5.042,0.045,0.045,-1.826,0.7,0.7,0.255,0.047,0.033,0.272,0.066,0.047,15.29,3.959,3.691,489.3,116,53.61,0.031,0.006,0.005,,,
6580,6580,6580,212118088,09 04 22.432,+22 22 43.25,1,13.368,,,562-047112,09042242+2222432,,STAR,gri,lam,-0.7,1.9,-16.8,4.2,,,14.433,0.09,13.646,0.09,,,13.968,0.06,13.351,0.03,13.11,0.02,,,12.048,0.023,11.671,0.027,11.513,0.02,5368,193,161,4.526,0.036,0.042,0.026,0.1,0.1,0.862,0.067,0.052,0.917,0.056,0.047,1.404,0.19,0.198,373.3,36.96,33.63,0.032,0.01,0.007,,,
6581,6581,6581,212118095,08 59 17.386,+22 22 43.40,1,12.973,,,562-046955,08591739+2222434,,STAR,gri,lam,9.4,2.2,-4.5,1.6,,,13.872,0.03,13.143,0.02,,,13.495,0.04,12.931,0.04,12.75,0.02,,,11.799,0.022,11.479,0.022,11.364,0.02,5488,163,163,4.548,0.03,0.042,-0.288,0.12,0.15,0.802,0.057,0.045,0.845,0.058,0.049,1.605,0.188,0.27,316.9,32.18,25.21,0.031,0.006,0.007,,,
6582,6582,6582,212118130,08 25 49.863,+22 22 46.37,1,14.536,,,562-045557,08254986+2222464,,STAR,gri,rpm,0.3,3.1,-12.4,3.5,,,15.669,0.07,14.823,0.043,,,15.246,0.042,14.521,0.05,14.231,0.075,,,13.187,0.024,12.745,0.023,12.649,0.024,5133,123,123,4.57,0.035,0.84,-0.177,0.2,0.36,0.785,1.473,0.064,0.853,0.067,0.094,1.693,0.296,1.609,543.9,993.2,56.91,0.033,0.01,0.007,,,
6583,6583,6583,212118132,08 52 30.542,+22 22 46.43,1,14.817,,,562-046671,08523054+2222465,,STAR,gri,rpm,-1.1,2.2,-0.7,2.3,,,15.876,0.06,15.075,0.03,,,15.402,0.02,14.76,0.03,14.566,0.08,,,13.502,0.025,12.995,0.024,12.979,0.029,5109,122,102,3.255,0.96,0.96,-0.775,0.45,0.63,3.113,6.18,2.07,0.889,0.063,0.088,0.017,0.453,0.017,2448,4531,1589,0.035,0.006,0.01,,,
6584,6584,6584,212118139,08 54 50.358,+22 22 46.88,1,15.468,,,,08545035+2222468,5038-301-5-0055-0169,EXTENDED,gri,,2,3,12,3,,,,,,,18.41,0.026,16.456,0.004,15.487,0.003,15.044,0.003,14.706,0.005,14.58,0.06,13.918,0.074,13.465,0.057,,,,,,,,,,,,,,,,,,,,,,,,,,,
6585,6585,6585,212118143,08 33 26.561,+22 22 46.97,1,14.646,,,562-045903,08332655+2222470,,STAR,JHK,rpm,-3.9,2.1,-8.1,2.3,,,,,,,,,,,,,,,,,13.283,0.025,12.874,0.03,12.752,0.026,5329,219,188,4.529,0.05,0.77,-0.177,0.2,0.44,0.845,1.39,0.088,0.885,0.074,0.089,1.432,0.35,1.341,643.5,1009,88.17,0.035,0.01,0.008,,,
6586,6586,6586,212118171,08 33 58.981,+22 22 48.68,1,14.141,,,562-045922,08335899+2222487,,STAR,JHK,rpm,-104,2.1,-36.2,2.3,,,,,,,,,,,,,,,,,11.732,0.023,11.066,0.023,10.821,0.024,3731,167,201,4.955,0.119,0.085,-0.125,0.2,0.24,0.315,0.082,0.098,0.348,0.103,0.144,9.481,9.262,3.289,98.82,36.03,38.72,0.015,0.007,0.006,,,
6587,6587,6587,212118183,08 53 31.709,+22 22 49.54,1,19.275,,,,,5045-301-5-0153-0256,STAR,gri,,-1,3,1,3,,,,,,,20.024,0.041,19.364,0.012,19.245,0.013,18.972,0.016,18.859,0.044,,,,,,,,,,,,,,,,,,,,,,,,,,,,,,,,,
6588,6588,6588,212118200,08 28 01.527,+22 22 50.77,1,15.204,,,562-045659,08280152+2222507,6728-301-6-0124-0031,STAR,JHK,rpm,-6.5,3,1.5,3.4,,,,,,,,,,,,,,,,,13.839,0.024,13.381,0.028,13.307,0.028,5159,185,154,4.557,0.045,0.99,-0.236,0.25,0.45,0.79,1.778,0.069,0.85,0.067,0.08,1.68,0.34,1.621,742.1,1646,86.77,0.033,0.011,0.007,,,
6589,6589,6589,212118311,08 52 06.268,+22 22 59.54,1,16.877,,,,08520626+2222595,5038-301-6-0051-0221,EXTENDED,gri,,6,3,18,2,,,,,,,19.325,0.036,17.682,0.005,16.93,0.005,16.532,0.005,16.227,0.01,15.458,0.065,14.574,0.073,14.192,0.063,,,,,,,,,,,,,,,,,,,,,,,,,,,
6590,6590,6590,212118312,08 54 17.715,+22 22 59.64,1,18.686,,,,,5045-301-5-0154-0122,STAR,gri,,2,3,2,3,,,,,,,18.907,0.02,18.868,0.009,18.625,0.009,18.565,0.012,18.676,0.036,,,,,,,,,,,,,,,,,,,,,,,,,,,,,,,,,
6591,6591,6591,212118319,09 00 01.461,+22 23 00.28,1,15.5,,,562-046982,09000147+2223001,5038-301-4-0062-0062,STAR,gri,rpm,-2,3.1,-2.3,3.3,,,16.707,0.13,15.783,0.03,,,16.211,0.01,15.451,0.04,15.195,0.1,,,14.126,0.024,13.637,0.024,13.533,0.03,5022,80,100,4.594,0.035,0.819,-0.248,0.25,0.25,0.743,1.418,0.062,0.792,0.085,0.071,1.932,0.338,0.439,756.9,133.2,72.93,0.033,0.008,0.007,,,
6592,6592,6592,212118339,08 56 25.854,+22 23 01.89,1,12.842,,,562-046854,08562586+2223019,,STAR,gri,rpm,7.2,1,-48.9,1,,,13.683,0.03,12.975,0.02,,,13.281,0.05,12.795,0.04,12.654,0.02,,,11.829,0.022,11.503,0.022,11.412,0.023,5711,138,103,4.46,0.084,0.07,-0.307,0.2,0.4,0.916,0.107,0.131,0.892,0.066,0.118,1.09,0.489,0.254,391.2,71.82,87.39,0.031,0.007,0.007,,,
6593,6593,6593,212118344,09 00 10.513,+22 23 02.10,1,10.719,,1400-1383-1,562-046988,09001052+2223019,,STAR,gri,lam,-16,1.5,-7.2,1.5,,,11.251,0.083,11.049,0.103,,,11.142,0.04,10.688,0.05,10.538,0.03,,,9.709,0.023,9.405,0.024,9.321,0.022,5914,141,176,3.981,0.161,0.115,-0.313,0.15,0.12,1.644,0.279,0.282,1.029,0.108,0.077,0.209,0.135,0.071,268.3,41.88,42.86,0.027,0.007,0.006,,,
6594,6594,6594,212118357,08 52 35.603,+22 23 03.36,1,9.542,,1399-848-1,562-046676,08523560+2223034,,STAR,gri,plx,-15.3,1,-135,1,,,10.295,0.043,9.571,0.032,,,10.237,0.08,9.488,0.06,9.244,0.03,,,8.376,0.029,8.021,0.017,7.943,0.017,5761,91,159,4.362,0.03,0.03,0.178,0.14,0.2,1.102,0.031,0.025,1.035,0.052,0.062,0.757,0.077,0.059,99.18,3.406,3.406,0.015,0.004,0.004,,,
6595,6595,6595,212118494,08 54 01.083,+22 23 12.00,1,12.619,,,562-046750,08540107+2223121,,STAR,gri,rpm,31.4,3.7,-84.7,1.4,,,14.579,0.03,13.2,0.01,,,13.959,0.02,12.629,0.02,12.044,0.061,,,10.622,0.023,9.972,0.021,9.773,0.021,3884,62,47,4.879,0.036,0.02,-0.032,0.06,0.1,0.407,0.019,0.036,0.462,0.024,0.049,6.741,1.363,0.593,86.74,22.06,33.65,0.018,0.008,0.011,,,
6596,6596,6596,212118525,08 35 14.536,+22 23 13.62,1,11.987,,,562-045986,08351453+2223136,,STAR,JHK,rpm,-14.2,0.7,-5.3,0.8,,,,,,,,,,,,,,,,,10.746,0.023,10.401,0.023,10.305,0.019,5696,225,180,4.111,0.335,0.402,-0.151,0.2,0.4,1.439,0.934,0.566,1.001,0.188,0.086,0.276,0.821,0.188,358.1,199.1,127.9,0.03,0.011,0.009,,,
6597,6597,6597,212118571,08 35 21.359,+22 23 17.59,1,10.926,,1398-716-1,562-045989,08352136+2223175,,STAR,BV,rpm,-1.8,1.6,-23.1,1.6,,,11.468,0.089,10.988,0.087,,,,,,,,,,,10.057,0.021,9.884,0.025,9.814,0.022,6615,270,216,4.166,0.11,0.176,-0.037,0.12,0.12,1.559,0.444,0.226,1.365,0.152,0.127,0.342,0.17,0.162,345.7,97.39,56.16,0.03,0.008,0.007,,,
6598,6598,6598,212118585,08 29 58.514,+22 23 18.36,1,17.195,,,,08295851+2223183,,STAR,J,col,,,,,,,,,,,,,,,,,,,,,15.72,0.092,14.876,0.097,14.244,0.077,3593,381,533,5.002,0.155,0.155,-0.105,0.16,0.28,0.243,0.143,0.104,0.255,0.199,0.142,13.65,22.75,7.622,362.2,298.4,206,0.029,0.009,0.013,,,
6599,6599,6599,212118608,08 50 39.055,+22 23 19.86,1,19.145,,,,,5038-301-6-0049-0282,STAR,gri,,5,3,-2,3,,,,,,,22.235,0.189,19.631,0.012,19.174,0.012,18.937,0.015,18.816,0.04,,,,,,,,,,,,,,,,,,,,,,,,,,,,,,,,,
6600,6600,6600,212118626,09 04 08.514,+22 23 21.07,1,16.395,,,,09040851+2223210,5038-301-3-0068-0126,EXTENDED,gri,,1,2,-2,2,,,,,,,18.901,0.038,17.297,0.005,16.443,0.004,16.008,0.004,15.665,0.01,15.458,0.086,14.937,0.125,14.484,0.096,,,,,,,,,,,,,,,,,,,,,,,,,,,
6601,6601,6601,212118632,08 31 50.920,+22 23 21.44,1,16.399,,,,08315092+2223214,,STAR,JHK,col,,,,,,,,,,,,,,,,,,,,,14.234,0.028,13.675,0.035,13.402,0.033,3549,158,190,5.038,0.084,0.084,-0.058,0.15,0.21,0.246,0.071,0.064,0.23,0.108,0.077,15.11,9.739,5.128,158.3,57.73,49.3,0.021,0.007,0.007,,,
6602,6602,6602,212118645,08 51 24.960,+22 23 22.28,1,14.623,,,562-046642,08512494+2223223,5038-301-6-0050-0046,STAR,gri,rpm,-2.1,2,-11.7,2.2,,,15.849,0.04,14.937,0.03,,,15.385,0.01,14.567,0.04,14.296,0.03,,,13.12,0.023,12.596,0.021,12.49,0.022,4875,96,96,4.615,0.03,0.03,-0.121,0.15,0.3,0.709,0.055,0.044,0.772,0.059,0.059,2.076,0.308,0.268,439.6,45.98,41.63,0.032,0.01,0.007,,,
6603,6603,6603,212118765,09 04 36.728,+22 23 30.30,1,16.371,,,,09043672+2223303,5038-301-3-0068-0207,STAR,gri,rpm,37,4,-43,4,,,,,,,20.848,0.055,18.16,0.007,16.724,0.005,15.605,0.005,15.025,0.006,13.741,0.026,13.042,0.026,12.811,0.024,3363,40,33,5.112,0.02,0.022,0.039,0.14,0.08,0.191,0.007,0.004,0.171,0.006,0.003,24.75,1.485,1.969,92.77,3.659,4.012,0.014,0.003,0.005,,,
6604,6604,6604,212118808,08 53 50.259,+22 23 33.18,1,14.584,,,562-046738,08535025+2223331,,STAR,gri,rpm,-4.3,2.1,-4.5,2.3,,,15.897,0.06,14.911,0.02,,,15.38,0.03,14.583,0.01,14.243,0.01,,,13.094,0.022,12.511,0.023,12.398,0.019,4722,55,74,1.398,1.073,0.222,-1.381,0.81,0.54,28.948,8.637,20.173,0.809,0.106,0.016,3.25E-05,0.001,1.87E-05,16170,4507,11040,0.033,0.008,0.002,,,
6605,6605,6605,212118820,08 29 57.610,+22 23 34.33,1,12.032,,1391-487-1,562-045743,08295762+2223343,,STAR,gri,rpm,-5.8,1.8,-4.7,2,,,12.312,0.215,12.064,0.218,,,12.384,0.03,12.006,0.04,11.881,0.06,,,11.13,0.022,10.882,0.022,10.827,0.02,6211,125,150,4.163,0.185,0.259,-0.084,0.15,0.21,1.415,0.661,0.301,1.186,0.168,0.12,0.318,0.302,0.193,483,212.6,98.45,0.033,0.011,0.008,,,
6606,6606,6606,212118834,08 26 07.872,+22 23 35.80,1,16.823,,,,,4508-301-5-0095-0350,EXTENDED,gri,,7,3,-2,3,,,,,,,18.493,0.033,17.398,0.007,16.923,0.006,16.577,0.007,16.448,0.017,,,,,,,,,,,,,,,,,,,,,,,,,,,,,,,,,
6607,6607,6607,212118875,08 58 38.357,+22 23 38.73,1,13.408,,,562-046932,08583835+2223385,,STAR,gri,lam,7.7,1.7,-10.7,1.9,,,14.632,0.03,13.668,0.03,,,14.128,0.05,13.363,0.03,13.099,0.06,,,11.975,0.022,11.452,0.022,11.33,0.018,5015,118,79,3.616,0.085,0.119,-0.213,0.15,0.12,2.677,0.46,0.252,1.112,0.125,0.104,0.056,0.018,0.02,1036,173.4,95.51,0.034,0.008,0.008,,,
6608,6608,6608,212118900,08 59 24.655,+22 23 40.13,1,12.917,,,562-046959,08592465+2223400,,STAR,JHK,rpm,-2,2,0.8,2.5,,,,,,,,,,,,,,,,,11.384,0.025,10.879,0.023,10.763,0.02,4896,96,115,2.878,0.445,0.534,-0.358,0.25,0.35,6.002,4.991,2.377,1.069,0.194,0.162,0.005,0.018,0.004,1678,1190,696.3,0.033,0.01,0.006,,,
6609,6609,6609,212118957,08 50 18.513,+22 23 44.01,1,12.245,,,562-046606,08501851+2223440,,STAR,gri,rpm,-25.7,0.9,-4.6,1.1,,,13.553,0.02,12.561,0.02,,,13.064,0.02,12.197,0.02,11.894,0.02,,,10.722,0.023,10.199,0.022,10.129,0.02,4791,47,47,4.617,0.02,1.185,-0.032,0.12,0.06,0.703,2.5,0.014,0.775,0.239,0.037,2.161,0.13,2.13,161.1,564.3,35,0.024,0.003,0.002,,,
6610,6610,6610,212119012,08 31 52.710,+22 23 49.14,1,9.993,,1391-312-1,562-045845,08315271+2223492,,STAR,BV,plx,0.4,1.5,-4.4,1.5,,,11.09,0.07,10.208,0.043,,,,,,,,,,,8.605,0.03,8.122,0.026,8.049,0.027,4896,150,120,2.436,0.338,0.065,-0.398,0.3,0.36,10.452,0.799,1.564,1.11,0.782,0.186,9.66E-04,0.002,2.02E-04,723.5,283.7,283.7,0.032,0.008,0.007,,,
6611,6611,6611,212119062,08 31 40.124,+22 23 52.35,1,12.456,,,562-045829,08314012+2223524,,STAR,gri,rpm,-14.4,0.8,-12.3,0.9,,,13.342,0.042,12.626,0.031,,,12.931,0.031,12.423,0.041,12.252,0.061,,,11.326,0.022,10.975,0.023,10.885,0.021,5710,104,138,4.442,0.055,0.55,-0.162,0.2,0.28,0.983,0.847,0.115,0.989,0.07,0.099,0.985,0.313,0.836,333.6,283,41.7,0.031,0.013,0.008,,,
6612,6612,6612,212119071,09 03 13.518,+22 23 53.07,1,14.51,,,562-047079,09031352+2223528,5045-301-3-0167-0011,STAR,gri,lam,-8.3,2.8,4.8,4.7,,,15.805,0.05,14.855,0.05,,,15.287,0.06,14.478,0.04,14.178,0.02,,,13.035,0.023,12.498,0.022,12.368,0.02,4843,145,145,4.633,0.025,0.03,-0.237,0.15,0.15,0.687,0.041,0.038,0.735,0.043,0.051,2.261,0.276,0.246,407.8,40.17,36.57,0.03,0.008,0.005,,,
6613,6613,6613,212119078,08 27 25.274,+22 23 53.65,1,18.783,,,,08272527+2223536,,STAR,JHK,col,,,,,,,,,,,,,,,,,,,,,16.157,0.095,15.382,0.109,15.057,0.121,3910,432,360,4.872,0.174,0.145,-0.208,0.2,0.32,0.383,0.145,0.138,0.402,0.158,0.189,7.04,8.221,3.345,714.8,402.6,332.4,0.032,0.01,0.007,,,
6614,6614,6614,212119086,08 55 37.734,+22 23 54.23,1,12.514,,,562-046820,08553774+2223543,,STAR,gri,rpm,-10.6,0.9,-10.4,1.4,,,13.268,0.03,12.634,0.02,,,12.895,0.05,12.474,0.04,12.35,0.04,,,11.518,0.022,11.25,0.021,11.154,0.018,6066,97,122,4.236,0.145,0.261,-0.112,0.16,0.28,1.284,0.498,0.214,1.11,0.112,0.134,0.459,0.312,0.259,502.5,184.8,89.33,0.033,0.01,0.008,,,
6615,6615,6615,212119110,08 58 35.096,+22 23 55.99,1,14.545,,,562-046926,08583510+2223557,5045-301-4-0160-0038,STAR,gri,rpm,-2.7,2.7,-0.8,3,,,15.597,0.04,14.798,0.03,,,15.17,0.04,14.517,0.02,14.277,0.02,,,13.175,0.022,12.703,0.021,12.613,0.019,5102,81,81,3.345,0.609,0.783,-0.647,0.3,0.3,3.417,5.193,1.572,0.906,0.158,0.099,0.024,0.509,0.023,2147,2854,1035,0.034,0.008,0.006,,,
6616,6616,6616,212119116,08 28 34.804,+22 23 56.26,1,11.172,,1391-167-1,562-045689,08283480+2223561,,STAR,gri,plx,-5.1,1.5,-20.3,1.6,,,11.981,0.176,11.259,0.116,,,11.708,0.03,11.122,0.04,10.943,0.06,,,10.043,0.021,9.722,0.022,9.653,0.019,5622,111,133,3.615,0.105,0.189,-0.033,0.12,0.18,3.129,1.07,0.557,1.488,0.179,0.179,0.046,0.028,0.024,767.4,235.8,235.8,0.035,0.011,0.008,,,
6617,6617,6617,212119223,08 55 32.401,+22 24 05.41,1,12.131,,,563-046747,08553240+2224054,,STAR,gri,rpm,3.2,1.7,-6.8,0.9,,,12.721,0.04,12.219,0.01,,,12.414,0.05,12.102,0.04,12.01,0.04,,,11.237,0.02,10.997,0.022,10.954,0.02,6323,152,152,4.118,0.186,0.186,-0.087,0.12,0.21,1.566,0.415,0.328,1.238,0.172,0.129,0.306,0.232,0.151,546.9,168.1,128.6,0.033,0.008,0.007,,,
6618,6618,6618,212119244,08 33 06.456,+22 24 06.66,1,12.303,,,563-045848,08330645+2224066,,STAR,JHK,rpm,8.8,0.9,-0.7,1.1,,,,,,,,,,,,,,,,,11.046,0.023,10.669,0.021,10.592,0.017,5460,194,129,3.754,0.72,1.296,-0.256,0.3,0.84,1.898,5.105,1.151,0.938,0.265,0.066,0.094,1.171,0.092,540.9,1527,333.3,0.032,0.013,0.007,,,
6619,6619,6619,212119246,09 06 53.990,+22 24 06.81,1,8.606,44731,1407-1750-1,563-047129,09065398+2224067,,STAR,BV,plx,-17.25,0.97,-15.24,0.72,5.34,0.9,8.724,0.021,8.552,0.017,,,,,,,,,,,8.151,0.023,8.128,0.044,8.096,0.024,7939,698,499,4.145,0.085,0.119,0.006,0.12,0.15,1.843,0.332,0.181,1.793,0.196,0.163,0.271,0.099,0.096,187.3,31.56,31.56,0.024,0.007,0.005,,,
6620,6620,6620,212119273,08 54 44.243,+22 24 08.65,1,18.177,,,,,5038-301-5-0055-0155,EXTENDED,gri,,-7,3,-7,3,,,,,,,20.006,0.037,18.72,0.008,18.145,0.007,17.945,0.009,17.834,0.021,,,,,,,,,,,,,,,,,,,,,,,,,,,,,,,,,
6621,6621,6621,212119296,09 06 13.115,+22 24 11.06,1,19.467,,,,,5045-301-2-0171-0221,STAR,gri,,-40,5,7,5,,,,,,,23.893,0.773,21.252,0.043,19.718,0.019,18.702,0.013,18.075,0.023,,,,,,,,,,,,,,,,,,,,,,,,,,,,,,,,,
6622,6622,6622,212119309,08 31 25.491,+22 24 12.09,1,17.62,,,,08312549+2224120,6728-301-5-0129-0270,EXTENDED,gri,,6,3,-3,3,,,,,,,20.784,0.144,18.746,0.013,17.598,0.008,17.137,0.008,16.759,0.015,16.537,0.13,15.524,0.127,14.988,0.122,,,,,,,,,,,,,,,,,,,,,,,,,,,
6623,6623,6623,212119314,08 57 08.867,+22 24 12.21,1,15.748,,,563-046805,08570886+2224121,5045-301-4-0158-0206,STAR,gri,rpm,3,4.1,0.5,4.2,,,17.785,0.17,16.428,0.078,,,17.085,0.03,15.845,0.16,15.175,0.08,,,13.706,0.022,13.12,0.026,12.978,0.026,3944,416,115,4.871,0.04,0.136,-0.068,0.12,0.3,0.404,0.138,0.043,0.458,0.159,0.057,6.541,1.414,3.044,253.3,135.4,39.89,0.027,0.008,0.006,,,
6624,6624,6624,212119315,08 50 54.163,+22 24 12.32,1,17.728,,,,08505416+2224123,5038-301-6-0049-0336,EXTENDED,gri,,-2,3,1,3,,,,,,,20.763,0.101,18.778,0.01,17.729,0.007,17.278,0.007,16.915,0.015,16.009,0.094,15.433,0.111,14.849,0.097,,,,,,,,,,,,,,,,,,,,,,,,,,,
6625,6625,6625,212119343,08 30 32.085,+22 24 14.95,1,19.601,,,,,4517-301-3-0110-0192,STAR,gri,,6,3,-7,3,,,,,,,20.288,0.052,19.817,0.016,19.468,0.016,19.508,0.02,19.369,0.054,,,,,,,,,,,,,,,,,,,,,,,,,,,,,,,,,
6626,6626,6626,212119353,09 07 52.762,+22 24 15.99,1,19.68,,,,,5071-301-6-0157-0430,EXTENDED,gri,,,,,,,,,,,,20.85,0.121,19.868,0.022,19.617,0.026,19.371,0.032,19.188,0.095,,,,,,,,,,,,,,,,,,,,,,,,,,,,,,,,,
6627,6627,6627,212119372,08 52 11.350,+22 24 17.30,1,12.793,,,563-046628,08521134+2224173,,STAR,gri,rpm,-5.7,1,-9.3,1.1,,,14.062,0.03,13.082,0.02,,,13.536,0.02,12.763,0.01,12.474,0.02,,,11.283,0.022,10.751,0.021,10.653,0.022,4845,77,57,2.673,0.684,0.216,-0.543,0.3,0.25,7.126,1.787,3.618,0.949,0.164,0.046,0.002,0.02,0.001,1828,490.4,858,0.035,0.009,0.009,,,
6628,6628,6628,212119423,09 06 48.635,+22 24 21.11,1,12.292,,,563-047125,09064863+2224212,,STAR,gri,rpm,-2,2.2,-9.7,2,,,12.949,0.05,12.43,0.07,,,12.614,0.05,12.281,0.04,12.155,0.05,,,11.35,0.022,11.104,0.028,11.057,0.019,6248,150,150,4.127,0.175,0.175,-0.145,0.15,0.21,1.45,0.435,0.285,1.178,0.157,0.157,0.318,0.267,0.145,530.8,161.2,105.3,0.032,0.011,0.006,,,
6629,6629,6629,212119441,08 52 49.209,+22 24 22.05,1,15.451,,,563-046655,08524920+2224220,5045-301-5-0152-0110,STAR,gri,rpm,7.6,2.3,-7.1,2.4,,,15.39,0.057,15.41,0.05,,,15.253,0.05,15.517,0.07,15.756,0.12,,,15.182,0.043,15.262,0.082,15.064,0.105,8020,96,775,3.187,0.051,0.085,-2.464,0.54,0.12,3.687,0.374,0.208,0.798,0.016,0.016,0.015,0.003,0.004,8925,664.8,518.6,0.031,0.014,0.003,,,
6630,6630,6630,212119451,08 26 34.074,+22 24 22.53,1,15.588,,,563-045546,08263408+2224224,,STAR,JHK,rpm,0.4,3,3.4,3.3,,,,,,,,,,,,,,,,,13.945,0.024,13.412,0.033,13.279,0.026,4850,156,195,4.611,0.054,1.224,-0.217,0.25,0.4,0.703,2.321,0.074,0.766,0.117,0.097,2.065,0.583,2.037,643.8,2315,94.58,0.033,0.01,0.007,,,
6631,6631,6631,212119510,08 32 22.831,+22 24 26.25,1,15.637,,,563-045810,08322286+2224263,4508-301-3-0104-0261,STAR,JHK,rpm,-46.2,5.1,-37.8,5.1,,,,,,,,,,,,,,,,,13.546,0.025,12.936,0.024,12.736,0.02,3811,122,184,4.946,0.072,0.06,-0.179,0.2,0.24,0.331,0.053,0.071,0.356,0.067,0.094,9.888,4.079,2.473,180.1,33.06,47.87,0.022,0.007,0.005,,,
6632,6632,6632,212119524,08 35 24.625,+22 24 27.16,1,11.144,,1398-1216-1,563-045947,08352462+2224272,,STAR,BV,rpm,-22.3,1.8,-6.7,1.8,,,12.246,0.23,11.36,0.12,,,,,,,,,,,10.521,0.021,10.175,0.025,10.117,0.025,5746,205,171,4.063,0.429,0.234,-0.202,0.24,0.24,1.518,0.545,0.653,1.036,0.108,0.108,0.252,1.033,0.14,370.8,91.74,171.1,0.028,0.008,0.008,,,
6633,6633,6633,212119561,08 31 38.364,+22 24 29.43,1,12.645,,,563-045780,08313836+2224295,,STAR,gri,rpm,-5.4,1,-19.3,1.1,,,13.795,0.044,12.859,0.031,,,13.327,0.032,12.592,0.041,12.353,0.061,,,11.266,0.023,10.771,0.023,10.726,0.02,5017,79,98,3.44,1.092,0.364,-0.395,0.36,0.3,2.948,1.473,2.205,0.913,0.067,0.081,0.03,1.696,0.023,813.7,420.7,599.3,0.031,0.006,0.011,,,
6634,6634,6634,212119590,08 35 45.376,+22 24 31.08,1,17.211,,,,08354537+2224310,,STAR,J,col,,,,,,,,,,,,,,,,,,,,,15.735,0.056,14.927,0.06,14.447,0.068,3491,496,1488,4.979,0.215,0.172,-0.115,0.16,0.24,0.218,0.205,0.119,0.222,0.249,0.138,11.92,36.18,7.215,275.2,366.9,232.5,0.025,0.012,0.019,,,
6635,6635,6635,212119604,09 00 09.020,+22 24 31.84,1,14.492,,,563-046907,09000903+2224318,5038-301-4-0062-0107,STAR,gri,rpm,-26.5,3,-14.8,3.2,,,16.145,0.08,14.969,0.05,,,15.601,0.05,14.473,0.05,14.017,0.05,,,12.601,0.022,12.008,0.023,11.879,0.018,4281,155,155,4.768,0.136,0.085,-0.327,0.3,0.42,0.497,0.103,0.115,0.545,0.118,0.118,4.177,3.494,1.32,204.7,57.78,52.8,0.025,0.007,0.007,,,
6636,6636,6636,212119741,08 32 32.538,+22 24 40.14,1,8.987,41891,1398-1452-1,563-045815,08323253+2224402,,STAR,BV,plx,45.08,1.64,-34.37,0.98,8.94,1.5,9.797,0.029,9.123,0.02,,,,,,,,,,,7.841,0.029,7.516,0.021,7.466,0.033,5949,134,369,3.779,0.078,0.078,-0.083,0.15,0.15,2.497,0.149,0.163,1.376,0.111,0.079,0.089,0.023,0.019,172.7,8.2,8.2,0.022,0.009,0.005,,,
6637,6637,6637,212119785,09 02 53.773,+22 24 43.66,1,12.509,,,563-047007,09025377+2224437,,STAR,gri,lam,-2.2,1.1,-8.5,1.5,,,13.627,0.07,12.791,0.07,,,13.131,0.05,12.523,0.04,12.243,0.03,,,11.175,0.02,10.721,0.022,10.619,0.017,4902,58,58,2.202,0.112,0.096,-1.144,0.12,0.12,11.91,1.355,1.407,0.875,0.017,0.046,4.70E-04,2.33E-04,1.18E-04,2976,387.8,388.8,0.036,0.008,0.013,,,
6638,6638,6638,212119831,09 00 14.821,+22 24 47.01,1,14.598,,,563-046912,09001483+2224470,5038-301-4-0062-0129,STAR,gri,lam,-2.7,2.9,3,2.2,,,15.597,0.03,14.815,0.02,,,15.198,0.05,14.51,0.05,14.341,0.07,,,13.304,0.022,12.917,0.023,12.781,0.025,5249,126,158,4.564,0.025,0.035,-0.091,0.1,0.12,0.797,0.055,0.043,0.85,0.052,0.043,1.649,0.201,0.213,595.4,62.27,47.36,0.033,0.008,0.008,,,
6639,6639,6639,212119889,08 31 30.426,+22 24 51.70,1,10.455,,1391-826-1,563-045771,08313042+2224517,,STAR,gri,plx,-3.3,1.5,-20,1.6,,,11.127,0.07,10.464,0.052,,,10.756,0.03,10.424,0.04,10.326,0.06,,,9.608,0.022,9.392,0.025,9.34,0.019,6380,128,154,4.222,0.07,0.098,-0.036,0.15,0.24,1.413,0.148,0.112,1.239,0.08,0.112,0.408,0.112,0.117,243.5,24.97,24.97,0.026,0.008,0.006,,,
6640,6640,6640,212120007,09 00 16.950,+22 24 58.80,1,15.644,,,563-046915,09001695+2224588,5038-301-4-0062-0132,STAR,gri,rpm,-2.1,3.1,-2.1,3.3,,,16.577,0.11,15.842,0.11,,,16.192,0.07,15.576,0.05,15.409,0.07,,,14.237,0.028,13.827,0.024,13.719,0.039,5354,160,128,4.539,0.048,0.152,-0.276,0.25,0.35,0.817,0.196,0.07,0.858,0.069,0.081,1.546,0.313,0.553,970.7,377.9,107.6,0.033,0.008,0.007,,,
6641,6641,6641,212120026,08 53 57.509,+22 25 00.30,1,12.858,,,563-046696,08535750+2225003,,STAR,gri,rpm,-44.5,1.4,-14.6,1.6,,,14.527,0.03,13.33,0.02,,,13.978,0.03,12.835,0.02,12.378,0.03,,,11.041,0.023,10.409,0.021,10.25,0.019,4203,84,50,4.78,0.02,0.03,-0.215,0.22,0.06,0.504,0.043,0.01,0.565,0.047,0.013,4.38,0.263,0.591,103.1,30.94,11.88,0.016,0.003,0.001,,,
6642,6642,6642,212120137,08 53 32.285,+22 25 07.20,1,14.144,,,563-046685,08533227+2225073,,STAR,gri,rpm,9.3,1.9,-13.3,2.2,,,15.147,0.03,14.377,0.038,,,14.729,0.02,14.105,0.03,13.893,0.04,,,12.892,0.026,12.439,0.026,12.347,0.025,5254,103,103,4.533,0.055,1.199,-0.436,0.3,0.48,0.842,2.511,0.109,0.869,0.053,0.096,1.427,0.454,1.404,534.5,1395,77.47,0.032,0.011,0.005,,,
6643,6643,6643,212120196,08 57 29.450,+22 25 11.68,1,15.188,,,,08572945+2225116,5045-301-4-0159-0131,EXTENDED,gri,,-7,3,1,3,,,,,,,17.829,0.027,16.09,0.004,15.24,0.003,14.802,0.003,14.497,0.007,14.975,0.074,14.183,0.083,13.929,0.094,,,,,,,,,,,,,,,,,,,,,,,,,,,
6644,6644,6644,212120227,08 58 57.374,+22 25 14.50,1,12.669,,,563-046860,08585738+2225145,,STAR,gri,rpm,-29.2,3.2,-23.8,1.4,,,13.446,0.03,12.808,0.03,,,13.096,0.04,12.624,0.04,12.486,0.03,,,11.606,0.023,11.302,0.021,11.218,0.023,5831,140,140,4.4,0.084,0.126,-0.271,0.24,0.28,1.003,0.211,0.12,0.934,0.08,0.067,0.891,0.316,0.326,389,89.13,63.05,0.031,0.011,0.007,,,
6645,6645,6645,212120235,08 50 20.819,+22 25 15.38,1,12.38,,,563-046567,08502081+2225154,,STAR,gri,rpm,-10.8,1.2,-1.4,1.2,,,13.737,0.02,12.673,0.01,,,13.186,0.02,12.344,0.01,12.034,0.02,,,10.806,0.022,10.248,0.021,10.154,0.019,4747,57,57,2.522,0.476,0.204,-0.434,0.3,0.25,8.526,2.317,3.039,0.972,0.198,0.055,0.001,0.005,6.87E-04,1690,435.6,580.1,0.037,0.011,0.011,,,
6646,6646,6646,212120242,08 55 44.572,+22 25 16.19,1,10.419,,1400-1037-1,563-046758,08554457+2225162,,STAR,gri,rpm,-11.1,1.3,-12.6,1.4,,,10.71,0.054,10.484,0.059,,,10.626,0.05,10.35,0.04,10.309,0.04,,,9.665,0.022,9.542,0.021,9.449,0.02,6835,209,209,4.041,0.16,0.192,0.016,0.1,0.1,1.861,0.559,0.366,1.536,0.193,0.138,0.226,0.18,0.126,339.6,118.7,65.46,0.032,0.011,0.008,,,
6647,6647,6647,212120245,08 53 21.709,+22 25 16.40,1,18.045,,,,08532170+2225164,,STAR,JHK,rpm,4,3,14,4,,,,,,,,,,,,,,,,,15.504,0.079,14.795,0.09,14.517,0.101,4043,375,313,4.824,0.138,0.115,-0.172,0.2,0.28,0.436,0.119,0.125,0.474,0.122,0.147,5.531,4.627,2.198,602.8,254.6,207.8,0.033,0.008,0.007,,,
6648,6648,6648,212120252,08 35 11.237,+22 25 16.70,1,12.899,,,563-045940,08351123+2225167,,STAR,JHK,rpm,-13.9,1,-1.5,1.1,,,,,,,,,,,,,,,,,11.669,0.023,11.322,0.023,11.237,0.019,5699,226,180,4.347,0.135,0.486,-0.161,0.25,0.3,1.087,0.855,0.191,0.993,0.111,0.093,0.67,0.56,0.55,437,310.6,94.65,0.032,0.008,0.007,,,
6649,6649,6649,212120283,08 51 14.863,+22 25 19.10,1,15.733,,,563-046598,08511485+2225192,5038-301-6-0050-0122,STAR,JHK,rpm,30.9,4.8,-14.3,4.6,,,,,,,,,,,,,,,,,13.386,0.025,12.726,0.022,12.497,0.022,3867,146,146,4.874,0.081,0.054,-0.024,0.15,0.21,0.399,0.058,0.081,0.448,0.068,0.102,6.612,3.629,1.299,208.2,37.54,54.57,0.025,0.008,0.006,,,
6650,6650,6650,212120301,08 26 36.700,+22 25 20.50,1,16.215,,,563-045551,08263671+2225202,,STAR,JHK,rpm,-1.1,3.4,-1.1,3.5,,,,,,,,,,,,,,,,,14.117,0.058,13.535,0.073,13.305,0.066,4679,418,585,4.628,0.17,0.272,-0.153,0.2,0.36,0.647,0.338,0.191,0.706,0.15,0.2,2.301,2.507,1.351,631.4,1455,264.7,0.033,0.01,0.008,,,
6651,6651,6651,212120319,08 31 37.694,+22 25 22.17,1,13.802,,,563-045779,08313769+2225224,,STAR,JHK,rpm,46.6,2.1,-60.5,2.4,,,,,,,,,,,,,,,,,11.637,0.022,11.062,0.025,10.805,0.021,3597,105,126,5,0.054,0.045,0.041,0.15,0.15,0.277,0.039,0.047,0.292,0.053,0.064,12.95,4.122,3.127,67.73,19.12,8.412,0.012,0.006,0.004,,,
6652,6652,6652,212120330,09 06 27.273,+22 25 22.89,1,12.864,,,563-047116,09062726+2225227,,STAR,gri,rpm,-25.9,1.5,-17.1,2.7,,,13.595,0.06,13.019,0.08,,,13.22,0.06,12.847,0.04,12.711,0.04,,,11.879,0.024,11.54,0.031,11.536,0.023,5950,175,175,4.384,0.085,0.289,-0.492,0.36,0.42,1.008,0.412,0.134,0.896,0.113,0.071,0.86,0.327,0.533,455.2,204,76.93,0.031,0.007,0.007,,,
6653,6653,6653,212120343,08 52 20.234,+22 25 23.66,1,12.799,,,563-046633,08522023+2225237,,STAR,gri,rpm,9.4,1.2,-22.9,1.4,,,14.287,0.02,13.176,0.032,,,13.771,0.02,12.736,0.02,12.382,0.02,,,11.133,0.022,10.633,0.021,10.483,0.018,4540,45,45,4.639,0.02,0.02,0.228,0.05,0.14,0.687,0.014,0.014,0.748,0.015,0.015,2.303,0.138,0.138,148.2,32.8,4.447,0.027,0.001,0.004,,,
6654,6654,6654,212120390,09 05 15.447,+22 25 26.70,1,12.143,,,563-047072,09051544+2225266,,STAR,gri,lam,0.3,2.1,-6.2,2.4,,,12.97,0.07,12.326,0.08,,,12.571,0.05,12.129,0.05,11.959,0.03,,,11.084,0.023,10.848,0.022,10.763,0.019,5975,119,119,4.123,0.192,0.144,-0.006,0.1,0.1,1.491,0.324,0.333,1.131,0.115,0.096,0.312,0.283,0.12,471.8,86.35,111.2,0.033,0.007,0.007,,,
6655,6655,6655,212120399,08 51 14.504,+22 25 27.22,1,17.595,,,,08511450+2225272,5038-301-6-0050-0123,STAR,gri,rpm,26,3,-42,3,,,,,,,21.767,0.129,19.561,0.012,18.202,0.007,16.753,0.005,15.931,0.007,14.448,0.031,13.77,0.034,13.533,0.036,3825,78,125,4.942,0.045,0.045,-0.19,0.18,0.12,0.338,0.039,0.04,0.376,0.041,0.057,9.015,2.387,1.602,278.3,33.96,41.43,0.029,0.007,0.007,,,
6656,6656,6656,212120407,08 29 44.344,+22 25 27.71,1,15.696,,,563-045690,08294436+2225279,,STAR,J,,21.7,4.1,4.5,4.1,,,,,,,,,,,,,,,,,14.328,0.092,,,,,,,,,,,,,,,,,,,,,,,,,,,,,,,
6657,6657,6657,212120491,08 57 13.905,+22 25 32.96,1,14.153,,,563-046808,08571388+2225333,5045-301-4-0158-0223,STAR,JHK,rpm,151,8,-160,8,,,,,,,,,,,,,,,,,12.366,0.02,11.878,0.02,11.649,0.017,3561,406,406,5.071,0.11,0.132,-0.206,0.25,0.45,0.216,0.101,0.069,0.209,0.145,0.081,17.86,15.78,8.377,66.11,35.11,22.93,0.012,0.005,0.005,,,
6658,6658,6658,212120559,08 54 43.294,+22 25 36.82,1,16.599,,,,08544329+2225368,5045-301-5-0155-0111,EXTENDED,gri,,3,3,5,3,,,,,,,18.677,0.033,17.354,0.006,16.686,0.005,16.275,0.006,16.038,0.013,16.142,0.106,15.278,0.125,15.135,0.132,,,,,,,,,,,,,,,,,,,,,,,,,,,
6659,6659,6659,212120603,08 57 47.018,+22 25 40.15,1,18.158,,,,08574701+2225401,5045-301-4-0159-0225,STAR,gri,rpm,7,3,-92,3,,,,,,,22.869,0.384,20.012,0.017,18.518,0.009,17.363,0.006,16.753,0.011,15.41,0.048,14.884,0.054,14.565,0.073,3312,33,33,5.136,0.02,0.02,-0.049,0.08,0.06,0.176,0.004,0.008,0.153,0.007,0.006,28.24,2.37,1.694,170.7,19.78,6.478,0.02,0.007,0.005,,,
6660,6660,6660,212120610,08 57 48.012,+22 25 40.53,1,15.184,,,563-046825,08574800+2225407,,STAR,JHK,col,,,,,,,,,,,,,,,,,,,,,13.264,0.021,12.685,0.024,12.505,0.024,3771,180,150,4.956,0.07,0.084,-0.137,0.2,0.32,0.318,0.065,0.064,0.352,0.083,0.1,9.389,4.822,2.742,151.4,37.02,34.95,0.021,0.007,0.006,,,
6661,6661,6661,212120625,08 33 40.110,+22 25 41.79,1,15.547,,,,08334011+2225417,,STAR,JHK,col,,,,,,,,,,,,,,,,,,,,,13.332,0.023,12.715,0.023,12.485,0.024,3711,146,175,4.968,0.08,0.08,-0.067,0.15,0.21,0.304,0.071,0.077,0.336,0.092,0.111,10.56,6.333,3.421,148.5,42.81,44.34,0.019,0.008,0.006,,,
6662,6662,6662,212120723,08 34 16.500,+22 25 47.79,1,12.538,,,563-045894,08341650+2225478,,STAR,JHK,rpm,-1.3,0.9,-13.3,1,,,,,,,,,,,,,,,,,11.374,0.021,11.069,0.023,10.996,0.02,5972,176,211,4.258,0.175,0.315,-0.112,0.2,0.28,1.241,0.559,0.302,1.071,0.132,0.132,0.478,0.516,0.298,457.1,190.4,115.1,0.032,0.007,0.006,,,
6663,6663,6663,212120732,08 54 01.330,+22 25 48.18,1,16.417,,,,08540133+2225481,5045-301-5-0154-0189,EXTENDED,gri,,-8,3,2,3,,,,,,,19.376,0.046,17.362,0.005,16.437,0.004,16.012,0.004,15.727,0.008,15.307,0.062,14.614,0.079,14.252,0.078,,,,,,,,,,,,,,,,,,,,,,,,,,,
6664,6664,6664,212120746,08 50 31.237,+22 25 49.36,1,18.889,,,,08503123+2225493,,STAR,JHK,col,,,,,,,,,,,,,,,,,,,,,16.421,0.11,15.71,0.145,15.485,0.156,3917,555,396,4.896,0.15,0.18,-0.254,0.25,0.35,0.357,0.161,0.129,0.418,0.183,0.183,6.593,10.04,3.545,802.1,560,377.2,0.032,0.01,0.007,,,
6665,6665,6665,212120780,08 33 02.490,+22 25 51.39,1,16.288,,,,08330248+2225513,,STAR,JHK,col,,,,,,,,,,,,,,,,,,,,,14.312,0.025,13.732,0.03,13.536,0.03,3759,221,184,4.955,0.08,0.08,-0.113,0.16,0.28,0.308,0.078,0.073,0.33,0.118,0.098,9.986,6.435,3.388,240.7,77.32,68.39,0.025,0.008,0.007,,,
6666,6666,6666,212120788,08 33 05.841,+22 25 52.05,1,11.193,,1398-954-1,563-045846,08330584+2225520,,STAR,BV,plx,-15.4,1.6,1.6,1.7,,,11.656,0.098,11.234,0.11,,,,,,,,,,,10.376,0.022,10.148,0.021,10.108,0.018,6330,189,189,4.147,0.12,0.144,-0.075,0.15,0.21,1.493,0.342,0.205,1.237,0.129,0.129,0.346,0.178,0.152,378.8,82.25,82.25,0.03,0.01,0.007,,,
6667,6667,6667,212120875,08 28 07.374,+22 25 57.55,1,13.29,,,563-045621,08280737+2225575,,STAR,gri,rpm,-4,1.8,-6.4,1.8,,,14.62,0.03,13.554,0.033,,,14.059,0.034,13.214,0.042,12.961,0.063,,,11.772,0.022,11.199,0.02,11.126,0.018,4789,76,95,2.705,0.648,0.432,-0.358,0.25,0.35,6.86,3.428,3.273,0.963,0.181,0.082,0.003,0.017,0.002,2227,1052,1028,0.033,0.011,0.007,,,
6668,6668,6668,212120880,08 51 27.485,+22 25 58.00,1,16.186,,,,08512748+2225580,5038-301-6-0050-0165,EXTENDED,gri,,4,1,6,4,,,,,,,18.937,0.034,17.114,0.005,16.208,0.004,15.789,0.004,15.469,0.008,15.056,0.061,14.364,0.067,14.055,0.078,,,,,,,,,,,,,,,,,,,,,,,,,,,
6669,6669,6669,212120896,09 06 16.739,+22 25 58.68,1,12.271,,,563-047108,09061673+2225585,,STAR,gri,lam,11.8,1.3,-7.2,1.6,,,13.036,0.06,12.444,0.07,,,12.658,0.05,12.267,0.05,12.105,0.03,,,11.291,0.022,11.012,0.031,10.945,0.023,6033,144,144,4.078,0.12,0.12,-0.125,0.12,0.15,1.584,0.256,0.26,1.136,0.102,0.122,0.277,0.152,0.098,539.7,97.32,97.36,0.032,0.011,0.006,,,
6670,6670,6670,212120940,08 59 25.984,+22 26 02.28,1,15.253,,,563-046882,08592599+2226022,5038-301-4-0061-0153,STAR,gri,lam,0.9,3.1,-5.7,3.3,,,16.268,0.03,15.458,0.04,,,15.878,0.05,15.173,0.05,14.985,0.07,,,14.002,0.027,13.543,0.027,13.463,0.034,5371,130,163,4.51,0.036,0.042,0.089,0.12,0.12,0.881,0.06,0.047,0.921,0.039,0.039,1.321,0.178,0.186,923.8,96.61,73.49,0.034,0.008,0.008,,,
6671,6671,6671,212120997,08 33 26.884,+22 26 05.39,1,14.705,,,563-045865,08332688+2226054,4508-301-3-0105-0122,STAR,JHK,rpm,-18.5,2,-1.5,2.3,,,,,,,,,,,,,,,,,12.93,0.025,12.297,0.029,12.217,0.02,4460,164,219,4.68,0.07,0.035,-0.06,0.15,0.21,0.62,0.049,0.087,0.674,0.059,0.095,2.837,0.99,0.466,316,41.01,62.31,0.029,0.011,0.007,,,
6672,6672,6672,212121117,09 00 06.705,+22 26 13.83,1,13.867,,,563-046905,09000671+2226138,,STAR,gri,lam,-17.5,6.6,-32.5,2.6,,,15.828,0.06,14.512,0.03,,,15.25,0.04,13.919,0.05,13.274,0.05,,,11.703,0.022,11.087,0.021,10.904,0.018,4066,130,162,4.852,0.055,0.066,-0.29,0.12,0.14,0.425,0.056,0.059,0.481,0.062,0.074,6,1.73,1.573,109,19.95,19.91,0.016,0.005,0.005,,,
6673,6673,6673,212121124,08 56 57.352,+22 26 14.33,1,13.259,,,563-046799,08565735+2226143,,STAR,gri,rpm,1.3,1.7,2.8,2.2,,,14.487,0.03,13.507,0.02,,,13.972,0.05,13.212,0.04,12.953,0.03,,,11.799,0.02,11.344,0.021,11.221,0.02,5010,80,80,3.315,0.32,0.896,-0.413,0.3,0.3,3.572,5.585,1.02,1.076,0.19,0.159,0.019,0.037,0.018,1314,1804,406.7,0.033,0.011,0.007,,,
6674,6674,6674,212121145,08 29 23.533,+22 26 15.22,1,16.36,,,563-045675,08292351+2226154,4508-301-4-0100-0244,STAR,JHK,rpm,55.2,3.9,-20,3.1,,,,,,,,,,,,,,,,,14.699,0.04,14.156,0.036,14.026,0.058,3759,424,265,4.982,0.08,0.08,-0.32,0.3,0.54,0.29,0.08,0.074,0.31,0.107,0.107,12.09,8.351,4.286,257,123.5,83.41,0.027,0.008,0.007,,,
6675,6675,6675,212121164,09 04 49.416,+22 26 16.99,1,14.199,,,563-047060,09044941+2226169,,STAR,gri,rpm,3.3,2.6,-3.5,3,,,15.277,0.06,14.488,0.06,,,14.823,0.07,14.173,0.03,13.931,0.03,,,12.817,0.022,12.342,0.024,12.285,0.024,5086,102,81,3.385,0.959,0.685,-0.591,0.4,0.4,2.922,3.197,2.026,0.918,0.17,0.071,0.026,0.648,0.023,1610,1618,1150,0.033,0.008,0.006,,,
6676,6676,6676,212121176,08 59 39.402,+22 26 17.78,1,15.356,,,563-046887,08593940+2226175,5038-301-4-0062-0024,STAR,gri,rpm,3.1,3.1,-5.4,3.3,,,16.265,0.05,15.523,0.03,,,15.874,0.06,15.307,0.06,15.134,0.05,,,14.22,0.026,13.846,0.033,13.717,0.039,5516,164,164,4.514,0.05,0.1,-0.293,0.25,0.3,0.856,0.151,0.082,0.88,0.068,0.082,1.33,0.325,0.471,1043,248.5,130.4,0.034,0.008,0.007,,,
6677,6677,6677,212121208,09 03 40.546,+22 26 20.15,1,10.323,,1400-2389-1,563-047025,09034054+2226200,,STAR,gri,rpm,-66.8,1.5,-24.9,1.5,,,11.236,0.1,10.64,0.081,,,10.859,0.03,10.312,0.04,10.093,0.03,,,9.22,0.06,8.806,0.02,8.78,0.02,5461,160,128,4.477,0.066,0.858,-0.2,0.25,0.75,0.913,1.435,0.107,0.91,0.099,0.074,1.197,0.363,1.132,113.2,163.8,16.19,0.019,0.011,0.005,,,
6678,6678,6678,212121221,08 53 28.377,+22 26 20.99,1,12.983,,,563-046681,08532837+2226210,,STAR,gri,rpm,-9.9,0.9,-6.5,1.1,,,13.831,0.04,13.136,0.02,,,13.44,0.03,12.924,0.02,12.787,0.04,,,11.914,0.023,11.628,0.021,11.541,0.02,5823,93,93,4.374,0.096,0.384,-0.069,0.16,0.2,1.072,0.605,0.117,1.024,0.134,0.042,0.825,0.25,0.617,476.8,255.3,50.87,0.033,0.011,0.006,,,
6679,6679,6679,212121232,09 03 11.036,+22 26 21.96,1,15.716,,,,09031103+2226219,5045-301-3-0167-0199,EXTENDED,gri,,3,2,-8,2,,,,,,,17.79,0.028,16.406,0.004,15.74,0.004,15.42,0.004,15.154,0.012,16.173,0.132,15.302,0.172,15.294,0.16,,,,,,,,,,,,,,,,,,,,,,,,,,,
6680,6680,6680,212121239,08 27 44.319,+22 26 22.71,1,10.52,,1391-205-1,563-045597,08274432+2226227,,STAR,gri,rpm,-4.3,1.8,3.2,1.9,,,12.839,0.536,10.651,0.088,,,11.579,0.03,10.459,0.04,10.067,0.06,,,8.74,0.029,8.117,0.029,7.965,0.031,4378,88,88,2.089,0.275,0.385,-0.087,0.25,0.25,16.127,7.748,4.498,1.254,0.24,0.171,2.61E-04,4.10E-04,1.91E-04,1167,432.6,315.6,0.035,0.011,0.008,,,
6681,6681,6681,212121311,08 56 32.383,+22 26 29.40,1,19.565,,,,,5038-301-5-0057-0105,STAR,gri,,3,3,2,3,,,,,,,20.698,0.054,19.762,0.013,19.499,0.014,19.391,0.019,19.211,0.047,,,,,,,,,,,,,,,,,,,,,,,,,,,,,,,,,
6682,6682,6682,212121349,08 56 08.004,+22 26 32.25,1,13.756,,,563-046774,08560800+2226322,,STAR,gri,rpm,4.3,3.3,-12.6,1.4,,,14.766,0.01,13.991,0.02,,,14.344,0.04,13.745,0.04,13.504,0.03,,,12.467,0.022,12.001,0.021,11.905,0.023,5194,83,124,3.299,1.064,0.76,-0.815,0.5,0.8,2.731,3.482,1.867,0.887,0.036,0.087,0.034,1.229,0.031,1308,1696,899.7,0.032,0.008,0.007,,,
6683,6683,6683,212121350,08 29 53.627,+22 26 32.26,1,9.866,41687,1391-482-1,563-045700,08295363+2226322,,STAR,gri,plx,-29.68,1.97,-13.74,1.26,4.43,1.59,10.29,0.036,9.833,0.033,,,10.337,0.03,9.769,0.04,9.664,0.06,,,8.939,0.023,8.72,0.023,8.781,0.02,5955,118,118,3.976,0.045,0.054,0.124,0.12,0.15,1.929,0.114,0.129,1.313,0.069,0.111,0.179,0.031,0.032,225.6,13.66,13.66,0.026,0.006,0.007,,,
6684,6684,6684,212121363,08 56 18.971,+22 26 33.66,1,12.42,,,563-046779,08561896+2226335,,STAR,gri,lam,5.9,0.9,-9.8,1.7,,,13.085,0.03,12.543,0.02,,,12.766,0.05,12.397,0.04,12.272,0.04,,,11.426,0.023,11.135,0.022,11.11,0.02,6124,97,146,4.279,0.15,0.24,-0.809,0.15,0.12,1.052,0.382,0.185,0.853,0.033,0.052,0.626,0.437,0.358,402.1,120.7,79.01,0.031,0.008,0.007,,,
6685,6685,6685,212121379,08 56 36.347,+22 26 35.11,1,10.416,,1400-1539-1,563-046789,08563635+2226352,,STAR,gri,,-4.9,1.6,3.6,1.6,,,11.67,0.157,10.528,0.072,,,11.167,0.05,10.373,0.03,10.095,0.03,,,8.944,0.024,,,8.366,0.024,,,,,,,,,,,,,,,,,,,,,,,,,,,
6686,6686,6686,212121388,08 57 22.416,+22 26 35.56,1,14.671,,,563-046811,,,EXTENDED,gri,,0.5,3.3,6.6,3.5,,,16.162,0.07,15.073,0.02,,,15.596,0.05,14.708,0.05,14.275,0.07,,,,,,,,,,,,,,,,,,,,,,,,,,,,,,,,,,,
6687,6687,6687,212121401,08 29 59.196,+22 26 36.42,1,11.687,,1391-366-1,563-045706,08295920+2226363,,STAR,gri,plx,-22.9,1.7,-39.8,1.8,,,11.922,0.13,11.695,0.167,,,12.071,0.03,11.659,0.04,11.523,0.06,,,10.727,0.023,10.46,0.021,10.415,0.023,6086,123,123,4.282,0.105,0.168,-0.108,0.2,0.28,1.228,0.281,0.149,1.115,0.083,0.133,0.554,0.247,0.247,318.7,63.11,63.11,0.03,0.01,0.008,,,
6688,6688,6688,212121526,09 00 37.415,+22 26 45.75,1,12.376,,,563-046928,09003741+2226457,,STAR,gri,rpm,-14.7,6.4,-33.2,2.8,,,13.203,0.04,12.548,0.02,,,12.81,0.06,12.371,0.05,12.191,0.06,,,11.343,0.022,10.993,0.021,10.966,0.019,5776,170,170,4.434,0.065,0.208,-0.256,0.25,0.3,0.971,0.395,0.099,0.926,0.084,0.07,1.028,0.266,0.513,329.6,139.2,36.51,0.03,0.008,0.007,,,
6689,6689,6689,212121537,08 27 55.613,+22 26 46.55,1,13.147,,,563-045608,08275561+2226466,,STAR,gri,rpm,5.2,1.6,-23.7,1.6,,,14.31,0.02,13.412,0.033,,,13.852,0.033,13.131,0.042,12.845,0.063,,,11.744,0.021,11.297,0.023,11.129,0.016,5065,122,61,4.549,0.048,1.32,-0.215,0.3,0.48,0.807,2.988,0.073,0.875,0.06,0.084,1.601,0.324,1.585,291,1008,35.21,0.03,0.008,0.008,,,
6690,6690,6690,212121587,08 58 22.528,+22 26 50.50,1,17.81,,,,08582252+2226504,5045-301-4-0160-0020,EXTENDED,gri,,1,3,2,3,,,,,,,19.964,0.066,18.559,0.009,17.857,0.008,17.489,0.008,17.253,0.026,16.52,0.126,16.184,0.203,,,,,,,,,,,,,,,,,,,,,,,,,,,,,
6691,6691,6691,212121618,08 32 12.106,+22 26 53.26,1,19.04,,,,08321210+2226532,4508-301-3-0104-0390,STAR,gri,rpm,-40,17,-21,17,,,,,,,23.038,0.358,21.349,0.041,19.768,0.017,18.05,0.008,17.116,0.011,15.49,0.064,15.004,0.073,14.672,0.075,2981,29,29,5.203,0.02,0.02,0.033,0.1,0.08,0.144,0.003,0.003,0.121,0.002,0.003,40.44,2.427,2.427,130.1,4.697,3.904,0.018,0.004,0.005,,,
6692,6692,6692,212121625,08 57 22.733,+22 26 53.66,1,17.586,,,,08572273+2226536,5045-301-4-0158-0094,STAR,gri,rpm,30,7,177,7,,,,,,,21.856,0.166,19.535,0.013,18.091,0.007,16.751,0.005,16.068,0.007,14.741,0.034,14.053,0.038,13.868,0.045,3221,52,39,5.159,0.02,0.02,-0.031,0.08,0.1,0.163,0.006,0.005,0.141,0.006,0.006,31.97,2.763,2.543,87.2,4.32,19.67,0.015,0.005,0.005,,,
6693,6693,6693,212121686,08 56 42.144,+22 26 57.18,1,19.699,,,,,5038-301-5-0057-0267,STAR,gri,,,,,,,,,,,,20.153,0.038,19.631,0.013,19.722,0.017,19.609,0.024,19.33,0.052,,,,,,,,,,,,,,,,,,,,,,,,,,,,,,,,,
6694,6694,6694,212121709,08 57 41.535,+22 26 59.08,1,18.286,,,,08574153+2226590,,STAR,J,,,,,,,,,,,,,,,,,,,,,,16.73,0.172,,,,,,,,,,,,,,,,,,,,,,,,,,,,,,,
6695,6695,6695,212121716,08 50 42.865,+22 26 59.36,1,17.708,,,,08504286+2226593,5045-301-6-0149-0194,EXTENDED,gri,,3,3,0,3,,,,,,,18.7,0.022,17.923,0.006,17.637,0.006,17.28,0.007,17.168,0.018,16.41,0.111,15.848,0.149,15.225,0.13,,,,,,,,,,,,,,,,,,,,,,,,,,,
6696,6696,6696,212121728,09 04 18.750,+22 27 00.37,1,15.249,,,563-047046,09041871+2227003,5038-301-3-0068-0055,EXTENDED,gri,,4.5,4.2,2,4.4,,,16.686,0.02,15.646,0.02,,,16.062,0.08,15.281,0.08,14.901,0.05,,,13.961,0.051,13.224,0.057,13.075,0.057,,,,,,,,,,,,,,,,,,,,,,,,,,,
6697,6697,6697,212121760,08 53 29.596,+22 27 03.37,1,13.973,,,563-046682,08532959+2227034,,STAR,gri,rpm,2.5,1.9,-11.3,2,,,15.186,0.04,14.253,0.01,,,14.698,0.03,13.911,0.02,13.663,0.01,,,12.622,0.023,12.162,0.024,12.075,0.018,5007,98,79,4.585,0.025,0.87,-0.081,0.15,0.21,0.765,1.739,0.044,0.837,0.225,0.075,1.818,0.199,1.743,397.5,897.6,28.57,0.033,0.005,0.007,,,
6698,6698,6698,212121771,08 52 23.098,+22 27 04.44,1,10.126,,1399-994-1,563-046636,08522308+2227044,,STAR,gri,rpm,6.7,1.5,0.2,1.5,,,11.416,0.104,10.439,0.062,,,10.977,0.03,10.087,0.02,9.761,0.02,,,8.517,0.019,7.998,0.036,7.862,0.027,4704,56,56,2.445,0.154,0.11,-0.137,0.15,0.15,11.181,1.164,1.447,1.34,0.338,0.211,9.10E-04,5.87E-04,2.43E-04,772.1,76.44,82.7,0.034,0.01,0.007,,,
6699,6699,6699,212121778,08 59 36.247,+22 27 04.86,1,17.425,,,,08593624+2227048,5038-301-4-0061-0307,EXTENDED,gri,,1,3,-1,3,,,,,,,20.346,0.108,18.46,0.011,17.441,0.008,16.981,0.008,16.601,0.02,16.598,0.135,15.696,0.116,15.4,0.148,,,,,,,,,,,,,,,,,,,,,,,,,,,
6700,6700,6700,212121806,08 28 44.499,+22 27 06.97,1,11.545,,,563-045651,08284450+2227069,,STAR,gri,rpm,-17.8,0.9,-18.9,0.6,,,12.791,0.041,11.834,0.03,,,12.292,0.03,11.515,0.04,11.225,0.06,,,10.084,0.021,9.591,0.024,9.479,0.022,4923,80,60,3.353,0.33,0.55,-0.27,0.25,0.3,3.402,2.488,0.988,1.033,0.188,0.134,0.026,0.043,0.021,516.7,368.1,147.5,0.032,0.01,0.01,,,
6701,6701,6701,212121912,08 29 45.261,+22 27 14.58,1,13.351,,,563-045693,08294525+2227146,,STAR,gri,rpm,15.9,1.2,-34.9,1.5,,,14.487,0.02,13.566,0.033,,,13.988,0.034,13.251,0.042,13.077,0.064,,,12.013,0.023,11.597,0.027,11.489,0.018,5174,103,82,4.568,0.025,0.045,-0.066,0.15,0.18,0.795,0.051,0.057,0.848,0.043,0.06,1.657,0.272,0.234,322.8,25,26.91,0.031,0.007,0.007,,,
6702,6702,6702,212121919,09 03 27.751,+22 27 14.88,1,17.349,,,,09032775+2227148,5045-301-3-0167-0244,STAR,gri,rpm,15,3,-63,3,,,,,,,20.654,0.065,18.43,0.007,17.339,0.005,16.886,0.005,16.617,0.01,15.474,0.045,14.757,0.047,14.699,0.08,4264,42,42,4.908,0.077,0.055,-0.863,0.24,0.36,0.373,0.051,0.058,0.423,0.059,0.069,7.892,3.179,1.987,562.6,61.13,92.92,0.036,0.007,0.008,,,
6703,6703,6703,212122018,08 59 39.122,+22 27 22.05,1,15.78,,,563-046886,08593913+2227216,5038-301-4-0062-0167,STAR,JHK,rpm,-22.2,6.5,-33.8,6.2,,,,,,,,,,,,,,,,,13.824,0.025,13.225,0.026,13.054,0.028,3861,214,153,4.912,0.084,0.07,-0.177,0.24,0.32,0.366,0.07,0.08,0.408,0.088,0.105,7.809,3.848,2.217,230.5,67.54,59.7,0.025,0.007,0.007,,,
6704,6704,6704,212122019,08 55 25.972,+22 27 22.18,1,14.755,,,563-046743,08552597+2227222,,STAR,gri,rpm,-16.4,2.2,-20,2.3,,,15.852,0.03,14.963,0.06,,,15.368,0.05,14.703,0.02,14.492,0.08,,,13.479,0.024,13.016,0.026,12.976,0.028,5193,124,124,4.585,0.035,0.049,-0.273,0.25,0.25,0.749,0.071,0.056,0.785,0.061,0.061,1.838,0.297,0.302,600.2,65.53,70.18,0.03,0.008,0.006,,,
6705,6705,6705,212122107,08 57 32.013,+22 27 27.81,1,16.572,,,,,5045-301-4-0159-0164,EXTENDED,gri,,-9,4,2,4,,,,,,,18.171,0.037,17.043,0.005,16.631,0.005,16.37,0.006,16.231,0.021,,,,,,,,,,,,,,,,,,,,,,,,,,,,,,,,,
6706,6706,6706,212122190,08 35 43.087,+22 27 33.02,1,12.02,,1398-1111-1,563-045957,08354309+2227329,,STAR,BV,rpm,12.6,1.8,-4.5,1.9,,,12.247,0.196,11.996,0.215,,,,,,,,,,,10.941,0.029,10.697,0.022,10.637,0.019,6217,190,190,4.151,0.192,0.192,-0.11,0.12,0.18,1.415,0.529,0.27,1.169,0.182,0.114,0.342,0.302,0.182,438.8,149.3,95.04,0.032,0.007,0.007,,,
6707,6707,6707,212122247,08 34 05.063,+22 27 36.21,1,10.036,,1398-1414-1,563-045887,08340506+2227361,,STAR,BV,rpm,-3.3,1.6,-2.5,1.6,,,11.686,0.165,10.308,0.053,,,,,,,,,,,7.99,0.035,7.288,0.023,7.13,0.027,4272,102,128,1.723,0.245,0.343,-0.242,0.25,0.3,24.868,8.462,6.314,1.204,0.243,0.202,7.35E-05,8.92E-05,4.94E-05,1172,356.1,232.5,0.034,0.01,0.007,,,
6708,6708,6708,212122281,09 00 41.376,+22 27 38.46,1,11.928,,1400-975-1,563-046931,09004135+2227387,,STAR,gri,lam,-7.1,2.2,-12.4,2.2,,,12.238,0.216,12.038,0.236,,,12.212,0.06,11.911,0.06,11.807,0.04,,,11.071,0.022,10.859,0.019,10.813,0.019,6345,156,156,4.168,0.11,0.154,-0.079,0.1,0.12,1.498,0.33,0.229,1.238,0.12,0.12,0.343,0.159,0.141,499.3,98.24,82.09,0.032,0.008,0.007,,,
6709,6709,6709,212122349,08 28 26.820,+22 27 43.02,1,10.575,,1391-204-1,563-045637,08282681+2227430,,STAR,gri,plx,5.3,1.6,-10.2,1.7,,,12.12,0.238,11.032,0.099,,,11.453,0.03,10.537,0.04,10.198,0.06,,,9.015,0.029,8.431,0.017,8.308,0.019,4649,74,74,2.422,0.125,0.15,-0.143,0.15,0.21,11.21,1.543,1.356,1.223,0.24,0.171,8.03E-04,3.98E-04,3.08E-04,1055,348.7,348.7,0.034,0.01,0.007,,,
6710,6710,6710,212122395,08 28 47.160,+22 27 46.09,1,12.738,,,563-045652,08284716+2227462,,STAR,gri,rpm,-8.9,1.7,-2.6,1.9,,,14.497,0.02,13.164,0.032,,,13.849,0.033,12.719,0.041,12.262,0.061,,,10.8,0.022,10.099,0.024,9.936,0.018,4173,66,41,1.269,0.188,0.02,-0.578,0.21,0.09,37.664,0.753,7.246,0.958,0.019,0.019,1.79E-05,1.65E-05,1.07E-06,6394,191.8,1855,0.033,0.002,0.004,,,
6711,6711,6711,212122469,08 32 45.075,+22 27 50.62,1,18.859,,,,08324507+2227506,,STAR,JHK,col,,,,,,,,,,,,,,,,,,,,,16.322,0.105,15.573,0.109,15.34,0.154,3983,448,373,4.872,0.145,0.145,-0.254,0.25,0.35,0.387,0.147,0.141,0.432,0.157,0.189,6.518,7.807,3.136,770.4,447.8,325.9,0.032,0.01,0.007,,,
6712,6712,6712,212122499,08 29 51.820,+22 27 52.61,1,11.016,,1391-397-1,563-045699,08295182+2227526,,STAR,gri,rpm,1.8,1.3,-18,1.3,,,11.237,0.073,10.97,0.084,,,11.178,0.03,10.963,0.04,10.932,0.06,,,10.293,0.022,10.152,0.021,10.106,0.018,6862,169,169,4.157,0.095,0.171,-0.027,0.12,0.12,1.633,0.452,0.207,1.473,0.137,0.114,0.315,0.135,0.149,407.7,108.4,55.86,0.032,0.01,0.008,,,
6713,6713,6713,212122503,08 56 22.511,+22 27 52.87,1,14.26,,,563-046784,08562252+2227527,,STAR,gri,rpm,-22.5,3.2,1.5,1.2,,,15.538,0.03,14.576,0.02,,,15.037,0.06,14.21,0.05,13.927,0.05,,,12.782,0.021,12.273,0.021,12.226,0.018,4936,98,117,4.605,0.035,0.025,-0.123,0.15,0.21,0.727,0.045,0.05,0.773,0.059,0.059,2.016,0.353,0.219,393.8,33.05,36.3,0.03,0.011,0.006,,,
6714,6714,6714,212122512,08 29 37.522,+22 27 53.59,1,14.353,,,563-045687,08293751+2227536,,STAR,gri,rpm,-4.4,2,-11.7,2.6,,,15.357,0.05,14.313,0.038,,,15.007,0.04,14.359,0.048,14.072,0.073,,,13.152,0.023,12.745,0.027,12.65,0.025,5336,126,126,4.542,0.04,0.072,-0.137,0.16,0.4,0.827,0.107,0.08,0.879,0.054,0.086,1.5,0.303,0.423,595.8,143.3,67.23,0.034,0.01,0.008,,,
6715,6715,6715,212122522,09 03 16.780,+22 27 54.09,1,18.309,,,,,5045-301-3-0167-0359,EXTENDED,gri,,,,,,,,,,,,19.89,0.099,18.702,0.016,18.346,0.021,18.141,0.024,18.099,0.091,,,,,,,,,,,,,,,,,,,,,,,,,,,,,,,,,
6716,6716,6716,212122525,08 27 25.483,+22 27 54.49,1,11.758,,,563-045584,08272548+2227545,,STAR,gri,rpm,-0.6,0.9,-3.3,0.7,,,13.053,0.041,12.021,0.03,,,12.526,0.031,11.717,0.04,11.428,0.06,,,10.271,0.022,9.803,0.022,9.637,0.022,4882,79,79,2.496,0.777,0.126,-0.305,0.2,0.2,10.273,0.785,5.967,1.165,0.267,0.167,0.001,0.015,2.51E-04,1611,153.8,901.9,0.035,0.01,0.007,,,
6717,6717,6717,212122550,08 50 16.604,+22 27 56.17,1,15.247,,,563-046562,08501660+2227562,4569-301-2-0141-0058,STAR,gri,rpm,-2.4,2.4,-6.3,2.4,,,16.366,0.05,15.591,0.02,,,15.952,0.02,15.303,0.05,14.945,0.09,,,13.767,0.026,13.239,0.037,13.167,0.023,5056,140,80,3.437,1.182,0.985,-0.668,0.45,0.63,2.749,5.253,2.133,0.862,0.066,0.105,0.027,1.443,0.026,2249,4046,1717,0.032,0.01,0.007,,,
6718,6718,6718,212122576,08 57 41.685,+22 27 57.84,1,17.338,,,,08574168+2227578,5045-301-4-0159-0220,EXTENDED,gri,,-5,3,-7,3,,,,,,,20.057,0.09,18.312,0.009,17.355,0.007,16.921,0.007,16.576,0.019,16.284,0.129,15.517,0.128,,,,,,,,,,,,,,,,,,,,,,,,,,,,,
6719,6719,6719,212122663,08 35 14.311,+22 28 03.66,1,17.135,,,,08351431+2228036,4517-301-2-0116-0247,EXTENDED,gri,,434,135,230,39.1,,,,,,,20.461,0.2,18.136,0.012,17.213,0.008,16.706,0.007,16.284,0.016,16.04,0.112,15.589,0.127,15.196,0.148,,,,,,,,,,,,,,,,,,,,,,,,,,,
6720,6720,6720,212122727,09 00 30.008,+22 28 08.05,1,8.597,44228,1400-610-1,563-046925,09003001+2228080,,STAR,gri,plx,36.67,2,8.55,2,12.46,1.83,8.905,0.019,8.343,0.015,,,9.701,0.03,8.812,0.05,8.124,0.01,,,7.16,0.023,6.894,0.033,6.831,0.016,6119,243,195,4.126,0.135,0.135,-0.085,0.16,0.28,1.449,0.326,0.196,1.173,0.11,0.153,0.334,0.19,0.139,80.26,11.79,11.79,0.013,0.004,0.002,,,
6721,6721,6721,212122761,08 26 17.020,+22 28 11.44,1,14.628,,,563-045534,08261702+2228113,,STAR,gri,rpm,-0.6,2.9,-4.3,3.3,,,16.155,0.1,15.052,0.046,,,15.547,0.045,14.625,0.051,14.234,0.075,,,12.998,0.021,12.319,0.022,12.202,0.021,4497,72,72,2.562,2.016,1.512,-0.331,0.25,1,8.102,22.916,7.68,0.763,0.132,0.132,0.001,2.856,0.001,4128,15380,3888,0.032,0.013,0.008,,,
6722,6722,6722,212122772,08 51 59.733,+22 28 12.11,1,18.579,,,,,5038-301-6-0051-0597,EXTENDED,gri,,-19,6,-2,6,,,,,,,20.225,0.164,18.986,0.025,18.665,0.031,18.405,0.04,18.302,0.132,,,,,,,,,,,,,,,,,,,,,,,,,,,,,,,,,
6723,6723,6723,212122837,08 31 06.491,+22 28 17.11,1,18.209,,,,08310649+2228171,4517-301-3-0111-0207,EXTENDED,gri,,2,3,-8,3,,,,,,,21.17,0.157,19.432,0.017,18.199,0.009,17.685,0.008,17.308,0.019,16.413,0.136,15.777,0.158,15.056,0.138,,,,,,,,,,,,,,,,,,,,,,,,,,,
6724,6724,6724,212122851,08 56 13.439,+22 28 18.25,1,15.574,,,,08561343+2228182,,STAR,JHK,col,,,,,,,,,,,,,,,,,,,,,13.369,0.023,12.826,0.026,12.525,0.024,3426,157,220,5.084,0.07,0.07,0.004,0.15,0.21,0.197,0.056,0.037,0.183,0.073,0.049,21.21,9.802,6.704,81.95,33.81,20.5,0.014,0.006,0.005,,,
6725,6725,6725,212122907,08 33 28.767,+22 28 22.95,1,17.725,,,,08332876+2228229,,STAR,J,col,,,,,,,,,,,,,,,,,,,,,16.213,0.109,15.747,0.145,15.166,0.15,3785,720,327,4.965,0.12,0.24,-0.213,0.25,0.4,0.289,0.237,0.101,0.32,0.265,0.147,9.685,12.81,6.537,580.1,714.4,253.1,0.031,0.01,0.007,,,
6726,6726,6726,212122914,08 27 58.194,+22 28 23.39,1,17.913,,,,08275819+2228233,,STAR,J,col,,,,,,,,,,,,,,,,,,,,,16.386,0.108,15.843,0.156,15.314,0.123,3775,578,321,4.965,0.12,0.192,-0.204,0.25,0.35,0.306,0.203,0.106,0.316,0.231,0.144,11.15,11.35,6.976,561.6,546.6,242.9,0.032,0.008,0.008,,,
6727,6727,6727,212122919,09 00 35.910,+22 28 23.87,1,18.005,,,,09003591+2228238,,STAR,J,col,,,,,,,,,,,,,,,,,,,,,16.47,0.115,15.579,0.1,15.185,0.108,3853,349,349,4.923,0.14,0.14,-0.219,0.24,0.28,0.338,0.137,0.128,0.382,0.164,0.197,8.884,10.91,4.897,747.7,429.2,351.5,0.032,0.01,0.007,,,
6728,6728,6728,212122940,08 58 41.725,+22 28 25.59,1,14.355,,,563-046848,08584172+2228253,5045-301-4-0160-0059,STAR,gri,lam,6.7,3,-3.6,2.9,,,15.279,0.02,14.544,0.03,,,14.889,0.03,14.329,0.04,14.127,0.03,,,13.107,0.022,12.782,0.021,12.602,0.019,5526,165,132,4.502,0.035,0.049,-0.092,0.1,0.14,0.891,0.066,0.052,0.92,0.053,0.053,1.271,0.205,0.209,648.5,65.85,50.22,0.033,0.01,0.007,,,
6729,6729,6729,212123086,08 30 26.156,+22 28 36.86,1,16.963,,,,08302615+2228368,4508-301-4-0101-0231,STAR,gri,rpm,13,3,-44,3,,,,,,,18.823,0.02,17.561,0.005,16.958,0.005,16.707,0.006,16.595,0.009,15.558,0.06,15.165,0.076,15.122,0.115,5196,62,51,4.774,0.02,0.024,-2.147,0.56,0.08,0.519,0.016,0.01,0.582,0.014,0.012,4.155,0.249,0.295,1100,33,33,0.029,0.002,0.007,,,
6730,6730,6730,212123187,08 53 06.878,+22 28 43.55,1,17.692,,,,08530687+2228435,5038-301-6-0052-0367,STAR,gri,rpm,7,3,-42,3,,,,,,,21.64,0.117,19.063,0.009,17.689,0.006,17.105,0.006,16.761,0.01,15.563,0.052,15.051,0.073,14.762,0.078,3858,46,46,5.013,0.072,0.04,-0.482,0.12,0.15,0.275,0.044,0.058,0.287,0.059,0.071,13.28,5.916,2.731,370,56.78,75.56,0.032,0.007,0.007,,,
6731,6731,6731,212123247,08 53 54.441,+22 28 47.74,1,15.395,,,563-046695,08535443+2228476,5045-301-5-0154-0100,STAR,gri,rpm,-2.6,2.1,-1.3,2.3,,,16.361,0.19,15.624,0.05,,,15.993,0.05,15.429,0.04,15.139,0.12,,,14.264,0.029,13.848,0.028,13.709,0.037,5390,160,160,4.523,0.055,0.88,-0.326,0.25,0.55,0.829,1.513,0.087,0.851,0.075,0.075,1.443,0.374,1.374,1017,1791,137.4,0.034,0.008,0.007,,,
6732,6732,6732,212123250,08 55 58.940,+22 28 47.90,1,12.837,,,563-046766,08555895+2228477,,STAR,gri,rpm,-9.2,1.3,-11.2,1.1,,,13.985,0.02,13.093,0.03,,,13.514,0.05,12.812,0.05,12.547,0.04,,,11.479,0.027,11.04,0.03,10.957,0.028,5112,153,92,3.573,0.915,0.366,-0.453,0.42,0.35,2.763,0.744,1.925,0.94,0.238,0.054,0.048,1.232,0.031,843.1,255.1,571.5,0.032,0.008,0.007,,,
6733,6733,6733,212123262,08 30 28.275,+22 28 48.57,1,10.426,,1391-232-1,563-045726,08302828+2228487,,STAR,gri,plx,-8.5,1.3,-15.7,1.4,,,11.728,0.127,10.745,0.071,,,11.428,0.03,10.372,0.04,9.996,0.06,,,8.682,0.027,8.089,0.031,7.965,0.026,4513,71,71,2.396,0.155,0.155,0.062,0.12,0.18,11.852,2.105,1.788,1.294,0.193,0.161,7.05E-04,4.79E-04,2.85E-04,763.6,257.3,257.3,0.035,0.011,0.008,,,
6734,6734,6734,212123291,08 29 31.386,+22 28 51.00,1,17.716,,,,08293138+2228509,4508-301-4-0100-0313,EXTENDED,gri,,0,3,-2,3,,,,,,,20.381,0.1,18.737,0.012,17.747,0.008,17.278,0.007,16.99,0.019,16.248,0.097,15.74,0.143,15.343,0.158,,,,,,,,,,,,,,,,,,,,,,,,,,,
6735,6735,6735,212123326,08 27 44.342,+22 28 54.13,1,18.875,,,,,4335-301-1-0105-0523,EXTENDED,gri,,98,7,-126,7,,,,,,,20.934,0.226,19.324,0.031,18.841,0.028,18.683,0.036,19.136,0.201,,,,,,,,,,,,,,,,,,,,,,,,,,,,,,,,,
6736,6736,6736,212123385,08 52 52.277,+22 28 58.32,1,12.316,,,563-046656,08525227+2228583,,STAR,gri,rpm,-2.1,0.9,-8.1,1,,,13.654,0.03,12.588,0.03,,,13.106,0.03,12.249,0.03,11.978,0.03,,,10.787,0.022,10.261,0.023,10.16,0.019,4808,76,76,2.981,0.365,0.584,-0.184,0.25,0.25,5.188,4.473,1.515,1.154,0.229,0.191,0.006,0.015,0.005,1135,846.3,322.5,0.033,0.007,0.006,,,
6737,6737,6737,212123414,08 31 06.934,+22 29 00.72,1,14.162,,,563-045741,08310693+2229007,4517-301-3-0111-0041,STAR,gri,rpm,0.9,2,-5.6,1.6,,,15.145,0.04,14.399,0.039,,,14.74,0.038,14.109,0.046,13.914,0.071,,,12.919,0.023,12.486,0.029,12.416,0.021,5259,155,124,3.816,0.75,0.45,-0.335,0.3,0.6,2.055,1.204,1.29,0.905,0.18,0.056,0.087,1.697,0.065,1336,593.4,864.4,0.033,0.007,0.007,,,
6738,6738,6738,212123442,08 28 53.587,+22 29 02.80,1,18.335,,,,08285358+2229028,4508-301-4-0099-0216,STAR,gri,rpm,12,3,-65,3,,,,,,,21.519,0.113,19.32,0.011,18.309,0.008,17.913,0.008,17.68,0.016,16.576,0.124,16.034,0.184,15.824,0.211,4376,52,61,4.992,0.035,0.084,-1.619,0.36,0.12,0.311,0.077,0.04,0.352,0.087,0.062,11.53,2.986,3.913,849.9,158.8,133.8,0.039,0.001,0.01,,,
6739,6739,6739,212123444,08 52 53.922,+22 29 03.30,1,12.539,,,563-046659,08525392+2229033,,STAR,gri,rpm,-14.7,2.3,-4.7,1.3,,,13.863,0.02,12.867,0.01,,,13.375,0.03,12.479,0.01,12.181,0.03,,,11.036,0.023,10.53,0.023,10.43,0.02,4789,76,76,3.36,1.176,0.588,-0.039,0.15,0.24,3.652,2.872,2.947,1.057,0.197,0.275,0.019,1.742,0.016,814.5,601,659.3,0.034,0.012,0.012,,,
6740,6740,6740,212123448,08 52 34.846,+22 29 03.51,1,13.239,,,563-046645,08523484+2229035,,STAR,gri,lam,-3.5,1.5,-2.4,1.7,,,15.241,0.05,13.719,0.01,,,14.478,0.01,13.225,0.04,12.709,0.03,,,11.156,0.022,10.453,0.022,10.309,0.02,4126,147,98,0.349,0.11,0.154,-1.76,0.12,0.12,97.841,18.604,11.44,0.805,0.016,0.016,7.85E-07,3.63E-07,3.24E-07,114200,135100,81460,0.033,0.008,0.007,,,
6741,6741,6741,212123477,08 35 13.704,+22 29 05.73,1,15.477,,,563-045944,08351370+2229058,4517-301-2-0116-0126,STAR,JHK,rpm,-0.1,2,-5,2.3,,,,,,,,,,,,,,,,,14.088,0.028,13.636,0.025,13.541,0.033,5178,156,156,4.562,0.045,1.062,-0.248,0.25,0.55,0.782,1.941,0.074,0.837,0.061,0.074,1.657,0.358,1.615,829.4,2025,108.7,0.033,0.008,0.007,,,
6742,6742,6742,212123548,08 56 05.078,+22 29 12.04,1,13.556,,,563-046772,08560507+2229119,,STAR,gri,rpm,-2.7,1.4,-1.4,1.7,,,14.814,0.04,13.82,0.02,,,14.299,0.06,13.484,0.05,13.238,0.01,,,12.126,0.022,11.698,0.022,11.576,0.02,5039,120,80,3.579,0.24,0.432,-0.224,0.25,0.4,2.782,1.831,0.681,1.063,0.159,0.159,0.045,0.056,0.035,1163,679.2,307.1,0.032,0.013,0.005,,,
6743,6743,6743,212123573,08 51 28.350,+22 29 14.43,1,12.722,,,563-046607,08512834+2229143,,STAR,gri,rpm,0.4,1.1,-1.1,1.3,,,14.055,0.03,13.007,0.03,,,13.497,0.02,12.7,0.02,12.39,0.03,,,11.186,0.022,10.668,0.021,10.545,0.017,4832,76,76,2.51,0.561,0.306,-0.423,0.16,0.36,8.785,3.728,3.913,1.061,0.15,0.15,0.001,0.008,8.22E-04,2118,915.5,882.4,0.033,0.008,0.008,,,
6744,6744,6744,212123678,08 25 49.879,+22 29 22.21,1,16.601,,,563-045513,08254988+2229221,,STAR,JHK,rpm,17.7,4.8,-42.8,4.4,,,,,,,,,,,,,,,,,15.081,0.036,14.544,0.05,14.466,0.061,3939,636,318,4.956,0.095,0.171,-0.464,0.4,0.56,0.324,0.162,0.093,0.342,0.19,0.136,8.883,8.358,4.785,375.7,306.4,150.4,0.029,0.008,0.008,,,
6745,6745,6745,212123828,08 53 38.594,+22 29 33.55,1,16.877,,,,08533859+2229335,,STAR,JHK,col,,,,,,,,,,,,,,,,,,,,,14.429,0.03,13.77,0.037,13.502,0.029,3728,249,249,4.959,0.105,0.105,-0.096,0.18,0.24,0.306,0.105,0.091,0.335,0.135,0.135,9.591,8.769,4.008,242.1,110.3,87.8,0.026,0.01,0.008,,,
6746,6746,6746,212123868,08 51 53.333,+22 29 36.77,1,17.908,,,,08515333+2229367,5038-301-6-0051-0224,EXTENDED,gri,,-3,3,-1,3,,,,,,,21.188,0.126,19.047,0.011,17.907,0.007,17.42,0.007,17.028,0.015,16.027,0.081,15.395,0.082,14.899,0.101,,,,,,,,,,,,,,,,,,,,,,,,,,,
6747,6747,6747,212123874,08 55 53.887,+22 29 37.00,1,17.901,,,,08555388+2229369,5038-301-5-0056-0266,STAR,gri,rpm,-44,4,-14,4,,,,,,,22.281,0.174,20.12,0.017,18.624,0.009,16.95,0.006,16.068,0.007,14.505,0.033,13.854,0.033,13.667,0.042,3509,131,109,5.097,0.04,0.048,-0.146,0.16,0.28,0.2,0.03,0.026,0.184,0.04,0.025,21.96,6.201,4.835,143.8,28.77,13.86,0.021,0.009,0.005,,,
6748,6748,6748,212123900,08 59 44.093,+22 29 39.14,1,17.633,,,,08594409+2229391,5045-301-4-0162-0159,STAR,gri,rpm,-61,3,-38,3,,,,,,,21.272,0.105,19.152,0.01,17.731,0.006,16.982,0.005,16.547,0.009,15.335,0.045,14.759,0.06,14.553,0.067,3665,44,36,5.051,0.032,0.02,-0.271,0.05,0.09,0.237,0.018,0.02,0.235,0.022,0.026,17.25,2.831,2.052,270.6,27.48,29.65,0.024,0.007,0.005,,,
6749,6749,6749,212123927,08 59 28.448,+22 29 41.29,1,17.807,,,,08592844+2229412,5045-301-4-0162-0113,EXTENDED,gri,,-3,3,6,3,,,,,,,20.809,0.124,18.775,0.011,17.81,0.008,17.392,0.008,17.073,0.021,16.374,0.103,15.688,0.113,15.25,0.131,,,,,,,,,,,,,,,,,,,,,,,,,,,
6750,6750,6750,212123951,08 58 58.331,+22 29 43.36,1,14.125,,,563-046862,08585834+2229433,5045-301-4-0161-0065,STAR,gri,col,,,,,,,16.636,0.09,15.098,0.02,,,15.888,0.07,14.528,0.05,13.37,0.06,,,11.495,0.022,10.877,0.021,10.643,0.02,3442,53,67,5.06,0.042,0.035,0.067,0.08,0.1,0.223,0.028,0.03,0.21,0.032,0.039,18.73,5.289,3.506,39.1,9.561,6.277,0.007,0.004,0.002,,,
6751,6751,6751,212123991,08 31 04.024,+22 29 46.63,1,13.989,,,563-045739,08310403+2229466,4517-301-3-0111-0037,STAR,gri,rpm,0.7,1.3,-86.2,1.4,,,14.58,0.03,14.078,0.036,,,14.244,0.035,13.924,0.045,13.879,0.07,,,13.097,0.025,12.769,0.025,12.779,0.026,5943,189,94,4.51,0.085,0.17,-1.261,0.54,0.72,0.778,0.215,0.099,0.741,0.065,0.055,1.432,0.591,0.663,427.4,512,94.11,0.029,0.007,0.01,,,
6752,6752,6752,212123993,08 26 11.510,+22 29 46.80,1,18.067,,,,,4508-301-5-0096-0273,STAR,gri,,,,,,,,,,,,22.441,0.237,20.176,0.022,18.191,0.008,17.163,0.006,16.832,0.01,,,,,,,,,,,,,,,,,,,,,,,,,,,,,,,,,
6753,6753,6753,212124079,08 34 57.455,+22 29 53.47,1,10.573,,1398-1018-1,563-045922,08345744+2229534,,STAR,BV,rpm,3,1.6,-7.5,1.7,,,11.888,0.176,10.775,0.077,,,,,,,,,,,8.943,0.027,8.393,0.026,8.268,0.038,4713,113,94,2.443,0.228,0.114,-0.187,0.2,0.24,11.1,1.015,2.258,1.24,0.303,0.217,8.90E-04,0.001,2.51E-04,936.1,83.25,146.7,0.033,0.01,0.007,,,
6754,6754,6754,212124086,08 26 15.262,+22 29 54.16,1,18.141,,,,08261526+2229541,4508-301-5-0096-0299,EXTENDED,gri,,-5,3,1,3,,,,,,,21.592,0.175,19.296,0.014,18.111,0.008,17.646,0.008,17.32,0.016,16.354,0.096,15.546,0.118,15.307,0.124,,,,,,,,,,,,,,,,,,,,,,,,,,,
6755,6755,6755,212124109,08 28 10.388,+22 29 56.17,1,12.304,,,563-045625,08281038+2229561,,STAR,gri,rpm,-9.5,0.6,-7.3,1,,,12.981,0.041,12.423,0.031,,,12.658,0.031,12.277,0.04,12.152,0.061,,,11.418,0.021,11.172,0.023,11.11,0.017,6165,150,125,4.14,0.175,0.21,-0.122,0.15,0.24,1.425,0.538,0.259,1.154,0.158,0.132,0.347,0.306,0.185,532.7,204,97.7,0.033,0.01,0.008,,,
6756,6756,6756,212124195,08 58 47.282,+22 30 03.46,1,14.129,,,563-046855,08584728+2230033,5045-301-4-0161-0013,STAR,gri,rpm,23,2,-2.6,3,,,15.347,0.06,14.402,0.03,,,14.859,0.05,14.059,0.03,13.816,0.04,,,12.71,0.022,12.259,0.024,12.131,0.021,5042,120,80,4.589,0.03,0.042,-0.113,0.25,0.3,0.761,0.072,0.057,0.83,0.061,0.074,1.837,0.272,0.309,411.1,51.86,46.05,0.036,0.008,0.008,,,
6757,6757,6757,212124337,08 59 15.093,+22 30 14.23,1,15.696,,,,08591509+2230142,5045-301-4-0161-0208,EXTENDED,gri,,4,3,16,2,,,,,,,18.844,0.046,16.772,0.005,15.701,0.003,15.235,0.003,14.859,0.007,14.86,0.075,14.085,0.074,13.782,0.076,,,,,,,,,,,,,,,,,,,,,,,,,,,
6758,6758,6758,212124395,08 29 07.750,+22 30 18.27,1,16.199,,,,08290774+2230182,4508-301-4-0100-0230,EXTENDED,gri,,2,1,6,3,,,,,,,19.088,0.042,17.142,0.005,16.213,0.004,15.795,0.004,15.465,0.007,15.078,0.057,14.36,0.075,14.055,0.064,,,,,,,,,,,,,,,,,,,,,,,,,,,
6759,6759,6759,212124398,08 53 59.498,+22 30 18.36,1,14.443,,,563-046697,08535950+2230183,,STAR,gri,rpm,6.2,3,-7.3,2,,,15.533,0.03,14.706,0.02,,,15.079,0.02,14.379,0.04,14.17,0.02,,,13.142,0.023,12.692,0.024,12.63,0.025,5179,83,104,4.55,0.05,0.86,-0.177,0.2,0.36,0.814,1.667,0.073,0.863,0.095,0.079,1.549,0.335,1.482,563.8,1086,64.54,0.034,0.01,0.008,,,
6760,6760,6760,212124437,08 32 03.650,+22 30 20.67,1,12.955,,,563-045793,08320365+2230207,,STAR,gri,rpm,-0.5,1,3.1,1.9,,,13.684,0.043,13.116,0.032,,,13.334,0.032,12.955,0.041,12.792,0.062,,,12.052,0.021,11.752,0.023,11.726,0.019,6052,120,120,4.108,0.273,0.195,-0.226,0.24,0.2,1.488,0.452,0.443,1.109,0.128,0.154,0.28,0.534,0.136,731.7,204,225.7,0.032,0.013,0.008,,,
6761,6761,6761,212124469,08 29 02.146,+22 30 22.62,1,16.734,,,563-045661,08290215+2230228,,STAR,JHK,rpm,4.3,4.3,-9.2,4.2,,,,,,,,,,,,,,,,,14.39,0.055,13.811,0.068,13.502,0.059,4014,683,379,4.803,0.155,0.186,-0.113,0.2,0.28,0.423,0.2,0.136,0.481,0.233,0.194,5.425,6.173,3.245,369.1,333.6,153.3,0.03,0.011,0.008,,,
6762,6762,6762,212124524,08 59 44.588,+22 30 26.66,1,17.051,,,,08594458+2230266,5045-301-4-0162-0164,EXTENDED,gri,,3,3,2,3,,,,,,,19.402,0.063,17.897,0.008,17.09,0.006,16.688,0.007,16.372,0.02,16.791,0.151,15.903,0.167,15.345,0.161,,,,,,,,,,,,,,,,,,,,,,,,,,,
6763,6763,6763,212124550,08 50 35.427,+22 30 28.63,1,15.623,,,,08503542+2230286,4569-301-2-0141-0238,EXTENDED,gri,,-1,3,1,3,,,,,,,17.835,0.024,16.374,0.005,15.702,0.003,15.301,0.004,14.96,0.007,15.072,0.083,14.319,0.114,14.171,0.094,,,,,,,,,,,,,,,,,,,,,,,,,,,
6764,6764,6764,212124557,08 34 20.015,+22 30 29.02,1,9.41,42056,1942-65-1,563-045896,08342001+2230290,,STAR,BV,plx,-3.57,1.48,-16.89,0.73,0.72,1.12,9.89,0.028,9.456,0.026,,,,,,,,,,,8.511,0.024,8.249,0.021,8.176,0.034,6270,151,227,3.646,0.12,0.288,-0.006,0.1,0.16,3.183,1.525,0.566,1.715,0.161,0.225,0.046,0.029,0.029,1389,2160,2160,0.028,0.01,0.005,,,
6765,6765,6765,212124675,08 35 37.335,+22 30 38.35,1,13.192,,,563-045954,08353733+2230383,,STAR,JHK,rpm,0,1.3,-4.3,1.3,,,,,,,,,,,,,,,,,11.384,0.03,10.802,0.021,10.66,0.021,4680,110,110,2.581,0.42,0.36,-0.258,0.25,0.4,8.528,3.89,3.027,1.085,0.208,0.174,0.001,0.004,8.95E-04,2254,800.7,781.3,0.035,0.016,0.008,,,
6766,6766,6766,212124683,08 59 22.193,+22 30 38.88,1,17.6,,,,08592219+2230388,5045-301-4-0161-0256,EXTENDED,gri,,-1,3,4,3,,,,,,,20.735,0.117,18.646,0.01,17.598,0.007,17.152,0.007,16.827,0.017,16.1,0.088,15.324,0.1,14.804,0.092,,,,,,,,,,,,,,,,,,,,,,,,,,,
6767,6767,6767,212124725,08 31 58.834,+22 30 41.91,1,17.803,,,,08315883+2230419,,STAR,J,col,,,,,,,,,,,,,,,,,,,,,16.285,0.146,15.328,0.139,14.884,0.118,3904,358,358,4.901,0.145,0.145,-0.219,0.24,0.32,0.353,0.149,0.137,0.363,0.172,0.172,8.416,11.13,4.246,679.5,422.5,299.2,0.032,0.01,0.007,,,
6768,6768,6768,212124727,08 32 27.179,+22 30 42.07,1,12.625,,,563-045812,08322718+2230421,,STAR,gri,rpm,-40.2,1,-46.8,1.2,,,13.922,0.044,12.898,0.031,,,13.411,0.032,12.565,0.041,12.288,0.061,,,11.179,0.022,10.657,0.023,10.575,0.018,4853,58,78,4.625,0.02,0.056,-0.132,0.36,0.16,0.688,0.098,0.022,0.75,0.088,0.034,2.214,0.191,0.487,219.5,29.06,35.06,0.026,0.01,0.006,,,
6769,6769,6769,212124735,08 35 45.898,+22 30 42.58,1,16.205,,,,08354589+2230425,,STAR,JHK,col,,,,,,,,,,,,,,,,,,,,,13.843,0.032,13.171,0.024,12.949,0.024,3885,192,192,4.889,0.098,0.07,-0.1,0.2,0.24,0.393,0.072,0.093,0.439,0.088,0.123,6.919,4.885,1.964,253.3,64.85,77.41,0.026,0.008,0.007,,,
6770,6770,6770,212124760,08 56 19.104,+22 30 45.16,1,14.19,,,563-046780,08561910+2230451,,STAR,gri,rpm,-3.4,1.4,3.4,1.9,,,15.448,0.03,14.506,0.03,,,14.987,0.05,14.159,0.04,13.848,0.06,,,12.704,0.023,12.168,0.024,12.105,0.026,4872,77,96,3.055,1.288,0.966,-0.416,0.4,0.56,4.002,6.004,3.233,0.915,0.244,0.146,0.008,1.172,0.008,2050,2690,1667,0.033,0.009,0.005,,,
6771,6771,6771,212124761,08 54 17.639,+22 30 45.19,1,18.377,,,,08541763+2230451,,STAR,J,rpm,4,1,10,4,,,,,,,,,,,,,,,,,16.814,0.154,15.747,0.143,15.395,0.149,3937,370,308,4.897,0.12,0.12,-0.254,0.25,0.3,0.361,0.14,0.115,0.402,0.133,0.159,7.196,6.77,3.055,933.4,422,336.8,0.033,0.01,0.007,,,
6772,6772,6772,212124770,08 29 55.391,+22 30 46.12,1,11.311,,1941-885-1,563-045702,08295539+2230459,,STAR,gri,plx,-33.3,1.5,18.9,1.7,,,12.314,0.234,11.534,0.144,,,12.017,0.03,11.259,0.04,11.009,0.06,,,9.962,0.022,9.489,0.021,9.394,0.018,5000,81,81,3.488,0.17,0.238,-0.259,0.2,0.24,3.157,0.955,0.543,1.142,0.167,0.167,0.033,0.026,0.018,403.3,99.96,99.96,0.032,0.011,0.007,,,
6773,6773,6773,212124821,08 34 24.029,+22 30 48.74,1,18.079,,,,08342402+2230487,,STAR,J,rpm,2,2,4,1,,,,,,,,,,,,,,,,,16.537,0.135,16.001,0.16,15.31,0.138,3923,702,351,4.872,0.13,0.208,-0.233,0.25,0.35,0.392,0.196,0.131,0.412,0.21,0.175,6.377,6.643,3.669,836.2,733.8,341.5,0.033,0.01,0.007,,,
6774,6774,6774,212124823,08 26 09.568,+22 30 48.98,1,17.795,,,,08260956+2230489,4508-301-5-0096-0279,EXTENDED,gri,,6,3,-1,3,,,,,,,20.057,0.068,18.645,0.011,17.858,0.008,17.431,0.008,17.161,0.018,16.505,0.128,15.858,0.172,15.55,0.168,,,,,,,,,,,,,,,,,,,,,,,,,,,
6775,6775,6775,212124839,08 54 20.763,+22 30 50.55,1,17.235,,,,,5045-301-5-0154-0145,EXTENDED,gri,,6,3,14,3,,,,,,,18.665,0.027,17.628,0.006,17.321,0.006,17.066,0.008,17.005,0.022,,,,,,,,,,,,,,,,,,,,,,,,,,,,,,,,,
6776,6776,6776,212124855,08 33 05.863,+22 30 51.49,1,14.251,,,563-045847,08330585+2230514,4508-301-3-0105-0245,STAR,JHK,rpm,31.3,2.2,-38.5,2.3,,,,,,,,,,,,,,,,,12.123,0.023,11.548,0.021,11.302,0.017,3621,84,126,5.017,0.036,0.042,-0.005,0.1,0.1,0.27,0.041,0.026,0.275,0.066,0.044,13.65,2.685,2.907,70.05,16.61,13.42,0.012,0.004,0.003,,,
6777,6777,6777,212124864,08 52 44.656,+22 30 51.93,1,12.276,,,563-046653,08524466+2230523,,STAR,gri,,,,,,,,15.044,0.03,13.456,0.04,,,14.231,0.05,12.871,0.05,11.437,0.04,,,10.059,0.023,9.452,0.026,,,,,,,,,,,,,,,,,,,,,,,,,,,,,
6778,6778,6778,212124888,08 28 34.354,+22 30 53.30,1,17.146,,,,08283435+2230532,4517-301-4-0108-0132,STAR,gri,rpm,-37,3,-37,3,,,,,,,19.592,0.036,17.905,0.006,17.111,0.005,16.82,0.005,16.659,0.009,15.623,0.059,15.094,0.083,14.921,0.084,4786,97,78,4.801,0.027,0.02,-1.401,0.25,1.15,0.483,0.01,0.02,0.544,0.011,0.015,4.74,0.517,0.284,892.5,78.03,28.31,0.029,0.011,0.004,,,
6779,6779,6779,212124897,08 31 07.754,+22 30 53.90,1,18.42,,,,,4517-301-3-0111-0433,EXTENDED,gri,,-8,5,8,5,,,,,,,20.022,0.116,18.785,0.02,18.419,0.021,18.264,0.024,18.064,0.072,,,,,,,,,,,,,,,,,,,,,,,,,,,,,,,,,
6780,6780,6780,212124927,08 52 41.411,+22 30 55.70,1,14.102,,,563-046648,08524141+2230557,,STAR,gri,rpm,-2,1.9,24.5,2,,,15.43,0.05,14.441,0.02,,,14.948,0.03,14.043,0.01,13.739,0.02,,,12.545,0.023,11.998,0.024,11.911,0.023,4706,75,56,4.652,0.02,0.03,-0.22,0.27,0.15,0.653,0.066,0.014,0.704,0.082,0.023,2.497,0.179,0.382,296.1,34.6,8.882,0.025,0.008,0.006,,,
6781,6781,6781,212124948,08 26 44.814,+22 30 57.10,1,11.677,,1941-1783-1,563-045557,08264478+2230571,,STAR,gri,rpm,11.1,2.4,2.6,2.6,,,12.787,0.365,11.759,0.205,,,12.279,0.03,11.64,0.04,11.418,0.06,,,10.431,0.022,10.044,0.022,9.963,0.017,5308,128,106,3.602,0.82,1.148,-0.259,0.3,0.66,2.524,6.726,1.669,0.941,0.324,0.058,0.038,0.714,0.037,548.8,1023,357.2,0.031,0.011,0.009,,,
6782,6782,6782,212124988,08 54 18.380,+22 31 00.52,1,11.63,,1943-2410-1,563-046705,08541837+2231001,,STAR,gri,plx,-1.2,1.7,-11.6,1.9,,,12.471,0.315,11.851,0.245,,,12.494,0.01,11.592,0.01,11.26,0.06,,,9.975,0.023,9.378,0.021,9.292,0.018,4651,55,74,2.408,0.22,0.352,-0.284,0.2,0.36,10.273,3.332,2.516,1.128,0.159,0.191,8.10E-04,9.62E-04,5.39E-04,1460,1809,1809,0.034,0.01,0.007,,,
6783,6783,6783,212125006,08 55 49.679,+22 31 01.58,1,19.914,,,,,5038-301-5-0056-0261,STAR,gri,,1,5,11,5,,,,,,,20.664,0.053,20.026,0.016,19.877,0.019,19.917,0.029,19.665,0.073,,,,,,,,,,,,,,,,,,,,,,,,,,,,,,,,,
6784,6784,6784,212125049,08 54 35.317,+22 31 04.48,1,12.863,,,563-046716,08543530+2231043,,STAR,gri,rpm,-5.5,1.3,2.8,1.2,,,13.642,0.03,13.124,0.02,,,13.298,0.01,12.817,0.041,12.677,0.01,,,11.777,0.022,11.455,0.022,11.384,0.02,5820,138,92,4.105,0.342,0.342,-0.131,0.15,0.3,1.49,0.62,0.574,1.049,0.157,0.105,0.267,0.635,0.17,632.8,248.8,235,0.033,0.01,0.006,,,
6785,6785,6785,212125055,08 32 19.564,+22 31 04.90,1,11.891,,1941-1345-1,563-045805,08321957+2231050,,STAR,gri,rpm,-9,2.8,-12.8,3.2,,,12.464,0.238,12.299,0.242,,,12.184,0.03,11.832,0.04,11.766,0.06,,,11.007,0.022,10.79,0.025,10.79,0.02,6317,150,125,4.21,0.095,0.19,-0.052,0.12,0.18,1.382,0.453,0.167,1.243,0.127,0.153,0.403,0.173,0.205,453.1,137.6,62.09,0.03,0.007,0.007,,,
6786,6786,6786,212125063,08 58 54.555,+22 31 05.40,1,12.497,,,563-046858,08585455+2231054,,STAR,gri,lam,-6.7,1.4,2.8,1.2,,,13.18,0.04,12.596,0.01,,,12.85,0.05,12.459,0.04,12.345,0.02,,,11.509,0.023,11.236,0.022,11.204,0.021,6047,96,120,4.146,0.175,0.125,-0.38,0.12,0.12,1.356,0.23,0.267,0.97,0.094,0.047,0.358,0.314,0.13,515,88.69,102.7,0.031,0.01,0.006,,,
6787,6787,6787,212125097,08 54 36.746,+22 31 08.32,1,12.391,,,563-046717,08543673+2231081,,STAR,gri,rpm,2.6,5,-0.7,1.7,,,13.112,0.01,12.515,0.01,,,12.768,0.01,12.349,0.01,12.229,0.02,,,11.398,0.021,11.096,0.021,11.074,0.018,6001,96,96,4.156,0.196,0.294,-0.141,0.16,0.2,1.421,0.651,0.393,1.076,0.171,0.142,0.38,0.364,0.241,503,195.8,120.6,0.033,0.014,0.008,,,
6788,6788,6788,212125181,08 34 15.140,+22 31 13.83,1,18.366,,,,08341514+2231138,,STAR,J,,,,,,,,,,,,,,,,,,,,,,16.804,0.14,,,15.733,0.18,,,,,,,,,,,,,,,,,,,,,,,,,,,
6789,6789,6789,212125204,08 52 26.563,+22 31 15.91,1,11.759,,,563-046639,08522656+2231159,,STAR,gri,rpm,0.5,0.8,-6,0.9,,,13.017,0.02,12.029,0.02,,,12.5,0.03,11.736,0.02,11.441,0.03,,,10.286,0.022,9.765,0.022,9.662,0.018,4873,59,78,2.454,0.609,0.126,-0.476,0.2,0.32,9.996,1.355,4.921,1.036,0.17,0.142,9.83E-04,0.007,3.15E-04,1613,218.6,740.1,0.034,0.008,0.007,,,
6790,6790,6790,212125259,08 57 38.325,+22 31 20.35,1,18.062,,,,08573832+2231203,5038-301-5-0059-0140,EXTENDED,gri,,-3,3,5,3,,,,,,,20.935,0.092,19.141,0.012,18.044,0.008,17.6,0.008,17.315,0.018,16.49,0.123,15.582,0.117,14.973,0.125,,,,,,,,,,,,,,,,,,,,,,,,,,,
6791,6791,6791,212125274,08 55 31.196,+22 31 21.18,1,14.999,,,,08553119+2231211,5045-301-5-0156-0067,EXTENDED,gri,,-8,3,-3,3,,,,,,,17.469,0.019,15.8,0.003,15.045,0.003,14.656,0.003,14.38,0.006,14.779,0.062,14.116,0.086,13.795,0.075,,,,,,,,,,,,,,,,,,,,,,,,,,,
6792,6792,6792,212125367,08 51 50.193,+22 31 27.53,1,15.014,,,563-046617,08515019+2231275,5038-301-6-0051-0024,STAR,gri,rpm,-18.5,2.2,5.7,2.3,,,16.827,0.11,15.571,0.03,,,16.248,0.04,14.962,0.04,14.485,0.03,,,13.05,0.022,12.371,0.021,12.246,0.02,4145,50,100,4.775,0.035,0.025,-0.012,0.1,0.12,0.513,0.029,0.041,0.579,0.037,0.052,4.288,0.773,0.501,246.1,22.01,26.56,0.027,0.006,0.006,,,
6793,6793,6793,212125399,08 31 05.403,+22 31 30.03,1,12.386,,1941-1113-1,563-045740,08310542+2231301,,STAR,gri,rpm,-6.7,2.6,-13.2,2.9,,,12.859,0.384,11.787,0.21,,,12.502,0.031,12.347,0.041,12.316,0.061,,,11.703,0.023,11.608,0.023,11.531,0.023,7077,197,141,4.19,0.09,0.144,-0.194,0.12,0.06,1.533,0.297,0.171,1.412,0.094,0.067,0.346,0.137,0.129,762,125.1,107.4,0.031,0.005,0.006,,,
6794,6794,6794,212125504,08 35 28.873,+22 31 38.10,1,18.307,,,,,4517-301-2-0117-0228,EXTENDED,gri,,5,3,-5,3,,,,,,,19.986,0.071,18.799,0.012,18.336,0.011,18.096,0.012,17.919,0.034,,,,,,,,,,,,,,,,,,,,,,,,,,,,,,,,,
6795,6795,6795,212125510,08 25 51.692,+22 31 38.63,1,16.982,,,,08255169+2231386,4508-301-5-0095-0379,STAR,gri,rpm,58,3,-224,3,,,,,,,21.143,0.078,18.782,0.009,17.422,0.006,16.21,0.005,15.586,0.006,14.278,0.029,13.735,0.029,13.508,0.037,3276,307,256,5.162,0.04,0.088,-0.221,0.2,0.32,0.162,0.05,0.019,0.144,0.063,0.024,32.56,7.039,12.2,71.75,29.32,17.82,0.012,0.004,0.004,,,
6796,6796,6796,212125611,08 33 21.383,+22 31 45.80,1,17.839,,,,08332138+2231458,,STAR,J,rpm,4,3,8,3,,,,,,,,,,,,,,,,,16.318,0.122,15.491,0.133,14.937,0.099,3905,352,293,4.893,0.12,0.144,-0.179,0.2,0.28,0.37,0.131,0.113,0.387,0.151,0.151,7.229,7.805,3.302,695.6,359.7,273.8,0.033,0.01,0.007,,,
6797,6797,6797,212125615,08 52 27.858,+22 31 46.08,1,14.821,,,563-046641,08522786+2231461,,STAR,gri,rpm,-1,2.1,-2.5,2.3,,,16.223,0.06,15.134,0.04,,,15.697,0.03,14.801,0.02,14.445,0.04,,,13.157,0.025,12.535,0.022,12.397,0.018,4611,55,46,2.097,0.435,1.218,-0.587,0.24,1.68,12.727,37.198,5.642,0.933,0.03,0.152,3.19E-04,0.001,3.14E-04,7458,20510,2806,0.036,0.01,0.008,,,
6798,6798,6798,212125700,08 28 03.632,+22 31 52.24,1,13.585,,,563-045616,08280362+2231523,,STAR,gri,rpm,12.5,1.6,-24.5,2,,,14.707,0.03,13.794,0.034,,,14.22,0.035,13.573,0.043,13.313,0.065,,,12.363,0.021,11.968,0.023,11.86,0.02,5336,107,85,4.541,0.04,0.104,-0.24,0.25,0.3,0.822,0.888,0.092,0.842,0.076,0.076,1.51,0.305,0.54,400.1,82.25,40.54,0.034,0.005,0.008,,,
6799,6799,6799,212125704,08 35 30.178,+22 31 52.36,1,17.683,,,,08353017+2231523,,STAR,J,col,,,,,,,,,,,,,,,,,,,,,16.174,0.113,15.562,0.145,14.932,0.111,3709,456,285,4.989,0.12,0.168,-0.168,0.2,0.32,0.276,0.177,0.093,0.291,0.208,0.13,12.11,11.77,6.75,498.6,455.8,208.3,0.031,0.008,0.007,,,
6800,6800,6800,212125720,08 52 48.840,+22 31 53.77,1,18.603,,,,,5038-301-6-0052-0221,STAR,gri,,-2,3,0,3,,,,,,,18.916,0.02,18.622,0.008,18.596,0.009,18.598,0.011,18.557,0.065,,,,,,,,,,,,,,,,,,,,,,,,,,,,,,,,,
6801,6801,6801,212125807,08 54 11.487,+22 31 59.25,1,17.11,,,,08541148+2231592,,STAR,J,col,,,,,,,,,,,,,,,,,,,,,15.641,0.076,14.953,0.097,14.351,0.08,3609,356,254,5.004,0.115,0.138,-0.092,0.16,0.28,0.255,0.146,0.08,0.249,0.189,0.105,13.41,12.15,7.226,326.1,263,126.9,0.029,0.01,0.008,,,
6802,6802,6802,212125935,08 52 24.387,+22 32 08.04,1,13.932,,,563-046638,08522438+2232080,,STAR,gri,rpm,3.9,2.7,-4,1.7,,,14.941,0.03,14.15,0.03,,,14.5,0.02,13.878,0.02,13.689,0.03,,,12.662,0.023,12.194,0.021,12.132,0.018,5206,104,104,3.444,0.426,0.994,-0.726,0.48,0.3,2.973,5.581,1.025,0.905,0.124,0.029,0.029,0.082,0.027,1607,2901,515.5,0.033,0.01,0.008,,,
6803,6803,6803,212126069,08 27 54.008,+22 32 18.78,1,12.527,,,563-045606,08275400+2232188,,STAR,gri,rpm,-5,1.1,-5.5,1.7,,,14.118,0.02,12.876,0.031,,,13.485,0.032,12.509,0.041,12.117,0.061,,,10.818,0.02,10.214,0.023,10.057,0.017,4566,54,72,2.667,0.165,0.726,0.007,0.12,0.6,8.492,9.267,1.574,1.199,0.121,0.29,0.002,0.002,0.002,1604,1634,248.8,0.032,0.01,0.008,,,
6804,6804,6804,212126074,08 32 18.484,+22 32 19.21,1,12.963,,,563-045802,08321849+2232193,,STAR,gri,rpm,-10,1,-1,1.2,,,13.664,0.043,13.1,0.032,,,13.331,0.032,12.972,0.041,12.805,0.062,,,11.999,0.021,11.733,0.025,11.675,0.023,6122,147,123,4.179,0.18,0.216,-0.194,0.2,0.32,1.381,0.357,0.284,1.104,0.105,0.147,0.364,0.338,0.175,665.5,197.4,152.2,0.033,0.011,0.006,,,
6805,6805,6805,212126097,08 30 22.577,+22 32 21.07,1,18.928,,,,,4508-301-4-0101-0577,EXTENDED,gri,,-4,3,12,3,,,,,,,20.38,0.104,19.515,0.023,18.97,0.021,18.677,0.023,18.516,0.077,,,,,,,,,,,,,,,,,,,,,,,,,,,,,,,,,
6806,6806,6806,212126168,08 28 16.375,+22 32 26.43,1,12.613,,,,08281637+2232264,,STAR,JHK,col,,,,,,,,,,,,,,,,,,,,,12.504,0.024,12.547,0.027,12.591,0.029,8939,877,548,3.996,0.192,0.64,-0.076,0.12,1.92,2.4,0.799,0.511,2.133,0.382,0.688,0.15,0.12,0.125,436.9,5963,161.9,0.03,0.007,0.006,,,
6807,6807,6807,212126189,08 35 39.661,+22 32 28.59,1,17.395,,,,08353966+2232285,4517-301-2-0117-0272,EXTENDED,gri,,-4,3,-13,3,,,,,,,19.557,0.072,18.203,0.011,17.498,0.008,17.049,0.008,16.721,0.018,16.527,0.15,15.7,0.116,15.05,0.103,,,,,,,,,,,,,,,,,,,,,,,,,,,
6808,6808,6808,212126230,08 35 38.317,+22 32 31.32,1,19.245,,,,08353831+2232313,,STAR,JHK,col,,,,,,,,,,,,,,,,,,,,,16.295,0.189,15.327,0.169,15.095,0.14,3991,480,400,4.878,0.155,0.155,-0.254,0.25,0.35,0.372,0.155,0.143,0.413,0.196,0.196,6.377,8.641,3.254,837.6,546.1,379,0.032,0.01,0.007,,,
6809,6809,6809,212126240,08 31 29.166,+22 32 32.17,1,15.307,,,563-045770,08312917+2232322,,STAR,JHK,rpm,-39.3,2,-13.5,2.3,,,,,,,,,,,,,,,,,12.999,0.028,12.309,0.024,12.123,0.023,4079,186,155,4.818,0.04,0.072,-0.094,0.2,0.2,0.464,0.078,0.043,0.531,0.074,0.064,4.985,1.32,1.34,215.8,43.89,30.85,0.025,0.007,0.006,,,
6810,6810,6810,212126308,08 53 47.178,+22 32 36.72,1,16.807,,,,08534717+2232367,5038-301-6-0054-0158,EXTENDED,gri,,-1,3,10,3,,,,,,,19.572,0.06,17.722,0.007,16.843,0.005,16.415,0.006,16.112,0.013,15.898,0.087,15.077,0.111,14.826,0.106,,,,,,,,,,,,,,,,,,,,,,,,,,,
6811,6811,6811,212126314,08 52 10.466,+22 32 37.12,1,12.08,,,563-046626,08521046+2232371,,STAR,gri,rpm,0,0.9,-2.8,1,,,13.256,0.03,12.339,0.02,,,12.77,0.02,12.061,0.02,11.785,0.03,,,10.673,0.022,10.221,0.024,10.121,0.02,5019,81,81,2.431,0.9,0.15,-0.598,0.25,0.25,9.786,1.554,6.193,0.984,0.115,0.076,9.95E-04,0.018,3.89E-04,1868,393.4,1093,0.033,0.013,0.007,,,
6812,6812,6812,212126323,08 54 57.227,+22 32 37.55,1,13.222,,,563-046726,08545722+2232375,,STAR,gri,rpm,-4.7,1.9,-10.6,1.5,,,14.458,0.01,13.497,0.033,,,13.967,0.034,13.177,0.01,12.903,0.04,,,11.756,0.025,11.214,0.021,11.178,0.023,4875,76,57,3.14,0.505,0.606,-0.358,0.25,0.35,4.087,3.694,1.697,0.967,0.219,0.088,0.01,0.044,0.009,1327,1024,503.2,0.031,0.009,0.005,,,
6813,6813,6813,212126358,08 27 44.312,+22 32 39.67,1,14.352,,,563-045596,08274431+2232397,,STAR,JHK,rpm,-31.8,2.1,-36.3,6.9,,,,,,,,,,,,,,,,,12.618,0.021,12.064,0.022,11.919,0.019,4359,373,622,4.885,0.02,0.216,-0.323,0.35,0.91,0.401,0.216,0.026,0.457,0.215,0.041,6.882,0.804,4.192,167.2,128,38.59,0.022,0.006,0.006,,,
6814,6814,6814,212126379,08 29 26.988,+22 32 41.87,1,10.146,,1941-1491-1,563-045678,08292699+2232418,,STAR,gri,rpm,5.8,1.3,-10.7,1.3,,,11.406,0.094,10.418,0.055,,,10.931,0.03,10.122,0.04,9.809,0.06,,,8.682,0.019,8.152,0.02,8.045,0.023,4807,77,77,2.454,0.306,0.102,-0.313,0.2,0.2,10.892,0.833,2.538,1.179,0.36,0.164,9.41E-04,0.002,2.37E-04,811.2,68.08,194.4,0.034,0.008,0.007,,,
6815,6815,6815,212126418,08 55 22.118,+22 32 45.04,1,13.705,,,563-046741,08552212+2232451,,STAR,gri,rpm,-1.4,1.8,-0.1,4,,,15.02,0.03,14.014,0.03,,,14.487,0.05,13.698,0.05,13.37,0.01,,,12.164,0.022,11.678,0.021,11.511,0.018,4898,78,78,3.169,0.34,0.748,-0.285,0.25,0.4,4.272,4.946,1.364,1.07,0.185,0.185,0.013,0.027,0.012,1719,1864,567.3,0.034,0.011,0.007,,,
6816,6816,6816,212126470,08 52 10.591,+22 32 49.66,1,18.415,,,,08521059+2232496,,STAR,JHK,col,,,,,,,,,,,,,,,,,,,,,16.047,0.097,15.563,0.144,15.151,0.126,3833,902,347,4.923,0.14,0.252,-0.263,0.25,0.4,0.325,0.247,0.122,0.374,0.286,0.179,8.13,9.863,5.456,629.8,864.4,290,0.032,0.008,0.008,,,
6817,6817,6817,212126604,08 50 22.100,+22 32 59.28,1,14.444,,,563-046569,08502209+2232592,,STAR,gri,rpm,0.3,2.2,-5.7,2.3,,,16.092,0.01,14.894,0.03,,,15.523,0.02,14.395,0.01,13.981,0.01,,,12.592,0.022,11.987,0.021,11.854,0.02,4338,52,69,4.713,0.115,0.025,-0.065,0.2,0.52,0.586,0.039,0.133,0.661,0.035,0.146,3.147,2.136,0.31,249.3,19.07,63.65,0.026,0.005,0.005,,,
6818,6818,6818,212126617,08 35 23.623,+22 33 00.24,1,15.562,,,,08352362+2233002,6728-301-5-0135-0277,EXTENDED,gri,,-3,2,-2,2,,,,,,,18.405,0.028,16.506,0.004,15.598,0.003,15.158,0.003,14.834,0.005,14.561,0.06,13.839,0.076,13.544,0.059,,,,,,,,,,,,,,,,,,,,,,,,,,,
6819,6819,6819,212126761,08 26 44.300,+22 33 10.19,1,12.281,,,563-045555,08264430+2233102,,STAR,gri,rpm,-28.7,0.7,-20.2,0.7,,,13.038,0.041,12.415,0.031,,,12.682,0.031,12.249,0.04,12.109,0.061,,,11.332,0.022,11.066,0.022,11.035,0.021,6042,98,123,4.325,0.08,0.176,-0.28,0.25,0.3,1.118,0.246,0.131,0.967,0.118,0.084,0.678,0.247,0.314,377.6,98.64,50.98,0.031,0.007,0.005,,,
6820,6820,6820,212126810,08 53 50.337,+22 33 13.40,1,17.233,,,,08535033+2233133,5038-301-6-0054-0162,EXTENDED,gri,,4,5,8,3,,,,,,,20.324,0.101,18.305,0.01,17.262,0.007,16.774,0.007,16.4,0.015,16.039,0.09,15.335,0.117,15.008,0.11,,,,,,,,,,,,,,,,,,,,,,,,,,,
6821,6821,6821,212126914,08 27 29.898,+22 33 20.96,1,13.427,,,563-045587,08272989+2233209,,STAR,gri,rpm,-1.4,2,-5.2,2.2,,,14.884,0.03,13.773,0.034,,,14.344,0.035,13.389,0.043,13.034,0.063,,,11.754,0.021,11.142,0.024,11.013,0.021,4595,72,54,2.206,0.815,0.978,-0.318,0.28,0.63,9.272,12.563,5.954,0.973,0.069,0.192,7.08E-04,0.01,6.82E-04,2954,5189,1685,0.031,0.01,0.005,,,
6822,6822,6822,212126939,08 52 01.709,+22 33 22.34,1,19.698,,,,,5038-301-6-0051-0389,EXTENDED,gri,,1,4,-5,4,,,,,,,21.046,0.132,19.879,0.022,19.638,0.028,19.302,0.035,19.321,0.12,,,,,,,,,,,,,,,,,,,,,,,,,,,,,,,,,
6823,6823,6823,212126965,08 27 11.209,+22 33 24.18,1,17.424,,,,08271120+2233241,4508-301-5-0097-0304,EXTENDED,gri,,2,3,-1,3,,,,,,,19.801,0.047,18.521,0.009,17.33,0.006,16.954,0.006,16.755,0.011,15.809,0.068,14.998,0.076,14.414,0.063,,,,,,,,,,,,,,,,,,,,,,,,,,,
6824,6824,6824,212127059,08 52 44.509,+22 33 30.22,1,10.684,43595,1943-158-1,563-046652,08524452+2233305,,STAR,gri,plx,-177,2.57,-225.97,2.02,7.87,2.47,11.567,0.108,10.761,0.085,,,11.135,0.03,10.664,0.03,10.49,0.03,,,9.595,0.023,9.302,0.022,9.2,0.023,5823,116,116,4.414,0.06,0.24,-0.066,0.16,0.24,1.03,0.347,0.12,1.013,0.084,0.117,0.894,0.301,0.519,127.1,39.88,39.88,0.022,0.008,0.006,,,
6825,6825,6825,212127137,08 53 59.172,+22 33 36.31,1,17.818,,,,08535917+2233363,,STAR,J,col,,,,,,,,,,,,,,,,,,,,,16.299,0.099,15.288,0.088,14.851,0.097,3918,296,474,4.866,0.192,0.12,-0.18,0.2,0.28,0.39,0.119,0.173,0.429,0.133,0.239,6.737,13.15,2.816,783.5,359.5,415.4,0.033,0.013,0.011,,,
6826,6826,6826,212127163,08 32 11.316,+22 33 37.93,1,13.205,,,563-045798,,,STAR,gri,,2,2,0.4,8.5,,,14.409,0.02,13.503,0.033,,,14.019,0.034,13.199,0.042,12.856,0.063,,,,,,,,,,,,,,,,,,,,,,,,,,,,,,,,,,,
6827,6827,6827,212127317,08 54 01.436,+22 33 49.47,1,17.915,,,,08540143+2233494,5038-301-6-0054-0187,EXTENDED,gri,,2,5,10,2,,,,,,,21.207,0.146,19.101,0.013,17.892,0.008,17.406,0.008,17.052,0.018,16.452,0.127,15.507,0.118,15.124,0.124,,,,,,,,,,,,,,,,,,,,,,,,,,,
6828,6828,6828,212127404,08 53 14.220,+22 33 57.97,1,16.623,,,563-046674,08531421+2233579,,STAR,BV,rpm,16.5,3.5,-40.5,3.1,,,17.119,0.12,16.673,0.11,,,16.778,0.09,,,,,,,15.049,0.04,14.644,0.057,14.637,0.068,5124,735,630,4.668,0.138,0.161,-1.014,0.42,0.3,0.616,0.174,0.115,0.646,0.092,0.111,2.664,1.902,1.11,940.9,394.3,322.7,0.034,0.007,0.008,,,
6829,6829,6829,212127492,08 26 25.871,+22 34 04.92,1,13.165,,,563-045541,08262587+2234049,,STAR,gri,rpm,-3.3,3.3,-4.5,3.1,,,14.408,0.02,13.443,0.033,,,13.894,0.033,13.167,0.042,12.852,0.063,,,11.781,0.023,11.308,0.024,11.214,0.019,5008,80,80,3.292,0.336,0.896,-0.485,0.3,0.36,3.704,5.451,0.964,1.001,0.229,0.115,0.018,0.037,0.016,1303,1769,343.8,0.033,0.011,0.006,,,
6830,6830,6830,212127510,08 53 22.571,+22 34 05.89,1,17.246,,,,08532257+2234058,5038-301-6-0053-0299,STAR,gri,rpm,-3,3,-79,3,,,,,,,21.316,0.092,18.892,0.009,17.512,0.005,16.54,0.005,16.024,0.007,14.802,0.036,14.14,0.031,13.962,0.05,3511,42,35,5.047,0.02,0.048,0.002,0.08,0.08,0.236,0.035,0.013,0.227,0.04,0.018,17.32,1.891,3.813,197,43.36,14.16,0.026,0.011,0.01,,,
6831,6831,6831,212127619,08 27 09.571,+22 34 12.76,1,17.751,,,,08270957+2234127,,STAR,JHK,rpm,2,2,6,2,,,,,,,,,,,,,,,,,15.236,0.078,14.587,0.094,14.274,0.091,4229,511,426,4.752,0.168,0.12,-0.132,0.2,0.28,0.518,0.139,0.163,0.578,0.132,0.185,4.081,4.213,1.622,702.8,329.6,292.6,0.033,0.008,0.007,,,
6832,6832,6832,212127634,08 28 00.556,+22 34 14.33,1,12.673,,,563-045611,08280055+2234144,,STAR,gri,rpm,-6.2,1,-11,1.1,,,13.395,0.042,12.816,0.031,,,13.052,0.031,12.616,0.041,12.51,0.061,,,11.726,0.02,11.469,0.022,11.406,0.018,6068,122,122,4.195,0.19,0.228,-0.084,0.2,0.24,1.374,0.356,0.332,1.12,0.161,0.115,0.39,0.37,0.215,567.1,178.4,115.6,0.033,0.01,0.005,,,
6833,6833,6833,212127660,08 32 30.404,+22 34 15.77,1,16.01,,,,08323040+2234157,4517-301-3-0113-0259,EXTENDED,gri,,-1,3,1,3,,,,,,,18.648,0.031,16.935,0.005,16.063,0.004,15.613,0.003,15.254,0.006,14.848,0.059,14.151,0.073,13.772,0.06,,,,,,,,,,,,,,,,,,,,,,,,,,,
6834,6834,6834,212127664,08 28 34.601,+22 34 16.00,1,12.551,,,563-045645,08283460+2234159,,STAR,gri,rpm,-8.8,0.9,-13.5,0.6,,,13.266,0.042,12.678,0.031,,,12.926,0.031,12.498,0.041,12.391,0.061,,,11.551,0.02,11.297,0.022,11.226,0.022,6083,120,120,4.231,0.144,0.216,-0.085,0.15,0.27,1.298,0.422,0.188,1.125,0.09,0.127,0.461,0.318,0.251,514.8,166.3,82.65,0.032,0.01,0.007,,,
6835,6835,6835,212127743,08 52 26.807,+22 34 22.14,1,15.188,,,563-046640,08522680+2234222,,STAR,gri,rpm,-1.6,2.1,-5.1,2.3,,,16.519,0.02,15.55,0.06,,,15.951,0.07,15.165,0.03,14.862,0.11,,,13.62,0.027,13.084,0.024,12.987,0.029,4874,116,97,4.605,0.035,1.491,-0.22,0.2,0.36,0.737,4.164,0.066,0.789,0.152,0.076,1.957,0.385,1.949,579,2936,55.78,0.032,0.008,0.007,,,
6836,6836,6836,212127758,08 31 38.839,+22 34 22.88,1,15.463,,,,08313883+2234228,4517-301-3-0112-0276,EXTENDED,gri,,2,4,8,1,,,,,,,18.482,0.033,16.488,0.004,15.476,0.003,15.024,0.003,14.639,0.005,14.45,0.074,13.648,0.073,13.25,0.066,,,,,,,,,,,,,,,,,,,,,,,,,,,
6837,6837,6837,212127786,08 31 28.921,+22 34 24.61,1,17.772,,,,08312892+2234246,,STAR,J,col,,,,,,,,,,,,,,,,,,,,,16.256,0.139,15.318,0.094,15.032,0.127,3986,334,400,4.878,0.15,0.125,-0.254,0.25,0.3,0.393,0.126,0.141,0.436,0.136,0.19,6.647,8.233,2.909,780.9,395.6,341,0.032,0.01,0.007,,,
6838,6838,6838,212127837,08 32 53.582,+22 34 28.50,1,15.625,,,563-045838,08325358+2234284,,STAR,BV,rpm,-1.6,2.1,-7.2,2.4,,,15.9,0.09,15.614,0.056,,,15.737,0.048,,,,,,,14.615,0.038,14.387,0.048,14.37,0.062,6082,199,239,4.299,0.15,0.175,-0.53,0.3,0.48,1.075,0.259,0.177,0.892,0.118,0.071,0.676,0.395,0.321,1766,416.6,337.1,0.033,0.008,0.007,,,
6839,6839,6839,212127859,08 26 46.647,+22 34 30.46,1,16.49,,,,08264664+2234304,4508-301-5-0097-0221,STAR,gri,rpm,-36,3,-18,3,,,,,,,21.091,0.076,18.412,0.007,16.985,0.005,15.666,0.005,14.967,0.005,13.567,0.024,12.948,0.023,12.643,0.025,3559,56,70,5.04,0.04,0.04,-0.042,0.12,0.12,0.24,0.032,0.029,0.235,0.044,0.037,16.03,3.919,3.149,121.6,20.75,17.72,0.017,0.004,0.004,,,
6840,6840,6840,212127943,08 32 46.982,+22 34 35.91,1,18.194,,,,08324698+2234359,,STAR,JHK,col,,,,,,,,,,,,,,,,,,,,,15.841,0.133,15.092,0.157,14.95,0.165,4081,588,420,4.807,0.198,0.165,-0.263,0.25,0.35,0.416,0.168,0.157,0.496,0.17,0.204,5.528,7.491,2.821,751.1,509.9,347.7,0.032,0.01,0.007,,,
6841,6841,6841,212127960,08 35 44.794,+22 34 37.48,1,14.224,,,563-045959,08354479+2234375,,STAR,JHK,rpm,-11.6,3.6,-30.2,1.2,,,,,,,,,,,,,,,,,12.78,0.026,12.303,0.022,12.202,0.023,5034,118,148,4.607,0.04,0.048,-0.258,0.3,0.3,0.711,0.074,0.067,0.762,0.079,0.079,2.022,0.409,0.401,393.7,58.32,42.81,0.03,0.008,0.007,,,
6842,6842,6842,212128075,08 35 47.510,+22 34 45.92,1,19.67,,,,,6728-301-5-0135-0510,STAR,gri,,4,3,2,3,,,,,,,20.594,0.061,20.191,0.02,19.827,0.019,19.447,0.019,19.548,0.062,,,,,,,,,,,,,,,,,,,,,,,,,,,,,,,,,
6843,6843,6843,212128160,08 26 19.882,+22 34 51.72,1,11.581,,,563-045535,08261989+2234517,,STAR,gri,rpm,-8.5,0.6,-18.7,0.9,,,12.416,0.04,11.729,0.03,,,12.053,0.03,11.533,0.04,11.379,0.06,,,10.525,0.021,10.24,0.024,10.177,0.019,5896,94,142,4.209,0.22,0.308,-0.012,0.16,0.24,1.276,0.497,0.306,1.091,0.119,0.099,0.448,0.521,0.296,302,111.8,69.72,0.035,0.008,0.011,,,
6844,6844,6844,212128243,08 28 23.858,+22 34 57.61,1,12.84,,,563-045636,08282386+2234575,,STAR,gri,rpm,-28.2,1.2,-6.3,3.1,,,14.01,0.02,13.087,0.032,,,13.561,0.032,12.802,0.041,12.531,0.062,,,11.528,0.021,11.115,0.024,11.019,0.019,5177,126,158,4.565,0.025,0.03,0.032,0.08,0.18,0.81,0.041,0.052,0.879,0.047,0.047,1.618,0.214,0.159,259.4,27.8,11.91,0.028,0.005,0.007,,,
6845,6845,6845,212128262,08 34 43.399,+22 34 59.01,1,14.873,,,563-045912,08344339+2234590,,STAR,JHK,rpm,-1.6,2.1,-6.7,2.3,,,,,,,,,,,,,,,,,13.49,0.023,13.005,0.025,12.947,0.026,5053,151,121,4.57,0.04,1.296,-0.235,0.25,0.5,0.787,2.953,0.075,0.838,0.101,0.063,1.677,0.316,1.66,613.3,2190,66.7,0.034,0.008,0.008,,,
6846,6846,6846,212128301,08 31 43.916,+22 35 01.49,1,17.848,,,,08314391+2235014,4517-301-3-0112-0314,EXTENDED,gri,,1,3,1,3,,,,,,,20.549,0.104,18.748,0.011,17.889,0.008,17.462,0.007,17.132,0.018,16.576,0.139,15.796,0.147,15.557,0.177,,,,,,,,,,,,,,,,,,,,,,,,,,,
6847,6847,6847,212128431,08 30 03.455,+22 35 09.73,1,12.847,,,563-045708,08300345+2235098,,STAR,gri,rpm,12.9,1,-22.3,1.2,,,13.667,0.043,13.006,0.032,,,13.286,0.032,12.803,0.041,12.659,0.062,,,11.781,0.023,11.415,0.021,11.348,0.018,5682,159,137,4.457,0.065,0.234,-0.267,0.25,0.35,0.918,0.338,0.081,0.904,0.084,0.07,1.1,0.317,0.68,376.1,163,37.8,0.031,0.006,0.007,,,
6848,6848,6848,212128434,08 50 54.720,+22 35 10.11,1,18.029,,,,08505471+2235101,,STAR,J,rpm,6,3,14,2,,,,,,,,,,,,,,,,,16.492,0.119,16.013,0.176,15.069,0.122,3638,303,216,5.001,0.085,0.102,-0.139,0.2,0.28,0.26,0.108,0.065,0.259,0.142,0.089,13.44,8.359,5.918,526.6,301.9,165.6,0.031,0.008,0.007,,,
6849,6849,6849,212128435,08 26 06.626,+22 35 10.12,1,11.137,,1941-1625-1,563-045528,08260663+2235100,,STAR,gri,rpm,-8.7,1.4,-10.1,1.5,,,11.724,0.102,11.511,0.144,,,11.421,0.03,11.102,0.04,11.016,0.06,,,10.325,0.021,10.146,0.024,10.087,0.022,6491,157,157,4.124,0.15,0.21,-0.026,0.12,0.15,1.661,0.545,0.305,1.374,0.17,0.145,0.283,0.208,0.152,389.3,131.1,72.87,0.031,0.008,0.007,,,
6850,6850,6850,212128520,08 50 29.109,+22 35 15.27,1,11.528,,1943-128-1,563-046572,08502912+2235153,,STAR,gri,rpm,-26.7,1.9,-9.1,2.1,,,13.039,0.385,11.786,0.179,,,12.193,0.03,11.519,0.02,11.243,0.02,,,10.16,0.023,9.653,0.022,9.605,0.023,5022,59,79,3.004,0.365,0.584,-0.747,0.25,0.3,4.687,4.31,1.569,0.911,0.074,0.026,0.007,0.024,0.006,743.1,636.8,238.4,0.034,0.011,0.008,,,
6851,6851,6851,212128566,08 31 22.218,+22 35 19.80,1,12.476,,,563-045759,08312221+2235198,,STAR,gri,rpm,5.5,1,-3.9,1.2,,,13.681,0.043,12.736,0.031,,,13.183,0.031,12.451,0.041,12.174,0.061,,,11.046,0.025,10.52,0.021,10.459,0.017,4924,58,77,2.621,0.682,0.31,-0.548,0.25,0.5,7.068,4.145,3.248,0.974,0.197,0.108,0.002,0.016,0.002,1747,783,804.7,0.033,0.008,0.008,,,
6852,6852,6852,212128637,08 35 01.329,+22 35 24.70,1,13.767,,,563-045925,08350132+2235246,,STAR,JHK,rpm,6.4,2.2,1.7,1.8,,,,,,,,,,,,,,,,,12.256,0.021,11.762,0.023,11.645,0.019,4982,118,98,3.33,0.375,0.675,-0.464,0.35,0.42,3.666,3.937,1.412,0.947,0.218,0.078,0.018,0.047,0.016,1571,1651,550,0.034,0.013,0.009,,,
6853,6853,6853,212128825,08 34 42.821,+22 35 37.68,1,12.807,,,563-045911,08344282+2235377,,STAR,JHK,rpm,-5.9,1,-9.5,0.7,,,,,,,,,,,,,,,,,11.597,0.021,11.258,0.023,11.181,0.019,5726,229,229,4.341,0.145,0.493,-0.075,0.16,0.28,1.083,0.912,0.21,1.002,0.158,0.099,0.706,0.479,0.585,418.8,335,98.18,0.033,0.008,0.008,,,
6854,6854,6854,212129055,08 34 42.562,+22 35 54.38,1,14.704,,,563-045910,08344256+2235545,4508-301-3-0107-0198,STAR,JHK,col,,,,,,,,,,,,,,,,,,,,,13.321,0.021,12.875,0.023,12.778,0.023,5171,149,119,4.566,0.045,0.918,-0.282,0.25,0.5,0.781,1.711,0.077,0.825,0.092,0.092,1.71,0.37,1.643,580.7,1215,71.42,0.033,0.008,0.007,,,
6855,6855,6855,212129117,08 31 24.779,+22 35 58.94,1,16.752,,,,08312477+2235589,4517-301-3-0112-0237,EXTENDED,gri,,,,,,,,,,,,19.586,0.05,17.691,0.006,16.765,0.004,16.35,0.004,16.003,0.009,15.259,0.081,14.577,0.072,14.198,0.077,,,,,,,,,,,,,,,,,,,,,,,,,,,
6856,6856,6856,212129149,08 28 22.539,+22 36 01.27,1,13.052,,,564-043815,08282253+2236011,,STAR,gri,rpm,-1.8,1.5,-9.8,1.9,,,14.242,0.02,13.325,0.032,,,13.756,0.033,13.047,0.042,12.751,0.062,,,11.639,0.021,11.145,0.024,11.057,0.022,5004,79,79,3.153,0.425,0.765,-0.533,0.3,0.36,3.892,5.106,1.332,0.956,0.21,0.07,0.013,0.041,0.012,1342,1373,503.1,0.033,0.01,0.008,,,
6857,6857,6857,212129155,08 30 18.208,+22 36 01.62,1,18.805,,,,08301820+2236016,4508-301-4-0102-0374,STAR,gri,,45,4,-63,4,,,,,,,22.779,0.303,20.204,0.019,18.839,0.01,18.206,0.009,17.868,0.018,16.653,0.146,,,,,,,,,,,,,,,,,,,,,,,,,,,,,,,
6858,6858,6858,212129197,08 25 56.139,+22 36 04.89,1,14.342,,,564-043682,08255614+2236049,4469-301-1-0101-0103,STAR,gri,rpm,-3.1,3.1,-3.1,3.4,,,15.436,0.05,14.573,0.04,,,14.954,0.04,14.29,0.048,14.08,0.073,,,13.078,0.022,12.631,0.026,12.551,0.019,5176,155,124,3.683,0.864,0.648,-0.401,0.35,0.49,2.147,1.986,1.426,0.891,0.128,0.071,0.075,1.776,0.066,1403,1174,942.8,0.033,0.01,0.007,,,
6859,6859,6859,212129349,08 34 46.970,+22 36 17.00,1,12.781,,,564-044127,08344696+2236170,,STAR,JHK,rpm,-2.5,1,-1.2,2.7,,,,,,,,,,,,,,,,,11.641,0.021,11.332,0.023,11.282,0.021,5961,178,178,4.149,0.245,0.245,-0.081,0.15,0.3,1.39,0.533,0.385,1.083,0.158,0.132,0.322,0.469,0.191,545.5,205.8,149.4,0.032,0.01,0.007,,,
6860,6860,6860,212129367,08 29 43.185,+22 36 18.40,1,11.47,,1941-499-1,564-043879,08294317+2236184,,STAR,gri,rpm,1.9,2.6,-2.5,2.8,,,13.063,0.436,11.954,0.219,,,12.269,0.03,11.463,0.04,11.127,0.06,,,9.905,0.021,9.361,0.025,9.221,0.018,4782,76,76,2.428,0.38,0.114,-0.324,0.16,0.24,10.709,0.979,3.915,1.124,0.216,0.154,9.21E-04,0.003,2.69E-04,1417,136.7,454.5,0.034,0.01,0.007,,,
6861,6861,6861,212129500,08 30 11.999,+22 36 28.66,1,17.561,,,,08301199+2236286,4508-301-4-0101-0431,EXTENDED,gri,,2,3,-2,3,,,,,,,19.38,0.054,18.204,0.009,17.641,0.009,17.285,0.007,17.113,0.023,16.733,0.16,16.134,0.211,15.384,0.173,,,,,,,,,,,,,,,,,,,,,,,,,,,
6862,6862,6862,212129678,08 29 01.913,+22 36 42.33,1,13.376,,,564-043843,08290192+2236423,4517-301-4-0108-0109,STAR,JHK,rpm,-52.4,6.4,-27.4,4.6,,,,,,,,,,,,,,,,,11.109,0.021,10.507,0.022,10.246,0.018,3511,167,461,5.012,0.189,0.035,-0.004,0.3,0.12,0.262,0.045,0.119,0.258,0.069,0.11,14.32,25.21,3.075,41.47,15.88,23.03,0.008,0.003,0.005,,,
6863,6863,6863,212129725,08 32 49.892,+22 36 45.40,1,14.674,,,564-044037,08324989+2236453,,STAR,BV,rpm,-5.6,2.1,-13.9,2.3,,,15.725,0.07,14.876,0.044,,,15.267,0.042,,,,,,,13.388,0.023,13.014,0.029,12.858,0.029,5468,258,161,4.521,0.055,0.099,-0.285,0.25,0.3,0.832,0.147,0.08,0.865,0.076,0.076,1.401,0.343,0.456,692,164.9,86.51,0.034,0.008,0.007,,,
6864,6864,6864,212129818,08 34 04.826,+22 36 52.98,1,11.802,,1942-55-1,564-044095,08340483+2236529,,STAR,BV,rpm,-22.8,1.6,-54.9,1.8,,,12.587,0.298,11.931,0.215,,,,,,,,,,,10.504,0.021,10.179,0.023,10.05,0.019,5744,228,228,4.442,0.09,0.324,-0.347,0.3,0.48,0.958,0.472,0.174,0.891,0.098,0.098,1.038,0.533,0.684,220.9,128.2,61.59,0.026,0.008,0.005,,,
6865,6865,6865,212129933,08 35 31.011,+22 37 00.53,1,10.67,,1942-133-1,564-044166,08353100+2237004,,STAR,BV,rpm,6.9,1.5,-7.8,1.5,,,12.395,0.305,10.957,0.091,,,,,,,,,,,8.429,0.018,7.739,0.023,7.582,0.036,4333,84,84,1.781,0.29,0.348,-0.316,0.25,0.4,22.259,7.084,6.282,1.102,0.194,0.194,9.37E-05,1.47E-04,6.35E-05,1314,471.5,296.3,0.034,0.008,0.007,,,
6866,6866,6866,212130096,08 35 21.464,+22 37 12.74,1,14.53,,,564-044160,08352146+2237127,,STAR,JHK,rpm,-6.6,2.1,-9.2,2.3,,,,,,,,,,,,,,,,,13.086,0.023,12.604,0.027,12.508,0.022,5051,150,120,4.571,0.048,1.152,-0.231,0.25,0.4,0.769,2.151,0.071,0.826,0.106,0.088,1.719,0.372,1.687,503.9,1469,56.86,0.033,0.01,0.007,,,
6867,6867,6867,212130211,08 30 31.672,+22 37 20.22,1,11.019,,1941-1573-1,564-043921,08303166+2237203,,STAR,BV,plx,2.5,1.6,-2.7,1.6,,,11.457,0.084,11.053,0.088,,,,,,,,,,,10.302,0.023,10.132,0.025,10.107,0.018,6745,270,270,4.051,0.14,0.168,-0.014,0.1,0.12,1.8,0.529,0.303,1.489,0.138,0.138,0.221,0.141,0.11,509.4,150.8,150.8,0.032,0.01,0.007,,,
6868,6868,6868,212130257,08 26 33.493,+22 37 23.52,1,13.595,,,564-043716,08263350+2237236,,STAR,gri,rpm,-37.6,2.7,-25.9,2,,,14.875,0.03,13.884,0.035,,,14.369,0.036,13.548,0.043,13.263,0.065,,,12.174,0.021,11.691,0.022,11.566,0.019,4918,98,98,4.619,0.035,0.035,-0.286,0.28,0.2,0.686,0.066,0.06,0.746,0.079,0.065,2.177,0.41,0.345,282.7,33.76,30.16,0.031,0.007,0.008,,,
6869,6869,6869,212130469,08 29 13.250,+22 37 38.94,1,14.142,,,564-043854,08291326+2237390,4517-301-4-0109-0076,STAR,JHK,rpm,-59.3,3,-62.7,3.3,,,,,,,,,,,,,,,,,11.766,0.022,11.119,0.022,10.867,0.02,3695,174,87,4.948,0.078,0.065,0.007,0.15,0.15,0.33,0.053,0.066,0.363,0.081,0.097,9.598,4.73,2.724,81.42,25.17,22.49,0.013,0.006,0.007,,,
6870,6870,6870,212130615,08 31 57.967,+22 37 49.58,1,13.653,,,564-043998,08315796+2237496,,STAR,gri,rpm,-2.6,1.4,-10.5,1.5,,,14.872,0.03,13.904,0.035,,,14.385,0.036,13.587,0.043,13.339,0.065,,,12.186,0.022,11.723,0.025,11.694,0.024,5032,60,100,4.534,0.045,1.161,-0.06,0.2,0.36,0.847,2.605,0.071,0.9,0.229,0.062,1.481,0.291,1.456,377,1044,48.8,0.032,0.008,0.01,,,
6871,6871,6871,212130638,08 32 39.810,+22 37 51.29,1,14.346,,,564-044030,08323980+2237512,4517-301-3-0113-0191,STAR,JHK,rpm,-10,1.7,-12.8,2.5,,,,,,,,,,,,,,,,,13.005,0.023,12.623,0.025,12.489,0.022,5466,219,219,4.52,0.048,0.088,-0.188,0.25,0.35,0.846,0.136,0.067,0.887,0.065,0.077,1.407,0.285,0.434,579.2,124.9,66.54,0.033,0.008,0.007,,,
6872,6872,6872,212130640,08 29 51.714,+22 37 51.33,1,17.672,,,,08295171+2237513,4508-301-4-0101-0386,EXTENDED,gri,,5,3,-1,3,,,,,,,20.606,0.09,18.69,0.01,17.692,0.007,17.235,0.006,16.862,0.014,15.847,0.084,15.235,0.114,14.67,0.086,,,,,,,,,,,,,,,,,,,,,,,,,,,
6873,6873,6873,212130717,08 30 22.681,+22 37 58.17,1,9.875,,1941-1479-1,564-043916,08302268+2237581,,STAR,gri,plx,-18,0.9,-1.8,0.9,,,10.461,0.04,9.981,0.036,,,10.321,0.03,9.829,0.04,9.683,0.06,,,8.899,0.024,8.655,0.026,8.604,0.02,5985,118,118,4.102,0.075,0.09,0.008,0.18,0.21,1.554,0.167,0.151,1.158,0.086,0.103,0.302,0.092,0.082,178,15.28,15.28,0.023,0.006,0.006,,,
6874,6874,6874,212130805,08 27 14.724,+22 38 04.69,1,9.479,,1941-1639-1,564-043757,08271472+2238046,,STAR,gri,plx,-13.4,1.2,6,1.2,,,11.235,0.096,9.838,0.038,,,10.631,0.03,9.456,0.04,8.985,0.06,,,7.555,0.021,6.875,0.017,6.725,0.018,4229,67,50,1.764,0.12,0.192,-0.095,0.15,0.21,24.699,3.974,2.888,1.284,0.297,0.212,8.13E-05,4.70E-05,3.35E-05,1193,477.4,477.4,0.034,0.01,0.007,,,
6875,6875,6875,212130889,08 32 17.936,+22 38 10.82,1,14.545,,,564-044009,08321793+2238110,4517-301-3-0113-0143,EXTENDED,gri,,-8,3,2.3,3.2,,,15.358,0.06,14.794,0.043,,,15.002,0.04,14.662,0.051,14.349,0.077,,,13.578,0.027,13.241,0.036,13.234,0.031,,,,,,,,,,,,,,,,,,,,,,,,,,,
6876,6876,6876,212130922,08 30 01.405,+22 38 12.60,1,18.613,,,,08300140+2238125,,STAR,JHK,col,,,,,,,,,,,,,,,,,,,,,16.308,0.114,15.626,0.131,15.433,0.156,3997,555,396,4.876,0.155,0.186,-0.246,0.25,0.35,0.406,0.181,0.164,0.455,0.183,0.22,6.539,7.603,3.515,859.9,607.2,407,0.032,0.011,0.007,,,
6877,6877,6877,212130995,08 30 21.774,+22 38 19.18,1,16.498,,,,08302177+2238191,,STAR,J,col,,,,,,,,,,,,,,,,,,,,,15.072,0.064,14.479,0.077,14.019,0.071,3625,325,278,5.008,0.105,0.126,-0.096,0.16,0.24,0.268,0.117,0.082,0.273,0.168,0.105,12.89,10.84,6.691,265,195.5,97.79,0.027,0.01,0.008,,,
6878,6878,6878,212131001,08 27 55.860,+22 38 19.49,1,10.462,,1941-1419-1,564-043792,08275585+2238195,,STAR,gri,rpm,-6,1.3,-9.3,1.4,,,11.767,0.14,10.811,0.079,,,11.335,0.03,10.434,0.04,10.088,0.06,,,8.878,0.029,8.327,0.027,8.187,0.027,4682,76,76,2.457,0.231,0.105,-0.152,0.15,0.18,11.184,0.933,2.507,1.273,0.248,0.213,9.29E-04,0.001,2.62E-04,901,86.02,172.7,0.034,0.01,0.007,,,
6879,6879,6879,212131011,08 29 00.502,+22 38 20.19,1,16.947,,,,08290050+2238201,,STAR,J,col,,,,,,,,,,,,,,,,,,,,,15.489,0.064,14.8,0.091,14.458,0.072,3903,394,394,4.886,0.14,0.14,-0.157,0.2,0.28,0.364,0.155,0.142,0.409,0.178,0.178,7.083,9.368,3.574,473.9,298.2,210.1,0.032,0.011,0.008,,,
6880,6880,6880,212131016,08 28 06.884,+22 38 20.26,1,13.472,,,564-043804,08280688+2238203,,STAR,gri,rpm,-46,3.1,-29.7,2.7,,,15.431,0.05,14.002,0.036,,,14.873,0.039,13.447,0.043,12.872,0.063,,,11.485,0.02,10.804,0.022,10.666,0.018,3983,47,63,4.835,0.02,0.04,0.01,0.1,0.08,0.448,0.039,0.02,0.511,0.04,0.025,5.46,0.527,0.834,104.3,10.43,5.38,0.014,0.005,0.003,,,
6881,6881,6881,212131103,08 32 36.195,+22 38 25.56,1,17.226,,,,08323619+2238255,4517-301-3-0113-0302,EXTENDED,gri,,8,3,2,3,,,,,,,20.251,0.099,18.429,0.01,17.174,0.006,16.711,0.005,16.291,0.011,15.92,0.083,15.141,0.109,14.469,0.082,,,,,,,,,,,,,,,,,,,,,,,,,,,
6882,6882,6882,212131312,08 31 37.801,+22 38 40.49,1,17.47,,,,08313780+2238404,4508-301-4-0103-0377,EXTENDED,gri,,2,4,4,4,,,,,,,19.679,0.062,18.265,0.009,17.533,0.007,17.13,0.007,16.87,0.019,16.355,0.129,15.601,0.181,15.285,0.169,,,,,,,,,,,,,,,,,,,,,,,,,,,
6883,6883,6883,212131583,08 31 47.273,+22 39 00.23,1,17.972,,,,08314727+2239002,4517-301-3-0112-0170,EXTENDED,gri,,,,,,,,,,,,20.912,0.135,18.903,0.013,17.995,0.009,17.573,0.008,17.261,0.02,16.402,0.169,15.814,0.204,15.193,0.169,,,,,,,,,,,,,,,,,,,,,,,,,,,
6884,6884,6884,212131596,08 26 26.149,+22 39 01.29,1,12.306,,,564-043710,08262615+2239013,,STAR,gri,rpm,-17.5,1.2,-4.5,1.1,,,13.09,0.041,12.47,0.031,,,12.731,0.031,12.271,0.04,12.123,0.061,,,11.342,0.02,11.017,0.022,10.978,0.022,5881,139,139,4.36,0.11,0.374,-0.135,0.18,0.24,1.086,0.616,0.172,1.027,0.115,0.096,0.715,0.367,0.525,383,202.1,73.12,0.031,0.012,0.006,,,
6885,6885,6885,212131602,08 28 58.695,+22 39 01.56,1,14.855,,,564-043842,08285870+2239014,,STAR,JHK,rpm,-3.6,3,-4.9,3.3,,,,,,,,,,,,,,,,,13.294,0.024,12.785,0.026,12.661,0.021,4954,146,116,4.562,0.06,1.5,-0.232,0.25,0.45,0.777,3.845,0.083,0.833,0.158,0.079,1.613,0.573,1.605,555.8,2643,89.23,0.033,0.008,0.006,,,
6886,6886,6886,212131625,08 29 41.760,+22 39 03.85,1,10.691,,1941-1679-1,564-043877,08294176+2239036,,STAR,gri,plx,-3,1.7,-6.4,1.8,,,12.128,0.234,10.959,0.091,,,11.694,0.03,10.651,0.04,10.261,0.06,,,8.905,0.023,8.267,0.024,8.131,0.026,4415,70,70,1.964,0.325,0.39,-0.257,0.3,0.36,17.636,8.258,4.83,1.133,0.27,0.225,1.76E-04,3.32E-04,1.27E-04,3493,6123,6123,0.034,0.01,0.007,,,
6887,6887,6887,212131653,08 31 47.825,+22 39 05.89,1,16.685,,,564-043987,08314785+2239059,4517-301-3-0112-0167,EXTENDED,JHK,,-10.4,4.2,1.2,4.1,,,,,,,,,,,,,,,,,14.292,0.081,13.512,0.082,13.276,0.071,,,,,,,,,,,,,,,,,,,,,,,,,,,
6888,6888,6888,212131716,08 35 01.023,+22 39 10.98,1,11.925,,,564-044141,08350102+2239109,,STAR,JHK,rpm,0,1.2,-1.8,2.2,,,,,,,,,,,,,,,,,10.038,0.022,9.431,0.023,9.289,0.019,4578,107,89,2.406,0.17,0.306,-0.141,0.2,0.36,11.287,3.897,2.155,1.205,0.161,0.193,7.82E-04,6.25E-04,4.76E-04,1515,445.7,254.9,0.034,0.01,0.007,,,
6889,6889,6889,212131722,08 28 09.863,+22 39 11.17,1,14.627,,,564-043808,08280985+2239112,,STAR,JHK,rpm,-4.5,3,-15.4,3.4,,,,,,,,,,,,,,,,,13.224,0.023,12.725,0.023,12.669,0.023,5009,149,149,4.598,0.036,0.048,-0.232,0.25,0.3,0.73,0.074,0.056,0.793,0.073,0.073,1.952,0.315,0.369,493.9,84.78,46.56,0.031,0.01,0.008,,,
6890,6890,6890,212131790,08 34 57.175,+22 39 16.59,1,16.677,,,,08345717+2239165,4508-301-3-0108-0235,EXTENDED,gri,,2,3,12,3,,,,,,,19.516,0.043,17.635,0.006,16.686,0.004,16.266,0.004,15.919,0.008,15.337,0.066,14.573,0.071,14.221,0.061,,,,,,,,,,,,,,,,,,,,,,,,,,,
6891,6891,6891,212131868,08 33 49.713,+22 39 22.32,1,17.085,,,,08334971+2239223,4508-301-3-0106-0105,STAR,gri,col,,,,,,,,,,,21.431,0.1,18.836,0.009,17.476,0.006,16.334,0.005,15.739,0.007,14.404,0.034,13.9,0.047,13.679,0.052,3373,33,40,5.083,0.024,0.024,0.099,0.12,0.08,0.201,0.016,0.01,0.183,0.018,0.013,21.65,2.641,2.793,134.2,17,10.96,0.017,0.005,0.003,,,
6892,6892,6892,212131956,08 31 41.772,+22 39 28.83,1,17.302,,,564-043978,08314178+2239287,4508-301-4-0104-0323,EXTENDED,JHK,,-0.1,5.6,-1.2,5.4,,,,,,,,,,,,,,,,,14.83,0.072,14.059,0.071,13.784,0.062,,,,,,,,,,,,,,,,,,,,,,,,,,,
6893,6893,6893,212132026,08 29 15.739,+22 39 32.72,1,12.91,,,564-043859,08291574+2239327,,STAR,gri,rpm,-5.4,1.1,-27.2,3.1,,,13.774,0.044,13.097,0.032,,,13.406,0.032,12.879,0.041,12.697,0.062,,,11.768,0.022,11.409,0.022,11.347,0.017,5612,170,136,4.479,0.05,0.44,-0.138,0.2,0.32,0.934,0.704,0.107,0.947,0.058,0.093,1.161,0.3,0.907,375.4,268.9,55.15,0.031,0.011,0.007,,,
6894,6894,6894,212132257,08 34 20.452,+22 39 50.82,1,15.048,,,564-044105,08342044+2239507,,STAR,JHK,rpm,2.8,3.8,-1,3.9,,,,,,,,,,,,,,,,,13.36,0.021,12.786,0.025,12.677,0.02,4697,141,141,4.632,0.045,2.196,-0.235,0.25,0.55,0.692,8.859,0.074,0.744,0.131,0.082,2.239,0.484,2.238,459.3,5442,65.85,0.031,0.011,0.007,,,
6895,6895,6895,212132269,08 29 21.651,+22 39 51.60,1,17.77,,,,08292165+2239515,4517-301-4-0109-0229,EXTENDED,gri,,2,3,3,3,,,,,,,20.446,0.111,18.7,0.011,17.809,0.008,17.371,0.007,17.028,0.019,16.664,0.179,15.688,0.152,15.365,0.164,,,,,,,,,,,,,,,,,,,,,,,,,,,
6896,6896,6896,212132519,08 34 14.954,+22 40 09.82,1,14.232,,,564-044102,08341495+2240098,,STAR,JHK,rpm,8.6,1.9,-20.4,2.5,,,,,,,,,,,,,,,,,12.746,0.021,12.253,0.027,12.147,0.019,4998,152,152,4.591,0.04,0.064,-0.168,0.24,0.4,0.743,0.12,0.059,0.797,0.092,0.066,1.887,0.403,0.475,403.8,92.53,48.85,0.032,0.008,0.005,,,
6897,6897,6897,212132528,08 35 05.050,+22 40 10.42,1,11.992,,,564-044145,08350504+2240104,,STAR,JHK,rpm,-5.7,1,-12.6,1.3,,,,,,,,,,,,,,,,,10.312,0.022,9.72,0.023,9.632,0.02,4708,112,112,2.514,0.483,0.345,-0.405,0.35,0.42,8.61,3.636,3.352,0.979,0.211,0.081,0.001,0.006,0.001,1375,553.7,518.8,0.034,0.01,0.007,,,
6898,6898,6898,212132553,08 29 21.973,+22 40 13.02,1,16.79,,,,08292197+2240130,4517-301-4-0109-0234,EXTENDED,gri,,-1,3,3,3,,,,,,,19.62,0.065,17.739,0.007,16.796,0.005,16.383,0.005,16.061,0.011,15.698,0.092,14.938,0.098,14.705,0.101,,,,,,,,,,,,,,,,,,,,,,,,,,,
6899,6899,6899,212132566,08 26 28.570,+22 40 13.99,1,17.133,,,,08262856+2240139,4469-301-1-0102-0330,STAR,gri,rpm,-43,3,-8,3,,,,,,,21.913,0.177,19.338,0.012,17.837,0.006,16.188,0.004,15.285,0.005,13.76,0.026,13.135,0.027,12.856,0.028,3417,34,41,5.135,0.02,0.048,-0.173,0.26,0.06,0.18,0.022,0.004,0.161,0.023,0.003,27.65,1.659,5.686,90.19,11,2.706,0.02,0.002,0.008,,,
6900,6900,6900,212132725,08 31 08.438,+22 40 23.84,1,11.081,,1941-1703-1,564-043949,08310844+2240239,,STAR,gri,plx,-0.6,1.5,-26.8,1.6,,,11.451,0.087,10.882,0.083,,,11.3,0.03,11.007,0.04,10.931,0.06,,,10.199,0.02,10.041,0.022,10,0.018,6604,162,135,4.225,0.07,0.098,-0.045,0.12,0.12,1.437,0.214,0.135,1.326,0.085,0.085,0.422,0.121,0.126,305.4,51.25,51.25,0.029,0.01,0.007,,,
6901,6901,6901,212132763,08 35 18.636,+22 40 27.44,1,13.465,,,564-044155,08351863+2240273,4508-301-3-0108-0156,STAR,JHK,rpm,17.7,2.3,-49.5,2.5,,,,,,,,,,,,,,,,,11.411,0.028,10.878,0.032,10.612,0.028,3666,44,44,4.976,0.02,0.05,0.059,0.05,0.06,0.312,0.019,0.006,0.34,0.025,0.014,11.09,0.665,1.114,61.86,15.23,1.856,0.011,0.002,0.001,,,
6902,6902,6902,212132791,08 30 11.133,+22 40 29.28,1,15.53,,,564-043902,08301113+2240293,4508-301-4-0102-0031,STAR,JHK,rpm,-3.7,2.1,-4.1,2.3,,,,,,,,,,,,,,,,,14.197,0.028,13.773,0.036,13.686,0.046,5296,256,213,4.538,0.054,0.72,-0.263,0.25,0.4,0.821,1.174,0.088,0.853,0.071,0.085,1.544,0.334,1.413,954.5,1326,125.1,0.033,0.008,0.007,,,
6903,6903,6903,212132829,08 29 23.117,+22 40 31.76,1,18.059,,,,08292311+2240317,4335-301-1-0107-0357,EXTENDED,gri,,-1,3,2,3,,,,,,,20.901,0.096,18.985,0.012,18.049,0.008,17.662,0.008,17.346,0.017,16.433,0.133,15.819,0.151,15.455,0.175,,,,,,,,,,,,,,,,,,,,,,,,,,,
6904,6904,6904,212132839,08 27 16.029,+22 40 32.63,1,16.723,,,,08271602+2240326,4508-301-5-0098-0359,STAR,gri,rpm,6,3,-53,3,,,,,,,21.261,0.085,18.509,0.008,17.1,0.005,15.958,0.005,15.361,0.006,14.037,0.026,13.376,0.03,13.177,0.026,3348,40,53,5.094,0.026,0.02,0.077,0.08,0.06,0.197,0.004,0.011,0.176,0.007,0.012,23.1,2.7,1.386,109.5,4.372,8.248,0.016,0.003,0.001,,,
6905,6905,6905,212132920,08 35 36.652,+22 40 38.42,1,11.277,,1942-317-1,564-044170,08353664+2240384,,STAR,BV,rpm,10.4,1.5,-17.6,1.6,,,12.403,0.254,11.5,0.133,,,,,,,,,,,10.615,0.022,10.453,0.023,10.368,0.019,6638,292,250,4.166,0.095,0.152,-0.072,0.12,0.09,1.583,0.369,0.22,1.38,0.1,0.14,0.335,0.155,0.152,439.6,95.54,68.19,0.032,0.014,0.008,,,
6906,6906,6906,212133002,08 30 21.090,+22 40 44.66,1,19.009,,,,,4508-301-4-0102-0256,STAR,gri,,-3,4,2,4,,,,,,,19.362,0.027,19.076,0.01,18.987,0.011,19.038,0.013,18.837,0.035,,,,,,,,,,,,,,,,,,,,,,,,,,,,,,,,,
6907,6907,6907,212133146,08 26 52.357,+22 40 54.04,1,15.386,,,564-043731,08265238+2240531,,STAR,BV,rpm,-0.3,2.9,-7.8,3.3,,,15.911,0.08,15.444,0.053,,,15.826,0.049,,,,,,,14.639,0.038,14.164,0.046,14.247,0.054,5171,307,255,4.574,0.05,0.1,-0.276,0.25,0.35,0.762,0.153,0.073,0.806,0.089,0.074,1.773,0.408,0.602,1035,325.5,145.9,0.033,0.011,0.007,,,
6908,6908,6908,212133225,08 34 40.012,+22 41 00.01,1,14.753,,,564-044122,08344000+2241000,4508-301-3-0108-0036,STAR,JHK,rpm,1.6,2.1,-4.2,2.4,,,,,,,,,,,,,,,,,13.424,0.027,12.979,0.029,12.916,0.024,5216,186,186,4.526,0.055,1.144,-0.285,0.25,0.5,0.836,2.295,0.086,0.875,0.105,0.088,1.407,0.448,1.382,689.7,1754,116.6,0.033,0.01,0.007,,,
6909,6909,6909,212147013,09 05 43.295,+22 58 07.92,1,13.952,,,565-044969,09054329+2258078,,STAR,gri,lam,-4.1,2,-10.1,4.2,,,15.229,0.08,14.267,0.06,,,14.671,0.06,13.915,0.05,13.645,0.01,,,12.526,0.022,12.113,0.031,12,0.023,5021,121,182,4.564,0.03,0.03,0.152,0.1,0.1,0.794,0.045,0.043,0.86,0.035,0.05,1.683,0.205,0.217,396.8,35.49,42.82,0.027,0.008,0.006,,,
6910,6910,6910,212147192,09 06 46.387,+22 58 21.71,1,12.614,,,565-044999,09064637+2258218,,STAR,gri,rpm,-6.2,1.5,-35.3,2.4,,,13.54,0.05,12.816,0.06,,,13.093,0.06,12.611,0.04,12.409,0.04,,,11.426,0.022,11.051,0.027,11.009,0.021,5612,169,135,4.47,0.06,0.46,-0.231,0.24,0.36,0.928,0.667,0.099,0.904,0.084,0.07,1.164,0.252,0.744,317.9,207.7,35.87,0.029,0.008,0.005,,,
6911,6911,6911,212147214,09 06 09.111,+22 58 23.05,1,10.11,,1950-2174-1,565-044977,09060910+2258230,,STAR,gri,rpm,-3.6,1.2,-72.5,1.2,,,10.802,0.065,10.205,0.053,,,10.549,0.06,10.102,0.05,9.922,0.03,,,9.077,0.023,8.726,0.026,8.675,0.022,5723,172,172,4.428,0.075,0.51,-0.145,0.2,0.44,0.986,0.766,0.122,0.978,0.082,0.099,0.978,0.326,0.804,118.7,93.32,17.66,0.02,0.008,0.006,,,
6912,6912,6912,212147332,09 05 21.087,+22 58 31.50,1,15.08,,,565-044956,09052108+2258316,5038-301-4-0071-0099,STAR,gri,col,,,,,,,17.025,0.09,15.666,0.12,,,16.351,0.04,15.131,0.05,14.535,0.03,,,12.978,0.025,12.332,0.024,12.174,0.019,3986,79,63,4.833,0.04,0.04,-0.056,0.16,0.2,0.451,0.039,0.049,0.511,0.043,0.06,5.508,1.268,0.874,199.3,24.83,26.19,0.024,0.005,0.006,,,
6913,6913,6913,212148162,09 06 27.308,+22 59 37.80,1,15.907,,,,09062730+2259378,5038-301-4-0073-0191,EXTENDED,gri,,-3,2,4,2,,,,,,,18.753,0.034,16.835,0.004,15.938,0.004,15.51,0.004,15.158,0.008,15.012,0.079,14.296,0.085,13.955,0.077,,,,,,,,,,,,,,,,,,,,,,,,,,,
6914,6914,6914,212148685,09 06 21.510,+23 00 16.83,1,17.513,,,,09062151+2300168,5038-301-4-0073-0185,STAR,gri,rpm,-11,3,-53,3,,,,,,,19.977,0.035,18.263,0.007,17.506,0.006,17.191,0.006,17.036,0.012,15.933,0.089,15.948,0.189,15.504,0.188,4810,118,295,4.819,0.048,0.02,-1.756,0.72,0.48,0.471,0.011,0.051,0.536,0.011,0.052,5.075,1.344,0.339,1033,30.98,164.2,0.038,0.032,0.008,,,
6915,6915,6915,212148727,09 02 57.839,+23 00 19.21,1,13.146,,,566-044510,09025784+2300193,,STAR,gri,rpm,-20.2,3.2,-56.4,1.5,,,15.924,0.07,14.306,0.06,,,15.041,0.06,13.689,0.04,12.334,0.01,,,10.224,0.021,9.649,0.027,9.412,0.022,3793,45,106,4.912,0.045,0.025,-0.01,0.08,0.1,0.367,0.019,0.044,0.41,0.02,0.06,7.987,2.045,0.95,43.34,3.637,6.452,0.008,0.001,0.003,,,
6916,6916,6916,212148987,09 04 57.090,+23 00 39.21,1,14.351,,,566-044569,09045709+2300392,5045-301-4-0171-0019,STAR,gri,rpm,8.7,4.5,-2.1,4.9,,,15.583,0.07,14.665,0.08,,,15.058,0.06,14.35,0.04,14.048,0.01,,,12.921,0.023,12.401,0.024,12.326,0.026,4941,116,96,3.284,1.408,0.88,-0.425,0.32,0.56,2.985,4.6,2.428,0.88,0.095,0.115,0.015,1.636,0.014,1955,2878,1572,0.034,0.008,0.007,,,
6917,6917,6917,212149114,09 04 26.464,+23 00 48.66,1,17.775,,,,,5045-301-4-0170-0136,EXTENDED,gri,,3,3,-4,3,,,,,,,19.491,0.043,18.291,0.008,17.854,0.008,17.554,0.009,17.428,0.029,,,,,,,,,,,,,,,,,,,,,,,,,,,,,,,,,
6918,6918,6918,212149127,09 05 58.052,+23 00 50.01,1,18.21,,,,09055805+2300500,5038-301-4-0072-0320,STAR,gri,,4,3,-84,3,,,,,,,21.245,0.081,19.244,0.01,18.216,0.008,17.767,0.007,17.493,0.016,16.399,0.107,16.047,0.194,,,,,,,,,,,,,,,,,,,,,,,,,,,,,
6919,6919,6919,212149287,09 04 14.464,+23 01 02.00,1,19.371,,,,,5045-301-4-0170-0266,EXTENDED,gri,,-6,4,1,4,,,,,,,20.822,0.153,19.53,0.021,19.318,0.028,19.089,0.036,19.093,0.15,,,,,,,,,,,,,,,,,,,,,,,,,,,,,,,,,
6920,6920,6920,212149503,09 04 50.204,+23 01 18.72,1,17.984,,,,,5045-301-4-0171-0007,STAR,gri,,3,3,-1,3,,,,,,,18.137,0.014,17.849,0.005,18.029,0.007,17.912,0.008,17.784,0.021,,,,,,,,,,,,,,,,,,,,,,,,,,,,,,,,,
6921,6921,6921,212149724,09 05 50.884,+23 01 34.49,1,14.723,,,566-044603,09055088+2301343,5038-301-4-0072-0115,STAR,gri,rpm,4.3,4.4,-5.4,4.8,,,16.158,0.08,15.132,0.07,,,15.608,0.04,14.743,0.06,14.344,0.02,,,13.145,0.024,12.656,0.032,12.534,0.028,4827,116,116,4.598,0.035,1.54,-0.092,0.15,0.33,0.737,3.779,0.052,0.804,0.172,0.069,1.981,0.32,1.964,464.8,2290,46.72,0.033,0.01,0.006,,,
6922,6922,6922,212149785,09 03 08.528,+23 01 39.54,1,11.865,,1950-2047-1,566-044516,09030853+2301395,,STAR,gri,lam,-4.1,2,-17.9,2,,,12.265,0.231,12.022,0.26,,,12.074,0.07,11.795,0.05,11.666,0.04,,,10.934,0.023,10.693,0.021,10.628,0.022,6253,151,125,4.139,0.138,0.115,-0.321,0.12,0.12,1.416,0.293,0.205,1.095,0.118,0.084,0.357,0.184,0.14,431,93.42,65.01,0.032,0.007,0.008,,,
6923,6923,6923,212150029,09 03 51.417,+23 01 56.63,1,11.69,,1950-1663-1,566-044538,09035141+2301568,,STAR,gri,lam,-1.8,2.5,-0.3,2.7,,,12.852,0.352,12.262,0.268,,,12.118,0.06,11.689,0.05,11.507,0.04,,,10.645,0.022,10.328,0.021,10.276,0.02,5864,141,141,4.456,0.04,0.064,-0.42,0.15,0.15,0.923,0.097,0.064,0.894,0.053,0.064,1.106,0.208,0.238,227.4,29.52,26.13,0.027,0.007,0.005,,,
6924,6924,6924,212150103,09 03 30.053,+23 02 02.99,1,15.919,,,,09033005+2302029,5045-301-4-0169-0019,EXTENDED,gri,,2,2,5,2,,,,,,,18.005,0.031,16.483,0.004,15.955,0.004,15.677,0.005,15.497,0.014,16.4,0.163,15.774,0.183,15.397,0.185,,,,,,,,,,,,,,,,,,,,,,,,,,,
6925,6925,6925,212150143,09 05 52.074,+23 02 05.81,1,19.584,,,,,5038-301-4-0072-0315,STAR,gri,,-1,3,-6,3,,,,,,,21.338,0.086,19.758,0.013,19.526,0.014,19.249,0.016,18.814,0.039,,,,,,,,,,,,,,,,,,,,,,,,,,,,,,,,,
6926,6926,6926,212150463,09 05 50.000,+23 02 29.53,1,15.483,,,566-044602,09055000+2302294,5038-301-4-0072-0119,STAR,gri,lam,-4.8,4.3,0.8,4.7,,,16.591,0.1,15.798,0.09,,,16.083,0.02,15.441,0.05,15.225,0.06,,,13.987,0.028,13.547,0.039,13.479,0.047,4955,148,148,4.617,0.025,0.025,-0.26,0.15,0.15,0.696,0.038,0.036,0.747,0.045,0.045,2.142,0.234,0.211,661.6,60.49,55.43,0.033,0.008,0.007,,,
6927,6927,6927,212150633,09 05 37.487,+23 02 43.02,1,13.313,,,566-044592,09053748+2302429,,STAR,gri,lam,-6.2,2.9,1.3,3.3,,,14.508,0.05,13.583,0.07,,,13.958,0.07,13.292,0.04,13.037,0.02,,,11.881,0.024,11.38,0.03,11.332,0.023,4960,80,80,3.435,0.15,0.125,-0.254,0.12,0.12,3.275,0.529,0.538,1.144,0.124,0.124,0.03,0.021,0.011,1196,190,193.9,0.032,0.011,0.006,,,
6928,6928,6928,212150641,09 05 47.066,+23 02 43.67,1,12.824,,,566-044600,09054706+2302436,,STAR,gri,rpm,2.8,2.2,-3.2,2.6,,,13.554,0.07,12.976,0.08,,,13.168,0.07,12.828,0.03,12.677,0.03,,,11.821,0.022,11.537,0.031,11.499,0.025,6056,121,146,4.121,0.222,0.185,-0.196,0.2,0.24,1.437,0.466,0.411,1.074,0.159,0.099,0.351,0.442,0.196,625.1,197.1,149.8,0.032,0.007,0.006,,,
6929,6929,6929,212150881,09 05 29.554,+23 03 03.43,1,14.945,,,566-044586,09052955+2303034,,STAR,gri,lam,4.3,5.3,2.3,5.3,,,16.555,0.09,15.199,0.048,,,16.272,0.055,14.725,0.052,14.377,0.078,,,12.777,0.021,12.104,0.022,12,0.023,4315,140,140,4.747,0.05,0.05,-0.247,0.15,0.15,0.54,0.052,0.056,0.595,0.054,0.054,3.721,0.857,0.696,240.5,35.62,31.03,0.027,0.006,0.005,,,
6930,6930,6930,212150894,09 04 27.221,+23 03 04.30,1,16.485,,,,,5045-301-4-0170-0152,EXTENDED,gri,,1,2,3,2,,,,,,,18,0.031,16.922,0.006,16.577,0.006,16.298,0.007,16.229,0.027,,,,,,,,,,,,,,,,,,,,,,,,,,,,,,,,,
6931,6931,6931,212151004,08 59 34.768,+23 03 13.41,1,14.724,,,566-044377,08593476+2303133,,STAR,gri,rpm,8.1,4.4,-2.4,4.8,,,15.873,0.08,14.976,0.03,,,15.415,0.05,14.694,0.04,14.428,0.05,,,13.359,0.023,12.863,0.024,12.817,0.026,5018,100,80,4.559,0.055,1.386,-0.31,0.3,0.36,0.79,3.237,0.089,0.849,0.109,0.109,1.616,0.514,1.604,585.6,2303,93.57,0.032,0.008,0.006,,,
6932,6932,6932,212151039,09 04 18.164,+23 03 15.84,1,12.923,,,566-044551,09041815+2303158,,STAR,gri,lam,-28.1,4,-28.6,3.7,,,14.245,0.07,13.268,0.07,,,13.704,0.06,12.893,0.06,12.589,0.03,,,11.411,0.022,10.931,0.02,10.82,0.017,4961,148,148,4.589,0.025,0.025,0.04,0.1,0.1,0.759,0.036,0.041,0.835,0.027,0.048,1.84,0.225,0.2,221,19.1,20.92,0.024,0.007,0.006,,,
6933,6933,6933,212151194,09 03 15.638,+23 03 28.29,1,15.705,,,,09031563+2303282,5045-301-4-0168-0218,EXTENDED,gri,,6,2,12,4,,,,,,,17.902,0.024,16.515,0.004,15.796,0.004,15.358,0.004,15.127,0.009,15.134,0.082,14.312,0.075,14.037,0.076,,,,,,,,,,,,,,,,,,,,,,,,,,,
6934,6934,6934,212151276,09 05 39.039,+23 03 34.69,1,16.293,,,,09053903+2303346,,STAR,JHK,col,,,,,,,,,,,,,,,,,,,,,14.205,0.03,13.576,0.04,13.396,0.035,4027,377,269,4.836,0.115,0.138,-0.151,0.2,0.28,0.417,0.142,0.106,0.472,0.162,0.135,5.699,4.319,2.457,328,182.3,101.1,0.029,0.008,0.007,,,
6935,6935,6935,212151446,08 59 13.366,+23 03 47.80,1,14.861,,,566-044360,08591336+2303477,5045-301-5-0163-0021,STAR,gri,rpm,-18.6,4.4,-25.9,4.8,,,17.575,0.121,15.814,0.06,,,16.673,0.07,15.278,0.06,14.085,0.06,,,12.132,0.023,11.5,0.021,11.243,0.017,3441,123,34,5.084,0.02,0.082,0.051,0.08,0.05,0.207,0.071,0.004,0.191,0.092,0.004,21.42,1.285,8.152,45.04,24.85,1.351,0.007,0.004,0.001,,,
6936,6936,6936,212151644,09 05 24.336,+23 04 04.30,1,14.474,,,566-044583,09052433+2304043,5045-301-4-0171-0075,STAR,gri,rpm,-13,4.4,6.5,4.8,,,16.154,0.03,14.965,0.03,,,15.602,0.09,14.446,0.04,13.99,0.05,,,12.632,0.022,12.001,0.022,11.886,0.023,4278,132,132,4.735,0.045,0.054,-0.051,0.16,0.2,0.554,0.062,0.056,0.631,0.065,0.065,3.523,0.861,0.692,234.9,40.82,34.78,0.027,0.005,0.009,,,
6937,6937,6937,212151666,08 59 54.745,+23 04 06.11,1,17.675,,,,08595474+2304061,5045-301-5-0164-0176,EXTENDED,gri,,8,4,12,2,,,,,,,20.305,0.075,18.704,0.01,17.707,0.007,17.234,0.007,16.88,0.016,16.224,0.096,15.53,0.105,15.027,0.109,,,,,,,,,,,,,,,,,,,,,,,,,,,
6938,6938,6938,212151681,08 59 07.528,+23 04 07.39,1,16.35,,,,08590752+2304073,5045-301-5-0163-0154,STAR,gri,rpm,25,3,-51,3,,,,,,,20.652,0.062,18.129,0.006,16.667,0.004,15.588,0.004,15.014,0.005,13.685,0.025,13.028,0.02,12.821,0.024,3388,40,33,5.108,0.02,0.033,-0.017,0.1,0.06,0.193,0.017,0.006,0.176,0.02,0.007,24.22,1.453,3.319,92.77,9.892,3.356,0.016,0.003,0.002,,,
6939,6939,6939,212151867,09 04 11.684,+23 04 23.54,1,10.986,,1950-1947-1,566-044547,09041168+2304235,,STAR,gri,lam,2.3,2.1,-18.6,2.1,,,11.845,0.152,11.191,0.121,,,11.373,0.06,10.976,0.05,10.82,0.03,,,9.969,0.023,9.705,0.02,9.622,0.017,6014,143,119,4.184,0.15,0.15,-0.017,0.1,0.12,1.369,0.362,0.243,1.118,0.122,0.087,0.393,0.298,0.17,260.9,57.14,46.87,0.027,0.007,0.006,,,
6940,6940,6940,212151937,09 03 42.958,+23 04 28.17,1,11.254,,1950-2206-1,566-044533,09034296+2304283,,STAR,gri,rpm,-18.5,1.8,-37.1,1.8,,,12.144,0.2,11.596,0.159,,,11.691,0.07,11.233,0.06,11.066,0.03,,,10.194,0.02,9.864,0.021,9.809,0.018,5816,139,174,4.398,0.09,0.396,-0.125,0.2,0.32,1.029,0.584,0.135,0.985,0.098,0.098,0.812,0.348,0.603,213.9,121.2,40.03,0.026,0.008,0.006,,,
6941,6941,6941,212151946,09 04 07.274,+23 04 28.62,1,15.041,,,566-044545,09040727+2304285,5045-301-4-0170-0015,STAR,gri,rpm,-3.8,4.3,-3.8,4.7,,,16.001,0.14,15.276,0.09,,,15.535,0.08,15.023,0.11,14.829,0.08,,,13.809,0.025,13.409,0.026,13.272,0.029,5423,195,162,4.517,0.06,0.75,-0.288,0.25,0.5,0.849,1.262,0.085,0.864,0.071,0.085,1.39,0.34,1.29,833.5,1155,105.9,0.034,0.01,0.007,,,
6942,6942,6942,212151993,08 58 09.400,+23 04 33.42,1,16.473,,,,08580940+2304334,,STAR,J,rpm,2,3,10,2,,,,,,,,,,,,,,,,,15.049,0.047,14.424,0.06,13.833,0.058,3565,106,159,5.02,0.07,0.05,-0.017,0.15,0.12,0.254,0.053,0.059,0.243,0.082,0.068,14.71,6.648,3.929,239.1,61.23,65.34,0.026,0.008,0.007,,,
6943,6943,6943,212152022,08 57 48.109,+23 04 35.34,1,19.59,,,,,5038-301-6-0061-0176,STAR,gri,,4,5,3,5,,,,,,,19.97,0.037,19.666,0.013,19.565,0.016,19.53,0.023,19.387,0.063,,,,,,,,,,,,,,,,,,,,,,,,,,,,,,,,,
6944,6944,6944,212152124,09 03 02.425,+23 04 44.40,1,9.232,,1950-1545-1,566-044512,09030242+2304442,,STAR,gri,rpm,-9.5,1.1,-2.8,1.1,,,10.651,0.07,9.469,0.032,,,10.148,0.03,9.22,0.04,8.84,0.06,,,7.574,0.027,7.018,0.027,6.865,0.026,4656,74,74,2.447,0.125,0.15,-0.035,0.12,0.18,11.407,1.564,0.936,1.425,0.302,0.252,8.76E-04,4.50E-04,2.97E-04,507,78.34,32.53,0.033,0.011,0.008,,,
6945,6945,6945,212152349,08 56 18.924,+23 05 03.02,1,19.948,,,,,5045-301-6-0159-0153,STAR,gri,,9,4,-3,4,,,,,,,22.08,0.218,20.176,0.019,19.808,0.02,19.85,0.029,19.702,0.098,,,,,,,,,,,,,,,,,,,,,,,,,,,,,,,,,
6946,6946,6946,212152583,09 05 59.104,+23 05 21.13,1,10.515,,1950-2075-2,566-044609,09055910+2305210,,STAR,gri,rpm,-14.1,1.2,17.9,1.2,,,11.09,0.078,10.524,0.063,,,10.855,0.07,10.514,0.05,10.369,0.03,,,9.586,0.024,9.345,0.028,9.285,0.023,6204,187,187,4.123,0.21,0.252,-0.053,0.15,0.21,1.532,0.673,0.351,1.217,0.181,0.129,0.307,0.349,0.184,244.7,109.8,56.93,0.028,0.01,0.006,,,
6947,6947,6947,212152638,09 05 58.898,+23 05 25.58,1,11.062,,1950-2075-1,566-044608,,,STAR,BV,,,,,,,,11.757,0.131,11.166,0.112,,,,,,,,,,,,,,,,,,,,,,,,,,,,,,,,,,,,,,,,,,,
6948,6948,6948,212152684,09 06 28.774,+23 05 29.38,1,17.905,,,,09062877+2305293,5038-301-4-0073-0226,EXTENDED,gri,,-3,3,0,3,,,,,,,20.738,0.075,18.931,0.009,17.904,0.007,17.465,0.007,17.112,0.015,15.967,0.084,15.268,0.104,14.982,0.123,,,,,,,,,,,,,,,,,,,,,,,,,,,
6949,6949,6949,212152710,08 55 25.206,+23 05 31.78,1,13.281,,,566-044233,08552521+2305318,,STAR,gri,rpm,-41.1,1.9,-42.7,2.3,,,14.752,0.07,13.651,0.03,,,14.239,0.07,13.243,0.04,12.871,0.04,,,11.635,0.023,11.051,0.021,10.92,0.02,4537,108,108,4.674,0.054,0.036,-0.103,0.2,0.36,0.629,0.049,0.074,0.696,0.044,0.088,2.635,0.839,0.34,178.9,18.16,28.58,0.022,0.007,0.004,,,
6950,6950,6950,212152790,08 53 49.443,+23 05 39.49,1,12.833,,,566-044195,08534944+2305394,,STAR,gri,rpm,5.8,1.2,2.9,2,,,13.536,0.01,12.966,0.05,,,13.202,0.03,12.815,0.03,12.675,0.03,,,11.804,0.02,11.51,0.021,11.497,0.018,6059,97,97,4.147,0.195,0.195,-0.197,0.16,0.24,1.337,0.425,0.275,1.077,0.136,0.136,0.354,0.344,0.174,587.7,189.2,121.9,0.033,0.008,0.007,,,
6951,6951,6951,212152861,08 57 47.809,+23 05 45.06,1,15.337,,,566-044317,08574780+2305449,5038-301-6-0061-0090,STAR,gri,lam,-4.4,4.4,2.2,5,,,16.789,0.07,15.723,0.08,,,16.176,0.07,15.297,0.05,14.978,0.02,,,13.763,0.023,13.249,0.023,13.116,0.03,4736,141,141,4.634,0.03,0.03,-0.06,0.12,0.12,0.685,0.049,0.038,0.749,0.046,0.046,2.263,0.276,0.292,555,57.76,52.32,0.033,0.008,0.008,,,
6952,6952,6952,212153338,09 03 56.986,+23 06 21.88,1,17.406,,,,09035698+2306218,5045-301-4-0169-0204,EXTENDED,gri,,-6,3,2,3,,,,,,,19.148,0.031,18.148,0.007,17.575,0.006,17.088,0.006,16.899,0.016,16.03,0.082,15.369,0.089,14.834,0.09,,,,,,,,,,,,,,,,,,,,,,,,,,,
6953,6953,6953,212153349,09 00 04.764,+23 06 22.62,1,12.299,,1950-717-1,566-044398,09000482+2306216,,STAR,gri,col,,,,,,,12.339,0.303,11.582,0.194,,,13.371,0.06,12.261,0.04,11.839,0.03,,,10.585,0.022,9.99,0.021,9.867,0.019,4357,134,167,4.721,0.13,2.08,-0.248,0.3,0.54,0.548,7.399,0.133,0.617,0.188,0.157,3.523,2.742,3.521,90.24,1293,20.83,0.016,0.013,0.005,,,
6954,6954,6954,212153456,09 06 08.194,+23 06 30.13,1,13.606,,,566-044614,09060818+2306301,,STAR,gri,rpm,6.6,4.1,4.9,4.5,,,15.208,0.04,14.049,0.06,,,14.609,0.06,13.568,0.04,13.177,0.05,,,11.875,0.023,11.229,0.028,11.125,0.022,4492,72,90,4.663,0.045,2.358,-0.068,0.15,0.3,0.635,10.402,0.056,0.703,0.104,0.065,2.629,0.643,2.628,205.1,3317,27.7,0.028,0.005,0.006,,,
6955,6955,6955,212153567,08 54 29.625,+23 06 40.11,1,17.525,,,,08542962+2306401,4569-301-2-0149-0112,EXTENDED,gri,,10,3,1,3,,,,,,,18.986,0.03,18.064,0.007,17.678,0.007,17.294,0.007,17.179,0.021,16.54,0.116,15.702,0.125,15.422,0.141,,,,,,,,,,,,,,,,,,,,,,,,,,,
6956,6956,6956,212153568,09 02 58.223,+23 06 40.19,1,17.426,,,,,5038-301-5-0068-0066,STAR,gri,,-18,3,17,3,,,,,,,17.576,0.01,17.287,0.005,17.472,0.006,17.687,0.007,17.929,0.018,,,,,,,,,,,,,,,,,,,,,,,,,,,,,,,,,
6957,6957,6957,212153569,08 54 04.916,+23 06 40.35,1,19.036,,,,,4576-301-3-0141-0024,STAR,gri,,-5,4,5,4,,,,,,,19.304,0.026,19.143,0.01,19.001,0.012,18.902,0.014,19.016,0.057,,,,,,,,,,,,,,,,,,,,,,,,,,,,,,,,,
6958,6958,6958,212153584,08 55 08.698,+23 06 41.94,1,16.999,,,,08550869+2306419,4569-301-2-0149-0267,EXTENDED,gri,,-7,3,-4,3,,,,,,,18.959,0.053,17.79,0.009,17.051,0.007,16.66,0.008,16.336,0.021,16.696,0.169,,,,,,,,,,,,,,,,,,,,,,,,,,,,,,,
6959,6959,6959,212153666,09 05 31.873,+23 06 47.23,1,12.791,,,566-044587,09053186+2306472,,STAR,gri,rpm,11.2,3.2,-24.2,1.6,,,13.693,0.06,12.994,0.07,,,13.251,0.06,12.784,0.04,12.593,0.04,,,11.62,0.022,11.311,0.032,11.163,0.023,5830,141,177,4.392,0.09,0.27,-0.205,0.2,0.28,1.039,0.439,0.137,0.967,0.082,0.098,0.838,0.346,0.523,403.8,169,59.32,0.032,0.008,0.007,,,
6960,6960,6960,212153878,08 51 50.639,+23 07 03.80,1,17.54,,,,08515063+2307038,4569-301-3-0145-0182,EXTENDED,gri,,2,3,-2,3,,,,,,,20.707,0.089,18.623,0.009,17.53,0.006,17.076,0.006,16.738,0.013,15.77,0.077,15.147,0.087,14.549,0.07,,,,,,,,,,,,,,,,,,,,,,,,,,,
6961,6961,6961,212153885,08 59 55.652,+23 07 04.20,1,12.432,,,566-044394,08595565+2307043,,STAR,gri,lam,-1.4,2,0,1.4,,,13.631,0.02,12.715,0.08,,,13.127,0.05,12.42,0.04,12.134,0.04,,,11.032,0.023,10.532,0.021,10.465,0.019,4893,172,143,2.44,0.28,0.05,-0.564,0.15,0.12,9.572,0.875,2.463,0.964,0.096,0.048,0.001,0.002,1.69E-04,2180,208.1,546.7,0.031,0.008,0.007,,,
6962,6962,6962,212153943,08 56 05.188,+23 07 08.30,1,12.847,,,566-044262,08560518+2307083,,STAR,gri,rpm,-3.2,2.1,-10.2,1.4,,,13.596,0.03,12.993,0.02,,,13.244,0.05,12.831,0.06,12.677,0.03,,,11.841,0.021,11.569,0.025,11.45,0.018,6054,122,172,4.139,0.21,0.175,-0.121,0.16,0.24,1.435,0.37,0.378,1.085,0.139,0.116,0.321,0.409,0.143,647,150.8,164.5,0.034,0.013,0.008,,,
6963,6963,6963,212153952,08 57 07.662,+23 07 08.77,1,13.563,,,566-044296,08570764+2307087,,STAR,gri,rpm,-20.9,1.7,-21.7,3.3,,,14.841,0.04,13.911,0.05,,,14.341,0.05,13.528,0.04,13.23,0.02,,,12.05,0.02,11.609,0.021,11.496,0.021,5048,81,101,4.58,0.025,0.04,-0.018,0.2,0.24,0.774,0.052,0.048,0.84,0.043,0.069,1.769,0.216,0.263,309.8,32.41,24.65,0.032,0.008,0.008,,,
6964,6964,6964,212154070,09 05 35.976,+23 07 17.31,1,15.837,,,,09053597+2307173,5045-301-4-0172-0209,EXTENDED,gri,,4,2,4,0,,,,,,,18.433,0.034,16.726,0.004,15.873,0.004,15.456,0.004,15.131,0.009,15.206,0.082,14.734,0.098,14.19,0.087,,,,,,,,,,,,,,,,,,,,,,,,,,,
6965,6965,6965,212154089,09 05 31.278,+23 07 18.73,1,16.814,,,,09053127+2307187,5045-301-4-0172-0108,EXTENDED,gri,,8,2,9,2,,,,,,,19.844,0.071,17.795,0.006,16.86,0.005,16.393,0.005,16.035,0.012,15.586,0.081,15.114,0.13,14.644,0.114,,,,,,,,,,,,,,,,,,,,,,,,,,,
6966,6966,6966,212154122,09 02 44.037,+23 07 21.46,1,17.573,,,,09024403+2307214,5038-301-5-0068-0227,EXTENDED,gri,,7,3,2,3,,,,,,,19.689,0.077,18.294,0.011,17.646,0.009,17.264,0.011,16.999,0.024,16.936,0.167,16.269,0.164,15.392,0.142,,,,,,,,,,,,,,,,,,,,,,,,,,,
6967,6967,6967,212154158,09 06 11.599,+23 07 25.07,1,12.3,,1950-1644-1,566-044618,09061159+2307250,,STAR,gri,rpm,-5,1.6,-11,1.7,,,12.117,0.228,11.334,0.137,,,12.487,0.06,12.238,0.04,12.136,0.03,,,11.369,0.023,11.044,0.028,11.044,0.02,6190,123,147,4.188,0.195,0.195,-0.37,0.3,0.36,1.313,0.371,0.289,1.016,0.171,0.122,0.444,0.314,0.245,484.8,142,109.9,0.03,0.008,0.006,,,
6968,6968,6968,212154288,09 04 12.425,+23 07 35.13,1,15.229,,,566-044549,09041245+2307352,5045-301-4-0170-0133,STAR,JHK,rpm,-184,8,-86,8,,,,,,,,,,,,,,,,,13.309,0.023,12.763,0.023,12.55,0.018,3435,431,517,5.133,0.08,0.128,-0.256,0.25,0.45,0.175,0.094,0.044,0.159,0.111,0.046,26.3,18.78,13.48,73.85,43.63,27.42,0.012,0.006,0.005,,,
6969,6969,6969,212154302,09 02 46.972,+23 07 36.45,1,14.055,,,566-044500,09024698+2307365,,STAR,gri,rpm,-48.8,2.5,-32.9,4,,,15.078,0.06,14.354,0.06,,,14.628,0.04,14.043,0.05,13.809,0.02,,,12.759,0.023,12.315,0.023,12.252,0.019,5231,216,123,4.633,0.035,0.056,-0.797,0.28,0.2,0.656,0.069,0.036,0.687,0.062,0.034,2.382,0.385,0.507,379.7,46.72,30.21,0.029,0.011,0.007,,,
6970,6970,6970,212154350,08 52 51.893,+23 07 40.44,1,19.792,,,,,4576-301-3-0139-0199,STAR,gri,,19,4,-10,4,,,,,,,20.051,0.042,19.643,0.014,19.842,0.022,20.126,0.037,20.392,0.183,,,,,,,,,,,,,,,,,,,,,,,,,,,,,,,,,
6971,6971,6971,212154381,08 58 36.989,+23 07 43.14,1,17.815,,,,08583698+2307431,,STAR,J,col,,,,,,,,,,,,,,,,,,,,,16.296,0.114,15.547,0.11,14.888,0.105,3623,393,280,5.013,0.12,0.144,-0.139,0.2,0.28,0.247,0.153,0.082,0.258,0.177,0.111,13.87,13.49,7.732,493.2,352.1,205.4,0.032,0.01,0.008,,,
6972,6972,6972,212154416,08 57 10.879,+23 07 45.97,1,14.655,,,,08571087+2307459,5045-301-6-0160-0177,EXTENDED,gri,,-3,3,0,3,,,,,,,16.783,0.014,15.393,0.003,14.71,0.002,14.339,0.003,14.04,0.005,14.458,0.057,13.845,0.076,13.57,0.082,,,,,,,,,,,,,,,,,,,,,,,,,,,
6973,6973,6973,212154442,08 51 18.243,+23 07 48.52,1,17.898,,,,08511824+2307485,4569-301-3-0144-0195,EXTENDED,gri,,0,3,-4,3,,,,,,,20.957,0.101,18.876,0.01,17.91,0.007,17.479,0.007,17.173,0.016,16.047,0.079,15.354,0.101,14.752,0.088,,,,,,,,,,,,,,,,,,,,,,,,,,,
6974,6974,6974,212154486,08 50 26.961,+23 07 52.34,1,9.216,,1943-745-1,566-044099,08502705+2307526,,STAR,gri,,-62.5,1,13.7,1,,,10.084,0.027,9.719,0.025,,,9.956,0.04,9.289,0.07,8.899,0.06,,,8.176,0.027,7.998,0.04,,,,,,,,,,,,,,,,,,,,,,,,,,,,,
6975,6975,6975,212154520,09 05 38.575,+23 07 55.67,1,11.023,,1950-1703-1,566-044593,09053857+2307555,,STAR,gri,rpm,-6.9,1.4,10.7,1.4,,,11.708,0.121,10.979,0.095,,,11.394,0.05,11.025,0.04,10.864,0.03,,,10.042,0.024,9.745,0.031,9.692,0.022,6045,143,143,4.081,0.258,0.215,-0.091,0.16,0.28,1.519,0.602,0.431,1.123,0.234,0.146,0.281,0.478,0.158,298.8,115.6,83.34,0.03,0.008,0.007,,,
6976,6976,6976,212154546,08 53 01.072,+23 07 57.00,1,17.158,,,,08530107+2307570,4576-301-3-0139-0230,EXTENDED,gri,,-4,3,0,3,,,,,,,20.035,0.099,18.277,0.01,17.13,0.007,16.678,0.007,16.338,0.017,16.009,0.094,15.522,0.133,14.76,0.098,,,,,,,,,,,,,,,,,,,,,,,,,,,
6977,6977,6977,212154564,08 54 33.884,+23 07 58.40,1,15.105,,,566-044210,08543387+2307584,4569-301-2-0149-0129,STAR,JHK,rpm,-31.4,4.4,15.1,3.7,,,,,,,,,,,,,,,,,12.838,0.023,12.227,0.022,11.975,0.018,3621,129,108,4.978,0.06,0.05,0.034,0.1,0.1,0.297,0.043,0.058,0.32,0.056,0.078,11.45,4.873,2.562,111,20.92,26.79,0.016,0.007,0.006,,,
6978,6978,6978,212154600,09 05 27.523,+23 08 01.91,1,11.81,,,566-044584,09052752+2308020,,STAR,gri,lam,-12.9,1.1,-16.4,0.6,,,12.558,0.05,11.986,0.07,,,12.176,0.05,11.805,0.05,11.654,0.02,,,10.808,0.023,10.526,0.022,10.477,0.024,5993,146,146,4.388,0.05,0.09,-0.056,0.09,0.12,1.097,0.124,0.084,1.074,0.066,0.079,0.811,0.153,0.217,301.6,42.61,27.17,0.029,0.008,0.008,,,
6979,6979,6979,212154631,08 58 46.866,+23 08 04.71,1,12.27,,,566-044350,08584686+2308047,,STAR,gri,rpm,10.9,1.5,-13.3,1.2,,,12.91,0.03,12.403,0.07,,,12.593,0.05,12.248,0.04,12.131,0.03,,,11.358,0.023,11.103,0.023,11.046,0.018,6181,151,125,4.233,0.126,0.21,-0.174,0.16,0.32,1.303,0.423,0.202,1.111,0.127,0.149,0.489,0.226,0.26,470.2,146.8,70.74,0.033,0.011,0.008,,,
6980,6980,6980,212154639,08 52 16.966,+23 08 05.72,1,10.896,,1943-914-1,566-044145,08521696+2308056,,STAR,gri,plx,-17.7,1.4,4.6,1.4,,,11.103,0.07,10.627,0.066,,,11.087,0.05,10.833,0.04,10.742,0.04,,,10.037,0.023,9.836,0.023,9.814,0.02,6528,197,158,3.995,0.17,0.204,-0.032,0.12,0.15,1.897,0.597,0.387,1.439,0.206,0.176,0.197,0.169,0.103,490.5,180.7,180.7,0.03,0.01,0.007,,,
6981,6981,6981,212154775,09 05 11.268,+23 08 15.88,1,17.197,,,,09051126+2308158,5045-301-4-0171-0178,EXTENDED,gri,,4,3,6,2,,,,,,,20.11,0.072,18.085,0.007,17.229,0.006,16.816,0.006,16.534,0.014,15.981,0.075,15.281,0.089,14.811,0.098,,,,,,,,,,,,,,,,,,,,,,,,,,,
6982,6982,6982,212154837,08 58 50.499,+23 08 20.73,1,17.513,,,,08585049+2308207,5038-301-6-0062-0226,EXTENDED,gri,,-2,3,4,3,,,,,,,20.443,0.081,18.613,0.009,17.518,0.006,17.042,0.006,16.64,0.013,15.984,0.075,15.094,0.065,14.637,0.071,,,,,,,,,,,,,,,,,,,,,,,,,,,
6983,6983,6983,212154899,09 02 48.420,+23 08 25.89,1,11.365,,,566-044501,09024843+2308259,,STAR,gri,lam,-86,2.1,-28.6,1.5,,,13.062,0.06,11.895,0.08,,,12.495,0.06,11.362,0.04,10.881,0.03,,,9.646,0.025,9.048,0.03,8.889,0.024,4312,156,156,4.743,0.048,0.04,-0.174,0.15,0.15,0.549,0.047,0.06,0.608,0.054,0.064,3.563,0.881,0.599,57.7,9.469,8.134,0.009,0.003,0.002,,,
6984,6984,6984,212154902,08 52 35.483,+23 08 26.10,1,11.877,,1943-2136-1,566-044154,08523548+2308260,,STAR,gri,rpm,-9.9,2.2,3.5,2.4,,,12.172,0.202,11.704,0.185,,,12.066,0.04,11.814,0.04,11.735,0.04,,,11.013,0.023,10.84,0.023,10.759,0.018,6632,160,160,4.127,0.13,0.182,-0.057,0.12,0.1,1.641,0.423,0.286,1.377,0.141,0.117,0.281,0.186,0.128,556.2,165,108.3,0.033,0.01,0.008,,,
6985,6985,6985,212154963,09 02 48.711,+23 08 30.34,1,13.979,,,566-044504,09024873+2308305,,STAR,JHK,col,,,,,,,,,,,,,,,,,,,,,11.734,0.045,11.126,0.054,10.878,0.033,3840,633,271,4.889,0.12,0.216,-0.063,0.16,0.28,0.365,0.24,0.111,0.417,0.273,0.151,7.108,6.281,4.527,88.74,93.28,32.1,0.014,0.011,0.005,,,
6986,6986,6986,212154992,08 45 52.783,+23 08 33.02,1,17.014,,,,08455278+2308330,4508-301-1-0124-0300,EXTENDED,gri,,3,3,2,3,,,,,,,19.603,0.055,17.889,0.008,17.054,0.006,16.639,0.006,16.324,0.012,16.226,0.132,15.389,0.143,15.091,0.14,,,,,,,,,,,,,,,,,,,,,,,,,,,
6987,6987,6987,212155058,08 45 34.140,+23 08 38.57,1,18.018,,,,08453413+2308385,,STAR,JHK,col,,,,,,,,,,,,,,,,,,,,,15.221,0.068,14.416,0.09,14.066,0.082,4007,296,355,4.837,0.154,0.11,-0.158,0.2,0.28,0.435,0.117,0.151,0.48,0.123,0.197,5.837,7.051,2.614,534.8,220.6,227.1,0.032,0.011,0.008,,,
6988,6988,6988,212155061,09 00 11.455,+23 08 38.59,1,14.789,,,566-044400,09001145+2308387,,STAR,gri,lam,2.8,1.5,-10.1,3.4,,,15.953,0.08,15.081,0.07,,,15.466,0.04,14.765,0.04,14.498,0.05,,,13.4,0.024,12.93,0.023,12.808,0.024,5028,99,79,3.602,0.095,0.133,-0.303,0.15,0.12,2.672,0.417,0.312,1.026,0.158,0.072,0.051,0.019,0.019,1947,288.4,211.7,0.035,0.007,0.008,,,
6989,6989,6989,212155152,09 00 21.235,+23 08 45.83,1,18.52,,,,09002123+2308458,,STAR,JHK,rpm,4,4,8,2,,,,,,,,,,,,,,,,,15.758,0.073,14.907,0.088,14.614,0.09,4115,247,247,4.793,0.112,0.08,-0.161,0.2,0.24,0.474,0.085,0.098,0.523,0.102,0.12,4.598,2.859,1.343,769.8,210.5,221,0.033,0.01,0.007,,,
6990,6990,6990,212155205,08 47 27.211,+23 08 50.51,1,11.411,,1943-2080-1,566-043994,08472720+2308505,,STAR,gri,rpm,-84.3,1.6,-71.2,1.7,,,12.086,0.161,11.469,0.116,,,11.654,0.02,11.222,0.04,11.307,0.51,,,10.202,0.024,9.907,0.034,9.815,0.018,5897,141,141,4.382,0.1,0.18,-0.505,0.25,0.3,0.98,0.232,0.159,0.875,0.074,0.089,0.9,0.431,0.419,199,51.99,35,0.025,0.006,0.005,,,
6991,6991,6991,212155214,08 56 50.930,+23 08 51.66,1,13.466,,,566-044289,08565093+2308516,,STAR,gri,rpm,-25.5,1.4,-24.8,2.4,,,14.763,0.04,13.811,0.03,,,14.26,0.05,13.428,0.04,13.126,0.04,,,11.966,0.022,11.419,0.021,11.327,0.018,4815,95,114,4.622,0.04,0.025,-0.133,0.18,0.15,0.694,0.05,0.046,0.747,0.066,0.037,2.197,0.396,0.283,251.2,21.2,28.75,0.025,0.007,0.005,,,
6992,6992,6992,212155226,08 56 56.902,+23 08 52.40,1,13.007,,,566-044290,08565689+2308523,,STAR,gri,rpm,-2.8,2.5,-3.7,3.8,,,14.386,0.03,13.344,0.06,,,13.814,0.04,12.973,0.04,12.661,0.04,,,11.412,0.021,10.886,0.021,10.771,0.019,4810,76,76,2.826,0.455,0.546,-0.308,0.25,0.3,5.975,4.408,2.205,1.097,0.163,0.163,0.003,0.012,0.003,1712,1182,606.8,0.034,0.011,0.007,,,
6993,6993,6993,212155306,08 51 39.391,+23 08 59.35,1,14.736,,,566-044136,08513938+2308595,4569-301-3-0145-0029,STAR,gri,rpm,13.2,3.1,-11.8,3.4,,,16.49,0.06,15.277,0.07,,,15.942,0.06,14.744,0.02,14.219,0.05,,,12.838,0.022,12.22,0.025,12.066,0.021,4040,113,48,4.82,0.035,0.049,-0.086,0.15,0.21,0.459,0.052,0.039,0.52,0.053,0.053,5.233,0.915,1.057,195.5,30.2,22.06,0.024,0.007,0.006,,,
6994,6994,6994,212155433,08 57 46.760,+23 09 09.35,1,11.893,,1950-849-1,566-044315,08574676+2309091,,STAR,gri,plx,-7.6,2.5,-15.3,2.7,,,12.979,0.538,11.486,0.173,,,12.673,0.05,11.852,0.04,11.559,0.02,,,10.388,0.02,9.93,0.021,9.771,0.018,4927,79,79,3.397,0.22,0.352,-0.154,0.2,0.24,3.59,1.874,0.829,1.168,0.177,0.177,0.022,0.033,0.016,462.2,176.8,176.8,0.035,0.01,0.007,,,
6995,6995,6995,212155456,08 46 50.824,+23 09 11.05,1,12.025,,,566-043975,08465081+2309110,,STAR,gri,rpm,-4.2,1.3,-2.6,1.9,,,13.356,0.02,12.201,0.04,,,12.757,0.02,11.83,0.04,11.711,0.53,,,10.155,0.024,9.559,0.032,9.421,0.022,4639,73,73,2.425,0.222,0.222,-0.176,0.15,0.24,10.992,2.309,2.734,1.202,0.161,0.193,8.75E-04,0.001,4.36E-04,1559,322.2,345.5,0.034,0.01,0.008,,,
6996,6996,6996,212155468,08 42 40.889,+23 09 12.35,1,17.604,,,,08424088+2309123,4508-301-2-0120-0301,EXTENDED,gri,,-3,6,3,6,,,,,,,19.823,0.075,18.43,0.015,17.707,0.012,17.25,0.012,16.916,0.027,16.626,0.178,15.715,0.186,15.196,0.177,,,,,,,,,,,,,,,,,,,,,,,,,,,
6997,6997,6997,212155476,08 57 49.186,+23 09 13.07,1,14.288,,,566-044318,08574917+2309130,5038-301-6-0061-0099,STAR,gri,rpm,-19.7,4.5,-19.9,4.8,,,16.257,0.07,14.907,0.09,,,15.616,0.05,14.315,0.05,13.719,0.04,,,12.23,0.022,11.589,0.023,11.432,0.019,3980,79,63,4.847,0.04,0.056,-0.074,0.2,0.2,0.437,0.057,0.042,0.495,0.062,0.051,5.774,1.168,1.312,136.5,23.43,12.87,0.018,0.005,0.005,,,
6998,6998,6998,212155495,08 47 46.866,+23 09 14.86,1,17.614,,,,,4569-301-4-0140-0008,STAR,gri,,-3,3,-2,3,,,,,,,18.053,0.014,17.79,0.006,17.555,0.006,17.586,0.007,16.623,0.01,,,,,,,,,,,,,,,,,,,,,,,,,,,,,,,,,
6999,6999,6999,212155498,08 47 46.867,+23 09 14.89,1,17.613,,,,08474686+2309148,,STAR,J,col,,,,,,,,,,,,,,,,,,,,,16.109,0.106,15.016,0.104,14.314,0.071,1946,74,22,5.348,0.025,0.03,-0.008,0.2,0.28,0.092,0.003,0.002,0.073,0.002,0.001,94.36,5.662,8.303,45.71,6.676,1.371,0.009,0.004,0.002,,,
7000,7000,7000,212155596,08 53 04.129,+23 09 21.79,1,17.083,,,,08530412+2309217,4576-301-3-0139-0249,EXTENDED,gri,,0,3,-2,3,,,,,,,19.958,0.078,18.123,0.009,17.077,0.006,16.637,0.006,16.282,0.015,15.803,0.075,14.999,0.09,14.666,0.095,,,,,,,,,,,,,,,,,,,,,,,,,,,
7001,7001,7001,212155703,08 54 21.233,+23 09 29.48,1,14.806,,,,08542123+2309294,4576-301-3-0141-0158,EXTENDED,gri,,-4,3,-5,3,,,,,,,16.534,0.021,15.367,0.007,14.819,0.003,14.566,0.009,14.33,0.015,15.663,0.136,15,0.184,14.759,0.158,,,,,,,,,,,,,,,,,,,,,,,,,,,
7002,7002,7002,212155795,08 56 12.857,+23 09 38.38,1,15.356,,,566-044269,08561285+2309384,4569-301-2-0151-0099,STAR,gri,rpm,-2.3,3,3.9,4,,,16.531,0.1,15.665,0.08,,,16.105,0.03,15.308,0.05,15.035,0.02,,,13.766,0.027,13.243,0.03,13.141,0.028,4904,117,97,4.602,0.04,1.488,-0.238,0.25,0.35,0.738,3.92,0.077,0.795,0.137,0.076,1.905,0.385,1.896,629.8,3272,74.92,0.034,0.01,0.007,,,
7003,7003,7003,212155831,08 41 24.456,+23 09 41.20,1,14.257,,,566-043775,08412446+2309413,,STAR,gri,rpm,10.3,4.8,-7.3,5.1,,,15.422,0.03,14.457,0.03,,,14.919,0.04,14.031,0.01,13.973,0.59,,,12.428,0.02,11.899,0.024,11.785,0.022,4795,76,76,4.616,0.03,1.146,-0.08,0.15,0.21,0.716,2.407,0.061,0.787,0.215,0.077,2.091,0.31,2.056,322.9,1144,37.1,0.032,0.007,0.008,,,
7004,7004,7004,212155875,08 56 35.833,+23 09 44.38,1,17.482,,,,08563583+2309443,4569-301-2-0152-0158,EXTENDED,gri,,-2,3,-11,3,,,,,,,19.278,0.043,18.081,0.008,17.543,0.007,17.225,0.008,16.998,0.022,16.674,0.144,15.97,0.188,15.609,0.191,,,,,,,,,,,,,,,,,,,,,,,,,,,
7005,7005,7005,212155930,08 50 34.519,+23 09 49.88,1,17.985,,,566-044103,08503464+2309504,,STAR,JHK,col,,,,,,,,,,,,,,,,,,,,,16.123,0.091,15.412,0.108,15.382,0.137,4113,467,389,4.821,0.162,0.135,-0.246,0.25,0.35,0.446,0.139,0.157,0.512,0.134,0.188,5.237,6.678,2.326,867.3,454.5,344.2,0.032,0.011,0.007,,,
7006,7006,7006,212155939,08 57 51.689,+23 09 50.36,1,12.873,,,566-044320,08575168+2309502,,STAR,gri,rpm,4.2,1.5,-21.9,1.4,,,13.717,0.03,13.082,0.08,,,13.33,0.04,12.872,0.05,12.677,0.02,,,11.739,0.02,11.426,0.023,11.345,0.018,5844,140,140,4.395,0.075,0.345,-0.178,0.16,0.24,1.039,0.522,0.117,0.985,0.08,0.096,0.849,0.334,0.597,427.1,219.4,55.11,0.032,0.011,0.008,,,
7007,7007,7007,212155950,09 03 03.699,+23 09 51.21,1,19.37,,,,,5038-301-5-0068-0316,STAR,gri,,-2,3,4,3,,,,,,,19.727,0.028,19.55,0.012,19.31,0.013,18.99,0.014,18.978,0.038,,,,,,,,,,,,,,,,,,,,,,,,,,,,,,,,,
7008,7008,7008,212155957,08 45 20.876,+23 09 51.61,1,16.989,,,,08452087+2309516,4508-301-1-0123-0305,EXTENDED,gri,,0,3,0,3,,,,,,,19.659,0.054,17.909,0.008,17.007,0.005,16.594,0.005,16.284,0.011,15.918,0.091,15.325,0.133,14.918,0.13,,,,,,,,,,,,,,,,,,,,,,,,,,,
7009,7009,7009,212156008,08 53 50.517,+23 09 55.42,1,17.768,,,,08535051+2309554,,STAR,J,col,,,,,,,,,,,,,,,,,,,,,16.253,0.123,15.542,0.158,15.136,0.143,3914,524,374,4.901,0.145,0.174,-0.254,0.25,0.35,0.351,0.178,0.136,0.381,0.22,0.183,7.631,9.453,4.223,712.7,546,352.5,0.032,0.008,0.007,,,
7010,7010,7010,212156012,09 05 10.862,+23 09 55.71,1,17.269,,,,09051086+2309557,5045-301-4-0171-0192,EXTENDED,gri,,-2,3,2,3,,,,,,,20.124,0.06,18.231,0.007,17.3,0.005,16.856,0.005,16.508,0.012,15.622,0.07,14.852,0.061,14.511,0.067,,,,,,,,,,,,,,,,,,,,,,,,,,,
7011,7011,7011,212156019,08 44 33.498,+23 09 55.97,1,13.871,,,566-043883,08443349+2309561,,STAR,gri,rpm,28.3,7.1,-20.9,3.7,,,15.219,0.01,14.155,0.02,,,14.676,0.02,13.734,0.03,13.526,0.42,,,12.011,0.021,11.455,0.023,11.35,0.019,4681,73,92,4.64,0.025,0.04,0.021,0.27,0.24,0.684,0.056,0.041,0.751,0.044,0.061,2.325,0.224,0.391,244.1,24.04,21.89,0.025,0.007,0.006,,,
7012,7012,7012,212156046,08 56 34.469,+23 09 57.95,1,17.717,,,,08563446+2309579,4569-301-2-0152-0156,EXTENDED,gri,,2,3,3,3,,,,,,,20.385,0.088,18.616,0.01,17.771,0.008,17.332,0.008,17.021,0.017,16.1,0.09,15.374,0.098,15.045,0.106,,,,,,,,,,,,,,,,,,,,,,,,,,,
7013,7013,7013,212156085,08 58 30.087,+23 10 00.81,1,13.619,,,566-044339,08583009+2310007,,STAR,gri,rpm,-6.1,1.6,-6.8,2.8,,,14.797,0.03,13.937,0.08,,,14.311,0.05,13.618,0.04,13.322,0.02,,,12.173,0.022,11.693,0.021,11.581,0.017,5012,80,80,3.287,0.36,0.72,-0.469,0.3,0.48,3.656,4.402,1.103,0.95,0.173,0.087,0.017,0.045,0.016,1501,1708,438.2,0.036,0.007,0.01,,,
7014,7014,7014,212156144,08 56 45.808,+23 10 04.92,1,16.386,,,,08564580+2310049,,STAR,J,col,,,,,,,,,,,,,,,,,,,,,14.968,0.055,14.28,0.064,13.82,0.058,3609,278,278,5.012,0.12,0.12,-0.064,0.15,0.24,0.247,0.117,0.079,0.257,0.171,0.107,13.82,13.44,6.812,240.5,157.7,95.25,0.026,0.011,0.009,,,
7015,7015,7015,212156201,08 45 59.521,+23 10 10.26,1,11.061,,1943-2337-1,566-043940,08455952+2310103,,STAR,gri,rpm,2.8,1.3,-9.6,1.4,,,11.647,0.102,11.059,0.097,,,11.214,0.02,11.01,0.03,11.218,0.54,,,10.312,0.022,10.202,0.027,10.135,0.022,6973,170,142,4.063,0.15,0.225,-0.017,0.12,0.12,1.824,0.634,0.279,1.557,0.173,0.108,0.237,0.134,0.131,470.2,168.8,73.66,0.033,0.011,0.007,,,
7016,7016,7016,212156288,08 57 44.875,+23 10 16.89,1,17.758,,,,08574487+2310168,,STAR,JHK,col,,,,,,,,,,,,,,,,,,,,,15.459,0.049,14.835,0.063,14.586,0.074,3908,463,330,4.894,0.135,0.162,-0.158,0.2,0.32,0.364,0.162,0.13,0.403,0.175,0.175,7.099,7.563,3.662,515.5,344,236.4,0.031,0.011,0.008,,,
7017,7017,7017,212156324,08 58 41.747,+23 10 19.57,1,14.024,,,566-044347,08584175+2310195,5038-301-6-0062-0078,STAR,gri,lam,-12.6,4.6,-21.7,4.9,,,15.517,0.06,14.471,0.08,,,15.002,0.05,13.977,0.04,13.605,0.04,,,12.28,0.022,11.733,0.023,11.581,0.021,4434,160,133,4.7,0.04,0.04,-0.14,0.12,0.12,0.59,0.05,0.046,0.653,0.054,0.045,3.026,0.646,0.45,220.2,28.58,25.29,0.025,0.006,0.005,,,
7018,7018,7018,212156336,08 38 59.453,+23 10 20.64,1,14.172,,,566-043682,08385945+2310205,,STAR,gri,rpm,1.5,3.1,1.5,3.4,,,15.059,0.04,14.218,0.05,,,14.602,0.01,13.907,0.05,13.988,0.55,,,12.585,0.023,12.193,0.021,12.069,0.022,5295,106,106,4.512,0.054,0.855,-0.081,0.15,0.24,0.872,1.861,0.072,0.918,0.278,0.048,1.377,0.26,1.315,480.2,943.5,50.24,0.032,0.011,0.006,,,
7019,7019,7019,212156346,09 05 20.786,+23 10 21.93,1,16.937,,,,09052078+2310219,5045-301-4-0172-0181,EXTENDED,gri,,1,3,1,3,,,,,,,19.859,0.06,17.874,0.006,16.968,0.005,16.535,0.005,16.175,0.012,15.703,0.076,14.901,0.064,14.535,0.08,,,,,,,,,,,,,,,,,,,,,,,,,,,
7020,7020,7020,212156374,08 55 43.951,+23 10 24.83,1,12.032,,,566-044247,08554395+2310248,,STAR,gri,rpm,0.6,2.2,-13,1.6,,,13.308,0.04,12.3,0.01,,,12.781,0.05,12.002,0.04,11.711,0.03,,,10.572,0.022,10.089,0.022,9.951,0.019,4921,98,78,3.079,0.408,0.68,-0.434,0.25,0.35,4.628,4.467,1.448,1.025,0.193,0.138,0.01,0.02,0.009,881.9,794.7,264.7,0.034,0.008,0.008,,,
7021,7021,7021,212156378,08 53 01.722,+23 10 25.18,1,12.591,,,566-044169,08530172+2310251,,STAR,gri,rpm,-10,1.3,-7.6,2.5,,,13.219,0.03,12.709,0.04,,,12.907,0.04,12.573,0.04,12.456,0.04,,,11.695,0.023,11.467,0.021,11.397,0.018,6284,128,154,4.191,0.125,0.2,-0.102,0.16,0.32,1.417,0.493,0.256,1.193,0.151,0.181,0.377,0.22,0.196,614.7,213.7,110.9,0.034,0.01,0.008,,,
7022,7022,7022,212156415,08 45 15.869,+23 10 28.23,1,16.774,,,,08451586+2310282,4508-301-1-0123-0284,EXTENDED,gri,,1,3,4,3,,,,,,,19.11,0.046,17.625,0.008,16.825,0.006,16.409,0.005,16.109,0.012,16.026,0.113,15.235,0.132,14.869,0.123,,,,,,,,,,,,,,,,,,,,,,,,,,,
7023,7023,7023,212156461,08 44 08.560,+23 10 31.55,1,11.053,,1942-2146-1,566-043868,08440855+2310316,,STAR,gri,rpm,-27,1.6,-33.4,1.7,,,11.925,0.156,11.192,0.105,,,11.309,0.02,10.91,0.02,10.943,0.47,,,9.885,0.021,9.604,0.021,9.568,0.018,6066,96,96,4.227,0.15,0.18,-0.175,0.16,0.2,1.3,0.281,0.231,1.072,0.1,0.1,0.442,0.326,0.188,241.1,50.77,49.41,0.026,0.008,0.007,,,
7024,7024,7024,212156467,08 45 14.784,+23 10 31.99,1,17.392,,,,08451478+2310319,4508-301-1-0123-0283,STAR,gri,rpm,-32,3,-43,3,,,,,,,19.614,0.029,18.037,0.006,17.39,0.005,17.115,0.006,16.977,0.01,16.064,0.092,15.523,0.13,15.311,0.158,4820,118,177,4.778,0.072,0.045,-1.466,0.5,0.5,0.501,0.04,0.062,0.559,0.028,0.057,4.256,1.485,0.7,1195,103.3,196.5,0.038,0.016,0.008,,,
7025,7025,7025,212156474,08 44 32.823,+23 10 32.49,1,12.692,,,566-043880,08443281+2310327,,STAR,gri,rpm,2.7,1.3,-21.5,3.6,,,13.307,0.01,12.716,0.02,,,12.941,0.01,12.545,0.02,12.586,0.47,,,11.532,0.02,11.219,0.023,11.166,0.019,6037,96,96,4.272,0.125,0.225,-0.287,0.2,0.24,1.176,0.383,0.17,1.011,0.097,0.116,0.582,0.299,0.306,463.3,124.8,85.67,0.03,0.011,0.007,,,
7026,7026,7026,212156508,08 39 37.216,+23 10 36.07,1,13.945,,,566-043697,08393723+2310359,4517-301-2-0124-0137,STAR,gri,col,,,,,,,16.11,0.06,14.602,0.06,,,15.355,0.02,14.013,0.04,13.34,0.58,,,11.273,0.022,10.649,0.021,10.39,0.018,3666,108,86,4.979,0.045,0.063,-0.002,0.12,0.15,0.306,0.052,0.044,0.319,0.073,0.061,11.13,3.376,3.031,64.14,19.25,17.33,0.009,0.005,0.003,,,
7027,7027,7027,212156525,08 45 51.174,+23 10 37.37,1,12.013,,1943-1614-1,566-043933,08455118+2310376,,STAR,gri,rpm,-3.2,1.5,-18.7,1.8,,,12.629,0.338,11.605,0.172,,,12.224,0.01,11.804,0.03,11.922,0.53,,,10.828,0.023,10.595,0.025,10.531,0.018,6112,97,97,4.205,0.15,0.24,-0.052,0.15,0.15,1.363,0.589,0.224,1.153,0.195,0.098,0.419,0.276,0.267,392.9,164.6,74.42,0.031,0.011,0.008,,,
7028,7028,7028,212156559,08 47 13.733,+23 10 40.16,1,17.223,,,,08471373+2310401,,STAR,J,col,,,,,,,,,,,,,,,,,,,,,15.746,0.097,15.162,0.098,14.368,0.082,3500,191,343,5.072,0.112,0.08,-0.055,0.15,0.21,0.208,0.067,0.059,0.208,0.102,0.087,18.73,16.96,6.913,286.5,130.5,117.1,0.027,0.009,0.009,,,
7029,7029,7029,212156560,08 44 39.994,+23 10 40.18,1,14.062,,,566-043889,08443999+2310401,,STAR,JHK,rpm,-7.8,4.8,-10.5,5.2,,,,,,,,,,,,,,,,,12.636,0.021,12.154,0.023,12.068,0.023,5045,121,121,4.571,0.04,1.248,-0.231,0.25,0.55,0.792,2.81,0.073,0.856,0.118,0.085,1.711,0.337,1.69,414,1407,51.43,0.032,0.007,0.006,,,
7030,7030,7030,212156571,09 02 57.341,+23 10 41.43,1,19.22,,,,,5038-301-5-0068-0154,STAR,gri,,5,3,2,3,,,,,,,19.37,0.023,19.213,0.01,19.223,0.012,18.983,0.014,18.961,0.037,,,,,,,,,,,,,,,,,,,,,,,,,,,,,,,,,
7031,7031,7031,212156574,08 47 36.847,+23 10 41.49,1,13.851,,,566-044000,08473684+2310415,,STAR,gri,rpm,-3.2,8.9,-14.1,6.3,,,14.813,0.02,13.937,0.04,,,14.332,0.02,13.647,0.04,13.644,0.51,,,12.321,0.027,11.873,0.038,11.737,0.022,5144,124,124,3.994,0.605,0.847,-0.255,0.24,0.48,1.598,2.498,0.885,0.901,0.144,0.072,0.173,1.821,0.163,700.8,1039,379.3,0.032,0.008,0.007,,,
7032,7032,7032,212156640,08 39 15.366,+23 10 45.58,1,17.386,,,,08391536+2310455,4508-301-3-0115-0281,EXTENDED,gri,,8,3,-1,3,,,,,,,20.664,0.224,18.271,0.009,17.452,0.007,17.007,0.006,16.684,0.014,16.279,0.109,15.466,0.15,14.949,0.126,,,,,,,,,,,,,,,,,,,,,,,,,,,
7033,7033,7033,212156645,08 53 42.226,+23 10 45.84,1,12.588,,,566-044192,08534222+2310459,,STAR,gri,rpm,0.7,1.9,14,1.9,,,13.512,0.02,12.78,0.04,,,13.107,0.04,12.552,0.05,12.366,0.04,,,11.424,0.022,11.08,0.024,11.029,0.019,5663,133,166,4.454,0.065,0.624,-0.151,0.15,0.24,0.964,1.118,0.096,0.972,0.118,0.099,1.079,0.264,0.963,335.7,362.5,45.73,0.033,0.013,0.009,,,
7034,7034,7034,212156732,08 48 23.375,+23 10 51.27,1,11.659,,1943-1112-1,566-044029,08482336+2310513,,STAR,gri,plx,10.6,1.6,-4.1,1.8,,,12.245,0.173,11.79,0.159,,,12.044,0.04,11.526,0.04,11.494,0.42,,,10.407,0.023,10.077,0.032,9.995,0.021,5673,227,181,3.775,0.162,0.513,-0.176,0.25,0.8,2.33,2.746,0.508,1.176,0.214,0.3,0.089,0.075,0.08,1064,963.8,963.8,0.032,0.01,0.007,,,
7035,7035,7035,212156752,08 46 52.804,+23 10 53.09,1,15.551,,,566-043978,08465280+2310530,,STAR,gri,rpm,-4.8,4.3,1.6,4.9,,,16.684,0.03,15.867,0.06,,,16.24,0.06,15.59,0.04,15.255,0.101,,,14.187,0.028,13.677,0.035,13.643,0.03,5097,120,120,4.553,0.066,1.617,-0.463,0.35,0.56,0.782,3.855,0.095,0.815,0.095,0.08,1.608,0.571,1.601,877.7,4411,139.2,0.033,0.008,0.007,,,
7036,7036,7036,212156793,09 05 25.404,+23 10 56.49,1,17.643,,,,09052540+2310564,,EXTENDED,JHK,,,,,,,,,,,,,,,,,,,,,,15.41,0.116,14.649,0.124,14.459,0.116,,,,,,,,,,,,,,,,,,,,,,,,,,,
7037,7037,7037,212156808,08 40 17.750,+23 10 57.80,1,17.487,,,,,4517-301-2-0125-0304,EXTENDED,gri,,9,3,-3,3,,,,,,,19.163,0.051,17.99,0.009,17.502,0.008,17.272,0.009,17.156,0.025,,,,,,,,,,,,,,,,,,,,,,,,,,,,,,,,,
7038,7038,7038,212156811,08 50 48.376,+23 10 58.05,1,17.286,,,,08504837+2310580,,STAR,JHK,col,,,,,,,,,,,,,,,,,,,,,14.787,0.053,14.088,0.066,13.835,0.061,4024,342,342,4.844,0.144,0.12,-0.141,0.2,0.28,0.435,0.127,0.146,0.482,0.132,0.185,5.74,6.308,2.36,433.8,190.3,173.1,0.03,0.011,0.008,,,
7039,7039,7039,212156835,08 46 54.727,+23 10 59.77,1,16.441,,,,08465472+2310597,4569-301-4-0138-0241,EXTENDED,gri,,5,3,1,3,,,,,,,18.598,0.037,17.267,0.006,16.498,0.005,16.087,0.005,15.792,0.013,15.639,0.096,15.009,0.124,14.587,0.09,,,,,,,,,,,,,,,,,,,,,,,,,,,
7040,7040,7040,212156838,08 59 48.647,+23 10 59.94,1,16.412,,,566-044386,08594863+2311001,,STAR,BV,rpm,25.3,4.2,-45.4,4.6,,,17.142,0.17,16.526,0.1,,,16.766,0.04,,,,,,,15.161,0.044,14.802,0.055,14.74,0.083,5615,517,1035,4.642,0.248,0.155,-1.849,0.98,0.42,0.624,0.161,0.192,0.654,0.067,0.161,2.484,4.663,1.103,1097,527.2,658,0.035,0.01,0.01,,,
7041,7041,7041,212156895,08 59 40.388,+23 11 03.63,1,13.903,,,566-044381,08594038+2311037,5038-301-6-0064-0019,STAR,gri,rpm,-7,4.6,-5.5,5,,,15.411,0.06,14.274,0.08,,,14.805,0.04,13.864,0.04,13.517,0.07,,,12.193,0.02,11.676,0.023,11.509,0.019,4760,57,76,3.505,1.144,0.624,0.026,0.18,0.24,3.025,3.443,2.363,1.027,0.257,0.3,0.036,1.913,0.032,1237,1328,981.9,0.03,0.011,0.008,,,
7042,7042,7042,212156914,08 56 42.710,+23 11 05.46,1,16.101,,,,08564271+2311054,,STAR,J,col,,,,,,,,,,,,,,,,,,,,,14.704,0.054,13.962,0.062,13.689,0.06,4031,273,328,4.83,0.14,0.1,-0.141,0.2,0.28,0.452,0.107,0.143,0.506,0.111,0.178,5.332,5.406,1.89,434,154.1,167.1,0.032,0.011,0.008,,,
7043,7043,7043,212156916,09 00 08.369,+23 11 05.54,1,12.9,,,566-044399,09000836+2311056,,STAR,gri,lam,-0.8,2.8,0.9,3.2,,,14.317,0.04,13.236,0.07,,,13.743,0.05,12.864,0.04,12.539,0.04,,,11.335,0.022,10.779,0.021,10.659,0.019,4783,76,76,2.617,0.18,0.15,-0.526,0.12,0.15,7.593,1.411,1.19,0.968,0.1,0.046,0.002,0.002,7.87E-04,2100,294.6,397.8,0.033,0.01,0.007,,,
7044,7044,7044,212156918,09 00 04.785,+23 11 05.60,1,15.029,,,566-044397,09000478+2311057,5045-301-5-0164-0119,STAR,gri,rpm,1.2,4.3,-0.7,4.7,,,16.16,0.05,15.339,0.09,,,15.733,0.04,15.029,0.03,14.727,0.06,,,13.572,0.024,12.999,0.026,12.973,0.026,4927,97,78,2.832,1.23,1.23,-0.745,0.42,1.05,5.773,11.438,4.3,0.852,0.112,0.08,0.004,0.602,0.004,4069,10600,3196,0.035,0.007,0.008,,,
7045,7045,7045,212156920,08 55 23.878,+23 11 05.68,1,16.285,,,,08552387+2311056,4569-301-2-0150-0137,EXTENDED,gri,,6,3,1,3,,,,,,,19.268,0.097,17.329,0.008,16.351,0.006,15.837,0.005,15.409,0.012,15.566,0.082,14.526,0.095,14.316,0.09,,,,,,,,,,,,,,,,,,,,,,,,,,,
7046,7046,7046,212156968,09 00 14.140,+23 11 09.32,1,16.854,,,,09001414+2311093,5045-301-5-0165-0139,EXTENDED,gri,,4,1,6,3,,,,,,,18.768,0.024,17.507,0.005,16.932,0.004,16.574,0.005,16.37,0.011,15.796,0.076,15.194,0.087,14.88,0.104,,,,,,,,,,,,,,,,,,,,,,,,,,,
7047,7047,7047,212157002,08 56 04.596,+23 11 12.17,1,12.424,,,566-044261,08560459+2311122,,STAR,gri,rpm,-50.9,1.3,3.8,1.1,,,13.586,0.04,12.695,0.01,,,13.108,0.07,12.396,0.05,12.131,0.03,,,11.043,0.022,10.603,0.023,10.464,0.018,5108,121,91,4.585,0.03,0.81,-0.283,0.24,0.3,0.742,0.135,0.054,0.798,0.089,0.064,1.853,0.299,1.748,202.5,149.4,34.06,0.025,0.01,0.004,,,
7048,7048,7048,212157012,09 05 13.597,+23 11 13.08,1,17.238,,,566-044578,09051355+2311129,,EXTENDED,JHK,,1,7.1,25,7.3,,,,,,,,,,,,,,,,,14.832,0.077,14.001,0.083,13.811,0.079,,,,,,,,,,,,,,,,,,,,,,,,,,,
7049,7049,7049,212157051,08 56 05.433,+23 11 16.23,1,18.85,,,,08560543+2311162,,STAR,JHK,col,,,,,,,,,,,,,,,,,,,,,15.928,0.091,15.161,0.11,14.736,0.091,3836,410,342,4.93,0.135,0.162,-0.168,0.2,0.28,0.339,0.153,0.122,0.366,0.174,0.174,8.474,9.028,4.371,547,352.5,245.9,0.031,0.01,0.008,,,
7050,7050,7050,212157079,08 50 44.077,+23 11 18.55,1,16.953,,,,08504407+2311185,4576-301-4-0136-0239,EXTENDED,gri,,-3,3,5,3,,,,,,,18.776,0.049,17.546,0.008,17.011,0.008,16.699,0.008,16.468,0.027,16.685,0.168,,,,,,,,,,,,,,,,,,,,,,,,,,,,,,,
7051,7051,7051,212157113,08 55 22.784,+23 11 21.30,1,18.66,,,,,4569-301-2-0150-0138,EXTENDED,gri,,6,4,-10,4,,,,,,,20.234,0.088,19.08,0.015,18.717,0.016,18.48,0.019,18.291,0.057,,,,,,,,,,,,,,,,,,,,,,,,,,,,,,,,,
7052,7052,7052,212157210,09 04 56.711,+23 11 29.68,1,16.489,,,,09045671+2311296,5045-301-4-0171-0155,EXTENDED,gri,,3,2,-1,2,,,,,,,19.122,0.063,17.435,0.007,16.535,0.006,16.084,0.005,15.746,0.015,16.036,0.093,15.387,0.105,15.073,0.134,,,,,,,,,,,,,,,,,,,,,,,,,,,
7053,7053,7053,212157301,08 52 01.870,+23 11 35.80,1,17.557,,,,,4569-301-3-0145-0389,EXTENDED,gri,,-4,3,6,3,,,,,,,19.22,0.069,18.093,0.013,17.582,0.014,17.327,0.015,17.175,0.049,,,,,,,,,,,,,,,,,,,,,,,,,,,,,,,,,
7054,7054,7054,212157342,08 46 46.604,+23 11 40.04,1,19.488,,,,,4508-301-1-0126-0271,STAR,gri,,-3,5,7,5,,,,,,,23.298,0.421,20.901,0.03,19.528,0.015,18.882,0.012,18.532,0.024,,,,,,,,,,,,,,,,,,,,,,,,,,,,,,,,,
7055,7055,7055,212157344,08 47 56.133,+23 11 40.14,1,13.739,,,566-044014,08475612+2311401,,STAR,gri,rpm,-19.1,3,-12.7,3.4,,,15.11,0.05,14.015,0.04,,,14.588,0.04,13.586,0.04,13.375,0.42,,,11.962,0.025,11.427,0.031,11.262,0.02,4620,111,92,4.625,0.045,0.02,0.04,0.09,0.12,0.695,0.029,0.05,0.747,0.045,0.037,2.178,0.429,0.145,236.9,22.26,24.2,0.028,0.005,0.005,,,
7056,7056,7056,212157362,08 45 25.546,+23 11 41.35,1,13.959,,,566-043912,08452554+2311414,,STAR,gri,rpm,-0.1,3,6.3,3.4,,,15.074,0.03,14.214,0.04,,,14.607,0.01,13.953,0.03,13.682,0.03,,,12.538,0.022,12.046,0.021,11.955,0.02,5046,99,59,3.024,0.51,0.816,-0.79,0.25,0.75,4.52,7.157,1.852,0.891,0.082,0.082,0.007,0.035,0.007,2096,3013,818.2,0.032,0.008,0.004,,,
7057,7057,7057,212157472,09 04 35.988,+23 11 50.27,1,18.129,,,,09043598+2311502,,STAR,J,,,,,,,,,,,,,,,,,,,,,,16.582,0.124,15.83,0.131,,,,,,,,,,,,,,,,,,,,,,,,,,,,,
7058,7058,7058,212157494,08 39 49.226,+23 11 52.25,1,12.253,,1942-2712-1,566-043708,08394922+2311521,,STAR,gri,plx,-4,1.8,15.4,2,,,12.641,0.27,12.271,0.236,,,12.414,0.01,12.024,0.03,12.184,0.59,,,11.017,0.022,10.706,0.021,10.672,0.02,6069,73,97,4.269,0.115,0.161,-0.265,0.25,0.25,1.199,0.27,0.162,1.015,0.131,0.109,0.525,0.251,0.221,382.7,73.08,73.08,0.029,0.01,0.007,,,
7059,7059,7059,212157558,08 41 23.895,+23 11 56.76,1,12.19,,,566-043774,08412390+2311568,,STAR,gri,rpm,-0.6,1,-19.6,0.9,,,12.728,0.01,12.251,0.02,,,12.412,0.01,12.116,0.02,12.311,0.59,,,11.188,0.022,10.98,0.023,10.923,0.02,6482,131,131,4.185,0.09,0.12,-0.06,0.06,0.18,1.46,0.328,0.153,1.268,0.137,0.098,0.37,0.145,0.145,524.7,137.7,62.63,0.032,0.01,0.007,,,
7060,7060,7060,212157560,08 54 21.573,+23 11 56.87,1,19.194,,,,,4576-301-3-0141-0075,STAR,gri,,-9,3,-1,3,,,,,,,18.639,0.018,18.859,0.009,19.306,0.015,19.669,0.024,19.731,0.099,,,,,,,,,,,,,,,,,,,,,,,,,,,,,,,,,
7061,7061,7061,212157599,08 44 06.866,+23 11 59.98,1,17.914,,,,08440686+2311599,4569-301-5-0135-0225,EXTENDED,gri,,0,3,-4,3,,,,,,,20.833,0.112,18.977,0.012,17.958,0.008,17.458,0.008,17.045,0.016,15.918,0.101,15.174,0.099,14.793,0.115,,,,,,,,,,,,,,,,,,,,,,,,,,,
7062,7062,7062,212157613,08 47 38.759,+23 12 00.85,1,17.431,,,,,4569-301-4-0139-0330,EXTENDED,gri,,,,,,,,,,,,18.6,0.033,17.615,0.007,17.37,0.008,17.236,0.01,17.388,0.047,,,,,,,,,,,,,,,,,,,,,,,,,,,,,,,,,
7063,7063,7063,212157678,08 56 10.435,+23 12 06.23,1,13.825,,,567-044010,08561042+2312062,,STAR,gri,rpm,-9.5,3.3,-3.8,3.5,,,14.971,0.04,14.095,0.03,,,14.497,0.06,13.805,0.06,13.537,0.04,,,12.379,0.023,11.807,0.025,11.714,0.018,4888,95,115,2.805,0.954,0.53,-0.615,0.42,0.36,5.265,4.055,4.418,0.899,0.098,0.117,0.004,0.446,0.004,2508,1901,1491,0.034,0.008,0.01,,,
7064,7064,7064,212157680,09 02 49.568,+23 12 06.47,1,17.065,,,,09024956+2312064,5038-301-5-0068-0282,EXTENDED,gri,,2,3,-3,3,,,,,,,19.973,0.059,18.155,0.008,17.088,0.005,16.598,0.006,16.219,0.011,15.549,0.081,14.856,0.075,14.282,0.071,,,,,,,,,,,,,,,,,,,,,,,,,,,
7065,7065,7065,212157716,08 39 43.192,+23 12 09.65,1,11.064,,1942-2847-1,567-043388,08394318+2312095,,STAR,gri,rpm,-2.5,1.6,4.7,1.7,,,12.061,0.188,11.095,0.093,,,11.803,0.02,10.831,0.03,10.747,0.59,,,9.072,0.021,8.466,0.018,8.312,0.018,4573,54,72,2.393,0.14,0.196,-0.083,0.15,0.21,11.697,2.627,1.391,1.26,0.236,0.169,7.27E-04,3.86E-04,3.59E-04,1031,237.3,120.5,0.035,0.011,0.008,,,
7066,7066,7066,212157723,09 04 09.676,+23 12 10.17,1,15.349,,,567-044254,09040967+2312099,5038-301-5-0070-0084,STAR,gri,lam,0.9,4.3,-0.3,4.6,,,16.495,0.13,15.696,0.15,,,16.013,0.04,15.341,0.05,15.064,0.07,,,13.99,0.026,13.536,0.02,13.411,0.026,5094,153,153,4.578,0.03,0.03,-0.099,0.12,0.12,0.764,0.043,0.041,0.826,0.042,0.05,1.814,0.245,0.216,750.3,72.38,66.01,0.034,0.01,0.008,,,
7067,7067,7067,212157724,08 55 18.754,+23 12 10.18,1,19.571,,,,,4569-301-2-0150-0527,EXTENDED,gri,,-3,5,4,5,,,,,,,21.743,0.347,20.002,0.036,19.679,0.04,19.386,0.05,19.348,0.159,,,,,,,,,,,,,,,,,,,,,,,,,,,,,,,,,
7068,7068,7068,212157760,08 38 56.652,+23 12 13.51,1,18.228,,,,08385665+2312135,4508-301-3-0115-0333,STAR,gri,rpm,-11,4,-74,4,,,,,,,23.388,0.431,20.423,0.021,18.87,0.01,17.287,0.006,16.409,0.008,14.924,0.032,14.4,0.045,14.043,0.056,3314,178,127,5.147,0.02,0.027,-0.09,0.24,0.28,0.172,0.013,0.009,0.152,0.016,0.011,29.63,2.487,4.001,144.2,18.34,16.27,0.02,0.008,0.006,,,
7069,7069,7069,212157767,09 03 34.810,+23 12 14.04,1,12.24,,,567-044236,09033482+2312139,,STAR,gri,lam,4.5,1.1,10.4,0.7,,,13.011,0.05,12.427,0.07,,,12.623,0.05,12.237,0.05,12.076,0.03,,,11.225,0.022,10.939,0.022,10.866,0.018,5895,144,144,3.896,0.108,0.09,-0.222,0.18,0.15,1.904,0.368,0.261,1.145,0.126,0.126,0.143,0.074,0.049,622.2,128.6,90.17,0.032,0.009,0.005,,,
7070,7070,7070,212157821,08 51 46.355,+23 12 18.26,1,13.879,,,567-043846,08514635+2312182,,STAR,gri,rpm,0.2,2.5,1.5,2.8,,,15.081,0.05,14.175,0.05,,,14.598,0.03,13.87,0.06,13.571,0.06,,,12.393,0.02,11.92,0.024,11.807,0.021,5011,138,98,3.36,0.975,0.975,-0.439,0.25,0.4,3.495,4.904,2.327,0.966,0.175,0.146,0.013,0.343,0.012,1415,1750,992.3,0.035,0.01,0.008,,,
7071,7071,7071,212157850,08 52 00.765,+23 12 20.95,1,14.897,,,567-043855,08520077+2312209,4569-301-3-0145-0107,STAR,gri,rpm,-10.7,11.6,-59.2,11.6,,,17.081,0.04,15.663,0.1,,,16.442,0.05,15.079,0.07,14.234,0.04,,,12.593,0.022,11.946,0.022,11.715,0.019,3719,87,87,4.936,0.056,0.04,0.028,0.08,0.14,0.338,0.046,0.047,0.366,0.052,0.069,9.162,2.587,1.715,115.7,15.62,21.21,0.016,0.006,0.005,,,
7072,7072,7072,212157852,08 38 51.552,+23 12 21.12,1,10.99,,1942-2061-1,567-043357,08385155+2312210,,STAR,gri,rpm,-5,1.5,-21.2,1.6,,,11.696,0.102,10.944,0.079,,,11.216,0.01,10.755,0.04,10.893,0.59,,,9.719,0.025,9.46,0.023,9.363,0.018,5995,120,120,4.102,0.276,0.23,0.044,0.12,0.18,1.497,0.719,0.418,1.164,0.204,0.128,0.289,0.42,0.171,247.4,118.9,68.99,0.027,0.011,0.008,,,
7073,7073,7073,212157857,08 44 52.664,+23 12 21.38,1,17.933,,,,08445266+2312213,,STAR,J,,,,,,,,,,,,,,,,,,,,,,16.404,0.144,,,15.376,0.196,,,,,,,,,,,,,,,,,,,,,,,,,,,
7074,7074,7074,212157865,08 46 47.131,+23 12 22.59,1,17.314,,,,08464713+2312225,,STAR,JHK,col,,,,,,,,,,,,,,,,,,,,,15.677,0.073,15.164,0.099,15.013,0.104,4191,918,573,4.781,0.2,0.2,-0.277,0.25,0.4,0.446,0.223,0.193,0.524,0.216,0.259,4.301,7.99,2.508,774.8,729,425.2,0.032,0.008,0.007,,,
7075,7075,7075,212157911,08 59 18.866,+23 12 27.03,1,10.31,,1950-311-1,567-044103,08591887+2312270,,STAR,gri,rpm,-56.7,1.5,-18.3,1.6,,,11.258,0.094,10.359,0.055,,,10.794,0.05,10.282,0.03,10.103,0.02,,,9.285,0.023,8.946,0.023,8.876,0.017,5651,112,112,4.467,0.05,0.51,-0.096,0.2,0.36,0.96,0.89,0.118,0.981,0.068,0.123,1.067,0.292,0.905,121.8,106.1,14.34,0.021,0.008,0.005,,,
7076,7076,7076,212157944,08 48 08.323,+23 12 30.13,1,12.797,,,567-043723,08480831+2312301,,STAR,gri,rpm,17.4,2.1,-7.3,2.4,,,13.364,0.03,12.806,0.04,,,13.034,0.05,12.661,0.04,12.696,0.43,,,11.734,0.023,11.47,0.033,11.417,0.023,6113,148,148,4.28,0.09,0.198,-0.218,0.2,0.2,1.227,0.338,0.14,1.058,0.1,0.1,0.578,0.211,0.286,528,135.5,70.24,0.032,0.008,0.006,,,
7077,7077,7077,212157951,08 48 23.870,+23 12 30.64,1,13.156,,,567-043736,08482386+2312307,,STAR,gri,rpm,-3.5,2.2,25.1,2.7,,,14.191,0.04,13.318,0.04,,,13.743,0.04,13.016,0.04,12.905,0.42,,,11.704,0.027,11.248,0.033,11.2,0.028,5138,125,125,4.558,0.04,0.872,-0.075,0.15,0.33,0.801,1.53,0.052,0.866,0.055,0.066,1.623,0.284,1.547,281.1,508.2,23.55,0.03,0.007,0.006,,,
7078,7078,7078,212157955,08 43 08.289,+23 12 30.97,1,15.146,,,567-043515,08430829+2312310,4508-301-2-0121-0009,STAR,gri,rpm,4.5,4.4,2.7,5,,,16.421,0.13,15.529,0.05,,,15.957,0.06,15.153,0.04,14.798,0.03,,,13.658,0.025,13.129,0.026,13.032,0.033,4822,112,94,4.619,0.035,1.589,-0.238,0.25,0.35,0.71,4.6,0.061,0.766,0.131,0.082,2.148,0.376,2.137,562.4,3557,57.68,0.034,0.01,0.007,,,
7079,7079,7079,212157989,08 52 39.779,+23 12 32.97,1,12.982,,,567-043879,08523978+2312329,,STAR,gri,rpm,-2.1,1.8,-6.8,2.1,,,14.232,0.04,13.273,0.03,,,13.714,0.04,12.973,0.04,12.668,0.04,,,11.523,0.022,11.005,0.022,10.92,0.018,4908,77,58,2.86,0.53,0.636,-0.473,0.24,0.42,5.571,5.005,2.306,0.969,0.211,0.081,0.004,0.022,0.004,1722,1229,717.3,0.033,0.01,0.007,,,
7080,7080,7080,212158048,08 45 19.400,+23 12 38.55,1,13.629,,,567-043614,08451939+2312385,,STAR,gri,rpm,-2.8,2.7,-3.8,3.1,,,14.748,0.02,13.719,0.03,,,14.202,0.01,13.37,0.02,13.384,0.57,,,11.837,0.022,11.276,0.021,11.179,0.02,4787,75,75,2.77,0.582,0.582,-0.358,0.25,0.45,6.583,5.112,2.878,0.999,0.223,0.134,0.003,0.018,0.003,2212,1527,903.3,0.034,0.011,0.007,,,
7081,7081,7081,212158059,08 42 03.839,+23 12 39.31,1,12.158,,,567-043479,08420384+2312393,,STAR,gri,rpm,-4,1.5,-7,0.6,,,12.667,0.02,12.214,0.02,,,12.358,0.03,12.091,0.02,12.304,0.59,,,11.254,0.022,11.072,0.024,10.976,0.016,6613,158,105,4.1,0.14,0.196,-0.036,0.09,0.15,1.673,0.484,0.319,1.401,0.156,0.134,0.257,0.18,0.121,649.1,160.6,128.7,0.034,0.013,0.006,,,
7082,7082,7082,212158066,08 41 06.869,+23 12 40.04,1,15.383,,,567-043445,08410686+2312403,,STAR,gri,col,,,,,,,17.518,0.12,16.21,0.071,,,16.829,0.066,15.557,0.02,14.763,0.12,,,13.144,0.022,12.566,0.021,12.382,0.023,3762,75,75,4.926,0.054,0.045,-0.031,0.15,0.15,0.345,0.043,0.045,0.376,0.053,0.053,8.634,2.592,1.696,155.2,22.59,23.35,0.019,0.007,0.005,,,
7083,7083,7083,212158082,08 51 36.948,+23 12 41.07,1,13.051,,,567-043842,08513695+2312412,,STAR,gri,rpm,0.6,2,-0.3,2.3,,,14.629,0.03,13.509,0.03,,,14.032,0.04,13.109,0.05,12.63,0.1,,,11.334,0.02,10.676,0.021,10.563,0.019,4506,72,72,1.935,0.426,1.065,-0.598,0.35,1.12,15.375,38.828,5.273,0.929,0.148,0.148,1.96E-04,6.17E-04,1.92E-04,3661,9033,1069,0.033,0.011,0.007,,,
7084,7084,7084,212158107,09 04 05.034,+23 12 43.30,1,17.622,,,,09040503+2312433,5038-301-5-0070-0199,EXTENDED,gri,,6,3,0,3,,,,,,,20.746,0.095,18.652,0.01,17.64,0.007,17.181,0.007,16.831,0.015,16.194,0.101,15.556,0.098,14.909,0.112,,,,,,,,,,,,,,,,,,,,,,,,,,,
7085,7085,7085,212158135,08 48 18.664,+23 12 45.55,1,17.334,,,,08481866+2312455,4569-301-4-0140-0269,EXTENDED,gri,,6,3,2,3,,,,,,,20.307,0.09,18.309,0.009,17.329,0.006,16.916,0.006,16.555,0.015,15.943,0.102,15.331,0.131,14.813,0.099,,,,,,,,,,,,,,,,,,,,,,,,,,,
7086,7086,7086,212158157,09 00 23.610,+23 12 47.43,1,13.57,,,567-044142,09002360+2312476,,STAR,gri,rpm,-8.3,4.6,-59.9,5.1,,,15.321,0.04,14.108,0.07,,,14.715,0.07,13.551,0.06,13.079,0.02,,,11.755,0.022,11.129,0.021,11.002,0.018,4191,125,100,4.777,0.065,0.065,-0.089,0.18,0.33,0.506,0.072,0.075,0.573,0.072,0.072,4.124,1.376,1.032,136.4,24.23,24.3,0.018,0.006,0.003,,,
7087,7087,7087,212158171,08 57 10.516,+23 12 48.19,1,17.844,,,,08571051+2312481,4569-301-2-0153-0211,EXTENDED,gri,,2,3,1,3,,,,,,,20.565,0.112,18.799,0.012,17.839,0.009,17.435,0.009,17.107,0.02,16.703,0.156,15.698,0.14,15.422,0.169,,,,,,,,,,,,,,,,,,,,,,,,,,,
7088,7088,7088,212158207,08 41 24.510,+23 12 51.37,1,14.63,,,567-043458,08412451+2312514,,STAR,gri,rpm,2.5,4.7,-15.5,5.1,,,15.435,0.04,14.716,0.02,,,14.994,0.01,14.418,0.01,14.474,0.61,,,13.096,0.023,12.665,0.023,12.577,0.028,5400,107,107,4.508,0.06,0.972,-0.471,0.35,0.56,0.867,1.756,0.12,0.872,0.053,0.096,1.323,0.441,1.276,616.8,1179,103.8,0.033,0.01,0.007,,,
7089,7089,7089,212158239,08 40 33.195,+23 12 54.75,1,17.868,,,,08403319+2312547,,STAR,J,col,,,,,,,,,,,,,,,,,,,,,16.345,0.119,15.203,0.089,14.582,0.099,1931,1390,77,5.372,0.02,0.226,-0.105,0.24,0.2,0.092,0.072,0.002,0.073,0.005,0.001,93.93,5.636,63.25,50.78,114.7,5.937,0.01,0.01,0.002,,,
7090,7090,7090,212158249,08 51 30.787,+23 12 55.66,1,18.009,,,,08513078+2312556,4569-301-3-0145-0167,EXTENDED,gri,,-2,3,-2,3,,,,,,,20.188,0.071,18.943,0.012,17.858,0.008,17.609,0.009,17.426,0.025,16.384,0.114,16.229,0.199,14.985,0.106,,,,,,,,,,,,,,,,,,,,,,,,,,,
7091,7091,7091,212158255,09 05 04.092,+23 12 56.12,1,16.355,,,,09050409+2312561,5045-301-4-0171-0183,EXTENDED,gri,,-5,2,-1,2,,,,,,,19.094,0.032,17.241,0.005,16.393,0.004,15.976,0.004,15.673,0.008,15.081,0.056,14.275,0.061,14.072,0.059,,,,,,,,,,,,,,,,,,,,,,,,,,,
7092,7092,7092,212158273,08 55 46.326,+23 12 57.04,1,17.353,,,,08554632+2312570,4569-301-2-0151-0259,EXTENDED,gri,,0,3,1,3,,,,,,,20.256,0.073,18.36,0.008,17.334,0.006,16.921,0.006,16.578,0.012,15.675,0.067,14.755,0.06,14.56,0.077,,,,,,,,,,,,,,,,,,,,,,,,,,,
7093,7093,7093,212158275,09 00 29.947,+23 12 57.10,1,12.996,,,567-044150,09002994+2312571,,STAR,gri,lam,-2.1,1.6,-11.2,1.7,,,13.81,0.06,13.182,0.07,,,13.404,0.06,12.972,0.05,12.822,0.03,,,11.939,0.02,11.689,0.021,11.577,0.018,5930,142,95,4.257,0.115,0.138,0.115,0.15,0.12,1.266,0.27,0.189,1.135,0.081,0.097,0.479,0.246,0.188,602,110.2,110,0.033,0.011,0.008,,,
7094,7094,7094,212158282,08 38 42.362,+23 12 57.83,1,17.211,,,,08384236+2312578,4508-301-3-0115-0226,EXTENDED,gri,,1,3,3,3,,,,,,,19.128,0.044,17.924,0.008,17.267,0.007,16.905,0.007,16.669,0.017,16.844,0.176,15.907,0.179,15.346,0.2,,,,,,,,,,,,,,,,,,,,,,,,,,,
7095,7095,7095,212158335,08 45 08.476,+23 13 02.19,1,16.83,,,,08450847+2313021,4508-301-1-0123-0271,EXTENDED,gri,,-1,3,6,3,,,,,,,19.634,0.053,17.9,0.008,16.835,0.005,16.371,0.005,15.998,0.009,15.579,0.077,14.749,0.089,14.344,0.093,,,,,,,,,,,,,,,,,,,,,,,,,,,
7096,7096,7096,212158343,09 05 26.221,+23 13 03.00,1,15.115,,,,09052622+2313029,5045-301-4-0172-0226,EXTENDED,gri,,-3,2,-3,2,,,,,,,17.988,0.026,16.037,0.003,15.144,0.003,14.72,0.003,14.392,0.006,14.582,0.074,13.874,0.083,13.671,0.079,,,,,,,,,,,,,,,,,,,,,,,,,,,
7097,7097,7097,212158378,08 57 52.842,+23 13 05.80,1,18.291,,,,08575284+2313058,5045-301-6-0161-0210,STAR,gri,rpm,-92,3,-101,3,,,,,,,21.856,0.183,19.8,0.015,18.346,0.008,17.644,0.007,17.251,0.014,16.012,0.083,15.315,0.088,15.195,0.127,3673,102,43,5.136,0.036,0.06,-0.603,0.24,0.24,0.185,0.039,0.017,0.172,0.042,0.015,26.2,5.298,7.393,160.7,72.67,11.55,0.022,0.004,0.003,,,
7098,7098,7098,212158379,08 42 41.856,+23 13 05.83,1,17.817,,,,08424185+2313058,,STAR,J,rpm,10,1,2,2,,,,,,,,,,,,,,,,,16.298,0.133,15.704,0.166,15.035,0.139,3875,480,320,4.92,0.11,0.154,-0.204,0.25,0.35,0.352,0.152,0.106,0.382,0.176,0.147,7.836,6.755,4.12,649.7,479.4,239.8,0.033,0.008,0.007,,,
7099,7099,7099,212158401,08 41 50.418,+23 13 07.28,1,10.65,,1942-2007-1,567-043475,08415041+2313075,,STAR,gri,rpm,4.5,1.3,-8.7,1.3,,,11.877,0.171,10.74,0.073,,,11.221,0.02,10.43,0.03,10.405,0.6,,,8.896,0.023,8.356,0.018,8.248,0.021,4827,77,57,2.429,0.414,0.108,-0.347,0.16,0.24,10.765,0.85,3.29,1.114,0.287,0.144,8.94E-04,0.002,2.34E-04,901,71.13,256.1,0.033,0.008,0.007,,,
7100,7100,7100,212158422,08 45 34.125,+23 13 08.72,1,17.105,,,,08453412+2313087,4508-301-1-0124-0272,EXTENDED,gri,,-6,3,0,3,,,,,,,20.293,0.1,18.153,0.01,17.112,0.006,16.656,0.006,16.301,0.012,15.842,0.098,15.006,0.1,14.923,0.134,,,,,,,,,,,,,,,,,,,,,,,,,,,
7101,7101,7101,212158477,08 46 15.450,+23 13 13.43,1,15.804,,,567-043649,08461545+2313134,4508-301-1-0125-0210,STAR,JHK,rpm,-33.9,8,5.5,7.3,,,,,,,,,,,,,,,,,13.595,0.025,12.963,0.03,12.75,0.026,3880,216,185,4.888,0.091,0.065,-0.068,0.15,0.27,0.381,0.07,0.08,0.435,0.083,0.099,7.101,4.05,1.957,223.1,54.55,58.85,0.025,0.008,0.007,,,
7102,7102,7102,212158547,08 57 38.881,+23 13 19.07,1,18.859,,,,08573888+2313190,5045-301-6-0161-0253,STAR,gri,,46,5,-118,5,,,,,,,22.758,0.384,20.669,0.028,19.047,0.012,18.083,0.009,17.553,0.017,16.124,0.094,15.452,0.118,,,,,,,,,,,,,,,,,,,,,,,,,,,,,
7103,7103,7103,212158605,08 53 51.010,+23 13 23.56,1,12.401,,,567-043928,08535101+2313236,,STAR,gri,rpm,-5.3,1.5,-4.6,1.8,,,13.566,0.03,12.668,0.03,,,13.096,0.031,12.393,0.01,12.103,0.03,,,10.913,0.02,10.404,0.021,10.298,0.017,4930,78,58,2.383,0.714,0.612,-0.898,0.4,0.56,9.398,7.957,4.803,0.898,0.133,0.074,8.26E-04,0.008,7.14E-04,2071,1785,1068,0.032,0.01,0.008,,,
7104,7104,7104,212158627,08 40 57.312,+23 13 25.64,1,12.661,,,567-043439,08405732+2313256,,STAR,gri,rpm,-3.3,1,-9.2,0.5,,,13.109,0.01,12.592,0.03,,,12.774,0.01,12.443,0.04,12.612,0.58,,,11.505,0.021,11.248,0.023,11.203,0.016,6254,126,126,4.123,0.16,0.192,-0.197,0.2,0.32,1.433,0.451,0.292,1.146,0.19,0.158,0.326,0.253,0.162,572.7,171.9,112.5,0.032,0.01,0.007,,,
7105,7105,7105,212158631,08 40 36.306,+23 13 25.76,1,14.666,,,567-043425,08403630+2313260,4517-301-2-0126-0033,STAR,gri,col,,,,,,,16.977,0.11,15.568,0.06,,,16.284,0.02,15.05,0.04,13.973,0.54,,,11.599,0.021,10.976,0.021,10.771,0.016,3898,160,114,4.88,0.04,0.04,-0.031,0.15,0.36,0.397,0.042,0.038,0.447,0.05,0.05,6.705,1.544,1.063,93.16,15.79,13.5,0.014,0.004,0.004,,,
7106,7106,7106,212158647,09 04 20.031,+23 13 26.71,1,17.325,,,,,5038-301-5-0070-0258,EXTENDED,gri,,-1,2,-10,2,,,,,,,18.95,0.044,17.762,0.01,17.39,0.011,17.138,0.013,17.025,0.037,,,,,,,,,,,,,,,,,,,,,,,,,,,,,,,,,
7107,7107,7107,212158683,08 57 43.401,+23 13 29.19,1,14.304,,,567-044064,08574339+2313292,5045-301-6-0161-0071,STAR,gri,rpm,-11.4,4.4,-17.6,4.7,,,16.226,0.06,14.967,0.09,,,15.657,0.06,14.325,0.06,13.724,0.04,,,12.214,0.02,11.562,0.021,11.365,0.017,3951,63,79,4.85,0.042,0.035,-0.03,0.09,0.15,0.432,0.035,0.045,0.489,0.036,0.057,5.949,1.269,0.885,133.5,14.58,15.61,0.02,0.005,0.006,,,
7108,7108,7108,212158738,08 47 21.437,+23 13 34.20,1,17.99,,,,08472143+2313342,4569-301-4-0139-0266,STAR,gri,rpm,68,3,-117,3,,,,,,,22.426,0.254,19.794,0.015,18.45,0.009,17.217,0.006,16.57,0.01,15.249,0.053,14.778,0.083,14.485,0.074,3305,39,33,5.132,0.02,0.02,0.032,0.05,0.05,0.176,0.011,0.004,0.154,0.012,0.003,28.18,1.691,2.122,101.9,42.7,26.88,0.016,0.013,0.005,,,
7109,7109,7109,212158743,08 42 45.247,+23 13 34.78,1,12.982,,,567-043503,08424525+2313348,,STAR,gri,rpm,-31.7,1.9,0.5,2.5,,,13.412,0.01,12.911,0.01,,,13.082,0.031,12.769,0.02,12.939,0.59,,,11.831,0.022,11.534,0.021,11.512,0.019,6168,124,99,4.2,0.15,0.18,-0.828,0.36,0.3,1.185,0.29,0.233,0.869,0.084,0.035,0.459,0.338,0.222,551.5,99.45,114.2,0.029,0.011,0.009,,,
7110,7110,7110,212158794,08 47 41.586,+23 13 39.57,1,16.275,,,,08474158+2313395,4569-301-4-0140-0199,EXTENDED,gri,,6,3,2,3,,,,,,,19.047,0.043,17.15,0.005,16.289,0.004,15.9,0.004,15.565,0.009,15.182,0.075,14.501,0.099,14.262,0.09,,,,,,,,,,,,,,,,,,,,,,,,,,,
7111,7111,7111,212158803,08 55 13.993,+23 13 39.96,1,11.634,,,567-043972,08551397+2313400,,STAR,gri,rpm,-16.8,1,-5.9,1.5,,,12.22,0.05,11.723,0.05,,,11.941,0.05,11.615,0.03,11.503,0.02,,,10.737,0.022,10.485,0.021,10.436,0.018,6177,149,99,4.241,0.125,0.275,-0.095,0.12,0.18,1.3,0.607,0.211,1.154,0.185,0.116,0.478,0.271,0.3,370.3,156.4,65.83,0.029,0.01,0.008,,,
7112,7112,7112,212158865,08 45 07.646,+23 13 44.04,1,18.78,,,,08450764+2313440,,STAR,JHK,col,,,,,,,,,,,,,,,,,,,,,16.332,0.115,15.481,0.132,15.295,0.166,4007,391,391,4.867,0.14,0.14,-0.254,0.25,0.35,0.403,0.137,0.151,0.46,0.144,0.202,6.399,8.636,2.923,863.8,455.7,386.5,0.032,0.01,0.007,,,
7113,7113,7113,212158875,08 47 10.507,+23 13 45.00,1,14.789,,,567-043682,08471050+2313450,,STAR,gri,rpm,1.6,4.6,-0.8,5.1,,,15.909,0.02,15.08,0.1,,,15.456,0.02,14.759,0.05,14.503,0.08,,,13.48,0.029,13.09,0.046,12.96,0.027,5243,126,157,4.544,0.04,0.896,-0.14,0.2,0.32,0.826,1.811,0.076,0.871,0.093,0.077,1.533,0.327,1.47,672.7,1359,70.39,0.034,0.01,0.008,,,
7114,7114,7114,212158923,09 05 21.263,+23 13 49.91,1,18.689,,,,09052126+2313499,,STAR,JHK,col,,,,,,,,,,,,,,,,,,,,,16.246,0.171,15.535,0.182,15.321,0.189,4016,698,436,4.881,0.16,0.224,-0.304,0.25,0.4,0.387,0.202,0.153,0.418,0.205,0.205,6.841,9.381,3.956,770.6,644.6,351,0.032,0.01,0.007,,,
7115,7115,7115,212158934,08 40 37.801,+23 13 50.76,1,17.689,,,,08403780+2313507,,STAR,JHK,col,,,,,,,,,,,,,,,,,,,,,15.241,0.044,14.584,0.06,14.314,0.072,3925,387,322,4.858,0.14,0.14,-0.176,0.2,0.28,0.381,0.14,0.135,0.433,0.156,0.188,6.4,7.283,3.002,465.2,252,188.5,0.03,0.011,0.008,,,
7116,7116,7116,212158953,08 38 24.151,+23 13 52.11,1,13.771,,,567-043329,08382414+2313521,,STAR,gri,rpm,-2.6,4,-15.9,3,,,15.002,0.03,13.915,0.04,,,14.469,0.02,13.464,0.03,13.472,0.61,,,11.887,0.026,11.374,0.032,11.223,0.018,4635,56,74,4.631,0.03,0.02,0.056,0.1,0.16,0.705,0.014,0.047,0.775,0.019,0.052,2.213,0.31,0.133,237.9,7.136,23.31,0.03,0.01,0.005,,,
7117,7117,7117,212158959,09 03 50.475,+23 13 52.52,1,9.218,,1950-1860-1,567-044245,09035047+2313525,,STAR,gri,rpm,8.4,1.3,-15.7,1.4,,,10.509,0.063,9.427,0.031,,,10.054,0.03,9.208,0.04,8.86,0.02,,,7.634,0.026,7.117,0.017,6.987,0.018,4762,77,77,2.463,0.247,0.095,-0.178,0.18,0.18,11.024,0.816,1.602,1.349,0.485,0.269,9.61E-04,0.001,2.32E-04,511.5,41.65,45.86,0.033,0.01,0.008,,,
7118,7118,7118,212158990,08 43 25.983,+23 13 55.52,1,19.119,,,,,6728-301-5-0148-0310,EXTENDED,gri,,-3,3,0,3,,,,,,,20.652,0.099,19.518,0.018,19.217,0.019,18.948,0.024,18.79,0.061,,,,,,,,,,,,,,,,,,,,,,,,,,,,,,,,,
7119,7119,7119,212158991,08 55 09.069,+23 13 55.55,1,17.433,,,,,4576-301-3-0142-0240,STAR,gri,,,,,,,,,,,,22.777,0.402,19.428,0.012,17.994,0.007,16.578,0.005,15.814,0.007,,,,,,,,,,,,,,,,,,,,,,,,,,,,,,,,,
7120,7120,7120,212159000,08 43 57.436,+23 13 56.16,1,15.042,,,567-043553,08435743+2313562,,STAR,gri,rpm,-1.5,4.4,-5.7,5,,,16.003,0.02,15.279,0.03,,,15.593,0.02,15.046,0.02,14.806,0.07,,,13.969,0.029,13.497,0.03,13.463,0.038,5351,157,125,3.536,1.038,0.865,-0.982,0.6,0.84,1.961,3.033,1.322,0.854,0.04,0.072,0.069,1.21,0.065,2169,3069,1416,0.032,0.007,0.006,,,
7121,7121,7121,212159036,08 38 05.692,+23 13 59.14,1,17.819,,,,08380569+2313591,,STAR,JHK,col,,,,,,,,,,,,,,,,,,,,,14.921,0.084,14.104,0.098,13.736,0.076,3975,342,342,4.836,0.168,0.12,-0.141,0.2,0.28,0.422,0.128,0.16,0.468,0.136,0.218,5.517,7.84,2.342,474.3,224,218.9,0.03,0.011,0.008,,,
7122,7122,7122,212159064,08 38 27.486,+23 14 01.19,1,13.278,,,567-043333,08382748+2314012,,STAR,gri,rpm,-4.8,2.3,-3.4,2.9,,,14.529,0.03,13.39,0.02,,,13.941,0.02,12.996,0.04,12.993,0.56,,,11.408,0.027,10.873,0.03,10.751,0.022,4681,75,75,2.758,0.36,0.36,-0.098,0.18,0.18,6.856,3.782,2.102,1.166,0.169,0.198,0.003,0.007,0.002,1829,962.1,542.9,0.033,0.014,0.007,,,
7123,7123,7123,212159110,09 05 26.782,+23 14 05.15,1,15.572,,,,09052678+2314051,5045-301-4-0172-0242,EXTENDED,gri,,-2,2,-3,2,,,,,,,17.791,0.026,16.353,0.004,15.626,0.003,15.237,0.004,14.91,0.009,15.728,0.133,14.825,0.133,14.637,0.121,,,,,,,,,,,,,,,,,,,,,,,,,,,
7124,7124,7124,212159131,09 05 07.534,+23 14 06.79,1,16.928,,,,09050753+2314067,,STAR,J,col,,,,,,,,,,,,,,,,,,,,,15.471,0.068,14.639,0.067,14.256,0.058,3840,310,372,4.892,0.175,0.125,-0.132,0.2,0.24,0.357,0.124,0.148,0.388,0.18,0.21,7.364,9.39,3.27,472.1,287.2,240.6,0.031,0.01,0.008,,,
7125,7125,7125,212159166,08 55 47.750,+23 14 08.97,1,17.61,,,,,4569-301-2-0151-0270,EXTENDED,gri,,-10,3,7,3,,,,,,,20.688,0.131,18.573,0.011,17.65,0.008,17.198,0.008,16.938,0.019,,,,,,,,,,,,,,,,,,,,,,,,,,,,,,,,,
7126,7126,7126,212159173,08 56 38.993,+23 14 09.33,1,18.037,,,,08563899+2314093,,STAR,JHK,rpm,4,0,6,1,,,,,,,,,,,,,,,,,15.797,0.101,15.037,0.099,14.843,0.106,4232,325,325,4.779,0.12,0.1,-0.164,0.2,0.28,0.504,0.11,0.122,0.566,0.11,0.155,4.09,3.335,1.419,850.1,309.9,264.7,0.034,0.011,0.008,,,
7127,7127,7127,212159223,08 54 49.915,+23 14 13.85,1,18.911,,,,,4576-301-3-0142-0202,STAR,gri,,0,3,3,3,,,,,,,19.156,0.026,19.054,0.01,18.863,0.011,18.849,0.014,18.916,0.047,,,,,,,,,,,,,,,,,,,,,,,,,,,,,,,,,
7128,7128,7128,212159241,08 42 10.564,+23 14 15.10,1,18.755,,,,,4508-301-2-0119-0314,EXTENDED,gri,,1,3,0,3,,,,,,,20.453,0.087,19.23,0.016,18.796,0.015,18.552,0.016,18.443,0.046,,,,,,,,,,,,,,,,,,,,,,,,,,,,,,,,,
7129,7129,7129,212159243,08 42 58.412,+23 14 15.20,1,17.688,,,,08425841+2314151,4508-301-2-0121-0138,EXTENDED,gri,,2,4,10,3,,,,,,,20.482,0.09,18.662,0.011,17.707,0.007,17.27,0.007,16.907,0.014,16.305,0.12,15.619,0.145,15.312,0.175,,,,,,,,,,,,,,,,,,,,,,,,,,,
7130,7130,7130,212159305,08 59 43.036,+23 14 18.91,1,19.869,,,,,5038-301-6-0064-0610,EXTENDED,gri,,-18,5,-19,5,,,,,,,21.717,0.3,20.079,0.038,19.799,0.041,19.578,0.057,19.344,0.164,,,,,,,,,,,,,,,,,,,,,,,,,,,,,,,,,
7131,7131,7131,212159353,08 45 46.409,+23 14 22.00,1,12.898,,,567-043634,,,STAR,gri,,-19.1,1.8,-5.6,2.3,,,13.498,0.01,12.868,0.04,,,13.124,0.01,12.689,0.02,12.801,0.52,,,,,,,,,,,,,,,,,,,,,,,,,,,,,,,,,,,
7132,7132,7132,212159393,09 05 13.682,+23 14 25.35,1,12.199,,1950-2045-1,567-044288,09051366+2314253,,STAR,gri,lam,-14.9,2.1,-28.6,2.2,,,12.919,0.438,11.97,0.24,,,12.846,0.05,12.197,0.04,11.922,0.05,,,10.856,0.022,10.389,0.021,10.282,0.019,5213,156,125,4.568,0.02,0.036,-0.046,0.12,0.12,0.795,0.053,0.036,0.857,0.051,0.051,1.697,0.142,0.229,192.8,23.03,17.77,0.024,0.008,0.006,,,
7133,7133,7133,212159427,08 46 34.949,+23 14 27.74,1,17.69,,,,,4508-301-1-0125-0343,EXTENDED,gri,,-12,3,3,3,,,,,,,19.512,0.063,18.308,0.013,17.734,0.012,17.425,0.011,17.277,0.039,,,,,,,,,,,,,,,,,,,,,,,,,,,,,,,,,
7134,7134,7134,212159514,08 52 54.504,+23 14 34.21,1,13.704,,,567-043889,08525451+2314341,,STAR,gri,rpm,-3.7,2.4,-1.4,2.5,,,14.858,0.04,13.989,0.04,,,14.382,0.04,13.695,0.04,13.413,0.03,,,12.314,0.025,11.824,0.021,11.749,0.018,4993,99,79,3.054,0.475,0.76,-0.555,0.3,0.36,4.362,6.814,1.776,0.942,0.187,0.072,0.006,0.036,0.006,1935,2306,749.9,0.033,0.008,0.006,,,
7135,7135,7135,212159519,08 51 37.004,+23 14 34.81,1,12.779,,,567-043843,08513700+2314349,,STAR,gri,rpm,-0.1,1.5,-3.9,1.8,,,13.511,0.04,12.927,0.07,,,13.183,0.06,12.774,0.06,12.605,0.05,,,11.796,0.022,11.49,0.02,11.402,0.017,5973,140,175,4.071,0.301,0.215,-0.186,0.2,0.24,1.531,0.597,0.5,1.079,0.159,0.114,0.256,0.536,0.142,639.4,237.1,201.5,0.034,0.01,0.007,,,
7136,7136,7136,212159543,08 47 14.723,+23 14 36.77,1,17.764,,,,,6597-301-5-0247-0453,EXTENDED,gri,,10,4,-9,4,,,,,,,19.106,0.054,18.149,0.014,17.846,0.016,17.599,0.02,17.729,0.133,,,,,,,,,,,,,,,,,,,,,,,,,,,,,,,,,
7137,7137,7137,212159548,08 43 55.345,+23 14 37.08,1,14.709,,,567-043552,08435534+2314371,,STAR,gri,rpm,-27.5,4.5,-3,5,,,16.001,0.06,14.948,0.03,,,15.512,0.02,14.466,0.01,14.365,0.51,,,12.863,0.025,12.291,0.022,12.171,0.024,4530,55,55,4.662,0.045,0.025,-0.003,0.15,0.27,0.646,0.035,0.065,0.711,0.038,0.068,2.553,0.573,0.225,324.5,23.21,33.96,0.032,0.005,0.007,,,
7138,7138,7138,212159555,08 41 15.957,+23 14 37.62,1,14.18,,,567-043451,08411595+2314377,4517-301-2-0127-0034,STAR,gri,col,,,,,,,15.601,0.05,14.5,0.02,,,15.06,0.02,13.988,0.04,13.803,0.53,,,12.118,0.02,11.55,0.021,11.397,0.022,4424,155,129,4.7,0.204,0.06,-0.309,0.42,0.7,0.577,0.102,0.203,0.646,0.108,0.217,3.112,4.422,0.878,198.1,42.28,73.57,0.025,0.007,0.006,,,
7139,7139,7139,212159559,08 56 12.079,+23 14 37.85,1,9.2,,1950-33-1,567-044013,08561208+2314377,,STAR,gri,plx,8,1.3,-5.8,1.3,,,11.128,0.1,9.689,0.038,,,10.607,0.01,9.438,0.08,8.597,0.01,,,6.898,0.019,6.161,0.023,5.948,0.02,4010,77,109,1.439,0.225,0.125,0.114,0.08,0.24,35.478,6.013,6.984,1.351,0.154,0.18,2.64E-05,3.05E-05,1.06E-05,1261,862.4,862.4,0.032,0.008,0.008,,,
7140,7140,7140,212159564,08 44 06.631,+23 14 38.12,1,18.995,,,,,4569-301-5-0135-0261,STAR,gri,,1,4,-1,4,,,,,,,19.521,0.029,19.213,0.011,18.922,0.011,18.892,0.014,18.859,0.038,,,,,,,,,,,,,,,,,,,,,,,,,,,,,,,,,
7141,7141,7141,212159570,08 46 36.136,+23 14 38.28,1,18.21,,,,,4508-301-1-0125-0530,EXTENDED,gri,,3,3,9,3,,,,,,,19.98,0.097,18.69,0.017,18.311,0.017,18.004,0.018,17.973,0.057,,,,,,,,,,,,,,,,,,,,,,,,,,,,,,,,,
7142,7142,7142,212159586,08 57 36.013,+23 14 39.98,1,14.621,,,567-044058,08573601+2314400,5045-301-6-0161-0061,STAR,gri,rpm,0.5,4.6,-4.2,4.9,,,15.592,0.25,14.866,0.31,,,15.161,0.22,14.577,0.22,14.389,0.19,,,13.25,0.022,12.913,0.024,12.784,0.023,5705,225,180,4.429,0.084,0.448,-0.165,0.2,0.28,0.982,0.681,0.131,0.964,0.092,0.092,0.991,0.315,0.78,778.9,516.1,114.4,0.035,0.013,0.008,,,
7143,7143,7143,212159613,09 03 19.596,+23 14 41.96,1,10.376,,1950-1653-1,567-044228,09031960+2314418,,STAR,gri,lam,0.5,0.6,2.8,0.8,,,10.882,0.065,10.363,0.054,,,10.564,0.07,10.313,0.04,10.208,0.03,,,9.479,0.022,9.265,0.021,9.221,0.018,6246,152,190,3.694,0.095,0.133,-0.09,0.1,0.12,2.87,0.641,0.444,1.607,0.14,0.224,0.06,0.027,0.024,444.4,121.5,70.48,0.032,0.014,0.007,,,
7144,7144,7144,212159649,08 52 22.212,+23 14 44.21,1,17.861,,,,08522221+2314442,4569-301-3-0146-0174,EXTENDED,gri,,4,3,1,3,,,,,,,21.04,0.142,19.097,0.014,17.828,0.008,17.331,0.007,16.96,0.018,16.167,0.104,15.467,0.119,14.749,0.1,,,,,,,,,,,,,,,,,,,,,,,,,,,
7145,7145,7145,212159654,08 41 26.828,+23 14 44.49,1,18.463,,,,08412682+2314444,,STAR,JHK,rpm,6,1,4,3,,,,,,,,,,,,,,,,,15.922,0.077,15.305,0.112,14.934,0.118,4042,527,376,4.806,0.15,0.15,-0.185,0.2,0.32,0.433,0.156,0.134,0.487,0.158,0.19,5.013,6.005,2.412,756,458.9,285.5,0.033,0.008,0.007,,,
7146,7146,7146,212159666,08 46 18.026,+23 14 45.17,1,13.278,,,567-043653,08461802+2314451,,STAR,gri,rpm,5.5,2.1,-2.3,2.5,,,14.244,0.03,13.34,0.04,,,13.75,0.01,13.05,0.04,13.076,0.53,,,11.722,0.022,11.297,0.023,11.196,0.018,5145,104,104,3.656,0.126,0.567,-0.263,0.16,0.36,2.597,1.753,0.457,1.087,0.145,0.204,0.06,0.034,0.049,935.2,678,146.5,0.038,0.011,0.01,,,
7147,7147,7147,212159729,08 55 40.734,+23 14 49.43,1,16.564,,,,08554073+2314494,4569-301-2-0151-0253,EXTENDED,gri,,3,3,3,3,,,,,,,19.276,0.047,17.488,0.006,16.566,0.004,16.168,0.005,15.843,0.009,15.369,0.063,14.702,0.08,14.278,0.088,,,,,,,,,,,,,,,,,,,,,,,,,,,
7148,7148,7148,212159896,08 46 52.823,+23 15 03.70,1,16.209,,,,,4508-301-1-0126-0170,EXTENDED,gri,,9,3,1,3,,,,,,,18.104,0.035,16.846,0.006,16.298,0.005,15.936,0.005,15.742,0.012,,,,,,,,,,,,,,,,,,,,,,,,,,,,,,,,,
7149,7149,7149,212159906,08 41 16.645,+23 15 05.01,1,18.238,,,,,4517-301-2-0127-0385,EXTENDED,gri,,,,,,,,,,,,19.719,0.103,18.606,0.02,18.227,0.019,18.081,0.03,18.012,0.068,,,,,,,,,,,,,,,,,,,,,,,,,,,,,,,,,
7150,7150,7150,212159915,08 41 48.810,+23 15 06.14,1,10.154,,1942-2645-1,567-043472,08414881+2315061,,STAR,gri,plx,-7,1.2,-9.8,1.2,,,11.037,0.069,9.924,0.034,,,10.733,0.1,9.881,0.05,9.905,0.72,,,8.287,0.018,7.768,0.015,7.668,0.026,4802,97,77,2.709,0.185,0.296,-0.207,0.2,0.28,8.955,2.062,2.527,1.286,0.636,0.289,0.002,0.002,0.001,462.2,80.47,80.47,0.033,0.01,0.007,,,
7151,7151,7151,212159950,09 02 52.154,+23 15 09.67,1,17.578,,,,09025215+2315096,5038-301-5-0068-0301,EXTENDED,gri,,-6,2,11,2,,,,,,,19.205,0.037,18.088,0.008,17.652,0.008,17.36,0.01,17.258,0.027,17.07,0.168,,,15.679,0.185,,,,,,,,,,,,,,,,,,,,,,,,,,,
7152,7152,7152,212159969,08 41 25.522,+23 15 11.08,1,17.03,,,,08412552+2315110,4517-301-2-0127-0227,EXTENDED,gri,,3,3,-1,3,,,,,,,18.938,0.033,17.683,0.006,17.126,0.005,16.75,0.005,16.537,0.012,16.046,0.099,15.289,0.107,15.484,0.189,,,,,,,,,,,,,,,,,,,,,,,,,,,
7153,7153,7153,212159989,09 00 19.097,+23 15 13.28,1,16.363,,,,09001909+2315132,5038-301-6-0065-0192,STAR,gri,rpm,-29,3,-55,3,,,,,,,20.836,0.064,18.233,0.007,16.795,0.004,15.562,0.004,14.924,0.005,13.545,0.023,12.931,0.023,12.695,0.025,3562,86,72,5.037,0.03,0.042,-0.055,0.2,0.16,0.243,0.03,0.017,0.24,0.04,0.02,16.1,2.6,3.044,120,16.52,11.06,0.018,0.009,0.004,,,
7154,7154,7154,212160013,08 47 22.903,+23 15 16.17,1,14.544,,,567-043698,08472289+2315161,,STAR,gri,rpm,-29.6,4.6,-10.3,5.1,,,15.696,0.05,14.663,0.07,,,15.222,0.01,14.235,0.04,14.253,0.65,,,12.706,0.026,12.156,0.032,12.021,0.024,4616,74,74,4.646,0.042,0.03,-0.042,0.2,0.24,0.663,0.047,0.051,0.725,0.044,0.062,2.396,0.465,0.285,316.9,30.25,36.28,0.029,0.007,0.007,,,
7155,7155,7155,212160045,08 45 17.328,+23 15 18.95,1,11.843,,1943-1760-1,567-043613,08451734+2315188,,STAR,gri,plx,14.9,1.8,-43.9,2,,,12.448,0.26,12.113,0.238,,,12.155,0.01,11.6,0.03,11.709,0.6,,,10.415,0.023,10.017,0.022,9.913,0.017,5491,131,131,3.819,0.598,0.13,-0.291,0.3,0.48,2.012,0.346,1.043,0.999,0.15,0.107,0.113,0.838,0.045,300.2,77.95,77.95,0.03,0.01,0.008,,,
7156,7156,7156,212160068,08 57 18.166,+23 15 20.75,1,14.611,,,567-044046,08571815+2315208,,STAR,gri,rpm,-2.3,4.4,-3.8,4.8,,,15.759,0.03,14.932,0.09,,,15.31,0.02,14.584,0.01,14.312,0.03,,,13.191,0.023,12.721,0.023,12.63,0.024,5027,80,80,3.493,1.09,0.545,-0.407,0.3,0.36,2.837,2.564,2.134,0.925,0.205,0.153,0.03,1.388,0.026,1974,1371,1473,0.035,0.011,0.008,,,
7157,7157,7157,212160070,08 55 52.685,+23 15 20.89,1,14.093,,,567-043997,08555268+2315209,,STAR,gri,rpm,-3.1,3,2.7,3.3,,,15.886,0.066,14.493,0.02,,,15.202,0.02,14.067,0.01,13.618,0.02,,,12.131,0.023,11.366,0.022,11.188,0.017,4148,99,49,0.775,0.77,0.14,-1.01,0.49,0.56,58.768,12.705,32.937,0.841,0.05,0.03,3.64E-06,4.36E-05,1.66E-06,17860,2004,9377,0.029,0.008,0.007,,,
7158,7158,7158,212160085,08 46 22.626,+23 15 22.09,1,15.546,,,567-043656,08462262+2315220,,STAR,gri,rpm,-3.3,4.3,-0.1,5,,,16.474,0.13,15.734,0.09,,,16.128,0.07,15.508,0.07,15.296,0.102,,,14.229,0.031,13.796,0.039,13.715,0.044,5293,189,157,4.545,0.045,0.792,-0.276,0.25,0.4,0.814,1.377,0.077,0.856,0.071,0.086,1.557,0.358,1.46,944.9,1501,120,0.034,0.008,0.007,,,
7159,7159,7159,212160087,08 42 06.299,+23 15 22.45,1,12.666,,,567-043481,08420630+2315224,,STAR,gri,rpm,-13.2,1.9,-36,2.5,,,13.598,0.02,12.737,0.02,,,13.121,0.01,12.424,0.03,12.471,0.61,,,11.094,0.023,10.66,0.021,10.547,0.019,5192,84,126,4.56,0.035,0.833,-0.118,0.15,0.36,0.805,1.387,0.068,0.887,0.046,0.11,1.644,0.265,1.554,220,353,35.74,0.026,0.015,0.004,,,
7160,7160,7160,212160173,08 53 13.434,+23 15 29.39,1,13.291,,,567-043907,08531343+2315294,,STAR,gri,rpm,2,2,0.5,2.2,,,14.275,0.05,13.536,0.05,,,13.873,0.04,13.303,0.05,13.041,0.03,,,12.004,0.025,11.57,0.027,11.498,0.02,5212,155,124,3.102,0.59,0.708,-0.939,0.56,0.35,4.106,4.998,2.031,0.896,0.126,0.026,0.008,0.052,0.008,1690,1691,845.3,0.035,0.007,0.008,,,
7161,7161,7161,212160183,08 50 24.723,+23 15 30.26,1,16.326,,,,08502472+2315302,4576-301-4-0136-0135,EXTENDED,gri,,,,,,,,,,,,17.397,0.013,16.532,0.004,16.258,0.004,15.997,0.004,15.881,0.012,15.652,0.09,14.964,0.118,14.768,0.114,,,,,,,,,,,,,,,,,,,,,,,,,,,
7162,7162,7162,212160221,09 00 25.073,+23 15 32.86,1,12.581,,,567-044145,09002506+2315330,,STAR,gri,lam,18.8,1.6,-14.4,1.7,,,13.284,0.042,12.829,0.031,,,12.974,0.031,12.576,0.041,12.413,0.061,,,11.537,0.022,11.22,0.023,11.19,0.018,6023,120,96,4.008,0.378,0.07,-0.824,0.18,0.06,1.557,0.102,0.611,0.879,0.021,0.048,0.228,0.704,0.04,586.6,33.33,221.9,0.035,0.008,0.007,,,
7163,7163,7163,212160270,08 53 36.620,+23 15 37.81,1,17.001,,,,08533662+2315378,4576-301-3-0140-0163,EXTENDED,gri,,1,3,0,3,,,,,,,19.862,0.09,17.997,0.009,17.004,0.007,16.574,0.007,16.208,0.017,16.064,0.091,15.359,0.135,14.895,0.111,,,,,,,,,,,,,,,,,,,,,,,,,,,
7164,7164,7164,212160273,09 05 14.502,+23 15 37.86,1,12.465,,,567-044290,09051449+2315378,,STAR,gri,lam,4.2,2.2,-0.4,2.7,,,13.732,0.04,12.813,0.05,,,13.218,0.06,12.442,0.04,12.143,0.03,,,10.99,0.023,10.555,0.021,10.436,0.017,4901,178,148,4.598,0.036,0.03,0.008,0.1,0.1,0.743,0.042,0.048,0.813,0.041,0.05,1.918,0.284,0.209,176.8,15.72,19.88,0.023,0.006,0.005,,,
7165,7165,7165,212160297,08 38 05.988,+23 15 39.67,1,14.477,,,567-043321,08380598+2315396,,STAR,gri,rpm,-10.8,4.7,-23.7,5.1,,,15.404,0.05,14.512,0.03,,,14.904,0.01,14.196,0.04,14.294,0.59,,,12.83,0.026,12.346,0.032,12.273,0.022,5128,81,101,4.587,0.03,0.048,-0.211,0.2,0.28,0.755,0.061,0.057,0.812,0.061,0.074,1.83,0.271,0.322,442.3,47.62,42.99,0.032,0.008,0.008,,,
7166,7166,7166,212160317,08 53 41.561,+23 15 40.81,1,14.636,,,567-043920,08534156+2315410,4576-301-3-0141-0007,STAR,gri,rpm,20.8,6.6,11.4,6.5,,,16.659,0.02,15.323,0.03,,,16.029,0.05,14.702,0.01,14.039,0.08,,,12.432,0.023,11.788,0.021,11.63,0.018,3898,93,46,4.849,0.042,0.03,0.12,0.15,0.24,0.435,0.022,0.048,0.492,0.025,0.06,5.901,1.376,0.457,145.5,16.55,17.19,0.027,0.002,0.01,,,
7167,7167,7167,212160319,08 47 14.273,+23 15 41.13,1,12.816,,,567-043685,08471427+2315411,,STAR,gri,rpm,-15.1,1.4,-8.6,1.6,,,13.397,0.01,12.738,0.05,,,13.017,0.02,12.559,0.04,12.729,0.62,,,11.561,0.027,11.243,0.031,11.168,0.021,5922,119,119,4.29,0.135,0.297,-0.098,0.16,0.24,1.167,0.575,0.212,1.034,0.129,0.092,0.591,0.401,0.402,458.3,196.9,91.73,0.033,0.011,0.006,,,
7168,7168,7168,212160362,08 55 18.370,+23 15 44.46,1,14.816,,,567-043975,08551835+2315445,4576-301-3-0143-0033,STAR,gri,rpm,-5.5,3.1,2.8,3.5,,,16.351,0.06,15.207,0.048,,,15.773,0.04,14.741,0.03,14.406,0.05,,,13.154,0.026,12.621,0.026,12.483,0.023,4614,73,92,4.647,0.036,0.02,-0.032,0.15,0.18,0.676,0.021,0.047,0.739,0.03,0.048,2.371,0.389,0.158,392.3,28.06,38.61,0.034,0.01,0.008,,,
7169,7169,7169,212160442,08 40 38.823,+23 15 50.29,1,11.628,,1942-1380-1,567-043427,08403882+2315503,,STAR,gri,plx,-16.7,1.5,-19.8,1.6,,,11.773,0.089,11.932,0.188,,,11.634,0.21,11.626,0.13,11.938,0.57,,,10.989,0.021,10.863,0.023,10.836,0.016,7121,231,289,3.994,0.135,0.162,-0.038,0.12,0.1,2.096,0.497,0.402,1.661,0.147,0.147,0.174,0.128,0.074,1578,1409,1409,0.033,0.014,0.007,,,
7170,7170,7170,212160477,08 39 05.961,+23 15 53.18,1,19.488,,,,,4508-301-3-0115-0288,STAR,gri,,5,3,-2,3,,,,,,,19.487,0.028,19.288,0.011,19.555,0.015,19.827,0.021,19.949,0.073,,,,,,,,,,,,,,,,,,,,,,,,,,,,,,,,,
7171,7171,7171,212160517,08 43 04.511,+23 15 56.35,1,17.324,,,,08430451+2315563,4508-301-2-0121-0176,STAR,gri,,2,1,2,0,,,,,,,19.226,0.024,17.873,0.006,17.322,0.006,17.089,0.006,16.969,0.01,16.095,0.094,15.598,0.12,,,,,,,,,,,,,,,,,,,,,,,,,,,,,
7172,7172,7172,212160552,08 50 24.737,+23 15 58.52,1,18.91,,,,,4576-301-4-0136-0213,EXTENDED,gri,,7,3,-2,3,,,,,,,19.676,0.043,18.869,0.009,18.924,0.014,18.791,0.018,18.733,0.063,,,,,,,,,,,,,,,,,,,,,,,,,,,,,,,,,
7173,7173,7173,212160632,08 46 39.015,+23 16 04.57,1,12.916,,,567-043662,08463901+2316046,,STAR,gri,rpm,-7.5,1.8,0,2.3,,,13.548,0.01,12.852,0.05,,,13.158,0.01,12.652,0.04,12.813,0.58,,,11.614,0.023,11.282,0.027,11.256,0.02,5786,138,115,4.32,0.15,0.45,-0.08,0.15,0.21,1.163,0.803,0.22,1.055,0.151,0.068,0.621,0.488,0.489,473.2,299.9,109.9,0.031,0.006,0.006,,,
7174,7174,7174,212160656,08 41 44.046,+23 16 06.34,1,17.15,,,,08414404+2316063,,STAR,J,col,,,,,,,,,,,,,,,,,,,,,15.678,0.08,15.056,0.098,14.397,0.09,3582,291,243,5.022,0.11,0.132,-0.092,0.16,0.24,0.239,0.127,0.071,0.246,0.148,0.093,15.19,12.45,7.785,321.2,241.6,119.9,0.029,0.01,0.008,,,
7175,7175,7175,212160664,08 43 43.434,+23 16 07.01,1,12.524,,,567-043542,08434343+2316071,,STAR,gri,rpm,-18.6,1.7,-11.2,2.1,,,13.372,0.03,12.552,0.02,,,12.911,0.01,12.301,0.02,12.358,0.53,,,11.17,0.022,10.791,0.021,10.729,0.02,5435,64,86,4.521,0.02,0.612,-0.077,0.15,0.18,0.869,1.1,0.024,0.94,0.097,0.054,1.375,0.098,1.228,261,333,13.35,0.028,0.006,0.01,,,
7176,7176,7176,212160686,08 43 19.834,+23 16 08.80,1,15.564,,,567-043527,08431983+2316088,,STAR,gri,rpm,1.3,4.3,-4.5,4.9,,,16.742,0.06,15.758,0.07,,,16.236,0.05,15.283,0.04,15.276,0.51,,,13.658,0.029,13.068,0.028,12.978,0.026,4659,112,74,4.64,0.035,0.035,-0.103,0.2,0.24,0.672,0.054,0.05,0.741,0.046,0.065,2.342,0.378,0.326,509,49.11,53.26,0.032,0.01,0.008,,,
7177,7177,7177,212160697,08 46 15.076,+23 16 09.33,1,16.75,,,,08461507+2316093,4508-301-1-0125-0214,EXTENDED,gri,,2,2,8,2,,,,,,,19.039,0.034,17.599,0.006,16.819,0.005,16.386,0.004,16.069,0.009,15.596,0.078,15.003,0.12,14.473,0.119,,,,,,,,,,,,,,,,,,,,,,,,,,,
7178,7178,7178,212160732,09 04 44.160,+23 16 12.39,1,11.908,,,567-044275,09044416+2316123,,STAR,gri,lam,2.8,1.5,-5.5,1.6,,,13.049,0.05,12.207,0.05,,,12.537,0.05,11.916,0.05,11.638,0.03,,,10.555,0.023,10.107,0.022,10.011,0.019,5033,102,81,3.498,0.12,0.144,-0.297,0.15,0.12,3.207,0.526,0.452,1.184,0.144,0.173,0.034,0.017,0.013,643.7,114.3,97.09,0.033,0.008,0.006,,,
7179,7179,7179,212160785,08 41 04.160,+23 16 17.21,1,14.685,,,567-043443,08410416+2316172,4517-301-2-0127-0021,STAR,gri,rpm,5.5,4.7,3.3,5.1,,,15.488,0.02,14.708,0.03,,,15.016,0.01,14.446,0.03,14.543,0.68,,,13.144,0.023,12.68,0.02,12.644,0.026,5279,126,105,3.294,0.978,0.815,-0.962,0.49,0.35,3.115,4.444,2.04,0.877,0.028,0.07,0.018,0.458,0.016,1865,2447,1183,0.031,0.008,0.007,,,
7180,7180,7180,212160808,08 44 05.658,+23 16 18.95,1,17.616,,,,08440565+2316189,4569-301-5-0135-0352,EXTENDED,gri,,6,3,0,3,,,,,,,20.743,0.155,18.848,0.015,17.595,0.008,17.088,0.008,16.754,0.018,16.362,0.137,15.48,0.15,14.803,0.123,,,,,,,,,,,,,,,,,,,,,,,,,,,
7181,7181,7181,212160836,08 52 15.256,+23 16 21.11,1,12.607,,,567-043866,08521525+2316211,,STAR,gri,rpm,0.2,1.3,-21.9,4.1,,,13.568,0.03,12.814,0.06,,,13.156,0.05,12.585,0.05,12.371,0.05,,,11.368,0.02,11.01,0.023,10.939,0.019,5539,154,110,4.47,0.07,0.672,-0.126,0.2,0.28,0.917,1.169,0.102,0.953,0.12,0.1,1.126,0.443,1.027,305.7,386.9,47.89,0.031,0.01,0.008,,,
7182,7182,7182,212160849,09 05 16.869,+23 16 22.09,1,16.625,,,567-044291,09051687+2316222,5038-301-5-0072-0149,STAR,JHK,col,,,,,,,,,,,,,,,,,,,,,14.191,0.029,13.472,0.031,13.27,0.033,4136,159,159,4.789,0.066,0.055,-0.075,0.15,0.21,0.486,0.061,0.064,0.546,0.066,0.066,4.403,1.482,0.946,392.1,73.91,62.18,0.032,0.01,0.007,,,
7183,7183,7183,212160865,08 47 33.585,+23 16 23.48,1,17.231,,,,08473358+2316234,6597-301-5-0248-0244,EXTENDED,gri,,9,3,2,3,,,,,,,20.346,0.11,18.432,0.011,17.226,0.007,16.716,0.007,16.372,0.016,15.984,0.109,15.342,0.119,14.891,0.102,,,,,,,,,,,,,,,,,,,,,,,,,,,
7184,7184,7184,212160907,08 45 20.171,+23 16 25.67,1,12.329,,,567-043616,08452017+2316256,,STAR,gri,rpm,-14.4,1.5,-29.3,1.9,,,13.096,0.04,12.321,0.03,,,12.702,0.1,12.014,0.03,12.169,0.6,,,10.845,0.022,10.541,0.021,10.373,0.018,5684,139,115,4.383,0.105,0.483,0.027,0.12,0.18,1.062,0.87,0.148,1.039,0.177,0.098,0.787,0.377,0.646,285.7,241.5,56.14,0.031,0.006,0.007,,,
7185,7185,7185,212160923,08 52 36.546,+23 16 26.73,1,18.282,,,,,4569-301-3-0146-0344,EXTENDED,gri,,-2,3,12,3,,,,,,,19.405,0.072,18.461,0.013,18.223,0.018,18.097,0.022,17.941,0.091,,,,,,,,,,,,,,,,,,,,,,,,,,,,,,,,,
7186,7186,7186,212160934,08 52 13.168,+23 16 27.66,1,15.204,,,567-043865,08521316+2316276,4569-301-3-0146-0055,STAR,gri,rpm,1.3,3,-7.6,3.3,,,16.485,0.06,15.543,0.05,,,16.033,0.07,15.197,0.04,14.849,0.11,,,13.707,0.026,13.234,0.027,13.084,0.03,4961,119,119,4.601,0.035,0.049,-0.143,0.2,0.32,0.739,0.075,0.057,0.795,0.071,0.083,1.946,0.314,0.32,617.8,77.94,58.23,0.034,0.01,0.008,,,
7187,7187,7187,212160983,08 51 06.833,+23 16 31.14,1,17.491,,,,08510683+2316311,4576-301-4-0137-0133,EXTENDED,gri,,-5,3,2,3,,,,,,,20.487,0.121,18.622,0.011,17.49,0.007,17.006,0.007,16.62,0.018,15.973,0.08,15.312,0.112,14.832,0.089,,,,,,,,,,,,,,,,,,,,,,,,,,,
7188,7188,7188,212161003,08 55 57.383,+23 16 32.77,1,14.226,,,567-044001,08555738+2316328,4569-301-2-0151-0096,STAR,gri,rpm,-13.3,3.3,-7.2,3.5,,,15.382,0.057,14.525,0.04,,,14.973,0.02,14.176,0.02,13.906,0.03,,,12.75,0.023,12.289,0.021,12.183,0.02,4978,101,80,4.596,0.025,0.905,-0.051,0.12,0.18,0.753,1.919,0.042,0.838,0.143,0.06,1.857,0.275,1.791,411,1014,32.69,0.035,0.008,0.007,,,
7189,7189,7189,212161007,08 42 24.145,+23 16 32.84,1,11.329,,1942-1890-1,567-043492,08422415+2316328,,STAR,gri,plx,-13.8,1.2,-11.3,1.3,,,11.789,0.127,10.985,0.088,,,11.492,0.01,11.097,0.02,11.259,0.6,,,10.115,0.023,9.847,0.023,9.77,0.018,6094,98,98,4.271,0.102,0.153,-0.089,0.15,0.24,1.251,0.231,0.126,1.099,0.097,0.129,0.544,0.19,0.207,255.1,38.96,38.96,0.027,0.008,0.007,,,
7190,7190,7190,212161022,08 38 08.862,+23 16 34.74,1,10.566,,1942-1930-1,567-043325,08380886+2316347,,STAR,gri,plx,19.6,1.2,-42.1,1.3,,,11.232,0.077,10.433,0.05,,,10.792,0.01,10.34,0.04,10.469,0.59,,,9.257,0.026,8.968,0.03,8.906,0.02,6004,119,95,4.257,0.09,0.075,-0.023,0.18,0.21,1.269,0.091,0.101,1.086,0.078,0.093,0.509,0.162,0.105,173.6,11.57,11.57,0.022,0.007,0.006,,,
7191,7191,7191,212161131,08 54 50.600,+23 16 43.69,1,11.07,,1943-2129-1,567-043959,08545059+2316438,,STAR,gri,rpm,-17.6,1.6,-16.7,1.7,,,11.933,0.169,11.272,0.12,,,11.494,0.04,11.045,0.03,10.888,0.02,,,10.039,0.023,9.737,0.024,9.676,0.02,5884,117,140,4.135,0.294,0.245,-0.058,0.15,0.24,1.383,0.625,0.43,1.071,0.142,0.089,0.339,0.643,0.199,266.6,110,77.86,0.028,0.011,0.007,,,
7192,7192,7192,212161143,08 52 35.429,+23 16 44.31,1,19.583,,,,,4569-301-3-0146-0227,STAR,gri,,36,4,-15,4,,,,,,,19.429,0.028,19.428,0.012,19.634,0.017,19.882,0.025,20.188,0.127,,,,,,,,,,,,,,,,,,,,,,,,,,,,,,,,,
7193,7193,7193,212161144,08 48 01.923,+23 16 44.35,1,13.822,,,567-043719,08480191+2316443,,STAR,gri,rpm,-16.2,3.1,-0.4,3.5,,,15.075,0.02,14.057,0.05,,,14.597,0.04,13.66,0.04,13.49,0.47,,,11.894,0.025,11.403,0.033,11.203,0.02,4785,75,94,4.604,0.025,1.22,0.021,0.12,0.15,0.732,3.194,0.031,0.805,0.454,0.046,2.002,0.234,1.979,259,1130,18.4,0.025,0.01,0.006,,,
7194,7194,7194,212161210,08 57 20.740,+23 16 49.81,1,10.281,,1950-411-1,567-044047,08572074+2316498,,STAR,gri,rpm,-3.7,1.4,-3.8,1.4,,,11.882,0.219,10.716,0.092,,,11.046,0.02,10.27,0.01,9.952,0.02,,,8.806,0.019,8.284,0.027,8.205,0.018,4841,57,76,2.419,0.28,0.14,-0.422,0.15,0.39,10.569,1.706,2.496,1.074,0.244,0.174,8.51E-04,0.001,3.38E-04,847.9,141.4,164.7,0.034,0.008,0.007,,,
7195,7195,7195,212161325,08 53 19.380,+23 16 58.47,1,13.744,,,567-043912,08531939+2316587,,STAR,gri,rpm,29.8,4.8,46.7,5.2,,,15.704,0.07,14.347,0.03,,,15.126,0.03,13.772,0.04,13.151,0.02,,,11.616,0.023,10.985,0.021,10.826,0.018,3914,47,62,4.879,0.105,0.025,-0.077,0.06,0.26,0.407,0.03,0.098,0.459,0.033,0.125,6.564,4.609,0.632,91.59,9.766,20.49,0.014,0.002,0.004,,,
7196,7196,7196,212161379,08 40 12.155,+23 17 03.70,1,15.252,,,567-043406,08401216+2317036,,STAR,gri,rpm,-8.1,4.5,-1.5,5.1,,,16.283,0.03,15.409,0.01,,,15.768,0.02,15.036,0.03,15.031,0.6,,,13.702,0.026,13.212,0.026,13.183,0.034,5073,102,102,4.579,0.048,1.08,-0.288,0.25,0.35,0.763,2.136,0.077,0.817,0.089,0.089,1.839,0.398,1.795,656.3,1727,79.4,0.034,0.008,0.007,,,
7197,7197,7197,212161383,08 44 42.659,+23 17 03.78,1,17.999,,,,08444265+2317037,4569-301-5-0136-0203,EXTENDED,gri,,3,3,-7,3,,,,,,,20.989,0.127,19.197,0.014,17.96,0.008,17.486,0.008,17.124,0.017,16.087,0.115,15.532,0.134,14.931,0.13,,,,,,,,,,,,,,,,,,,,,,,,,,,
7198,7198,7198,212161409,08 51 24.269,+23 17 06.30,1,15.128,,,567-043836,08512427+2317064,,STAR,gri,rpm,-3,3.2,-4.7,3.4,,,15.984,0.11,15.324,0.06,,,15.575,0.06,15.102,0.03,14.937,0.07,,,13.979,0.024,13.625,0.03,13.479,0.035,5732,170,170,4.451,0.07,0.238,-0.299,0.25,0.35,0.939,0.366,0.132,0.913,0.081,0.098,1.085,0.362,0.628,1049,431.2,152,0.034,0.008,0.007,,,
7199,7199,7199,212161482,08 58 28.088,+23 17 12.77,1,15.61,,,567-044086,08582810+2317127,,STAR,gri,lam,6.4,4.7,-0.7,4.6,,,16.796,0.04,15.881,0.03,,,16.334,0.04,15.514,0.03,15.299,0.12,,,14.082,0.027,13.508,0.026,13.47,0.031,4914,148,148,4.612,0.03,0.03,-0.124,0.12,0.15,0.714,0.042,0.04,0.775,0.039,0.047,2.038,0.275,0.242,703,69.6,63.33,0.033,0.01,0.007,,,
7200,7200,7200,212161536,08 40 03.511,+23 17 17.37,1,16.613,,,,08400351+2317173,,STAR,JHK,col,,,,,,,,,,,,,,,,,,,,,14.293,0.029,13.731,0.034,13.413,0.036,3512,150,210,5.052,0.084,0.07,-0.026,0.15,0.18,0.22,0.06,0.055,0.211,0.094,0.067,16.76,12.24,5.43,149.2,51.6,44.74,0.02,0.007,0.007,,,
7201,7201,7201,212161554,08 51 07.775,+23 17 19.13,1,11.682,,1943-1023-1,567-043825,08510778+2317190,,STAR,gri,rpm,0.1,1.9,2.6,2,,,13.341,0.448,11.861,0.184,,,12.613,0.05,11.657,0.06,11.283,0.04,,,9.965,0.022,9.398,0.024,9.256,0.02,4628,91,73,2.43,0.198,0.132,-0.109,0.15,0.21,11.278,1.529,2.532,1.248,0.181,0.151,8.42E-04,8.77E-04,2.53E-04,1475,168.5,287,0.035,0.01,0.007,,,
7202,7202,7202,212161569,08 53 32.906,+23 17 20.21,1,14.504,,,567-043915,08533290+2317203,4569-301-3-0148-0065,STAR,gri,rpm,8.2,3.2,-5.4,3.5,,,15.524,0.03,14.764,0.05,,,15.105,0.04,14.504,0.04,14.247,0.03,,,13.163,0.025,12.696,0.021,12.56,0.023,5158,103,103,3.374,1.136,0.71,-0.757,0.48,0.4,2.6,3.114,1.862,0.881,0.044,0.097,0.026,1.239,0.024,1902,2099,1403,0.032,0.01,0.008,,,
7203,7203,7203,212161656,08 41 25.083,+23 17 26.78,1,12.828,,,567-043460,08412508+2317268,,STAR,gri,rpm,-18.6,1.8,-0.1,3,,,13.526,0.01,12.81,0.02,,,13.101,0.01,12.588,0.04,12.711,0.58,,,11.485,0.023,11.139,0.021,11.078,0.021,5731,136,136,4.44,0.045,0.486,-0.133,0.2,0.28,0.995,0.805,0.087,1.002,0.07,0.07,0.97,0.223,0.82,367.7,276.6,40.28,0.031,0.011,0.008,,,
7204,7204,7204,212161681,08 54 10.795,+23 17 28.40,1,18.626,,,,,4576-301-3-0141-0284,EXTENDED,gri,,-34,4,-14,4,,,,,,,20.289,0.159,19.011,0.023,18.645,0.03,18.461,0.038,18.491,0.15,,,,,,,,,,,,,,,,,,,,,,,,,,,,,,,,,
7205,7205,7205,212161715,09 00 24.275,+23 17 31.50,1,12.856,,,567-044144,09002426+2317316,,STAR,gri,lam,-8.1,1.6,2.5,1.7,,,13.496,0.042,13.084,0.032,,,13.194,0.032,12.842,0.041,12.711,0.062,,,11.91,0.022,11.667,0.024,11.632,0.023,6288,151,151,4.244,0.08,0.112,-0.139,0.12,0.15,1.296,0.251,0.154,1.15,0.111,0.092,0.494,0.18,0.174,629.5,117.6,83.74,0.031,0.01,0.007,,,
7206,7206,7206,212161728,08 41 11.312,+23 17 32.30,1,14.229,,,567-043448,08411131+2317324,,STAR,gri,rpm,-8.9,4.6,-28.2,5.1,,,15.9,0.07,14.714,0.04,,,15.319,0.03,14.218,0.03,13.762,0.01,,,12.425,0.022,11.845,0.021,11.691,0.021,4252,68,170,4.83,0.1,0.12,-0.535,0.58,0.05,0.421,0.151,0.095,0.48,0.164,0.117,5.539,3.548,2.481,160.7,58.59,42.93,0.021,0.002,0.011,,,
7207,7207,7207,212161751,08 41 34.093,+23 17 34.25,1,18.14,,,,08413409+2317342,4517-301-2-0127-0257,STAR,gri,,9,3,-55,3,,,,,,,20.817,0.075,18.984,0.01,18.109,0.007,17.779,0.007,17.604,0.015,16.734,0.132,15.746,0.132,,,,,,,,,,,,,,,,,,,,,,,,,,,,,
7208,7208,7208,212161755,08 47 37.799,+23 17 35.15,1,19.994,,,,,6597-301-5-0248-0262,STAR,gri,,3,4,-6,4,,,,,,,20.861,0.066,20.142,0.017,19.945,0.021,19.883,0.029,19.88,0.085,,,,,,,,,,,,,,,,,,,,,,,,,,,,,,,,,
7209,7209,7209,212161766,08 53 43.122,+23 17 35.66,1,14.06,,,567-043921,08534312+2317358,,STAR,gri,rpm,-46.4,4.3,-23.5,4.8,,,15.432,0.03,14.415,0.05,,,14.95,0.04,14.049,0.05,13.679,0.01,,,12.484,0.025,11.928,0.026,11.813,0.019,4644,74,93,4.677,0.072,0.04,-0.366,0.3,0.54,0.605,0.061,0.087,0.658,0.068,0.095,2.805,1.031,0.498,260,37.69,37.99,0.028,0.008,0.006,,,
7210,7210,7210,212161784,08 57 51.492,+23 17 37.34,1,19.549,,,,,4569-301-2-0154-0181,STAR,gri,,2,4,-2,4,,,,,,,19.717,0.035,19.561,0.014,19.545,0.017,19.247,0.018,19.032,0.047,,,,,,,,,,,,,,,,,,,,,,,,,,,,,,,,,
7211,7211,7211,212161797,08 41 56.561,+23 17 38.13,1,19.508,,,,08415656+2317381,,STAR,JHK,col,,,,,,,,,,,,,,,,,,,,,16.631,0.142,15.771,0.185,15.452,0.203,3937,451,376,4.905,0.145,0.174,-0.254,0.25,0.35,0.358,0.163,0.13,0.38,0.182,0.182,8.092,9.209,4.307,837.9,575.3,390.4,0.032,0.01,0.007,,,
7212,7212,7212,212161808,08 42 15.819,+23 17 39.21,1,14.787,,,567-043483,08421582+2317391,,STAR,gri,rpm,-1.3,4.4,0,4.9,,,16.559,0.05,15.355,0.051,,,16.034,0.04,14.832,0.03,14.253,0.05,,,12.903,0.025,12.267,0.023,12.132,0.023,4021,144,48,4.806,0.025,0.03,0.074,0.05,0.2,0.477,0.04,0.027,0.543,0.04,0.033,4.822,0.526,0.651,206.3,22.2,13.59,0.021,0.008,0.001,,,
7213,7213,7213,212161874,08 58 48.528,+23 17 43.49,1,16.807,,,,08584852+2317434,5038-301-6-0063-0010,STAR,gri,rpm,1,3,-1,3,,,,,,,18.209,0.013,16.949,0.005,16.76,0.004,16.698,0.005,16.667,0.009,16.171,0.088,15.774,0.106,15.555,0.156,6492,102,128,3.999,0.235,1.316,-1.741,0.4,0.56,1.359,4.87,0.314,0.804,0.032,0.016,0.273,0.324,0.27,4960,14690,1350,0.029,0.007,0.006,,,
7214,7214,7214,212161881,08 44 30.757,+23 17 44.13,1,15.173,,,567-043575,08443075+2317443,,STAR,gri,rpm,-3,5.7,0.6,5.6,,,16.607,0.12,15.509,0.03,,,16.006,0.02,15.151,0.02,14.816,0.19,,,13.912,0.053,13.205,0.076,12.936,0.061,4796,75,94,4.627,0.04,0.056,-0.216,0.2,0.32,0.691,0.087,0.065,0.749,0.07,0.084,2.226,0.45,0.506,607.1,113.1,69.74,0.032,0.011,0.007,,,
7215,7215,7215,212161883,09 03 33.702,+23 17 44.29,1,16.294,,,,09033370+2317442,5038-301-5-0069-0232,EXTENDED,gri,,-6,2,1,2,,,,,,,18.382,0.02,17.112,0.005,16.379,0.004,15.943,0.004,15.681,0.008,15.219,0.069,14.42,0.073,14.045,0.068,,,,,,,,,,,,,,,,,,,,,,,,,,,
7216,7216,7216,212161885,08 52 59.267,+23 17 44.40,1,9.269,43614,1943-893-1,567-043893,08525927+2317442,,STAR,gri,plx,-6.24,1.51,-1.53,1.38,1.77,1.53,10.771,0.069,9.484,0.03,,,10.465,0.03,9.443,0.05,8.757,0.06,,,7.353,0.027,6.694,0.018,6.561,0.026,4345,70,70,1.81,0.315,0.567,-0.315,0.25,0.6,22.822,14.072,6.628,1.129,0.308,0.257,1.01E-04,1.91E-04,8.27E-05,565,488.4,488.4,0.035,0.01,0.007,,,
7217,7217,7217,212161918,08 57 15.014,+23 17 47.17,1,12.495,,,567-044044,08571500+2317472,,STAR,gri,lam,-5.9,10.2,-9.3,4.3,,,13.437,0.02,12.742,0.08,,,13.049,0.03,12.491,0.04,12.258,0.03,,,11.409,0.021,10.971,0.015,10.883,0.018,5375,162,129,4.479,0.114,0.722,-0.43,0.12,0.14,0.851,1.357,0.125,0.876,0.152,0.13,1.215,0.65,1.129,293.1,403.6,67.04,0.031,0.005,0.006,,,
7218,7218,7218,212161929,08 59 14.605,+23 17 48.15,1,18.569,,,,08591460+2317481,5038-301-6-0063-0191,STAR,gri,rpm,-48,41,-117,41,,,,,,,24.44,0.726,20.196,0.017,18.791,0.01,17.872,0.008,17.388,0.014,16.276,0.084,15.526,0.085,15.52,0.152,3579,43,43,5.003,0.035,0.035,0.042,0.12,0.1,0.271,0.032,0.029,0.273,0.048,0.04,12.94,2.798,2.301,472.1,64.97,57.11,0.031,0.008,0.007,,,
7219,7219,7219,212161950,08 52 39.109,+23 17 49.74,1,13.308,,,567-043878,08523911+2317497,,STAR,gri,rpm,-6.1,1.8,-10,2.1,,,14.448,0.04,13.578,0.06,,,13.984,0.05,13.314,0.05,13.018,0.06,,,11.902,0.023,11.421,0.021,11.337,0.022,5050,81,101,3.33,1.067,0.582,-0.589,0.35,0.42,3.337,2.758,2.432,0.908,0.128,0.107,0.019,0.646,0.016,1231,1043,870.3,0.032,0.008,0.008,,,
7220,7220,7220,212162001,08 44 12.763,+23 17 53.94,1,14.432,,,567-043561,08441276+2317539,,STAR,gri,rpm,-12.6,4.7,-19.1,5.1,,,15.252,0.02,14.519,0.02,,,14.837,0.02,14.306,0.01,14.258,0.46,,,13.035,0.024,12.61,0.022,12.476,0.024,5501,85,170,4.523,0.065,0.897,-0.575,0.3,0.54,0.837,1.667,0.13,0.816,0.08,0.08,1.45,0.484,1.385,576.9,1042,85.89,0.034,0.01,0.008,,,
7221,7221,7221,212162014,08 56 11.294,+23 17 54.78,1,10.347,,1950-51-1,567-044012,08561129+2317547,,STAR,gri,rpm,-46,1.4,-12.2,1.4,,,10.814,0.059,10.447,0.058,,,10.715,0.04,10.336,0.01,10.189,0.01,,,9.424,0.022,9.193,0.021,9.114,0.018,6100,121,97,4.221,0.16,0.224,-0.135,0.2,0.24,1.295,0.457,0.223,1.11,0.123,0.123,0.467,0.344,0.274,194,70.35,38.47,0.024,0.008,0.007,,,
7222,7222,7222,212162069,08 47 16.059,+23 17 59.18,1,18.37,,,,08471605+2317591,4508-301-1-0127-0171,EXTENDED,gri,,2,3,0,3,,,,,,,21.262,0.114,19.302,0.013,18.365,0.009,17.97,0.008,17.676,0.018,16.725,0.165,,,15.353,0.146,,,,,,,,,,,,,,,,,,,,,,,,,,,
7223,7223,7223,212162079,08 46 35.356,+23 18 00.17,1,18.622,,,,,4508-301-1-0126-0026,STAR,gri,,0,3,-6,3,,,,,,,19.319,0.024,18.939,0.009,18.559,0.009,18.486,0.01,18.329,0.022,,,,,,,,,,,,,,,,,,,,,,,,,,,,,,,,,
7224,7224,7224,212162101,08 56 16.770,+23 18 01.65,1,18.83,,,,08561677+2318016,4569-301-2-0152-0153,EXTENDED,gri,,2,3,1,3,,,,,,,19.911,0.04,19.328,0.012,18.8,0.011,18.616,0.013,18.093,0.025,16.943,0.172,15.985,0.18,15.346,0.136,,,,,,,,,,,,,,,,,,,,,,,,,,,
7225,7225,7225,212162105,08 47 48.173,+23 18 02.13,1,11.941,,,567-043710,08474816+2318021,,STAR,gri,rpm,-3.2,1.9,-8.2,2.3,,,13.468,0.04,12.189,0.05,,,12.838,0.04,11.768,0.04,11.556,0.45,,,9.97,0.023,9.34,0.03,9.185,0.02,4463,88,88,2.35,0.21,0.504,-0.044,0.2,0.4,12.128,8.948,2.494,1.171,0.171,0.205,5.99E-04,6.53E-04,5.11E-04,1507,890.5,265.1,0.035,0.01,0.007,,,
7226,7226,7226,212162123,09 04 35.786,+23 18 03.74,1,15.292,,,567-044270,09043578+2318037,5038-301-5-0071-0045,STAR,gri,lam,-0.5,4.3,-6.5,5,,,16.471,0.07,15.621,0.056,,,15.977,0.01,15.271,0.02,14.999,0.092,,,13.831,0.026,13.345,0.026,13.232,0.028,5058,100,80,3.586,0.1,0.16,-0.396,0.12,0.15,2.659,0.462,0.332,0.968,0.122,0.023,0.05,0.026,0.019,2346,428.1,264.7,0.034,0.01,0.007,,,
7227,7227,7227,212162158,08 55 56.554,+23 18 06.13,1,14.885,,,567-044000,08555653+2318060,4569-301-2-0151-0104,STAR,gri,rpm,-0.2,3.1,-1.1,3.4,,,15.972,0.03,15.134,0.06,,,15.584,0.01,14.859,0.02,14.585,0.05,,,13.564,0.029,13.079,0.033,12.977,0.032,5030,100,80,3.629,1.036,0.888,-0.395,0.28,0.42,2.489,3.757,1.863,0.884,0.138,0.115,0.054,1.774,0.052,2076,2813,1578,0.034,0.01,0.007,,,
7228,7228,7228,212162176,08 54 26.328,+23 18 07.96,1,18.96,,,,08542632+2318079,4576-301-3-0142-0292,STAR,gri,rpm,-4,5,-10,5,,,,,,,24.043,0.948,21.635,0.053,19.87,0.021,17.814,0.008,16.658,0.01,14.962,0.037,14.261,0.042,14.015,0.051,2979,47,35,5.21,0.02,0.02,-0.016,0.06,0.2,0.141,0.005,0.003,0.118,0.005,0.002,41.99,2.519,2.519,100.4,3.386,3.013,0.017,0.01,0.002,,,
7229,7229,7229,212162188,08 39 40.526,+23 18 08.95,1,15.173,,,567-043387,08394053+2318088,4508-301-3-0116-0130,STAR,gri,rpm,0.7,4.3,-3.2,5.1,,,16.126,0.01,15.474,0.03,,,15.716,0.02,15.239,0.03,14.941,0.18,,,14.082,0.027,13.66,0.032,13.526,0.038,5634,159,190,4.44,0.09,0.99,-0.538,0.35,0.7,0.963,1.861,0.176,0.862,0.079,0.079,1.002,0.447,0.969,1139,1906,211,0.033,0.008,0.007,,,
7230,7230,7230,212162232,08 50 54.569,+23 18 12.06,1,14.268,,,567-043816,08505457+2318122,4576-301-4-0137-0107,STAR,JHK,rpm,-32.9,3.9,-12.9,3.9,,,,,,,,,,,,,,,,,12.043,0.022,11.473,0.021,11.193,0.018,3551,82,143,5.014,0.07,0.025,0.058,0.1,0.1,0.267,0.022,0.06,0.269,0.036,0.079,13.8,7.572,1.78,66.1,16.54,21.88,0.01,0.004,0.004,,,
7231,7231,7231,212162270,08 39 12.974,+23 18 16.30,1,17.522,,,,08391297+2318162,,STAR,JHK,col,,,,,,,,,,,,,,,,,,,,,15.858,0.067,15.656,0.131,15.184,0.156,5587,542,1716,4.512,0.376,0.235,-0.602,0.45,0.45,0.79,0.293,0.442,0.78,0.088,0.403,1.355,6.093,0.777,1940,996.2,1425,0.033,0.011,0.008,,,
7232,7232,7232,212162303,08 55 40.881,+23 18 19.12,1,12.423,,,567-043988,08554088+2318192,,STAR,gri,rpm,0.4,2.7,-42.5,1.4,,,13.539,0.03,12.654,0.02,,,13.101,0.031,12.37,0.01,12.132,0.01,,,11.076,0.02,10.685,0.021,10.585,0.018,5174,62,103,4.553,0.028,0.02,0.052,0.1,0.24,0.811,0.032,0.053,0.879,0.037,0.081,1.613,0.193,0.125,207.4,45.66,12.5,0.027,0.008,0.008,,,
7233,7233,7233,212162305,09 03 33.563,+23 18 19.29,1,14.006,,,567-044235,09033357+2318192,,STAR,gri,lam,-6.8,4.5,-1,4.9,,,15.367,0.057,14.463,0.01,,,14.891,0.01,13.966,0.01,13.627,0.02,,,12.44,0.023,11.869,0.021,11.748,0.018,4690,141,169,4.647,0.03,0.025,-0.135,0.12,0.12,0.667,0.033,0.044,0.729,0.043,0.043,2.412,0.319,0.237,287.8,28.35,29.88,0.028,0.008,0.007,,,
7234,7234,7234,212162339,08 59 24.728,+23 18 23.09,1,19.839,,,,,5038-301-6-0064-0134,STAR,gri,,20,5,-18,5,,,,,,,20.593,0.053,19.823,0.014,19.844,0.019,20.048,0.033,19.646,0.077,,,,,,,,,,,,,,,,,,,,,,,,,,,,,,,,,
7235,7235,7235,212162449,08 56 42.556,+23 18 33.51,1,13.257,,,567-044021,08564255+2318334,,STAR,gri,rpm,-1.8,3.3,-6.2,3.6,,,14.615,0.03,13.6,0.09,,,14.085,0.02,13.225,0.01,12.903,0.04,,,11.64,0.022,11.049,0.024,10.948,0.022,4687,92,55,2.455,0.5,0.6,-0.473,0.3,0.42,9.442,6.704,3.92,0.97,0.179,0.081,9.47E-04,0.004,8.21E-04,2572,1677,1015,0.034,0.009,0.005,,,
7236,7236,7236,212162487,08 39 28.469,+23 18 36.66,1,18.09,,,,08392846+2318366,,STAR,J,,499.9,9,77.1,9,,,,,,,,,,,,,,,,,16.547,0.117,15.882,0.165,,,,,,,,,,,,,,,,,,,,,,,,,,,,,
7237,7237,7237,212162544,08 51 20.843,+23 18 40.95,1,16.978,,,,08512084+2318409,4576-301-4-0138-0071,EXTENDED,gri,,-2,3,0,3,,,,,,,19.756,0.063,17.943,0.007,17.007,0.005,16.565,0.005,16.224,0.013,15.593,0.065,14.91,0.076,14.372,0.07,,,,,,,,,,,,,,,,,,,,,,,,,,,
7238,7238,7238,212162576,08 45 51.089,+23 18 43.71,1,17.57,,,,08455108+2318437,,EXTENDED,JHK,,,,,,,,,,,,,,,,,,,,,,14.871,0.071,14.11,0.077,13.747,0.084,,,,,,,,,,,,,,,,,,,,,,,,,,,
7239,7239,7239,212162615,08 41 42.889,+23 18 46.77,1,12.605,,,567-043468,08414290+2318468,,STAR,gri,rpm,-107.9,7.3,-100.4,5.4,,,15.007,0.02,13.487,0.03,,,14.237,0.04,12.91,0.03,11.906,0.59,,,9.603,0.023,8.933,0.024,8.717,0.018,3885,62,93,4.867,0.04,0.025,-0.001,0.12,0.12,0.42,0.017,0.044,0.474,0.024,0.058,6.323,1.349,0.583,38.01,2.718,4.521,0.005,0.002,0.002,,,
7240,7240,7240,212162657,09 00 26.499,+23 18 49.34,1,17.715,,,,09002649+2318493,5038-301-6-0065-0238,EXTENDED,gri,,3,3,3,3,,,,,,,20.084,0.066,18.528,0.009,17.746,0.007,17.367,0.008,17.08,0.02,16.437,0.105,15.782,0.148,15.188,0.115,,,,,,,,,,,,,,,,,,,,,,,,,,,
7241,7241,7241,212162664,09 05 06.605,+23 18 50.01,1,19.369,,,,,5038-301-5-0072-0138,STAR,gri,,3,3,2,3,,,,,,,19.758,0.029,19.458,0.012,19.339,0.013,19.05,0.015,19.011,0.04,,,,,,,,,,,,,,,,,,,,,,,,,,,,,,,,,
7242,7242,7242,212162704,08 44 19.940,+23 18 54.14,1,18.207,,,,,4569-301-5-0135-0303,STAR,gri,,,,,,,,,,,,20.423,0.055,18.787,0.009,18.18,0.008,17.959,0.009,17.892,0.02,,,,,,,,,,,,,,,,,,,,,,,,,,,,,,,,,
7243,7243,7243,212162725,08 44 56.155,+23 18 55.72,1,15.107,,,567-043592,08445616+2318556,4569-301-5-0136-0071,STAR,gri,rpm,-3.4,4.4,-4.4,4.9,,,16.126,0.08,15.322,0.03,,,15.689,0.01,15.087,0.05,14.858,0.07,,,13.826,0.026,13.383,0.029,13.247,0.035,5277,156,125,4.528,0.06,1.164,-0.478,0.35,0.49,0.838,2.421,0.106,0.865,0.053,0.096,1.469,0.446,1.442,810,2089,122.2,0.034,0.01,0.008,,,
7244,7244,7244,212162746,08 55 02.278,+23 18 57.29,1,12.586,,,567-043967,08550226+2318572,,STAR,gri,rpm,10.9,2.3,-3,1.4,,,13.559,0.06,12.782,0.03,,,13.139,0.05,12.549,0.03,12.349,0.02,,,11.418,0.025,11.037,0.021,10.96,0.02,5402,130,130,3.676,0.74,1.184,-0.316,0.3,0.66,1.787,3.595,0.93,0.966,0.163,0.108,0.097,0.691,0.095,643.6,1263,383.2,0.03,0.014,0.008,,,
7245,7245,7245,212162810,08 46 00.036,+23 19 03.07,1,13.515,,,567-043641,08460003+2319031,,STAR,gri,rpm,7.6,3.3,-55.1,4,,,14.489,0.04,13.594,0.03,,,14.028,0.01,13.257,0.03,13.295,0.58,,,11.818,0.023,11.322,0.021,11.244,0.018,4968,100,80,4.605,0.035,0.025,-0.218,0.2,0.24,0.712,0.053,0.058,0.755,0.067,0.067,2.028,0.41,0.221,255.4,22.07,35.4,0.024,0.01,0.007,,,
7246,7246,7246,212162905,08 38 44.073,+23 19 11.50,1,19.535,,,,,4508-301-3-0115-0261,STAR,gri,,1,3,2,3,,,,,,,19.75,0.032,19.588,0.013,19.517,0.015,19.161,0.014,19.308,0.044,,,,,,,,,,,,,,,,,,,,,,,,,,,,,,,,,
7247,7247,7247,212162924,08 40 35.026,+23 19 12.65,1,13.313,,,567-043422,08403503+2319126,,STAR,gri,rpm,-2.1,2.1,-3.4,2.4,,,14.263,0.01,13.363,0.02,,,13.756,0.02,13.087,0.03,13.123,0.58,,,11.686,0.02,11.256,0.021,11.147,0.018,5171,104,83,3.587,0.222,1.147,-0.413,0.3,0.42,2.893,6.34,0.851,0.998,0.216,0.12,0.046,0.067,0.045,970.6,1907,270.1,0.036,0.01,0.008,,,
7248,7248,7248,212162945,08 43 58.635,+23 19 14.74,1,14.367,,,567-043554,08435863+2319147,,STAR,gri,rpm,2.9,4.8,-0.7,5.1,,,15.333,0.04,14.456,0.03,,,14.864,0.01,14.166,0.02,14.154,0.48,,,12.881,0.023,12.437,0.022,12.345,0.027,5149,103,82,3.813,0.754,0.348,-0.288,0.3,0.3,2.074,0.913,1.336,0.919,0.205,0.093,0.112,1.678,0.078,1296,400.6,854.5,0.034,0.008,0.007,,,
7249,7249,7249,212163002,08 48 14.816,+23 19 19.81,1,15.344,,,567-043730,08481481+2319198,4569-301-4-0141-0033,STAR,gri,rpm,-2.3,4.4,-5.4,4.9,,,16.456,0.14,15.667,0.05,,,16.01,0.05,15.331,0.02,15.059,0.03,,,13.937,0.024,13.528,0.036,13.397,0.03,5141,119,119,4.571,0.045,1.071,-0.317,0.25,0.45,0.771,2.015,0.076,0.82,0.095,0.095,1.695,0.366,1.657,763.6,1916,95.47,0.035,0.011,0.007,,,
7250,7250,7250,212163006,08 59 26.019,+23 19 20.33,1,14.485,,,567-044110,08592601+2319206,,STAR,gri,rpm,12,8,-159,8,,,15.495,0.05,14.748,0.08,,,15.097,0.02,14.461,0.04,14.222,0.02,,,13.147,0.023,12.762,0.024,12.673,0.023,5107,285,51,4.731,0.02,0.024,-1.336,0.09,0.54,0.551,0.027,0.011,0.599,0.029,0.012,3.56,0.255,0.328,405.5,12.16,202.3,0.031,0.003,0.008,,,
7251,7251,7251,212163009,08 53 30.861,+23 19 20.88,1,14.034,,,567-043914,08533085+2319210,,STAR,gri,rpm,-11.4,2.6,-18.1,2.9,,,15.099,0.02,14.3,0.03,,,14.67,0.04,14.022,0.04,13.762,0.05,,,12.729,0.023,12.268,0.022,12.2,0.019,5203,82,103,4.561,0.035,0.98,-0.366,0.3,0.3,0.802,1.788,0.08,0.855,0.075,0.09,1.611,0.304,1.56,463.4,936,57.55,0.033,0.008,0.006,,,
7252,7252,7252,212163012,08 40 49.918,+23 19 21.08,1,17.84,,,,08404991+2319210,,STAR,J,col,,,,,,,,,,,,,,,,,,,,,16.319,0.098,15.268,0.104,15.207,0.168,4127,261,261,4.813,0.119,0.085,-0.263,0.25,0.3,0.468,0.088,0.113,0.51,0.094,0.131,4.826,3.875,1.487,991.3,321.5,322.3,0.034,0.01,0.007,,,
7253,7253,7253,212163044,08 54 01.871,+23 19 23.21,1,19.419,,,,,4569-301-3-0149-0346,EXTENDED,gri,,-1,4,11,4,,,,,,,21.088,0.181,19.772,0.026,19.418,0.036,19.268,0.038,19.153,0.141,,,,,,,,,,,,,,,,,,,,,,,,,,,,,,,,,
7254,7254,7254,212163048,08 54 39.310,+23 19 23.58,1,12.075,,,567-043950,08543930+2319236,,STAR,gri,rpm,-13.8,0.9,7.9,1.9,,,13.024,0.04,12.276,0.04,,,12.622,0.04,12.053,0.03,11.841,0.02,,,10.87,0.023,10.514,0.023,10.437,0.019,5458,166,133,3.879,0.64,0.192,-0.102,0.16,0.4,1.908,0.505,1.036,1,0.156,0.098,0.141,1.266,0.07,505.2,113.5,280.6,0.029,0.011,0.007,,,
7255,7255,7255,212163060,08 42 53.498,+23 19 24.59,1,18.003,,,,08425349+2319245,,STAR,J,,,,,,,,,,,,,,,,,,,,,,16.468,0.146,15.641,0.148,,,,,,,,,,,,,,,,,,,,,,,,,,,,,
7256,7256,7256,212163070,08 46 47.256,+23 19 25.42,1,10.673,,1943-1492-1,567-043668,08464725+2319253,,STAR,gri,rpm,-17.5,1.4,-59.2,1.5,,,11.197,0.076,10.486,0.056,,,10.944,0.07,10.401,0.04,10.557,0.61,,,9.35,0.023,9.029,0.028,8.935,0.02,5740,167,167,4.414,0.075,0.45,-0.056,0.16,0.32,1.023,0.727,0.118,1.004,0.087,0.102,0.909,0.357,0.716,139.7,91.95,21.67,0.022,0.007,0.006,,,
7257,7257,7257,212163071,08 46 50.554,+23 19 25.42,1,17.721,,,,08465055+2319254,,STAR,J,col,,,,,,,,,,,,,,,,,,,,,16.209,0.127,15.636,0.142,14.878,0.117,3628,382,273,5.004,0.115,0.138,-0.139,0.2,0.28,0.258,0.152,0.083,0.256,0.196,0.109,13.41,12.15,7.226,457.2,398.9,186.1,0.032,0.01,0.008,,,
7258,7258,7258,212163102,08 40 11.798,+23 19 28.96,1,14.564,,,567-043405,08401180+2319289,4508-301-3-0117-0102,STAR,gri,rpm,-0.9,4.7,-2.2,5.1,,,15.828,0.02,14.71,0.06,,,15.204,0.02,14.312,0.04,14.289,0.58,,,12.737,0.023,12.252,0.024,12.112,0.021,4855,77,77,4.57,0.05,1.27,-0.021,0.12,0.3,0.785,3.266,0.076,0.853,0.351,0.073,1.684,0.505,1.666,415.7,1652,55.63,0.034,0.013,0.007,,,
7259,7259,7259,212163124,08 45 51.352,+23 19 30.47,1,17.567,,,,08455135+2319304,,STAR,JHK,col,,,,,,,,,,,,,,,,,,,,,15.953,0.121,15.362,0.137,15.298,0.176,4135,838,465,4.817,0.185,0.222,-0.298,0.24,0.42,0.439,0.206,0.183,0.495,0.202,0.243,4.695,7.999,2.645,833.9,722.5,387.1,0.032,0.01,0.007,,,
7260,7260,7260,212163149,08 45 54.244,+23 19 32.62,1,18.052,,,,08455424+2319326,,STAR,JHK,col,,,,,,,,,,,,,,,,,,,,,15.723,0.095,14.97,0.094,14.732,0.119,4065,370,370,4.849,0.162,0.135,-0.225,0.24,0.32,0.425,0.137,0.153,0.466,0.164,0.191,5.917,7.544,2.628,652.4,328.2,283.7,0.032,0.01,0.007,,,
7261,7261,7261,212163204,08 54 50.381,+23 19 36.70,1,10.786,,1943-2103-1,567-043958,08545038+2319365,,STAR,gri,rpm,-9.9,1.7,2,1.7,,,12.316,0.301,10.958,0.099,,,11.601,0.05,10.772,0.03,10.437,0.01,,,9.257,0.023,8.682,0.02,8.585,0.018,4686,75,75,2.381,0.204,0.476,-0.393,0.25,0.5,10.904,5.668,2.262,1.071,0.22,0.183,7.76E-04,6.52E-04,6.17E-04,1086,610.2,199.2,0.035,0.01,0.007,,,
7262,7262,7262,212163217,08 38 32.632,+23 19 37.81,1,14.391,,,567-043340,08383263+2319377,,STAR,gri,rpm,3.3,4.7,-11.3,5.1,,,15.65,0.08,14.563,0.02,,,15.153,0.04,14.122,0.05,14.064,0.6,,,12.517,0.023,11.929,0.021,11.83,0.02,4591,73,129,4.668,0.025,0.035,-0.11,0.18,0.15,0.65,0.052,0.035,0.718,0.051,0.043,2.609,0.318,0.388,281.7,31.19,23.6,0.029,0.013,0.006,,,
7263,7263,7263,212163265,08 46 39.365,+23 19 41.71,1,17.793,,,,08463936+2319417,4508-301-1-0126-0162,EXTENDED,gri,,4,1,2,4,,,,,,,20.127,0.054,18.688,0.01,17.893,0.007,17.409,0.006,17.176,0.014,16.309,0.127,15.511,0.156,14.945,0.107,,,,,,,,,,,,,,,,,,,,,,,,,,,
7264,7264,7264,212163322,08 58 23.555,+23 19 46.42,1,14.661,,,567-044082,08582355+2319464,5045-301-6-0162-0055,STAR,gri,lam,-2.6,4.5,1.7,4.9,,,15.797,0.02,14.974,0.08,,,15.336,0.01,14.615,0.02,14.371,0.04,,,13.236,0.025,12.792,0.023,12.733,0.027,5035,151,181,4.579,0.03,0.025,0.019,0.1,0.1,0.775,0.037,0.048,0.833,0.043,0.043,1.779,0.235,0.175,534,42.16,53.89,0.033,0.008,0.007,,,
7265,7265,7265,212163346,08 54 37.797,+23 19 48.91,1,12.787,,,567-043949,08543779+2319489,,STAR,gri,rpm,-7.1,1.3,0.2,1.4,,,13.669,0.05,12.977,0.04,,,13.294,0.05,12.785,0.02,12.57,0.02,,,11.636,0.022,11.238,0.025,11.14,0.02,5387,65,173,3.43,0.342,1.026,-0.945,0.6,0.24,2.901,6.4,0.866,0.896,0.115,0.026,0.032,0.062,0.031,1014,1910,279.4,0.036,0.006,0.007,,,
7266,7266,7266,212163353,08 56 51.113,+23 19 49.67,1,13.539,,,567-044026,08565111+2319497,,STAR,gri,lam,3.7,3.8,20,4,,,14.691,0.02,13.882,0.11,,,14.235,0.03,13.513,0.02,13.241,0.03,,,12.112,0.023,11.604,0.022,11.526,0.02,5117,153,153,4.589,0.025,0.025,-0.174,0.12,0.15,0.749,0.047,0.044,0.804,0.056,0.056,1.88,0.205,0.22,316.3,25.75,28.36,0.028,0.008,0.007,,,
7267,7267,7267,212163376,09 05 16.937,+23 19 51.41,1,17.513,,,,09051693+2319514,5038-301-5-0072-0053,STAR,gri,,1,3,-1,3,,,,,,,18.998,0.019,17.737,0.006,17.439,0.006,17.335,0.006,17.275,0.012,16.24,0.086,15.886,0.124,,,,,,,,,,,,,,,,,,,,,,,,,,,,,
7268,7268,7268,212163399,08 59 04.417,+23 19 53.16,1,16.92,,,,08590441+2319531,,STAR,J,rpm,6,2,8,2,,,,,,,,,,,,,,,,,15.464,0.068,14.736,0.075,14.294,0.076,3944,337,337,4.87,0.138,0.115,-0.132,0.2,0.24,0.397,0.118,0.121,0.445,0.132,0.158,6.483,5.757,2.666,544.6,240.8,218.4,0.033,0.008,0.007,,,
7269,7269,7269,212163405,08 39 22.318,+23 19 53.44,1,16.931,,,,08392231+2319534,,STAR,J,col,,,,,,,,,,,,,,,,,,,,,15.474,0.073,14.787,0.082,14.338,0.096,3775,433,309,4.944,0.12,0.168,-0.132,0.2,0.28,0.306,0.154,0.102,0.339,0.188,0.156,9.801,9.981,5.582,404.9,284.3,167,0.031,0.01,0.008,,,
7270,7270,7270,212163418,08 41 54.052,+23 19 54.56,1,18.196,,,,08415405+2319545,,STAR,J,,,,,,,,,,,,,,,,,,,,,,16.642,0.128,,,,,,,,,,,,,,,,,,,,,,,,,,,,,,,
7271,7271,7271,212163469,09 04 24.395,+23 19 58.38,1,14.748,,,567-044265,09042439+2319582,,STAR,gri,rpm,-32,4.3,-17.5,4.6,,,16.775,0.12,15.426,0.05,,,16.069,0.01,14.813,0.02,14.181,0.01,,,12.697,0.02,12.054,0.022,11.881,0.022,3949,47,39,4.827,0.028,0.02,0.066,0.08,0.08,0.46,0.018,0.028,0.517,0.027,0.027,5.29,0.728,0.41,176.6,11.76,13.14,0.023,0.003,0.004,,,
7272,7272,7272,212163472,08 47 38.832,+23 19 58.49,1,10.991,,1943-1837-1,567-043709,08473883+2319586,,STAR,gri,rpm,-16.4,1.5,-10.6,1.5,,,11.444,0.072,10.991,0.077,,,11.167,0.02,10.813,0.04,10.915,0.47,,,9.965,0.026,9.725,0.03,9.654,0.019,6251,149,149,4.15,0.175,0.245,-0.048,0.12,0.18,1.512,0.634,0.297,1.231,0.201,0.143,0.321,0.283,0.189,300.2,130.5,71.2,0.029,0.008,0.007,,,
7273,7273,7273,212163526,08 46 58.248,+23 20 03.61,1,17.128,,,,08465824+2320036,4508-301-1-0126-0222,EXTENDED,gri,,0,3,3,3,,,,,,,18.822,0.023,17.708,0.006,17.235,0.005,16.879,0.005,16.703,0.011,16.167,0.107,15.497,0.133,15.179,0.15,,,,,,,,,,,,,,,,,,,,,,,,,,,
7274,7274,7274,212163538,08 42 05.575,+23 20 04.80,1,17.624,,,,08420557+2320048,4517-301-2-0128-0207,STAR,gri,rpm,2,3,-56,3,,,,,,,21.159,0.099,18.736,0.009,17.607,0.006,17.147,0.006,16.866,0.01,15.91,0.063,15.097,0.079,14.824,0.101,4218,42,42,4.957,0.045,0.025,-0.886,0.08,0.22,0.341,0.019,0.039,0.386,0.023,0.042,9.589,2.483,1.043,614.6,45.78,49.41,0.032,0.005,0.006,,,
7275,7275,7275,212163652,08 39 54.189,+23 20 16.59,1,13.465,,,567-043394,08395419+2320166,,STAR,gri,rpm,3,2,-2.7,2.2,,,13.867,0.08,13.522,0.09,,,13.598,0.1,13.42,0.08,13.68,0.56,,,12.744,0.023,12.59,0.026,12.483,0.023,6682,248,207,4.148,0.126,0.105,-0.111,0.1,0.14,1.608,0.26,0.264,1.368,0.114,0.16,0.307,0.177,0.112,1212,235.2,232.3,0.033,0.01,0.008,,,
7276,7276,7276,212163713,08 39 27.937,+23 20 21.74,1,13.882,,,567-043382,08392793+2320218,,STAR,gri,rpm,6.4,2.5,-10.9,2.9,,,14.751,0.03,13.916,0.04,,,14.264,0.02,13.63,0.03,13.718,0.59,,,12.324,0.021,11.852,0.019,11.778,0.022,5151,123,103,3.402,1.044,0.522,-0.668,0.48,0.4,2.964,1.766,2.163,0.907,0.203,0.053,0.028,1.093,0.023,1314,759.2,912.6,0.032,0.01,0.008,,,
7277,7277,7277,212163720,08 40 46.935,+23 20 22.13,1,14.28,,,567-043430,08404694+2320221,,STAR,gri,rpm,1,4.8,-4.8,5.2,,,15.118,0.02,14.317,0.05,,,14.671,0.037,14.053,0.02,14.112,0.58,,,12.736,0.022,12.3,0.024,12.179,0.022,5238,146,104,3.487,0.882,0.735,-0.656,0.48,0.4,2.497,2.854,1.638,0.902,0.182,0.046,0.057,1.095,0.053,1310,1439,845.9,0.033,0.008,0.006,,,
7278,7278,7278,212163774,09 04 16.947,+23 20 26.20,1,11.732,,,567-044258,09041694+2320260,,STAR,gri,rpm,-16.6,1.2,-8.7,2,,,12.228,0.06,11.853,0.01,,,11.916,0.02,11.67,0.01,11.565,0.01,,,10.79,0.02,10.664,0.021,10.55,0.02,6684,108,135,4.208,0.045,0.189,-0.082,0.12,0.12,1.479,0.447,0.133,1.324,0.151,0.075,0.393,0.085,0.191,451.5,119.5,50.03,0.033,0.008,0.006,,,
7279,7279,7279,212163820,08 45 54.277,+23 20 29.93,1,10.616,,1943-676-1,567-043639,08455428+2320299,,STAR,gri,rpm,7,1.3,-7.7,1.3,,,11.732,0.143,10.651,0.071,,,11.291,0.05,10.346,0.04,10.327,0.6,,,8.676,0.02,8.178,0.023,8.027,0.023,4751,76,76,2.543,0.252,0.14,-0.078,0.15,0.15,11.047,0.595,1.934,1.503,0.425,0.355,0.001,0.001,3.68E-04,818.7,48.51,105.6,0.034,0.008,0.007,,,
7280,7280,7280,212163823,08 56 19.080,+23 20 30.24,1,9.477,,1950-711-1,567-044016,08561908+2320301,,STAR,gri,rpm,-11.2,1.3,0.4,1.4,,,10.843,0.072,9.678,0.033,,,10.442,0.03,9.54,0.07,9.064,0.01,,,7.828,0.019,7.32,0.021,7.192,0.029,4748,77,77,2.512,0.23,0.115,-0.089,0.16,0.2,11.139,0.66,1.325,1.503,0.5,0.357,0.001,9.90E-04,2.58E-04,561.2,44.3,41.06,0.035,0.011,0.008,,,
7281,7281,7281,212163830,09 00 37.107,+23 20 31.20,1,11.564,,,567-044155,09003710+2320312,,STAR,gri,rpm,-2.1,0.9,8.1,1.6,,,11.983,0.04,11.675,0.03,,,11.738,0.03,11.506,0.04,11.408,0.06,,,10.731,0.022,10.527,0.021,10.471,0.02,6588,133,133,4.119,0.16,0.224,-0.044,0.12,0.18,1.62,0.687,0.321,1.36,0.2,0.167,0.288,0.212,0.169,485.2,198.3,93.53,0.032,0.007,0.006,,,
7282,7282,7282,212163835,08 51 01.005,+23 20 31.57,1,17.115,,,,08510100+2320315,4576-301-4-0137-0140,EXTENDED,gri,,0,3,-3,3,,,,,,,19.858,0.091,18.045,0.009,17.144,0.007,16.716,0.007,16.385,0.019,16.117,0.096,15.287,0.134,14.893,0.12,,,,,,,,,,,,,,,,,,,,,,,,,,,
7283,7283,7283,212163857,08 47 15.837,+23 20 33.49,1,19.97,,,,,4508-301-1-0127-0607,EXTENDED,gri,,10,4,0,4,,,,,,,21.901,0.246,20.192,0.029,19.896,0.031,19.616,0.034,19.381,0.091,,,,,,,,,,,,,,,,,,,,,,,,,,,,,,,,,
7284,7284,7284,212163918,08 51 54.525,+23 20 38.75,1,16.709,,,,,4576-301-4-0138-0215,EXTENDED,gri,,-20,3,-8,3,,,,,,,18.946,0.068,17.453,0.009,16.76,0.007,16.39,0.008,16.149,0.036,,,,,,,,,,,,,,,,,,,,,,,,,,,,,,,,,
7285,7285,7285,212163930,08 41 29.973,+23 20 39.45,1,15.731,,,567-043464,08412997+2320395,4517-301-2-0128-0009,STAR,gri,rpm,3.6,4.4,-1.9,5,,,16.821,0.07,15.966,0.01,,,16.347,0.07,15.704,0.05,15.467,0.109,,,14.233,0.029,13.788,0.041,13.706,0.044,5243,186,155,4.554,0.045,0.855,-0.276,0.25,0.4,0.789,1.429,0.076,0.837,0.073,0.088,1.606,0.347,1.53,928.7,1762,130.9,0.032,0.008,0.007,,,
7286,7286,7286,212163934,08 42 04.165,+23 20 39.69,1,18.284,,,,,4517-301-2-0128-0208,EXTENDED,gri,,-34,7,-17,7,,,,,,,19.666,0.062,18.71,0.013,18.369,0.013,18.101,0.013,17.988,0.039,,,,,,,,,,,,,,,,,,,,,,,,,,,,,,,,,
7287,7287,7287,212163937,08 52 36.120,+23 20 39.87,1,12.756,,,567-043876,08523612+2320399,,STAR,gri,rpm,-5.1,1.5,1.6,1.8,,,13.496,0.03,12.914,0.06,,,13.164,0.05,12.742,0.05,12.581,0.05,,,11.783,0.025,11.467,0.024,11.399,0.023,5959,139,174,4.103,0.288,0.288,-0.153,0.16,0.24,1.378,0.702,0.4,1.07,0.157,0.098,0.321,0.467,0.212,602.5,242.7,173,0.034,0.01,0.007,,,
7288,7288,7288,212163990,08 59 20.261,+23 20 44.67,1,19.284,,,,08592026+2320446,5038-301-6-0064-0237,STAR,gri,rpm,-28,5,-8,5,,,,,,,24.662,0.711,21.327,0.038,19.912,0.021,18.408,0.01,17.615,0.016,16.168,0.084,15.611,0.084,15.313,0.125,3111,31,31,5.171,0.02,0.02,0.062,0.12,0.08,0.157,0.004,0.003,0.134,0.003,0.003,34.29,2.057,2.057,205.3,14.08,7.427,0.024,0.004,0.006,,,
7289,7289,7289,212164021,08 44 12.977,+23 20 49.20,1,17.352,,,,08441297+2320492,,STAR,J,rpm,6,2,2,0,,,,,,,,,,,,,,,,,15.866,0.092,15.11,0.101,14.557,0.093,3914,382,318,4.872,0.13,0.13,-0.145,0.2,0.24,0.399,0.132,0.131,0.448,0.144,0.173,6.654,6.807,2.955,646.4,318.6,277.5,0.033,0.008,0.007,,,
7290,7290,7290,212164039,08 57 37.390,+23 20 50.66,1,10.654,,1950-889-1,567-044059,08573738+2320506,,STAR,gri,plx,-17.6,1.3,-20.1,1.3,,,11.362,0.093,10.708,0.079,,,11.066,0.02,10.636,0.02,10.477,0.02,,,9.632,0.023,9.387,0.021,9.289,0.019,5997,96,96,4.076,0.15,0.125,-0.036,0.15,0.24,1.538,0.313,0.22,1.131,0.115,0.115,0.272,0.154,0.098,248.1,40.75,40.75,0.028,0.011,0.007,,,
7291,7291,7291,212164043,08 58 23.366,+23 20 51.14,1,11.587,,,567-044080,08582336+2320512,,STAR,gri,lam,-4.9,2.6,0.3,2.9,,,13.444,0.03,12.093,0.09,,,12.761,0.02,11.593,0.01,11.083,0.02,,,9.616,0.023,8.899,0.021,8.716,0.021,4371,69,87,1.895,0.13,0.182,-0.353,0.12,0.12,18.776,4.302,2.573,1.011,0.157,0.049,1.45E-04,7.93E-05,6.62E-05,1960,328.1,237.2,0.034,0.008,0.007,,,
7292,7292,7292,212164083,08 39 30.823,+23 20 54.97,1,12.52,,,567-043386,08393082+2320549,,STAR,gri,rpm,-3.2,1.8,-22.1,1.6,,,13.195,0.02,12.504,0.04,,,12.782,0.031,12.285,0.03,12.407,0.58,,,11.178,0.022,10.815,0.02,10.76,0.018,5707,113,113,4.432,0.06,0.67,-0.182,0.2,0.76,0.985,1.058,0.095,0.948,0.105,0.087,1.001,0.23,0.902,315.3,317.3,38.14,0.032,0.014,0.009,,,
7293,7293,7293,212164091,08 46 51.836,+23 20 55.71,1,12.953,,,567-043671,08465183+2320557,,STAR,gri,rpm,-9.7,2,-14.2,2.5,,,13.876,0.01,12.977,0.04,,,13.384,0.02,12.698,0.03,12.768,0.61,,,11.346,0.023,10.842,0.028,10.772,0.02,5052,81,81,3.338,0.35,0.63,-0.577,0.25,0.3,3.284,3.329,0.97,0.933,0.09,0.05,0.021,0.045,0.018,966.6,855.8,287,0.032,0.005,0.007,,,
7294,7294,7294,212164105,08 55 11.685,+23 20 56.76,1,11.463,,,567-043971,08551167+2320566,,STAR,gri,rpm,21,1.1,-19.6,0.8,,,12.239,0.05,11.618,0.04,,,11.906,0.05,11.456,0.03,11.273,0.02,,,10.366,0.022,10.088,0.022,9.987,0.022,5900,118,118,4.285,0.168,0.336,-0.059,0.2,0.24,1.172,0.612,0.204,1.066,0.124,0.103,0.548,0.459,0.386,262.6,142.2,51.1,0.03,0.011,0.008,,,
7295,7295,7295,212164116,08 54 19.727,+23 20 58.05,1,18.223,,,,08541972+2320580,4576-301-3-0142-0146,EXTENDED,gri,,-3,3,1,3,,,,,,,21.569,0.215,19.274,0.013,18.18,0.009,17.772,0.009,17.378,0.022,16.453,0.122,15.817,0.126,15.325,0.15,,,,,,,,,,,,,,,,,,,,,,,,,,,
7296,7296,7296,212164163,08 52 53.711,+23 21 02.36,1,17.888,,,,08525371+2321023,4569-301-3-0147-0189,STAR,gri,rpm,2,1,4,1,,,,,,,18.323,0.015,18.175,0.007,17.813,0.007,17.765,0.008,17.785,0.02,16.658,0.133,15.951,0.151,15.671,0.189,6122,97,97,4.315,0.11,0.154,-0.844,0.2,0.24,1.05,0.217,0.152,0.833,0.045,0.045,0.721,0.37,0.318,4290,987.9,680.4,0.032,0.008,0.006,,,
7297,7297,7297,212164176,08 43 50.336,+23 21 02.98,1,12.53,,,567-043548,08435033+2321031,,STAR,gri,rpm,-14.9,1.3,-7.7,1.8,,,13.19,0.02,12.534,0.02,,,12.806,0.01,12.341,0.02,12.412,0.51,,,11.287,0.025,10.951,0.022,10.898,0.024,5878,117,117,4.229,0.185,0.333,-0.025,0.12,0.24,1.265,0.73,0.258,1.066,0.118,0.085,0.507,0.459,0.368,430.3,223.7,89.29,0.031,0.017,0.007,,,
7298,7298,7298,212164198,08 45 33.299,+23 21 05.28,1,14.808,,,567-043624,08453329+2321052,,STAR,gri,rpm,1.1,4.4,-17.1,5,,,16.639,0.04,15.256,0.03,,,16,0.04,14.642,0.02,14.298,0.58,,,12.433,0.023,11.763,0.022,11.574,0.023,3932,62,93,4.855,0.048,0.03,-0.06,0.15,0.12,0.432,0.027,0.053,0.491,0.03,0.067,5.928,1.709,0.705,145.8,17.49,22.79,0.019,0.006,0.006,,,
7299,7299,7299,212164215,08 47 20.943,+23 21 07.06,1,17.69,,,,,4508-301-1-0127-0332,EXTENDED,gri,,5,3,0,3,,,,,,,19.689,0.064,18.371,0.011,17.743,0.009,17.398,0.009,17.187,0.024,,,,,,,,,,,,,,,,,,,,,,,,,,,,,,,,,
7300,7300,7300,212164236,08 56 40.384,+23 21 09.04,1,19.292,,,,,4569-301-2-0152-0240,STAR,gri,,-12,3,2,3,,,,,,,19.203,0.025,19.05,0.01,19.373,0.015,19.65,0.024,19.908,0.096,,,,,,,,,,,,,,,,,,,,,,,,,,,,,,,,,
7301,7301,7301,212164248,09 00 14.155,+23 21 09.69,1,18.546,,,,,5038-301-6-0065-0024,STAR,gri,,-3,3,2,3,,,,,,,19.082,0.022,18.626,0.008,18.519,0.008,18.424,0.01,18.425,0.029,,,,,,,,,,,,,,,,,,,,,,,,,,,,,,,,,
7302,7302,7302,212164254,08 47 50.221,+23 21 10.21,1,17.39,,,,08475022+2321102,4508-301-1-0127-0150,EXTENDED,gri,,,,,,,,,,,,18.747,0.02,18.016,0.006,17.61,0.006,17.122,0.006,17.046,0.013,15.191,0.076,14.655,0.095,13.908,0.077,,,,,,,,,,,,,,,,,,,,,,,,,,,
7303,7303,7303,212164264,08 42 52.545,+23 21 11.23,1,17.314,,,,08425254+2321112,,STAR,J,rpm,8,7,6,2,,,,,,,,,,,,,,,,,15.831,0.104,14.89,0.098,14.442,0.098,4056,269,322,4.823,0.133,0.095,-0.164,0.2,0.24,0.443,0.102,0.138,0.49,0.107,0.171,5.249,5.321,1.86,710.8,298.8,265.6,0.034,0.011,0.008,,,
7304,7304,7304,212164271,08 54 19.487,+23 21 11.73,1,15.524,,,,08541948+2321117,4576-301-3-0142-0145,EXTENDED,gri,,-5,3,2,3,,,,,,,17.976,0.039,16.369,0.005,15.575,0.004,15.162,0.004,14.892,0.011,15.573,0.112,15.041,0.148,14.688,0.133,,,,,,,,,,,,,,,,,,,,,,,,,,,
7305,7305,7305,212164282,09 00 12.397,+23 21 12.49,1,11.64,,1950-1195-1,567-044133,09001241+2321126,,STAR,gri,rpm,-5.6,1.8,-7.4,2.1,,,12.275,0.253,11.787,0.23,,,12.072,0.01,11.618,0.01,11.455,0.03,,,10.582,0.02,10.256,0.021,10.233,0.02,5857,93,93,4.031,0.408,0.12,-0.125,0.2,0.24,1.611,0.243,0.639,1.058,0.103,0.088,0.232,0.795,0.075,374,70.5,143.4,0.032,0.003,0.01,,,
7306,7306,7306,212164297,09 03 15.910,+23 21 13.36,1,16.546,,,,09031591+2321133,5045-301-5-0169-0217,STAR,gri,rpm,-72,3,-9,3,,,,,,,20.948,0.077,18.464,0.007,16.919,0.005,15.724,0.004,15.177,0.005,13.504,0.028,12.898,0.026,12.709,0.028,3413,104,156,5.153,0.02,0.024,-0.234,0.2,0.24,0.168,0.015,0.003,0.15,0.018,0.004,30.92,1.855,3.741,73.04,7.38,3.736,0.011,0.003,0.001,,,
7307,7307,7307,212164298,08 38 23.819,+23 21 13.38,1,15.893,,,567-043328,08382379+2321134,,STAR,gri,rpm,6.9,19.3,-0.6,19.1,,,17.345,0.01,16.466,0.07,,,16.749,0.08,16.012,0.01,15.525,0.111,,,14.487,0.055,13.949,0.074,13.543,0.058,4883,168,168,4.63,0.055,0.055,-0.371,0.3,0.42,0.683,0.089,0.093,0.73,0.085,0.102,2.293,0.661,0.513,800,178.8,123.8,0.035,0.013,0.008,,,
7308,7308,7308,212164340,08 52 29.562,+23 21 16.37,1,12.646,,,567-043874,08522956+2321164,,STAR,gri,rpm,-30.8,2.1,-21.4,2.4,,,13.6,0.03,12.88,0.06,,,13.214,0.05,12.65,0.06,12.403,0.04,,,11.364,0.025,10.921,0.021,10.838,0.02,5259,106,106,4.56,0.05,0.84,-0.423,0.35,0.25,0.79,1.346,0.098,0.818,0.09,0.09,1.629,0.398,1.542,237.4,408.4,27.28,0.026,0.006,0.004,,,
7309,7309,7309,212164469,08 55 15.257,+23 21 26.87,1,17.746,,,,08551525+2321268,4576-301-3-0143-0207,STAR,gri,rpm,-47,3,-67,3,,,,,,,21.263,0.107,18.935,0.009,17.734,0.006,17.236,0.006,16.954,0.012,15.921,0.066,15.193,0.072,15.091,0.109,4085,40,40,5.034,0.02,0.02,-0.886,0.1,0.2,0.265,0.016,0.013,0.281,0.023,0.02,14.59,1.225,1.345,449.2,20.09,15.45,0.03,0.004,0.001,,,
7310,7310,7310,212164470,08 39 15.271,+23 21 26.93,1,12.704,,,567-043374,08391527+2321269,,STAR,gri,rpm,16.2,1.4,-12.8,1.7,,,13.219,0.02,12.646,0.03,,,12.864,0.01,12.474,0.04,12.635,0.58,,,11.502,0.02,11.246,0.018,11.149,0.022,6127,124,124,4.254,0.1,0.18,-0.148,0.15,0.24,1.229,0.33,0.126,1.078,0.123,0.123,0.514,0.212,0.256,484.3,139.6,68.28,0.031,0.013,0.009,,,
7311,7311,7311,212164471,08 51 26.248,+23 21 26.99,1,17.419,,,,08512624+2321269,4576-301-4-0138-0093,EXTENDED,gri,,0,3,-4,3,,,,,,,20.098,0.07,18.324,0.008,17.434,0.006,17.031,0.006,16.743,0.016,15.939,0.076,15.223,0.088,15.078,0.119,,,,,,,,,,,,,,,,,,,,,,,,,,,
7312,7312,7312,212164476,08 57 44.152,+23 21 27.23,1,14.499,,,567-044066,08574414+2321272,4569-301-2-0154-0054,STAR,gri,rpm,5,4.5,-12.4,4.9,,,15.363,0.03,14.754,0.09,,,15.023,0.03,14.46,0.05,14.275,0.04,,,13.307,0.024,12.873,0.026,12.786,0.031,5339,159,127,4.526,0.055,0.913,-0.407,0.3,0.54,0.831,1.617,0.092,0.864,0.07,0.084,1.474,0.382,1.409,647.6,1153,83.57,0.034,0.008,0.008,,,
7313,7313,7313,212164588,08 59 56.490,+23 21 37.32,1,14.396,,,567-044127,08595648+2321374,5038-301-6-0064-0103,STAR,gri,rpm,-14.1,4.5,-8.4,4.9,,,15.579,0.05,14.708,0.1,,,15.104,0.03,14.37,0.03,14.093,0.01,,,13.094,0.023,12.663,0.024,12.583,0.022,5090,82,82,4.585,0.035,0.07,-0.231,0.25,0.3,0.764,1.363,0.066,0.819,0.097,0.081,1.827,0.344,0.488,498.5,877.6,49.06,0.034,0.012,0.006,,,
7314,7314,7314,212164601,08 47 23.518,+23 21 38.31,1,14.299,,,567-043699,08472351+2321383,,STAR,gri,rpm,2.4,4.8,-11,5.1,,,15.006,0.03,14.227,0.03,,,14.584,0.02,13.991,0.03,14.178,0.68,,,12.82,0.029,12.374,0.029,12.305,0.019,5343,156,156,4.494,0.078,1.118,-0.341,0.3,0.66,0.9,2.352,0.142,0.886,0.08,0.08,1.248,0.416,1.222,573.8,1283,107.4,0.033,0.01,0.006,,,
7315,7315,7315,212164606,08 46 43.835,+23 21 38.81,1,15.577,,,567-043666,08464382+2321388,4508-301-1-0126-0192,STAR,gri,rpm,5.2,4.4,-18.7,4.9,,,17.354,0.111,15.936,0.063,,,16.793,0.04,15.378,0.06,15.056,0.71,,,13.147,0.026,12.412,0.033,12.285,0.022,4018,112,64,4.812,0.035,0.035,0.002,0.15,0.12,0.475,0.04,0.037,0.533,0.044,0.037,4.868,0.786,0.677,229.3,29.05,18.73,0.026,0.005,0.005,,,
7316,7316,7316,212164613,08 59 33.624,+23 21 39.50,1,17.701,,,,08593362+2321395,,STAR,J,col,,,,,,,,,,,,,,,,,,,,,16.191,0.101,15.422,0.1,14.955,0.108,3775,441,315,4.953,0.125,0.15,-0.168,0.2,0.28,0.317,0.157,0.121,0.337,0.188,0.157,9.786,10.19,5.63,595.8,399.8,274.1,0.032,0.01,0.008,,,
7317,7317,7317,212164666,08 44 51.107,+23 21 44.02,1,11.435,,,567-043588,08445111+2321440,,STAR,gri,rpm,-24.5,2.8,-14.4,0.9,,,12.357,0.02,11.504,0.03,,,11.897,0.02,11.239,0.03,11.237,0.53,,,9.971,0.022,9.525,0.023,9.42,0.018,5155,104,104,3.526,0.82,0.82,-0.523,0.4,0.4,2.927,3.872,1.862,0.933,0.241,0.057,0.038,0.995,0.036,441.7,558.6,276.1,0.029,0.01,0.008,,,
7318,7318,7318,212164688,08 38 48.514,+23 21 45.54,1,13.114,,,567-043354,08384850+2321454,,STAR,gri,rpm,0.3,2,-8.6,2.6,,,14.323,0.02,13.235,0.03,,,13.747,0.01,12.854,0.03,12.843,0.58,,,11.32,0.025,10.78,0.023,10.643,0.02,4731,75,75,2.906,0.48,0.48,-0.128,0.15,0.21,5.846,4.454,2.2,1.096,0.134,0.134,0.005,0.015,0.004,1498,897.9,561.4,0.033,0.012,0.006,,,
7319,7319,7319,212164712,08 57 03.701,+23 21 47.28,1,9.376,,1950-69-1,567-044037,08570368+2321474,,STAR,gri,plx,98.3,1,-96.8,1,,,10.052,0.036,9.405,0.028,,,10.161,0.06,9.39,0.06,9.04,0.01,,,8.15,0.024,7.846,0.053,7.743,0.024,5463,108,87,4.49,0.025,0.035,0.14,0.1,0.14,0.923,0.043,0.029,0.964,0.034,0.029,1.215,0.117,0.147,71.52,2.655,2.655,0.011,0.003,0.002,,,
7320,7320,7320,212164721,09 04 49.109,+23 21 48.16,1,17.6,,,,09044910+2321481,,STAR,J,col,,,,,,,,,,,,,,,,,,,,,16.097,0.073,15.403,0.104,15.091,0.107,3940,433,361,4.901,0.145,0.174,-0.208,0.24,0.32,0.357,0.148,0.137,0.396,0.172,0.172,7.313,9.673,3.69,679.5,422.5,299.2,0.032,0.008,0.007,,,
7321,7321,7321,212164758,08 47 35.429,+23 21 51.88,1,15.371,,,567-043706,08473543+2321519,,STAR,gri,rpm,5.4,4.2,-1.3,4.9,,,16.566,0.04,15.692,0.1,,,16.093,0.02,15.389,0.01,15.062,0.094,,,14.089,0.029,13.688,0.036,13.475,0.039,5184,105,105,4.567,0.04,0.056,-0.163,0.2,0.36,0.782,0.099,0.074,0.826,0.074,0.089,1.72,0.372,0.36,824.3,132.6,96.37,0.034,0.01,0.007,,,
7322,7322,7322,212164767,08 53 18.908,+23 21 52.60,1,12.341,,,567-043911,08531890+2321527,,STAR,gri,rpm,-0.1,1.5,-11,1.7,,,13.305,0.04,12.548,0.05,,,12.901,0.05,12.312,0.04,12.101,0.04,,,11.134,0.023,10.767,0.021,10.7,0.018,5429,174,87,3.901,0.648,0.54,-0.13,0.24,0.76,1.827,1.51,1.008,0.963,0.307,0.09,0.115,1.236,0.108,514.4,506.3,283.1,0.03,0.017,0.005,,,
7323,7323,7323,212164769,08 47 00.783,+23 21 52.85,1,17.85,,,,08470078+2321528,4508-301-1-0126-0249,EXTENDED,gri,,0,3,2,3,,,,,,,20.752,0.106,18.782,0.012,17.877,0.008,17.451,0.008,17.118,0.016,16.408,0.134,15.755,0.159,15.433,0.169,,,,,,,,,,,,,,,,,,,,,,,,,,,
7324,7324,7324,212164793,08 55 08.031,+23 21 54.69,1,16.349,,,,08550803+2321546,4576-301-3-0143-0181,EXTENDED,gri,,-5,3,2,3,,,,,,,19.165,0.046,17.263,0.005,16.376,0.004,15.957,0.004,15.657,0.01,15.258,0.063,14.501,0.081,14.067,0.071,,,,,,,,,,,,,,,,,,,,,,,,,,,
7325,7325,7325,212164837,09 04 20.482,+23 21 58.72,1,15.324,,,567-044259,09042048+2321586,5038-301-5-0071-0031,STAR,JHK,col,,,,,,,,,,,,,,,,,,,,,13.368,0.023,12.76,0.026,12.598,0.02,3934,370,154,4.885,0.08,0.112,-0.18,0.2,0.32,0.382,0.108,0.072,0.434,0.123,0.088,6.833,3.274,2.883,205.9,97.23,44.21,0.025,0.007,0.006,,,
7326,7326,7326,212164885,09 04 14.268,+23 22 02.59,1,17.979,,,,09041426+2322025,5038-301-5-0071-0128,EXTENDED,gri,,2,3,6,3,,,,,,,19.575,0.032,18.496,0.008,18.083,0.008,17.758,0.009,17.681,0.023,16.747,0.147,15.868,0.133,15.588,0.153,,,,,,,,,,,,,,,,,,,,,,,,,,,
7327,7327,7327,212164894,08 56 40.347,+23 22 03.67,1,11.862,,1950-679-1,567-044020,08564034+2322038,,STAR,gri,rpm,1.9,2.3,-61.4,2.4,,,12.42,0.297,11.617,0.183,,,12.287,0.02,11.855,0.02,11.68,0.02,,,10.802,0.022,10.513,0.022,10.437,0.018,5901,69,116,4.342,0.12,0.336,-0.413,0.25,0.3,1.061,0.482,0.196,0.906,0.075,0.063,0.765,0.462,0.494,288.8,135,69.22,0.029,0.01,0.007,,,
7328,7328,7328,212164896,08 47 56.262,+23 22 03.98,1,11.528,,1943-1300-1,567-043716,08475626+2322040,,STAR,gri,rpm,-14.6,1.7,4.5,1.9,,,12.484,0.232,11.818,0.168,,,12.048,0.04,11.371,0.04,11.305,0.47,,,10.029,0.022,9.579,0.03,9.471,0.019,5084,121,101,2.976,0.615,0.738,-0.634,0.42,0.3,4.803,5.352,2.229,0.941,0.263,0.057,0.007,0.045,0.006,760.9,769.9,335.9,0.032,0.008,0.007,,,
7329,7329,7329,212164900,08 51 09.630,+23 22 04.44,1,17.056,,,,08510963+2322044,4576-301-4-0137-0176,EXTENDED,gri,,-3,3,-3,3,,,,,,,20.249,0.119,18.168,0.009,17.056,0.006,16.58,0.006,16.2,0.015,15.809,0.094,14.864,0.096,14.671,0.092,,,,,,,,,,,,,,,,,,,,,,,,,,,
7330,7330,7330,212164925,08 55 08.384,+23 22 06.76,1,17.136,,,,08550838+2322067,4576-301-3-0143-0182,EXTENDED,gri,,0,3,10,3,,,,,,,19.218,0.057,18.173,0.011,17.186,0.008,16.692,0.008,16.435,0.02,16.192,0.102,15.625,0.152,14.919,0.106,,,,,,,,,,,,,,,,,,,,,,,,,,,
7331,7331,7331,212164964,08 54 30.430,+23 22 09.19,1,12.818,,,567-043945,08543042+2322092,,STAR,gri,rpm,-9.4,1.7,-1.6,1.9,,,13.952,0.04,13.077,0.03,,,13.494,0.04,12.793,0.04,12.528,0.02,,,11.449,0.021,10.923,0.023,10.885,0.02,4943,98,78,2.66,0.72,0.45,-0.653,0.36,0.42,6.293,5.425,2.913,0.944,0.166,0.064,0.003,0.021,0.002,1867,1267,864.3,0.032,0.01,0.007,,,
7332,7332,7332,212165013,08 55 07.957,+23 22 13.47,1,16.921,,,,08550795+2322134,4576-301-3-0143-0180,STAR,gri,rpm,-41,3,-43,3,,,,,,,21.28,0.109,18.638,0.008,17.298,0.006,16.185,0.005,15.607,0.007,14.341,0.032,13.715,0.036,13.564,0.041,3419,34,34,5.064,0.024,0.02,0.072,0.14,0.06,0.218,0.005,0.015,0.201,0.006,0.016,19.18,2.69,1.151,147.1,4.412,15.39,0.018,0.002,0.003,,,
7333,7333,7333,212165024,08 39 13.098,+23 22 14.28,1,18.911,,,,08391309+2322142,4508-301-3-0116-0229,STAR,gri,,-24,4,-35,4,,,,,,,22.443,0.215,20.283,0.019,18.909,0.01,18.323,0.009,18.027,0.018,16.757,0.142,16.196,0.203,,,,,,,,,,,,,,,,,,,,,,,,,,,,,
7334,7334,7334,212165050,08 44 58.822,+23 22 16.64,1,10.736,,1943-1036-1,567-043594,08445883+2322167,,STAR,gri,rpm,-5.2,1.3,-9.2,1.4,,,10.863,0.059,10.646,0.066,,,10.756,0.1,10.729,0.03,11.052,0.53,,,10.321,0.023,10.275,0.021,10.216,0.018,7766,316,253,4.104,0.105,0.168,-0.043,0.12,0.12,1.888,0.553,0.251,1.771,0.169,0.141,0.229,0.133,0.104,535.3,149.9,76.53,0.033,0.013,0.007,,,
7335,7335,7335,212165121,08 52 09.274,+23 22 22.61,1,11.545,,1943-1206-1,567-043861,08520927+2322228,,STAR,BV,rpm,-36.9,1.7,-9.9,1.8,,,12.246,0.213,11.651,0.165,,,,,,,,,,,10.443,0.023,10.036,0.021,9.972,0.018,5370,161,161,4.519,0.05,0.75,-0.122,0.2,0.44,0.871,1.326,0.078,0.913,0.089,0.067,1.33,0.325,1.242,180.2,266.7,22.53,0.024,0.008,0.007,,,
7336,7336,7336,212165135,08 41 30.815,+23 22 23.73,1,14.786,,,567-043465,08413082+2322238,,STAR,gri,rpm,-16,4.6,-13.4,5.1,,,15.798,0.03,14.885,0.02,,,15.295,0.03,14.561,0.03,14.568,0.51,,,13.248,0.025,12.819,0.026,12.683,0.028,5145,82,103,4.576,0.035,0.035,-0.137,0.16,0.28,0.767,0.049,0.064,0.824,0.053,0.074,1.755,0.317,0.227,546.3,48.86,51.95,0.034,0.01,0.008,,,
7337,7337,7337,212165197,08 52 10.139,+23 22 28.74,1,11.824,,,567-043863,08521013+2322288,,STAR,BV,rpm,-32.5,2,-7.8,2.4,,,12.675,0.041,11.971,0.03,,,,,,,,,,,10.417,0.023,9.822,0.023,9.692,0.018,4567,153,489,4.654,0.143,0.078,-0.003,0.16,0.28,0.646,0.101,0.177,0.71,0.145,0.181,2.496,2.26,0.688,108.3,460.9,38.49,0.017,0.01,0.007,,,
7338,7338,7338,212165212,08 40 15.589,+23 22 29.69,1,16.706,,,,08401558+2322296,4508-301-3-0117-0140,EXTENDED,gri,,7,3,13,3,,,,,,,17.85,0.016,16.926,0.004,16.632,0.004,16.476,0.005,16.372,0.013,16.225,0.116,15.619,0.151,,,,,,,,,,,,,,,,,,,,,,,,,,,,,
7339,7339,7339,212165240,08 54 59.571,+23 22 31.25,1,19.136,,,,,4576-301-3-0143-0159,STAR,gri,,-7,4,3,4,,,,,,,19.415,0.03,19.19,0.01,19.118,0.013,18.969,0.015,19.037,0.051,,,,,,,,,,,,,,,,,,,,,,,,,,,,,,,,,
7340,7340,7340,212165314,08 44 23.089,+23 22 37.42,1,18.29,,,,08442308+2322374,,STAR,J,col,,,,,,,,,,,,,,,,,,,,,16.733,0.181,15.863,0.185,15.395,0.183,3891,442,368,4.93,0.135,0.189,-0.254,0.25,0.35,0.328,0.171,0.129,0.362,0.206,0.171,8.976,10.44,5.419,818.9,604.2,397,0.032,0.01,0.007,,,
7341,7341,7341,212165403,08 47 16.353,+23 22 45.31,1,12.407,,1943-2271-1,567-043687,08471636+2322454,,STAR,gri,rpm,2.2,1.9,-5.6,2.2,,,13.015,0.357,12.423,0.25,,,12.441,0.01,12.136,0.03,12.393,0.61,,,11.328,0.026,11.099,0.029,11.047,0.019,6419,153,128,4.091,0.145,0.174,-0.115,0.12,0.21,1.6,0.452,0.244,1.273,0.126,0.126,0.292,0.176,0.141,599.4,165,74.45,0.033,0.01,0.008,,,
7342,7342,7342,212165416,08 54 20.164,+23 22 46.86,1,17.583,,,,08542016+2322468,,STAR,JHK,rpm,2,5,6,2,,,,,,,,,,,,,,,,,15.048,0.06,14.361,0.066,14.069,0.061,4098,388,323,4.793,0.132,0.11,-0.091,0.15,0.24,0.47,0.119,0.127,0.539,0.122,0.171,4.706,3.702,1.804,569.4,225.7,188,0.033,0.011,0.008,,,
7343,7343,7343,212165426,08 44 29.648,+23 22 47.51,1,12.629,,,567-043574,08442964+2322474,,STAR,gri,rpm,-14.5,2.3,-1,2.8,,,13.094,0.01,12.589,0.03,,,12.77,0.01,12.443,0.02,12.568,0.5,,,11.524,0.022,11.263,0.022,11.201,0.019,6291,126,101,4.166,0.13,0.156,-0.213,0.2,0.32,1.405,0.361,0.221,1.176,0.118,0.189,0.359,0.203,0.149,574.2,133.8,94.39,0.031,0.011,0.006,,,
7344,7344,7344,212165513,08 43 54.679,+23 22 53.90,1,18.189,,,,08435467+2322538,,STAR,JHK,col,,,,,,,,,,,,,,,,,,,,,15.938,0.125,15.507,0.197,15.08,0.175,4017,1250,480,4.827,0.216,0.252,-0.298,0.3,0.48,0.399,0.291,0.168,0.469,0.281,0.234,5.522,8.836,3.768,745.4,1020,382,0.032,0.008,0.007,,,
7345,7345,7345,212165534,08 50 45.260,+23 22 56.05,1,16.066,,,567-043814,08504526+2322564,4576-301-4-0137-0115,STAR,JHK,rpm,22.1,18.9,-26.1,18.8,,,,,,,,,,,,,,,,,13.767,0.025,13.168,0.026,12.894,0.026,3588,142,142,5.01,0.078,0.065,-0.016,0.15,0.18,0.258,0.064,0.061,0.251,0.096,0.08,13.68,7.608,4.217,144.1,48.51,42.37,0.018,0.006,0.005,,,
7346,7346,7346,212165584,08 50 23.357,+23 22 59.07,1,12.832,,,567-043804,08502336+2322591,,STAR,gri,rpm,-16.7,1.6,-4,2,,,13.804,0.03,13.062,0.05,,,13.396,0.05,12.81,0.05,12.59,0.05,,,11.635,0.023,11.22,0.022,11.157,0.018,5355,129,161,3.769,0.77,0.42,-0.345,0.35,0.56,2.024,0.843,1.224,0.933,0.106,0.066,0.113,1.284,0.081,739.3,262.6,442.3,0.033,0.011,0.006,,,
7347,7347,7347,212165600,08 52 37.679,+23 23 00.56,1,11.835,,,567-043877,08523768+2323005,,STAR,gri,rpm,-7.2,2.5,-1.7,1.5,,,13.2,0.04,12.133,0.05,,,12.662,0.05,11.798,0.05,11.48,0.04,,,10.264,0.022,9.764,0.021,9.615,0.018,4804,78,78,2.657,0.54,0.3,-0.24,0.2,0.2,7.975,3.415,3.572,1.194,0.201,0.168,0.002,0.01,0.001,1325,389.7,573.6,0.035,0.01,0.007,,,
7348,7348,7348,212165624,09 03 20.633,+23 23 02.26,1,14.092,,,567-044229,09032063+2323021,,STAR,gri,rpm,-13.4,4.5,-10.2,4.8,,,15.729,0.02,14.627,0.02,,,15.188,0.01,14.019,0.01,13.623,0.03,,,12.305,0.022,11.683,0.021,11.536,0.018,4281,67,67,4.735,0.198,0.03,-0.06,0.15,0.66,0.555,0.041,0.199,0.634,0.04,0.216,3.572,5.096,0.504,203.9,15.19,84.93,0.022,0.008,0.002,,,
7349,7349,7349,212165702,08 42 03.022,+23 23 08.63,1,17.511,,,,08420302+2323086,4517-301-2-0128-0224,EXTENDED,gri,,-1,3,4,3,,,,,,,19.166,0.054,18.041,0.01,17.583,0.009,17.284,0.01,17.098,0.023,16.838,0.159,,,,,,,,,,,,,,,,,,,,,,,,,,,,,,,
7350,7350,7350,212165745,08 54 06.234,+23 23 12.28,1,16.304,,,,08540623+2323122,4569-301-3-0149-0185,EXTENDED,gri,,-8,3,10,3,,,,,,,18.857,0.029,17.103,0.005,16.336,0.004,15.962,0.004,15.674,0.008,14.881,0.066,14.256,0.064,13.917,0.069,,,,,,,,,,,,,,,,,,,,,,,,,,,
7351,7351,7351,212165836,08 48 14.682,+23 23 19.94,1,12.32,,,567-043729,08481468+2323199,,STAR,gri,rpm,-7.4,1.8,2.9,0.7,,,12.651,0.04,12.322,0.05,,,12.415,0.05,12.288,0.04,12.512,0.45,,,11.773,0.022,11.673,0.028,11.672,0.021,7138,219,175,4.112,0.114,0.095,-0.084,0.12,0.1,1.809,0.245,0.282,1.54,0.116,0.139,0.257,0.128,0.075,918.2,160.6,154.5,0.032,0.007,0.004,,,
7352,7352,7352,212165837,08 47 37.260,+23 23 20.14,1,15.266,,,567-043707,08473725+2323202,,STAR,gri,rpm,-6.4,4.3,-1.4,4.9,,,16.495,0.05,15.558,0.09,,,15.986,0.05,15.234,0.08,14.958,0.1,,,13.869,0.027,13.333,0.036,13.306,0.036,4953,147,147,4.594,0.04,1.312,-0.263,0.24,0.4,0.734,2.784,0.066,0.8,0.112,0.08,1.92,0.442,1.899,670.6,2661,85.19,0.034,0.008,0.007,,,
7353,7353,7353,212165841,08 56 56.621,+23 23 20.40,1,10.568,,1950-417-1,567-044033,08565660+2323205,,STAR,gri,rpm,32.8,1.6,-79.8,1.6,,,12.041,0.244,10.852,0.093,,,11.544,0.02,10.531,0.01,10.15,0.02,,,8.937,0.021,8.393,0.021,8.252,0.026,4506,45,54,4.684,0.024,0.02,-0.087,0.16,0.08,0.62,0.029,0.017,0.685,0.043,0.022,2.832,0.245,0.189,52.42,3.439,5.268,0.008,0.002,0.002,,,
7354,7354,7354,212165843,09 05 04.797,+23 23 20.49,1,14.554,,,567-044282,09050479+2323205,,STAR,gri,rpm,-0.6,4.5,-8.2,4.8,,,15.674,0.01,14.943,0.045,,,15.217,0.01,14.589,0.01,14.27,0.03,,,13.185,0.023,12.729,0.026,12.633,0.02,5052,100,80,2.184,1.134,0.486,-1.682,0.9,0.9,10.686,9.61,7.44,0.806,0.095,0.016,6.03E-04,0.022,5.17E-04,6960,5514,4793,0.032,0.012,0.012,,,
7355,7355,7355,212165920,08 45 02.598,+23 23 27.48,1,16.633,,,,08450259+2323274,,STAR,J,col,,,,,,,,,,,,,,,,,,,,,15.197,0.07,14.51,0.08,14.072,0.089,3787,433,309,4.941,0.13,0.182,-0.118,0.2,0.28,0.325,0.161,0.125,0.354,0.198,0.165,9.412,10.25,5.525,370.6,260.2,152.9,0.029,0.011,0.008,,,
7356,7356,7356,212165929,08 42 45.137,+23 23 27.91,1,12.35,,,567-043502,08424514+2323280,,STAR,gri,rpm,4.1,0.8,-9.5,1.2,,,12.872,0.01,12.402,0.01,,,12.555,0.01,12.281,0.01,12.485,0.58,,,11.406,0.022,11.201,0.021,11.151,0.02,6523,131,78,4.13,0.135,0.162,-0.092,0.12,0.21,1.538,0.451,0.205,1.298,0.156,0.13,0.29,0.18,0.128,615.5,178.2,90.42,0.031,0.012,0.006,,,
7357,7357,7357,212165981,08 45 44.250,+23 23 32.22,1,17.488,,,,08454424+2323322,,STAR,JHK,col,,,,,,,,,,,,,,,,,,,,,15.642,0.069,15.07,0.087,14.906,0.111,4070,630,450,4.84,0.165,0.198,-0.227,0.25,0.35,0.431,0.209,0.163,0.453,0.201,0.201,5.048,8.791,2.87,660.6,544.2,298.4,0.032,0.008,0.007,,,
7358,7358,7358,212165987,08 40 02.473,+23 23 32.65,1,18.509,,,,08400247+2323326,,STAR,JHK,col,,,,,,,,,,,,,,,,,,,,,15.913,0.092,15.112,0.105,14.823,0.129,4010,360,360,4.846,0.156,0.13,-0.208,0.2,0.32,0.41,0.128,0.144,0.465,0.136,0.19,5.849,7.036,2.522,694.2,335,294.2,0.032,0.01,0.007,,,
7359,7359,7359,212165993,08 40 48.058,+23 23 33.11,1,12.88,,1942-2579-1,567-043433,08404805+2323334,,STAR,gri,rpm,6.1,2.6,-32.5,2.8,,,13.827,0.661,11.78,0.199,,,13.032,0.01,12.655,0.02,12.816,0.59,,,11.613,0.021,11.297,0.019,11.243,0.018,6060,71,95,4.292,0.12,0.264,-0.588,0.3,0.3,1.138,0.384,0.189,0.887,0.111,0.043,0.578,0.36,0.336,442.2,163.7,71,0.033,0.01,0.008,,,
7360,7360,7360,212166045,09 03 06.993,+23 23 36.75,1,12.642,,,567-044221,09030700+2323365,,STAR,gri,rpm,7.9,2.1,7.9,2.6,,,13.458,0.05,12.894,0.01,,,13.061,0.03,12.625,0.01,12.462,0.01,,,11.559,0.025,11.306,0.021,11.216,0.022,5989,96,96,4.191,0.185,0.259,-0.043,0.15,0.27,1.356,0.476,0.301,1.107,0.13,0.108,0.383,0.381,0.216,536.1,176.5,132.8,0.035,0.009,0.009,,,
7361,7361,7361,212166055,08 47 22.638,+23 23 37.86,1,18.747,,,,08472263+2323378,,STAR,JHK,col,,,,,,,,,,,,,,,,,,,,,16.204,0.171,15.663,0.216,15.213,0.187,3981,909,496,4.881,0.16,0.256,-0.254,0.25,0.45,0.351,0.231,0.139,0.415,0.243,0.203,7.271,10.17,4.727,751.1,899.7,361.4,0.032,0.008,0.007,,,
7362,7362,7362,212166089,08 40 12.305,+23 23 42.09,1,11.959,,1942-2821-1,567-043407,08401232+2323420,,STAR,gri,plx,-14,1.7,3.4,1.8,,,12.26,0.19,11.955,0.193,,,12.054,0.01,11.733,0.03,11.918,0.59,,,10.783,0.023,10.516,0.02,10.474,0.019,6287,148,124,4.077,0.136,0.085,-0.136,0.16,0.28,1.588,0.25,0.216,1.234,0.114,0.206,0.263,0.135,0.077,505.3,97.53,97.53,0.03,0.011,0.007,,,
7363,7363,7363,212166091,08 43 22.100,+23 23 42.18,1,14.816,,,567-043530,08432210+2323422,4508-301-2-0122-0040,STAR,gri,rpm,-15.5,4.6,9.9,5.1,,,15.741,0.04,14.925,0.02,,,15.287,0.03,14.667,0.02,14.615,0.54,,,13.231,0.026,12.785,0.024,12.651,0.028,5288,125,104,4.561,0.04,0.84,-0.382,0.25,0.4,0.785,1.413,0.074,0.83,0.075,0.09,1.628,0.403,1.549,582.3,1032,68.08,0.032,0.01,0.008,,,
7364,7364,7364,212166101,08 44 52.020,+23 23 43.51,1,12.215,,,567-043589,08445202+2323435,,STAR,gri,rpm,16.6,1.2,-13.8,1.1,,,12.716,0.02,12.161,0.03,,,12.375,0.01,12.013,0.02,12.147,0.54,,,11.099,0.022,10.847,0.019,10.796,0.017,6224,123,123,4.233,0.13,0.208,-0.19,0.2,0.2,1.324,0.369,0.245,1.112,0.144,0.103,0.438,0.281,0.219,435,116.7,78.14,0.031,0.013,0.007,,,
7365,7365,7365,212166102,08 53 04.953,+23 23 43.56,1,17.437,,,,08530495+2323435,4569-301-3-0148-0145,EXTENDED,gri,,6,2,2,5,,,,,,,19.398,0.046,18.129,0.008,17.514,0.007,17.14,0.007,16.907,0.019,16.109,0.095,15.537,0.12,15.22,0.132,,,,,,,,,,,,,,,,,,,,,,,,,,,
7366,7366,7366,212166175,09 00 50.359,+23 23 49.80,1,17.769,,,,09005035+2323498,5038-301-6-0066-0163,STAR,gri,rpm,-34,3,-45,3,,,,,,,20.631,0.055,18.636,0.008,17.774,0.006,17.397,0.006,17.201,0.012,16.003,0.074,15.696,0.104,15.482,0.147,4575,109,45,4.884,0.03,0.09,-1.481,0.42,0.35,0.407,0.073,0.02,0.47,0.064,0.019,6.902,0.753,2.246,886.2,171.9,41.83,0.032,0.011,0.001,,,
7367,7367,7367,212166235,08 40 38.188,+23 23 55.64,1,19.003,,,,,4508-301-3-0118-0405,STAR,gri,,2,3,0,3,,,,,,,19.162,0.023,19.037,0.009,18.992,0.011,18.779,0.011,18.73,0.029,,,,,,,,,,,,,,,,,,,,,,,,,,,,,,,,,
7368,7368,7368,212166246,09 00 16.851,+23 23 56.52,1,18.104,,,,09001685+2323565,,STAR,JHK,col,,,,,,,,,,,,,,,,,,,,,15.693,0.051,15.278,0.066,14.781,0.08,3511,213,256,5.065,0.08,0.096,-0.05,0.15,0.24,0.222,0.069,0.062,0.201,0.112,0.062,17.58,10.61,6.616,271.3,153.2,84.48,0.028,0.008,0.007,,,
7369,7369,7369,212166256,08 40 35.564,+23 23 57.16,1,14.323,,,567-043423,08403556+2323571,,STAR,gri,rpm,39.8,4.7,1.8,5.1,,,15.309,0.03,14.439,0.06,,,14.864,0.01,14.095,0.02,14.091,0.57,,,12.632,0.021,12.109,0.023,12.015,0.019,4926,78,58,4.624,0.028,0.02,-0.333,0.15,0.21,0.678,0.042,0.046,0.717,0.047,0.047,2.254,0.31,0.198,343,25.38,28.16,0.027,0.01,0.005,,,
7370,7370,7370,212166332,08 43 38.925,+23 24 03.16,1,14.429,,,568-044991,08433892+2324032,4508-301-2-0122-0080,STAR,gri,rpm,-12.1,4.7,0.5,5.1,,,15.319,0.04,14.517,0.03,,,14.868,0.02,14.249,0.02,14.242,0.49,,,13.064,0.023,12.575,0.021,12.539,0.024,5203,103,83,3.443,1.023,0.465,-0.766,0.42,0.36,2.69,1.816,1.987,0.885,0.053,0.085,0.032,1.417,0.025,1841,1180,1333,0.033,0.008,0.007,,,
7371,7371,7371,212166341,08 40 25.487,+23 24 04.02,1,14.228,,,568-044868,08402549+2324040,,STAR,gri,rpm,9.5,4.8,-11.3,5.2,,,15.129,0.02,14.29,0.04,,,14.664,0.01,14,0.04,14.042,0.57,,,12.6,0.023,12.127,0.024,12.024,0.019,5144,120,100,3.781,0.837,0.558,-0.496,0.4,0.4,2.088,1.471,1.369,0.889,0.063,0.101,0.096,1.864,0.08,1133,809,780.6,0.032,0.008,0.007,,,
7372,7372,7372,212166349,09 03 52.794,+23 24 04.76,1,11.148,,1950-2322-1,568-045694,09035279+2324046,,STAR,gri,rpm,-10.9,1.7,-5.7,1.7,,,11.51,0.112,11.008,0.11,,,11.495,0.02,11.148,0.01,10.999,0.06,,,10.198,0.023,9.977,0.021,9.88,0.017,6285,127,102,4.058,0.22,0.264,-0.037,0.12,0.18,1.716,0.721,0.435,1.299,0.228,0.142,0.211,0.272,0.119,374.5,150.1,107.2,0.031,0.008,0.007,,,
7373,7373,7373,212166407,08 57 53.064,+23 24 10.16,1,11.395,,1950-141-1,568-045479,08575305+2324102,,STAR,gri,plx,-2.1,1.6,-31.7,1.8,,,12.243,0.252,11.663,0.197,,,11.835,0.01,11.377,0.02,11.206,0.01,,,10.351,0.021,10.012,0.018,9.977,0.019,5844,94,94,4.385,0.07,0.35,-0.148,0.16,0.24,1.039,0.515,0.104,0.992,0.075,0.09,0.849,0.258,0.598,254.8,49.76,49.76,0.026,0.01,0.007,,,
7374,7374,7374,212166497,08 55 45.748,+23 24 18.33,1,14.035,,,568-045403,08554575+2324184,,STAR,gri,rpm,-21.7,3.3,-12.8,3.6,,,15.146,0.01,14.3,0.02,,,14.736,0.01,13.996,0.01,13.735,0.01,,,12.572,0.021,12.102,0.021,11.98,0.021,5033,60,101,4.61,0.02,0.04,-0.204,0.16,0.24,0.721,0.067,0.031,0.777,0.065,0.065,2.059,0.147,0.362,361,40.33,18.62,0.03,0.005,0.006,,,
7375,7375,7375,212166524,08 56 20.830,+23 24 20.59,1,14.46,,,568-045422,08562082+2324205,4576-301-3-0145-0022,STAR,gri,rpm,13,3.2,-11.7,3.4,,,15.858,0.02,14.872,0.09,,,15.34,0.03,14.434,0.04,14.083,0.02,,,12.834,0.023,12.293,0.028,12.166,0.023,4724,76,76,4.635,0.03,0.048,-0.086,0.18,0.21,0.693,0.065,0.06,0.758,0.054,0.087,2.249,0.442,0.37,359.2,42.9,38.33,0.031,0.008,0.007,,,
7376,7376,7376,212166541,09 03 54.415,+23 24 22.15,1,13.421,,,568-045697,09035441+2324221,,STAR,gri,rpm,0.6,11.6,3.1,10.6,,,14.984,0.052,13.888,0.035,,,14.376,0.036,13.449,0.03,13.012,0.03,,,11.639,0.023,10.973,0.021,10.859,0.017,4477,53,44,1.355,0.7,0.5,-1.198,0.78,0.65,29.658,21.882,15.977,0.826,0.126,0.025,2.50E-05,2.46E-04,2.04E-05,7908,5066,3954,0.031,0.008,0.005,,,
7377,7377,7377,212166587,08 52 16.056,+23 24 26.12,1,16.312,,,,08521605+2324261,4576-301-4-0139-0247,EXTENDED,gri,,2,11,10,3,,,,,,,18.893,0.042,17.188,0.005,16.37,0.004,15.937,0.004,15.602,0.011,15.151,0.056,14.427,0.072,13.947,0.07,,,,,,,,,,,,,,,,,,,,,,,,,,,
7378,7378,7378,212166661,08 42 12.878,+23 24 32.70,1,11.88,,1942-2472-1,568-044926,08421288+2324326,,STAR,gri,plx,-14.2,1.5,-19.5,1.7,,,12.302,0.204,11.932,0.203,,,11.967,0.01,11.654,0.02,11.843,0.6,,,10.771,0.023,10.514,0.021,10.45,0.018,6313,100,125,4.255,0.075,0.105,-0.271,0.25,0.35,1.263,0.202,0.127,1.112,0.118,0.189,0.529,0.168,0.17,317.8,55.08,55.08,0.028,0.01,0.008,,,
7379,7379,7379,212166673,08 44 14.039,+23 24 33.56,1,14.052,,,568-045010,08441403+2324335,,STAR,gri,rpm,5.8,3.3,-37.7,3.6,,,15.025,0.03,14.172,0.03,,,14.554,0.01,13.861,0.02,13.837,0.53,,,12.49,0.022,12.024,0.022,11.912,0.023,5172,62,82,4.582,0.03,0.03,-0.235,0.2,0.2,0.748,0.05,0.056,0.787,0.063,0.063,1.818,0.298,0.216,378.4,25.2,34.88,0.031,0.005,0.005,,,
7380,7380,7380,212166697,08 57 37.098,+23 24 35.15,1,12.632,,,568-045469,08573708+2324351,,STAR,gri,rpm,-13.3,2.5,0.4,2.2,,,13.235,0.02,12.766,0.07,,,12.95,0.01,12.615,0.02,12.496,0.01,,,11.712,0.02,11.462,0.021,11.41,0.019,6256,75,100,4.194,0.12,0.18,-0.352,0.3,0.3,1.302,0.34,0.158,1.062,0.165,0.138,0.418,0.214,0.208,567.5,151.2,69.8,0.033,0.01,0.008,,,
7381,7381,7381,212166719,08 39 39.014,+23 24 37.21,1,14.574,,,568-044839,08393902+2324372,,STAR,gri,rpm,-0.6,4.6,-15.1,5.1,,,15.51,0.03,14.638,0.01,,,15.05,0.01,14.272,0.06,14.369,0.64,,,12.891,0.026,12.363,0.021,12.276,0.024,4926,117,78,4.603,0.03,1.128,-0.186,0.2,0.24,0.722,2.185,0.045,0.797,0.146,0.066,1.99,0.295,1.955,413.1,1278,31.11,0.031,0.008,0.005,,,
7382,7382,7382,212166748,08 42 53.131,+23 24 39.12,1,17.284,,,,08425313+2324391,4508-301-2-0121-0206,EXTENDED,gri,,-8,3,3,3,,,,,,,20.634,0.132,18.334,0.01,17.293,0.007,16.834,0.006,16.428,0.012,15.839,0.089,15.29,0.131,14.86,0.137,,,,,,,,,,,,,,,,,,,,,,,,,,,
7383,7383,7383,212166770,08 57 28.164,+23 24 40.67,1,14.604,,,568-045465,08572816+2324407,4569-301-2-0154-0021,STAR,gri,rpm,-0.3,4.5,-6,4.8,,,15.755,0.05,14.947,0.11,,,15.294,0.02,14.588,0.03,14.309,0.01,,,13.198,0.023,12.744,0.026,12.64,0.024,5046,80,80,3.519,0.992,0.62,-0.467,0.3,0.36,2.597,2.385,1.891,0.896,0.18,0.129,0.034,1.378,0.031,1894,1633,1412,0.034,0.011,0.007,,,
7384,7384,7384,212166820,08 39 59.905,+23 24 45.06,1,18.253,,,,08395990+2324450,,STAR,J,,,,,,,,,,,,,,,,,,,,,,16.693,0.177,,,,,,,,,,,,,,,,,,,,,,,,,,,,,,,
7385,7385,7385,212166858,09 04 50.077,+23 24 48.27,1,14.025,,,568-045728,09045008+2324483,,STAR,gri,lam,-7,4.6,-17.7,5,,,15.228,0.06,14.385,0.01,,,14.748,0.01,13.998,0.046,13.715,0.01,,,12.627,0.023,12.171,0.022,12.046,0.024,4965,149,149,4.604,0.025,0.03,-0.09,0.12,0.12,0.738,0.038,0.036,0.802,0.041,0.049,1.962,0.229,0.205,375.3,36.97,28.26,0.03,0.007,0.007,,,
7386,7386,7386,212166859,08 44 28.600,+23 24 48.58,1,17.65,,,,08442859+2324485,4508-301-2-0123-0216,EXTENDED,gri,,1,3,2,3,,,,,,,20.712,0.109,18.682,0.011,17.665,0.007,17.207,0.007,16.81,0.013,16.164,0.112,15.328,0.108,15.032,0.143,,,,,,,,,,,,,,,,,,,,,,,,,,,
7387,7387,7387,212166866,08 55 45.978,+23 24 49.01,1,17.362,,,,08554597+2324490,4576-301-3-0144-0278,EXTENDED,gri,,-7,3,-2,3,,,,,,,19.21,0.044,18.04,0.008,17.43,0.008,17.072,0.008,16.853,0.022,16.453,0.104,15.827,0.145,15.279,0.139,,,,,,,,,,,,,,,,,,,,,,,,,,,
7388,7388,7388,212166871,08 55 41.160,+23 24 49.56,1,18.134,,,,08554116+2324495,4576-301-3-0144-0260,EXTENDED,gri,,-4,3,15,3,,,,,,,21.125,0.161,19.449,0.018,18.063,0.01,17.571,0.009,17.265,0.025,15.969,0.085,15.355,0.125,14.819,0.106,,,,,,,,,,,,,,,,,,,,,,,,,,,
7389,7389,7389,212166878,09 03 39.945,+23 24 50.46,1,17.536,,,,09033994+2324504,,STAR,J,col,,,,,,,,,,,,,,,,,,,,,16.038,0.088,15.304,0.106,14.953,0.106,3878,422,352,4.901,0.145,0.145,-0.213,0.25,0.3,0.356,0.148,0.137,0.395,0.171,0.205,7.204,9.3,3.594,652.4,398.4,284.2,0.032,0.008,0.007,,,
7390,7390,7390,212166881,08 38 29.540,+23 24 50.53,1,12.658,,,568-044786,08382954+2324505,,STAR,gri,rpm,-1.5,1.7,-6.6,1.9,,,13.429,0.01,12.663,0.04,,,12.993,0.01,12.435,0.05,12.514,0.58,,,11.291,0.025,10.851,0.02,10.808,0.02,5303,106,106,2.481,1.212,0.06,-0.958,0.5,0.25,8.891,0.662,6.422,0.896,0.105,0.021,0.001,0.075,2.23E-04,2372,240.9,1629,0.033,0.008,0.008,,,
7391,7391,7391,212166907,09 04 03.944,+23 24 54.16,1,14.254,,,568-045702,09040394+2324540,,STAR,gri,rpm,-25,4.5,-7,4.9,,,16.055,0.05,14.904,0.03,,,15.488,0.03,14.315,0.01,13.726,0.06,,,12.309,0.02,11.721,0.021,11.582,0.022,4063,166,119,4.802,0.048,0.064,-0.03,0.12,0.21,0.479,0.069,0.052,0.539,0.087,0.062,4.803,1.106,1.283,160.6,36.99,21.69,0.019,0.008,0.007,,,
7392,7392,7392,212166911,08 53 09.700,+23 24 54.40,1,18.993,,,,,4569-301-3-0148-0163,STAR,gri,,-6,4,1,4,,,,,,,19.738,0.034,19.074,0.01,18.966,0.011,18.96,0.014,18.897,0.046,,,,,,,,,,,,,,,,,,,,,,,,,,,,,,,,,
7393,7393,7393,212166951,08 38 52.690,+23 24 57.06,1,13.415,,,568-044802,08385269+2324571,,STAR,gri,rpm,5.2,3.8,-4,3.1,,,14.476,0.01,13.496,0.03,,,13.945,0.01,13.142,0.04,13.187,0.61,,,11.723,0.023,11.199,0.023,11.099,0.018,4870,77,77,3.047,0.462,0.693,-0.303,0.24,0.36,4.534,4.83,1.504,1.055,0.173,0.144,0.008,0.029,0.007,1493,1362,497.5,0.033,0.011,0.007,,,
7394,7394,7394,212167023,08 58 24.409,+23 25 03.13,1,17.38,,,,08582440+2325031,,STAR,J,rpm,6,1,12,8,,,,,,,,,,,,,,,,,15.892,0.091,15.351,0.095,14.871,0.106,3780,519,259,4.956,0.095,0.171,-0.157,0.2,0.28,0.327,0.16,0.107,0.344,0.208,0.13,9.216,8.426,5.339,504.3,420.2,177.2,0.032,0.011,0.008,,,
7395,7395,7395,212167042,08 51 38.192,+23 25 04.62,1,17.557,,,,,4576-301-4-0138-0160,EXTENDED,gri,,2,3,16,3,,,,,,,18.949,0.052,18.025,0.009,17.651,0.01,17.357,0.012,17.319,0.047,,,,,,,,,,,,,,,,,,,,,,,,,,,,,,,,,
7396,7396,7396,212167102,08 51 45.060,+23 25 10.36,1,16.492,,,,08514506+2325103,4576-301-4-0138-0056,STAR,gri,rpm,6,3,-57,3,,,,,,,18.445,0.017,17.108,0.004,16.483,0.004,16.228,0.005,16.103,0.008,15.14,0.042,14.582,0.048,14.643,0.085,4711,56,47,4.729,0.095,0.025,-0.84,0.12,0.54,0.547,0.023,0.08,0.594,0.014,0.068,3.522,1.664,0.325,844.7,25.34,170,0.03,0.013,0.001,,,
7397,7397,7397,212167103,08 47 36.005,+23 25 10.36,1,19.931,,,,,4508-301-1-0127-0361,STAR,gri,,-1,5,-7,5,,,,,,,20.578,0.054,19.987,0.016,19.912,0.019,19.967,0.025,19.844,0.066,,,,,,,,,,,,,,,,,,,,,,,,,,,,,,,,,
7398,7398,7398,212167180,08 56 53.094,+23 25 17.82,1,12.856,,,568-045443,08565309+2325177,,STAR,gri,lam,0.4,5.2,8.5,5.2,,,14.073,0.03,13.174,0.09,,,13.582,0.02,12.858,0.03,12.544,0.03,,,11.381,0.02,10.922,0.017,10.818,0.02,4969,99,79,3.373,0.138,0.115,-0.312,0.12,0.15,3.461,0.568,0.488,1.096,0.133,0.095,0.025,0.015,0.009,1010,144.2,149.5,0.035,0.01,0.008,,,
7399,7399,7399,212167201,08 55 39.259,+23 25 19.45,1,19.188,,,,08553925+2325194,4576-301-3-0144-0373,STAR,gri,rpm,-20,5,-60,5,,,,,,,23.575,0.614,20.594,0.025,19.134,0.013,18.586,0.012,18.194,0.026,16.989,0.189,16.025,0.175,15.738,0.208,3825,38,45,5.159,0.035,0.035,-1.044,0.2,0.2,0.18,0.015,0.017,0.172,0.017,0.02,28.39,4.965,4.226,477.5,63.22,76.29,0.03,0.011,0.009,,,
7400,7400,7400,212167206,08 58 46.307,+23 25 20.22,1,12.657,,,568-045506,08584630+2325202,,STAR,gri,lam,-29.8,1.6,-23,2.2,,,13.683,0.03,12.914,0.09,,,13.268,0.01,12.636,0.02,12.395,0.02,,,11.431,0.023,11.004,0.021,10.953,0.02,5505,132,132,4.492,0.03,0.042,0.112,0.08,0.12,0.927,0.044,0.058,0.976,0.041,0.041,1.23,0.166,0.173,311.9,17.72,27.45,0.03,0.006,0.01,,,
7401,7401,7401,212167302,09 02 49.913,+23 25 27.24,1,18.444,,,,09024991+2325272,,STAR,J,,,,,,,,,,,,,,,,,,,,,,16.876,0.182,,,,,,,,,,,,,,,,,,,,,,,,,,,,,,,
7402,7402,7402,212167403,08 39 50.269,+23 25 36.22,1,18.785,,,,08395026+2325362,4508-301-3-0117-0242,STAR,gri,rpm,1,3,-7,3,,,,,,,20.275,0.044,19.184,0.01,18.767,0.01,18.614,0.01,18.584,0.026,16.547,0.119,16.172,0.207,15.597,0.217,5884,112,112,4.477,0.08,0.144,-0.869,0.3,0.36,0.842,0.216,0.1,0.78,0.066,0.047,1.275,0.465,0.546,3117,872.7,445.6,0.034,0.01,0.007,,,
7403,7403,7403,212167472,08 46 52.736,+23 25 41.80,1,14.304,,,568-045112,08465273+2325416,,STAR,gri,rpm,-30.6,4.7,-34.8,5.1,,,15.386,0.03,14.431,0.04,,,14.922,0.02,14.041,0.03,14.038,0.62,,,12.52,0.024,11.904,0.028,11.841,0.022,4693,74,92,4.669,0.048,0.04,-0.327,0.3,0.36,0.631,0.061,0.076,0.68,0.075,0.09,2.658,0.704,0.472,278.2,33.23,40.65,0.027,0.008,0.007,,,
7404,7404,7404,212167485,09 00 15.227,+23 25 42.80,1,15.157,,,568-045564,09001522+2325429,5038-301-6-0065-0100,STAR,gri,rpm,-7.6,4.3,0.4,4.6,,,16.169,0.07,15.4,0.05,,,15.792,0.02,15.163,0.03,14.885,0.07,,,13.863,0.024,13.433,0.027,13.336,0.034,5288,104,125,4.553,0.045,0.963,-0.352,0.3,0.48,0.8,1.725,0.084,0.851,0.072,0.101,1.584,0.365,1.531,787.9,1585,96.91,0.035,0.008,0.008,,,
7405,7405,7405,212167491,08 48 22.485,+23 25 43.07,1,16.729,,,,08482248+2325430,,STAR,JHK,col,,,,,,,,,,,,,,,,,,,,,14.478,0.032,14.005,0.05,13.62,0.04,3450,158,190,5.065,0.084,0.07,-0.018,0.15,0.18,0.206,0.066,0.042,0.199,0.082,0.062,20.14,9.996,6.681,153.7,53.64,46.38,0.019,0.008,0.006,,,
7406,7406,7406,212167510,08 55 02.100,+23 25 44.61,1,18.21,,,,08550210+2325446,,STAR,JHK,rpm,4,5,12,2,,,,,,,,,,,,,,,,,16.316,0.105,15.818,0.145,15.565,0.174,3964,870,334,4.884,0.125,0.225,-0.269,0.24,0.48,0.362,0.212,0.116,0.419,0.232,0.166,7.236,7.036,4.44,735.8,745.2,289.4,0.033,0.008,0.007,,,
7407,7407,7407,212167608,08 47 13.983,+23 25 51.81,1,14.814,,,568-045127,08471398+2325519,,STAR,gri,col,,,,,,,15.475,0.02,14.92,0.03,,,15.159,0.02,14.79,0.05,14.666,0.02,,,13.712,0.031,13.318,0.035,13.294,0.036,5952,137,171,4.371,0.11,0.352,-0.548,0.28,0.42,1.008,0.496,0.168,0.879,0.108,0.09,0.799,0.515,0.569,1064,513.3,209,0.033,0.008,0.007,,,
7408,7408,7408,212167628,09 04 24.872,+23 25 53.04,1,13.892,,,568-045713,09042486+2325529,,STAR,gri,rpm,2.2,3.9,2.6,4.2,,,15.178,0.02,14.286,0.01,,,14.624,0.01,13.903,0.01,13.578,0.03,,,12.385,0.022,11.884,0.021,11.797,0.02,4912,59,98,1.654,1.495,0.26,-1.545,0.96,0.72,20.386,6.937,16.315,0.812,0.159,0.016,9.09E-05,0.012,6.12E-05,5686,5596,3972,0.04,0.003,0.008,,,
7409,7409,7409,212167647,08 55 11.611,+23 25 54.37,1,13.955,,,568-045384,08551161+2325543,4576-301-3-0143-0072,STAR,JHK,col,,,,,,,,,,,,,,,,,,,,,11.912,0.022,11.307,0.021,11.116,0.018,3799,150,120,4.912,0.072,0.04,-0.074,0.15,0.24,0.361,0.045,0.069,0.393,0.063,0.088,8.053,3.641,1.507,91.47,18.91,20.27,0.014,0.005,0.004,,,
7410,7410,7410,212167711,08 56 01.661,+23 25 59.58,1,12.564,,,568-045413,08560165+2325595,,STAR,gri,rpm,-7,1.8,-0.1,2.1,,,14.018,0.03,12.886,0.01,,,13.468,0.01,12.525,0.01,12.177,0.02,,,10.896,0.022,10.305,0.021,10.177,0.018,4584,54,72,2.386,0.384,1.344,-0.243,0.25,1.35,10.945,30.629,3.93,0.997,0.286,0.204,7.57E-04,0.002,7.49E-04,2101,5604,667.3,0.033,0.011,0.007,,,
7411,7411,7411,212167732,08 39 46.434,+23 26 02.30,1,16.453,,,568-044841,08394643+2326023,4508-301-3-0117-0056,STAR,BV,rpm,-4.4,4.3,-3.4,5,,,17.091,0.09,16.542,0.081,,,16.751,0.03,,,,,,,14.765,0.03,14.219,0.041,14.158,0.061,4796,231,270,4.634,0.063,0.045,-0.232,0.24,0.32,0.68,0.071,0.088,0.72,0.075,0.09,2.324,0.782,0.435,872,145.5,147.4,0.032,0.01,0.007,,,
7412,7412,7412,212167764,08 46 26.614,+23 26 04.92,1,19.802,,,,,4569-301-5-0139-0148,STAR,gri,,6,4,-2,4,,,,,,,19.947,0.038,19.612,0.014,19.866,0.02,20.205,0.037,20.252,0.117,,,,,,,,,,,,,,,,,,,,,,,,,,,,,,,,,
7413,7413,7413,212167770,09 03 24.823,+23 26 05.45,1,19.12,,,,,5045-301-5-0170-0407,EXTENDED,gri,,14,4,-7,4,,,,,,,20.583,0.146,19.506,0.029,19.174,0.031,18.954,0.044,18.723,0.124,,,,,,,,,,,,,,,,,,,,,,,,,,,,,,,,,
7414,7414,7414,212167772,08 53 32.435,+23 26 05.74,1,12.906,,,568-045337,08533243+2326059,,STAR,gri,rpm,-0.4,1.5,-2.9,1.8,,,13.82,0.04,13.096,0.06,,,13.434,0.05,12.898,0.05,12.679,0.02,,,11.734,0.023,11.394,0.022,11.31,0.018,5631,173,208,4.445,0.072,0.648,-0.098,0.12,0.27,0.967,1.333,0.119,0.99,0.184,0.115,0.996,0.373,0.899,397,482.9,60.66,0.034,0.014,0.01,,,
7415,7415,7415,212167806,08 58 11.422,+23 26 08.19,1,18.449,,,,08581142+2326081,,STAR,JHK,rpm,2,2,8,0,,,,,,,,,,,,,,,,,15.744,0.072,14.856,0.072,14.618,0.085,4143,204,204,4.783,0.078,0.065,-0.161,0.2,0.24,0.491,0.071,0.085,0.544,0.086,0.086,4.408,1.818,1.102,826.1,176.3,171.1,0.033,0.01,0.007,,,
7416,7416,7416,212167830,08 54 22.438,+23 26 09.60,1,16.613,,,,08542243+2326096,4569-301-3-0149-0264,STAR,gri,rpm,-18,3,-50,3,,,,,,,21.243,0.1,18.494,0.008,17.052,0.005,15.807,0.005,15.146,0.006,13.789,0.025,13.193,0.032,12.881,0.026,3530,84,84,5.034,0.056,0.04,-0.018,0.15,0.15,0.241,0.031,0.037,0.236,0.037,0.052,15.87,5.685,3.117,130.2,18.94,25.43,0.019,0.005,0.005,,,
7417,7417,7417,212167840,08 59 35.896,+23 26 10.50,1,12.054,,,568-045539,08593589+2326106,,STAR,gri,lam,-5.5,1.4,-10.1,1.7,,,12.706,0.01,12.193,0.08,,,12.394,0.02,12.019,0.03,11.908,0.01,,,11.151,0.022,10.933,0.021,10.915,0.023,6272,150,150,4.27,0.07,0.126,0.031,0.08,0.1,1.326,0.239,0.139,1.231,0.074,0.062,0.508,0.146,0.186,448.4,82.81,45.07,0.032,0.007,0.008,,,
7418,7418,7418,212167860,08 47 28.406,+23 26 11.46,1,17.514,,,,08472840+2326114,,STAR,J,col,,,,,,,,,,,,,,,,,,,,,16.017,0.116,15.647,0.164,15.012,0.125,3745,961,320,4.953,0.125,0.3,-0.213,0.25,0.4,0.294,0.296,0.104,0.327,0.332,0.151,9.786,10.19,7.078,550.4,857.9,278.4,0.032,0.008,0.008,,,
7419,7419,7419,212167888,08 53 30.760,+23 26 13.09,1,18.693,,,,,4569-301-3-0148-0099,EXTENDED,gri,,-6,3,-3,3,,,,,,,20.14,0.07,19.089,0.013,18.756,0.014,18.523,0.016,18.454,0.06,,,,,,,,,,,,,,,,,,,,,,,,,,,,,,,,,
7420,7420,7420,212167906,08 38 06.920,+23 26 14.79,1,17.938,,,,08380691+2326147,,STAR,JHK,col,,,,,,,,,,,,,,,,,,,,,15.639,0.064,14.909,0.068,14.766,0.076,4138,299,299,4.811,0.12,0.1,-0.227,0.25,0.3,0.464,0.105,0.13,0.51,0.107,0.15,4.754,3.877,1.649,703.4,249.8,243.8,0.033,0.008,0.007,,,
7421,7421,7421,212167938,08 46 28.683,+23 26 16.55,1,18.294,,,,08462868+2326165,4569-301-5-0139-0154,EXTENDED,gri,,-6,3,-1,3,,,,,,,21.633,0.201,19.484,0.016,18.205,0.009,17.784,0.009,17.523,0.021,16.422,0.132,15.845,0.168,15.515,0.194,,,,,,,,,,,,,,,,,,,,,,,,,,,
7422,7422,7422,212167988,08 57 50.468,+23 26 21.05,1,10.746,,1950-771-1,568-045475,08575047+2326210,,STAR,gri,rpm,-4,1.2,3.7,1.3,,,11.183,0.079,11.005,0.097,,,10.945,0.02,10.68,0.02,10.608,0.06,,,9.937,0.022,9.745,0.021,9.712,0.019,6622,131,131,4.032,0.225,0.315,-0.017,0.12,0.12,1.901,0.999,0.495,1.466,0.286,0.172,0.178,0.225,0.111,387.5,201.7,100.3,0.031,0.008,0.008,,,
7423,7423,7423,212168004,08 43 06.968,+23 26 22.21,1,15.921,,,568-044967,08430697+2326222,4508-301-2-0121-0104,STAR,BV,rpm,0.6,4.6,-10.9,5,,,16.826,0.11,16.083,0.02,,,16.411,0.058,,,,,,,14.759,0.037,14.288,0.04,14.292,0.071,5120,286,245,4.589,0.045,0.063,-0.323,0.25,0.35,0.741,0.096,0.071,0.776,0.075,0.075,1.889,0.435,0.476,1038,204.2,144.3,0.033,0.01,0.007,,,
7424,7424,7424,212168040,08 42 06.714,+23 26 25.01,1,17.232,,,,08420671+2326250,4517-301-2-0129-0175,EXTENDED,gri,,-3,3,-2,3,,,,,,,19.614,0.064,18.128,0.009,17.315,0.007,16.848,0.006,16.511,0.014,16.16,0.109,15.475,0.127,15.091,0.152,,,,,,,,,,,,,,,,,,,,,,,,,,,
7425,7425,7425,212168060,08 43 06.393,+23 26 26.82,1,16.835,,,,08430639+2326268,4517-301-2-0130-0075,EXTENDED,gri,,1,3,3,3,,,,,,,18.642,0.027,17.654,0.007,16.964,0.005,16.484,0.005,16.266,0.01,15.635,0.085,14.992,0.104,14.386,0.085,,,,,,,,,,,,,,,,,,,,,,,,,,,
7426,7426,7426,212168087,08 53 04.275,+23 26 29.13,1,14.521,,,568-045320,08530428+2326290,4569-301-3-0148-0040,STAR,JHK,rpm,8.9,3.5,-19.7,3.5,,,,,,,,,,,,,,,,,13.122,0.021,12.644,0.025,12.569,0.027,5063,152,121,4.593,0.04,0.048,-0.231,0.25,0.35,0.742,0.068,0.074,0.793,0.063,0.089,1.895,0.383,0.319,487.9,60.04,53.46,0.033,0.008,0.006,,,
7427,7427,7427,212168175,08 55 46.648,+23 26 36.62,1,17.19,,,,08554664+2326366,4576-301-3-0144-0291,EXTENDED,gri,,2,3,6,3,,,,,,,19.151,0.045,17.908,0.008,17.297,0.007,16.883,0.007,16.68,0.021,16.2,0.101,15.443,0.103,14.992,0.118,,,,,,,,,,,,,,,,,,,,,,,,,,,
7428,7428,7428,212168177,08 43 23.080,+23 26 36.89,1,17.295,,,,08432308+2326368,4508-301-2-0122-0191,EXTENDED,gri,,-3,3,1,3,,,,,,,20.516,0.11,18.463,0.011,17.272,0.006,16.794,0.006,16.396,0.011,15.885,0.108,15.143,0.104,14.812,0.131,,,,,,,,,,,,,,,,,,,,,,,,,,,
7429,7429,7429,212168200,09 00 08.103,+23 26 38.36,1,19.653,,,,,5045-301-6-0165-0238,EXTENDED,gri,,5,4,14,4,,,,,,,21.869,0.341,20.141,0.029,19.784,0.033,19.444,0.038,19.427,0.142,,,,,,,,,,,,,,,,,,,,,,,,,,,,,,,,,
7430,7430,7430,212168212,08 53 34.775,+23 26 39.31,1,12.838,,,568-045339,08533477+2326394,,STAR,gri,rpm,-4,1.9,-4.5,2.1,,,14.174,0.03,13.147,0.06,,,13.65,0.06,12.813,0.05,12.49,0.03,,,11.307,0.022,10.781,0.024,10.63,0.018,4803,77,96,2.8,0.42,0.504,-0.263,0.2,0.36,6.435,4.205,2.543,1.089,0.149,0.178,0.003,0.01,0.003,1591,968.3,520.5,0.034,0.013,0.007,,,
7431,7431,7431,212168230,08 54 14.985,+23 26 40.83,1,14.66,,,568-045358,08541498+2326409,4569-301-3-0149-0075,STAR,gri,rpm,5.1,3.1,-2,3.4,,,16.121,0.04,15.113,0.03,,,15.633,0.06,14.688,0.08,14.244,0.05,,,12.892,0.022,12.274,0.021,12.186,0.025,4563,91,91,4.653,0.05,2.33,-0.156,0.2,0.36,0.657,10.257,0.077,0.727,0.107,0.076,2.493,0.56,2.493,338.2,5036,47.68,0.031,0.006,0.005,,,
7432,7432,7432,212168232,08 43 39.407,+23 26 41.26,1,18.045,,,,08433940+2326412,4508-301-2-0122-0258,EXTENDED,gri,,-5,3,0,3,,,,,,,21.24,0.136,19.221,0.014,18.052,0.008,17.541,0.007,17.238,0.015,16.257,0.12,15.746,0.169,14.947,0.128,,,,,,,,,,,,,,,,,,,,,,,,,,,
7433,7433,7433,212168244,08 53 35.360,+23 26 42.93,1,16.475,,,568-045340,08533538+2326430,,STAR,JHK,rpm,-17,6.1,-13.3,6.7,,,,,,,,,,,,,,,,,14.051,0.029,13.341,0.037,13.134,0.027,4094,189,189,4.806,0.065,0.065,-0.065,0.15,0.24,0.47,0.071,0.062,0.54,0.073,0.073,4.718,1.574,1.18,359.1,74.63,61.79,0.031,0.008,0.007,,,
7434,7434,7434,212168259,08 43 57.528,+23 26 43.88,1,13.521,,,568-045003,08435752+2326439,,STAR,gri,rpm,1.3,5.3,-4.9,7.5,,,14.592,0.03,13.659,0.01,,,14.079,0.01,13.339,0.03,13.283,0.51,,,11.914,0.023,11.395,0.021,11.313,0.023,4958,59,79,3.024,0.425,0.765,-0.489,0.25,0.3,4.841,5.931,2.001,0.978,0.214,0.092,0.008,0.033,0.007,1677,1750,604,0.033,0.011,0.006,,,
7435,7435,7435,212168261,08 57 58.965,+23 26 44.00,1,18.544,,,,08575896+2326439,4569-301-2-0154-0226,STAR,gri,rpm,-73,3,-67,3,,,,,,,22.452,0.27,19.976,0.017,18.556,0.009,17.93,0.008,17.553,0.016,16.229,0.095,15.74,0.13,15.452,0.153,3780,37,37,5.146,0.02,0.02,-0.746,0.06,0.18,0.185,0.008,0.009,0.175,0.009,0.009,27.49,2.307,2.129,326,28.17,34.11,0.031,0.009,0.005,,,
7436,7436,7436,212168269,08 58 38.780,+23 26 44.41,1,15.203,,,568-045504,08583878+2326444,4569-301-2-0155-0098,STAR,gri,rpm,-0.5,4.4,-1.1,4.6,,,16.496,0.03,15.594,0.15,,,16.014,0.03,15.192,0.01,14.856,0.05,,,13.814,0.026,13.321,0.023,13.241,0.026,4893,78,59,4.609,0.025,0.805,-0.143,0.2,0.28,0.723,1.467,0.045,0.793,0.074,0.061,2.005,0.271,1.909,627.9,1311,49.95,0.034,0.01,0.006,,,
7437,7437,7437,212168286,08 57 51.992,+23 26 45.83,1,12.553,,,568-045477,08575198+2326458,,STAR,gri,lam,-1,2,-11.9,2,,,13.399,0.03,12.761,0.08,,,13.022,0.01,12.523,0.01,12.352,0.02,,,11.458,0.02,11.16,0.021,11.084,0.018,5808,140,140,4.411,0.066,0.121,0.003,0.1,0.1,1.034,0.155,0.087,1.029,0.065,0.055,0.895,0.206,0.304,373.2,63.87,39.82,0.03,0.008,0.008,,,
7438,7438,7438,212168289,08 56 25.927,+23 26 46.42,1,12.259,,,568-045428,08562592+2326465,,STAR,gri,rpm,13.6,1.3,-29.9,1.2,,,13.137,0.02,12.484,0.08,,,12.751,0.02,12.253,0.05,12.049,0.05,,,11.372,0.023,11.064,0.022,10.981,0.018,5762,139,139,4.42,0.078,0.117,-0.138,0.2,0.36,0.99,0.172,0.124,0.967,0.083,0.116,0.98,0.312,0.35,338.2,81.54,48.36,0.029,0.01,0.007,,,
7439,7439,7439,212168292,08 56 26.594,+23 26 46.59,1,13.5,,,568-045429,08562660+2326467,,STAR,JHK,rpm,8.1,3.1,1.5,3.7,,,,,,,,,,,,,,,,,12.159,0.023,11.711,0.021,11.643,0.02,5152,155,155,3.65,0.87,0.725,-0.394,0.35,0.56,2.517,2.814,1.759,0.904,0.22,0.065,0.051,1.429,0.046,1053,1062,708,0.033,0.007,0.007,,,
7440,7440,7440,212168304,08 55 57.948,+23 26 47.27,1,14.457,,,568-045412,08555794+2326474,4576-301-3-0144-0126,STAR,gri,col,,,,,,,15.163,0.01,14.618,0.01,,,14.857,0.03,14.45,0.02,14.285,0.01,,,13.388,0.026,13.081,0.026,13.045,0.029,5942,118,118,4.379,0.09,0.324,-0.49,0.3,0.36,1.013,0.487,0.153,0.907,0.116,0.096,0.838,0.373,0.56,925.5,430.8,161,0.034,0.01,0.007,,,
7441,7441,7441,212168336,09 04 13.792,+23 26 50.22,1,14.473,,,568-045707,09041379+2326501,,STAR,gri,lam,4.5,4.5,-11.8,4.9,,,15.574,0.05,14.836,0.05,,,15.111,0.02,14.47,0.02,14.2,0.06,,,13.003,0.022,12.559,0.021,12.463,0.022,5139,62,103,2.913,0.176,0.11,-1.079,0.15,0.12,5.233,0.679,0.928,0.88,0.018,0.018,0.006,0.005,0.002,3291,461.6,623.4,0.036,0.006,0.007,,,
7442,7442,7442,212168378,08 52 19.174,+23 26 53.56,1,11.933,,,568-045302,08521917+2326536,,STAR,gri,rpm,-25.7,1,-22.9,1.3,,,12.534,0.04,12.047,0.06,,,12.249,0.05,11.916,0.06,11.797,0.05,,,11.068,0.023,10.803,0.021,10.747,0.017,6125,148,148,4.247,0.12,0.168,-0.318,0.3,0.36,1.223,0.261,0.182,1.007,0.12,0.143,0.521,0.277,0.234,385.6,81.21,67.08,0.031,0.007,0.008,,,
7443,7443,7443,212168382,08 42 08.368,+23 26 53.78,1,12.007,,1942-2526-1,568-044925,08420837+2326538,,STAR,gri,plx,0.6,1.5,-43.5,1.7,,,12.78,0.32,11.779,0.178,,,12.43,0.01,11.793,0.02,11.826,0.59,,,10.383,0.023,9.905,0.021,9.811,0.019,5126,82,61,3.151,0.366,0.732,-0.791,0.25,0.25,3.779,5.128,0.997,0.912,0.135,0.027,0.013,0.023,0.012,651.2,238.3,238.3,0.033,0.01,0.007,,,
7444,7444,7444,212168427,08 42 32.162,+23 26 57.55,1,14.644,,,568-044944,08423215+2326575,4517-301-2-0129-0076,STAR,gri,rpm,1.6,4.7,-0.8,5.1,,,15.514,0.04,14.735,0.05,,,15.059,0.04,14.488,0.01,14.466,0.47,,,13.246,0.025,12.809,0.026,12.739,0.026,5343,160,128,3.826,0.744,0.744,-0.517,0.4,0.56,1.757,1.979,1.028,0.888,0.072,0.072,0.125,1.357,0.115,1331,1325,801.4,0.033,0.008,0.007,,,
7445,7445,7445,212168439,08 52 04.038,+23 26 58.37,1,17.277,,,,08520403+2326583,4576-301-4-0139-0222,EXTENDED,gri,,3,3,1,3,,,,,,,20.384,0.13,18.475,0.011,17.239,0.007,16.764,0.007,16.378,0.018,15.965,0.091,15.409,0.113,14.916,0.119,,,,,,,,,,,,,,,,,,,,,,,,,,,
7446,7446,7446,212168457,08 42 47.473,+23 26 59.45,1,12.382,,1942-1347-1,568-044954,08424746+2326596,,STAR,gri,plx,15.6,2,-12.8,2.3,,,13.26,0.418,12.313,0.25,,,12.525,0.01,12.144,0.02,12.321,0.59,,,11.211,0.02,10.953,0.021,10.911,0.018,6182,98,98,4.087,0.161,0.115,-0.19,0.24,0.2,1.551,0.309,0.258,1.167,0.15,0.129,0.289,0.193,0.116,671.2,231.4,231.4,0.032,0.01,0.006,,,
7447,7447,7447,212168460,08 52 19.125,+23 26 59.55,1,19.003,,,,,4576-301-4-0139-0129,EXTENDED,gri,,,,,,,,,,,,20.063,0.055,19.149,0.012,18.955,0.014,18.801,0.016,22.827,1.194,,,,,,,,,,,,,,,,,,,,,,,,,,,,,,,,,
7448,7448,7448,212168488,08 46 41.901,+23 27 01.27,1,18.397,,,,08464190+2327012,4569-301-5-0139-0192,STAR,gri,col,,,,,,,,,,,22.95,0.37,20.42,0.023,18.851,0.011,17.53,0.007,16.844,0.01,15.469,0.083,14.843,0.1,14.621,0.088,3200,32,32,5.156,0.02,0.02,0.023,0.12,0.12,0.164,0.005,0.004,0.141,0.003,0.003,31.63,1.898,1.898,169.8,18.11,22.46,0.022,0.006,0.005,,,
7449,7449,7449,212168506,09 03 12.358,+23 27 02.73,1,14.913,,,568-045672,09031236+2327026,5045-301-5-0169-0084,STAR,gri,lam,0.7,4.3,-5.4,4.7,,,15.95,0.04,15.311,0.03,,,15.54,0.06,14.921,0.054,14.645,0.02,,,13.43,0.025,12.919,0.021,12.829,0.017,5055,61,50,2.079,0.156,0.156,-2.091,0.15,0.15,13.421,2.059,2.113,0.798,0.016,0.016,3.05E-04,2.11E-04,1.08E-04,11060,2577,3149,0.034,0.007,0.007,,,
7450,7450,7450,212168508,08 57 17.670,+23 27 03.11,1,10.026,,1950-817-1,568-045458,08571767+2327030,,STAR,gri,plx,-18.7,1.2,1.9,1.2,,,10.754,0.063,10.154,0.049,,,10.537,0.03,9.99,0.01,9.807,0.01,,,8.974,0.021,8.65,0.016,8.605,0.02,5591,89,89,3.804,0.072,0.084,-0.205,0.24,0.16,2.205,0.279,0.18,1.187,0.113,0.135,0.106,0.03,0.03,257.2,32.57,32.57,0.027,0.007,0.006,,,
7451,7451,7451,212168512,08 45 41.117,+23 27 03.47,1,13.347,,,568-045073,08454112+2327034,,STAR,gri,rpm,3.7,2.3,-6.9,2.7,,,14.333,0.02,13.38,0.03,,,13.83,0.01,13.068,0.03,13.14,0.63,,,11.713,0.025,11.16,0.023,11.096,0.02,4886,77,77,2.884,0.505,0.505,-0.473,0.24,0.36,5.437,3.796,2.235,0.961,0.202,0.063,0.004,0.017,0.003,1874,1215,736.9,0.031,0.011,0.005,,,
7452,7452,7452,212168541,09 02 52.673,+23 27 05.67,1,15.578,,,568-045657,09025267+2327056,5045-301-5-0169-0045,STAR,BV,rpm,1.9,4.2,-4.6,4.6,,,16.408,0.06,15.719,0.058,,,15.882,0.01,,,,,,,13.901,0.027,13.418,0.021,13.325,0.034,5050,151,151,4.576,0.04,1.256,-0.267,0.25,0.5,0.758,2.608,0.065,0.816,0.092,0.077,1.763,0.332,1.741,717.6,2386,82.44,0.034,0.01,0.007,,,
7453,7453,7453,212168553,08 38 51.542,+23 27 08.26,1,18.132,,,,08385154+2327082,,STAR,J,,,,,,,,,,,,,,,,,,,,,,16.585,0.17,,,,,,,,,,,,,,,,,,,,,,,,,,,,,,,
7454,7454,7454,212168574,08 44 44.360,+23 27 09.76,1,14.611,,,568-045034,08444436+2327097,4508-301-2-0124-0017,STAR,gri,rpm,5.2,4.6,-19.5,5.1,,,15.355,0.02,14.653,0.01,,,14.953,0.02,14.408,0.03,14.465,0.6,,,13.289,0.024,12.887,0.027,12.777,0.027,5517,131,109,4.515,0.055,0.495,-0.332,0.25,0.4,0.842,0.762,0.092,0.858,0.073,0.088,1.402,0.384,0.755,656.5,253.1,83.39,0.033,0.008,0.007,,,
7455,7455,7455,212168588,08 54 10.855,+23 27 11.11,1,17.232,,,,08541085+2327111,4569-301-3-0149-0229,EXTENDED,gri,,4,4,4,0,,,,,,,20.051,0.072,18.244,0.009,17.236,0.006,16.799,0.006,16.444,0.013,15.787,0.078,15.027,0.09,14.771,0.108,,,,,,,,,,,,,,,,,,,,,,,,,,,
7456,7456,7456,212168597,08 54 07.463,+23 27 11.62,1,12.709,,,568-045356,08540746+2327116,,STAR,gri,rpm,-0.4,1.2,-4,1.4,,,13.081,0.05,12.724,0.05,,,12.846,0.05,12.663,0.05,12.616,0.03,,,11.938,0.022,11.748,0.021,11.717,0.025,6612,132,159,4.138,0.11,0.132,-0.091,0.1,0.18,1.625,0.254,0.27,1.352,0.106,0.148,0.294,0.151,0.1,809.3,159.2,133,0.029,0.009,0.005,,,
7457,7457,7457,212168604,08 41 08.099,+23 27 12.07,1,14.366,,,568-044899,08410810+2327120,,STAR,gri,rpm,28.5,4.7,-13,5.1,,,15.283,0.03,14.432,0.03,,,14.828,0.01,14.15,0.02,14.169,0.58,,,12.8,0.023,12.288,0.021,12.231,0.023,5089,98,98,4.608,0.06,0.06,-0.408,0.3,0.48,0.702,0.089,0.091,0.747,0.103,0.103,1.988,0.561,0.438,401.8,71.15,60.44,0.031,0.006,0.006,,,
7458,7458,7458,212168615,08 46 25.101,+23 27 13.22,1,12.654,,,568-045094,08462510+2327131,,STAR,gri,rpm,3.1,1.5,-27.9,1.6,,,13.213,0.02,12.565,0.04,,,12.834,0.01,12.378,0.03,12.576,0.6,,,11.329,0.022,11.065,0.023,10.96,0.018,5975,95,95,4.313,0.1,0.2,-0.093,0.16,0.24,1.159,0.352,0.159,1.091,0.069,0.152,0.621,0.266,0.338,410.8,120.9,61.16,0.033,0.014,0.007,,,
7459,7459,7459,212168657,08 57 35.066,+23 27 17.42,1,17.827,,,,08573506+2327174,4569-301-2-0154-0191,EXTENDED,gri,,2,3,1,3,,,,,,,20.577,0.093,18.752,0.01,17.853,0.007,17.431,0.007,17.112,0.017,16.166,0.096,15.305,0.109,15.226,0.145,,,,,,,,,,,,,,,,,,,,,,,,,,,
7460,7460,7460,212168669,08 40 27.711,+23 27 18.27,1,8.926,,1942-1906-1,568-044871,08402772+2327183,,STAR,gri,,-6.2,1.2,-4,1.1,,,11.034,0.082,9.294,0.023,,,10.467,0.07,9.264,0.15,8.266,0.44,,,5.55,0.019,,,4.426,0.02,,,,,,,,,,,,,,,,,,,,,,,,,,,
7461,7461,7461,212168743,08 51 50.911,+23 27 24.54,1,9.141,,1943-228-1,568-045293,08515091+2327245,,STAR,gri,rpm,-15.7,1.4,-8.1,1.5,,,11.165,0.081,9.839,0.034,,,10.669,0.04,9.433,0.12,8.486,0.08,,,6.679,0.024,5.928,0.021,5.656,0.017,3971,95,119,1.402,0.21,0.15,0.062,0.15,0.18,35.635,8.024,5.207,1.269,0.209,0.149,2.49E-05,2.28E-05,1.04E-05,831.1,152.6,108.9,0.033,0.006,0.007,,,
7462,7462,7462,212168756,08 40 23.176,+23 27 25.68,1,11.558,,,568-044865,08402318+2327256,,STAR,gri,rpm,-3.6,1.4,-8.6,1.1,,,12.693,0.041,11.663,0.02,,,12.133,0.01,11.334,0.03,11.312,0.58,,,9.766,0.023,9.253,0.021,9.124,0.018,4854,58,58,2.524,0.65,0.156,-0.355,0.2,0.2,9.261,1.883,4.564,1.109,0.208,0.13,0.001,0.009,4.84E-04,1207,186.4,574.5,0.033,0.008,0.007,,,
7463,7463,7463,212168763,08 55 44.412,+23 27 26.01,1,12.803,,,568-045401,08554439+2327260,,STAR,gri,rpm,21.9,1.6,-3.7,2,,,13.756,0.03,13.019,0.02,,,13.381,0.01,12.784,0.01,12.556,0.062,,,11.63,0.022,11.258,0.024,11.164,0.021,5493,109,131,4.499,0.05,0.07,-0.16,0.2,0.28,0.875,0.127,0.093,0.897,0.087,0.087,1.265,0.27,0.363,325.5,327.6,38.06,0.032,0.013,0.008,,,
7464,7464,7464,212168788,09 00 19.495,+23 27 28.03,1,18.289,,,,,5045-301-6-0165-0078,STAR,gri,,-17,3,-12,3,,,,,,,18.573,0.017,18.104,0.006,18.35,0.008,18.573,0.012,18.846,0.047,,,,,,,,,,,,,,,,,,,,,,,,,,,,,,,,,
7465,7465,7465,212168831,08 54 14.327,+23 27 30.88,1,17.264,,,,08541432+2327308,4569-301-3-0149-0243,EXTENDED,gri,,-4,3,7,3,,,,,,,20.174,0.073,18.262,0.008,17.253,0.006,16.837,0.006,16.494,0.013,15.871,0.076,14.972,0.083,14.727,0.099,,,,,,,,,,,,,,,,,,,,,,,,,,,
7466,7466,7466,212168853,09 02 53.405,+23 27 32.64,1,11.843,,,568-045658,09025340+2327327,,STAR,gri,rpm,-8.4,2.1,-0.4,2.6,,,13.562,0.03,12.312,0.01,,,12.88,0.01,11.79,0.01,11.399,0.01,,,10.03,0.021,9.448,0.021,9.315,0.022,4472,44,54,2.312,0.22,1.848,0.129,0.08,2.3,12.493,67.54,2.773,1.241,0.088,0.441,5.96E-04,6.93E-04,5.95E-04,1593,8465,289.1,0.039,0.018,0.008,,,
7467,7467,7467,212168876,08 42 49.843,+23 27 34.71,1,15.665,,,568-044957,08424985+2327349,,STAR,gri,col,,,,,,,17.8,0.15,16.133,0.068,,,16.922,0.03,15.638,0.06,15.126,0.82,,,12.741,0.023,12.12,0.023,11.894,0.022,3774,134,111,4.916,0.072,0.04,-0.034,0.15,0.21,0.359,0.038,0.06,0.393,0.054,0.075,8.255,3.246,1.389,133.1,19.37,26,0.018,0.007,0.006,,,
7468,7468,7468,212168950,09 03 36.641,+23 27 41.11,1,15.152,,,568-045688,09033664+2327411,5045-301-5-0170-0024,STAR,gri,rpm,-2.6,4.2,-5.6,4.6,,,16.147,0.03,15.439,0.03,,,15.705,0.047,15.092,0.03,14.915,0.02,,,13.818,0.029,13.371,0.026,13.251,0.03,5292,126,126,4.544,0.045,0.972,-0.338,0.25,0.5,0.818,1.821,0.086,0.856,0.063,0.094,1.519,0.429,1.471,778.7,1612,97.35,0.034,0.01,0.007,,,
7469,7469,7469,212168969,08 54 01.082,+23 27 42.37,1,16.925,,,,08540108+2327423,,STAR,J,col,,,,,,,,,,,,,,,,,,,,,15.468,0.075,14.664,0.075,14.255,0.071,3819,404,337,4.894,0.162,0.135,-0.118,0.16,0.28,0.358,0.134,0.143,0.407,0.16,0.192,7.633,10.59,3.534,494.4,267.8,224.7,0.032,0.011,0.01,,,
7470,7470,7470,212168978,09 04 12.282,+23 27 43.35,1,17.544,,,,09041228+2327433,,STAR,JHK,col,,,,,,,,,,,,,,,,,,,,,15.698,0.057,15.072,0.057,14.962,0.083,4140,430,358,4.811,0.14,0.14,-0.235,0.24,0.32,0.436,0.143,0.143,0.513,0.143,0.171,5.171,5.436,2.329,695.2,359.5,273.6,0.032,0.008,0.007,,,
7471,7471,7471,212169048,08 38 35.817,+23 27 49.91,1,16.727,,,,08383581+2327499,4517-301-3-0124-0114,STAR,gri,rpm,1,3,-6,3,,,,,,,18.708,0.019,17.305,0.005,16.724,0.004,16.479,0.005,16.361,0.008,15.433,0.054,14.956,0.064,14.788,0.106,5262,123,154,4.521,0.108,2.178,-0.967,0.45,0.99,0.819,9.107,0.173,0.788,0.04,0.096,1.37,0.883,1.369,1726,16730,434.7,0.034,0.01,0.007,,,
7472,7472,7472,212169050,08 58 54.784,+23 27 50.15,1,17.544,,,,08585478+2327501,,STAR,J,col,,,,,,,,,,,,,,,,,,,,,16.045,0.08,15.27,0.092,14.824,0.086,3768,382,318,4.953,0.125,0.15,-0.168,0.2,0.28,0.309,0.148,0.116,0.342,0.192,0.16,9.797,10.44,5.053,560.5,365.5,253.6,0.032,0.008,0.008,,,
7473,7473,7473,212169130,08 53 33.637,+23 27 57.99,1,14.068,,,568-045338,08533363+2327583,,STAR,gri,col,,,,,,,14.958,0.07,14.279,0.04,,,14.613,0.06,14.048,0.05,13.835,0.05,,,12.845,0.023,12.437,0.025,12.372,0.023,5388,161,128,4.524,0.05,0.79,-0.286,0.25,0.5,0.842,1.38,0.09,0.873,0.078,0.093,1.413,0.366,1.328,532.9,834.4,70.9,0.032,0.01,0.006,,,
7474,7474,7474,212169140,08 54 32.343,+23 27 58.76,1,13.548,,,568-045365,08543234+2327587,,STAR,gri,rpm,1.8,2.4,-6.4,2.6,,,14.807,0.04,13.834,0.06,,,14.308,0.05,13.524,0.04,13.222,0.02,,,12.028,0.023,11.48,0.021,11.37,0.019,4840,76,95,2.721,0.644,0.552,-0.605,0.48,0.4,6.899,4.06,3.609,0.937,0.232,0.129,0.003,0.028,0.002,2421,1451,1167,0.033,0.011,0.006,,,
7475,7475,7475,212169147,09 00 20.050,+23 27 59.21,1,17.348,,,,09002004+2327592,5045-301-6-0165-0201,STAR,gri,rpm,-33,3,-10,3,,,,,,,21.933,0.194,19.405,0.012,17.907,0.006,16.467,0.004,15.7,0.006,14.271,0.029,13.679,0.026,13.476,0.029,3502,126,105,5.093,0.03,0.048,-0.157,0.16,0.2,0.204,0.029,0.018,0.192,0.034,0.021,22.41,3.92,5.094,135.4,24.41,17.47,0.02,0.006,0.003,,,
7476,7476,7476,212169300,08 38 29.629,+23 28 12.68,1,17.184,,,,08382962+2328126,4517-301-3-0124-0231,EXTENDED,gri,,2,3,-1,3,,,,,,,19.319,0.039,17.978,0.007,17.274,0.005,16.844,0.005,16.594,0.012,15.862,0.079,15.13,0.097,14.548,0.088,,,,,,,,,,,,,,,,,,,,,,,,,,,
7477,7477,7477,212169303,09 03 13.360,+23 28 13.28,1,14.943,,,568-045673,09031336+2328132,5045-301-5-0169-0107,STAR,JHK,col,,,,,,,,,,,,,,,,,,,,,12.721,0.022,12.074,0.021,11.872,0.018,3931,185,154,4.871,0.055,0.066,-0.051,0.16,0.28,0.411,0.058,0.06,0.455,0.08,0.067,6.568,2.333,1.721,155.5,35.8,24.66,0.022,0.007,0.006,,,
7478,7478,7478,212169346,08 38 53.126,+23 28 16.04,1,12.871,,,568-044803,08385312+2328161,,STAR,gri,rpm,-25.4,1.7,-12.1,2.3,,,13.497,0.02,12.846,0.04,,,13.106,0.031,12.633,0.03,12.771,0.56,,,11.626,0.023,11.272,0.023,11.225,0.022,5783,116,140,4.426,0.06,0.288,-0.183,0.15,0.3,0.988,0.406,0.113,0.964,0.064,0.089,0.97,0.291,0.615,384.7,170.9,56.06,0.03,0.01,0.008,,,
7479,7479,7479,212169349,08 59 15.630,+23 28 16.51,1,14.98,,,568-045525,08591563+2328168,4569-301-2-0156-0187,STAR,gri,rpm,21.4,4.2,-26.5,4.5,,,17.081,0.04,15.746,0.11,,,16.5,0.04,15.071,0.02,14.329,0.05,,,12.747,0.023,12.084,0.026,11.887,0.022,3816,45,75,4.923,0.054,0.045,-0.095,0.16,0.06,0.356,0.04,0.053,0.399,0.057,0.057,8.268,2.783,1.454,136.7,18.82,22.58,0.022,0.015,0.005,,,
7480,7480,7480,212169354,08 56 22.023,+23 28 17.04,1,14.402,,,568-045425,08562202+2328172,4576-301-3-0145-0071,STAR,gri,rpm,-3.2,3.3,-31.4,3.4,,,15.951,0.05,14.886,0.1,,,15.443,0.03,14.361,0.03,13.956,0.05,,,12.617,0.025,12.026,0.021,11.861,0.018,4302,137,51,4.858,0.05,0.17,-0.648,0.55,0.25,0.422,0.187,0.042,0.481,0.197,0.044,6.018,1.593,3.157,175.9,88.37,15.77,0.024,0.008,0.005,,,
7481,7481,7481,212169378,09 00 43.449,+23 28 19.08,1,16.674,,,,09004344+2328190,5038-301-6-0066-0176,EXTENDED,gri,,2,2,10,3,,,,,,,19.268,0.044,17.547,0.006,16.72,0.005,16.3,0.005,16.035,0.011,15.686,0.076,14.912,0.084,14.701,0.1,,,,,,,,,,,,,,,,,,,,,,,,,,,
7482,7482,7482,212169391,08 41 24.030,+23 28 20.15,1,17.264,,,,08412403+2328201,4508-301-3-0119-0182,EXTENDED,gri,,-2,3,0,3,,,,,,,19.198,0.046,17.998,0.008,17.332,0.007,16.95,0.007,16.703,0.014,16.316,0.117,15.517,0.132,14.892,0.12,,,,,,,,,,,,,,,,,,,,,,,,,,,
7483,7483,7483,212169402,08 38 24.333,+23 28 21.67,1,11.44,,,568-044779,08382433+2328215,,STAR,gri,rpm,4.4,1.8,-5.1,2.3,,,13.464,0.02,11.938,0.04,,,12.693,0.02,11.4,0.04,10.904,0.59,,,8.82,0.029,7.966,0.029,7.788,0.021,3988,47,47,0.909,0.282,0.282,-0.589,0.25,0.3,54.126,18.619,13.854,0.947,0.038,0.046,5.01E-06,7.99E-06,3.08E-06,3384,1151,859.1,0.035,0.011,0.01,,,
7484,7484,7484,212169415,09 03 02.919,+23 28 22.70,1,17.179,,,,09030291+2328227,5045-301-5-0169-0227,EXTENDED,gri,,3,2,3,2,,,,,,,19.547,0.051,18.006,0.008,17.218,0.006,16.824,0.007,16.542,0.015,16.134,0.11,15.546,0.124,15.311,0.148,,,,,,,,,,,,,,,,,,,,,,,,,,,
7485,7485,7485,212169431,09 03 14.250,+23 28 23.85,1,14.041,,,568-045674,09031425+2328238,,STAR,gri,rpm,-39.8,4.2,-36.5,4.5,,,14.983,0.06,14.327,0.04,,,14.559,0.03,14.004,0.01,13.819,0.07,,,12.658,0.025,12.214,0.021,12.126,0.02,5357,129,86,4.627,0.02,0.076,-0.877,0.28,0.16,0.669,0.108,0.02,0.695,0.074,0.017,2.277,0.197,0.643,381.6,65.7,23.49,0.025,0.01,0.008,,,
7486,7486,7486,212169437,08 51 11.375,+23 28 24.54,1,19.752,,,,,4569-301-4-0145-0703,EXTENDED,gri,,16,4,3,4,,,,,,,21.441,0.229,20.108,0.035,19.734,0.035,19.599,0.047,19.407,0.154,,,,,,,,,,,,,,,,,,,,,,,,,,,,,,,,,
7487,7487,7487,212169467,08 39 44.173,+23 28 27.21,1,11.213,,1942-2426-1,568-044840,08394417+2328273,,STAR,gri,rpm,-1.7,1.7,-2.6,1.8,,,12.625,0.312,11.377,0.12,,,11.984,0.01,10.97,0.03,10.883,0.59,,,9.231,0.022,8.609,0.031,8.416,0.019,4486,72,72,2.323,0.162,0.351,-0.033,0.15,0.3,12.794,4.883,1.773,1.272,0.213,0.177,5.93E-04,3.95E-04,3.97E-04,1165,405.2,136.2,0.035,0.01,0.008,,,
7488,7488,7488,212169533,08 57 43.619,+23 28 33.33,1,19.868,,,,,4569-301-2-0154-0213,STAR,gri,,-24,4,-24,4,,,,,,,20.215,0.048,19.746,0.015,19.909,0.022,20.123,0.032,20.316,0.131,,,,,,,,,,,,,,,,,,,,,,,,,,,,,,,,,
7489,7489,7489,212169594,09 00 48.682,+23 28 39.02,1,12.383,,,568-045581,09004868+2328390,,STAR,gri,lam,-36.5,1.5,-29.4,1.6,,,13.142,0.042,12.63,0.031,,,12.805,0.031,12.385,0.041,12.203,0.061,,,11.336,0.02,11.036,0.021,10.972,0.02,5998,95,95,4.258,0.14,0.196,-0.356,0.16,0.1,1.164,0.333,0.191,0.957,0.093,0.067,0.529,0.349,0.269,417.8,117.7,80.07,0.03,0.007,0.007,,,
7490,7490,7490,212169623,09 03 35.105,+23 28 41.21,1,17.419,,,,,5045-301-5-0170-0146,EXTENDED,gri,,-2,3,-10,3,,,,,,,19.497,0.062,18.132,0.01,17.539,0.009,17.113,0.01,16.931,0.028,,,,,,,,,,,,,,,,,,,,,,,,,,,,,,,,,
7491,7491,7491,212169626,08 51 46.012,+23 28 41.51,1,15.246,,,568-045289,08514601+2328416,4576-301-4-0139-0191,STAR,gri,rpm,1.9,3,1.3,3.3,,,17.105,0.16,15.927,0.03,,,16.614,0.06,15.28,0.03,14.659,0.03,,,13.285,0.026,12.599,0.026,12.475,0.023,3956,125,47,4.854,0.02,0.072,0.034,0.12,0.12,0.435,0.08,0.01,0.5,0.088,0.024,6.02,0.361,1.739,216.6,56.6,6.499,0.031,0.005,0.006,,,
7492,7492,7492,212169640,08 59 54.831,+23 28 42.47,1,14.458,,,568-045553,08595482+2328425,,STAR,gri,lam,-10.6,4.5,-7.4,4.9,,,15.596,0.02,14.755,0.09,,,15.152,0.01,14.449,0.03,14.161,0.05,,,13.111,0.023,12.668,0.026,12.605,0.027,5190,152,183,4.564,0.03,0.03,-0.023,0.12,0.12,0.791,0.059,0.046,0.854,0.052,0.052,1.674,0.226,0.236,538.1,54.63,49.6,0.033,0.011,0.006,,,
7493,7493,7493,212169647,08 48 22.532,+23 28 43.10,1,15.585,,,568-045175,08482252+2328431,4508-301-1-0129-0065,STAR,gri,rpm,-0.4,4.3,-4.1,4.9,,,16.702,0.08,15.841,0.08,,,16.217,0.05,15.533,0.05,15.314,0.08,,,14.195,0.031,13.776,0.035,13.674,0.042,5235,157,126,4.552,0.04,0.696,-0.188,0.2,0.36,0.797,0.169,0.067,0.851,0.064,0.089,1.599,0.301,1.435,894.3,221.2,93.57,0.034,0.008,0.007,,,
7494,7494,7494,212169652,08 58 00.124,+23 28 43.72,1,11.604,,1950-359-1,568-045483,,,STAR,gri,,-22.2,1.5,13.4,1.6,,,11.913,0.152,11.463,0.146,,,11.955,0.02,11.591,0.02,11.454,0.01,,,,,,,,,,,,,,,,,,,,,,,,,,,,,,,,,,,
7495,7495,7495,212169701,09 04 17.664,+23 28 47.95,1,13.958,,,568-045709,09041766+2328478,,STAR,gri,lam,-0.4,4.7,-0.4,5.2,,,15.203,0.03,14.319,0.07,,,14.681,0.01,13.931,0.04,13.649,0.01,,,12.449,0.022,11.972,0.022,11.863,0.024,4910,78,78,3.354,0.13,0.156,-0.225,0.12,0.15,3.597,0.696,0.493,1.096,0.151,0.101,0.022,0.012,0.009,1678,257.5,264.1,0.035,0.011,0.008,,,
7496,7496,7496,212169737,08 45 36.438,+23 28 51.76,1,17.129,,,,08453643+2328517,,EXTENDED,JHK,,,,,,,,,,,,,,,,,,,,,,14.593,0.068,13.878,0.087,13.612,0.076,,,,,,,,,,,,,,,,,,,,,,,,,,,
7497,7497,7497,212169741,08 40 03.007,+23 28 52.06,1,18.003,,,,08400300+2328520,4508-301-3-0117-0320,EXTENDED,gri,,2,3,1,3,,,,,,,19.082,0.027,18.203,0.007,17.937,0.007,17.785,0.008,17.663,0.022,17.031,0.182,16.079,0.196,,,,,,,,,,,,,,,,,,,,,,,,,,,,,
7498,7498,7498,212169774,08 43 42.009,+23 28 54.90,1,17.663,,,,08434200+2328549,4508-301-2-0122-0300,EXTENDED,gri,,-1,3,3,3,,,,,,,20.537,0.095,18.752,0.011,17.641,0.007,17.196,0.007,16.831,0.013,16.371,0.135,15.516,0.135,14.863,0.122,,,,,,,,,,,,,,,,,,,,,,,,,,,
7499,7499,7499,212169775,08 48 09.273,+23 28 54.93,1,17.578,,,,08480927+2328549,,STAR,J,col,,,,,,,,,,,,,,,,,,,,,16.077,0.128,15.331,0.154,14.857,0.136,3888,499,357,4.901,0.145,0.174,-0.213,0.25,0.35,0.343,0.17,0.132,0.379,0.218,0.182,7.631,9.453,4.222,601.2,448.4,256.8,0.032,0.008,0.007,,,
7500,7500,7500,212169783,08 45 02.548,+23 28 55.25,1,12.653,,,568-045048,08450255+2328552,,STAR,gri,rpm,5.7,2.7,-14.2,3.2,,,13.168,0.01,12.706,0.03,,,12.854,0.01,12.586,0.01,12.776,0.54,,,12.345,0.042,12.155,0.051,12.088,0.045,6495,159,159,4.237,0.065,0.104,-0.218,0.16,0.4,1.341,0.204,0.129,1.186,0.114,0.206,0.468,0.121,0.144,814,141.5,101.8,0.032,0.01,0.007,,,
7501,7501,7501,212169790,08 43 18.657,+23 28 55.87,1,10.979,,1942-2856-1,568-044979,08431865+2328558,,STAR,gri,rpm,-35.4,1.5,3.9,1.5,,,11.332,0.075,10.979,0.08,,,11.187,0.03,10.909,0.03,11.056,0.52,,,10.115,0.023,9.87,0.02,9.849,0.02,6383,128,128,4.193,0.11,0.154,-0.21,0.2,0.32,1.381,0.309,0.214,1.169,0.127,0.178,0.401,0.206,0.157,290.4,66.86,46.05,0.028,0.008,0.007,,,
7502,7502,7502,212169817,08 54 17.912,+23 28 58.09,1,17.768,,,,,4569-301-3-0149-0407,EXTENDED,gri,,3,3,1,3,,,,,,,19.851,0.096,18.508,0.013,17.829,0.011,17.451,0.012,17.211,0.037,,,,,,,,,,,,,,,,,,,,,,,,,,,,,,,,,
7503,7503,7503,212169952,08 58 43.212,+23 29 09.42,1,10.931,,1950-867-1,568-045505,08584321+2329092,,STAR,gri,lam,27.4,1.6,32.8,1.6,,,11.334,0.082,11.128,0.106,,,11.286,0.01,10.92,0.01,10.779,0.01,,,10.032,0.025,9.749,0.023,9.714,0.022,6042,120,120,4.279,0.12,0.168,-0.443,0.15,0.15,1.115,0.282,0.166,0.928,0.086,0.061,0.611,0.335,0.28,218.3,54.76,37.15,0.024,0.008,0.006,,,
7504,7504,7504,212170006,08 46 58.433,+23 29 14.65,1,17.806,,,,08465843+2329146,,STAR,JHK,col,,,,,,,,,,,,,,,,,,,,,15.574,0.1,15.1,0.127,14.722,0.108,3916,1041,400,4.878,0.186,0.279,-0.227,0.25,0.4,0.356,0.294,0.141,0.411,0.281,0.2,6.841,9.381,4.798,547.7,816,262.2,0.032,0.008,0.008,,,
7505,7505,7505,212170053,08 44 49.205,+23 29 18.94,1,16.817,,,,08444920+2329189,4508-301-2-0124-0069,EXTENDED,gri,,3,3,2,3,,,,,,,19.737,0.061,17.838,0.007,16.794,0.005,16.379,0.005,15.991,0.009,15.517,0.077,14.954,0.088,14.472,0.099,,,,,,,,,,,,,,,,,,,,,,,,,,,
7506,7506,7506,212170060,08 53 25.776,+23 29 19.47,1,16.859,,,,08532577+2329194,4576-301-4-0141-0133,STAR,gri,rpm,-16,3,-21,3,,,,,,,21.05,0.098,18.916,0.009,17.412,0.006,15.977,0.005,15.204,0.006,13.792,0.028,13.203,0.029,12.93,0.027,3425,143,81,5.097,0.03,0.048,-0.091,0.2,0.2,0.2,0.031,0.02,0.184,0.038,0.024,22.26,3.893,5.06,105.2,19.82,19.68,0.017,0.008,0.002,,,
7507,7507,7507,212170067,08 47 51.259,+23 29 20.28,1,9.839,,1943-316-1,568-045155,08475125+2329201,,STAR,gri,rpm,-4.7,1.3,-22.7,1.4,,,10.791,0.052,9.778,0.03,,,10.584,0.08,9.61,0.1,9.52,0.6,,,7.985,0.023,7.495,0.027,7.371,0.021,4800,115,96,2.455,0.442,0.078,-0.222,0.2,0.2,10.798,0.677,3.525,1.212,0.446,0.171,9.43E-04,0.003,1.76E-04,588.5,27.73,192.4,0.031,0.008,0.006,,,
7508,7508,7508,212170075,08 57 24.654,+23 29 21.03,1,14.31,,,568-045463,08572464+2329211,4576-301-3-0146-0102,STAR,gri,rpm,-8.1,4.5,-21.7,4.9,,,16.396,0.04,15.069,0.13,,,15.768,0.01,14.384,0.03,13.685,0.02,,,12.113,0.023,11.443,0.023,11.32,0.024,3862,38,38,4.886,0.02,0.02,-0.015,0.06,0.06,0.398,0.018,0.011,0.444,0.028,0.017,6.972,0.418,0.495,116,6.368,3.481,0.021,0.011,0.002,,,
7509,7509,7509,212170124,08 42 35.707,+23 29 25.20,1,17.727,,,,08423570+2329251,4517-301-2-0129-0263,EXTENDED,gri,,-6,3,-4,3,,,,,,,19.866,0.079,18.509,0.012,17.794,0.009,17.392,0.009,17.095,0.021,16.47,0.119,15.971,0.185,,,,,,,,,,,,,,,,,,,,,,,,,,,,,
7510,7510,7510,212170187,08 40 40.385,+23 29 31.19,1,15.075,,,568-044879,08404039+2329312,4508-301-3-0118-0302,STAR,gri,rpm,4.1,4.4,3.5,5,,,16.227,0.02,15.215,0.04,,,15.697,0.02,14.793,0.04,14.809,0.56,,,13.344,0.024,12.799,0.024,12.672,0.026,4759,95,76,4.625,0.03,0.03,-0.085,0.15,0.21,0.703,0.044,0.055,0.767,0.048,0.067,2.173,0.339,0.254,474.6,33.94,49.66,0.033,0.01,0.006,,,
7511,7511,7511,212170237,08 58 01.069,+23 29 36.24,1,17.642,,,,08580106+2329362,4569-301-2-0155-0021,EXTENDED,gri,,4,3,9,3,,,,,,,21.437,0.239,18.992,0.014,17.569,0.007,17.063,0.007,16.691,0.015,16.026,0.095,15.017,0.086,14.485,0.086,,,,,,,,,,,,,,,,,,,,,,,,,,,
7512,7512,7512,212170249,08 46 03.980,+23 29 36.92,1,10.989,,1943-2189-1,568-045084,08460398+2329368,,STAR,gri,rpm,-12.9,1.3,2,1.4,,,11.77,0.124,11.099,0.098,,,11.401,0.03,10.736,0.03,10.812,0.61,,,9.393,0.023,8.934,0.023,8.84,0.018,5079,101,81,2.444,0.945,0.075,-0.686,0.3,0.25,9.404,1.003,5.99,0.943,0.143,0.048,0.001,0.025,2.35E-04,1042,97.94,632.7,0.032,0.01,0.007,,,
7513,7513,7513,212170289,08 47 28.542,+23 29 40.21,1,17.531,,,,08472854+2329402,,STAR,J,rpm,10,3,4,7,,,,,,,,,,,,,,,,,16.033,0.094,15.315,0.136,14.663,0.092,3814,382,272,4.934,0.11,0.154,-0.128,0.2,0.28,0.337,0.137,0.097,0.372,0.173,0.144,8.168,6.867,3.731,552.5,321.2,203.1,0.033,0.008,0.007,,,
7514,7514,7514,212170313,08 55 32.996,+23 29 41.43,1,13.038,,,568-045395,08553300+2329414,,STAR,gri,rpm,-0.2,2,-7.9,2.3,,,14.292,0.046,13.325,0.01,,,13.804,0.02,13.021,0.01,12.71,0.01,,,11.576,0.022,11.048,0.021,10.968,0.02,4852,58,58,2.749,0.465,0.465,-0.458,0.25,0.35,6.36,3.978,2.447,0.963,0.176,0.068,0.004,0.013,0.003,1863,1243,646.1,0.035,0.011,0.008,,,
7515,7515,7515,212170363,09 03 08.667,+23 29 45.78,1,14.904,,,568-045668,09030867+2329457,5045-301-5-0169-0097,STAR,gri,rpm,-34.8,4.1,1.7,4.5,,,17.063,0.099,15.672,0.057,,,16.413,0.03,15.007,0.03,14.257,0.01,,,12.657,0.023,11.972,0.022,11.762,0.018,3835,38,92,4.872,0.108,0.02,0.045,0.06,0.18,0.414,0.008,0.105,0.457,0.019,0.118,6.53,4.818,0.392,152.6,7.781,43.06,0.023,0.014,0.01,,,
7516,7516,7516,212170400,09 00 07.230,+23 29 48.45,1,17.021,,,,09000722+2329484,5045-301-6-0165-0180,STAR,gri,rpm,32,3,-83,3,,,,,,,21.046,0.092,18.512,0.007,17.093,0.005,16.382,0.004,15.982,0.007,14.86,0.037,14.303,0.037,13.897,0.042,3696,36,37,5.058,0.02,0.02,-0.377,0.06,0.05,0.234,0.007,0.011,0.23,0.007,0.014,17.8,2.172,1.068,217.2,24.27,9.011,0.026,0.005,0.007,,,
7517,7517,7517,212170431,08 45 33.905,+23 29 50.99,1,17.564,,,,08453390+2329509,,STAR,J,col,,,,,,,,,,,,,,,,,,,,,16.064,0.103,15.563,0.117,14.747,0.11,3546,303,252,5.038,0.105,0.105,-0.088,0.16,0.28,0.226,0.113,0.065,0.229,0.15,0.083,16.7,12.99,8.328,360.3,217.4,135.6,0.03,0.01,0.008,,,
7518,7518,7518,212170538,08 41 37.206,+23 29 59.61,1,15.003,,,568-044912,08413720+2329596,,STAR,gri,rpm,-5.9,4.4,1.1,5,,,15.986,0.02,15.263,0.03,,,15.575,0.01,14.986,0.02,14.758,0.07,,,13.764,0.023,13.276,0.028,13.175,0.03,5218,121,121,3.377,1.095,1.095,-0.938,0.45,0.81,2.468,6.68,1.802,0.862,0.04,0.08,0.015,0.698,0.015,2768,4513,1942,0.032,0.01,0.008,,,
7519,7519,7519,212170547,08 46 51.845,+23 30 00.48,1,14.212,,,568-045111,08465184+2330005,,STAR,gri,col,,,,,,,14.802,0.03,14.161,0.01,,,14.428,0.01,13.963,0.02,14.119,0.54,,,12.912,0.024,12.64,0.037,12.532,0.022,5914,96,120,4.34,0.114,0.247,-0.165,0.2,0.24,1.088,0.44,0.156,1.007,0.114,0.114,0.734,0.327,0.431,782.2,307.5,131.6,0.034,0.01,0.007,,,
7520,7520,7520,212170586,08 43 08.894,+23 30 05.33,1,17.91,,,,08430889+2330053,,STAR,J,col,,,,,,,,,,,,,,,,,,,,,16.383,0.126,15.617,0.14,15.151,0.149,3840,470,336,4.93,0.135,0.162,-0.219,0.24,0.32,0.335,0.165,0.128,0.361,0.205,0.171,9.302,10.59,5.565,665,469.5,314.7,0.032,0.008,0.007,,,
7521,7521,7521,212170620,08 54 04.262,+23 30 08.14,1,17.848,,,,08540426+2330081,4569-301-3-0149-0226,EXTENDED,gri,,-1,3,2,3,,,,,,,21.023,0.124,18.878,0.011,17.853,0.007,17.407,0.007,17.068,0.016,16.024,0.079,15.27,0.098,14.981,0.101,,,,,,,,,,,,,,,,,,,,,,,,,,,
7522,7522,7522,212170624,08 59 21.595,+23 30 08.43,1,14.764,,,568-045527,08592159+2330087,,STAR,gri,rpm,-13.7,4.3,2.6,4.6,,,16.995,0.07,15.533,0.13,,,16.305,0.05,14.898,0.04,14.104,0.06,,,12.471,0.023,11.867,0.022,11.626,0.022,3625,115,43,4.978,0.025,0.03,0.065,0.08,0.34,0.297,0.031,0.039,0.314,0.06,0.019,11.65,2.038,1.961,90.74,13.44,8.364,0.012,0.005,0.002,,,
7523,7523,7523,212170651,08 39 05.953,+23 30 10.60,1,18.857,,,,08390595+2330106,,STAR,JHK,col,,,,,,,,,,,,,,,,,,,,,16.315,0.101,15.39,0.099,15.325,0.167,4138,266,320,4.807,0.133,0.095,-0.246,0.25,0.3,0.446,0.12,0.134,0.503,0.101,0.161,4.853,4.566,1.647,985.5,362.4,349.8,0.033,0.011,0.008,,,
7524,7524,7524,212170729,08 54 28.297,+23 30 16.59,1,17.064,,,,,4569-301-3-0150-0143,EXTENDED,gri,,,,,,,,,,,,19.068,0.075,17.831,0.012,17.149,0.01,16.735,0.01,16.553,0.032,,,,,,,,,,,,,,,,,,,,,,,,,,,,,,,,,
7525,7525,7525,212170751,08 45 25.821,+23 30 19.18,1,17.8,,,,08452582+2330191,,STAR,J,,,,,,,,,,,,,,,,,,,,,,16.282,0.107,15.506,0.116,,,,,,,,,,,,,,,,,,,,,,,,,,,,,
7526,7526,7526,212170761,08 54 28.267,+23 30 19.90,1,16.62,,,,08542826+2330199,4569-301-3-0150-0142,EXTENDED,gri,,,,,,,,,,,,19.761,0.083,17.727,0.008,16.641,0.005,16.145,0.005,15.758,0.011,15.321,0.071,14.394,0.096,13.923,0.078,,,,,,,,,,,,,,,,,,,,,,,,,,,
7527,7527,7527,212170772,08 45 24.652,+23 30 20.76,1,18.456,,,,,4508-301-2-0125-0444,EXTENDED,gri,,1,3,-6,3,,,,,,,20.025,0.077,18.879,0.018,18.439,0.018,18.274,0.021,18.208,0.067,,,,,,,,,,,,,,,,,,,,,,,,,,,,,,,,,
7528,7528,7528,212170870,08 53 28.939,+23 30 28.16,1,14.784,,,568-045334,08532893+2330283,4576-301-4-0141-0040,STAR,gri,rpm,-7.3,3.2,-13.1,3.6,,,15.795,0.08,14.962,0.05,,,15.367,0.04,14.688,0.04,14.535,0.04,,,13.406,0.027,12.97,0.027,12.89,0.027,5271,105,127,4.559,0.03,0.054,-0.18,0.2,0.24,0.788,0.077,0.051,0.844,0.062,0.074,1.651,0.223,0.337,626.5,77.09,59.32,0.034,0.008,0.006,,,
7529,7529,7529,212170917,08 50 30.566,+23 30 33.34,1,11.988,,1943-2222-1,568-045252,08503056+2330333,,STAR,gri,rpm,78.1,1.8,-23.3,2.1,,,13.016,0.334,12.088,0.194,,,12.604,0.05,11.976,0.04,11.725,0.04,,,10.69,0.02,10.297,0.023,10.167,0.018,5307,128,128,4.586,0.05,0.07,-0.527,0.54,0.45,0.729,0.125,0.078,0.761,0.123,0.088,1.851,0.479,0.51,194,90.31,61.62,0.024,0.008,0.006,,,
7530,7530,7530,212170935,08 53 39.429,+23 30 34.81,1,18.951,,,,08533942+2330348,,STAR,JHK,col,,,,,,,,,,,,,,,,,,,,,16.548,0.124,15.865,0.133,15.639,0.174,3946,494,423,4.905,0.145,0.174,-0.254,0.25,0.35,0.357,0.174,0.135,0.384,0.221,0.184,7.728,9.573,4.276,780.9,582.4,333.6,0.033,0.008,0.007,,,
7531,7531,7531,212170951,09 03 38.446,+23 30 36.62,1,12.92,,,568-045689,09033845+2330366,,STAR,gri,rpm,-8.6,2.2,-4.9,2.8,,,13.645,0.04,13.149,0.01,,,13.281,0.02,12.903,0.02,12.765,0.01,,,11.896,0.023,11.579,0.021,11.566,0.02,6035,95,95,4.176,0.24,0.24,-0.365,0.24,0.24,1.326,0.501,0.364,1.009,0.111,0.111,0.361,0.466,0.203,615.7,201.6,177.4,0.032,0.007,0.007,,,
7532,7532,7532,212170973,08 44 23.395,+23 30 38.07,1,14.166,,,568-045017,08442339+2330379,,STAR,gri,rpm,-3.1,4.8,-3.1,5.1,,,15.44,0.04,14.312,0.03,,,14.853,0.03,13.967,0.01,13.871,0.51,,,12.393,0.021,11.879,0.023,11.769,0.022,4801,76,57,4.549,0.084,1.568,-0.06,0.15,0.18,0.799,4.628,0.116,0.844,0.397,0.092,1.577,0.65,1.57,375.5,1970,83.48,0.032,0.006,0.006,,,
7533,7533,7533,212170984,09 04 10.910,+23 30 39.00,1,14.577,,,568-045705,09041090+2330390,,STAR,gri,rpm,51.2,4.6,7,5.1,,,15.583,0.07,14.889,0.01,,,15.125,0.03,14.548,0.03,14.343,0.04,,,13.245,0.023,12.885,0.024,12.828,0.029,5483,66,110,4.571,0.064,0.04,-0.719,0.3,0.3,0.728,0.063,0.076,0.729,0.051,0.051,1.861,0.509,0.295,555.2,36.43,76.51,0.035,0.005,0.01,,,
7534,7534,7534,212170994,08 41 34.967,+23 30 39.64,1,15.163,,,568-044910,08413496+2330397,4508-301-3-0120-0022,STAR,gri,rpm,5.6,4.4,1.5,5.1,,,16.195,0.05,15.441,0.03,,,15.756,0.02,15.199,0.03,14.909,0.06,,,13.983,0.029,13.56,0.036,13.45,0.032,5407,154,154,4.489,0.084,1.12,-0.56,0.4,0.64,0.869,2.211,0.124,0.86,0.048,0.086,1.223,0.553,1.197,972,2282,197.1,0.033,0.008,0.007,,,
7535,7535,7535,212171009,08 55 45.400,+23 30 40.90,1,14.465,,,568-045402,08554540+2330409,4576-301-3-0144-0115,STAR,gri,rpm,-19.4,3.1,14.6,3.4,,,16.039,0.02,14.872,0.05,,,15.535,0.02,14.404,0.049,14.006,0.01,,,12.688,0.022,12.048,0.022,11.954,0.022,4347,87,87,4.717,0.042,0.042,-0.07,0.16,0.2,0.578,0.053,0.058,0.644,0.058,0.07,3.299,0.622,0.617,247.9,32.04,28.38,0.029,0.008,0.006,,,
7536,7536,7536,212171056,09 04 18.461,+23 30 45.54,1,18.849,,,,09041846+2330455,5045-301-5-0171-0262,STAR,gri,rpm,-3,4,-51,4,,,,,,,23.192,0.424,20.478,0.024,19.071,0.012,18.151,0.009,17.689,0.017,16.397,0.109,15.705,0.125,15.788,0.205,3565,43,57,5.021,0.05,0.06,-0.029,0.12,0.12,0.248,0.05,0.035,0.241,0.056,0.04,14.56,4.633,3.514,440.7,97.51,69.39,0.03,0.008,0.005,,,
7537,7537,7537,212171057,08 51 50.232,+23 30 46.12,1,13.57,,,568-045291,08515022+2330462,,STAR,gri,rpm,-2,2.2,-1.1,2.4,,,14.756,0.03,13.847,0.06,,,14.283,0.05,13.551,0.04,13.264,0.02,,,12.207,0.023,11.722,0.021,11.598,0.019,4951,79,79,3.273,0.318,0.689,-0.339,0.24,0.44,3.879,3.608,1.087,1.032,0.212,0.133,0.015,0.034,0.014,1596,1525,398.7,0.033,0.01,0.007,,,
7538,7538,7538,212171076,08 58 53.562,+23 30 47.48,1,12.178,,,568-045513,08585357+2330474,,STAR,gri,lam,-4.5,3,-11.3,3.4,,,13.722,0.03,12.532,0.07,,,13.122,0.01,12.127,0.02,11.774,0.02,,,10.483,0.023,9.889,0.023,9.784,0.02,4578,91,73,2.744,0.096,0.176,0.085,0.08,0.14,7.971,1.714,0.818,1.291,0.177,0.147,0.002,9.32E-04,0.001,1341,295.2,140.3,0.033,0.008,0.006,,,
7539,7539,7539,212171089,08 57 06.231,+23 30 48.50,1,12.377,,,568-045451,08570622+2330485,,STAR,gri,lam,9.2,1.2,-10.9,0.6,,,12.777,0.01,12.431,0.06,,,12.534,0.03,12.325,0.01,12.25,0.01,,,11.488,0.02,11.17,0.017,11.113,0.02,7131,145,145,4.15,0.07,0.112,-0.021,0.08,0.08,1.666,0.344,0.149,1.521,0.109,0.078,0.309,0.08,0.114,741.7,146.7,79.13,0.034,0.013,0.007,,,
7540,7540,7540,212171120,09 03 32.358,+23 30 50.95,1,15.139,,,568-045683,09033235+2330511,,STAR,JHK,col,,,,,,,,,,,,,,,,,,,,,12.862,0.025,12.238,0.021,11.996,0.02,3642,134,134,4.986,0.075,0.075,-0.021,0.15,0.21,0.28,0.069,0.065,0.292,0.088,0.088,12.06,7.499,4,99.98,33.04,24.83,0.016,0.006,0.005,,,
7541,7541,7541,212171139,08 38 16.313,+23 30 52.90,1,16.732,,,,08381631+2330528,4517-301-3-0124-0212,EXTENDED,gri,,2,3,0,3,,,,,,,19.443,0.063,17.633,0.007,16.738,0.005,16.346,0.005,16.019,0.011,15.865,0.13,15.418,0.16,14.991,0.138,,,,,,,,,,,,,,,,,,,,,,,,,,,
7542,7542,7542,212171149,08 47 07.344,+23 30 53.84,1,13.801,,,568-045122,08470733+2330538,,STAR,gri,rpm,-9.9,2.8,-4.9,3.2,,,14.888,0.01,13.851,0.03,,,14.345,0.02,13.502,0.04,13.568,0.61,,,12.012,0.024,11.482,0.03,11.385,0.022,4883,77,96,3.362,1.098,0.61,-0.129,0.15,0.24,3.093,2.747,2.42,0.992,0.208,0.208,0.03,1.766,0.026,1129,1199,863.5,0.033,0.007,0.01,,,
7543,7543,7543,212171167,08 39 27.626,+23 30 55.30,1,12.634,,,568-044827,08392763+2330554,,STAR,gri,rpm,-21.9,1.7,-7.4,1,,,13.126,0.01,12.564,0.03,,,12.775,0.01,12.385,0.04,12.574,0.6,,,11.412,0.02,11.14,0.018,11.098,0.02,6107,122,122,4.267,0.1,0.16,-0.213,0.2,0.2,1.223,0.286,0.15,1.056,0.107,0.107,0.526,0.226,0.229,454.7,102.4,61.4,0.031,0.01,0.008,,,
7544,7544,7544,212171169,08 45 53.201,+23 30 55.52,1,19.215,,,,,4569-301-5-0138-0249,EXTENDED,gri,,2,3,-2,3,,,,,,,20.556,0.097,19.429,0.018,19.144,0.019,18.854,0.023,18.81,0.072,,,,,,,,,,,,,,,,,,,,,,,,,,,,,,,,,
7545,7545,7545,212171262,08 56 51.908,+23 31 05.37,1,15.15,,,568-045441,08565190+2331054,4576-301-3-0146-0013,STAR,gri,rpm,-0.3,4.3,-0.8,4.6,,,16.22,0.04,15.37,0.05,,,15.758,0.048,15.148,0.04,14.889,0.04,,,13.783,0.028,13.295,0.029,13.232,0.032,5129,120,120,3.545,1.106,0.948,-0.713,0.5,0.6,2.389,4.438,1.687,0.864,0.057,0.086,0.036,1.413,0.034,2167,3873,1614,0.034,0.01,0.007,,,
7546,7546,7546,212171266,08 47 11.496,+23 31 05.62,1,17.493,,,,08471149+2331056,4569-301-5-0140-0185,EXTENDED,gri,,-8,3,0,3,,,,,,,20.477,0.09,18.573,0.01,17.524,0.007,17.03,0.007,16.658,0.013,15.864,0.083,15.165,0.116,14.594,0.089,,,,,,,,,,,,,,,,,,,,,,,,,,,
7547,7547,7547,212171278,08 47 50.055,+23 31 06.44,1,12.75,,,568-045151,08475005+2331064,,STAR,gri,rpm,2.6,2.1,-8.7,2.6,,,13.901,0.04,12.893,0.05,,,13.384,0.04,12.577,0.03,12.477,0.47,,,11.135,0.023,10.632,0.029,10.53,0.02,4893,79,79,3.145,0.355,0.781,-0.298,0.25,0.3,4.376,5.616,1.369,1.085,0.168,0.168,0.01,0.023,0.009,1140,1220,347.6,0.033,0.01,0.008,,,
7548,7548,7548,212171284,08 41 02.279,+23 31 07.47,1,17.836,,,,08410227+2331074,4508-301-3-0119-0150,EXTENDED,gri,,4,3,0,3,,,,,,,20.847,0.108,18.84,0.011,17.816,0.007,17.405,0.007,17.033,0.015,16.25,0.106,15.773,0.148,15.053,0.126,,,,,,,,,,,,,,,,,,,,,,,,,,,
7549,7549,7549,212171291,08 39 19.809,+23 31 07.92,1,17.66,,,,08391980+2331079,4517-301-3-0125-0210,EXTENDED,gri,,-3,3,-1,3,,,,,,,20.064,0.08,18.592,0.01,17.719,0.007,17.26,0.007,16.952,0.016,16.293,0.109,15.76,0.146,14.842,0.114,,,,,,,,,,,,,,,,,,,,,,,,,,,
7550,7550,7550,212171310,08 56 02.493,+23 31 09.25,1,11.006,,1950-543-1,568-045414,08560249+2331092,,STAR,gri,plx,-4.5,1.6,-17.9,1.6,,,11.683,0.106,11.221,0.113,,,11.33,0.02,10.991,0.01,10.866,0.01,,,10.11,0.022,9.889,0.021,9.793,0.017,6262,101,101,3.849,0.15,0.125,-0.062,0.12,0.15,2.264,0.477,0.464,1.46,0.17,0.17,0.116,0.07,0.044,559.7,167.8,167.8,0.032,0.013,0.008,,,
7551,7551,7551,212171311,08 58 53.778,+23 31 09.33,1,12.973,,,568-045514,08585378+2331094,,STAR,gri,rpm,9.7,4.6,-4.2,4.9,,,15.334,0.03,13.891,0.06,,,14.627,0.01,13.202,0.02,12.264,0.02,,,10.554,0.022,9.95,0.021,9.707,0.02,3790,91,114,4.945,0.02,0.096,-0.081,0.21,0.09,0.338,0.09,0.015,0.372,0.108,0.019,9.325,0.9,3.441,64.6,8.184,15.42,0.008,0.011,0.002,,,
7552,7552,7552,212171313,08 42 21.363,+23 31 09.55,1,18.362,,,,08422136+2331095,,STAR,JHK,col,,,,,,,,,,,,,,,,,,,,,15.829,0.086,15.18,0.103,14.852,0.12,3941,505,361,4.901,0.145,0.174,-0.185,0.2,0.32,0.359,0.171,0.134,0.388,0.187,0.187,7.338,8.716,3.984,568.2,412.4,239,0.032,0.008,0.007,,,
7553,7553,7553,212171339,08 54 43.629,+23 31 11.51,1,17.666,,,,08544362+2331115,4569-301-3-0150-0193,EXTENDED,gri,,2,4,8,3,,,,,,,20.403,0.092,18.658,0.011,17.722,0.007,17.241,0.007,16.874,0.017,16.269,0.102,15.262,0.089,14.887,0.112,,,,,,,,,,,,,,,,,,,,,,,,,,,
7554,7554,7554,212171387,09 04 41.401,+23 31 14.86,1,10.506,,1950-1738-1,568-045723,09044140+2331148,,STAR,gri,rpm,12.1,1.3,-20.8,1.4,,,11.081,0.07,10.794,0.084,,,10.882,0.02,10.495,0.02,10.345,0.02,,,9.566,0.023,9.293,0.022,9.248,0.02,6049,95,95,4.067,0.287,0.205,-0.108,0.16,0.28,1.555,0.552,0.475,1.133,0.207,0.148,0.267,0.388,0.141,239.7,84.4,62.42,0.028,0.008,0.007,,,
7555,7555,7555,212171399,08 46 13.047,+23 31 15.57,1,13.945,,,568-045089,08461304+2331153,,STAR,gri,rpm,-1.9,3.1,-2.6,3.6,,,15.129,0.05,14.026,0.05,,,14.564,0.02,13.699,0.03,13.68,0.58,,,12.096,0.023,11.524,0.022,11.428,0.02,4740,93,93,2.716,0.756,0.63,-0.315,0.3,0.42,6.391,5.32,3.654,0.969,0.244,0.152,0.003,0.056,0.003,2461,1855,1340,0.033,0.008,0.006,,,
7556,7556,7556,212171417,08 40 34.692,+23 31 17.42,1,18.05,,,,08403469+2331174,4508-301-3-0118-0438,EXTENDED,gri,,4,3,-2,3,,,,,,,21.195,0.126,19.182,0.013,18.002,0.008,17.565,0.007,17.22,0.015,16.214,0.1,15.78,0.162,14.99,0.136,,,,,,,,,,,,,,,,,,,,,,,,,,,
7557,7557,7557,212171426,08 57 07.733,+23 31 18.20,1,18.949,,,,,4576-301-3-0146-0186,STAR,gri,,1,4,2,4,,,,,,,19.97,0.041,19.484,0.013,19.143,0.014,18.72,0.014,18.596,0.042,,,,,,,,,,,,,,,,,,,,,,,,,,,,,,,,,
7558,7558,7558,212171428,08 44 57.609,+23 31 18.24,1,17.439,,,,08445760+2331182,,STAR,J,rpm,10,3,2,4,,,,,,,,,,,,,,,,,15.947,0.096,15.291,0.117,14.515,0.106,3712,369,230,4.962,0.09,0.144,-0.11,0.18,0.27,0.308,0.148,0.086,0.33,0.173,0.124,10.47,7.519,5.002,468.1,308.1,161,0.032,0.008,0.007,,,
7559,7559,7559,212171452,08 53 55.163,+23 31 20.14,1,14.442,,,568-045348,08535515+2331202,,STAR,gri,rpm,-14.7,3.2,1.8,3.5,,,15.52,0.03,14.683,0.04,,,15.062,0.04,14.398,0.04,14.176,0.04,,,13.184,0.025,12.749,0.021,12.661,0.028,5232,125,104,4.564,0.035,0.707,-0.232,0.25,0.35,0.795,1.157,0.068,0.847,0.063,0.089,1.656,0.29,1.531,562.5,806.8,67.14,0.034,0.01,0.008,,,
7560,7560,7560,212171499,08 56 08.555,+23 31 23.76,1,10.448,,1950-557-1,568-045418,08560855+2331237,,STAR,gri,rpm,-0.7,1.5,-0.2,1.5,,,11.587,0.118,10.654,0.075,,,11.207,0.01,10.441,0.04,10.123,0.06,,,8.992,0.03,8.533,0.044,8.336,0.024,4887,79,79,2.442,0.416,0.078,-0.388,0.24,0.2,10.667,0.737,2.391,1.149,0.491,0.144,9.24E-04,0.002,1.64E-04,939,71.8,186.2,0.032,0.011,0.008,,,
7561,7561,7561,212171546,08 54 00.799,+23 31 28.11,1,11.811,,,568-045351,08540079+2331282,,STAR,gri,rpm,-0.2,0.9,-36.7,1,,,12.605,0.05,11.982,0.05,,,12.264,0.06,11.8,0.05,11.617,0.04,,,10.737,0.023,10.405,0.021,10.34,0.019,5781,172,137,4.404,0.108,0.342,-0.218,0.24,0.2,1.012,0.517,0.139,0.962,0.098,0.082,0.936,0.417,0.648,272.3,139.8,50.96,0.027,0.01,0.006,,,
7562,7562,7562,212171584,08 51 08.584,+23 31 31.19,1,17.753,,,,08510858+2331311,4569-301-4-0145-0194,EXTENDED,gri,,0,3,-2,3,,,,,,,19.78,0.061,18.513,0.01,17.837,0.008,17.427,0.008,17.212,0.025,16.612,0.134,16.034,0.196,15.468,0.161,,,,,,,,,,,,,,,,,,,,,,,,,,,
7563,7563,7563,212171592,08 46 34.208,+23 31 31.88,1,11.108,,1943-1273-1,568-045098,08463421+2331315,,STAR,gri,rpm,-10.3,1.8,-10.1,1.9,,,12.748,0.429,11.251,0.125,,,11.816,0.02,10.856,0.03,10.804,0.61,,,9.149,0.026,8.531,0.033,8.349,0.021,4570,73,73,2.398,0.19,0.304,-0.107,0.16,0.32,11.234,3.413,2.228,1.199,0.177,0.212,8.24E-04,7.47E-04,4.90E-04,978.5,248.8,168.4,0.033,0.01,0.007,,,
7564,7564,7564,212171643,08 52 56.753,+23 31 36.21,1,16.387,,,,08525675+2331362,4576-301-4-0140-0201,STAR,gri,rpm,-48,3,-23,3,,,,,,,21.001,0.087,18.522,0.008,16.994,0.005,15.472,0.004,14.634,0.005,13.172,0.025,12.534,0.024,12.299,0.025,3535,106,149,5.085,0.078,0.03,-0.336,0.44,0.16,0.207,0.015,0.038,0.197,0.017,0.042,21.23,10.1,2.951,84.19,9.622,19.26,0.011,0.005,0.002,,,
7565,7565,7565,212171680,08 43 00.263,+23 31 39.78,1,18.364,,,,,4517-301-2-0130-0350,EXTENDED,gri,,0,5,6,5,,,,,,,20.801,0.214,18.891,0.018,18.398,0.017,18.138,0.019,17.991,0.054,,,,,,,,,,,,,,,,,,,,,,,,,,,,,,,,,
7566,7566,7566,212171687,08 57 05.381,+23 31 40.38,1,14.886,,,568-045449,08570537+2331404,4576-301-3-0146-0043,STAR,gri,rpm,-5.5,4.5,2.2,4.8,,,16.148,0.04,15.224,0.08,,,15.67,0.01,14.84,0.01,14.55,0.06,,,13.436,0.024,12.936,0.026,12.862,0.031,4923,59,79,4.606,0.025,0.045,-0.085,0.12,0.15,0.737,0.071,0.041,0.803,0.056,0.056,1.967,0.261,0.368,539.2,67.46,38.3,0.034,0.008,0.008,,,
7567,7567,7567,212171694,08 55 56.752,+23 31 40.88,1,11.927,,1950-343-1,568-045411,08555673+2331410,,STAR,gri,rpm,-9.9,2.1,5.6,2.1,,,12.144,0.202,11.596,0.162,,,12.293,0.02,11.922,0.04,11.77,0.01,,,11.007,0.026,10.754,0.026,10.682,0.025,6124,148,148,4.124,0.24,0.288,-0.084,0.15,0.24,1.501,0.811,0.399,1.181,0.214,0.178,0.3,0.419,0.195,447.8,253.2,122.7,0.032,0.012,0.01,,,
7568,7568,7568,212171707,08 59 13.683,+23 31 41.77,1,16.57,,,,,4569-301-2-0156-0083,STAR,gri,,16,3,-12,3,,,,,,,16.249,0.006,16.265,0.004,16.672,0.005,16.965,0.006,17.254,0.013,,,,,,,,,,,,,,,,,,,,,,,,,,,,,,,,,
7569,7569,7569,212171723,08 52 39.907,+23 31 43.17,1,17.646,,,,08523990+2331431,4576-301-4-0140-0151,STAR,gri,rpm,49,3,-132,3,,,,,,,22.019,0.191,19.462,0.012,18.043,0.007,16.867,0.006,16.27,0.009,14.976,0.034,14.439,0.04,14.124,0.059,3315,79,39,5.129,0.02,0.048,0.047,0.08,0.12,0.178,0.035,0.004,0.156,0.037,0.005,27.38,1.643,7.316,103.5,58.49,33,0.019,0.007,0.007,,,
7570,7570,7570,212171730,08 42 56.520,+23 31 43.63,1,17.005,,,568-044962,08425652+2331436,,STAR,JHK,rpm,1.6,6.9,-1.9,6.6,,,,,,,,,,,,,,,,,14.508,0.052,13.812,0.064,13.557,0.06,4205,315,315,4.756,0.114,0.095,-0.101,0.16,0.24,0.512,0.111,0.123,0.573,0.113,0.135,4.098,3.223,1.39,488.4,168.9,146.5,0.031,0.011,0.007,,,
7571,7571,7571,212171731,08 41 47.303,+23 31 43.71,1,18.785,,,,,4508-301-3-0120-0075,STAR,gri,,3,6,-61,6,,,,,,,18.994,0.021,18.648,0.008,18.831,0.01,18.988,0.013,19.168,0.039,,,,,,,,,,,,,,,,,,,,,,,,,,,,,,,,,
7572,7572,7572,212171818,08 54 01.636,+23 31 51.26,1,17.438,,,,08540163+2331512,4569-301-3-0149-0058,EXTENDED,gri,,-2,3,-1,3,,,,,,,20.535,0.113,18.506,0.01,17.44,0.007,16.98,0.006,16.619,0.015,16.071,0.098,15.158,0.115,14.714,0.097,,,,,,,,,,,,,,,,,,,,,,,,,,,
7573,7573,7573,212171824,08 46 10.018,+23 31 52.03,1,17.272,,,,08461001+2331520,,STAR,J,col,,,,,,,,,,,,,,,,,,,,,15.792,0.092,15.027,0.094,14.533,0.092,3766,416,356,4.965,0.12,0.168,-0.145,0.2,0.28,0.306,0.157,0.104,0.327,0.182,0.151,9.685,9.863,5.515,467.2,324.4,219.1,0.031,0.01,0.008,,,
7574,7574,7574,212171839,08 56 09.747,+23 31 53.08,1,15.017,,,568-045419,08560974+2331531,4576-301-3-0145-0042,STAR,gri,rpm,4.5,5.3,2,5.2,,,16.296,0.04,15.398,0.1,,,15.764,0.04,14.976,0.05,14.697,0.04,,,13.494,0.022,13.016,0.026,12.901,0.026,5000,100,80,4.58,0.035,1.134,-0.14,0.2,0.32,0.767,2.385,0.053,0.826,0.136,0.057,1.816,0.269,1.782,585.8,1749,50.31,0.033,0.008,0.008,,,
7575,7575,7575,212171851,08 53 19.878,+23 31 54.36,1,14.143,,,568-045329,08531987+2331545,4576-301-4-0141-0026,STAR,gri,rpm,-4.6,3.2,0.1,3.5,,,15.194,0.02,14.425,0.03,,,14.823,0.03,14.116,0.05,13.852,0.04,,,12.557,0.022,12.002,0.023,11.894,0.019,4900,97,77,2.769,0.624,0.624,-0.582,0.3,0.54,6.059,6.618,2.841,0.939,0.175,0.105,0.003,0.02,0.003,2691,2726,1058,0.032,0.012,0.005,,,
7576,7576,7576,212171857,08 53 11.515,+23 31 54.89,1,18.762,,,,,4576-301-4-0141-0006,STAR,gri,,2,3,-2,3,,,,,,,18.86,0.022,19.014,0.009,18.655,0.01,18.654,0.012,18.858,0.052,,,,,,,,,,,,,,,,,,,,,,,,,,,,,,,,,
7577,7577,7577,212171879,08 48 28.510,+23 31 56.61,1,15.013,,,568-045178,08482850+2331565,,STAR,gri,rpm,-1.5,4.4,-5.2,5,,,16.539,0.09,15.41,0.05,,,16.044,0.05,14.968,0.1,14.572,0.05,,,13.275,0.022,12.722,0.033,12.565,0.022,4610,141,169,4.652,0.063,0.035,-0.092,0.18,0.27,0.659,0.057,0.085,0.726,0.063,0.1,2.455,0.759,0.404,411.5,50.21,69.22,0.03,0.008,0.006,,,
7578,7578,7578,212171905,08 44 17.438,+23 31 58.53,1,14.854,,,568-045013,08441743+2331582,4508-301-2-0123-0104,EXTENDED,gri,,-0.4,3.2,0.7,3.7,,,15.565,0.05,14.897,0.04,,,15.171,0.02,14.706,0.05,14.719,0.48,,,13.611,0.028,13.354,0.03,13.335,0.032,,,,,,,,,,,,,,,,,,,,,,,,,,,
7579,7579,7579,212171969,08 39 03.382,+23 32 04.24,1,19.274,,,,,4517-301-3-0125-0174,STAR,gri,,2,5,9,5,,,,,,,19.824,0.037,19.565,0.013,19.209,0.013,19.149,0.015,19.119,0.044,,,,,,,,,,,,,,,,,,,,,,,,,,,,,,,,,
7580,7580,7580,212171972,08 44 11.664,+23 32 04.59,1,16.553,,,,08441166+2332045,,EXTENDED,JHK,,,,,,,,,,,,,,,,,,,,,,14.469,0.058,13.861,0.077,13.661,0.082,,,,,,,,,,,,,,,,,,,,,,,,,,,
7581,7581,7581,212172020,08 39 14.245,+23 32 08.64,1,12.553,,,568-044815,08391425+2332087,,STAR,gri,rpm,-11.3,1.7,-0.5,2.2,,,13.604,0.01,12.671,0.03,,,13.116,0.01,12.296,0.04,12.312,0.58,,,10.874,0.023,10.335,0.02,10.254,0.018,4831,77,77,3.033,0.354,0.649,-0.273,0.2,0.28,5.221,4.582,1.79,1.065,0.206,0.129,0.007,0.017,0.007,1108,899.2,332.3,0.032,0.01,0.007,,,
7582,7582,7582,212172027,08 38 16.713,+23 32 09.66,1,13.511,,,568-044772,08381671+2332097,,STAR,gri,rpm,2.5,2.4,0.5,2.7,,,14.537,0.04,13.599,0.03,,,14.018,0.01,13.303,0.05,13.294,0.57,,,11.833,0.027,11.346,0.03,11.227,0.018,4991,80,80,3.122,0.402,0.737,-0.489,0.25,0.3,4.424,5.947,1.535,1.009,0.181,0.101,0.011,0.027,0.01,1563,1760,534.9,0.033,0.012,0.007,,,
7583,7583,7583,212172093,08 54 08.387,+23 32 16.01,1,17.022,,,,08540838+2332160,4569-301-3-0149-0255,EXTENDED,gri,,4,3,1,3,,,,,,,19.892,0.08,18.014,0.009,17.023,0.006,16.597,0.006,16.257,0.014,15.951,0.083,15.027,0.106,14.708,0.089,,,,,,,,,,,,,,,,,,,,,,,,,,,
7584,7584,7584,212172112,08 56 03.835,+23 32 17.50,1,14.502,,,568-045416,08560382+2332175,4576-301-3-0145-0031,STAR,gri,rpm,-18.5,3.2,3.2,3.5,,,15.416,0.05,14.674,0.01,,,15.047,0.01,14.458,0.03,14.268,0.07,,,13.251,0.026,12.816,0.026,12.744,0.029,5392,85,106,4.547,0.048,0.752,-0.382,0.25,0.4,0.796,1.182,0.079,0.833,0.072,0.087,1.617,0.305,1.487,595.8,833.5,64.8,0.031,0.007,0.008,,,
7585,7585,7585,212172115,08 45 59.994,+23 32 17.80,1,16.971,,,,08455999+2332177,,STAR,J,rpm,4,4,8,2,,,,,,,,,,,,,,,,,15.511,0.073,14.667,0.069,14.285,0.073,4049,238,286,4.808,0.112,0.08,-0.132,0.2,0.24,0.452,0.101,0.107,0.514,0.087,0.139,4.984,3.677,1.456,668.9,179,211.2,0.033,0.01,0.007,,,
7586,7586,7586,212172132,08 54 17.843,+23 32 19.31,1,17.266,,,,08541784+2332193,4569-301-3-0150-0123,EXTENDED,gri,,-1,3,-1,3,,,,,,,20.332,0.089,18.289,0.009,17.262,0.006,16.828,0.006,16.486,0.013,15.786,0.08,14.898,0.082,14.759,0.101,,,,,,,,,,,,,,,,,,,,,,,,,,,
7587,7587,7587,212172160,08 40 55.348,+23 32 21.85,1,16.709,,,,08405534+2332218,4508-301-3-0119-0140,EXTENDED,gri,,5,3,1,3,,,,,,,19.335,0.06,17.653,0.007,16.744,0.005,16.305,0.005,15.968,0.011,15.911,0.11,15.229,0.138,14.761,0.125,,,,,,,,,,,,,,,,,,,,,,,,,,,
7588,7588,7588,212172171,08 40 22.695,+23 32 22.56,1,14.454,,,568-044864,,,STAR,gri,,-5.1,6.1,-28.3,5.8,,,15.761,0.02,14.85,0.05,,,15.302,0.02,14.522,0.04,14.09,0.03,,,,,,,,,,,,,,,,,,,,,,,,,,,,,,,,,,,
7589,7589,7589,212172273,08 54 23.103,+23 32 30.75,1,18.243,,,,08542310+2332307,4569-301-3-0150-0137,EXTENDED,gri,,-4,3,0,3,,,,,,,20.988,0.123,19.265,0.014,18.259,0.009,17.805,0.009,17.524,0.023,16.332,0.112,15.843,0.153,15.437,0.162,,,,,,,,,,,,,,,,,,,,,,,,,,,
7590,7590,7590,212172310,08 59 44.710,+23 32 32.76,1,15.383,,,568-045549,08594471+2332329,4569-301-2-0157-0052,STAR,gri,rpm,-1.7,4.1,-3,4.5,,,17.272,0.09,15.939,0.09,,,16.577,0.04,15.345,0.06,14.872,0.03,,,13.41,0.023,12.735,0.022,12.595,0.019,4170,99,124,4.768,0.045,0.054,-0.028,0.12,0.18,0.512,0.063,0.048,0.578,0.072,0.051,4.138,0.953,0.889,289.6,52.84,38.75,0.029,0.008,0.01,,,
7591,7591,7591,212172343,08 38 12.267,+23 32 36.28,1,13.635,,,568-044769,08381226+2332363,,STAR,gri,rpm,-2,2.5,-7.1,2.7,,,14.582,0.03,13.698,0.04,,,14.112,0.01,13.363,0.05,13.431,0.58,,,12.036,0.029,11.543,0.033,11.451,0.02,4975,120,100,3.332,0.42,0.91,-0.409,0.36,0.42,3.586,5.538,1.338,0.979,0.217,0.099,0.02,0.056,0.019,1335,1844,469.9,0.033,0.008,0.006,,,
7592,7592,7592,212172353,08 45 52.062,+23 32 37.50,1,17.188,,,,08455206+2332375,,STAR,J,col,,,,,,,,,,,,,,,,,,,,,15.713,0.077,15.188,0.123,14.549,0.084,3618,347,248,5.017,0.105,0.147,-0.132,0.2,0.28,0.262,0.142,0.08,0.263,0.183,0.102,13.48,11.05,6.906,352.6,265.3,131.7,0.029,0.01,0.008,,,
7593,7593,7593,212172378,08 45 37.487,+23 32 39.70,1,14.695,,,568-045070,08453748+2332397,4508-301-2-0125-0085,STAR,gri,rpm,-0.3,4.5,-3,5,,,15.8,0.03,15.049,0.02,,,15.392,0.02,14.78,0.01,14.396,0.24,,,13.504,0.026,13.028,0.022,12.934,0.028,5218,100,120,3.345,1.005,1.005,-0.905,0.55,0.66,2.866,5.969,2.124,0.879,0.04,0.087,0.023,0.679,0.022,2076,3994,1503,0.034,0.008,0.008,,,
7594,7594,7594,212172412,08 53 17.933,+23 32 43.02,1,12.633,,,568-045328,08531793+2332432,,STAR,gri,rpm,3,1.4,-22.9,1.7,,,13.549,0.05,12.841,0.04,,,13.163,0.05,12.623,0.04,12.406,0.04,,,11.414,0.023,11.064,0.023,10.999,0.023,5603,167,134,4.464,0.066,0.55,-0.122,0.16,0.32,0.949,0.866,0.091,0.957,0.058,0.081,1.088,0.327,0.929,326.9,297.1,45.31,0.03,0.01,0.007,,,
7595,7595,7595,212172415,08 50 48.679,+23 32 43.10,1,15.117,,,568-045261,08504868+2332432,4569-301-4-0145-0047,STAR,gri,rpm,-0.4,3,-1.3,3.3,,,15.974,0.07,15.333,0.06,,,15.647,0.06,15.138,0.05,14.891,0.06,,,13.964,0.023,13.505,0.029,13.425,0.032,5267,153,153,3.898,0.656,0.984,-0.64,0.4,0.72,1.839,3.792,1.239,0.861,0.048,0.086,0.149,1.399,0.145,1580,3099,940.5,0.033,0.008,0.008,,,
7596,7596,7596,212172425,08 44 57.936,+23 32 43.67,1,16.757,,,,08445793+2332436,4508-301-2-0124-0243,EXTENDED,gri,,-3,3,5,3,,,,,,,19.785,0.076,17.806,0.008,16.748,0.005,16.308,0.005,15.907,0.009,15.737,0.086,15.026,0.106,14.599,0.107,,,,,,,,,,,,,,,,,,,,,,,,,,,
7597,7597,7597,212172434,08 59 27.286,+23 32 44.43,1,12.65,,,568-045534,08592728+2332445,,STAR,gri,lam,-3,2,-2.9,1.3,,,13.316,0.02,12.813,0.08,,,13.014,0.01,12.627,0.02,12.494,0.02,,,11.678,0.022,11.396,0.022,11.358,0.019,6121,122,122,4.089,0.14,0.12,-0.468,0.18,0.15,1.485,0.201,0.231,0.986,0.078,0.078,0.291,0.166,0.093,613.4,88.94,89.63,0.034,0.008,0.008,,,
7598,7598,7598,212172465,08 43 40.562,+23 32 46.29,1,11.859,,1942-1852-1,568-044993,08434059+2332463,,STAR,gri,plx,-16.9,1.7,-11.9,1.9,,,12.368,0.227,11.956,0.207,,,12.034,0.01,11.801,0.02,11.967,0.52,,,11.022,0.025,10.869,0.022,10.798,0.018,6756,109,136,4.24,0.04,0.12,-0.123,0.18,0.18,1.449,0.249,0.137,1.319,0.133,0.133,0.44,0.083,0.159,342.8,68.58,68.58,0.029,0.01,0.004,,,
7599,7599,7599,212172470,08 53 40.968,+23 32 46.81,1,17.195,,,,08534096+2332468,4576-301-4-0141-0184,EXTENDED,gri,,6,2,8,2,,,,,,,18.765,0.038,17.77,0.007,17.311,0.007,16.949,0.007,16.815,0.024,16.497,0.124,15.813,0.157,15.416,0.15,,,,,,,,,,,,,,,,,,,,,,,,,,,
7600,7600,7600,212172513,08 41 34.512,+23 32 50.87,1,12.988,,,568-044909,08413451+2332508,,STAR,gri,rpm,5.9,2.1,1.8,3.7,,,13.526,0.02,12.932,0.03,,,13.161,0.01,12.757,0.03,12.914,0.59,,,11.689,0.022,11.376,0.021,11.345,0.021,6040,95,95,4.171,0.205,0.246,-0.131,0.15,0.21,1.363,0.541,0.331,1.091,0.133,0.111,0.338,0.468,0.174,590.8,177.3,159.6,0.031,0.011,0.008,,,
7601,7601,7601,212172516,08 50 32.320,+23 32 51.14,1,14.048,,,568-045253,08503231+2332511,,STAR,gri,rpm,-19.4,3.3,0.7,3.5,,,15.149,0.04,14.316,0.03,,,14.71,0.06,14.037,0.03,13.765,0.05,,,12.698,0.021,12.203,0.023,12.131,0.022,5054,100,80,4.555,0.07,1.092,-0.476,0.4,0.2,0.781,2.072,0.112,0.835,0.104,0.145,1.653,0.577,1.617,437,1141,88.6,0.034,0.011,0.006,,,
7602,7602,7602,212172535,08 47 24.189,+23 32 52.67,1,15.624,,,568-045134,08472418+2332526,4569-301-5-0140-0083,STAR,gri,rpm,-3.3,4.3,-2.6,4.9,,,16.762,0.08,15.918,0.04,,,16.222,0.03,15.585,0.065,15.367,0.105,,,14.229,0.028,13.723,0.037,13.667,0.047,5141,150,120,4.559,0.05,1.35,-0.441,0.36,0.48,0.787,3.009,0.087,0.823,0.096,0.08,1.611,0.513,1.597,894.1,3253,129.6,0.032,0.008,0.007,,,
7603,7603,7603,212172538,08 55 56.127,+23 32 53.00,1,13.978,,,568-045410,08555612+2332530,,STAR,gri,rpm,-10,3.3,-6.8,3.6,,,15.173,0.04,14.256,0.02,,,14.699,0.01,13.959,0.045,13.669,0.01,,,12.562,0.022,12.068,0.022,11.969,0.018,4978,99,59,3.627,1.02,0.595,-0.306,0.24,0.42,2.655,1.639,1.975,0.869,0.138,0.115,0.046,2.032,0.037,1313,900.3,970,0.031,0.01,0.006,,,
7604,7604,7604,212172579,09 00 31.610,+23 32 56.33,1,14.421,,,568-045573,09003161+2332564,,STAR,gri,rpm,-4.3,4.5,-16.9,4.9,,,15.686,0.03,14.865,0.044,,,15.188,0.042,14.435,0.049,14.092,0.073,,,12.987,0.023,12.515,0.024,12.4,0.023,5035,119,79,4.584,0.03,0.792,-0.165,0.2,0.32,0.761,1.282,0.056,0.81,0.077,0.077,1.866,0.276,0.411,461.4,77.22,42.53,0.032,0.01,0.007,,,
7605,7605,7605,212172601,08 54 11.776,+23 32 58.42,1,15.374,,,,08541177+2332584,4569-301-3-0149-0102,EXTENDED,gri,,-8,3,-10,3,,,,,,,18.493,0.054,16.425,0.005,15.364,0.003,14.923,0.003,14.568,0.008,15.02,0.084,14.32,0.111,14.068,0.097,,,,,,,,,,,,,,,,,,,,,,,,,,,
7606,7606,7606,212172606,08 57 56.267,+23 32 58.55,1,12.462,,,568-045480,08575626+2332585,,STAR,gri,lam,-7.1,1.2,-1.8,1.3,,,13.146,0.03,12.628,0.07,,,12.837,0.01,12.451,0.02,12.301,0.02,,,11.492,0.021,11.237,0.023,11.163,0.02,6089,148,123,4.056,0.15,0.125,-0.321,0.12,0.15,1.529,0.335,0.275,1.049,0.136,0.085,0.252,0.204,0.098,592.5,128.1,105.3,0.033,0.014,0.01,,,
7607,7607,7607,212172616,08 47 35.726,+23 32 59.20,1,14.969,,,568-045141,08473571+2332592,,STAR,gri,rpm,1.5,4.5,-3,5,,,16.15,0.05,15.188,0.04,,,15.643,0.02,14.786,0.07,14.681,0.42,,,13.316,0.024,12.833,0.031,12.7,0.023,4942,118,98,4.584,0.04,1.208,-0.137,0.2,0.24,0.754,2.576,0.052,0.817,0.176,0.063,1.859,0.325,1.831,534.5,1835,58.56,0.034,0.008,0.007,,,
7608,7608,7608,212172621,08 44 33.213,+23 32 59.95,1,11.764,,1942-2172-1,568-045025,08443320+2332597,,STAR,gri,rpm,0.7,1.7,-3,1.8,,,12.011,0.186,11.469,0.151,,,11.921,0.01,11.712,0.02,11.904,0.52,,,10.995,0.02,10.851,0.023,10.811,0.022,6895,138,138,4.126,0.102,0.34,-0.027,0.12,0.1,1.658,1.002,0.204,1.485,0.241,0.06,0.274,0.141,0.195,586.6,354.3,72.15,0.032,0.006,0.006,,,
7609,7609,7609,212172678,08 45 50.676,+23 33 04.98,1,18.105,,,,08455067+2333049,,STAR,J,col,,,,,,,,,,,,,,,,,,,,,16.56,0.149,15.836,0.165,15.138,0.146,3749,449,321,4.989,0.12,0.168,-0.219,0.24,0.32,0.282,0.15,0.098,0.3,0.216,0.135,11.29,11.76,6.495,636.1,487.3,275.9,0.032,0.01,0.008,,,
7610,7610,7610,212172704,08 40 23.146,+23 33 07.43,1,18.458,,,,08402314+2333074,4508-301-3-0118-0180,STAR,gri,rpm,14,3,-52,3,,,,,,,23.003,0.332,19.99,0.016,18.535,0.009,17.802,0.008,17.365,0.013,16.189,0.094,15.749,0.148,15.384,0.187,3679,44,37,5.073,0.04,0.04,-0.366,0.08,0.14,0.219,0.03,0.026,0.215,0.038,0.027,18.58,4.542,3.65,367.2,83.3,29.99,0.031,0.009,0.005,,,
7611,7611,7611,212172737,08 58 19.232,+23 33 10.20,1,10.875,,1950-1408-1,568-045495,08581922+2333102,,STAR,gri,plx,1.5,1.1,-7.3,1.2,,,11.059,0.073,10.597,0.068,,,11.058,0.02,10.814,0.01,10.738,0.01,,,10.062,0.021,9.922,0.023,9.847,0.02,6686,138,110,3.96,0.15,0.15,-0.017,0.1,0.1,2.072,0.592,0.392,1.537,0.156,0.13,0.149,0.11,0.072,523.4,146,146,0.033,0.011,0.007,,,
7612,7612,7612,212172765,08 47 09.239,+23 33 12.59,1,15.599,,,568-045123,08470923+2333125,4569-301-5-0140-0052,STAR,JHK,rpm,34.2,7.3,-20.6,7,,,,,,,,,,,,,,,,,13.669,0.024,13.097,0.037,12.907,0.026,3759,178,178,4.958,0.07,0.098,-0.051,0.12,0.24,0.325,0.086,0.068,0.355,0.099,0.099,10.05,4.986,3.852,182.3,60.8,53.24,0.024,0.007,0.006,,,
7613,7613,7613,212172791,08 40 00.322,+23 33 14.52,1,17.921,,,,08400032+2333145,,STAR,JHK,col,,,,,,,,,,,,,,,,,,,,,15.408,0.064,14.732,0.065,14.447,0.086,3965,407,339,4.858,0.168,0.14,-0.157,0.2,0.28,0.394,0.144,0.139,0.43,0.156,0.187,6.4,7.283,3.002,547.2,298.4,249.7,0.032,0.011,0.008,,,
7614,7614,7614,212172803,08 54 09.341,+23 33 15.01,1,18.324,,,,08540934+2333150,4569-301-3-0149-0103,EXTENDED,gri,,-2,3,4,3,,,,,,,21.13,0.129,19.304,0.014,18.304,0.009,17.904,0.009,17.579,0.023,16.409,0.116,15.813,0.134,15.494,0.163,,,,,,,,,,,,,,,,,,,,,,,,,,,
7615,7615,7615,212172887,08 38 25.032,+23 33 21.85,1,16.027,,,,08382503+2333218,4508-301-4-0116-0344,STAR,gri,rpm,-68,3,-78,3,,,,,,,20.376,0.05,18.002,0.006,16.547,0.005,15.18,0.005,14.452,0.005,13.071,0.029,12.463,0.033,12.219,0.022,3514,125,83,5.068,0.042,0.03,-0.084,0.15,0.27,0.22,0.022,0.024,0.208,0.032,0.027,18.55,4.589,2.834,87.61,19.68,16.07,0.013,0.007,0.004,,,
7616,7616,7616,212172907,08 47 10.489,+23 33 23.25,1,11.954,,1943-2236-1,568-045124,08471049+2333231,,STAR,gri,rpm,1.8,1.7,-8.9,1.9,,,12.599,0.308,11.361,0.12,,,12.07,0.01,11.684,0.03,11.904,0.61,,,10.744,0.021,10.506,0.03,10.44,0.019,6200,124,124,4.145,0.185,0.259,-0.044,0.12,0.24,1.424,0.723,0.29,1.184,0.21,0.15,0.362,0.328,0.233,401.8,183.3,84.11,0.032,0.008,0.006,,,
7617,7617,7617,212172972,08 45 44.074,+23 33 28.70,1,12.668,,,568-045075,08454408+2333287,,STAR,gri,rpm,-17.8,2.1,-24.3,2.5,,,13.378,0.01,12.627,0.03,,,12.958,0.01,12.405,0.02,12.545,0.59,,,11.291,0.02,10.913,0.021,10.849,0.018,5567,114,91,4.497,0.035,0.063,-0.073,0.15,0.21,0.906,0.089,0.081,0.943,0.062,0.087,1.26,0.22,0.286,288.6,38.22,28.41,0.028,0.011,0.008,,,
7618,7618,7618,212172981,08 41 24.729,+23 33 29.71,1,15.071,,,568-044904,08412473+2333297,,STAR,gri,rpm,4,4.5,-1.7,5,,,16.004,0.06,15.176,0.01,,,15.523,0.01,14.888,0.02,14.878,0.57,,,13.508,0.024,12.972,0.023,12.87,0.028,5055,120,60,2.966,0.606,1.01,-0.955,0.35,1.05,4.92,10.426,2.434,0.876,0.04,0.08,0.007,0.047,0.007,3519,7593,1432,0.035,0.006,0.008,,,
7619,7619,7619,212173098,08 58 22.727,+23 33 40.26,1,16.533,,,,08582272+2333402,4569-301-2-0155-0236,STAR,gri,rpm,-4,3,-97,3,,,,,,,21.197,0.097,18.556,0.008,17.141,0.005,15.666,0.005,14.871,0.005,13.5,0.025,13.018,0.029,12.722,0.027,3485,126,84,5.059,0.02,0.032,-0.024,0.12,0.18,0.226,0.03,0.014,0.213,0.04,0.02,18.3,1.998,3.114,104.7,22,15.39,0.016,0.004,0.004,,,
7620,7620,7620,212173115,08 56 52.648,+23 33 41.79,1,18.68,,,,,4576-301-3-0146-0025,STAR,gri,,-32,3,-6,3,,,,,,,18.808,0.02,18.448,0.008,18.757,0.011,18.919,0.015,19.202,0.068,,,,,,,,,,,,,,,,,,,,,,,,,,,,,,,,,
7621,7621,7621,212173124,08 52 01.169,+23 33 42.51,1,18.984,,,,,4569-301-4-0147-0200,EXTENDED,gri,,-3,3,5,3,,,,,,,20.256,0.084,19.154,0.014,18.927,0.017,18.726,0.021,18.552,0.075,,,,,,,,,,,,,,,,,,,,,,,,,,,,,,,,,
7622,7622,7622,212173164,09 03 58.980,+23 33 46.14,1,17.104,,,,09035898+2333461,5045-301-5-0171-0149,EXTENDED,gri,,-6,2,-3,2,,,,,,,18.862,0.032,17.677,0.006,17.182,0.006,16.858,0.007,16.66,0.018,16.41,0.121,,,15.543,0.176,,,,,,,,,,,,,,,,,,,,,,,,,,,
7623,7623,7623,212173173,08 43 20.826,+23 33 47.06,1,12.032,,1942-1482-1,568-044982,08432083+2333471,,STAR,gri,plx,-1,1.7,-5.2,1.9,,,12.409,0.246,11.655,0.166,,,12.253,0.01,11.958,0.02,12.097,0.51,,,11.091,0.023,10.875,0.02,10.822,0.018,6454,156,104,4.109,0.155,0.186,-0.063,0.12,0.27,1.597,0.404,0.323,1.306,0.171,0.143,0.271,0.194,0.129,861.8,651.8,651.8,0.035,0.008,0.01,,,
7624,7624,7624,212173175,08 43 55.165,+23 33 47.16,1,16.3,,,,08435516+2333471,4517-301-2-0131-0249,EXTENDED,gri,,0,3,-1,3,,,,,,,18.164,0.024,16.949,0.005,16.351,0.004,16.022,0.004,15.75,0.008,15.618,0.088,14.931,0.113,14.428,0.11,,,,,,,,,,,,,,,,,,,,,,,,,,,
7625,7625,7625,212173214,08 45 56.816,+23 33 50.66,1,14.92,,,568-045078,08455683+2333509,,STAR,gri,col,,,,,,,15.716,0.03,14.924,0.04,,,15.276,0.03,14.685,0.02,14.767,0.6,,,13.392,0.024,12.907,0.028,12.881,0.028,5245,121,121,3.996,0.62,1.085,-0.685,0.45,0.54,1.467,3.352,0.84,0.86,0.048,0.105,0.211,1.541,0.205,1152,2454,642.1,0.033,0.007,0.007,,,
7626,7626,7626,212173275,08 54 09.901,+23 33 55.15,1,17.891,,,,08540990+2333551,4569-301-3-0149-0278,EXTENDED,gri,,-1,3,-2,3,,,,,,,20.728,0.107,18.875,0.011,17.883,0.008,17.47,0.008,17.092,0.018,16.137,0.092,15.645,0.135,15.261,0.147,,,,,,,,,,,,,,,,,,,,,,,,,,,
7627,7627,7627,212173315,08 54 29.946,+23 33 57.90,1,17.287,,,,08542994+2333578,4569-301-3-0150-0161,EXTENDED,gri,,-5,3,1,3,,,,,,,19.304,0.044,18.016,0.008,17.363,0.006,16.975,0.007,16.784,0.019,16.129,0.095,15.743,0.171,14.9,0.108,,,,,,,,,,,,,,,,,,,,,,,,,,,
7628,7628,7628,212173354,08 42 34.558,+23 34 01.66,1,20.033,,,,,4517-301-2-0130-0404,STAR,gri,,-1,4,-7,4,,,,,,,21.811,0.178,20.209,0.02,19.974,0.021,19.91,0.025,19.992,0.081,,,,,,,,,,,,,,,,,,,,,,,,,,,,,,,,,
7629,7629,7629,212173385,08 59 20.968,+23 34 03.67,1,12.001,,1950-1409-1,568-045526,08592096+2334043,,STAR,gri,lam,16.5,2.1,-2.3,2.2,,,12.098,0.16,12.326,0.284,,,12.668,0.01,11.991,0.02,11.715,0.02,,,10.639,0.023,10.227,0.029,10.141,0.021,5312,157,157,4.559,0.025,0.035,-0.077,0.12,0.1,0.817,0.054,0.042,0.877,0.052,0.043,1.589,0.214,0.224,183.3,13.57,17.44,0.022,0.011,0.006,,,
7630,7630,7630,212173448,08 39 34.309,+23 34 09.42,1,16.726,,,,,4517-301-3-0126-0070,STAR,gri,,7,3,-17,3,,,,,,,15.964,0.005,16.35,0.004,16.852,0.004,17.213,0.006,17.568,0.015,,,,,,,,,,,,,,,,,,,,,,,,,,,,,,,,,
7631,7631,7631,212173532,08 46 01.868,+23 34 16.29,1,17.946,,,,08460186+2334162,,STAR,J,,2,3,10,3,,,,,,,,,,,,,,,,,16.416,0.136,,,,,,,,,,,,,,,,,,,,,,,,,,,,,,,
7632,7632,7632,212173539,08 42 50.348,+23 34 17.15,1,12.897,,,568-044959,08425035+2334172,,STAR,gri,rpm,2,2.4,7.7,2.7,,,14.344,0.01,13.091,0.02,,,13.686,0.01,12.661,0.02,12.56,0.6,,,10.832,0.02,10.159,0.023,9.978,0.019,4393,70,43,2.089,0.025,1.09,-0.323,0.16,0.8,14.912,32.57,0.298,0.997,0.033,0.171,3.03E-04,1.82E-05,2.95E-04,2698,6074,80.95,0.03,0.006,0.005,,,
7633,7633,7633,212173551,08 59 29.025,+23 34 17.78,1,12.345,,,568-045537,08592902+2334179,,STAR,gri,rpm,-6.2,1.6,-0.7,2.2,,,13.525,0.02,12.641,0.07,,,13.059,0.01,12.335,0.03,12.039,0.01,,,10.919,0.022,10.479,0.021,10.337,0.019,4986,60,80,2.446,0.93,0.09,-0.552,0.16,0.24,9.59,1.111,6.231,0.968,0.147,0.08,0.001,0.025,2.57E-04,2013,336.8,1197,0.034,0.011,0.007,,,
7634,7634,7634,212173631,08 53 31.200,+23 34 24.38,1,14.974,,,568-045335,08533119+2334245,4576-301-4-0141-0077,STAR,gri,rpm,-7.1,3.1,-1.4,3.4,,,16.078,0.04,15.278,0.06,,,15.649,0.07,14.981,0.04,14.685,0.05,,,13.653,0.025,13.172,0.023,13.057,0.031,5064,120,100,4.559,0.06,1.416,-0.413,0.3,0.42,0.792,3.317,0.112,0.833,0.106,0.088,1.635,0.471,1.623,675.2,2715,104.5,0.034,0.008,0.007,,,
7635,7635,7635,212173637,08 44 49.184,+23 34 24.61,1,14.157,,,568-045038,08444918+2334244,,STAR,gri,rpm,-8.8,3,-2.8,3.4,,,15.021,0.02,14.238,0.03,,,14.59,0.01,13.954,0.02,13.972,0.52,,,12.674,0.021,12.242,0.026,12.161,0.023,5310,106,128,4.47,0.105,1.08,-0.281,0.25,0.55,0.923,2.246,0.134,0.896,0.105,0.044,1.172,0.483,1.142,542.5,1189,97.87,0.034,0.006,0.007,,,
7636,7636,7636,212173657,08 54 13.192,+23 34 26.18,1,17.545,,,,08541319+2334261,4569-301-3-0150-0126,EXTENDED,gri,,2,3,-4,3,,,,,,,20.507,0.1,18.557,0.01,17.538,0.007,17.112,0.007,16.755,0.016,16.13,0.097,15.333,0.128,14.814,0.1,,,,,,,,,,,,,,,,,,,,,,,,,,,
7637,7637,7637,212173699,09 02 56.842,+23 34 29.19,1,17.234,,,,09025684+2334291,5038-301-6-0069-0213,STAR,gri,rpm,62,3,-97,3,,,,,,,20.555,0.052,18.288,0.007,17.216,0.005,16.782,0.005,16.535,0.009,15.407,0.047,14.867,0.041,14.748,0.071,4136,67,67,5.027,0.03,0.025,-1.106,0.36,0.3,0.278,0.014,0.028,0.299,0.021,0.038,13.96,2.517,1.461,321.2,86.52,50.31,0.031,0.005,0.011,,,
7638,7638,7638,212173728,08 50 54.107,+23 34 31.97,1,17.633,,,,08505410+2334319,4569-301-4-0145-0170,EXTENDED,gri,,1,3,5,3,,,,,,,20.098,0.094,18.605,0.011,17.68,0.008,17.216,0.008,16.941,0.024,16.542,0.134,15.895,0.181,15.118,0.112,,,,,,,,,,,,,,,,,,,,,,,,,,,
7639,7639,7639,212173892,08 52 53.927,+23 34 47.36,1,12.62,,,568-045314,08525392+2334473,,STAR,gri,rpm,-8.6,3.6,1.8,1.5,,,13.068,0.03,12.648,0.05,,,12.819,0.05,12.554,0.05,12.457,0.04,,,11.734,0.023,11.495,0.021,11.498,0.018,6324,155,155,4.129,0.15,0.18,-0.182,0.16,0.32,1.47,0.408,0.236,1.196,0.164,0.137,0.325,0.208,0.162,659.7,196.8,112.2,0.032,0.01,0.007,,,
7640,7640,7640,212173901,08 47 05.826,+23 34 47.99,1,18.183,,,,08470582+2334479,,STAR,J,,,,,,,,,,,,,,,,,,,,,,16.63,0.185,,,,,,,,,,,,,,,,,,,,,,,,,,,,,,,
7641,7641,7641,212173929,08 50 42.279,+23 34 50.65,1,18.563,,,,,4569-301-4-0145-0137,EXTENDED,gri,,3,3,-5,3,,,,,,,20.01,0.078,18.931,0.013,18.568,0.015,18.405,0.02,18.292,0.074,,,,,,,,,,,,,,,,,,,,,,,,,,,,,,,,,
7642,7642,7642,212173952,08 43 39.914,+23 34 52.10,1,13.51,,,568-044992,08433991+2334521,,STAR,gri,rpm,4.2,2.4,-3.8,13.4,,,14.789,0.04,13.718,0.03,,,14.262,0.02,13.309,0.03,13.188,0.51,,,11.734,0.023,11.174,0.022,11.039,0.019,4636,74,55,2.876,1.716,0.396,-0.099,0.3,0.18,6.023,2.902,5.35,1.018,0.167,0.234,0.004,1.741,0.003,1887,847,1672,0.03,0.006,0.004,,,
7643,7643,7643,212173981,08 55 03.498,+23 34 54.64,1,18.613,,,,,4569-301-3-0151-0021,STAR,gri,,-1,3,4,3,,,,,,,18.858,0.02,18.746,0.008,18.569,0.009,18.362,0.01,18.376,0.029,,,,,,,,,,,,,,,,,,,,,,,,,,,,,,,,,
7644,7644,7644,212174100,09 04 00.464,+23 35 05.23,1,16.924,,,,09040046+2335052,5045-301-5-0171-0161,EXTENDED,gri,,1,2,3,2,,,,,,,19.018,0.043,17.714,0.007,16.994,0.006,16.585,0.007,16.312,0.017,16.595,0.149,15.915,0.207,,,,,,,,,,,,,,,,,,,,,,,,,,,,,
7645,7645,7645,212174115,08 54 47.301,+23 35 06.72,1,17.122,,,,08544730+2335067,4569-301-3-0150-0219,EXTENDED,gri,,-9,3,-8,3,,,,,,,18.496,0.021,17.562,0.005,17.21,0.005,16.934,0.006,16.767,0.016,16.101,0.089,15.536,0.14,15.231,0.136,,,,,,,,,,,,,,,,,,,,,,,,,,,
7646,7646,7646,212174143,08 59 55.391,+23 35 09.09,1,12.205,,1950-1340-1,568-045554,08595538+2335092,,STAR,gri,lam,-28.3,2.3,-7.5,2.5,,,12.744,0.341,12.322,0.282,,,12.655,0.01,12.194,0.03,12.013,0.02,,,11.145,0.023,10.82,0.021,10.738,0.018,5873,138,161,4.406,0.065,0.104,-0.161,0.15,0.15,1.021,0.126,0.097,0.987,0.078,0.065,0.933,0.255,0.268,322.7,46.79,40.86,0.029,0.007,0.006,,,
7647,7647,7647,212174148,08 54 46.667,+23 35 09.38,1,19.045,,,,08544666+2335093,4569-301-3-0150-0218,STAR,gri,rpm,9,4,-88,4,,,,,,,24.743,0.925,20.474,0.024,19.077,0.012,18.433,0.01,18.102,0.024,17.022,0.178,16.282,0.204,15.539,0.181,3808,38,38,5.127,0.02,0.02,-0.706,0.05,0.16,0.196,0.004,0.009,0.187,0.004,0.011,25.06,2.165,1.503,500.6,15.02,38.97,0.032,0.001,0.001,,,
7648,7648,7648,212174162,08 52 44.157,+23 35 10.68,1,11.409,,,568-045308,08524416+2335107,,STAR,gri,rpm,-17.7,1.1,-5,1.6,,,12.208,0.04,11.581,0.05,,,11.878,0.05,11.399,0.05,11.208,0.04,,,10.312,0.023,9.979,0.024,9.9,0.02,5743,171,137,4.079,0.36,0.3,-0.083,0.16,0.28,1.477,0.723,0.561,1.048,0.169,0.106,0.297,0.821,0.218,301.7,163.8,106.2,0.029,0.01,0.008,,,
7649,7649,7649,212174246,08 54 30.757,+23 35 17.07,1,16.488,,,,08543075+2335170,4569-301-3-0150-0174,EXTENDED,gri,,-5,3,1,3,,,,,,,19.128,0.053,17.376,0.006,16.523,0.005,16.107,0.005,15.808,0.012,15.634,0.095,15.022,0.116,14.645,0.112,,,,,,,,,,,,,,,,,,,,,,,,,,,
7650,7650,7650,212174271,08 47 06.163,+23 35 19.57,1,17.734,,,,08470616+2335195,4569-301-5-0140-0202,EXTENDED,gri,,-8,3,-7,3,,,,,,,21.409,0.24,18.811,0.014,17.744,0.008,17.272,0.009,16.913,0.019,16.23,0.133,15.644,0.171,15.168,0.148,,,,,,,,,,,,,,,,,,,,,,,,,,,
7651,7651,7651,212174273,08 54 06.469,+23 35 19.67,1,17.038,,,,08540646+2335196,4576-301-4-0142-0235,EXTENDED,gri,,-3,3,-2,3,,,,,,,19.605,0.063,17.928,0.007,17.054,0.006,16.656,0.006,16.334,0.015,15.839,0.104,14.998,0.096,14.556,0.089,,,,,,,,,,,,,,,,,,,,,,,,,,,
7652,7652,7652,212174274,09 03 52.062,+23 35 19.73,1,17.57,,,,09035206+2335197,,STAR,J,col,,,,,,,,,,,,,,,,,,,,,16.069,0.092,15.245,0.097,14.697,0.098,3752,386,321,4.976,0.13,0.156,-0.168,0.2,0.28,0.304,0.157,0.12,0.326,0.181,0.151,11.09,12.35,6.575,482.6,340.8,228.4,0.032,0.01,0.008,,,
7653,7653,7653,212174320,08 54 01.256,+23 35 24.33,1,10.521,,1943-1096-1,568-045352,08540125+2335243,,STAR,gri,plx,-26.9,1.1,-19,1.1,,,11.169,0.077,10.619,0.068,,,10.875,0.03,10.521,0.01,10.369,0.04,,,9.627,0.022,9.38,0.021,9.335,0.02,6213,99,99,3.889,0.156,0.13,-0.066,0.12,0.18,2.095,0.482,0.392,1.365,0.188,0.188,0.132,0.087,0.052,411.6,125.8,125.8,0.029,0.008,0.007,,,
7654,7654,7654,212174321,08 39 24.183,+23 35 24.36,1,14.789,,,568-044822,08392418+2335244,4517-301-3-0126-0009,STAR,gri,rpm,3.6,4.4,10.2,4.9,,,16.18,0.06,15.028,0.04,,,15.613,0.02,14.55,0.04,14.436,0.51,,,12.825,0.022,12.184,0.023,12.076,0.023,4463,70,87,4.689,0.048,0.03,-0.056,0.12,0.24,0.613,0.038,0.069,0.68,0.041,0.074,2.883,0.738,0.343,292.7,28.83,34.46,0.03,0.01,0.005,,,
7655,7655,7655,212174372,08 40 23.280,+23 35 30.92,1,16.452,,,568-044866,08402328+2335311,4517-301-3-0127-0045,STAR,JHK,col,,,,,,,,,,,,,,,,,,,,,14.901,0.032,14.463,0.049,14.272,0.069,5162,359,502,4.592,0.16,0.08,-0.348,0.3,0.48,0.724,0.115,0.185,0.747,0.097,0.233,1.868,1.469,0.515,1086,281.3,368.6,0.032,0.01,0.008,,,
7656,7656,7656,212174388,08 51 43.323,+23 35 31.94,1,14.638,,,568-045285,08514332+2335320,4569-301-4-0146-0081,STAR,gri,rpm,-5.1,3.2,-0.6,3.5,,,15.707,0.03,14.873,0.07,,,15.262,0.05,14.593,0.05,14.371,0.05,,,13.219,0.023,12.742,0.026,12.673,0.023,5119,102,102,3.643,0.909,0.606,-0.407,0.3,0.42,2.429,1.899,1.734,0.893,0.193,0.107,0.051,1.855,0.044,1589,1134,1095,0.033,0.01,0.008,,,
7657,7657,7657,212174408,08 58 02.376,+23 35 33.78,1,11.854,,,568-045486,,,STAR,gri,,-27,1.3,-7.6,1.3,,,13.018,0.03,12.146,0.08,,,12.559,0.01,11.818,0.02,11.552,0.02,,,,,,,,,,,,,,,,,,,,,,,,,,,,,,,,,,,
7658,7658,7658,212174415,08 58 36.354,+23 35 34.07,1,13.119,,,568-045503,08583635+2335340,,STAR,gri,lam,-15.2,3.1,-8.2,3.4,,,14.529,0.04,13.525,0.06,,,14.038,0.02,13.07,0.02,12.726,0.02,,,11.55,0.022,10.988,0.021,10.9,0.018,4655,169,141,4.654,0.042,0.03,-0.137,0.12,0.15,0.657,0.043,0.06,0.717,0.044,0.07,2.446,0.495,0.266,188.6,20.59,25.47,0.023,0.006,0.005,,,
7659,7659,7659,212174434,08 39 27.113,+23 35 35.65,1,13.481,,,568-044825,08392712+2335357,,STAR,gri,rpm,-13.7,6.4,-16.5,3.1,,,13.901,0.11,13.401,0.12,,,13.577,0.1,13.269,0.11,13.439,0.52,,,12.306,0.023,12.087,0.021,12.053,0.024,6249,193,154,4.257,0.085,0.119,-0.252,0.2,0.44,1.253,0.186,0.136,1.073,0.146,0.171,0.535,0.195,0.189,706.8,118.3,85.5,0.032,0.011,0.007,,,
7660,7660,7660,212174566,08 50 36.519,+23 35 47.56,1,17.268,,,,08503651+2335475,4569-301-4-0145-0116,EXTENDED,gri,,1,3,0,3,,,,,,,19.118,0.053,17.941,0.009,17.371,0.008,16.98,0.008,16.755,0.026,16.863,0.19,,,15.142,0.133,,,,,,,,,,,,,,,,,,,,,,,,,,,
7661,7661,7661,212174597,08 59 50.940,+23 35 50.90,1,17.023,,,,08595094+2335508,4569-301-2-0157-0195,STAR,gri,rpm,42,3,-31,3,,,,,,,21.355,0.11,18.949,0.01,17.579,0.006,16.198,0.005,15.462,0.006,14.131,0.03,13.59,0.03,13.343,0.03,3653,110,110,4.989,0.036,0.03,-0.025,0.15,0.12,0.286,0.027,0.03,0.295,0.045,0.045,11.86,2.764,1.949,191.2,24.82,21.97,0.023,0.008,0.005,,,
7662,7662,7662,212174608,08 43 23.660,+23 35 51.89,1,14.9,,,,08432366+2335518,,STAR,JHK,col,,,,,,,,,,,,,,,,,,,,,13.042,0.022,12.555,0.024,12.302,0.026,3440,165,165,5.073,0.072,0.06,0.009,0.15,0.15,0.212,0.051,0.041,0.197,0.07,0.047,19.59,8.4,5.879,77.25,27.44,17.28,0.012,0.005,0.005,,,
7663,7663,7663,212174609,08 44 02.852,+23 35 51.99,1,17.892,,,,08440285+2335519,,STAR,J,col,,,,,,,,,,,,,,,,,,,,,16.367,0.151,15.7,0.172,15.197,0.164,3864,562,351,4.93,0.135,0.189,-0.254,0.25,0.35,0.337,0.196,0.124,0.36,0.205,0.171,9.302,10.59,5.565,667.7,553,302.5,0.032,0.008,0.007,,,
7664,7664,7664,212174613,08 42 21.864,+23 35 52.44,1,10.296,,1942-1338-1,568-044933,08422186+2335523,,STAR,gri,plx,-6.9,1,-28.2,1,,,10.304,0.034,9.938,0.033,,,10.499,0.07,9.929,0.06,10.209,0.73,,,9.016,0.021,8.937,0.061,8.805,0.02,6220,300,250,4.138,0.08,0.096,0.038,0.12,0.18,1.537,0.167,0.109,1.259,0.079,0.11,0.33,0.1,0.09,197.9,14.28,14.28,0.024,0.008,0.006,,,
7665,7665,7665,212174648,08 58 17.269,+23 35 55.99,1,11.083,,1950-1325-1,568-045492,08581726+2335559,,STAR,gri,lam,-3.7,1.3,-20.7,1.4,,,11.653,0.098,11.255,0.112,,,11.499,0.01,11.058,0.01,10.905,0.01,,,10.078,0.02,9.844,0.024,9.783,0.02,6023,120,120,4.086,0.156,0.13,-0.054,0.12,0.12,1.568,0.33,0.321,1.144,0.141,0.101,0.256,0.202,0.098,316.2,65.72,64.11,0.029,0.007,0.006,,,
7666,7666,7666,212174694,08 51 37.503,+23 35 59.53,1,16.737,,,,08513750+2335595,4569-301-4-0146-0073,EXTENDED,gri,,0,3,-2,3,,,,,,,19.59,0.056,17.673,0.006,16.757,0.005,16.336,0.005,16.013,0.011,15.522,0.066,14.739,0.089,14.365,0.072,,,,,,,,,,,,,,,,,,,,,,,,,,,
7667,7667,7667,212174710,08 51 12.626,+23 36 00.74,1,12.85,,,569-044762,08511262+2336008,,STAR,gri,rpm,-9.2,1.4,-4.6,1.4,,,13.504,0.04,12.987,0.05,,,13.199,0.05,12.831,0.04,12.701,0.06,,,11.862,0.022,11.571,0.027,11.525,0.023,6080,148,148,4.141,0.19,0.19,-0.226,0.24,0.24,1.421,0.366,0.333,1.07,0.143,0.119,0.347,0.385,0.161,639.5,167.1,151.7,0.033,0.011,0.007,,,
7668,7668,7668,212174723,08 53 23.104,+23 36 01.97,1,17.776,,,,08532310+2336019,4576-301-4-0141-0151,EXTENDED,gri,,-2,3,0,3,,,,,,,20.374,0.111,18.681,0.011,17.801,0.009,17.388,0.009,17.057,0.024,16.342,0.116,15.72,0.123,15.268,0.143,,,,,,,,,,,,,,,,,,,,,,,,,,,
7669,7669,7669,212174797,08 39 27.939,+23 36 09.82,1,11.497,,1942-2638-1,569-044315,08392795+2336101,,STAR,gri,plx,-70.9,1.4,-112.1,1.5,,,11.814,0.104,11.4,0.112,,,11.672,0.03,11.272,0.04,11.422,0.59,,,10.201,0.023,9.91,0.023,9.833,0.018,5964,119,119,4.41,0.055,0.077,-0.285,0.25,0.35,1.007,0.14,0.103,0.977,0.116,0.139,0.921,0.238,0.222,164.1,26.57,26.57,0.024,0.007,0.006,,,
7670,7670,7670,212174835,08 47 20.465,+23 36 12.87,1,13.76,,,569-044615,08472046+2336128,,STAR,gri,rpm,5.4,2.7,-4,3.1,,,14.862,0.01,13.872,0.05,,,14.372,0.02,13.519,0.06,13.497,0.6,,,11.844,0.021,11.274,0.029,11.141,0.021,4776,94,94,2.749,0.651,0.558,-0.308,0.25,0.45,6.797,4.51,3.464,0.993,0.197,0.148,0.003,0.021,0.002,2100,1530,991,0.033,0.011,0.006,,,
7671,7671,7671,212174851,08 38 56.063,+23 36 14.01,1,14.792,,,569-044295,08385606+2336141,4517-301-3-0125-0037,STAR,gri,rpm,17.4,4.5,-19.6,5,,,16.089,0.04,14.95,0.07,,,15.504,0.02,14.498,0.06,14.488,0.62,,,12.926,0.023,12.405,0.024,12.256,0.022,4710,76,114,4.635,0.035,0.042,-0.02,0.15,0.24,0.694,0.05,0.061,0.762,0.039,0.07,2.258,0.364,0.314,376.1,37.04,39.04,0.031,0.008,0.006,,,
7672,7672,7672,212174929,09 00 23.761,+23 36 21.95,1,17.096,,,,09002376+2336219,4569-301-2-0158-0241,STAR,gri,rpm,-66,3,-60,3,,,,,,,20.495,0.059,18.846,0.009,17.484,0.006,16.346,0.005,15.684,0.006,14.418,0.029,13.736,0.029,13.457,0.032,3379,33,33,5.075,0.03,0.02,0.128,0.05,0.06,0.211,0.004,0.02,0.192,0.004,0.02,20.57,3.821,1.234,129.9,7.632,12.35,0.015,0.008,0.002,,,
7673,7673,7673,212174936,08 45 32.237,+23 36 22.32,1,17.171,,,,08453223+2336223,,STAR,JHK,col,,,,,,,,,,,,,,,,,,,,,14.755,0.085,14.023,0.11,13.841,0.1,4188,421,421,4.777,0.15,0.125,-0.181,0.2,0.32,0.477,0.169,0.159,0.551,0.137,0.192,4.39,4.974,1.834,530.3,265,229.6,0.032,0.011,0.008,,,
7674,7674,7674,212174996,08 39 15.664,+23 36 28.19,1,12.257,,,569-044308,08391567+2336283,,STAR,gri,rpm,-25.5,1.2,-19.4,1.2,,,12.911,0.02,12.227,0.04,,,12.516,0.01,12.013,0.04,12.146,0.59,,,10.876,0.023,10.54,0.02,10.473,0.018,5707,136,102,4.433,0.065,0.403,-0.093,0.15,0.21,0.984,0.627,0.109,0.978,0.107,0.089,1.004,0.275,0.757,275.1,164.9,48.9,0.029,0.008,0.007,,,
7675,7675,7675,212175035,08 57 08.170,+23 36 32.18,1,12.875,,,569-044960,08570817+2336321,,STAR,gri,lam,-8.6,1.7,7.2,1.3,,,13.569,0.04,13.05,0.08,,,13.261,0.02,12.875,0.02,12.709,0.02,,,11.885,0.021,11.618,0.023,11.533,0.019,6133,124,124,4.109,0.15,0.125,-0.265,0.15,0.15,1.48,0.267,0.267,1.091,0.099,0.099,0.328,0.186,0.137,678.7,127.9,107.6,0.032,0.01,0.008,,,
7676,7676,7676,212175081,08 58 59.913,+23 36 36.15,1,17.254,,,,08585991+2336361,4569-301-2-0156-0191,STAR,gri,rpm,38,3,-24,3,,,,,,,21.238,0.098,18.617,0.008,17.312,0.006,16.67,0.005,16.294,0.008,15.085,0.041,14.408,0.047,14.307,0.057,3898,38,47,4.892,0.048,0.032,-0.196,0.15,0.12,0.38,0.04,0.043,0.422,0.049,0.049,7.438,1.84,1.251,421.3,52.5,55.38,0.03,0.006,0.008,,,
7677,7677,7677,212175087,09 00 54.159,+23 36 36.78,1,13.431,,,569-045094,09005415+2336368,,STAR,gri,lam,0.7,2.4,-9.3,2.9,,,13.861,0.044,13.513,0.033,,,13.593,0.033,13.377,0.043,13.29,0.065,,,12.508,0.022,12.351,0.024,12.27,0.02,6758,164,137,4.2,0.066,0.11,-0.115,0.1,0.08,1.495,0.299,0.142,1.329,0.127,0.106,0.393,0.091,0.144,1013,196,106,0.034,0.012,0.01,,,
7678,7678,7678,212175096,09 03 16.804,+23 36 37.27,1,14.087,,,569-045167,09031680+2336371,5038-301-6-0070-0061,STAR,gri,rpm,-13.1,4.4,-7.2,4.8,,,15.717,0.03,14.68,0.03,,,15.17,0.01,14.157,0.01,13.622,0.068,,,12.166,0.022,11.56,0.023,11.317,0.024,4500,71,89,4.687,0.03,0.036,-0.105,0.2,0.16,0.617,0.056,0.044,0.68,0.063,0.052,2.857,0.461,0.47,220.5,28.73,18.47,0.026,0.01,0.005,,,
7679,7679,7679,212175111,08 55 51.936,+23 36 38.67,1,17.267,,,,08555193+2336386,4569-301-3-0152-0176,EXTENDED,gri,,1,3,-1,3,,,,,,,19.723,0.057,18.182,0.008,17.284,0.006,16.875,0.006,16.552,0.015,15.884,0.086,15.261,0.113,14.61,0.087,,,,,,,,,,,,,,,,,,,,,,,,,,,
7680,7680,7680,212175155,08 55 22.376,+23 36 43.12,1,14.99,,,569-044903,08552238+2336431,4569-301-3-0151-0068,STAR,gri,rpm,-1.7,3,-3,3.4,,,16.166,0.03,15.282,0.01,,,15.725,0.07,14.965,0.03,14.674,0.05,,,13.496,0.026,12.988,0.024,12.866,0.026,4963,98,117,3.867,0.84,1.008,-0.285,0.25,0.45,1.81,3.478,1.19,0.838,0.156,0.078,0.114,1.827,0.111,1407,2324,955.8,0.034,0.008,0.01,,,
7681,7681,7681,212175176,08 52 30.870,+23 36 46.22,1,15.374,,,569-044805,08523086+2336461,4576-301-4-0140-0039,STAR,gri,rpm,0.6,3,-6.2,3.3,,,16.489,0.06,15.659,0.1,,,16.067,0.05,15.39,0.04,15.077,0.05,,,13.899,0.026,13.396,0.028,13.291,0.032,5025,117,98,3.924,0.732,1.464,-0.562,0.4,0.72,1.585,7.224,0.99,0.81,0.111,0.08,0.107,1.444,0.106,1282,5771,798,0.033,0.008,0.007,,,
7682,7682,7682,212175185,08 40 37.581,+23 36 46.80,1,13.581,,,569-044367,08403758+2336468,,STAR,gri,rpm,-5.6,3.9,-3.7,6.1,,,14.588,0.02,13.663,0.03,,,14.087,0.01,13.351,0.03,13.364,0.59,,,11.861,0.022,11.345,0.022,11.207,0.02,4949,79,79,3.052,0.432,0.648,-0.454,0.2,0.32,4.652,4.184,1.968,0.983,0.197,0.091,0.009,0.032,0.008,1703,1419,690,0.03,0.011,0.005,,,
7683,7683,7683,212175273,08 46 39.235,+23 36 54.24,1,17.491,,,,08463923+2336542,,STAR,J,col,,,,,,,,,,,,,,,,,,,,,15.996,0.108,15.536,0.161,14.918,0.114,3750,707,321,4.965,0.12,0.24,-0.213,0.25,0.35,0.285,0.231,0.098,0.317,0.261,0.145,11.15,11.35,7.522,506.7,616.7,219.8,0.031,0.008,0.007,,,
7684,7684,7684,212175362,08 46 22.005,+23 37 01.91,1,11.916,,,569-044577,08462200+2337018,,STAR,gri,rpm,-1,2,-7.3,2.4,,,12.993,0.01,11.956,0.03,,,12.448,0.01,11.648,0.03,11.689,0.61,,,10.181,0.023,9.683,0.021,9.566,0.02,4870,58,58,2.701,0.56,0.35,-0.341,0.2,0.16,7.776,3.412,3.736,1.113,0.23,0.144,0.002,0.014,0.001,1211,457,572.8,0.033,0.01,0.007,,,
7685,7685,7685,212175377,08 46 52.465,+23 37 03.08,1,16.991,,,,08465246+2337030,,STAR,J,col,,,,,,,,,,,,,,,,,,,,,15.53,0.106,14.904,0.133,14.305,0.089,3706,459,287,4.981,0.115,0.184,-0.132,0.2,0.28,0.3,0.189,0.1,0.301,0.218,0.136,10.15,12.47,6.167,409.3,367.7,169.4,0.029,0.01,0.008,,,
7686,7686,7686,212175383,08 59 19.854,+23 37 03.73,1,16.492,,,,08591985+2337037,,STAR,JHK,col,,,,,,,,,,,,,,,,,,,,,13.983,0.026,13.439,0.03,13.025,0.023,2590,814,181,5.29,0.025,0.195,-0.103,0.16,0.36,0.111,0.087,0.007,0.089,0.096,0.005,63.04,8.511,40.72,42.89,69.3,6.552,0.009,0.009,0.005,,,
7687,7687,7687,212175447,08 57 34.449,+23 37 11.23,1,15.427,,,569-044974,08573443+2337112,,STAR,gri,rpm,-2.1,4.2,3.3,4.5,,,16.611,0.06,15.751,0.06,,,16.135,0.02,15.399,0.05,15.124,0.11,,,13.922,0.025,13.488,0.031,13.302,0.034,5111,123,123,4.573,0.035,0.784,-0.182,0.2,0.36,0.78,1.611,0.065,0.83,0.076,0.076,1.729,0.369,1.634,750,1234,78.48,0.035,0.01,0.008,,,
7688,7688,7688,212175452,08 50 32.337,+23 37 11.74,1,14.258,,,569-044735,08503233+2337116,4569-301-4-0145-0029,STAR,gri,rpm,7.9,3.2,-17.5,3.5,,,15.321,0.06,14.528,0.05,,,14.894,0.06,14.253,0.04,13.985,0.06,,,12.888,0.022,12.467,0.023,12.323,0.024,5245,126,126,4.558,0.035,0.84,-0.283,0.25,0.35,0.798,1.432,0.063,0.841,0.075,0.075,1.649,0.288,1.552,492.9,812.5,50.56,0.033,0.011,0.006,,,
7689,7689,7689,212175474,08 48 28.379,+23 37 13.94,1,16.339,,,569-044651,08482836+2337139,,STAR,gri,rpm,5.2,4.7,-46,5.4,,,17.276,0.107,16.679,0.087,,,16.977,0.01,16.468,0.01,16.066,0.137,,,15.261,0.048,14.866,0.072,14.852,0.091,5459,130,54,4.656,0.075,0.02,-1.209,0.09,1.14,0.633,0.013,0.077,0.662,0.016,0.044,2.604,0.893,0.156,1178,35.33,120.3,0.036,0.002,0.008,,,
7690,7690,7690,212175475,09 03 10.619,+23 37 13.97,1,12.918,,,569-045163,09031062+2337138,,STAR,gri,lam,-12.6,2.6,0.8,3,,,13.579,0.03,13.127,0.032,,,13.248,0.01,12.899,0.01,12.776,0.01,,,11.947,0.022,11.657,0.023,11.59,0.021,6177,148,123,4.2,0.115,0.138,-0.264,0.12,0.15,1.303,0.274,0.191,1.054,0.114,0.082,0.423,0.217,0.166,636.5,133.7,93.5,0.032,0.008,0.007,,,
7691,7691,7691,212175485,08 39 10.510,+23 37 14.62,1,12.977,,,569-044303,08391051+2337147,,STAR,gri,rpm,-14.9,2.1,13.8,2.2,,,13.455,0.02,12.907,0.04,,,13.108,0.01,12.733,0.04,12.921,0.59,,,11.779,0.022,11.465,0.02,11.439,0.022,6047,120,96,4.274,0.14,0.196,-0.333,0.25,0.3,1.195,0.317,0.218,0.985,0.15,0.107,0.545,0.415,0.264,518.2,133.6,106.2,0.031,0.01,0.007,,,
7692,7692,7692,212175487,09 03 05.307,+23 37 14.69,1,17.588,,,,09030530+2337146,5038-301-6-0070-0115,EXTENDED,gri,,-4,2,5,2,,,,,,,19.33,0.056,18.182,0.008,17.663,0.008,17.334,0.009,17.15,0.024,16.653,0.151,16.05,0.164,15.761,0.194,,,,,,,,,,,,,,,,,,,,,,,,,,,
7693,7693,7693,212175490,08 45 39.747,+23 37 14.79,1,14.043,,,569-044558,08453975+2337148,,STAR,gri,rpm,-16.2,4.7,-22.2,5.1,,,15.764,0.02,14.428,0.02,,,15.173,0.01,13.853,0.03,13.558,0.53,,,11.832,0.022,11.2,0.022,11.041,0.018,3909,61,76,4.874,0.028,0.02,-0.098,0.18,0.12,0.408,0.023,0.025,0.455,0.03,0.03,6.698,0.922,0.589,102.8,9.507,7.305,0.017,0.004,0.003,,,
7694,7694,7694,212175503,08 54 05.360,+23 37 15.73,1,17.46,,,,08540536+2337157,4576-301-4-0142-0126,EXTENDED,gri,,0,3,4,3,,,,,,,20.623,0.158,18.539,0.011,17.555,0.008,16.997,0.008,16.647,0.021,15.916,0.1,15.224,0.11,14.573,0.09,,,,,,,,,,,,,,,,,,,,,,,,,,,
7695,7695,7695,212175529,08 44 46.930,+23 37 17.85,1,13.984,,,569-044530,08444693+2337177,,STAR,gri,rpm,-2.8,2.7,-19.4,2.9,,,14.885,0.02,14.07,0.01,,,14.437,0.01,13.807,0.01,13.79,0.5,,,12.504,0.021,12.08,0.021,11.996,0.023,5324,86,107,4.546,0.035,0.812,-0.185,0.16,0.6,0.823,1.464,0.055,0.873,0.042,0.068,1.554,0.23,1.469,437.3,767.2,38.48,0.032,0.009,0.009,,,
7696,7696,7696,212175545,08 47 28.088,+23 37 19.87,1,11.003,,1943-1508-1,569-044622,08472807+2337198,,STAR,gri,rpm,-13.9,1.3,-8.5,1.3,,,11.51,0.08,10.922,0.074,,,11.141,0.03,10.725,0.03,10.944,0.61,,,9.85,0.021,9.582,0.031,9.523,0.019,6091,121,121,4.111,0.25,0.3,-0.016,0.12,0.18,1.534,0.814,0.402,1.184,0.259,0.129,0.267,0.374,0.174,275.7,144.9,71.8,0.028,0.008,0.007,,,
7697,7697,7697,212175614,08 39 36.500,+23 37 26.16,1,18.862,,,,08393650+2337261,,STAR,JHK,rpm,46,4,32,17,,,,,,,,,,,,,,,,,16.346,0.103,15.487,0.113,15.284,0.152,3540,544,544,5.094,0.11,0.132,-0.329,0.3,0.48,0.19,0.1,0.056,0.187,0.151,0.083,21.02,17.23,10.77,343.7,290.4,157.4,0.029,0.01,0.008,,,
7698,7698,7698,212175620,08 43 40.042,+23 37 26.28,1,14.746,,,569-044494,08434004+2337262,4517-301-2-0131-0108,STAR,gri,rpm,-5.7,4.5,-4.9,5,,,15.931,0.08,15.08,0.04,,,15.465,0.02,14.775,0.02,14.438,0.03,,,13.317,0.025,12.824,0.024,12.735,0.024,4989,98,78,3.036,1.14,1.425,-0.767,0.3,1.26,4.156,15.965,2.979,0.894,0.064,0.128,0.008,0.358,0.008,2657,6470,2089,0.034,0.01,0.008,,,
7699,7699,7699,212175628,08 54 04.271,+23 37 26.59,1,13.754,,,569-044858,08540427+2337265,,STAR,gri,rpm,-17.2,2.2,8.2,2.4,,,14.926,0.05,14.065,0.05,,,14.503,0.05,13.749,0.05,13.433,0.02,,,12.305,0.022,11.78,0.021,11.678,0.022,4906,78,98,4.606,0.04,1.264,-0.196,0.2,0.44,0.732,2.822,0.075,0.8,0.114,0.095,1.989,0.43,1.965,318.7,1182,47.19,0.03,0.013,0.007,,,
7700,7700,7700,212175650,08 53 55.835,+23 37 29.55,1,17.034,,,,08535583+2337295,4576-301-4-0142-0224,EXTENDED,gri,,0,3,3,3,,,,,,,19.639,0.037,17.756,0.005,16.995,0.005,16.725,0.005,16.581,0.01,15.646,0.067,15.207,0.069,14.923,0.096,,,,,,,,,,,,,,,,,,,,,,,,,,,
7701,7701,7701,212175762,08 39 47.712,+23 37 39.94,1,10.776,,1942-2449-1,569-044329,08394771+2337399,,STAR,gri,plx,-3,1.4,-10.8,1.4,,,11.197,0.067,10.757,0.066,,,10.892,0.03,10.737,0.05,11.038,0.59,,,10.059,0.02,9.981,0.024,9.898,0.019,7281,226,180,4.027,0.12,0.144,0.011,0.1,0.12,2.04,0.442,0.308,1.691,0.147,0.123,0.182,0.121,0.073,504.5,110.3,110.3,0.033,0.011,0.008,,,
7702,7702,7702,212175824,08 54 14.305,+23 37 44.96,1,17.367,,,,08541430+2337449,4576-301-4-0142-0277,EXTENDED,gri,,6,2,2,2,,,,,,,20.416,0.11,18.351,0.009,17.362,0.007,16.946,0.007,16.599,0.016,15.991,0.087,15.206,0.093,14.911,0.109,,,,,,,,,,,,,,,,,,,,,,,,,,,
7703,7703,7703,212175906,09 03 13.765,+23 37 52.28,1,17.026,,,,09031376+2337522,,STAR,J,col,,,,,,,,,,,,,,,,,,,,,15.562,0.083,14.761,0.093,14.315,0.079,3821,407,339,4.923,0.14,0.168,-0.132,0.2,0.28,0.341,0.145,0.134,0.367,0.174,0.174,8.272,10.68,4.126,496.4,301.3,240.9,0.031,0.01,0.008,,,
7704,7704,7704,212175908,08 57 57.819,+23 37 52.38,1,14.109,,,569-044992,08575782+2337525,4576-301-3-0148-0016,STAR,JHK,col,,,,,,,,,,,,,,,,,,,,,12.176,0.021,11.618,0.023,11.413,0.022,3634,146,146,4.991,0.072,0.06,-0.004,0.12,0.21,0.282,0.056,0.063,0.288,0.087,0.087,12.09,5.464,3.229,78.73,18.8,20.39,0.012,0.004,0.004,,,
7705,7705,7705,212175910,08 45 14.339,+23 37 52.51,1,14.637,,,569-044545,08451433+2337523,,STAR,gri,rpm,-9.3,4.5,0.2,5,,,15.785,0.05,14.92,0.02,,,15.313,0.01,14.631,0.01,14.347,0.01,,,13.323,0.023,12.799,0.021,12.741,0.02,5006,79,79,3.12,1.17,0.702,-0.732,0.25,0.5,3.623,4.406,2.885,0.901,0.054,0.119,0.011,0.872,0.01,2729,3236,2078,0.033,0.01,0.008,,,
7706,7706,7706,212175939,08 39 00.567,+23 37 55.50,1,16.985,,,,08390056+2337555,4508-301-4-0117-0234,STAR,gri,rpm,-18,3,-133,3,,,,,,,22.324,0.211,19.343,0.011,17.746,0.006,15.975,0.005,15.016,0.006,13.444,0.026,12.896,0.021,12.573,0.026,2991,29,36,5.204,0.02,0.022,-0.031,0.2,0.08,0.143,0.005,0.004,0.12,0.004,0.004,40.69,2.442,3.581,59.19,56.22,16.8,0.01,0.005,0.003,,,
7707,7707,7707,212175971,08 56 05.783,+23 37 58.59,1,13.222,,,569-044923,08560578+2337584,,STAR,gri,rpm,-8.9,2,-2.3,2.4,,,14.526,0.02,13.504,0.01,,,14.028,0.02,13.187,0.01,12.876,0.01,,,11.707,0.023,11.227,0.022,11.077,0.018,4841,58,58,3.348,0.275,0.715,-0.143,0.16,0.24,3.513,3.519,0.951,1.119,0.102,0.17,0.02,0.042,0.018,1140,1073,346.1,0.035,0.013,0.006,,,
7708,7708,7708,212175992,08 40 33.203,+23 37 59.80,1,10.658,,1942-2306-1,569-044364,08403320+2337598,,STAR,gri,plx,-10.6,1.4,-3.5,1.4,,,11.496,0.087,10.727,0.068,,,11.197,0.01,10.448,0.03,10.427,0.58,,,8.978,0.024,8.434,0.026,8.31,0.023,4872,77,77,2.377,0.078,0.182,-0.533,0.15,0.48,10.801,1.807,0.804,0.99,0.183,0.115,8.32E-04,1.78E-04,3.51E-04,1339,667.8,667.8,0.033,0.01,0.007,,,
7709,7709,7709,212176029,08 50 30.312,+23 38 03.29,1,13.298,,,569-044734,08503032+2338032,,STAR,gri,rpm,-31.2,9.8,19,9.9,,,15.241,0.03,13.884,0.05,,,14.656,0.03,13.326,0.05,12.716,0.04,,,11.262,0.021,10.615,0.023,10.429,0.018,3951,47,79,4.874,0.02,0.054,-0.082,0.15,0.15,0.409,0.061,0.013,0.461,0.074,0.015,6.643,0.475,1.534,80.24,12.57,2.407,0.015,0.005,0.004,,,
7710,7710,7710,212176051,08 38 31.384,+23 38 05.42,1,11.619,,1942-2302-1,569-044279,08383139+2338055,,STAR,gri,rpm,-5.8,1.4,5.5,1.5,,,11.977,0.143,11.906,0.208,,,11.695,0.01,11.382,0.05,11.587,0.59,,,10.495,0.023,10.247,0.02,10.22,0.018,6330,150,150,4.061,0.204,0.272,-0.115,0.16,0.24,1.674,0.923,0.425,1.279,0.233,0.166,0.255,0.268,0.168,418.9,244.7,94.48,0.028,0.011,0.008,,,
7711,7711,7711,212176060,08 54 18.894,+23 38 06.64,1,16.465,,,,08541889+2338066,4576-301-4-0143-0098,EXTENDED,gri,,6,2,4,3,,,,,,,19.474,0.057,17.486,0.006,16.477,0.004,16.028,0.004,15.678,0.009,15.178,0.072,14.519,0.082,13.957,0.067,,,,,,,,,,,,,,,,,,,,,,,,,,,
7712,7712,7712,212176110,08 57 00.923,+23 38 12.06,1,12.709,,,569-044954,08570092+2338121,,STAR,gri,rpm,-2,2.7,-8.5,2.3,,,13.415,0.03,12.877,0.08,,,13.089,0.02,12.686,0.02,12.546,0.03,,,11.703,0.021,11.434,0.021,11.408,0.021,6089,96,96,4.26,0.105,0.252,-0.157,0.2,0.24,1.262,0.472,0.185,1.092,0.125,0.104,0.503,0.232,0.301,542.6,191.7,83.95,0.034,0.01,0.008,,,
7713,7713,7713,212176143,08 51 53.931,+23 38 14.80,1,14.444,,,569-044783,08515392+2338148,,STAR,gri,rpm,4.4,3.2,-6.1,3.5,,,15.569,0.05,14.694,0.05,,,15.118,0.04,14.383,0.02,14.156,0.01,,,13.052,0.022,12.633,0.02,12.513,0.023,5134,102,102,4.552,0.04,0.936,-0.125,0.2,0.28,0.812,1.912,0.066,0.868,0.115,0.072,1.576,0.319,1.521,530.4,1176,54.4,0.033,0.008,0.007,,,
7714,7714,7714,212176145,08 53 08.536,+23 38 14.87,1,13.85,,,569-044823,08530853+2338148,,STAR,gri,rpm,-1.9,2.3,6,2.5,,,15.016,0.02,14.134,0.05,,,14.575,0.05,13.828,0.04,13.539,0.04,,,12.42,0.022,11.955,0.022,11.854,0.018,5008,101,80,3.467,0.915,0.61,-0.34,0.25,0.25,2.908,2.831,1.971,0.987,0.191,0.143,0.035,1.041,0.03,1466,1784,535.8,0.033,0.012,0.006,,,
7715,7715,7715,212176167,09 03 58.590,+23 38 17.25,1,15.167,,,569-045190,09035858+2338172,5038-301-6-0071-0032,STAR,gri,rpm,-1.2,4.2,-3.9,4.6,,,16.349,0.03,15.578,0.01,,,15.854,0.049,15.202,0.04,14.873,0.19,,,13.713,0.025,13.2,0.028,13.091,0.029,5061,119,99,3.531,1.008,0.864,-0.618,0.42,0.35,2.666,3.316,2.044,0.866,0.072,0.13,0.046,2.367,0.042,2144,2514,1614,0.034,0.008,0.007,,,
7716,7716,7716,212176173,08 43 20.662,+23 38 17.61,1,15.296,,,569-044475,08432066+2338177,,STAR,gri,rpm,-3.1,4.4,2.3,5.2,,,16.083,0.04,15.347,0.06,,,15.636,0.01,15.116,0.01,15.151,0.66,,,13.81,0.031,13.436,0.036,13.284,0.036,5653,111,134,4.468,0.06,0.54,-0.288,0.25,0.4,0.916,0.809,0.109,0.905,0.097,0.081,1.128,0.342,0.969,937.5,752.8,128.5,0.034,0.008,0.007,,,
7717,7717,7717,212176243,09 02 51.720,+23 38 23.17,1,14.747,,,569-045154,09025171+2338233,5038-301-6-0069-0079,STAR,gri,rpm,25.8,4.3,-12.1,4.8,,,16.037,0.08,15.21,0.09,,,15.63,0.046,14.695,0.02,14.369,0.04,,,13.145,0.023,12.61,0.022,12.501,0.023,4715,57,57,4.638,0.03,0.025,-0.084,0.09,0.27,0.675,0.032,0.048,0.746,0.024,0.073,2.327,0.32,0.243,408,24.37,34.01,0.033,0.01,0.007,,,
7718,7718,7718,212176244,08 53 13.810,+23 38 23.33,1,13.413,,,569-044827,08531381+2338234,,STAR,gri,col,,,,,,,14.879,0.04,13.825,0.04,,,14.398,0.06,13.361,0.05,12.991,0.02,,,11.734,0.023,11.154,0.022,11.022,0.02,4536,106,132,4.663,0.09,0.054,-0.084,0.2,0.44,0.646,0.066,0.114,0.711,0.078,0.129,2.508,1.253,0.497,192.8,32.27,39.94,0.023,0.008,0.006,,,
7719,7719,7719,212176291,09 00 30.326,+23 38 26.60,1,9.636,,1950-1268-1,569-045076,09003033+2338266,,STAR,gri,rpm,-13.1,1.1,-46.2,1,,,9.995,0.036,9.557,0.032,,,10.146,0.03,9.584,0.04,9.418,0.06,,,8.636,0.019,8.43,0.024,8.433,0.022,5943,119,71,4.151,0.215,0.258,0.111,0.12,0.15,1.487,0.596,0.364,1.171,0.187,0.093,0.308,0.39,0.172,153.1,51.55,38.57,0.021,0.007,0.006,,,
7720,7720,7720,212176303,08 51 48.780,+23 38 27.39,1,10.547,,1943-1666-1,569-044777,08514877+2338274,,STAR,gri,plx,-74.5,1.3,-52.6,1.4,,,11.32,0.071,10.704,0.063,,,11.031,0.05,10.539,0.04,10.34,0.03,,,9.475,0.022,9.171,0.021,9.095,0.018,5794,116,116,4.441,0.04,0.056,-0.053,0.15,0.18,0.993,0.066,0.062,1.009,0.052,0.083,0.984,0.159,0.162,143.8,15.48,15.48,0.021,0.006,0.005,,,
7721,7721,7721,212176472,08 54 02.028,+23 38 44.69,1,12.916,,,569-044855,,,STAR,gri,,0.5,1.8,-16.4,2,,,13.521,0.03,13.037,0.04,,,13.242,0.06,12.884,0.04,12.777,0.02,,,,,,,,,,,,,,,,,,,,,,,,,,,,,,,,,,,
7722,7722,7722,212176485,08 48 15.540,+23 38 45.95,1,15.425,,,569-044648,08481554+2338458,,STAR,gri,rpm,-2.3,4.3,-2.8,4.9,,,16.634,0.1,15.795,0.05,,,16.203,0.05,15.485,0.04,15.092,0.03,,,14.012,0.031,13.491,0.037,13.431,0.035,4904,114,114,4.573,0.084,2.828,-0.56,0.4,1.28,0.774,18.938,0.138,0.784,0.104,0.104,1.662,0.785,1.662,745.7,17770,169,0.036,0.008,0.008,,,
7723,7723,7723,212176567,09 03 02.731,+23 38 53.28,1,12.949,,,569-045160,09030273+2338531,,STAR,gri,lam,-15.1,2.2,-14.8,2.7,,,13.613,0.04,13.139,0.01,,,13.258,0.02,12.929,0.02,12.817,0.062,,,11.981,0.023,11.742,0.025,11.671,0.019,6205,150,150,4.263,0.09,0.108,-0.136,0.1,0.12,1.27,0.217,0.136,1.122,0.095,0.079,0.538,0.204,0.195,627.2,105,75.88,0.033,0.008,0.006,,,
7724,7724,7724,212176568,08 41 23.637,+23 38 53.30,1,13.084,,,569-044397,08412364+2338533,,STAR,gri,rpm,0.3,1.9,-5.7,2.4,,,14.068,0.03,13.156,0.03,,,13.558,0.032,12.866,0.03,12.882,0.57,,,11.415,0.02,10.923,0.021,10.85,0.022,5025,81,101,2.98,0.558,0.651,-0.558,0.3,0.25,4.812,4.968,1.913,0.96,0.168,0.064,0.006,0.031,0.005,1405,1324,530.6,0.032,0.008,0.007,,,
7725,7725,7725,212176604,08 54 25.290,+23 38 56.88,1,16.532,,,,08542529+2338568,4576-301-4-0143-0127,STAR,gri,rpm,-46,3,-25,3,,,,,,,21.029,0.096,18.383,0.007,16.907,0.005,15.739,0.004,15.139,0.006,13.822,0.027,13.224,0.024,12.952,0.023,3435,122,102,5.083,0.035,0.049,-0.016,0.18,0.15,0.206,0.038,0.023,0.192,0.042,0.03,21.14,4.57,5.067,109.3,21.21,17.76,0.018,0.004,0.006,,,
7726,7726,7726,212176611,09 03 11.602,+23 38 57.51,1,17.38,,,,09031160+2338575,,STAR,J,col,,,,,,,,,,,,,,,,,,,,,15.892,0.089,15.239,0.105,14.787,0.093,3759,458,344,4.958,0.138,0.161,-0.168,0.2,0.28,0.304,0.155,0.103,0.313,0.2,0.143,10.57,10.28,5.892,471.2,347.7,200.1,0.031,0.008,0.007,,,
7727,7727,7727,212176619,08 39 13.733,+23 38 58.01,1,17.314,,,,08391373+2338580,4517-301-3-0126-0154,EXTENDED,gri,,-1,3,-6,3,,,,,,,20.161,0.077,18.357,0.009,17.316,0.006,16.867,0.005,16.458,0.011,15.947,0.089,15.083,0.085,14.436,0.091,,,,,,,,,,,,,,,,,,,,,,,,,,,
7728,7728,7728,212176620,08 39 21.079,+23 38 58.06,1,12.729,,,569-044312,08392108+2338582,,STAR,gri,rpm,-12.8,2,-6.8,2.1,,,13.179,0.02,12.644,0.04,,,12.839,0.01,12.478,0.04,12.682,0.61,,,11.527,0.022,11.277,0.021,11.21,0.02,6223,148,124,4.192,0.13,0.156,-0.133,0.16,0.24,1.386,0.362,0.221,1.156,0.127,0.127,0.368,0.254,0.15,559.8,137.2,95.89,0.031,0.012,0.006,,,
7729,7729,7729,212176658,08 41 13.238,+23 39 01.28,1,11.909,,1942-1062-1,569-044391,08411323+2339013,,STAR,gri,plx,-31.9,1.7,-21.4,2,,,12.868,0.309,12.021,0.195,,,12.037,0.01,11.686,0.03,11.854,0.59,,,10.697,0.02,10.407,0.019,10.365,0.02,6171,98,98,4.265,0.105,0.147,-0.375,0.3,0.25,1.213,0.226,0.139,1.007,0.145,0.121,0.517,0.205,0.193,317.4,55.24,55.24,0.029,0.007,0.006,,,
7730,7730,7730,212176687,08 55 51.276,+23 39 04.61,1,18.569,,,,08555127+2339046,4569-301-3-0152-0187,EXTENDED,gri,,3,3,-3,3,,,,,,,21.728,0.175,19.637,0.015,18.53,0.01,18.112,0.01,17.794,0.024,16.732,0.152,15.78,0.134,15.389,0.156,,,,,,,,,,,,,,,,,,,,,,,,,,,
7731,7731,7731,212176704,08 51 50.767,+23 39 05.60,1,14.474,,,569-044780,08515076+2339055,4569-301-4-0147-0003,STAR,gri,rpm,-8.5,3.1,-3.9,3.4,,,16.172,0.03,14.962,0.05,,,15.621,0.04,14.449,0.03,13.983,0.02,,,12.59,0.022,11.924,0.02,11.789,0.018,4207,67,67,4.758,0.03,0.025,0,0.15,0.18,0.54,0.031,0.043,0.609,0.032,0.051,3.85,0.611,0.403,211.1,18.24,19.98,0.027,0.007,0.006,,,
7732,7732,7732,212176706,08 54 30.876,+23 39 05.73,1,14.469,,,569-044871,08543087+2339057,4576-301-4-0143-0011,STAR,gri,rpm,-24,3.2,-12.6,3.4,,,15.432,0.04,14.722,0.04,,,15.043,0.05,14.495,0.03,14.224,0.04,,,13.201,0.026,12.729,0.024,12.643,0.019,5240,103,103,4.595,0.065,0.078,-0.681,0.42,0.28,0.701,0.12,0.086,0.751,0.121,0.104,1.969,0.627,0.556,493.4,107,60.49,0.032,0.01,0.004,,,
7733,7733,7733,212176757,08 53 58.657,+23 39 11.42,1,17.641,,,,08535865+2339114,4576-301-4-0142-0242,EXTENDED,gri,,-1,3,0,3,,,,,,,20.204,0.082,18.669,0.01,17.711,0.008,17.201,0.007,16.963,0.02,16.153,0.094,15.299,0.087,14.913,0.099,,,,,,,,,,,,,,,,,,,,,,,,,,,
7734,7734,7734,212176758,08 46 45.671,+23 39 11.43,1,12.047,,,569-044593,08464566+2339114,,STAR,gri,rpm,-5.1,2,-6.4,2.4,,,13.249,0.02,12.123,0.04,,,12.662,0.01,11.769,0.03,11.783,0.6,,,10.189,0.023,9.659,0.03,9.554,0.02,4730,57,57,2.566,0.504,0.216,-0.176,0.15,0.15,9.229,2.125,3.845,1.213,0.195,0.163,0.001,0.006,7.46E-04,1379,350.6,534.8,0.034,0.01,0.008,,,
7735,7735,7735,212176830,08 58 29.624,+23 39 18.01,1,14.573,,,569-045014,08582962+2339179,4576-301-3-0148-0123,STAR,gri,lam,-31.5,4.4,-25.8,4.8,,,16.255,0.06,15.104,0.1,,,15.693,0.03,14.555,0.02,14.093,0.04,,,12.776,0.025,12.162,0.023,12.053,0.02,4356,140,140,4.736,0.045,0.054,-0.233,0.15,0.15,0.55,0.053,0.048,0.609,0.06,0.06,3.644,0.737,0.723,250.3,40.27,34.69,0.028,0.006,0.005,,,
7736,7736,7736,212176841,08 59 17.246,+23 39 18.58,1,13.673,,,569-045040,08591724+2339188,,STAR,gri,lam,4,3.8,-5.5,4.1,,,14.919,0.04,14.007,0.07,,,14.428,0.036,13.662,0.01,13.35,0.04,,,12.132,0.025,11.626,0.027,11.514,0.02,4935,59,59,2.954,0.168,0.12,-0.616,0.12,0.15,5.126,0.759,0.783,0.95,0.046,0.046,0.007,0.004,0.003,2082,264.9,321.4,0.035,0.008,0.006,,,
7737,7737,7737,212176860,08 44 03.521,+23 39 20.13,1,17.742,,,,08440352+2339201,4517-301-2-0132-0166,EXTENDED,gri,,1,3,-2,3,,,,,,,20.701,0.107,18.861,0.012,17.763,0.007,17.263,0.006,16.887,0.013,15.816,0.086,15.28,0.122,14.935,0.126,,,,,,,,,,,,,,,,,,,,,,,,,,,
7738,7738,7738,212176879,08 58 01.542,+23 39 21.70,1,11.506,,1950-1381-1,569-044996,08580152+2339216,,STAR,gri,lam,-14,2.2,-0.1,2.4,,,12.755,0.34,11.896,0.217,,,12.501,0.01,11.457,0.01,11.079,0.01,,,9.766,0.02,9.225,0.021,9.059,0.02,4670,73,73,2.937,0.135,0.162,0.042,0.1,0.12,6.29,1.325,1.094,1.272,0.165,0.118,0.005,0.003,0.002,793.9,156.2,130.5,0.033,0.008,0.007,,,
7739,7739,7739,212176891,08 55 27.411,+23 39 22.97,1,17.889,,,,,4569-301-3-0152-0025,STAR,gri,,5,3,2,3,,,,,,,19.267,0.025,18.203,0.007,17.878,0.007,17.754,0.008,17.737,0.019,,,,,,,,,,,,,,,,,,,,,,,,,,,,,,,,,
7740,7740,7740,212176894,08 40 20.613,+23 39 23.05,1,14.741,,,569-044354,08402058+2339230,4517-301-3-0127-0072,STAR,gri,rpm,-1.3,4.5,-1.8,5,,,15.897,0.02,14.922,0.02,,,15.392,0.03,14.533,0.02,14.461,0.56,,,12.922,0.026,12.383,0.024,12.227,0.026,4754,114,57,3.08,1.463,1.045,-0.161,0.18,0.42,4.824,9.295,4.463,1.02,0.171,0.243,0.009,1.992,0.009,2644,4099,2318,0.046,0.003,0.015,,,
7741,7741,7741,212176956,08 38 21.921,+23 39 28.22,1,18.057,,,,08382192+2339282,4508-301-4-0116-0365,EXTENDED,gri,,-1,3,0,3,,,,,,,20.623,0.087,19.064,0.012,18.056,0.008,17.626,0.007,17.284,0.017,16.442,0.106,15.779,0.124,15.446,0.146,,,,,,,,,,,,,,,,,,,,,,,,,,,
7742,7742,7742,212176976,08 40 18.663,+23 39 29.90,1,16.937,,,,08401866+2339299,4517-301-3-0127-0074,STAR,gri,rpm,29,4,-53,4,,,,,,,20.596,0.062,18.194,0.007,16.948,0.005,16.398,0.005,16.086,0.007,14.953,0.037,14.215,0.043,14.075,0.068,4037,40,48,4.879,0.042,0.02,-0.359,0.1,0.06,0.404,0.008,0.043,0.45,0.009,0.047,6.822,1.494,0.409,449.9,13.5,55.16,0.033,0.022,0.003,,,
7743,7743,7743,212176981,08 45 02.410,+23 39 30.47,1,17.692,,,,08450241+2339304,,STAR,J,,,,,,,,,,,,,,,,,,,,,,16.182,0.127,,,,,,,,,,,,,,,,,,,,,,,,,,,,,,,
7744,7744,7744,212176982,09 02 54.635,+23 39 30.52,1,17.655,,,,,5038-301-6-0069-0324,EXTENDED,gri,,4,2,-9,2,,,,,,,19.285,0.061,18.199,0.012,17.697,0.011,17.422,0.015,17.281,0.044,,,,,,,,,,,,,,,,,,,,,,,,,,,,,,,,,
7745,7745,7745,212176993,08 55 27.430,+23 39 31.67,1,18.634,,,,,4569-301-3-0152-0026,STAR,gri,,-1,3,6,3,,,,,,,18.938,0.021,18.857,0.009,18.56,0.009,18.522,0.011,18.584,0.034,,,,,,,,,,,,,,,,,,,,,,,,,,,,,,,,,
7746,7746,7746,212177012,08 41 17.821,+23 39 33.73,1,15.549,,,569-044395,08411781+2339336,,STAR,gri,rpm,0.6,4.3,0.8,5.5,,,17.016,0.15,15.884,0.04,,,16.421,0.06,15.556,0.08,15.175,0.16,,,13.783,0.024,13.206,0.026,13.118,0.027,4718,112,112,4.634,0.035,0.07,-0.183,0.2,0.36,0.675,0.093,0.052,0.739,0.064,0.064,2.264,0.396,0.624,555.6,142.3,64.96,0.034,0.01,0.008,,,
7747,7747,7747,212177023,08 51 57.990,+23 39 34.82,1,12.641,,1943-927-1,569-044787,08515798+2339347,,STAR,gri,rpm,-10.9,2,2.4,2.2,,,12.838,0.29,12.739,0.286,,,12.856,0.05,12.569,0.04,12.479,0.04,,,11.746,0.022,11.529,0.021,11.468,0.019,6382,156,156,4.171,0.115,0.184,-0.1,0.15,0.21,1.471,0.384,0.235,1.245,0.124,0.149,0.374,0.186,0.178,660.1,161,109.8,0.032,0.008,0.005,,,
7748,7748,7748,212177061,08 59 03.375,+23 39 38.71,1,13.339,,,569-045034,08590337+2339388,,STAR,gri,lam,-2.9,2.8,2.4,3.3,,,14.429,0.03,13.594,0.06,,,13.97,0.02,13.301,0.02,13.069,0.03,,,11.973,0.022,11.577,0.025,11.463,0.023,5140,124,124,3.647,0.085,0.136,-0.368,0.12,0.15,2.521,0.499,0.269,1.054,0.135,0.084,0.063,0.022,0.024,1005,176.9,96.83,0.034,0.007,0.007,,,
7749,7749,7749,212177065,08 40 18.761,+23 39 38.84,1,17.372,,,,08401876+2339388,4517-301-3-0127-0075,EXTENDED,gri,,8,3,9,3,,,,,,,18.937,0.039,17.995,0.008,17.487,0.008,17.105,0.007,16.915,0.02,16.69,0.165,,,,,,,,,,,,,,,,,,,,,,,,,,,,,,,
7750,7750,7750,212177090,08 52 41.268,+23 39 40.98,1,17.419,,,,08524126+2339409,4569-301-4-0148-0130,EXTENDED,gri,,-1,3,-1,3,,,,,,,19.544,0.058,18.129,0.008,17.474,0.007,17.115,0.008,16.887,0.023,16.401,0.113,15.8,0.158,15.36,0.148,,,,,,,,,,,,,,,,,,,,,,,,,,,
7751,7751,7751,212177093,08 43 40.613,+23 39 41.36,1,12.04,,1942-1741-1,569-044495,08434060+2339413,,STAR,gri,plx,-20.7,2.1,6,2.3,,,12.521,0.245,12.408,0.251,,,12.231,0.01,11.977,0.02,12.133,0.52,,,11.158,0.022,10.938,0.021,10.9,0.017,6556,131,157,4.244,0.07,0.126,-0.175,0.15,0.42,1.368,0.203,0.177,1.233,0.11,0.243,0.444,0.162,0.157,356.2,80.5,80.5,0.032,0.007,0.006,,,
7752,7752,7752,212177099,08 45 02.294,+23 39 41.84,1,11.549,,,569-044539,08450229+2339415,,STAR,gri,rpm,-3.5,1.8,3.6,3.1,,,12.729,0.02,11.683,0.02,,,12.183,0.01,11.358,0.02,11.278,0.53,,,9.819,0.02,9.293,0.023,9.162,0.018,4803,58,58,2.447,0.512,0.08,-0.3,0.15,0.15,10.806,0.646,4.639,1.16,0.238,0.149,9.32E-04,0.004,1.74E-04,1358,109.2,536.5,0.033,0.01,0.007,,,
7753,7753,7753,212177106,08 47 35.619,+23 39 42.34,1,14.132,,,569-044629,08473561+2339422,,STAR,gri,rpm,-2.2,3,4.7,3.4,,,15.083,0.03,14.199,0.04,,,14.645,0.01,13.949,0.04,13.912,0.51,,,12.605,0.022,12.176,0.035,12.051,0.019,5157,154,123,3.901,0.696,0.696,-0.231,0.25,0.45,1.766,2.073,1.052,0.913,0.193,0.064,0.119,1.698,0.108,1018,1088,631.9,0.032,0.008,0.006,,,
7754,7754,7754,212177120,08 42 53.841,+23 39 43.07,1,11.973,,1942-1926-1,569-044456,08425383+2339432,,STAR,gri,plx,4,1.9,-17.1,2.2,,,12.57,0.279,12.017,0.218,,,12.319,0.01,11.79,0.02,11.825,0.52,,,10.661,0.022,10.256,0.023,10.194,0.021,5491,131,65,3.729,0.162,0.045,-0.374,0.15,0.45,2.127,0.466,0.238,1.067,0.119,0.167,0.091,0.057,0.027,441,102.6,102.6,0.031,0.006,0.003,,,
7755,7755,7755,212177144,08 52 18.085,+23 39 45.03,1,14.415,,,569-044794,08521808+2339450,4569-301-4-0147-0099,STAR,gri,rpm,-4.6,3.2,-15.3,3.5,,,15.533,0.02,14.706,0.03,,,15.096,0.05,14.374,0.03,14.124,0.04,,,13.09,0.025,12.617,0.024,12.548,0.022,5073,120,80,4.585,0.035,0.868,-0.231,0.25,0.3,0.751,1.415,0.064,0.813,0.103,0.086,1.824,0.319,1.744,492.3,992.4,50.5,0.032,0.009,0.005,,,
7756,7756,7756,212177247,08 53 30.667,+23 39 55.53,1,10,,1943-2238-1,569-044834,08533066+2339555,,STAR,gri,rpm,25.3,1.1,-7.8,1.1,,,11.299,0.093,10.181,0.049,,,10.858,0.04,9.979,0.07,9.632,0.03,,,8.422,0.039,7.886,0.016,7.79,0.024,4746,94,94,2.465,0.561,0.165,-0.26,0.2,0.36,10.24,1.615,4.677,1.119,0.211,0.176,0.001,0.006,4.28E-04,686.8,93.08,290.9,0.032,0.01,0.007,,,
7757,7757,7757,212177324,08 41 33.753,+23 40 01.51,1,14.444,,,569-044405,08413374+2340015,,STAR,gri,rpm,36.5,4.6,-25.8,5.1,,,15.758,0.03,14.668,0.01,,,15.242,0.02,14.186,0.04,14.102,0.53,,,12.513,0.023,11.983,0.022,11.798,0.018,4447,142,106,4.774,0.108,0.108,-0.575,0.4,0.56,0.494,0.131,0.09,0.559,0.138,0.092,4.194,1.938,1.73,206.8,69.6,36.36,0.029,0.004,0.009,,,
7758,7758,7758,212177393,08 41 25.757,+23 40 07.19,1,15.016,,,569-044400,08412576+2340072,,STAR,gri,rpm,-9.8,4.7,-1.5,5.1,,,15.87,0.03,15.082,0.02,,,15.438,0.02,14.762,0.03,14.835,0.43,,,13.441,0.022,13.057,0.026,12.92,0.03,5320,108,108,4.542,0.035,0.056,-0.1,0.2,0.24,0.823,0.081,0.062,0.876,0.059,0.071,1.524,0.246,0.288,662,85.57,63.78,0.034,0.008,0.007,,,
7759,7759,7759,212177429,08 58 40.148,+23 40 09.91,1,12.453,,,569-045018,08584015+2340098,,STAR,gri,rpm,-1.9,1.1,-15.5,1.1,,,13.105,0.02,12.603,0.07,,,12.804,0.01,12.445,0.02,12.302,0.02,,,11.532,0.023,11.245,0.021,11.216,0.023,6099,96,96,4.18,0.195,0.195,-0.377,0.25,0.35,1.291,0.357,0.28,1,0.16,0.133,0.412,0.391,0.227,505,142.6,111.2,0.033,0.008,0.008,,,
7760,7760,7760,212177437,08 39 02.325,+23 40 11.09,1,17.609,,,,08390232+2340110,,STAR,J,col,,,,,,,,,,,,,,,,,,,,,16.105,0.11,15.383,0.133,14.956,0.146,3914,433,361,4.901,0.145,0.174,-0.213,0.25,0.35,0.352,0.166,0.131,0.382,0.183,0.183,7.693,8.945,4.136,673.2,477.9,319.6,0.032,0.008,0.007,,,
7761,7761,7761,212177506,08 47 38.037,+23 40 17.77,1,13.549,,,569-044632,08473803+2340177,,STAR,gri,rpm,11,3.2,-18.2,3.6,,,15.113,0.01,13.885,0.04,,,14.574,0.01,13.353,0.04,13.109,0.45,,,11.572,0.022,10.951,0.03,10.823,0.023,4142,75,150,4.774,0.056,0.04,-0.053,0.22,0.12,0.509,0.056,0.059,0.567,0.07,0.058,4.222,1.344,0.79,126.8,13.78,25.15,0.019,0.007,0.002,,,
7762,7762,7762,212177606,08 47 36.494,+23 40 27.94,1,18.672,,,,,4569-301-5-0141-0374,EXTENDED,gri,,29,3,7,3,,,,,,,19.94,0.087,19,0.019,18.696,0.022,18.532,0.036,18.423,0.095,,,,,,,,,,,,,,,,,,,,,,,,,,,,,,,,,
7763,7763,7763,212177638,08 52 45.914,+23 40 31.39,1,12.132,,,569-044810,08524591+2340314,,STAR,gri,rpm,-23.1,1.3,-3.4,1.5,,,13.269,0.04,12.39,0.05,,,12.833,0.04,12.103,0.05,11.832,0.03,,,10.72,0.022,10.276,0.021,10.17,0.017,5047,121,80,3.534,0.891,0.405,-0.242,0.16,0.52,2.725,1.151,1.902,0.999,0.219,0.183,0.04,1.188,0.03,585.4,288.5,397.3,0.029,0.007,0.008,,,
7764,7764,7764,212177712,08 57 19.943,+23 40 38.42,1,12.266,,,569-044969,08571994+2340385,,STAR,gri,lam,-2.2,1.9,-8.3,2.1,,,13.628,0.03,12.615,0.07,,,13.109,0.01,12.234,0.01,11.905,0.01,,,10.675,0.021,10.144,0.021,10.042,0.019,4819,77,77,3.088,0.147,0.105,-0.186,0.15,0.15,5.031,0.653,0.892,1.169,0.146,0.122,0.009,0.006,0.003,991.3,118.4,163.7,0.033,0.007,0.005,,,
7765,7765,7765,212177731,08 48 22.180,+23 40 39.62,1,17.189,,,,,4569-301-5-0142-0191,EXTENDED,gri,,-15,4,3,4,,,,,,,18.784,0.039,17.74,0.008,17.242,0.008,16.953,0.01,16.757,0.026,,,,,,,,,,,,,,,,,,,,,,,,,,,,,,,,,
7766,7766,7766,212177756,09 03 29.698,+23 40 42.25,1,15.782,,,569-045172,09032970+2340422,5038-301-6-0070-0185,STAR,JHK,rpm,-5.7,4.5,-41.4,5.1,,,,,,,,,,,,,,,,,13.623,0.023,12.919,0.022,12.793,0.025,4166,150,150,4.773,0.045,0.054,-0.072,0.15,0.21,0.511,0.053,0.048,0.563,0.063,0.053,4.186,0.905,0.876,317.1,57.17,40.91,0.03,0.01,0.006,,,
7767,7767,7767,212177820,08 54 46.949,+23 40 48.47,1,13.965,,,569-044884,08544695+2340484,,STAR,gri,rpm,-46.6,3.2,13.7,3.5,,,15.463,0.06,14.382,0.05,,,15,0.06,13.932,0.03,13.521,0.05,,,12.252,0.023,11.658,0.024,11.525,0.021,4425,103,129,4.724,0.11,0.055,-0.289,0.3,0.42,0.556,0.081,0.112,0.605,0.087,0.101,3.391,2.108,0.728,197.5,38.86,43.91,0.024,0.004,0.005,,,
7768,7768,7768,212177860,08 50 38.904,+23 40 51.60,1,11.808,,1943-2022-1,569-044739,08503889+2340516,,STAR,gri,rpm,36.8,1.5,-20.9,1.7,,,12.303,0.197,11.587,0.128,,,12.19,0.05,11.797,0.04,11.645,0.04,,,10.824,0.021,10.53,0.023,10.481,0.02,5965,143,107,4.344,0.105,0.189,-0.301,0.3,0.3,1.083,0.258,0.135,0.961,0.129,0.08,0.738,0.354,0.344,303.7,88.09,50.51,0.03,0.011,0.006,,,
7769,7769,7769,212177861,08 53 18.647,+23 40 51.68,1,19.125,,,,08531864+2340516,4576-301-4-0141-0245,STAR,gri,rpm,-41,5,-15,5,,,,,,,23.56,0.798,21.07,0.034,19.453,0.016,18.292,0.01,17.648,0.02,16.265,0.094,15.866,0.143,15.669,0.198,3301,33,33,5.168,0.02,0.024,-0.223,0.18,0.12,0.163,0.008,0.005,0.143,0.006,0.004,32.76,2.343,3.02,246.6,16.18,17.63,0.029,0.007,0.006,,,
7770,7770,7770,212177867,08 38 11.167,+23 40 51.93,1,9.429,,1942-2404-1,569-044268,08381117+2340517,,STAR,gri,plx,-22.4,0.9,-5.4,0.9,,,10.024,0.032,9.549,0.029,,,10.143,0.01,9.406,0.19,9.123,0.01,,,8.384,0.03,8.187,0.038,8.085,0.029,6233,217,217,4.226,0.065,0.091,-0.022,0.15,0.21,1.385,0.095,0.074,1.205,0.074,0.118,0.438,0.101,0.11,131.7,6.287,6.287,0.019,0.005,0.005,,,
7771,7771,7771,212177952,08 46 41.294,+23 40 58.84,1,11.933,,,569-044589,08464128+2340588,,STAR,gri,rpm,-15.9,1.1,-19.7,1.1,,,12.47,0.02,11.834,0.03,,,12.102,0.01,11.661,0.02,11.86,0.6,,,10.679,0.023,10.395,0.032,10.322,0.018,5989,94,118,4.19,0.204,0.204,-0.067,0.15,0.24,1.331,0.388,0.3,1.099,0.129,0.108,0.374,0.483,0.186,350.5,95.87,88.27,0.03,0.007,0.007,,,
7772,7772,7772,212178003,08 48 25.281,+23 41 04.35,1,17.784,,,,08482528+2341043,4569-301-5-0142-0200,EXTENDED,gri,,6,3,4,1,,,,,,,19.202,0.031,18.398,0.008,17.909,0.007,17.521,0.008,17.36,0.02,16.462,0.125,15.92,0.159,15.001,0.112,,,,,,,,,,,,,,,,,,,,,,,,,,,
7773,7773,7773,212178031,08 44 41.061,+23 41 07.03,1,16.681,,,,08444106+2341070,4517-301-2-0133-0129,EXTENDED,gri,,4,4,-5,4,,,,,,,18.83,0.042,17.37,0.006,16.767,0.005,16.386,0.005,16.082,0.012,16.294,0.141,15.433,0.123,14.911,0.152,,,,,,,,,,,,,,,,,,,,,,,,,,,
7774,7774,7774,212178066,08 38 45.521,+23 41 09.26,1,6.793,42403,1942-1827-1,569-044287,08384552+2341094,,STAR,BV,plx,-46.32,0.71,-148.74,0.53,28.9,0.72,7.437,0.016,6.884,0.01,,,,,,,,,,,5.836,0.018,5.64,0.034,5.567,0.018,6141,322,322,4.305,0.125,0.125,-0.07,0.15,0.3,1.219,0.274,0.263,1.127,0.165,0.198,0.572,0.436,0.215,34.6,1.038,1.038,0.005,0.002,0.002,,,
7775,7775,7775,212178073,08 46 50.953,+23 41 09.79,1,11.102,,1943-567-1,569-044598,08465095+2341098,,STAR,gri,rpm,-21.7,1.4,4.4,1.4,,,11.318,0.08,10.839,0.08,,,11.183,0.02,10.833,0.02,11.068,0.61,,,9.982,0.021,9.755,0.032,9.655,0.018,6299,125,125,4.108,0.21,0.21,-0.078,0.15,0.18,1.552,0.634,0.352,1.241,0.194,0.139,0.313,0.277,0.184,298.4,109.5,59.73,0.029,0.008,0.007,,,
7776,7776,7776,212178078,08 41 23.785,+23 41 10.09,1,18.185,,,,08412378+2341100,4508-301-3-0120-0192,STAR,gri,rpm,-75,3,-116,3,,,,,,,22.733,0.267,19.657,0.013,18.192,0.007,17.554,0.007,17.194,0.012,16.092,0.075,15.299,0.094,15.227,0.147,3730,76,60,5.159,0.02,0.036,-0.778,0.15,0.15,0.178,0.019,0.01,0.169,0.021,0.013,28.53,4.226,4.246,223.6,29.96,67.48,0.025,0.003,0.007,,,
7777,7777,7777,212178088,08 39 28.738,+23 41 10.72,1,12.834,,,569-044316,08392874+2341109,,STAR,gri,rpm,-7.2,1.8,-3.4,2,,,13.321,0.03,12.892,0.04,,,13.033,0.01,12.767,0.05,12.981,0.58,,,11.893,0.025,11.68,0.024,11.626,0.022,6514,160,160,4.196,0.08,0.16,-0.116,0.12,0.18,1.451,0.35,0.168,1.265,0.126,0.105,0.381,0.145,0.168,725.9,175,103.8,0.032,0.01,0.007,,,
7778,7778,7778,212178107,08 53 37.008,+23 41 12.21,1,9.984,,1943-1019-1,569-044843,08533701+2341123,,STAR,gri,rpm,-1,1.1,-20.8,1.1,,,11.38,0.095,10.407,0.057,,,10.877,0.03,9.974,0.06,9.601,0.03,,,8.378,0.018,7.83,0.021,7.697,0.023,4683,74,74,2.458,0.315,0.105,-0.17,0.15,0.18,10.876,0.842,3.386,1.22,0.215,0.179,9.64E-04,0.002,2.72E-04,700.6,51.83,188.8,0.033,0.01,0.007,,,
7779,7779,7779,212178164,08 57 16.962,+23 41 17.97,1,18.338,,,,,4576-301-3-0147-0023,STAR,gri,,4,3,1,3,,,,,,,18.543,0.017,18.369,0.007,18.328,0.008,18.079,0.009,18.202,0.029,,,,,,,,,,,,,,,,,,,,,,,,,,,,,,,,,
7780,7780,7780,212178232,08 43 48.361,+23 41 22.90,1,17.53,,,,,4517-301-2-0132-0142,EXTENDED,gri,,-1,3,0,3,,,,,,,19.523,0.062,18.286,0.01,17.603,0.008,17.206,0.008,16.958,0.019,,,,,,,,,,,,,,,,,,,,,,,,,,,,,,,,,
7781,7781,7781,212178276,08 38 19.894,+23 41 27.63,1,15.309,,,569-044271,08381989+2341276,4508-301-4-0116-0373,STAR,JHK,col,,,,,,,,,,,,,,,,,,,,,13.127,0.027,12.521,0.03,12.29,0.024,3667,179,179,4.976,0.085,0.085,-0.061,0.15,0.21,0.29,0.081,0.074,0.296,0.101,0.101,11.73,8.374,4.243,126,43.2,37.55,0.018,0.007,0.007,,,
7782,7782,7782,212178308,08 55 00.922,+23 41 30.29,1,13.353,,,569-044891,08550092+2341302,,STAR,gri,rpm,5.7,2.4,13.8,2.6,,,14.965,0.05,13.796,0.03,,,14.458,0.05,13.301,0.05,12.88,0.02,,,11.566,0.023,10.926,0.021,10.84,0.02,4272,75,100,4.739,0.06,0.02,-0.053,0.24,0.12,0.564,0.011,0.073,0.64,0.013,0.081,3.557,1.132,0.213,149,5.023,24.84,0.018,0.008,0.002,,,
7783,7783,7783,212178366,08 55 37.425,+23 41 36.78,1,19.085,,,,,4569-301-3-0152-0281,EXTENDED,gri,,10,3,0,3,,,,,,,20.541,0.145,19.29,0.026,19.016,0.033,18.876,0.048,18.706,0.122,,,,,,,,,,,,,,,,,,,,,,,,,,,,,,,,,
7784,7784,7784,212178399,08 40 56.205,+23 41 39.41,1,14.209,,,569-044382,08405620+2341395,4517-301-3-0128-0040,STAR,gri,rpm,7.3,4.8,27.8,5.1,,,15.232,0.04,14.33,0.04,,,14.745,0.01,13.989,0.03,13.98,0.57,,,12.755,0.024,12.307,0.031,12.196,0.028,5071,82,82,4.579,0.035,0.042,-0.081,0.25,0.25,0.762,0.058,0.064,0.816,0.063,0.074,1.777,0.35,0.247,422.1,49.33,37.14,0.031,0.011,0.006,,,
7785,7785,7785,212178419,08 45 41.630,+23 41 41.02,1,14.596,,,569-044561,08454163+2341410,,STAR,gri,col,,,,,,,15.535,0.02,14.666,0.02,,,15.072,0.01,14.386,0.02,14.391,0.47,,,13.094,0.023,12.633,0.021,12.586,0.025,5156,102,102,4.56,0.05,1.03,-0.346,0.3,0.36,0.789,2.015,0.087,0.847,0.098,0.117,1.653,0.404,1.609,527.5,1309,71.24,0.032,0.01,0.007,,,
7786,7786,7786,212178463,08 42 57.397,+23 41 45.12,1,14.592,,,569-044462,08425739+2341453,4508-301-3-0122-0100,STAR,gri,rpm,6.7,4.7,-2.7,5.1,,,15.722,0.03,14.737,0.02,,,15.168,0.01,14.462,0.03,14.345,0.43,,,12.998,0.024,12.487,0.023,12.429,0.023,5021,99,79,3.314,1.12,0.672,-0.575,0.36,0.3,3.417,2.932,2.645,0.91,0.1,0.1,0.019,1.23,0.016,1921,1944,1446,0.032,0.01,0.007,,,
7787,7787,7787,212178468,08 45 42.360,+23 41 45.65,1,16.192,,,,,4508-301-2-0126-0025,EXTENDED,gri,,2,4,7,4,,,,,,,17.788,0.087,16.469,0.014,16.155,0.012,16.073,0.019,16.043,0.04,,,,,,,,,,,,,,,,,,,,,,,,,,,,,,,,,
7788,7788,7788,212178484,08 54 15.599,+23 41 48.11,1,17.783,,,,08541559+2341481,,STAR,J,,10,3,4,3,,,,,,,,,,,,,,,,,16.266,0.13,15.489,0.162,,,,,,,,,,,,,,,,,,,,,,,,,,,,,
7789,7789,7789,212178495,08 42 40.080,+23 41 48.87,1,19.068,,,,,4508-301-3-0122-0198,STAR,gri,,3,4,3,4,,,,,,,19.45,0.027,19.238,0.011,19.012,0.011,19.08,0.013,19.039,0.036,,,,,,,,,,,,,,,,,,,,,,,,,,,,,,,,,
7790,7790,7790,212178516,08 54 05.266,+23 41 50.99,1,16.423,,,,08540526+2341509,4576-301-4-0142-0270,EXTENDED,gri,,2,3,0,3,,,,,,,19.392,0.071,17.486,0.007,16.433,0.005,15.967,0.005,15.569,0.011,15.295,0.081,14.459,0.088,14.319,0.084,,,,,,,,,,,,,,,,,,,,,,,,,,,
7791,7791,7791,212178521,08 53 08.837,+23 41 51.35,1,12.729,,,569-044824,08530883+2341513,,STAR,gri,rpm,-3.7,1.5,1,1.7,,,13.34,0.03,12.856,0.04,,,13.068,0.05,12.73,0.04,12.583,0.02,,,11.82,0.023,11.586,0.024,11.527,0.02,6184,188,151,4.156,0.185,0.222,-0.135,0.16,0.24,1.456,0.463,0.352,1.165,0.166,0.138,0.355,0.345,0.198,655.2,201,134.3,0.032,0.008,0.005,,,
7792,7792,7792,212178523,08 42 48.332,+23 41 51.72,1,16.255,,,,08424833+2341517,4508-301-3-0122-0238,EXTENDED,gri,,4,3,-6,3,,,,,,,19.592,0.078,17.393,0.007,16.269,0.004,15.768,0.004,15.324,0.008,15.248,0.071,14.428,0.075,14.076,0.087,,,,,,,,,,,,,,,,,,,,,,,,,,,
7793,7793,7793,212178539,08 45 32.877,+23 41 53.07,1,17.041,,,569-044554,08453282+2341528,,STAR,BV,,2,3,6,2,,,16.93,0.15,16.924,0.05,,,16.8,0.3,,,,,,,16.208,0.117,15.841,0.165,,,,,,,,,,,,,,,,,,,,,,,,,,,,,
7794,7794,7794,212178551,08 53 33.577,+23 41 54.03,1,15.505,,,,08533357+2341540,4576-301-4-0142-0047,EXTENDED,gri,,2,3,8,3,,,,,,,18.558,0.058,16.517,0.005,15.451,0.004,15.071,0.004,14.609,0.008,14.972,0.091,14.418,0.108,13.983,0.094,,,,,,,,,,,,,,,,,,,,,,,,,,,
7795,7795,7795,212178564,08 51 14.555,+23 41 55.24,1,13.931,,,569-044763,08511455+2341552,,STAR,gri,lam,1.6,2.3,-1.3,2.6,,,14.922,0.04,14.186,0.04,,,14.496,0.05,13.942,0.04,13.689,0.03,,,12.619,0.023,12.167,0.022,12.101,0.018,5472,195,130,3.674,0.119,0.085,-0.91,0.12,0.18,2.22,0.239,0.283,0.884,0.018,0.018,0.078,0.037,0.022,1230,147.5,110.8,0.033,0.01,0.01,,,
7796,7796,7796,212178565,08 58 57.520,+23 41 55.26,1,12.153,,,569-045026,08585752+2341554,,STAR,gri,rpm,-6,2.1,-14.8,2.3,,,13.487,0.03,12.485,0.07,,,12.972,0.01,12.109,0.03,11.802,0.01,,,10.681,0.023,10.112,0.027,9.999,0.019,4734,55,92,2.754,1.625,0.625,-0.352,0.3,0.24,5.784,6.929,5.076,0.979,0.194,0.162,0.003,1.257,0.003,1250,1046,1092,0.034,0.005,0.013,,,
7797,7797,7797,212178581,08 46 12.011,+23 41 56.47,1,15.129,,,569-044573,08461201+2341563,,STAR,gri,rpm,-3.5,4.4,0.2,5,,,16.15,0.03,15.353,0.05,,,15.758,0.048,15.117,0.04,14.859,0.04,,,13.829,0.028,13.456,0.03,13.309,0.039,5358,162,162,4.535,0.045,0.558,-0.183,0.2,0.4,0.839,1.128,0.094,0.877,0.073,0.087,1.449,0.384,1.316,822.2,1063,112,0.035,0.011,0.008,,,
7798,7798,7798,212178584,08 44 22.302,+23 41 56.71,1,17.667,,,,08442230+2341567,,STAR,JHK,col,,,,,,,,,,,,,,,,,,,,,15.131,0.062,14.501,0.084,14.15,0.085,3829,483,301,4.907,0.135,0.189,-0.132,0.2,0.32,0.337,0.172,0.114,0.365,0.206,0.172,8.087,9.203,4.838,408,304.3,174.3,0.029,0.01,0.008,,,
7799,7799,7799,212178592,09 00 22.218,+23 41 57.34,1,16.979,,,,09002221+2341573,4569-301-2-0158-0248,STAR,gri,rpm,-32,3,-56,3,,,,,,,21.007,0.086,18.387,0.007,17.046,0.005,16.375,0.005,15.992,0.007,14.808,0.031,14.164,0.03,13.903,0.036,3834,77,61,4.937,0.072,0.06,-0.237,0.12,0.12,0.335,0.064,0.053,0.37,0.073,0.073,9.052,3.559,2.185,323.8,70,57.55,0.035,0.005,0.009,,,
7800,7800,7800,212178701,08 38 52.306,+23 42 08.19,1,17.202,,,,08385230+2342081,,STAR,J,col,,,,,,,,,,,,,,,,,,,,,15.726,0.086,14.908,0.091,14.274,0.08,3593,381,533,5.016,0.15,0.15,-0.105,0.16,0.24,0.241,0.14,0.102,0.25,0.193,0.138,15.35,31.33,8.414,350,282.5,197.2,0.029,0.009,0.013,,,
7801,7801,7801,212178730,08 55 27.631,+23 42 11.17,1,16.6,,,,08552763+2342111,4569-301-3-0152-0032,EXTENDED,gri,,,,,,,,,,,,19.325,0.073,17.599,0.009,16.684,0.006,16.172,0.006,15.866,0.015,15.808,0.084,15.045,0.096,14.614,0.099,,,,,,,,,,,,,,,,,,,,,,,,,,,
7802,7802,7802,212178780,08 43 32.478,+23 42 16.44,1,15.263,,,569-044485,08433248+2342166,,STAR,gri,rpm,0.2,4.3,-5.1,4.9,,,16.596,0.05,15.579,0.06,,,16.05,0.02,15.241,0.04,14.925,0.02,,,13.662,0.023,13.11,0.027,12.963,0.029,4822,94,75,4.626,0.035,1.813,-0.338,0.25,0.25,0.696,5.742,0.064,0.766,0.164,0.098,2.151,0.406,2.148,549.2,4345,59.72,0.033,0.01,0.006,,,
7803,7803,7803,212178800,09 00 41.725,+23 42 18.75,1,14.9,,,569-045083,09004172+2342187,,STAR,gri,rpm,-6.5,4.2,3.2,4.5,,,16.77,0.07,15.676,0.057,,,16.166,0.054,14.997,0.055,14.357,0.077,,,12.948,0.02,12.308,0.021,12.129,0.022,3922,124,62,4.847,0.03,0.025,-0.001,0.21,0.15,0.433,0.023,0.029,0.49,0.025,0.03,5.903,0.781,0.581,185.4,16.58,10.29,0.022,0.006,0.005,,,
7804,7804,7804,212178811,08 46 15.525,+23 42 19.70,1,12.575,,,569-044575,08461552+2342196,,STAR,gri,rpm,-7.6,2,-2.1,2.4,,,13.093,0.02,12.468,0.03,,,12.728,0.01,12.302,0.01,12.51,0.6,,,11.36,0.023,11.058,0.021,11.021,0.018,6004,95,95,4.181,0.2,0.24,-0.085,0.12,0.24,1.323,0.527,0.25,1.087,0.13,0.13,0.392,0.382,0.219,473.3,169.6,93,0.03,0.007,0.005,,,
7805,7805,7805,212178875,08 55 20.680,+23 42 25.45,1,11.629,,,569-044900,08552068+2342255,,STAR,gri,rpm,-19.5,1.2,-15,1.4,,,13.035,0.04,11.931,0.04,,,12.502,0.05,11.572,0.04,11.254,0.02,,,10.072,0.022,9.56,0.022,9.43,0.02,4782,75,94,3.249,0.3,0.55,-0.049,0.2,0.28,3.985,3.004,1.14,1.116,0.146,0.205,0.017,0.03,0.014,581,428.7,164,0.032,0.009,0.009,,,
7806,7806,7806,212178886,08 42 28.854,+23 42 26.28,1,10.748,,1942-1803-1,569-044437,08422883+2342267,,STAR,gri,rpm,4.8,1.2,-11,1.2,,,11.582,0.086,11.139,0.092,,,10.941,0.02,10.684,0.02,10.919,0.58,,,10.013,0.026,9.794,0.024,9.855,0.026,6607,130,130,4.109,0.145,0.261,-0.031,0.1,0.14,1.65,0.735,0.327,1.383,0.228,0.127,0.274,0.229,0.164,347,159.2,59.7,0.029,0.008,0.007,,,
7807,7807,7807,212178911,08 39 18.291,+23 42 28.59,1,14.416,,,569-044311,08391829+2342287,,STAR,gri,rpm,-1.1,3.4,2.7,4,,,15.334,0.057,14.467,0.05,,,14.842,0.01,14.148,0.04,14.234,0.64,,,12.778,0.025,12.358,0.023,12.253,0.022,5167,145,103,3.707,0.85,0.51,-0.281,0.3,0.48,2.199,1.529,1.434,0.936,0.209,0.095,0.085,1.394,0.07,1296,796.4,844.4,0.034,0.006,0.007,,,
7808,7808,7808,212178922,08 38 55.768,+23 42 30.38,1,17.033,,,,08385576+2342303,,STAR,J,col,,,,,,,,,,,,,,,,,,,,,15.569,0.078,14.863,0.092,14.361,0.093,3746,386,331,4.965,0.12,0.168,-0.132,0.2,0.28,0.306,0.157,0.104,0.315,0.202,0.144,10.57,10.28,5.892,405.5,292.7,170,0.031,0.01,0.008,,,
7809,7809,7809,212178947,08 53 31.583,+23 42 32.32,1,16.397,,,,08533158+2342323,4576-301-4-0142-0187,EXTENDED,gri,,-4,3,-7,3,,,,,,,19.373,0.078,17.355,0.006,16.429,0.005,15.987,0.005,15.647,0.013,15.55,0.091,14.885,0.103,14.448,0.094,,,,,,,,,,,,,,,,,,,,,,,,,,,
7810,7810,7810,212178962,08 44 39.777,+23 42 33.38,1,11.383,,1943-935-1,569-044522,08443977+2342331,,STAR,gri,rpm,-12.5,2.4,-39.6,2.7,,,12.242,0.246,11.506,0.157,,,12.1,0.02,11.171,0.01,11.076,0.52,,,9.621,0.02,9.166,0.021,9.027,0.018,4799,47,57,3.416,1.188,0.216,0.082,0.06,0.12,3.567,0.749,2.839,1.145,0.19,0.343,0.026,1.979,0.012,447.5,85.09,358.6,0.025,0.008,0.013,,,
7811,7811,7811,212179010,08 38 54.737,+23 42 36.91,1,17.463,,,,08385473+2342369,,STAR,J,col,,,,,,,,,,,,,,,,,,,,,15.97,0.083,15.458,0.124,14.897,0.129,3714,597,298,4.965,0.12,0.216,-0.168,0.2,0.32,0.28,0.218,0.094,0.304,0.247,0.137,10.57,10.28,6.487,452.1,515.3,189.5,0.032,0.008,0.008,,,
7812,7812,7812,212179017,08 43 45.736,+23 42 37.47,1,18.291,,,,08434573+2342374,,STAR,J,col,,,,,,,,,,,,,,,,,,,,,16.734,0.186,15.999,0.189,15.282,0.171,3749,513,321,4.978,0.125,0.175,-0.219,0.24,0.36,0.289,0.158,0.102,0.314,0.201,0.144,11.29,11.76,6.495,688.4,547.1,304.8,0.032,0.008,0.007,,,
7813,7813,7813,212179038,08 57 00.999,+23 42 39.57,1,19.04,,,,,4569-301-3-0154-0060,STAR,gri,,2,3,-1,3,,,,,,,19.515,0.03,19.206,0.011,18.985,0.012,18.832,0.013,18.918,0.043,,,,,,,,,,,,,,,,,,,,,,,,,,,,,,,,,
7814,7814,7814,212179042,08 47 10.723,+23 42 39.92,1,11.595,,1943-1048-1,569-044607,08471071+2342399,,STAR,gri,rpm,13.2,1.5,8.7,1.6,,,12.004,0.153,11.319,0.109,,,11.956,0.01,11.34,0.03,11.44,0.6,,,10.084,0.022,9.709,0.032,9.621,0.019,5349,161,129,3.644,0.81,1.296,-0.279,0.3,0.66,2.51,6.561,1.65,0.94,0.301,0.046,0.066,1.186,0.065,462.8,841.6,298.6,0.03,0.011,0.008,,,
7815,7815,7815,212179071,08 43 36.360,+23 42 42.39,1,18.648,,,,,4517-301-2-0132-0333,EXTENDED,gri,,-7,3,0,3,,,,,,,19.8,0.072,18.864,0.015,18.576,0.016,18.36,0.018,18.185,0.051,,,,,,,,,,,,,,,,,,,,,,,,,,,,,,,,,
7816,7816,7816,212179095,08 52 22.685,+23 42 43.79,1,17.747,,,,08522268+2342437,4569-301-4-0147-0280,EXTENDED,gri,,-1,3,-2,3,,,,,,,21.077,0.162,19.094,0.014,17.691,0.007,17.17,0.007,16.865,0.018,16.055,0.089,15.371,0.102,14.613,0.089,,,,,,,,,,,,,,,,,,,,,,,,,,,
7817,7817,7817,212179097,08 56 23.816,+23 42 44.00,1,12.67,,,569-044934,08562382+2342439,,STAR,gri,rpm,-1.4,1.2,0.7,1.2,,,13.144,0.03,12.736,0.08,,,12.88,0.02,12.6,0.03,12.506,0.02,,,11.724,0.023,11.523,0.021,11.456,0.019,6497,130,157,4.059,0.225,0.15,-0.103,0.12,0.21,1.679,0.364,0.428,1.277,0.198,0.124,0.245,0.294,0.1,752.5,193.5,173.2,0.036,0.007,0.008,,,
7818,7818,7818,212179100,08 54 12.327,+23 42 44.37,1,19.406,,,,,4576-301-4-0143-0114,STAR,gri,,15,3,-20,3,,,,,,,19.545,0.034,19.214,0.01,19.47,0.016,19.655,0.025,19.982,0.122,,,,,,,,,,,,,,,,,,,,,,,,,,,,,,,,,
7819,7819,7819,212179121,08 59 56.189,+23 42 46.47,1,19.917,,,,,4569-301-2-0158-0357,STAR,gri,,-8,4,-8,4,,,,,,,20.744,0.071,20.359,0.023,19.875,0.02,19.727,0.023,19.871,0.095,,,,,,,,,,,,,,,,,,,,,,,,,,,,,,,,,
7820,7820,7820,212179151,08 42 13.435,+23 42 49.38,1,14.362,,,569-044430,08421343+2342495,,STAR,gri,col,,,,,,,16.341,0.06,14.918,0.01,,,15.685,0.04,14.297,0.048,13.795,0.57,,,11.851,0.022,11.144,0.02,11.009,0.02,4054,152,101,4.796,0.045,0.072,-0.025,0.15,0.33,0.485,0.081,0.045,0.548,0.077,0.048,4.673,1.01,1.12,135.1,38.05,21.94,0.021,0.007,0.006,,,
7821,7821,7821,212179182,08 42 53.917,+23 42 52.32,1,19.893,,,,,4508-301-3-0122-0500,EXTENDED,gri,,-3,4,3,4,,,,,,,20.982,0.102,20.069,0.023,19.835,0.026,19.633,0.028,19.493,0.09,,,,,,,,,,,,,,,,,,,,,,,,,,,,,,,,,
7822,7822,7822,212179207,08 57 10.278,+23 42 54.56,1,12.097,,1950-1262-1,569-044961,08571027+2342545,,STAR,gri,rpm,-3,2,2.6,2,,,12.078,0.163,11.841,0.2,,,12.379,0.02,12.077,0.01,11.976,0.01,,,11.22,0.02,10.983,0.019,10.94,0.018,6358,102,102,4.129,0.145,0.203,-0.147,0.15,0.21,1.5,0.552,0.267,1.223,0.194,0.162,0.339,0.243,0.196,535.3,180.2,100.2,0.034,0.008,0.007,,,
7823,7823,7823,212179256,08 50 37.841,+23 42 58.71,1,12.093,,1943-695-1,569-044737,08503783+2342586,,STAR,gri,rpm,-19.4,1.8,11.6,2.2,,,12.517,0.209,12.355,0.208,,,12.425,0.05,12.075,0.04,11.951,0.03,,,11.167,0.02,10.898,0.023,10.871,0.02,6140,146,146,4.249,0.13,0.182,-0.22,0.2,0.24,1.274,0.338,0.197,1.075,0.113,0.135,0.487,0.267,0.223,414.3,108.2,72.85,0.031,0.007,0.007,,,
7824,7824,7824,212179311,08 57 05.707,+23 43 04.26,1,13.979,,,569-044958,08570570+2343044,,STAR,JHK,col,,,,,,,,,,,,,,,,,,,,,12.573,0.021,12.108,0.023,12.016,0.023,5089,152,122,4.558,0.05,1.22,-0.306,0.3,0.48,0.804,2.705,0.104,0.857,0.143,0.102,1.625,0.445,1.602,425.9,1373,72.96,0.031,0.008,0.007,,,
7825,7825,7825,212179328,08 54 31.008,+23 43 06.07,1,18.616,,,,,4576-301-4-0143-0548,EXTENDED,gri,,8,3,-1,3,,,,,,,20.274,0.179,19.035,0.024,18.629,0.028,18.437,0.038,18.449,0.155,,,,,,,,,,,,,,,,,,,,,,,,,,,,,,,,,
7826,7826,7826,212179337,08 38 52.306,+23 43 06.84,1,14.505,,,569-044292,08385230+2343069,,STAR,gri,rpm,-4.7,4.5,-10.7,5,,,16.259,0.05,14.932,0.05,,,15.659,0.03,14.314,0.03,14.011,0.6,,,12.15,0.023,11.509,0.024,11.31,0.02,3884,46,93,4.876,0.024,0.02,0.025,0.05,0.08,0.411,0.02,0.028,0.467,0.024,0.043,6.568,0.904,0.578,120.6,14.84,7.527,0.023,0.01,0.007,,,
7827,7827,7827,212179342,09 00 20.436,+23 43 07.16,1,11.679,,,569-045070,09002043+2343072,,STAR,gri,lam,-5,1,-37.1,0.8,,,12.317,0.04,11.861,0.03,,,12.011,0.03,11.66,0.04,11.537,0.06,,,10.77,0.02,10.553,0.019,10.496,0.019,6279,126,151,4.098,0.162,0.135,0.057,0.08,0.08,1.605,0.403,0.273,1.309,0.115,0.096,0.274,0.175,0.107,451.4,110.1,75.07,0.032,0.01,0.006,,,
7828,7828,7828,212179381,08 42 58.596,+23 43 10.12,1,17.509,,,,08425859+2343101,4508-301-3-0122-0280,EXTENDED,gri,,4,2,10,3,,,,,,,20.451,0.082,18.519,0.009,17.525,0.006,17.076,0.006,16.734,0.012,15.939,0.103,15.418,0.13,14.966,0.131,,,,,,,,,,,,,,,,,,,,,,,,,,,
7829,7829,7829,212179393,08 56 48.288,+23 43 11.45,1,12.915,,,569-044946,08564829+2343114,,STAR,gri,rpm,-8.7,3.2,2.1,2.3,,,13.653,0.02,13.105,0.07,,,13.33,0.01,12.897,0.02,12.737,0.03,,,11.838,0.023,11.545,0.021,11.476,0.021,5958,95,95,4.188,0.205,0.287,-0.129,0.15,0.24,1.308,0.545,0.288,1.065,0.111,0.111,0.392,0.418,0.228,576.7,202.7,128,0.034,0.008,0.007,,,
7830,7830,7830,212179409,08 59 46.463,+23 43 12.98,1,14.668,,,569-045054,08594646+2343133,4569-301-2-0158-0027,STAR,gri,col,,,,,,,16.74,0.06,15.406,0.03,,,16.105,0.03,14.742,0.04,14.052,0.05,,,12.516,0.023,11.826,0.022,11.644,0.024,3916,46,62,4.848,0.045,0.025,0.005,0.15,0.12,0.433,0.026,0.047,0.49,0.025,0.061,5.86,1.5,0.577,152.4,10.15,20.15,0.023,0.007,0.005,,,
7831,7831,7831,212179441,08 57 05.966,+23 43 16.40,1,14.358,,,569-044959,08570596+2343165,,STAR,BV,rpm,42.6,4.5,0.1,5,,,15.643,0.04,14.553,0.04,,,,,,,,,,,12.112,0.02,11.51,0.021,11.367,0.019,4204,345,345,4.821,0.078,0.156,-0.141,0.16,0.32,0.46,0.16,0.076,0.508,0.182,0.076,5.248,2.165,2.618,145,79.8,40.64,0.021,0.006,0.005,,,
7832,7832,7832,212179487,09 00 27.974,+23 43 19.74,1,10.863,,1950-1090-1,569-045073,09002796+2343197,,STAR,gri,rpm,6,1.9,0.3,1.9,,,11.352,0.099,10.717,0.085,,,11.181,0.03,10.861,0.04,10.727,0.06,,,9.954,0.023,9.715,0.021,9.68,0.022,6316,153,153,4.01,0.245,0.245,-0.033,0.12,0.18,1.818,0.881,0.51,1.347,0.248,0.177,0.192,0.279,0.114,351.2,171.6,99.12,0.029,0.008,0.007,,,
7833,7833,7833,212179495,09 00 49.089,+23 43 20.57,1,17.344,,,,09004908+2343205,4569-301-2-0159-0245,EXTENDED,gri,,2,6,12,4,,,,,,,18.845,0.039,17.912,0.009,17.458,0.008,17.1,0.009,17.025,0.027,16.683,0.134,16.257,0.191,,,,,,,,,,,,,,,,,,,,,,,,,,,,,
7834,7834,7834,212179567,08 57 56.407,+23 43 27.11,1,11.554,,1950-954-1,569-044990,08575641+2343271,,STAR,gri,lam,-0.7,2.3,-87.2,2.4,,,12.901,0.418,11.891,0.234,,,12.489,0.02,11.506,0.01,11.154,0.02,,,9.982,0.02,9.464,0.021,9.317,0.018,4606,166,166,4.652,0.036,0.03,-0.027,0.12,0.15,0.663,0.041,0.053,0.735,0.044,0.053,2.404,0.395,0.286,91.77,9.552,10.28,0.015,0.004,0.004,,,
7835,7835,7835,212179594,09 03 18.387,+23 43 30.17,1,11.764,,1950-2216-1,569-045168,09031837+2343298,,STAR,gri,rpm,-14.4,2.2,-1.1,2.3,,,12.201,0.276,11.416,0.152,,,11.969,0.01,11.696,0.02,11.594,0.01,,,10.815,0.022,10.59,0.025,10.543,0.019,6421,128,102,4.168,0.13,0.208,-0.229,0.2,0.32,1.468,0.454,0.204,1.205,0.128,0.149,0.348,0.173,0.18,441.4,118.9,69.15,0.031,0.007,0.007,,,
7836,7836,7836,212179639,08 38 16.968,+23 43 34.82,1,19.306,,,,,4508-301-4-0116-0377,STAR,gri,,-8,3,-8,3,,,,,,,19.645,0.032,19.151,0.01,19.358,0.013,19.552,0.017,19.814,0.07,,,,,,,,,,,,,,,,,,,,,,,,,,,,,,,,,
7837,7837,7837,212179672,08 48 25.199,+23 43 37.73,1,14.344,,,,08482519+2343377,4569-301-5-0142-0205,EXTENDED,gri,,4,3,-4,3,,,,,,,16.55,0.017,15.073,0.003,14.413,0.003,14.032,0.003,13.762,0.006,14.9,0.099,14.398,0.135,13.867,0.096,,,,,,,,,,,,,,,,,,,,,,,,,,,
7838,7838,7838,212179679,08 52 13.087,+23 43 38.23,1,9.601,,1943-1751-1,569-044792,08521308+2343382,,STAR,gri,rpm,-1.1,1,-15.9,1,,,10.155,0.034,9.539,0.027,,,10.192,0.03,9.612,0.12,9.347,0.02,,,8.575,0.019,8.354,0.026,8.312,0.034,6236,151,188,3.893,0.32,0.2,-0.005,0.12,0.12,2.023,0.744,0.718,1.387,0.269,0.224,0.126,0.258,0.069,208.8,74.81,72.8,0.025,0.008,0.008,,,
7839,7839,7839,212179698,08 55 28.951,+23 43 39.67,1,12.821,,,569-044906,08552895+2343397,,STAR,gri,rpm,-14.3,1.6,-21.3,2,,,13.939,0.02,13.068,0.03,,,13.503,0.04,12.777,0.02,12.529,0.01,,,11.499,0.022,11.081,0.021,10.987,0.018,5173,83,145,4.552,0.04,0.072,-0.02,0.12,0.33,0.817,0.074,0.053,0.881,0.035,0.035,1.613,0.239,0.32,258.6,36.4,17.92,0.03,0.009,0.011,,,
7840,7840,7840,212179716,08 56 51.348,+23 43 40.90,1,11.259,,1950-948-1,569-044951,08565134+2343408,,STAR,gri,rpm,-18.7,2,-14.4,2,,,11.854,0.134,11.367,0.122,,,11.7,0.02,11.244,0.01,11.07,0.02,,,10.182,0.023,9.897,0.022,9.833,0.019,5893,94,94,4.16,0.255,0.306,-0.08,0.18,0.24,1.319,0.57,0.341,1.062,0.123,0.102,0.424,0.606,0.278,263.8,119.3,70.48,0.028,0.01,0.006,,,
7841,7841,7841,212179717,08 38 07.220,+23 43 40.91,1,12.605,,,569-044264,08380722+2343409,,STAR,gri,rpm,-8.9,1.8,-4.8,2.1,,,13.577,0.04,12.677,0.04,,,13.088,0.031,12.374,0.04,12.397,0.59,,,10.941,0.029,10.456,0.03,10.362,0.018,5008,101,101,3.146,0.4,0.8,-0.498,0.25,0.3,4.367,5.73,1.495,0.985,0.207,0.094,0.012,0.032,0.011,1003,1171,321.8,0.032,0.008,0.006,,,
7842,7842,7842,212179722,08 40 08.275,+23 43 41.33,1,17.785,,,,08400827+2343413,4517-301-3-0127-0259,EXTENDED,gri,,9,3,-8,3,,,,,,,21.835,0.181,19.508,0.013,18.089,0.007,17.046,0.005,16.47,0.008,15.193,0.049,14.498,0.058,14.283,0.07,,,,,,,,,,,,,,,,,,,,,,,,,,,
7843,7843,7843,212179749,09 03 09.863,+23 43 44.31,1,15.354,,,569-045162,09030986+2343442,5038-301-6-0070-0067,STAR,gri,rpm,-0.6,4.2,-3.4,4.6,,,16.59,0.01,15.769,0.14,,,16.086,0.03,15.487,0.05,15.04,0.13,,,14.172,0.03,13.778,0.033,13.655,0.038,5409,160,160,4.534,0.05,0.57,-0.263,0.25,0.4,0.826,1.036,0.076,0.862,0.069,0.083,1.468,0.318,1.334,954,1181,109.6,0.034,0.008,0.007,,,
7844,7844,7844,212179809,08 40 53.991,+23 43 49.79,1,16.205,,,,08405399+2343497,4517-301-3-0128-0175,EXTENDED,gri,,1,3,-8,3,,,,,,,18.374,0.027,16.976,0.005,16.274,0.004,15.874,0.004,15.576,0.008,15.517,0.096,14.748,0.119,14.371,0.105,,,,,,,,,,,,,,,,,,,,,,,,,,,
7845,7845,7845,212179833,08 47 54.578,+23 43 52.08,1,19.127,,,,,4569-301-5-0141-0418,EXTENDED,gri,,-16,3,-13,3,,,,,,,20.775,0.156,19.543,0.025,19.224,0.028,18.949,0.037,18.938,0.121,,,,,,,,,,,,,,,,,,,,,,,,,,,,,,,,,
7846,7846,7846,212179850,09 00 23.897,+23 43 53.22,1,18.872,,,,,4569-301-2-0159-0004,STAR,gri,,10,3,-5,3,,,,,,,17.943,0.012,18.42,0.007,19.023,0.012,19.439,0.019,19.77,0.087,,,,,,,,,,,,,,,,,,,,,,,,,,,,,,,,,
7847,7847,7847,212179865,08 41 24.358,+23 43 54.94,1,15.136,,,569-044399,08412435+2343552,4517-301-3-0129-0176,STAR,gri,rpm,-8.7,7.2,-52.5,7.1,,,17.527,0.14,16.009,0.04,,,16.704,0.03,15.463,0.02,14.465,0.56,,,12.17,0.02,11.632,0.021,11.389,0.02,3765,61,107,4.902,0.066,0.03,0.078,0.15,0.15,0.38,0.022,0.073,0.427,0.014,0.101,7.58,3.201,0.886,108.8,10.23,25.7,0.015,0.005,0.005,,,
7848,7848,7848,212179892,08 47 20.141,+23 43 58.20,1,12.626,,,569-044613,08472013+2343581,,STAR,gri,rpm,0,2.1,-0.1,1.8,,,13.108,0.03,12.663,0.04,,,12.819,0.01,12.561,0.03,12.824,0.6,,,11.793,0.021,11.567,0.032,11.555,0.021,6635,106,159,4.092,0.198,0.198,-0.1,0.12,0.18,1.694,0.424,0.398,1.33,0.209,0.116,0.238,0.257,0.109,816.8,211.5,197.2,0.035,0.008,0.007,,,
7849,7849,7849,212179900,08 44 03.213,+23 43 59.62,1,13.922,,,569-044506,08440320+2343596,,STAR,gri,rpm,-1.8,2.8,5,3.3,,,14.921,0.03,14.019,0.03,,,14.428,0.02,13.741,0.01,13.706,0.49,,,12.432,0.023,12.018,0.022,11.863,0.018,5190,148,84,4.47,0.09,0.99,-0.215,0.3,0.36,0.92,2.183,0.132,0.93,0.202,0.084,1.123,0.53,1.087,477.5,992.8,79.61,0.035,0.014,0.007,,,
7850,7850,7850,212179996,08 42 05.688,+23 44 10.13,1,17.371,,,,08420568+2344101,,STAR,J,rpm,6,1,6,5,,,,,,,,,,,,,,,,,15.884,0.085,15.163,0.089,14.769,0.103,4019,384,320,4.853,0.125,0.125,-0.185,0.2,0.28,0.416,0.124,0.127,0.476,0.131,0.183,6.097,5.574,2.548,726.4,326,294.1,0.033,0.008,0.007,,,
7851,7851,7851,212180080,08 51 02.495,+23 44 17.78,1,14.033,,,569-044753,08510248+2344179,,STAR,gri,rpm,4.7,2.5,-1.9,2.7,,,15.071,0.05,14.296,0.05,,,14.649,0.07,14.011,0.04,13.769,0.06,,,12.609,0.023,12.183,0.027,12.08,0.023,5231,156,124,3.669,0.82,0.82,-0.371,0.35,0.56,1.989,3.065,1.339,0.901,0.161,0.05,0.065,1.147,0.062,1183,1667,771.1,0.031,0.01,0.007,,,
7852,7852,7852,212180138,08 45 32.650,+23 44 23.49,1,19.28,,,,,4508-301-2-0126-0271,STAR,gri,,16,5,-60,5,,,,,,,23.197,0.424,20.65,0.025,19.27,0.013,18.693,0.011,18.378,0.022,,,,,,,,,,,,,,,,,,,,,,,,,,,,,,,,,
7853,7853,7853,212180167,08 54 25.716,+23 44 26.86,1,12.614,,,569-044866,08542572+2344268,,STAR,gri,rpm,-1,1.5,-4.8,1.8,,,13.544,0.04,12.802,0.05,,,13.162,0.05,12.586,0.05,12.379,0.02,,,11.445,0.023,11.101,0.021,10.976,0.017,5562,166,133,3.824,0.684,0.114,-0.192,0.2,0.36,2.044,0.52,1.186,1.032,0.205,0.147,0.117,1.215,0.043,695.3,146.4,406.6,0.033,0.01,0.007,,,
7854,7854,7854,212180265,08 56 07.018,+23 44 37.59,1,18.28,,,,08560701+2344375,4569-301-3-0153-0199,STAR,gri,rpm,-41,5,-17,5,,,,,,,24.274,0.862,20.566,0.025,19.003,0.011,17.3,0.006,16.398,0.009,14.804,0.034,14.21,0.048,13.927,0.045,3349,160,100,5.149,0.024,0.024,-0.208,0.2,0.2,0.17,0.014,0.008,0.15,0.017,0.009,29.92,3.267,3.499,135.1,16.9,11.43,0.019,0.011,0.002,,,
7855,7855,7855,212180297,08 57 31.737,+23 44 40.62,1,17.236,,,,08573173+2344406,4569-301-3-0155-0123,EXTENDED,gri,,-1,3,0,3,,,,,,,20.256,0.109,18.275,0.01,17.252,0.007,16.79,0.007,16.384,0.016,16.015,0.094,15.172,0.094,14.898,0.113,,,,,,,,,,,,,,,,,,,,,,,,,,,
7856,7856,7856,212180318,08 40 54.468,+23 44 43.75,1,16.165,,,,08405446+2344437,4517-301-3-0128-0062,EXTENDED,gri,,4,1,4,5,,,,,,,17.742,0.026,16.656,0.005,16.195,0.005,15.955,0.005,15.736,0.015,16.699,0.168,15.762,0.216,,,,,,,,,,,,,,,,,,,,,,,,,,,,,
7857,7857,7857,212180320,08 56 44.171,+23 44 44.10,1,18.121,,,,08564417+2344440,4569-301-3-0154-0140,EXTENDED,gri,,5,3,-9,3,,,,,,,21.234,0.146,19.17,0.013,18.131,0.009,17.672,0.008,17.35,0.021,16.238,0.098,15.656,0.137,15.155,0.128,,,,,,,,,,,,,,,,,,,,,,,,,,,
7858,7858,7858,212180386,09 00 27.882,+23 44 52.36,1,17.422,,,,09002788+2344523,4569-301-2-0159-0207,STAR,gri,rpm,-46,3,-19,3,,,,,,,22.072,0.206,19.727,0.015,18.171,0.008,16.434,0.005,15.459,0.006,13.887,0.026,13.254,0.023,12.989,0.026,3512,35,98,5.184,0.02,0.044,-0.563,0.36,0.05,0.162,0.015,0.003,0.148,0.009,0.003,34.46,2.068,6.061,90.2,4.775,2.706,0.014,0.008,0.001,,,
7859,7859,7859,212180427,08 54 26.602,+23 44 56.17,1,15.888,,,,08542660+2344561,4576-301-4-0143-0019,EXTENDED,gri,,3,3,-2,3,,,,,,,18.335,0.043,16.714,0.005,15.961,0.004,15.534,0.004,15.29,0.013,15.75,0.115,14.946,0.133,14.79,0.132,,,,,,,,,,,,,,,,,,,,,,,,,,,
7860,7860,7860,212180490,08 40 41.539,+23 45 03.47,1,18.098,,,,08404153+2345034,,STAR,J,col,,,,,,,,,,,,,,,,,,,,,16.554,0.147,15.492,0.127,15.077,0.147,3936,351,421,4.903,0.162,0.135,-0.254,0.25,0.3,0.37,0.137,0.146,0.394,0.154,0.185,7.501,10.7,3.519,828,460.3,382.1,0.032,0.01,0.007,,,
7861,7861,7861,212180507,08 41 49.656,+23 45 05.18,1,15.033,,,569-044414,08414965+2345052,4508-301-3-0121-0028,STAR,gri,rpm,-12.6,4.3,-8.1,5,,,17.031,0.12,15.695,0.06,,,16.459,0.03,15.118,0.02,14.422,0.1,,,12.886,0.025,12.26,0.026,12.048,0.022,3823,46,92,4.89,0.024,0.02,0.014,0.1,0.16,0.392,0.014,0.051,0.439,0.018,0.043,7.142,0.983,0.628,159.7,6.298,15.65,0.02,0.006,0.004,,,
7862,7862,7862,212180549,08 53 00.959,+23 45 08.47,1,14.682,,,569-044816,08530095+2345084,4569-301-4-0148-0083,STAR,gri,rpm,-1.1,3.1,-6.7,3.4,,,15.997,0.05,15.025,0.06,,,15.498,0.03,14.631,0.04,14.332,0.06,,,13.2,0.023,12.715,0.026,12.569,0.025,4881,98,98,4.604,0.03,1.218,-0.092,0.15,0.21,0.741,2.898,0.053,0.81,0.215,0.072,1.968,0.291,1.942,482,1872,44.43,0.033,0.01,0.008,,,
7863,7863,7863,212180557,08 52 53.690,+23 45 08.97,1,13.478,,,569-044813,08525368+2345089,,STAR,gri,rpm,-7.7,2.2,-4.8,2.5,,,14.699,0.04,13.76,0.04,,,14.243,0.05,13.425,0.04,13.15,0.03,,,12.081,0.022,11.608,0.021,11.493,0.018,4952,119,79,3.416,0.315,0.504,-0.224,0.25,0.35,3.161,1.999,0.934,1.048,0.195,0.163,0.032,0.08,0.026,1210,693.4,395.9,0.033,0.01,0.006,,,
7864,7864,7864,212180565,08 57 49.078,+23 45 09.80,1,15.062,,,569-044985,08574908+2345097,4576-301-3-0148-0042,STAR,JHK,col,,,,,,,,,,,,,,,,,,,,,12.837,0.021,12.248,0.023,11.987,0.019,3526,127,178,5.033,0.099,0.055,-0.029,0.15,0.21,0.24,0.051,0.063,0.237,0.071,0.085,15.85,11.88,4.234,83.39,24.53,25.27,0.014,0.005,0.006,,,
7865,7865,7865,212180610,08 51 55.948,+23 45 13.86,1,13.628,,,569-044785,08515593+2345139,,STAR,gri,rpm,7,2.3,-9,2.6,,,14.903,0.03,13.981,0.05,,,14.448,0.04,13.625,0.03,13.277,0.01,,,12.097,0.022,11.569,0.021,11.461,0.019,4744,113,47,2.877,1.76,0.64,-0.479,0.4,0.4,5.472,5.346,4.875,0.843,0.123,0.147,0.005,2.343,0.004,2066,1944,1827,0.03,0.012,0.01,,,
7866,7866,7866,212180628,08 38 18.172,+23 45 15.29,1,11.127,,1942-2658-1,569-044269,08381816+2345153,,STAR,gri,rpm,-11.5,2.1,-5.4,2.3,,,11.482,0.095,11.111,0.105,,,11.271,0.01,10.894,0.05,11.065,0.57,,,9.976,0.029,9.789,0.036,9.691,0.027,6319,151,151,4.058,0.225,0.27,-0.003,0.12,0.15,1.655,0.829,0.417,1.334,0.247,0.155,0.217,0.269,0.134,328.5,164.6,82.73,0.031,0.008,0.007,,,
7867,7867,7867,212180662,08 58 41.510,+23 45 18.15,1,19.528,,,,,4576-301-3-0149-0196,STAR,gri,,7,5,-1,5,,,,,,,20.151,0.046,19.596,0.013,19.505,0.016,19.506,0.021,19.237,0.066,,,,,,,,,,,,,,,,,,,,,,,,,,,,,,,,,
7868,7868,7868,212180665,08 40 10.462,+23 45 18.62,1,14.62,,,569-044348,08401047+2345186,4517-301-3-0127-0083,STAR,gri,rpm,-5.8,7.2,-33.7,6.9,,,16.692,0.01,15.137,0.047,,,15.797,0.05,14.356,0.04,14.115,0.074,,,11.15,0.022,10.554,0.021,10.29,0.018,3850,92,46,5.016,0.02,0.117,-0.442,0.22,0.06,0.278,0.109,0.009,0.295,0.14,0.014,13.46,0.807,6.062,62.29,22.59,7.737,0.011,0.004,0.002,,,
7869,7869,7869,212180688,08 47 29.969,+23 45 20.72,1,17.447,,,,08472996+2345207,,STAR,J,col,,,,,,,,,,,,,,,,,,,,,15.955,0.1,15.355,0.121,14.771,0.107,3685,469,293,4.981,0.115,0.161,-0.168,0.2,0.28,0.273,0.17,0.09,0.283,0.201,0.125,11.6,11.02,6.397,424.8,377.2,174.7,0.031,0.01,0.008,,,
7870,7870,7870,212180695,08 57 55.487,+23 45 21.64,1,19.491,,,,,4576-301-3-0148-0179,STAR,gri,,12,6,-15,6,,,,,,,19.877,0.038,19.416,0.012,19.516,0.016,19.656,0.023,19.72,0.103,,,,,,,,,,,,,,,,,,,,,,,,,,,,,,,,,
7871,7871,7871,212180766,08 58 01.412,+23 45 28.92,1,11.859,,,569-044995,08580141+2345289,,STAR,gri,lam,-21.7,1.4,-18.8,2.2,,,12.946,0.04,12.116,0.09,,,12.51,0.01,11.82,0.02,11.579,0.02,,,10.559,0.021,10.168,0.021,10.091,0.018,5202,154,154,4.572,0.025,0.045,-0.033,0.1,0.12,0.792,0.061,0.041,0.866,0.052,0.052,1.699,0.185,0.26,165.9,19.9,14.94,0.021,0.008,0.006,,,
7872,7872,7872,212180768,08 40 00.102,+23 45 29.01,1,17.159,,,,08400010+2345290,4508-301-4-0118-0128,STAR,gri,col,,,,,,,,,,,21.129,0.083,18.691,0.008,17.279,0.006,16.502,0.006,16.081,0.008,14.88,0.037,14.306,0.048,14.084,0.057,3703,44,44,5,0.035,0.035,-0.142,0.08,0.1,0.281,0.036,0.032,0.299,0.057,0.047,12.5,2.703,2.223,274.7,43.61,44.52,0.029,0.007,0.007,,,
7873,7873,7873,212180792,08 38 26.763,+23 45 31.16,1,9.996,,1942-1603-1,569-044278,08382676+2345310,,STAR,gri,rpm,-4.7,1.4,-6.7,1.5,,,11.351,0.097,10.269,0.053,,,10.832,0.03,9.973,0.08,9.638,0.03,,,8.486,0.039,7.995,0.04,7.873,0.016,4761,117,97,2.48,0.294,0.126,-0.156,0.18,0.21,11.001,0.918,1.876,1.34,0.551,0.25,9.78E-04,0.001,2.66E-04,758.5,59.88,96.95,0.033,0.008,0.007,,,
7874,7874,7874,212180809,08 45 51.256,+23 45 32.39,1,12.282,,,569-044565,08455125+2345323,,STAR,gri,rpm,-9.1,2,-8.4,2.4,,,13.86,0.05,12.484,0.03,,,13.158,0.03,12.036,0.02,11.907,0.63,,,10.126,0.02,9.459,0.021,9.315,0.02,4321,86,52,2.054,2.61,0.435,-0.236,0.33,0.15,13.421,8.046,12.87,0.975,0.094,0.353,2.53E-04,3.156,1.95E-04,1891,964.6,1821,0.031,0.008,0.018,,,
7875,7875,7875,212180820,08 58 25.936,+23 45 33.69,1,13.008,,,569-045011,08582593+2345336,,STAR,gri,lam,0.5,2.6,-1.2,3,,,13.642,0.02,13.16,0.08,,,13.34,0.02,13.002,0.02,12.866,0.02,,,12.081,0.022,11.826,0.021,11.798,0.02,5424,163,130,3.631,0.108,0.108,-0.998,0.15,0.12,2.347,0.37,0.32,0.882,0.018,0.018,0.063,0.036,0.02,1016,131.3,97.86,0.034,0.006,0.006,,,
7876,7876,7876,212180825,08 57 31.199,+23 45 33.95,1,18.914,,,,,4569-301-3-0155-0125,EXTENDED,gri,,5,3,0,3,,,,,,,19.537,0.035,19.123,0.012,18.845,0.012,18.604,0.013,18.42,0.04,,,,,,,,,,,,,,,,,,,,,,,,,,,,,,,,,
7877,7877,7877,212180836,08 57 37.714,+23 45 34.96,1,13.953,,,569-044977,08573770+2345349,,STAR,gri,rpm,4.7,3.6,-24.5,3.8,,,14.997,0.06,14.222,0.06,,,14.576,0.01,13.954,0.01,13.685,0.02,,,12.597,0.02,12.17,0.023,12.091,0.019,5221,103,62,3.753,0.84,0.24,-0.546,0.3,0.3,2.061,0.567,1.343,0.889,0.045,0.117,0.097,1.727,0.053,1096,290.2,700,0.031,0.011,0.005,,,
7878,7878,7878,212180846,08 41 39.076,+23 45 35.85,1,15.068,,,569-044409,08413907+2345358,,STAR,gri,rpm,8.1,4.5,-3,5,,,15.851,0.01,15.1,0.06,,,15.419,0.02,14.834,0.05,14.918,0.49,,,13.68,0.026,13.31,0.033,13.134,0.03,5489,167,133,4.515,0.05,0.09,-0.223,0.24,0.36,0.856,0.15,0.093,0.887,0.078,0.093,1.328,0.344,0.409,817.9,174.5,105.5,0.035,0.011,0.008,,,
7879,7879,7879,212180875,08 58 52.819,+23 45 37.19,1,14.211,,,569-045023,08585282+2345372,4576-301-3-0149-0112,STAR,gri,rpm,24,4,8,16,,,15.407,0.03,14.519,0.07,,,14.963,0.03,14.147,0.04,13.888,0.05,,,12.737,0.023,12.279,0.026,12.183,0.023,5010,100,100,4.59,0.03,0.036,-0.076,0.2,0.2,0.76,0.061,0.057,0.812,0.061,0.061,1.829,0.3,0.258,412,41.84,37.98,0.033,0.011,0.007,,,
7880,7880,7880,212180876,08 54 40.515,+23 45 37.23,1,11.8,,1943-1283-1,569-044878,08544051+2345371,,STAR,gri,rpm,11.8,2.2,-18.6,2.3,,,12.362,0.223,11.904,0.203,,,12.218,0.06,11.769,0.04,11.62,0.02,,,10.819,0.023,10.526,0.021,10.477,0.018,5943,117,117,4.272,0.145,0.261,-0.082,0.16,0.24,1.207,0.51,0.215,1.061,0.109,0.109,0.536,0.385,0.334,340.5,148,68.78,0.032,0.008,0.01,,,
7881,7881,7881,212180878,08 44 04.700,+23 45 37.34,1,14.606,,,569-044507,08440468+2345373,4517-301-2-0132-0103,STAR,gri,rpm,-12.4,4.7,-11.4,5.1,,,15.629,0.04,14.717,0.03,,,15.157,0.01,14.376,0.02,14.37,0.5,,,13.104,0.026,12.653,0.021,12.572,0.024,5036,80,60,4.58,0.03,0.036,-0.016,0.16,0.24,0.771,0.048,0.053,0.83,0.044,0.061,1.767,0.285,0.246,495.7,47.33,43.2,0.033,0.012,0.005,,,
7882,7882,7882,212180883,08 39 16.605,+23 45 37.45,1,11.983,,1942-2766-1,569-044309,08391661+2345375,,STAR,gri,rpm,0,4.3,2.1,4.2,,,12.702,0.293,12.26,0.242,,,12.664,0.01,11.723,0.03,11.691,0.58,,,10.082,0.023,9.545,0.021,9.37,0.02,4667,55,55,2.461,0.324,0.09,-0.086,0.12,0.12,11.261,0.574,3.57,1.296,0.186,0.133,9.44E-04,0.002,2.08E-04,1558,97.66,454.1,0.036,0.011,0.008,,,
7883,7883,7883,212180929,08 54 23.800,+23 45 41.26,1,14.998,,,569-044865,08542380+2345412,4576-301-4-0143-0027,STAR,gri,rpm,2.1,3.1,-5.1,3.4,,,16.113,0.06,15.28,0.05,,,15.675,0.08,14.955,0.06,14.709,0.07,,,13.573,0.026,13.045,0.028,12.984,0.023,4968,117,117,4.562,0.055,1.595,-0.31,0.3,0.48,0.786,4.405,0.101,0.818,0.132,0.082,1.679,0.435,1.673,633.5,3345,94.3,0.034,0.008,0.007,,,
7884,7884,7884,212180935,08 43 19.062,+23 45 41.66,1,12.214,,,569-044474,08431906+2345417,,STAR,gri,rpm,-17.5,1.4,-16.1,0.7,,,12.924,0.02,12.219,0.03,,,12.523,0.01,12.017,0.01,12.082,0.51,,,10.955,0.023,10.623,0.021,10.581,0.02,5799,91,91,4.404,0.075,0.255,-0.056,0.15,0.12,1.049,0.392,0.125,1.026,0.057,0.068,0.882,0.294,0.51,305.6,118.4,50.82,0.03,0.01,0.006,,,
7885,7885,7885,212180975,08 59 26.471,+23 45 45.09,1,18.067,,,,08592647+2345450,4576-301-3-0150-0149,EXTENDED,gri,,3,3,-3,3,,,,,,,20.015,0.046,18.597,0.008,18.051,0.007,17.84,0.008,17.733,0.022,16.944,0.162,16.311,0.167,,,,,,,,,,,,,,,,,,,,,,,,,,,,,
7886,7886,7886,212180995,08 47 46.342,+23 45 47.06,1,14.124,,,569-044637,08474633+2345470,,STAR,gri,rpm,0.5,4.7,-36.7,5.1,,,15.919,0.02,14.555,0.05,,,15.325,0.03,13.977,0.05,13.609,0.49,,,11.942,0.021,11.288,0.027,11.138,0.021,3940,126,78,4.866,0.03,0.06,-0.064,0.18,0.15,0.412,0.068,0.028,0.468,0.078,0.044,6.464,0.958,1.694,113.8,21.01,11.43,0.017,0.004,0.003,,,
7887,7887,7887,212181006,08 39 50.649,+23 45 48.08,1,14.581,,,569-044330,08395064+2345480,4508-301-4-0118-0094,STAR,gri,rpm,13.6,4.5,-22.1,5,,,16.041,0.03,14.987,0.06,,,15.493,0.01,14.562,0.01,14.191,0.01,,,12.917,0.023,12.377,0.024,12.212,0.022,4652,74,74,4.663,0.025,0.035,-0.2,0.24,0.12,0.643,0.056,0.037,0.694,0.075,0.034,2.563,0.346,0.361,343.4,34.87,26.59,0.031,0.007,0.006,,,
7888,7888,7888,212181030,08 54 42.484,+23 45 49.41,1,12.422,,1943-1410-1,569-044879,08544248+2345492,,STAR,gri,rpm,-5.5,2.5,0,2.5,,,13.16,0.419,12.161,0.245,,,12.712,0.06,12.383,0.03,12.298,0.02,,,11.585,0.022,11.369,0.024,11.421,0.023,6326,191,153,4.144,0.14,0.168,-0.106,0.15,0.24,1.491,0.396,0.272,1.239,0.131,0.131,0.328,0.258,0.144,609.1,186.9,106,0.033,0.008,0.007,,,
7889,7889,7889,212181062,08 41 47.396,+23 45 53.15,1,17.87,,,,08414739+2345531,4517-301-3-0129-0272,EXTENDED,gri,,1,3,4,3,,,,,,,21.045,0.122,18.897,0.01,17.876,0.007,17.43,0.006,17.095,0.014,16.242,0.092,15.348,0.114,15.022,0.135,,,,,,,,,,,,,,,,,,,,,,,,,,,
7890,7890,7890,212181065,08 58 56.864,+23 45 53.31,1,16.203,,,,08585686+2345533,4576-301-3-0149-0255,EXTENDED,gri,,-1,3,1,3,,,,,,,19.138,0.047,17.21,0.005,16.212,0.004,15.772,0.004,15.407,0.009,14.964,0.062,14.294,0.073,13.985,0.066,,,,,,,,,,,,,,,,,,,,,,,,,,,
7891,7891,7891,212181076,08 41 30.523,+23 45 54.79,1,17.169,,,,08413052+2345547,,STAR,J,rpm,4,5,10,3,,,,,,,,,,,,,,,,,15.696,0.08,14.946,0.1,14.499,0.095,3950,344,286,4.869,0.12,0.12,-0.132,0.16,0.28,0.4,0.12,0.123,0.457,0.133,0.16,6.097,5.574,2.548,634.8,287,258.3,0.033,0.008,0.007,,,
7892,7892,7892,212181090,08 45 40.362,+23 45 55.94,1,16.758,,,,08454036+2345559,4508-301-2-0126-0197,STAR,gri,rpm,-13,3,-59,3,,,,,,,21.371,0.1,18.673,0.008,17.26,0.006,15.937,0.005,15.224,0.006,13.779,0.028,13.174,0.026,12.932,0.03,3615,85,85,5.012,0.042,0.035,-0.051,0.18,0.18,0.265,0.042,0.036,0.27,0.057,0.048,13.63,3.848,3.001,143.8,29.73,20.84,0.023,0.01,0.005,,,
7893,7893,7893,212181092,08 59 26.415,+23 45 56.70,1,15.439,,,569-045042,08592641+2345569,4576-301-3-0150-0032,STAR,gri,rpm,36.2,4.2,-29.8,4.5,,,17.371,0.1,16.353,0.09,,,16.908,0.068,15.688,0.067,14.81,0.07,,,13.034,0.025,12.412,0.021,12.182,0.021,3705,109,87,4.943,0.05,0.06,0.054,0.1,0.1,0.327,0.061,0.044,0.356,0.074,0.062,9.277,3.295,2.431,135.6,34.49,23.33,0.02,0.006,0.005,,,
7894,7894,7894,212181123,08 41 05.622,+23 45 59.58,1,11.77,,,569-044388,08410562+2345596,,STAR,gri,rpm,-20.4,3.7,-10.6,3.2,,,12.917,0.02,11.861,0.02,,,12.358,0.01,11.506,0.02,11.519,0.59,,,10.02,0.02,9.46,0.019,9.337,0.018,4783,56,75,2.859,0.425,0.51,-0.261,0.24,0.36,6.1,3.635,2.278,1.025,0.215,0.098,0.004,0.014,0.004,846.6,596.4,303.7,0.034,0.008,0.007,,,
7895,7895,7895,212181175,08 43 50.332,+23 46 04.85,1,15.455,,,569-044500,08435032+2346048,,STAR,gri,rpm,-3.4,4.4,0.4,5.2,,,16.497,0.07,15.593,0.04,,,16.044,0.05,15.208,0.04,15.203,0.46,,,13.782,0.027,13.271,0.028,13.218,0.028,4918,117,98,4.601,0.03,0.816,-0.143,0.2,0.32,0.74,1.722,0.059,0.794,0.078,0.055,1.967,0.291,0.555,635.1,1451,57.21,0.034,0.01,0.007,,,
7896,7896,7896,212181187,08 57 53.779,+23 46 05.79,1,18.116,,,,08575377+2346057,4569-301-3-0155-0190,EXTENDED,gri,,-1,3,-3,3,,,,,,,20.925,0.116,19.011,0.012,18.161,0.009,17.733,0.009,17.426,0.022,16.361,0.118,15.934,0.157,15.199,0.133,,,,,,,,,,,,,,,,,,,,,,,,,,,
7897,7897,7897,212181238,08 41 37.020,+23 46 11.20,1,16.208,,,,08413702+2346112,4517-301-3-0129-0242,EXTENDED,gri,,3,3,-2,3,,,,,,,19.063,0.041,17.125,0.005,16.225,0.004,15.815,0.004,15.493,0.007,15.13,0.066,14.364,0.08,13.963,0.063,,,,,,,,,,,,,,,,,,,,,,,,,,,
7898,7898,7898,212181244,08 43 34.365,+23 46 11.95,1,11.906,,,569-044487,08433436+2346120,,STAR,gri,rpm,21.4,1.4,-6.1,1,,,12.525,0.02,11.889,0.03,,,12.153,0.03,11.715,0.01,11.8,0.52,,,10.699,0.023,10.397,0.022,10.342,0.023,5994,94,118,4.262,0.165,0.231,-0.067,0.15,0.33,1.25,0.398,0.257,1.093,0.09,0.127,0.503,0.445,0.296,338.5,105.7,80.53,0.032,0.007,0.008,,,
7899,7899,7899,212181253,08 56 21.806,+23 46 13.40,1,18.877,,,,,4569-301-3-0153-0260,EXTENDED,gri,,6,4,7,4,,,,,,,20.647,0.147,19.314,0.021,18.918,0.023,18.69,0.03,18.59,0.104,,,,,,,,,,,,,,,,,,,,,,,,,,,,,,,,,
7900,7900,7900,212181262,08 43 38.105,+23 46 14.52,1,13.87,,,569-044493,08433810+2346144,,STAR,gri,rpm,-15.9,2.8,-9.9,2.8,,,14.928,0.03,14.001,0.02,,,14.45,0.02,13.655,0.01,13.622,0.54,,,12.249,0.023,11.734,0.024,11.665,0.019,4917,79,79,4.6,0.035,0.98,-0.105,0.12,0.21,0.733,1.895,0.068,0.807,0.161,0.089,1.944,0.366,1.883,317.5,896.4,38.41,0.03,0.014,0.008,,,
7901,7901,7901,212181267,08 43 30.710,+23 46 14.79,1,18.623,,,,,4508-301-3-0123-0249,EXTENDED,gri,,-1,3,-2,3,,,,,,,19.963,0.039,19.207,0.011,18.693,0.009,18.373,0.009,18.103,0.021,,,,,,,,,,,,,,,,,,,,,,,,,,,,,,,,,
7902,7902,7902,212181296,08 45 09.772,+23 46 16.59,1,11.208,,1943-2016-1,569-044542,08450977+2346166,,STAR,gri,rpm,-11,1.9,-9,2,,,11.715,0.129,11.056,0.111,,,11.422,0.01,11.016,0.01,11.116,0.53,,,10.065,0.025,9.802,0.021,9.737,0.018,6115,98,98,4.096,0.225,0.225,-0.02,0.12,0.18,1.539,0.683,0.406,1.192,0.24,0.12,0.249,0.348,0.145,298.3,131.3,78.18,0.029,0.008,0.007,,,
7903,7903,7903,212181307,09 03 13.211,+23 46 17.68,1,15.502,,,569-045164,09031321+2346177,,STAR,gri,rpm,-3.9,4.1,-4,4.4,,,16.765,0.089,15.956,0.064,,,16.29,0.1,15.792,0.07,15.164,0.097,,,14.321,0.028,13.895,0.032,13.728,0.038,5243,189,157,4.554,0.05,1.22,-0.441,0.3,0.6,0.781,2.34,0.08,0.816,0.082,0.082,1.655,0.405,1.628,960.1,2904,153.4,0.034,0.01,0.008,,,
7904,7904,7904,212181368,08 38 32.894,+23 46 23.19,1,17.211,,,,08383289+2346231,4508-301-4-0116-0430,EXTENDED,gri,,-4,3,3,3,,,,,,,20.478,0.104,18.339,0.009,17.258,0.006,16.728,0.005,16.28,0.011,15.571,0.065,14.772,0.074,14.308,0.075,,,,,,,,,,,,,,,,,,,,,,,,,,,
7905,7905,7905,212181373,08 43 25.537,+23 46 23.62,1,13.059,,,569-044478,08432554+2346236,,STAR,gri,rpm,-1.4,3.8,0.4,4.8,,,14.179,0.03,13.183,0.03,,,13.649,0.01,12.868,0.02,12.807,0.52,,,11.389,0.023,10.821,0.022,10.712,0.02,4830,57,76,2.517,0.549,0.305,-0.593,0.3,0.36,8.812,3.837,3.5,0.953,0.195,0.07,0.001,0.006,7.90E-04,2331,820.6,892.3,0.033,0.008,0.007,,,
7906,7906,7906,212181391,08 48 29.595,+23 46 24.64,1,14.954,,,569-044652,08482959+2346246,,STAR,gri,rpm,2.7,4.5,0.3,5,,,15.762,0.04,15.054,0.05,,,15.36,0.03,14.835,0.05,14.78,0.43,,,13.723,0.027,13.323,0.037,13.217,0.033,5570,165,165,4.48,0.072,0.624,-0.288,0.25,0.4,0.893,0.944,0.104,0.899,0.084,0.084,1.213,0.349,1.068,885.1,914.6,126.5,0.035,0.01,0.008,,,
7907,7907,7907,212181408,08 57 33.825,+23 46 25.77,1,19.934,,,,,4569-301-3-0155-0415,EXTENDED,gri,,18,5,3,5,,,,,,,21.681,0.241,20.32,0.034,19.986,0.04,19.769,0.049,19.468,0.147,,,,,,,,,,,,,,,,,,,,,,,,,,,,,,,,,
7908,7908,7908,212181424,08 40 15.896,+23 46 27.39,1,16.99,,,,08401589+2346273,4517-301-3-0127-0316,EXTENDED,gri,,4,3,-3,3,,,,,,,19.685,0.057,18.012,0.008,16.988,0.005,16.552,0.005,16.243,0.01,15.615,0.074,14.911,0.097,14.361,0.084,,,,,,,,,,,,,,,,,,,,,,,,,,,
7909,7909,7909,212181437,08 54 23.141,+23 46 28.49,1,13.867,,,569-044863,08542314+2346285,,STAR,gri,rpm,-19.8,2.3,-6.1,2.6,,,14.874,0.03,14.064,0.05,,,14.46,0.05,13.805,0.05,13.612,0.02,,,12.588,0.022,12.154,0.022,12.084,0.019,5278,104,83,4.555,0.03,0.066,-0.168,0.2,0.32,0.796,0.106,0.06,0.848,0.066,0.066,1.585,0.256,1.436,430.3,82.3,36.05,0.032,0.01,0.006,,,
7910,7910,7910,212181451,08 38 34.529,+23 46 29.54,1,19.867,,,,,4508-301-4-0117-0202,STAR,gri,,-4,4,2,4,,,,,,,22.094,0.17,20.071,0.017,19.799,0.017,19.699,0.019,19.583,0.058,,,,,,,,,,,,,,,,,,,,,,,,,,,,,,,,,
7911,7911,7911,212181460,08 47 43.194,+23 46 30.20,1,14.62,,,569-044634,08474318+2346302,,STAR,gri,rpm,-4.6,3.2,-3.3,3.7,,,15.158,0.21,14.653,0.23,,,14.843,0.24,14.546,0.22,14.677,0.52,,,13.677,0.032,13.462,0.041,13.407,0.044,6165,193,193,4.251,0.12,0.144,-0.338,0.25,0.35,1.247,0.283,0.195,1.027,0.11,0.132,0.499,0.274,0.204,1303,267.1,221.7,0.033,0.01,0.007,,,
7912,7912,7912,212181464,08 41 27.993,+23 46 30.50,1,17.34,,,,08412799+2346305,,STAR,J,rpm,8,1,10,6,,,,,,,,,,,,,,,,,15.855,0.103,15.192,0.125,14.685,0.113,3893,416,297,4.893,0.12,0.144,-0.168,0.2,0.28,0.37,0.15,0.124,0.405,0.159,0.159,7.432,6.893,3.576,588,354.7,221.2,0.032,0.008,0.007,,,
7913,7913,7913,212181501,08 57 20.180,+23 46 34.50,1,13.928,,,569-044971,08572018+2346346,,STAR,gri,lam,1.3,4.4,5.9,4.6,,,15.137,0.03,14.213,0.06,,,14.648,0.03,13.877,0.02,13.619,0.04,,,12.462,0.021,11.985,0.024,11.885,0.023,4869,97,97,3.218,0.174,0.145,-0.213,0.12,0.15,4.154,0.671,0.683,1.059,0.186,0.072,0.014,0.011,0.005,1873,301.3,259.6,0.035,0.011,0.008,,,
7914,7914,7914,212181532,08 48 05.628,+23 46 37.79,1,18.289,,,,08480562+2346377,4569-301-5-0142-0338,STAR,gri,col,,,,,,,,,,,22.642,0.294,20.301,0.021,18.816,0.01,17.427,0.007,16.705,0.01,15.303,0.061,14.926,0.099,14.548,0.093,3183,31,31,5.149,0.02,0.02,0.098,0.08,0.1,0.165,0.003,0.003,0.142,0.003,0.003,30.94,1.857,1.857,151.9,14.66,13.37,0.02,0.005,0.005,,,
7915,7915,7915,212181575,08 41 06.897,+23 46 41.07,1,11.737,,1942-1126-1,569-044389,08410689+2346410,,STAR,gri,rpm,-1.5,1.5,3.2,1.5,,,11.839,0.102,11.547,0.125,,,11.815,0.01,11.494,0.03,11.704,0.59,,,10.626,0.022,10.396,0.021,10.34,0.018,6384,127,153,4.067,0.21,0.21,-0.08,0.15,0.15,1.66,0.75,0.443,1.335,0.204,0.17,0.223,0.27,0.122,445.4,185.5,112.2,0.032,0.011,0.008,,,
7916,7916,7916,212181661,09 00 49.260,+23 46 48.16,1,8.95,44262,1950-1313-1,569-045090,09004925+2346481,,STAR,gri,plx,38.1,1.27,-151.6,1.25,16.75,1.11,9.48,0.03,8.84,0.021,,,9.899,0.03,9.097,0.04,8.543,0.06,,,7.646,0.023,7.4,0.053,7.294,0.023,5381,107,85,4.494,0.036,0.02,0.173,0.06,0.08,0.911,0.026,0.039,0.95,0.039,0.022,1.245,0.171,0.075,59.7,3.956,3.956,0.009,0.003,0.002,,,
7917,7917,7917,212181664,08 59 55.882,+23 46 49.01,1,18.665,,,,,4576-301-3-0151-0014,STAR,gri,,10,3,-5,3,,,,,,,18.095,0.014,18.328,0.007,18.777,0.01,19.137,0.017,19.391,0.075,,,,,,,,,,,,,,,,,,,,,,,,,,,,,,,,,
7918,7918,7918,212181674,08 54 33.961,+23 46 49.93,1,13.504,,,569-044873,08543396+2346499,,STAR,gri,rpm,-0.4,2.4,-10.2,2.8,,,15.075,0.05,13.871,0.06,,,14.507,0.05,13.474,0.04,13.075,0.03,,,11.73,0.023,11.091,0.021,10.965,0.017,4463,103,181,4.672,0.085,2.023,-0.063,0.2,0.44,0.619,7.083,0.097,0.691,0.172,0.114,2.635,1.409,2.633,179.2,2090,38.82,0.024,0.008,0.006,,,
7919,7919,7919,212181684,08 42 56.964,+23 46 50.49,1,11.418,,1942-1547-1,569-044461,08425696+2346505,,STAR,gri,rpm,-1.8,1.9,-3.6,2,,,11.962,0.141,11.435,0.122,,,11.641,0.01,11.343,0.02,11.474,0.5,,,10.52,0.021,10.257,0.021,10.235,0.019,6412,102,154,4.106,0.204,0.238,-0.104,0.15,0.15,1.501,0.669,0.309,1.264,0.197,0.141,0.301,0.317,0.186,389.6,176.2,85.79,0.031,0.009,0.009,,,
7920,7920,7920,212181693,08 56 13.546,+23 46 51.20,1,10.621,,1950-1343-1,569-044930,08561354+2346512,,STAR,gri,rpm,29.1,1.8,-8.3,1.8,,,11.444,0.096,10.72,0.078,,,11.078,0.03,10.613,0.02,10.425,0.03,,,9.554,0.023,9.235,0.021,9.186,0.017,5816,113,136,4.138,0.295,0.295,-0.128,0.2,0.2,1.357,0.76,0.42,1.054,0.132,0.094,0.299,0.737,0.193,211.3,105,70.14,0.026,0.008,0.007,,,
7921,7921,7921,212181719,08 57 56.936,+23 46 53.94,1,16.666,,,,08575693+2346539,4569-301-3-0155-0202,EXTENDED,gri,,4,3,6,0,,,,,,,18.99,0.053,17.508,0.008,16.696,0.006,16.305,0.006,15.979,0.016,16.087,0.104,15.056,0.105,14.729,0.104,,,,,,,,,,,,,,,,,,,,,,,,,,,
7922,7922,7922,212181749,08 42 50.553,+23 46 56.82,1,12.455,,,569-044452,08425055+2346569,,STAR,gri,rpm,-3.1,2.5,-0.7,1.4,,,12.942,0.01,12.412,0.03,,,12.602,0.01,12.276,0.02,12.392,0.52,,,11.397,0.021,11.14,0.021,11.102,0.019,6317,102,102,4.163,0.135,0.243,-0.117,0.12,0.24,1.456,0.589,0.25,1.212,0.187,0.156,0.337,0.228,0.19,554,230.7,97.43,0.033,0.007,0.006,,,
7923,7923,7923,212181771,08 38 24.823,+23 46 58.29,1,14.357,,,569-044275,08382481+2346584,,STAR,gri,rpm,9,4.7,-2.4,5.1,,,15.269,0.04,14.397,0.04,,,14.799,0.01,14.1,0.05,14.168,0.63,,,12.66,0.029,12.142,0.036,12.051,0.024,5061,100,120,3.475,1.13,0.565,-0.441,0.35,0.35,2.879,2.42,2.127,0.902,0.139,0.087,0.033,1.519,0.028,1563,1210,1168,0.032,0.008,0.006,,,
7924,7924,7924,212181772,09 00 53.232,+23 46 58.40,1,14.195,,,569-045093,09005322+2346586,,STAR,gri,col,,,,,,,16.912,0.1,15.404,0.052,,,16.046,0.051,14.713,0.051,13.401,0.065,,,11.396,0.02,10.788,0.023,10.576,0.022,3761,110,110,4.936,0.07,0.06,-0.038,0.15,0.21,0.34,0.06,0.067,0.38,0.066,0.093,8.916,4.211,2.245,70.71,15.09,16.77,0.011,0.004,0.003,,,
7925,7925,7925,212181826,08 55 33.282,+23 47 04.68,1,11.042,,1943-494-1,569-044910,08553329+2347045,,STAR,gri,rpm,-18.1,2,5.1,1.9,,,11.905,0.146,11.242,0.109,,,11.657,0.02,11.019,0.01,10.778,0.06,,,9.815,0.02,9.446,0.021,9.339,0.02,5328,107,107,3.779,0.78,1.092,-0.049,0.15,0.69,1.981,3.59,1.277,0.993,0.359,0.09,0.061,0.992,0.059,289.1,365.9,161.5,0.028,0.01,0.01,,,
7926,7926,7926,212181827,08 55 17.540,+23 47 04.69,1,10.188,,1943-2265-1,569-044899,08551754+2347047,,STAR,gri,rpm,-16.5,1.9,2.1,1.8,,,11.462,0.098,10.367,0.057,,,11.055,0.05,10.164,0.05,9.817,0.02,,,8.603,0.021,8.06,0.021,7.93,0.016,4709,75,75,2.455,0.324,0.108,-0.143,0.15,0.18,11.156,0.634,3.236,1.23,0.237,0.169,9.07E-04,0.002,2.09E-04,786.8,46.62,216.8,0.034,0.008,0.008,,,
7927,7927,7927,212181886,08 58 20.570,+23 47 11.14,1,12.308,,,569-045007,08582057+2347110,,STAR,gri,lam,4.1,1.4,-5.8,1,,,12.93,0.02,12.431,0.07,,,12.625,0.01,12.281,0.02,12.172,0.02,,,11.4,0.02,11.211,0.023,11.159,0.02,6304,151,151,4.116,0.125,0.15,-0.016,0.08,0.1,1.598,0.373,0.256,1.287,0.14,0.1,0.285,0.172,0.123,621.9,143.2,98.64,0.032,0.011,0.005,,,
7928,7928,7928,212181893,08 38 54.486,+23 47 12.02,1,11.403,,1942-1882-1,569-044294,08385448+2347119,,STAR,gri,rpm,-16.5,1.9,-14,2,,,12.041,0.17,11.43,0.125,,,11.579,0.01,11.151,0.05,11.327,0.58,,,10.165,0.022,9.905,0.023,9.839,0.014,6078,145,121,4.17,0.195,0.234,-0.058,0.15,0.21,1.365,0.538,0.288,1.161,0.177,0.133,0.392,0.381,0.24,295.2,120.3,63.94,0.029,0.008,0.007,,,
7929,7929,7929,212181958,08 57 42.152,+23 47 18.73,1,13.955,,,569-044981,08574214+2347186,,STAR,gri,lam,-1.2,3.5,4.4,3.8,,,14.958,0.02,14.201,0.06,,,14.546,0.03,13.907,0.03,13.702,0.03,,,12.674,0.023,12.248,0.026,12.17,0.021,5381,162,162,4.541,0.035,0.042,-0.121,0.15,0.12,0.834,0.051,0.058,0.884,0.053,0.053,1.485,0.268,0.227,482.9,46.58,42.49,0.033,0.008,0.006,,,
7930,7930,7930,212181983,08 45 40.277,+23 47 21.20,1,11.624,,1943-268-1,569-044559,08454026+2347211,,STAR,gri,rpm,-12.1,1.9,-98.6,2.2,,,12.487,0.302,11.588,0.171,,,12.21,0.01,11.364,0.02,11.373,0.61,,,9.843,0.025,9.379,0.027,9.252,0.02,4916,77,116,4.604,0.025,0.03,-0.042,0.12,0.12,0.732,0.05,0.032,0.789,0.061,0.038,1.979,0.191,0.239,102.5,8.861,8.156,0.016,0.009,0.004,,,
7931,7931,7931,212181989,08 42 33.381,+23 47 21.69,1,12.732,,,569-044441,08423338+2347217,,STAR,gri,rpm,-3.4,1.7,-5.9,2.6,,,13.339,0.01,12.683,0.01,,,12.944,0.01,12.488,0.03,12.641,0.59,,,11.442,0.023,11.093,0.022,11.104,0.022,5876,93,162,4.147,0.312,0.312,-0.218,0.2,0.2,1.379,0.481,0.416,1.012,0.073,0.11,0.377,0.716,0.247,482,208.3,145.4,0.031,0.008,0.007,,,
7932,7932,7932,212182034,08 45 09.405,+23 47 27.65,1,11.402,,1943-1370-1,569-044541,08450937+2347277,,STAR,gri,rpm,6.2,2.3,-3.4,2.6,,,12.466,0.356,11.615,0.197,,,12.043,0.01,11.197,0.02,11.128,0.53,,,9.684,0.022,9.198,0.021,9.053,0.017,4821,58,58,2.519,0.598,0.156,-0.21,0.18,0.15,10.67,0.554,5.42,1.238,0.402,0.183,0.001,0.008,3.27E-04,1264,97.88,601.7,0.034,0.008,0.007,,,
7933,7933,7933,212182063,08 43 00.320,+23 47 30.69,1,17.853,,,,,4508-301-3-0122-0308,EXTENDED,gri,,4,3,-2,3,,,,,,,19.086,0.03,18.325,0.008,17.919,0.008,17.651,0.008,17.525,0.021,,,,,,,,,,,,,,,,,,,,,,,,,,,,,,,,,
7934,7934,7934,212182085,08 40 25.320,+23 47 33.37,1,16.474,,,,08402532+2347333,4517-301-3-0128-0117,EXTENDED,gri,,-1,3,-2,3,,,,,,,18.127,0.031,17.048,0.006,16.558,0.006,16.228,0.005,16.056,0.016,16.452,0.144,,,,,,,,,,,,,,,,,,,,,,,,,,,,,,,
7935,7935,7935,212182133,08 45 17.104,+23 47 37.56,1,10.356,,1943-1835-1,569-044547,08451710+2347375,,STAR,gri,rpm,-11.9,1.2,-7.5,1.3,,,10.584,0.053,9.986,0.042,,,10.632,0.02,9.917,0.01,10.237,0.73,,,8.951,0.029,8.73,0.026,8.658,0.018,6383,252,201,3.982,0.28,0.28,0,0.12,0.12,1.917,0.925,0.624,1.414,0.304,0.217,0.148,0.289,0.098,242.4,117.8,79.26,0.026,0.011,0.007,,,
7936,7936,7936,212182171,08 58 49.916,+23 47 41.16,1,12.997,,,569-045020,08584992+2347412,,STAR,gri,lam,7.4,1.9,7.8,2.2,,,13.735,0.03,13.174,0.06,,,13.399,0.01,12.987,0.02,12.824,0.02,,,11.977,0.02,11.695,0.023,11.666,0.025,5954,143,119,4.393,0.072,0.108,-0.456,0.15,0.15,0.982,0.142,0.09,0.893,0.071,0.051,0.924,0.253,0.296,455.3,83.1,51.38,0.032,0.007,0.007,,,
7937,7937,7937,212182185,08 45 06.115,+23 47 43.13,1,17.719,,,,,4517-301-2-0134-0040,STAR,gri,,-4,3,-22,3,,,,,,,17.883,0.012,17.543,0.005,17.778,0.006,17.982,0.008,18.305,0.026,,,,,,,,,,,,,,,,,,,,,,,,,,,,,,,,,
7938,7938,7938,212182187,08 56 51.611,+23 47 43.35,1,19.252,,,,,4569-301-3-0154-0165,STAR,gri,,7,5,3,5,,,,,,,19.829,0.036,19.59,0.013,19.208,0.013,19.107,0.015,19.065,0.048,,,,,,,,,,,,,,,,,,,,,,,,,,,,,,,,,
7939,7939,7939,212182233,08 43 43.901,+23 47 47.46,1,14.991,,,569-044497,08434389+2347474,4508-301-3-0123-0133,STAR,gri,rpm,-5,4.5,-3.8,5,,,15.928,0.09,15.219,0.05,,,15.559,0.02,14.983,0.06,14.747,0.1,,,13.835,0.026,13.465,0.035,13.335,0.037,5515,166,166,4.497,0.055,0.132,-0.223,0.2,0.36,0.862,0.163,0.088,0.88,0.08,0.08,1.326,0.343,0.45,880,213.7,111.8,0.035,0.01,0.007,,,
7940,7940,7940,212182240,08 47 19.609,+23 47 48.07,1,18.647,,,,08471960+2347480,4508-301-2-0128-0408,STAR,gri,rpm,-44,4,-98,4,,,,,,,23.476,0.497,20.393,0.021,18.894,0.01,17.899,0.008,17.333,0.012,16.047,0.091,15.631,0.152,15.331,0.154,3439,34,34,5.136,0.02,0.02,-0.221,0.05,0.05,0.18,0.004,0.004,0.163,0.003,0.003,27.6,1.656,1.656,245,7.35,16.14,0.027,0.001,0.001,,,
7941,7941,7941,212182249,08 50 27.562,+23 47 49.56,1,16.443,,,,08502756+2347495,4508-301-1-0132-0231,EXTENDED,gri,,0,3,-4,3,,,,,,,19.518,0.059,17.483,0.007,16.461,0.004,15.997,0.004,15.654,0.008,15.346,0.068,14.694,0.087,14.334,0.074,,,,,,,,,,,,,,,,,,,,,,,,,,,
7942,7942,7942,212182250,08 41 57.863,+23 47 49.58,1,8.758,,,569-044420,08415786+2347497,,STAR,gri,rpm,-4.4,5.1,8.4,3.8,,,9.453,0.06,8.925,0.09,,,9.85,0.03,8.904,0.06,8.29,0.38,,,9.141,0.037,8.795,0.053,8.76,0.023,4788,96,96,2.533,0.39,0.15,-0.148,0.2,0.2,10.663,0.763,4.238,1.353,0.51,0.278,0.001,0.004,4.17E-04,998.3,66.48,354.3,0.033,0.01,0.007,,,
7943,7943,7943,212182292,08 52 57.700,+23 47 54.34,1,12.392,,1943-581-1,569-044815,08525766+2347542,,STAR,gri,lam,4.3,3.7,4.6,3.6,,,12.567,0.223,13.056,0.362,,,12.59,0.53,12.326,0.4,12.223,0.31,,,11.312,0.022,11.154,0.021,11.128,0.02,6309,127,152,4.096,0.138,0.115,-0.069,0.09,0.12,1.666,0.328,0.274,1.267,0.13,0.112,0.257,0.183,0.093,601.4,122.3,101.6,0.034,0.013,0.008,,,
7944,7944,7944,212182293,08 56 56.825,+23 47 54.43,1,14.735,,,569-044952,08565683+2347544,4569-301-3-0154-0081,STAR,gri,rpm,-6.1,4.3,-4.7,4.6,,,16.672,0.04,15.333,0.11,,,16.019,0.01,14.698,0.02,14.185,0.08,,,12.783,0.024,12.139,0.023,11.982,0.021,4001,80,40,4.819,0.035,0.035,0.019,0.06,0.26,0.458,0.033,0.031,0.53,0.032,0.038,5.199,1.023,0.587,188.2,15.8,12.56,0.019,0.009,0.002,,,
7945,7945,7945,212182308,08 51 04.352,+23 47 55.80,1,14.677,,,569-044755,08510434+2347559,,STAR,gri,rpm,-2.5,3.2,1.3,3.6,,,15.864,0.05,14.93,0.05,,,15.363,0.07,14.642,0.02,14.383,0.02,,,13.214,0.022,12.723,0.023,12.64,0.022,5017,79,79,3.444,1.022,0.73,-0.407,0.3,0.42,2.775,3.199,2.077,0.893,0.189,0.118,0.023,1.063,0.021,1920,2203,1435,0.035,0.01,0.007,,,
7946,7946,7946,212182310,08 41 58.046,+23 47 55.99,1,8.758,42681,1942-1612-1,569-044421,08415804+2347558,,STAR,gri,plx,-7.46,1.42,9.68,0.92,1.55,1.2,9.382,0.023,8.431,0.014,,,9.85,0.03,8.904,0.06,8.29,0.38,,,6.71,0.018,6.22,0.024,6.106,0.02,4799,76,76,2.619,0.15,0.175,0.035,0.1,0.18,11.208,1.696,1.242,2.074,0.441,0.617,0.001,7.02E-04,4.59E-04,645.2,499.5,499.5,0.032,0.01,0.008,,,
7947,7947,7947,212182346,08 38 02.870,+23 47 59.86,1,14.646,,,569-044260,08380286+2347599,4517-301-4-0124-0129,STAR,gri,rpm,-24.9,4.6,19.4,5,,,16.054,0.07,14.905,0.02,,,15.523,0.02,14.377,0.04,14.271,0.61,,,12.548,0.026,11.949,0.032,11.814,0.018,4304,103,128,4.72,0.063,0.035,-0.076,0.16,0.28,0.575,0.043,0.083,0.642,0.039,0.095,3.326,1.181,0.508,233.9,20.92,39.63,0.027,0.007,0.006,,,
7948,7948,7948,212182388,08 43 25.950,+23 48 03.43,1,18.846,,,,,4508-301-3-0123-0067,EXTENDED,gri,,6,3,0,3,,,,,,,19.066,0.023,18.995,0.01,18.796,0.01,18.732,0.011,18.265,0.023,,,,,,,,,,,,,,,,,,,,,,,,,,,,,,,,,
7949,7949,7949,212182483,08 57 01.265,+23 48 11.98,1,13.942,,,570-045345,08570127+2348120,4569-301-3-0154-0099,STAR,gri,col,,,,,,,15.03,0.11,14.304,0.12,,,14.546,0.03,13.969,0.01,13.683,0.04,,,13.182,0.024,12.752,0.024,12.629,0.026,5278,105,105,3.569,1.074,0.895,-0.932,0.45,0.54,2.344,3.951,1.756,0.848,0.049,0.147,0.047,1.773,0.045,1623,2597,1197,0.033,0.01,0.007,,,
7950,7950,7950,212182509,08 48 06.361,+23 48 14.43,1,10.214,,1943-1516-1,570-045043,08480635+2348145,,STAR,gri,rpm,-23.7,1.7,-6.9,1.7,,,11.31,0.075,10.369,0.047,,,10.856,0.03,10.043,0.04,9.939,0.47,,,8.596,0.021,8.144,0.02,8.018,0.018,4913,79,59,3.057,0.354,0.708,-0.283,0.25,0.3,4.985,5.127,1.781,1.137,0.347,0.193,0.008,0.016,0.008,425.2,344.3,146.9,0.03,0.008,0.006,,,
7951,7951,7951,212182518,08 57 01.825,+23 48 15.48,1,14.042,,,570-045346,08570184+2348155,4569-301-3-0154-0100,STAR,gri,rpm,78.9,4.5,38.3,4.8,,,15.046,0.12,14.322,0.17,,,14.698,0.038,14.055,0.2,13.76,0.13,,,13.343,0.023,12.94,0.023,12.814,0.024,5296,162,129,4.646,0.063,0.045,-0.94,0.24,0.4,0.63,0.054,0.06,0.663,0.042,0.042,2.545,0.749,0.505,459.1,29.45,73.36,0.033,0.008,0.008,,,
7952,7952,7952,212182540,08 40 19.559,+23 48 17.37,1,17.825,,,,08401955+2348173,4508-301-4-0119-0213,EXTENDED,gri,,-2,3,-6,3,,,,,,,19.897,0.04,18.358,0.007,17.768,0.006,17.596,0.007,17.479,0.017,16.519,0.124,16.071,0.21,,,,,,,,,,,,,,,,,,,,,,,,,,,,,
7953,7953,7953,212182545,08 43 17.495,+23 48 17.79,1,16.011,,,570-044844,08431749+2348178,,STAR,gri,rpm,0.1,4.4,-1.1,5,,,16.966,0.06,16.364,0.15,,,16.596,0.01,16.052,0.076,15.76,0.121,,,14.789,0.038,14.302,0.045,14.309,0.065,5323,204,204,4.534,0.06,1.308,-0.468,0.3,0.66,0.809,2.689,0.093,0.813,0.09,0.064,1.48,0.427,1.468,1233,3569,188.4,0.034,0.01,0.007,,,
7954,7954,7954,212182561,08 47 27.697,+23 48 19.44,1,17.565,,,,08472769+2348194,4508-301-2-0128-0328,EXTENDED,gri,,5,3,1,3,,,,,,,20.621,0.113,18.71,0.012,17.551,0.007,17.074,0.007,16.713,0.013,16.125,0.096,15.27,0.132,15.016,0.122,,,,,,,,,,,,,,,,,,,,,,,,,,,
7955,7955,7955,212182567,08 51 42.319,+23 48 19.94,1,12.865,,,570-045158,08514232+2348200,,STAR,gri,lam,-6.9,1.6,-4.2,2,,,14.083,0.04,13.135,0.04,,,13.598,0.05,12.842,0.04,12.551,0.02,,,11.399,0.022,10.932,0.022,10.821,0.02,4976,138,79,3.592,0.12,0.1,-0.046,0.1,0.12,2.916,0.341,0.418,1.236,0.143,0.119,0.048,0.024,0.014,865.8,90.11,126.8,0.032,0.01,0.007,,,
7956,7956,7956,212182596,08 40 17.026,+23 48 22.15,1,18.213,,,,08401702+2348221,,STAR,J,,8,1,4,5,,,,,,,,,,,,,,,,,16.657,0.16,16.062,0.207,,,,,,,,,,,,,,,,,,,,,,,,,,,,,
7957,7957,7957,212182619,08 52 17.852,+23 48 23.55,1,16.968,,,,08521785+2348235,4569-301-4-0148-0123,STAR,gri,rpm,-1,3,-42,3,,,,,,,21.504,0.13,18.823,0.009,17.413,0.006,16.173,0.005,15.504,0.006,14.168,0.028,13.479,0.027,13.174,0.024,3570,71,57,5.014,0.03,0.036,0.039,0.08,0.14,0.265,0.033,0.024,0.268,0.042,0.035,13.82,2.605,2.586,173.9,24.67,18.2,0.025,0.008,0.008,,,
7958,7958,7958,212182669,08 56 26.883,+23 48 28.02,1,17.284,,,,08562688+2348280,4569-301-3-0153-0172,EXTENDED,gri,,0,3,2,3,,,,,,,20.362,0.087,18.328,0.009,17.293,0.006,16.836,0.006,16.477,0.013,15.744,0.069,14.948,0.077,14.798,0.096,,,,,,,,,,,,,,,,,,,,,,,,,,,
7959,7959,7959,212182672,08 44 02.548,+23 48 28.15,1,17.799,,,,,4508-301-3-0124-0235,EXTENDED,gri,,-14,5,10,5,,,,,,,19.685,0.089,18.321,0.013,17.837,0.013,17.576,0.014,17.395,0.039,,,,,,,,,,,,,,,,,,,,,,,,,,,,,,,,,
7960,7960,7960,212182707,08 41 35.188,+23 48 31.33,1,17.586,,,,08413518+2348313,,STAR,J,col,,,,,,,,,,,,,,,,,,,,,16.084,0.093,15.442,0.135,14.924,0.126,3782,505,316,4.953,0.125,0.175,-0.213,0.25,0.3,0.317,0.17,0.111,0.336,0.219,0.156,9.786,10.19,5.631,580.1,449.1,253.1,0.031,0.01,0.007,,,
7961,7961,7961,212182759,08 54 24.819,+23 48 36.13,1,12.951,,,570-045266,08542482+2348360,,STAR,gri,rpm,1.5,1.5,-2.2,1.8,,,13.613,0.03,13.089,0.04,,,13.324,0.05,12.935,0.04,12.791,0.05,,,11.988,0.023,11.716,0.021,11.65,0.018,6091,122,146,4.164,0.175,0.21,-0.175,0.2,0.16,1.385,0.416,0.272,1.098,0.14,0.1,0.349,0.357,0.177,672.2,178,119.5,0.035,0.008,0.007,,,
7962,7962,7962,212182805,08 47 52.578,+23 48 40.89,1,17.349,,,,08475257+2348408,4518-301-1-0028-0207,STAR,gri,rpm,-6,3,-49,3,,,,,,,20.285,0.054,18.263,0.007,17.352,0.005,16.957,0.005,16.73,0.009,15.57,0.069,15.027,0.1,14.853,0.12,4514,72,72,4.825,0.06,0.03,-1.116,0.2,0.16,0.459,0.025,0.053,0.516,0.021,0.051,5.237,1.541,0.548,772.9,64.48,105.6,0.035,0.006,0.008,,,
7963,7963,7963,212182807,08 47 17.877,+23 48 40.99,1,13.182,,,570-045011,08471788+2348411,,STAR,gri,rpm,-70,8,-149,8,,,15.069,0.05,13.639,0.05,,,14.416,0.02,13.081,0.04,12.653,0.61,,,10.686,0.022,10.039,0.028,9.882,0.021,3900,47,109,4.891,0.042,0.035,-0.107,0.12,0.24,0.383,0.041,0.043,0.424,0.058,0.048,7.275,1.696,1.196,71.89,24.73,23.42,0.012,0.007,0.005,,,
7964,7964,7964,212182849,08 59 05.904,+23 48 44.92,1,17.373,,,,08590590+2348449,4576-301-3-0150-0107,STAR,gri,rpm,55,4,-36,4,,,,,,,19.926,0.041,18.119,0.006,17.365,0.006,17.053,0.006,16.853,0.012,15.796,0.063,15.314,0.073,15.313,0.116,4492,484,53,4.962,0.025,0.16,-1.805,0.48,0.32,0.338,0.147,0.011,0.394,0.158,0.012,9.801,0.995,5.056,606.2,498.9,18.19,0.039,0.001,0.006,,,
7965,7965,7965,212182879,08 39 05.682,+23 48 49.76,1,14.84,,,570-044697,08390568+2348498,4508-301-4-0117-0150,STAR,gri,rpm,-0.7,4.4,0,4.9,,,15.907,0.04,14.932,0.07,,,15.428,0.04,14.576,0.04,14.588,0.6,,,13.144,0.023,12.553,0.024,12.438,0.023,4723,94,113,2.608,2.024,0.528,-0.432,0.4,0.25,7.211,5.779,6.59,0.934,0.048,0.194,0.002,1.729,0.001,4652,3544,4252,0.032,0.014,0.004,,,
7966,7966,7966,212182940,08 41 52.854,+23 48 55.47,1,19.073,,,,,4517-301-3-0130-0218,STAR,gri,,-2,3,-3,3,,,,,,,19.512,0.032,19.212,0.011,19.027,0.012,18.849,0.012,18.677,0.033,,,,,,,,,,,,,,,,,,,,,,,,,,,,,,,,,
7967,7967,7967,212182974,08 58 32.862,+23 48 59.63,1,13.295,,,570-045385,08583287+2348596,,STAR,gri,lam,-60.2,3.6,4.3,4.1,,,14.597,0.01,13.65,0.06,,,14.126,0.034,13.258,0.04,12.939,0.03,,,11.781,0.02,11.265,0.023,11.179,0.018,4745,169,141,4.649,0.03,0.025,-0.25,0.15,0.12,0.66,0.039,0.037,0.713,0.049,0.041,2.436,0.297,0.265,214.6,23.97,21.56,0.025,0.007,0.005,,,
7968,7968,7968,212183055,08 58 22.515,+23 49 07.00,1,12.772,,,570-045380,08582251+2349069,,STAR,gri,rpm,-23.2,2.3,-38.2,2.2,,,13.796,0.03,13.023,0.07,,,13.367,0.01,12.733,0.03,12.517,0.02,,,11.506,0.02,11.138,0.023,11.057,0.02,5375,87,87,4.534,0.042,0.035,-0.111,0.2,0.28,0.832,0.064,0.079,0.867,0.069,0.083,1.51,0.322,0.231,281.5,32.18,28.88,0.03,0.022,0.005,,,
7969,7969,7969,212183082,08 53 46.032,+23 49 08.89,1,17.322,,,570-045241,08534603+2349086,4569-301-4-0150-0039,STAR,JHK,rpm,1.6,4.9,5.8,4.9,,,,,,,,,,,,,,,,,15.936,0.071,15.744,0.123,15.391,0.154,5797,350,630,4.446,0.15,0.24,-0.685,0.4,0.4,0.848,0.33,0.177,0.799,0.072,0.087,1.182,0.92,0.711,2352,1001,702.2,0.033,0.01,0.007,,,
7970,7970,7970,212183112,08 54 51.041,+23 49 11.62,1,12.018,,,570-045274,08545104+2349116,,STAR,gri,rpm,2.4,0.8,-14.3,1,,,12.663,0.04,12.127,0.05,,,12.37,0.05,11.99,0.04,11.867,0.03,,,11.126,0.025,10.834,0.024,10.809,0.018,6073,122,122,4.196,0.165,0.231,-0.152,0.2,0.28,1.293,0.424,0.237,1.075,0.151,0.125,0.455,0.326,0.263,428.3,147.9,96.13,0.032,0.008,0.006,,,
7971,7971,7971,212183121,08 38 06.249,+23 49 12.93,1,17.076,,,,08380624+2349129,,STAR,J,col,,,,,,,,,,,,,,,,,,,,,15.609,0.111,14.926,0.11,14.298,0.094,3660,407,305,5.004,0.115,0.161,-0.105,0.16,0.28,0.266,0.161,0.087,0.271,0.189,0.118,12.56,11.65,6.847,367.3,311,147,0.029,0.01,0.008,,,
7972,7972,7972,212183160,08 46 53.356,+23 49 15.78,1,15.521,,,570-044982,08465334+2349157,,STAR,gri,rpm,0.5,4.2,-6.6,4.8,,,17.066,0.16,15.902,0.09,,,16.461,0.07,15.515,0.03,15.119,0.03,,,13.932,0.028,13.38,0.036,13.282,0.035,4590,111,111,4.658,0.048,0.04,-0.167,0.25,0.35,0.644,0.054,0.069,0.708,0.056,0.078,2.575,0.652,0.453,534.9,68.04,71.59,0.032,0.01,0.006,,,
7973,7973,7973,212183162,08 40 35.171,+23 49 15.88,1,16.407,,,,08403517+2349158,4517-301-3-0128-0030,EXTENDED,gri,,,,,,,,,,,,18.641,0.037,17.239,0.006,16.537,0.006,16.05,0.004,15.872,0.013,15.987,0.135,15.079,0.152,14.883,0.144,,,,,,,,,,,,,,,,,,,,,,,,,,,
7974,7974,7974,212183190,08 45 19.638,+23 49 19.01,1,15.329,,,570-044926,08451963+2349190,,STAR,JHK,rpm,41.2,4.2,-25.6,4.9,,,,,,,,,,,,,,,,,13.255,0.023,12.623,0.021,12.45,0.02,3958,208,115,4.87,0.06,0.06,-0.207,0.25,0.3,0.394,0.056,0.058,0.446,0.063,0.076,6.643,2.114,1.604,201.8,39.71,33.18,0.023,0.007,0.005,,,
7975,7975,7975,212183234,08 54 40.872,+23 49 22.48,1,14.478,,,570-045269,08544087+2349224,,STAR,gri,rpm,-4.4,3.2,-22.5,3.4,,,15.421,0.03,14.702,0.05,,,15.029,0.04,14.482,0.05,14.242,0.09,,,13.32,0.023,12.876,0.026,12.766,0.027,5317,129,129,4.565,0.04,0.632,-0.435,0.3,0.42,0.76,0.185,0.072,0.796,0.086,0.086,1.723,0.372,1.538,578.3,175.7,60.51,0.033,0.008,0.007,,,
7976,7976,7976,212183238,08 54 02.412,+23 49 22.94,1,15.847,,,,08540241+2349229,4569-301-4-0150-0159,STAR,gri,rpm,-45,3,-18,3,,,,,,,20.225,0.052,17.715,0.006,16.295,0.005,15.046,0.004,14.391,0.005,13.041,0.027,12.366,0.025,12.126,0.021,3610,86,86,5.016,0.02,0.036,-0.024,0.1,0.12,0.268,0.033,0.023,0.27,0.05,0.032,14.08,1.901,2.583,106.4,17.11,10.07,0.018,0.005,0.004,,,
7977,7977,7977,212183244,08 40 34.971,+23 49 23.25,1,14.141,,,570-044747,08403495+2349233,4517-301-3-0128-0028,STAR,gri,col,,,,,,,15.824,0.01,14.568,0.05,,,15.241,0.01,13.972,0.03,13.67,0.6,,,11.97,0.023,11.303,0.022,11.159,0.021,4023,80,80,4.817,0.04,0.04,-0.025,0.16,0.2,0.461,0.04,0.044,0.518,0.049,0.049,5.15,1.186,0.817,132,24.88,20.93,0.019,0.006,0.005,,,
7978,7978,7978,212183333,08 47 07.013,+23 49 32.73,1,19.231,,,,,4508-301-2-0128-0298,STAR,gri,,1,3,6,3,,,,,,,19.525,0.028,19.387,0.011,19.179,0.012,19.083,0.014,19.129,0.036,,,,,,,,,,,,,,,,,,,,,,,,,,,,,,,,,
7979,7979,7979,212183365,08 54 21.817,+23 49 35.45,1,15.363,,,570-045262,08542182+2349353,4576-301-4-0143-0035,STAR,gri,rpm,1.4,3.1,-0.7,3.9,,,16.475,0.11,15.662,0.1,,,16.035,0.02,15.315,0.05,15.075,0.07,,,14.178,0.03,13.72,0.03,13.634,0.034,5114,124,103,4.568,0.04,0.992,-0.213,0.25,0.4,0.783,1.875,0.077,0.848,0.062,0.087,1.67,0.361,1.623,865.7,2054,103,0.033,0.008,0.007,,,
7980,7980,7980,212183434,08 57 10.206,+23 49 42.70,1,11.266,,1950-798-1,570-045348,08571021+2349428,,STAR,gri,rpm,23.5,1.6,-15.1,1.7,,,12.039,0.177,11.447,0.139,,,11.888,0.02,11.232,0.02,10.999,0.01,,,10.014,0.022,9.649,0.023,9.531,0.018,5255,106,84,3.83,0.728,0.312,-0.129,0.2,0.44,2.017,0.793,1.229,0.945,0.285,0.065,0.117,1.602,0.074,347.2,124.6,215.7,0.026,0.011,0.008,,,
7981,7981,7981,212183462,08 47 33.458,+23 49 45.06,1,18.116,,,,08473345+2349450,,STAR,J,col,,,,,,,,,,,,,,,,,,,,,16.57,0.162,15.993,0.207,15.368,0.16,3800,592,395,4.953,0.15,0.2,-0.254,0.25,0.4,0.295,0.206,0.105,0.332,0.246,0.154,9.797,10.44,6.248,720.1,748.8,322.6,0.032,0.008,0.007,,,
7982,7982,7982,212183466,08 43 42.151,+23 49 45.45,1,14.669,,,570-044864,08434214+2349454,4508-301-3-0123-0146,STAR,gri,rpm,8.6,4.5,2.8,5,,,15.771,0.02,14.783,0.02,,,15.268,0.02,14.447,0.02,14.412,0.59,,,12.853,0.025,12.283,0.027,12.174,0.022,4803,95,95,3.262,1.338,1.338,-0.286,0.25,0.65,2.975,9.199,2.4,0.826,0.166,0.076,0.013,2.376,0.013,1800,5151,1503,0.033,0.008,0.006,,,
7983,7983,7983,212183480,08 52 56.647,+23 49 46.88,1,14.792,,,570-045204,08525665+2349470,4569-301-4-0149-0149,STAR,JHK,col,,,,,,,,,,,,,,,,,,,,,12.521,0.023,11.917,0.021,11.657,0.02,3578,106,149,5.015,0.08,0.05,-0.01,0.15,0.21,0.256,0.048,0.062,0.253,0.068,0.081,14.24,7.916,3.438,78.93,24.26,21.2,0.013,0.005,0.005,,,
7984,7984,7984,212183490,08 48 11.181,+23 49 48.60,1,11.956,,1943-1354-1,570-045046,08481117+2349485,,STAR,gri,rpm,-26.6,2.1,-4.7,2.2,,,12.764,0.284,12.011,0.193,,,12.207,0.03,11.79,0.03,11.849,0.46,,,10.86,0.022,10.592,0.03,10.543,0.021,6039,120,96,4.226,0.165,0.198,-0.105,0.15,0.24,1.281,0.366,0.248,1.095,0.091,0.127,0.473,0.359,0.258,364.9,104.3,81.13,0.031,0.008,0.007,,,
7985,7985,7985,212183496,08 46 14.296,+23 49 49.32,1,12.009,,1943-1091-1,570-044953,08461430+2349492,,STAR,gri,rpm,-11.8,1.8,-3.6,2,,,12.145,0.168,12.136,0.236,,,12.225,0.01,11.937,0.01,12.214,0.61,,,11.143,0.022,10.924,0.023,10.891,0.02,6505,103,129,4.208,0.065,0.156,-0.117,0.12,0.18,1.436,0.323,0.138,1.266,0.09,0.09,0.393,0.125,0.177,501.9,113,53.55,0.031,0.009,0.005,,,
7986,7986,7986,212183520,08 44 26.939,+23 49 51.16,1,15.351,,,570-044894,08442692+2349513,,STAR,gri,col,,,,,,,16.101,0.13,15.564,0.01,,,15.769,0.02,15.356,0.06,15.172,0.06,,,14.311,0.031,13.976,0.044,13.868,0.046,5903,173,173,4.409,0.095,0.247,-0.501,0.3,0.42,0.954,0.375,0.146,0.879,0.096,0.096,0.933,0.431,0.558,1289,544.4,229.1,0.033,0.01,0.007,,,
7987,7987,7987,212183524,09 00 39.679,+23 49 51.39,1,15.584,,,570-045449,09003968+2349512,4569-301-2-0159-0171,STAR,JHK,col,,,,,,,,,,,,,,,,,,,,,13.435,0.022,12.796,0.019,12.608,0.022,3920,187,124,4.874,0.072,0.06,-0.14,0.2,0.24,0.401,0.062,0.063,0.454,0.074,0.074,6.678,2.625,1.612,212.8,43.63,36.21,0.026,0.007,0.006,,,
7988,7988,7988,212183555,09 00 40.854,+23 49 54.65,1,13.642,,,570-045450,09004084+2349547,,STAR,gri,lam,,,,,,,15.48,0.02,14.285,0.038,,,14.896,0.039,13.649,0.044,13.105,0.064,,,11.69,0.02,11.044,0.021,10.865,0.02,4351,106,159,4.812,0.054,0.054,-0.583,0.12,0.15,0.469,0.046,0.05,0.521,0.047,0.047,5.026,1.331,1.052,127.8,20.97,21.3,0.017,0.005,0.004,,,
7989,7989,7989,212183576,08 55 53.994,+23 49 57.13,1,15.107,,,570-045310,08555399+2349570,4576-301-4-0145-0100,STAR,gri,rpm,-2.4,3.1,4.8,3.4,,,16.179,0.03,15.412,0.01,,,15.741,0.048,15.115,0.02,14.836,0.09,,,13.799,0.022,13.361,0.027,13.284,0.03,5258,125,125,4.537,0.06,1.09,-0.353,0.3,0.54,0.826,2.109,0.091,0.866,0.054,0.097,1.523,0.394,1.486,780.5,1859,105.4,0.034,0.01,0.007,,,
7990,7990,7990,212183583,08 56 19.006,+23 49 58.02,1,19.852,,,,,4576-301-4-0146-0257,STAR,gri,,2,4,6,4,,,,,,,20.332,0.054,19.869,0.016,19.847,0.024,19.661,0.025,19.41,0.082,,,,,,,,,,,,,,,,,,,,,,,,,,,,,,,,,
7991,7991,7991,212183589,08 47 09.746,+23 49 58.76,1,14.843,,,570-044999,08470973+2349587,4508-301-2-0128-0114,STAR,gri,rpm,-32.2,4.4,-12.9,4.9,,,16.97,0.08,15.54,0.054,,,16.333,0.04,14.99,0.03,14.205,0.075,,,12.616,0.024,11.941,0.031,11.771,0.021,3817,116,93,4.877,0.08,0.04,0.08,0.12,0.15,0.4,0.042,0.078,0.45,0.055,0.087,6.667,3.332,1.122,143.7,20.91,31.18,0.019,0.005,0.005,,,
7992,7992,7992,212183614,08 52 24.905,+23 50 02.55,1,15.328,,,570-045185,08522489+2350025,4569-301-4-0148-0151,STAR,gri,rpm,-2.3,3.2,-1.4,3.3,,,17.257,0.08,15.997,0.03,,,16.793,0.01,15.39,0.02,14.7,0.04,,,13.122,0.022,12.476,0.029,12.274,0.023,3840,38,38,4.886,0.084,0.02,-0.006,0.06,0.24,0.401,0.008,0.078,0.449,0.009,0.093,6.939,3.563,0.416,181.5,5.444,38.78,0.026,0.001,0.002,,,
7993,7993,7993,212183637,08 40 05.947,+23 50 05.04,1,18.293,,,,,4508-301-4-0119-0443,EXTENDED,gri,,-2,3,-1,3,,,,,,,19.922,0.105,18.707,0.02,18.359,0.032,18.115,0.021,18.255,0.085,,,,,,,,,,,,,,,,,,,,,,,,,,,,,,,,,
7994,7994,7994,212183644,08 56 34.822,+23 50 06.54,1,19.96,,,,,4569-301-3-0154-0282,STAR,gri,,6,5,12,5,,,,,,,20.824,0.072,20.1,0.018,19.913,0.022,19.934,0.029,19.957,0.107,,,,,,,,,,,,,,,,,,,,,,,,,,,,,,,,,
7995,7995,7995,212183645,09 00 47.928,+23 50 06.57,1,19.026,,,,,4569-301-2-0159-0266,EXTENDED,gri,,24,3,1,3,,,,,,,21.525,0.395,19.482,0.028,19.117,0.031,18.831,0.037,19.239,0.197,,,,,,,,,,,,,,,,,,,,,,,,,,,,,,,,,
7996,7996,7996,212183696,08 50 25.292,+23 50 11.03,1,17.475,,,,,4508-301-1-0132-0323,EXTENDED,gri,,4,3,-8,3,,,,,,,19.237,0.083,18.085,0.012,17.547,0.01,17.214,0.012,17.053,0.035,,,,,,,,,,,,,,,,,,,,,,,,,,,,,,,,,
7997,7997,7997,212183730,08 48 24.977,+23 50 13.88,1,14.864,,,,08482497+2350138,4569-301-5-0142-0280,EXTENDED,gri,,-1,3,-6,3,,,,,,,16.628,0.019,15.467,0.003,14.922,0.003,14.606,0.003,14.367,0.007,15.625,0.146,15.123,0.202,14.646,0.178,,,,,,,,,,,,,,,,,,,,,,,,,,,
7998,7998,7998,212183745,08 57 17.574,+23 50 15.98,1,17.737,,,,,4569-301-3-0155-0353,EXTENDED,gri,,7,3,-1,3,,,,,,,19.547,0.084,18.275,0.014,17.748,0.015,17.506,0.016,17.277,0.049,,,,,,,,,,,,,,,,,,,,,,,,,,,,,,,,,
7999,7999,7999,212183749,08 41 26.571,+23 50 16.54,1,18.11,,,,08412657+2350165,,STAR,J,col,,,,,,,,,,,,,,,,,,,,,16.565,0.143,15.939,0.18,15.149,0.157,3712,504,315,4.989,0.12,0.168,-0.179,0.2,0.32,0.277,0.181,0.095,0.291,0.208,0.13,11.15,11.35,6.347,614.9,463.6,264.3,0.032,0.01,0.008,,,
8000,8000,8000,212183753,08 42 39.975,+23 50 17.69,1,13.485,,,570-044823,08423997+2350177,,STAR,gri,rpm,3.8,7.5,2.6,2.9,,,14.514,0.01,13.559,0.02,,,13.995,0.01,13.23,0.02,13.266,0.6,,,11.817,0.022,11.249,0.019,11.165,0.019,4849,77,77,2.615,0.6,0.36,-0.658,0.35,0.25,7.506,3.73,3.408,0.925,0.18,0.029,0.002,0.01,0.001,2495,1098,1052,0.033,0.01,0.007,,,
8001,8001,8001,212183757,08 42 50.969,+23 50 17.77,1,18.14,,,,,4508-301-3-0122-0172,EXTENDED,gri,,5,3,-4,3,,,,,,,19.311,0.025,18.363,0.007,18.065,0.007,17.972,0.008,17.967,0.019,,,,,,,,,,,,,,,,,,,,,,,,,,,,,,,,,
8002,8002,8002,212183768,08 43 32.954,+23 50 18.45,1,18.349,,,,,4508-301-3-0123-0279,EXTENDED,gri,,2,3,7,3,,,,,,,19.78,0.039,18.94,0.01,18.433,0.009,18.096,0.009,17.961,0.024,,,,,,,,,,,,,,,,,,,,,,,,,,,,,,,,,
8003,8003,8003,212183773,08 45 56.592,+23 50 18.80,1,10.661,,1943-704-1,570-044943,08455659+2350187,,STAR,gri,rpm,-25.7,1.6,-9.8,1.6,,,11.175,0.076,10.505,0.057,,,10.886,0.05,10.371,0.01,10.564,0.6,,,9.383,0.023,9.153,0.025,9.094,0.017,5999,118,118,4.084,0.282,0.235,0.067,0.12,0.15,1.521,0.647,0.454,1.195,0.228,0.114,0.299,0.443,0.178,212,112.4,63.28,0.027,0.008,0.007,,,
8004,8004,8004,212183788,08 53 15.189,+23 50 20.93,1,14.784,,,570-045218,08531518+2350210,4569-301-4-0149-0079,STAR,gri,rpm,-34,3,-29.7,3.3,,,16.865,0.08,15.47,0.04,,,16.285,0.05,14.864,0.05,14.14,0.06,,,12.545,0.025,11.855,0.022,11.68,0.02,3884,93,46,4.874,0.02,0.048,0.005,0.12,0.1,0.413,0.047,0.024,0.463,0.052,0.032,6.516,0.795,1.34,144.2,29.17,8.067,0.022,0.011,0.004,,,
8005,8005,8005,212183867,08 52 33.576,+23 50 28.96,1,15.099,,,570-045193,08523357+2350288,4569-301-4-0148-0064,STAR,gri,rpm,-2,3.1,-6.6,3.5,,,16.137,0.05,15.377,0.06,,,15.744,0.03,15.107,0.06,14.823,0.11,,,13.833,0.024,13.393,0.027,13.292,0.028,5220,156,125,4.553,0.045,1.044,-0.353,0.3,0.48,0.809,2.043,0.085,0.852,0.062,0.087,1.586,0.388,1.544,766.1,1747,98.85,0.034,0.011,0.008,,,
8006,8006,8006,212183917,08 52 32.609,+23 50 33.59,1,18.268,,,,08523260+2350335,,STAR,JHK,col,,,,,,,,,,,,,,,,,,,,,15.766,0.066,15.334,0.084,14.812,0.094,3552,288,240,5.037,0.095,0.114,-0.085,0.16,0.28,0.235,0.111,0.065,0.23,0.151,0.084,15.4,11.36,7.467,339.9,231.5,119.4,0.029,0.008,0.007,,,
8007,8007,8007,212183937,08 40 21.671,+23 50 34.82,1,17.016,,,,08402167+2350348,4508-301-4-0119-0246,EXTENDED,gri,,8,3,5,3,,,,,,,18.848,0.054,17.621,0.012,17.116,0.007,16.756,0.007,16.536,0.022,16.585,0.159,15.869,0.175,15.22,0.17,,,,,,,,,,,,,,,,,,,,,,,,,,,
8008,8008,8008,212183961,08 53 31.918,+23 50 37.27,1,17.101,,,,08533191+2350372,,STAR,J,col,,,,,,,,,,,,,,,,,,,,,15.632,0.054,14.939,0.066,14.518,0.067,3677,371,265,4.996,0.12,0.144,-0.132,0.2,0.24,0.273,0.135,0.09,0.28,0.198,0.123,11.25,10.94,5.545,356.5,239.3,143.2,0.029,0.01,0.008,,,
8009,8009,8009,212183970,08 54 17.373,+23 50 38.24,1,15.59,,,570-045259,08541737+2350381,4569-301-4-0150-0094,STAR,gri,rpm,-2.3,3.4,-2.4,3.6,,,16.681,0.07,15.917,0.07,,,16.235,0.06,15.55,0.06,15.314,0.12,,,14.304,0.027,13.911,0.048,13.764,0.038,5302,191,191,4.552,0.04,0.096,-0.231,0.2,0.32,0.794,0.143,0.07,0.848,0.073,0.087,1.608,0.325,0.495,954.1,239.3,111.6,0.034,0.008,0.007,,,
8010,8010,8010,212183987,08 40 08.069,+23 50 40.00,1,17.334,,,,,4508-301-4-0119-0179,EXTENDED,gri,,-6,3,3,3,,,,,,,19.068,0.049,17.858,0.008,17.397,0.007,17.11,0.008,16.958,0.023,,,,,,,,,,,,,,,,,,,,,,,,,,,,,,,,,
8011,8011,8011,212183993,08 42 26.306,+23 50 40.51,1,18.789,,,,08422630+2350405,4517-301-3-0130-0354,STAR,gri,rpm,4,4,-65,4,,,,,,,23.042,0.45,20.559,0.026,19.087,0.012,18.03,0.008,17.467,0.014,16.227,0.093,15.626,0.115,15.289,0.147,3402,34,34,5.107,0.03,0.036,-0.046,0.1,0.08,0.194,0.019,0.017,0.175,0.02,0.02,23.76,3.836,3.906,291,38.53,28.64,0.027,0.005,0.006,,,
8012,8012,8012,212184004,08 53 37.436,+23 50 41.98,1,17.682,,,,08533743+2350419,4569-301-4-0150-0116,EXTENDED,gri,,2,3,1,3,,,,,,,20.199,0.084,18.563,0.01,17.695,0.007,17.304,0.007,17,0.02,16.437,0.117,15.778,0.158,15.25,0.15,,,,,,,,,,,,,,,,,,,,,,,,,,,
8013,8013,8013,212184011,08 56 39.237,+23 50 42.39,1,18.261,,,,,4569-301-3-0154-0040,STAR,gri,,1,3,0,3,,,,,,,18.611,0.018,18.452,0.007,18.197,0.008,18.15,0.009,17.983,0.022,,,,,,,,,,,,,,,,,,,,,,,,,,,,,,,,,
8014,8014,8014,212184017,08 41 15.061,+23 50 42.74,1,13.83,,,570-044768,08411507+2350427,,STAR,gri,rpm,-1,3,-28.2,4.6,,,14.653,0.01,13.855,0.03,,,14.203,0.035,13.575,0.03,13.67,0.57,,,12.268,0.021,11.854,0.023,11.756,0.023,5323,147,84,4.54,0.042,0.07,-0.163,0.2,0.24,0.82,0.086,0.065,0.88,0.055,0.088,1.527,0.267,0.347,393.9,55.87,41.22,0.031,0.008,0.006,,,
8015,8015,8015,212184025,08 55 09.475,+23 50 43.19,1,13.319,,,570-045284,08550947+2350431,,STAR,gri,rpm,-0.2,2,1.7,2.4,,,14.486,0.04,13.59,0.04,,,14.029,0.06,13.289,0.03,13.015,0.04,,,11.913,0.025,11.425,0.024,11.317,0.017,4953,99,79,3.155,0.355,0.781,-0.473,0.3,0.36,4.29,5.403,1.436,1.003,0.213,0.118,0.009,0.03,0.008,1641,1868,600.9,0.034,0.01,0.007,,,
8016,8016,8016,212184048,08 46 05.459,+23 50 45.75,1,14.05,,,570-044947,08460545+2350457,,STAR,gri,rpm,15.9,2.8,-8.1,3.2,,,15.204,0.01,14.143,0.01,,,14.696,0.01,13.752,0.03,13.773,0.62,,,12.229,0.023,11.702,0.027,11.616,0.018,4739,57,57,4.618,0.036,0.02,0.05,0.06,0.14,0.72,0.019,0.051,0.785,0.024,0.043,2.09,0.343,0.14,288.1,12.33,21.57,0.027,0.002,0.002,,,
8017,8017,8017,212184090,09 02 55.965,+23 50 49.68,1,17.13,,,,09025596+2350496,5045-301-6-0170-0148,EXTENDED,gri,,6,3,10,2,,,,,,,20.07,0.071,18.148,0.007,17.12,0.005,16.694,0.005,16.336,0.011,15.698,0.079,14.911,0.071,14.478,0.066,,,,,,,,,,,,,,,,,,,,,,,,,,,
8018,8018,8018,212184098,08 45 35.105,+23 50 50.38,1,14.481,,,570-044935,08453510+2350503,,STAR,gri,rpm,-33.7,4.6,-10.3,5.1,,,15.879,0.03,14.709,0.01,,,15.318,0.02,14.198,0.02,14.122,0.63,,,12.529,0.023,11.964,0.024,11.824,0.023,4346,69,52,4.737,0.055,0.055,-0.29,0.35,0.25,0.541,0.08,0.07,0.592,0.093,0.078,3.613,1.216,0.776,218.8,38.75,32.92,0.026,0.006,0.005,,,
8019,8019,8019,212184142,08 59 42.979,+23 50 54.68,1,16.164,,,570-045428,08594297+2350548,4576-301-3-0151-0068,STAR,JHK,rpm,8.4,8.4,24.4,8.2,,,,,,,,,,,,,,,,,13.828,0.026,13.163,0.024,12.943,0.027,3974,192,160,4.845,0.065,0.065,-0.073,0.15,0.24,0.429,0.076,0.065,0.477,0.084,0.084,6.051,2.302,1.667,280.1,66.1,53.48,0.029,0.008,0.007,,,
8020,8020,8020,212184148,08 47 31.490,+23 50 55.04,1,16.198,,,,08473148+2350550,4508-301-2-0129-0201,STAR,gri,rpm,-71,3,-25,3,,,,,,,21.311,0.135,18.259,0.007,16.799,0.005,15.314,0.005,14.513,0.005,13.055,0.022,12.454,0.033,12.225,0.028,3489,187,62,5.061,0.025,0.03,-0.021,0.09,0.24,0.226,0.028,0.019,0.212,0.039,0.026,18.72,2.773,3.712,89.51,14.4,14.3,0.014,0.008,0.002,,,
8021,8021,8021,212184164,09 00 14.625,+23 50 56.00,1,13.443,,,570-045440,09001461+2350560,,STAR,gri,rpm,-11.1,2.9,3.5,3.3,,,14.465,0.02,13.725,0.04,,,14.032,0.01,13.429,0.04,13.19,0.03,,,12.148,0.02,11.754,0.02,11.635,0.018,5373,107,107,4.484,0.075,0.81,-0.245,0.25,0.5,0.917,1.546,0.136,0.906,0.189,0.073,1.163,0.48,1.098,420.7,685.9,73.99,0.032,0.01,0.008,,,
8022,8022,8022,212184169,08 56 30.976,+23 50 56.30,1,19.099,,,,,4576-301-4-0146-0423,EXTENDED,gri,,-5,3,-3,3,,,,,,,20.413,0.11,19.293,0.018,19.034,0.023,18.763,0.026,18.641,0.101,,,,,,,,,,,,,,,,,,,,,,,,,,,,,,,,,
8023,8023,8023,212184219,08 38 42.665,+23 51 02.29,1,17.986,,,,08384266+2351022,4517-301-4-0125-0352,EXTENDED,gri,,-8,3,-12,3,,,,,,,21.549,0.246,19.317,0.016,17.944,0.008,17.415,0.007,17.023,0.017,16.024,0.078,15.381,0.111,14.795,0.12,,,,,,,,,,,,,,,,,,,,,,,,,,,
8024,8024,8024,212184228,08 40 30.539,+23 51 03.22,1,17.558,,,,08403053+2351032,4508-301-4-0119-0302,EXTENDED,gri,,1,3,1,3,,,,,,,20.546,0.092,18.568,0.009,17.565,0.006,17.125,0.006,16.79,0.013,15.968,0.082,15.19,0.1,14.889,0.125,,,,,,,,,,,,,,,,,,,,,,,,,,,
8025,8025,8025,212184242,09 00 01.385,+23 51 04.36,1,14.421,,,570-045437,09000138+2351044,4576-301-3-0151-0046,STAR,gri,lam,-12.2,4.5,-2.9,4.9,,,15.691,0.03,14.769,0.07,,,15.208,0.03,14.386,0.02,14.084,0.04,,,12.95,0.023,12.484,0.021,12.346,0.019,4907,147,147,4.595,0.03,0.03,0.029,0.1,0.12,0.743,0.042,0.04,0.809,0.041,0.041,1.904,0.282,0.207,438.8,41.23,44.83,0.033,0.008,0.007,,,
8026,8026,8026,212184271,08 47 48.483,+23 51 06.81,1,18.964,,,,,4508-301-2-0129-0253,EXTENDED,gri,,7,3,-1,3,,,,,,,20.274,0.113,19.149,0.014,18.903,0.016,18.801,0.021,18.698,0.062,,,,,,,,,,,,,,,,,,,,,,,,,,,,,,,,,
8027,8027,8027,212184275,08 48 29.545,+23 51 07.04,1,18.632,,,,,4569-301-5-0143-0143,EXTENDED,gri,,-2,3,-5,3,,,,,,,19.901,0.061,19.027,0.014,18.671,0.015,18.463,0.019,18.273,0.053,,,,,,,,,,,,,,,,,,,,,,,,,,,,,,,,,
8028,8028,8028,212184281,08 55 12.260,+23 51 07.90,1,17.555,,,,08551226+2351078,4576-301-4-0144-0222,EXTENDED,gri,,-8,3,3,3,,,,,,,19.264,0.05,18.137,0.01,17.624,0.01,17.305,0.01,17.103,0.033,16.665,0.152,16.006,0.194,,,,,,,,,,,,,,,,,,,,,,,,,,,,,
8029,8029,8029,212184346,08 51 53.656,+23 51 14.54,1,14.159,,,570-045162,08515364+2351146,4508-301-1-0134-0092,STAR,gri,rpm,-30.3,3.2,-9.2,3.5,,,15.378,0.02,14.465,0.05,,,14.933,0.04,14.14,0.02,13.827,0.06,,,12.679,0.022,12.167,0.021,12.07,0.023,4903,98,78,4.628,0.025,0.03,-0.248,0.2,0.24,0.694,0.041,0.054,0.756,0.043,0.077,2.22,0.364,0.264,347.4,35.27,32.02,0.032,0.007,0.006,,,
8030,8030,8030,212184378,09 00 41.203,+23 51 17.83,1,16.762,,,,09004120+2351178,4576-301-3-0152-0088,EXTENDED,gri,,3,3,-4,3,,,,,,,19.746,0.096,17.9,0.01,16.828,0.006,16.274,0.006,15.797,0.014,15.569,0.07,14.727,0.073,14.449,0.08,,,,,,,,,,,,,,,,,,,,,,,,,,,
8031,8031,8031,212184407,08 43 00.724,+23 51 20.30,1,18.95,,,,08430072+2351203,4508-301-3-0123-0362,STAR,gri,rpm,-5,5,-46,5,,,,,,,24.851,0.664,21.581,0.048,19.958,0.019,17.823,0.008,16.688,0.009,14.999,0.044,14.379,0.052,14.113,0.067,3231,206,128,5.167,0.025,0.04,-0.105,0.2,0.28,0.159,0.024,0.008,0.137,0.028,0.005,32.95,4.362,6.166,127.4,33.74,8.506,0.02,0.006,0.004,,,
8032,8032,8032,212184445,08 55 39.014,+23 51 23.91,1,12.06,,1943-1435-1,570-045302,08553901+2351240,,STAR,gri,rpm,0.8,2.2,-5.6,2.1,,,12.497,0.278,11.76,0.195,,,12.346,0.03,12.022,0.01,11.938,0.01,,,11.193,0.02,11.018,0.021,10.946,0.018,6430,104,104,4.081,0.17,0.204,-0.027,0.08,0.14,1.652,0.55,0.352,1.335,0.189,0.135,0.271,0.228,0.141,604.2,167,153.4,0.034,0.011,0.007,,,
8033,8033,8033,212184449,08 47 28.188,+23 51 24.74,1,16.786,,,,08472818+2351247,,STAR,JHK,col,,,,,,,,,,,,,,,,,,,,,14.469,0.031,13.765,0.033,13.59,0.035,4140,203,203,4.787,0.072,0.06,-0.111,0.16,0.24,0.486,0.067,0.07,0.55,0.07,0.085,4.512,1.774,1.089,454.8,95.79,93.21,0.032,0.008,0.007,,,
8034,8034,8034,212184450,08 53 58.238,+23 51 24.78,1,19.131,,,,,4569-301-4-0150-0169,STAR,gri,,-2,3,4,3,,,,,,,19.529,0.033,19.113,0.01,19.137,0.012,19.046,0.015,18.769,0.041,,,,,,,,,,,,,,,,,,,,,,,,,,,,,,,,,
8035,8035,8035,212184474,08 46 56.861,+23 51 27.23,1,13.386,,,570-044987,08465685+2351272,,STAR,gri,rpm,2.3,2.4,9.8,2.8,,,14.381,0.02,13.42,0.03,,,13.856,0.01,13.127,0.02,13.184,0.6,,,11.666,0.021,11.125,0.03,11.069,0.018,4952,78,78,2.998,0.492,0.574,-0.533,0.24,0.3,4.618,4.325,1.738,0.954,0.19,0.063,0.007,0.031,0.006,1420,1277,521.8,0.031,0.01,0.006,,,
8036,8036,8036,212184501,08 50 48.563,+23 51 29.02,1,18.108,,,,,4508-301-1-0133-0159,EXTENDED,gri,,1,3,-4,3,,,,,,,19.627,0.049,18.532,0.01,18.181,0.01,17.926,0.01,17.772,0.028,,,,,,,,,,,,,,,,,,,,,,,,,,,,,,,,,
8037,8037,8037,212184507,08 57 48.575,+23 51 29.57,1,12.783,,,570-045366,08574857+2351296,,STAR,gri,lam,-0.7,2.7,5.1,3.2,,,14.129,0.04,13.133,0.07,,,13.596,0.01,12.774,0.02,12.435,0.03,,,11.245,0.021,10.686,0.023,10.585,0.021,4793,96,96,2.605,0.198,0.198,-0.479,0.15,0.15,8.091,1.863,1.514,0.985,0.116,0.042,0.002,0.002,7.32E-04,2071,424.7,415.3,0.034,0.008,0.006,,,
8038,8038,8038,212184534,08 57 14.181,+23 51 31.40,1,19.48,,,,08571418+2351314,4569-301-3-0155-0114,STAR,gri,rpm,-32,3,-43,3,,,,,,,24.634,1.071,22.062,0.097,19.851,0.021,18.373,0.01,17.639,0.018,16.288,0.102,15.628,0.111,15.313,0.13,3118,31,31,5.22,0.02,0.02,-0.615,0.3,0.05,0.141,0.004,0.003,0.121,0.002,0.002,43,2.58,2.685,196.9,5.906,5.906,0.044,0.001,0.019,,,
8039,8039,8039,212184576,08 46 16.903,+23 51 36.18,1,9.874,43053,1943-1481-1,570-044956,08461689+2351361,,STAR,gri,plx,28.31,1.96,10.22,1.12,4.39,1.4,10.664,0.055,9.804,0.035,,,10.57,0.04,9.647,0.06,9.575,0.6,,,8.211,0.021,7.746,0.033,7.639,0.02,4832,97,97,2.87,0.51,0.425,-0.062,0.15,0.21,6.87,4.119,3.311,1.344,0.618,0.221,0.004,0.016,0.003,227.8,72.64,72.64,0.031,0.01,0.007,,,
8040,8040,8040,212184599,08 47 07.489,+23 51 38.07,1,11.046,,1943-758-1,570-044997,08470746+2351378,,STAR,gri,rpm,3.8,3.7,1.2,3.6,,,12.572,0.286,11.351,0.113,,,12.166,0.01,10.816,0.03,10.566,0.61,,,8.592,0.021,7.81,0.027,7.598,0.029,4001,48,64,1.275,0.235,0.329,-0.194,0.3,0.3,38.52,14.481,7.852,1.178,0.162,0.227,1.81E-05,2.11E-05,1.20E-05,2174,676,359,0.038,0.018,0.01,,,
8041,8041,8041,212184761,08 55 46.594,+23 51 55.10,1,17.076,,,,08554659+2351550,4576-301-4-0145-0092,EXTENDED,gri,,3,3,1,3,,,,,,,18.466,0.02,17.531,0.005,17.216,0.005,16.881,0.005,16.811,0.015,15.782,0.066,15.417,0.119,14.82,0.091,,,,,,,,,,,,,,,,,,,,,,,,,,,
8042,8042,8042,212184782,08 42 41.392,+23 51 57.74,1,14.671,,,570-044826,08424139+2351578,,STAR,gri,rpm,-8.3,4.7,-12.6,5.1,,,15.642,0.04,14.718,0.02,,,15.116,0.02,14.398,0.03,14.481,0.58,,,13.144,0.021,12.745,0.026,12.621,0.024,5231,83,83,4.55,0.04,0.048,-0.017,0.2,0.24,0.822,0.069,0.064,0.879,0.045,0.072,1.535,0.289,0.287,562.1,70.92,52.99,0.036,0.008,0.007,,,
8043,8043,8043,212184807,08 54 06.556,+23 52 00.47,1,17.697,,,,08540655+2352004,4569-301-4-0150-0188,EXTENDED,gri,,0,3,-1,3,,,,,,,20.578,0.098,18.708,0.01,17.673,0.007,17.263,0.007,17.013,0.017,16.045,0.076,15.588,0.114,14.79,0.109,,,,,,,,,,,,,,,,,,,,,,,,,,,
8044,8044,8044,212184824,08 58 55.194,+23 52 02.27,1,13.761,,,570-045399,08585518+2352024,,STAR,gri,lam,,,,,,,15.1,0.02,14.156,0.07,,,14.615,0.01,13.726,0.03,13.395,0.03,,,12.173,0.02,11.603,0.02,11.531,0.019,4664,148,148,4.685,0.042,0.035,-0.48,0.18,0.18,0.595,0.043,0.055,0.642,0.044,0.053,2.9,0.571,0.403,221.8,27.63,24.57,0.026,0.006,0.005,,,
8045,8045,8045,212184851,08 42 49.028,+23 52 04.81,1,19.375,,,,,4508-301-3-0122-0313,STAR,gri,,-4,4,-6,4,,,,,,,21.235,0.084,19.962,0.016,19.357,0.013,19.123,0.013,18.975,0.034,,,,,,,,,,,,,,,,,,,,,,,,,,,,,,,,,
8046,8046,8046,212184878,08 55 55.356,+23 52 07.50,1,15.301,,,570-045311,08555535+2352074,4576-301-4-0145-0109,STAR,gri,rpm,1.7,3,-2.8,3.3,,,16.416,0.11,15.592,0.07,,,15.967,0.01,15.261,0.08,15.015,0.05,,,13.899,0.026,13.38,0.024,13.274,0.032,4986,98,98,4.546,0.078,2.054,-0.427,0.35,0.63,0.798,7.672,0.116,0.814,0.129,0.072,1.599,0.509,1.597,761.5,6300,147.6,0.033,0.01,0.007,,,
8047,8047,8047,212184879,08 45 39.647,+23 52 07.55,1,16.94,,,,08453964+2352075,,EXTENDED,JHK,,,,,,,,,,,,,,,,,,,,,,14.83,0.091,14.065,0.104,13.934,0.091,,,,,,,,,,,,,,,,,,,,,,,,,,,
8048,8048,8048,212184880,08 57 38.670,+23 52 07.56,1,13.621,,,570-045356,08573867+2352075,,STAR,gri,lam,2.1,3.4,7.2,3.7,,,14.825,0.03,13.947,0.06,,,14.343,0.02,13.618,0.02,13.312,0.01,,,12.173,0.021,11.692,0.021,11.59,0.021,4979,119,139,2.412,0.105,0.025,-0.584,0.12,0.15,10.018,0.366,1.597,0.958,0.023,0.039,9.35E-04,4.42E-04,7.24E-05,3748,357.8,479.1,0.033,0.013,0.007,,,
8049,8049,8049,212184901,08 46 24.827,+23 52 09.83,1,17.868,,,,08462482+2352098,,STAR,J,rpm,6,4,6,2,,,,,,,,,,,,,,,,,16.345,0.127,15.889,0.175,15.181,0.155,3881,832,320,4.903,0.125,0.225,-0.204,0.25,0.4,0.374,0.226,0.122,0.418,0.232,0.165,7.204,7.17,4.465,768.4,798.3,306.4,0.033,0.008,0.007,,,
8050,8050,8050,212184937,08 40 10.529,+23 52 13.87,1,17.909,,,,08401052+2352138,4508-301-4-0119-0215,EXTENDED,gri,,-8,4,-7,4,,,,,,,19.511,0.047,18.36,0.009,17.956,0.008,17.715,0.009,17.584,0.029,16.731,0.155,,,,,,,,,,,,,,,,,,,,,,,,,,,,,,,
8051,8051,8051,212184940,08 41 32.898,+23 52 14.53,1,11.299,,1942-1641-1,570-044779,08413289+2352143,,STAR,gri,rpm,-13.3,1.4,-11,1.4,,,11.643,0.084,11.12,0.086,,,11.397,0.01,11.058,0.04,11.256,0.59,,,10.176,0.019,9.92,0.016,9.855,0.017,6262,127,127,4.129,0.195,0.234,-0.097,0.15,0.24,1.508,0.642,0.337,1.222,0.227,0.162,0.296,0.288,0.165,325.1,141.4,73.91,0.029,0.007,0.006,,,
8052,8052,8052,212184947,08 40 28.221,+23 52 15.50,1,16.882,,,,08402822+2352154,4508-301-4-0119-0324,EXTENDED,gri,,-1,3,0,3,,,,,,,19.724,0.05,17.812,0.006,16.89,0.005,16.483,0.004,16.137,0.009,15.407,0.059,14.635,0.072,14.225,0.075,,,,,,,,,,,,,,,,,,,,,,,,,,,
8053,8053,8053,212184948,08 51 34.669,+23 52 15.54,1,16.939,,,,08513466+2352155,,STAR,J,col,,,,,,,,,,,,,,,,,,,,,15.481,0.048,14.848,0.064,14.38,0.059,3559,224,269,5.046,0.114,0.095,-0.067,0.15,0.24,0.24,0.091,0.077,0.235,0.12,0.085,16.3,14.9,6.81,265.9,137.5,104.6,0.028,0.008,0.008,,,
8054,8054,8054,212184966,08 44 48.572,+23 52 17.21,1,14.092,,,570-044905,08444857+2352172,4517-301-2-0134-0015,STAR,gri,rpm,-27.8,4.7,-14.2,5.1,,,15.397,0.03,14.304,0.03,,,14.878,0.01,13.851,0.01,13.755,0.5,,,12.286,0.022,11.717,0.021,11.606,0.02,4548,54,73,4.665,0.035,0.035,-0.058,0.18,0.15,0.646,0.04,0.052,0.714,0.036,0.055,2.605,0.427,0.31,250.1,16.66,24.52,0.028,0.005,0.008,,,
8055,8055,8055,212184979,08 50 27.498,+23 52 19.02,1,17.852,,,,08502749+2352190,,STAR,J,col,,,,,,,,,,,,,,,,,,,,,16.33,0.118,15.818,0.171,15.145,0.12,3695,537,298,4.989,0.12,0.192,-0.204,0.25,0.35,0.275,0.177,0.093,0.294,0.237,0.132,10.9,10.85,6.758,520.6,487,220.3,0.031,0.01,0.007,,,
8056,8056,8056,212184982,08 38 29.271,+23 52 19.48,1,12.732,,,570-044675,08382927+2352193,,STAR,gri,rpm,-21.2,3.7,-12.9,2.2,,,13.419,0.04,12.719,0.04,,,13.022,0.01,12.493,0.05,12.608,0.57,,,11.357,0.019,11.014,0.018,10.911,0.018,5685,137,137,4.454,0.05,0.44,-0.055,0.12,0.21,0.97,0.715,0.101,0.967,0.122,0.068,1.023,0.28,0.806,331,243.4,40.71,0.034,0.006,0.01,,,
8057,8057,8057,212184988,08 44 26.473,+23 52 20.05,1,14.394,,,570-044893,08442646+2352201,4508-301-3-0125-0064,STAR,gri,rpm,18,4.5,-32.5,5,,,16.442,0.11,14.964,0.03,,,15.764,0.02,14.338,0.02,13.806,0.55,,,11.929,0.023,11.217,0.021,11.029,0.02,3762,133,111,4.963,0.07,0.07,-0.158,0.15,0.18,0.302,0.085,0.057,0.334,0.089,0.089,10.78,4.804,3.853,80.62,23.48,21.29,0.013,0.004,0.002,,,
8058,8058,8058,212185003,08 59 18.955,+23 52 21.07,1,12.344,,1950-1044-1,570-045415,08591895+2352208,,STAR,gri,lam,-0.8,4.2,-4.9,4.2,,,12.966,0.493,11.743,0.226,,,12.794,0.01,12.328,0.03,12.152,0.04,,,11.296,0.022,10.953,0.023,10.979,0.02,5807,174,139,4.435,0.035,0.056,0.039,0.12,0.08,1.018,0.089,0.059,1.054,0.044,0.052,0.957,0.142,0.168,340.3,43.11,27.79,0.032,0.01,0.007,,,
8059,8059,8059,212185011,08 59 14.916,+23 52 21.98,1,14.542,,,570-045409,08591491+2352220,4576-301-3-0150-0043,STAR,gri,rpm,5.3,4.5,-5.8,4.9,,,14.783,0.12,14.573,0.1,,,14.577,0.11,14.53,0.07,14.574,0.04,,,14.061,0.026,13.804,0.026,13.767,0.036,6318,160,160,4.225,0.114,0.133,-0.678,0.4,0.56,1.208,0.218,0.156,0.907,0.198,0.083,0.495,0.212,0.195,1588,235.3,242.6,0.033,0.008,0.007,,,
8060,8060,8060,212185015,08 42 09.140,+23 52 22.09,1,11.36,,1942-1369-1,570-044795,08420914+2352220,,STAR,gri,rpm,-14.8,1.5,-16.7,1.6,,,12.045,0.158,11.405,0.113,,,11.724,0.01,11.134,0.03,11.203,0.59,,,9.869,0.022,9.427,0.021,9.335,0.018,5243,83,83,2.504,1.196,0.078,-0.929,0.4,0.25,8.634,0.938,6.239,0.9,0.079,0.026,0.001,0.074,3.53E-04,1230,98.94,859.3,0.032,0.01,0.008,,,
8061,8061,8061,212185079,08 57 36.689,+23 52 29.50,1,14.897,,,570-045354,08573669+2352294,4569-301-3-0155-0066,STAR,JHK,rpm,-8.6,4.4,-2.3,4.7,,,,,,,,,,,,,,,,,13.409,0.024,12.912,0.024,12.809,0.03,4992,119,119,4.579,0.05,1.29,-0.235,0.25,0.45,0.761,2.886,0.069,0.814,0.127,0.07,1.778,0.384,1.759,566.2,2119,63.89,0.034,0.01,0.007,,,
8062,8062,8062,212185124,08 40 58.555,+23 52 33.62,1,12.69,,,570-044758,,,STAR,gri,,-39.5,3.9,-10,4.4,,,13.197,0.01,12.629,0.04,,,12.848,0.01,12.453,0.03,12.622,0.58,,,,,,,,,,,,,,,,,,,,,,,,,,,,,,,,,,,
8063,8063,8063,212185126,08 53 05.694,+23 52 33.65,1,11.39,,1943-1924-1,570-045214,08530571+2352338,,STAR,gri,lam,-4.1,2.2,-10,2.2,,,12.784,0.43,11.35,0.141,,,12.268,0.05,11.365,0.04,11.013,0.02,,,9.783,0.023,9.247,0.022,9.087,0.018,4628,92,73,2.588,0.189,0.135,-0.063,0.1,0.12,9.039,1.878,1.555,1.268,0.216,0.135,0.001,0.001,6.13E-04,1129,256,176.8,0.034,0.008,0.007,,,
8064,8064,8064,212185136,08 41 41.133,+23 52 34.50,1,18.273,,,,08414113+2352345,4517-301-3-0130-0317,STAR,gri,rpm,-32,4,-65,4,,,,,,,22.779,0.365,20.348,0.022,18.92,0.011,17.384,0.006,16.548,0.009,15.12,0.04,14.397,0.049,14.352,0.066,3652,113,113,5.049,0.042,0.035,-0.27,0.2,0.28,0.238,0.029,0.03,0.234,0.032,0.032,17.21,3.672,3.026,248.7,34.48,34.96,0.026,0.009,0.005,,,
8065,8065,8065,212185160,08 53 17.266,+23 52 36.76,1,18.813,,,,08531726+2352367,4569-301-4-0149-0279,STAR,gri,,-16,4,-141,4,,,,,,,23.487,0.644,20.611,0.025,18.993,0.011,18.042,0.008,17.517,0.016,16.009,0.109,,,,,,,,,,,,,,,,,,,,,,,,,,,,,,,
8066,8066,8066,212185180,08 39 37.370,+23 52 38.15,1,14.861,,,570-044715,08393737+2352380,4508-301-4-0118-0111,STAR,gri,rpm,-24.5,4.5,-46.6,5,,,16.162,0.06,15.037,0.1,,,15.63,0.03,14.599,0.07,14.531,0.54,,,12.99,0.023,12.504,0.026,12.31,0.023,4464,213,213,4.827,0.095,0.19,-0.852,0.65,0.25,0.43,0.224,0.081,0.506,0.205,0.093,5.209,2.767,2.987,228,127.8,62.08,0.023,0.012,0.006,,,
8067,8067,8067,212185184,08 40 20.025,+23 52 38.35,1,16.553,,,,08402002+2352383,4508-301-4-0119-0264,EXTENDED,gri,,4,1,4,1,,,,,,,19.306,0.044,17.469,0.006,16.565,0.004,16.16,0.004,15.846,0.009,15.226,0.058,14.472,0.07,14.248,0.083,,,,,,,,,,,,,,,,,,,,,,,,,,,
8068,8068,8068,212185225,08 42 35.209,+23 52 41.71,1,14.687,,,570-044821,08423521+2352417,,STAR,gri,rpm,7.3,4.5,-11.6,5.1,,,15.845,0.04,14.974,0.02,,,15.339,0.02,14.649,0.02,14.407,0.1,,,13.292,0.022,12.799,0.018,12.726,0.023,5098,81,81,4.559,0.05,1.19,-0.432,0.3,0.25,0.791,2.475,0.11,0.836,0.104,0.104,1.692,0.438,1.664,566.5,1612,78.75,0.033,0.01,0.008,,,
8069,8069,8069,212185237,08 51 15.361,+23 52 43.08,1,16.998,,,,08511536+2352430,4508-301-1-0134-0113,EXTENDED,gri,,-2,3,4,3,,,,,,,19.996,0.097,18.082,0.011,17.08,0.007,16.534,0.006,16.16,0.013,15.689,0.075,15.054,0.079,14.544,0.091,,,,,,,,,,,,,,,,,,,,,,,,,,,
8070,8070,8070,212185254,08 43 49.881,+23 52 44.36,1,18.296,,,,,4508-301-3-0124-0524,EXTENDED,gri,,15,5,-20,5,,,,,,,20.566,0.259,18.762,0.025,18.381,0.027,18.096,0.03,18.112,0.105,,,,,,,,,,,,,,,,,,,,,,,,,,,,,,,,,
8071,8071,8071,212185255,08 38 46.228,+23 52 44.41,1,12.889,,,570-044687,08384622+2352444,,STAR,gri,rpm,13.5,1.8,-39.7,2.2,,,13.498,0.03,12.837,0.05,,,13.111,0.01,12.619,0.05,12.794,0.63,,,11.524,0.023,11.176,0.021,11.129,0.018,5758,113,113,4.447,0.055,0.132,-0.231,0.2,0.28,0.945,0.196,0.101,0.923,0.083,0.083,1.046,0.277,0.417,350.9,91.68,42.46,0.031,0.01,0.008,,,
8072,8072,8072,212185303,08 38 27.532,+23 52 49.00,1,12.756,,,570-044673,08382752+2352488,,STAR,gri,rpm,-4.9,1.8,2,1.9,,,13.266,0.05,12.819,0.04,,,12.98,0.01,12.681,0.05,12.89,0.57,,,11.857,0.019,11.64,0.018,11.601,0.019,6438,156,130,4.211,0.09,0.198,-0.085,0.12,0.21,1.416,0.461,0.205,1.243,0.157,0.131,0.404,0.173,0.206,689.7,208.7,118.7,0.031,0.009,0.004,,,
8073,8073,8073,212185354,08 40 25.328,+23 52 52.95,1,18.333,,,,08402532+2352529,,STAR,JHK,col,,,,,,,,,,,,,,,,,,,,,15.549,0.074,14.73,0.088,14.398,0.083,4004,297,356,4.843,0.161,0.115,-0.172,0.2,0.28,0.415,0.112,0.145,0.472,0.122,0.195,6.027,7.281,2.353,600.1,247.6,254.8,0.032,0.01,0.007,,,
8074,8074,8074,212185400,08 59 49.626,+23 52 57.17,1,16.585,,,570-045432,08594960+2352573,4576-301-3-0151-0083,STAR,JHK,rpm,141,8,-76,8,,,,,,,,,,,,,,,,,14.973,0.033,14.485,0.048,14.319,0.057,3179,985,378,5.183,0.055,0.143,-0.368,0.35,1.12,0.155,0.109,0.034,0.132,0.14,0.035,34.89,13.83,20.25,105.4,185.5,30.26,0.017,0.011,0.005,,,
8075,8075,8075,212185413,08 59 54.847,+23 52 59.01,1,17.257,,,,08595484+2352590,4576-301-3-0151-0104,EXTENDED,gri,,2,4,-5,4,,,,,,,20,0.101,18.219,0.01,17.27,0.008,16.845,0.008,16.516,0.021,16.39,0.136,15.577,0.147,15.207,0.171,,,,,,,,,,,,,,,,,,,,,,,,,,,
8076,8076,8076,212185415,08 44 20.226,+23 52 59.18,1,12.672,,,570-044890,08442022+2352592,,STAR,gri,rpm,-12.9,2.8,-7.6,4.7,,,13.175,0.01,12.631,0.01,,,12.841,0.01,12.492,0.01,12.6,0.52,,,11.568,0.023,11.271,0.019,11.208,0.02,6150,122,73,4.203,0.145,0.203,-0.333,0.25,0.25,1.288,0.397,0.199,1.042,0.149,0.124,0.413,0.297,0.198,523.4,143.1,97.96,0.031,0.008,0.006,,,
8077,8077,8077,212185432,08 47 47.509,+23 53 01.26,1,17.181,,,,08474750+2353012,,STAR,JHK,col,,,,,,,,,,,,,,,,,,,,,15.572,0.12,15.127,0.167,14.919,0.173,4345,1230,683,4.747,0.264,0.264,-0.335,0.3,0.48,0.535,0.271,0.258,0.594,0.21,0.294,3.529,9.283,2.36,825.3,859.7,474.9,0.032,0.01,0.007,,,
8078,8078,8078,212185433,08 41 48.227,+23 53 01.32,1,14.048,,,570-044783,08414822+2353012,,STAR,gri,rpm,-16.1,5.2,27,5.8,,,15.069,0.01,14.157,0.04,,,14.586,0.02,13.79,0.03,13.818,0.61,,,12.377,0.023,11.846,0.022,11.767,0.02,4921,76,96,4.614,0.049,0.035,-0.194,0.2,0.32,0.712,0.049,0.078,0.758,0.066,0.093,2.104,0.533,0.313,315.9,32.07,40,0.03,0.006,0.007,,,
8079,8079,8079,212185451,08 40 25.091,+23 53 02.84,1,15.975,,,,08402509+2353028,4508-301-4-0119-0284,EXTENDED,gri,,6,1,2,6,,,,,,,18.969,0.032,16.928,0.004,15.999,0.003,15.566,0.003,15.221,0.006,14.495,0.046,13.751,0.053,13.346,0.054,,,,,,,,,,,,,,,,,,,,,,,,,,,
8080,8080,8080,212185464,08 45 05.522,+23 53 04.14,1,14.41,,,570-044916,08450552+2353041,,STAR,gri,rpm,-0.8,4.6,-2.8,5.1,,,15.368,0.05,14.475,0.02,,,14.883,0.01,14.205,0.03,14.207,0.49,,,12.866,0.023,12.358,0.022,12.252,0.023,5088,61,102,3.46,0.288,0.384,-0.558,0.2,0.32,3.01,1.407,0.721,0.949,0.113,0.097,0.032,0.042,0.024,1726,881.8,392.4,0.034,0.011,0.008,,,
8081,8081,8081,212185493,09 00 25.912,+23 53 07.24,1,12.626,,,570-045444,09002588+2353070,,STAR,gri,rpm,17,2.1,-46.2,2.3,,,13.788,0.044,12.996,0.032,,,13.318,0.032,12.63,0.041,12.329,0.061,,,11.267,0.03,10.749,0.034,10.649,0.022,5104,82,205,4.587,0.048,0.032,-0.231,0.16,0.2,0.743,0.059,0.075,0.78,0.077,0.077,1.891,0.404,0.281,218.1,22.7,28.23,0.025,0.01,0.004,,,
8082,8082,8082,212185524,08 55 26.845,+23 53 10.17,1,9.789,,1943-1742-1,570-045292,08552684+2353101,,STAR,gri,rpm,11.5,1.8,-14.8,1.8,,,11.073,0.075,10.036,0.04,,,10.595,0.01,9.795,0.02,9.444,0.01,,,8.351,0.029,7.848,0.021,7.748,0.016,4797,76,76,2.365,0.285,0.513,-0.515,0.25,0.55,10.779,6.622,2.788,1.02,0.215,0.135,7.60E-04,0.001,6.21E-04,716.9,428.2,164.2,0.034,0.01,0.007,,,
8083,8083,8083,212185599,08 40 16.644,+23 53 17.79,1,17.35,,,,,4508-301-4-0119-0061,EXTENDED,gri,,-8,3,11,3,,,,,,,19.129,0.061,17.86,0.008,17.43,0.009,17.132,0.009,17.036,0.028,,,,,,,,,,,,,,,,,,,,,,,,,,,,,,,,,
8084,8084,8084,212185637,08 38 29.664,+23 53 21.17,1,12.232,,,570-044677,08382966+2353211,,STAR,gri,rpm,-12.9,1.7,-8.7,1.1,,,12.681,0.04,12.154,0.05,,,12.362,0.01,11.992,0.05,12.176,0.56,,,11.077,0.019,10.822,0.018,10.758,0.019,6179,147,147,4.235,0.114,0.228,-0.112,0.16,0.24,1.322,0.483,0.177,1.153,0.156,0.13,0.471,0.232,0.273,423.1,158,57.63,0.031,0.01,0.008,,,
8085,8085,8085,212185652,08 39 25.937,+23 53 22.51,1,11.996,,1942-2013-1,570-044712,08392594+2353223,,STAR,gri,rpm,-0.3,2.2,0.3,2.4,,,12.756,0.282,12.575,0.274,,,12.136,0.01,11.744,0.04,11.936,0.59,,,10.81,0.023,10.549,0.023,10.47,0.02,6140,146,109,4.049,0.215,0.258,-0.095,0.2,0.16,1.525,0.699,0.339,1.177,0.265,0.12,0.267,0.291,0.157,449.2,224.4,100.5,0.034,0.013,0.009,,,
8086,8086,8086,212185667,08 54 20.085,+23 53 23.87,1,13.119,,,570-045260,08542007+2353238,,STAR,gri,rpm,2,1.9,-4,2.3,,,14.39,0.04,13.399,0.04,,,13.897,0.05,13.076,0.04,12.785,0.01,,,11.631,0.023,11.125,0.023,11.02,0.02,4861,78,78,3.068,0.355,0.71,-0.308,0.25,0.35,5.08,4.889,1.747,1.074,0.182,0.152,0.007,0.017,0.006,1573,1326,499.6,0.035,0.011,0.008,,,
8087,8087,8087,212185686,08 40 26.860,+23 53 25.48,1,17.087,,,,08402685+2353254,4508-301-4-0119-0096,EXTENDED,gri,,1,3,1,3,,,,,,,20.018,0.057,17.976,0.006,17.114,0.005,16.706,0.005,16.606,0.011,15.442,0.054,14.771,0.059,14.599,0.085,,,,,,,,,,,,,,,,,,,,,,,,,,,
8088,8088,8088,212185725,08 45 10.409,+23 53 29.58,1,12.885,,,570-044920,08451040+2353296,,STAR,gri,rpm,-12.2,1.9,-6.4,2.4,,,13.657,0.01,12.896,0.01,,,13.22,0.01,12.673,0.01,12.741,0.52,,,11.556,0.022,11.185,0.019,11.118,0.019,5571,87,87,4.433,0.078,0.689,-0.131,0.18,0.3,0.988,1.403,0.119,0.962,0.186,0.093,0.998,0.303,0.911,360.8,465.7,53.7,0.032,0.007,0.007,,,
8089,8089,8089,212185735,08 44 34.219,+23 53 30.41,1,11.89,,1942-1375-1,570-044898,08443421+2353306,,STAR,gri,rpm,-0.7,2.3,-13.8,2.4,,,12.751,0.369,11.759,0.21,,,12.492,0.01,11.717,0.01,11.632,0.51,,,10.226,0.022,9.636,0.02,9.542,0.017,4796,76,57,2.439,0.486,0.27,-0.686,0.3,0.25,9.282,3.181,3.49,0.92,0.15,0.028,9.95E-04,0.003,5.99E-04,1457,472.6,527.5,0.033,0.01,0.006,,,
8090,8090,8090,212185739,08 40 15.383,+23 53 30.81,1,12.426,,,570-044731,08401537+2353307,,STAR,gri,rpm,-5.7,1.1,-3.6,1.1,,,12.878,0.01,12.327,0.03,,,12.534,0.01,12.168,0.04,12.38,0.59,,,11.284,0.023,11.009,0.023,10.954,0.02,6189,121,121,4.119,0.216,0.216,-0.151,0.15,0.24,1.519,0.442,0.343,1.18,0.156,0.156,0.289,0.355,0.141,541.8,175.7,132.7,0.033,0.008,0.007,,,
8091,8091,8091,212185749,08 43 42.646,+23 53 32.09,1,19.361,,,,,4508-301-3-0124-0226,STAR,gri,,0,5,-2,5,,,,,,,19.805,0.033,19.404,0.012,19.346,0.013,19.365,0.015,19.284,0.044,,,,,,,,,,,,,,,,,,,,,,,,,,,,,,,,,
8092,8092,8092,212185755,08 46 53.537,+23 53 33.13,1,15.501,,,570-044983,08465351+2353330,4508-301-2-0128-0272,STAR,JHK,rpm,-5.5,4.7,-51.5,5,,,,,,,,,,,,,,,,,13.269,0.024,12.634,0.032,12.417,0.028,3825,233,194,4.913,0.084,0.07,-0.124,0.25,0.3,0.36,0.079,0.075,0.39,0.1,0.1,7.844,3.705,2.162,173.3,48.31,43.22,0.022,0.007,0.005,,,
8093,8093,8093,212185772,08 58 24.948,+23 53 34.22,1,12.504,,,570-045383,08582494+2353344,,STAR,gri,lam,-6.7,1.7,-2.5,1.7,,,13.18,0.03,12.661,0.07,,,12.867,0.02,12.481,0.03,12.349,0.02,,,11.565,0.021,11.326,0.021,11.257,0.02,6131,149,124,4.286,0.07,0.14,-0.068,0.1,0.12,1.24,0.224,0.122,1.122,0.08,0.08,0.538,0.163,0.204,507,90.6,66.65,0.033,0.008,0.007,,,
8094,8094,8094,212185788,08 40 28.166,+23 53 36.11,1,13.018,,,570-044740,08402816+2353360,,STAR,gri,rpm,-33.1,2.3,-11.5,2.5,,,13.957,0.02,13.09,0.04,,,13.491,0.01,12.761,0.03,12.816,0.58,,,11.449,0.019,10.95,0.021,10.888,0.019,5039,60,50,4.584,0.03,1.236,-0.231,0.2,0.36,0.759,2.585,0.047,0.818,0.111,0.056,1.849,0.25,1.825,229.4,768.3,12.93,0.026,0.009,0.009,,,
8095,8095,8095,212185790,08 52 28.229,+23 53 36.16,1,10.865,,1943-408-1,570-045189,08522822+2353361,,STAR,gri,lam,2.7,1.7,8.9,1.8,,,11.587,0.099,10.901,0.086,,,11.255,0.05,10.854,0.03,10.699,0.02,,,9.873,0.02,9.653,0.023,9.535,0.017,6062,145,121,4.348,0.075,0.12,-0.208,0.15,0.15,1.12,0.192,0.106,1.036,0.099,0.083,0.692,0.246,0.231,203.3,32.07,23.36,0.025,0.007,0.006,,,
8096,8096,8096,212185861,08 43 32.786,+23 53 43.52,1,12.925,,,570-044858,08433278+2353435,,STAR,gri,rpm,-2.3,2.5,-0.7,2.3,,,13.388,0.01,12.866,0.03,,,13.054,0.01,12.739,0.01,12.869,0.52,,,11.855,0.019,11.604,0.019,11.549,0.019,6313,101,76,4.131,0.165,0.198,-0.1,0.12,0.27,1.515,0.37,0.298,1.21,0.159,0.159,0.322,0.244,0.158,725,162.9,156.5,0.031,0.007,0.004,,,
8097,8097,8097,212185879,08 39 19.741,+23 53 44.79,1,10.218,,1942-2411-1,570-044708,08391971+2353439,,STAR,gri,,-20.3,1.9,-11.4,2,,,11.158,0.072,10.657,0.069,,,10.466,0.03,9.973,0.07,10.112,0.59,,,9.171,0.022,8.922,0.025,,,,,,,,,,,,,,,,,,,,,,,,,,,,,
8098,8098,8098,212185882,08 47 20.317,+23 53 45.04,1,13.025,,,570-045016,08472031+2353450,,STAR,gri,rpm,-1.3,2.2,-3.7,2.7,,,14.163,0.02,13.067,0.04,,,13.604,0.01,12.722,0.04,12.777,0.6,,,11.268,0.022,10.727,0.028,10.635,0.021,4751,76,76,2.78,0.414,0.414,-0.223,0.2,0.24,6.654,4.257,2.247,1.121,0.149,0.149,0.003,0.008,0.003,1712,879.4,581,0.036,0.013,0.008,,,
8099,8099,8099,212185924,08 56 52.000,+23 53 48.83,1,17.295,,,,08565199+2353488,,STAR,JHK,col,,,,,,,,,,,,,,,,,,,,,14.93,0.04,14.387,0.061,14.035,0.058,3568,277,230,5.014,0.1,0.1,-0.063,0.15,0.24,0.257,0.1,0.072,0.254,0.131,0.094,14.6,11.06,6.293,235.6,122.7,80.66,0.026,0.008,0.007,,,
8100,8100,8100,212185928,08 59 16.050,+23 53 48.92,1,15.815,,,570-045410,08591605+2353489,4576-301-3-0150-0053,STAR,gri,rpm,3.3,4.2,0.9,4.5,,,17.007,0.01,16.08,0.11,,,16.426,0.02,15.827,0.09,15.553,0.11,,,14.368,0.027,13.957,0.029,13.859,0.037,5368,161,161,4.545,0.045,0.117,-0.271,0.24,0.36,0.799,0.148,0.072,0.845,0.069,0.082,1.546,0.313,0.657,1003,251.5,117.2,0.034,0.01,0.007,,,
8101,8101,8101,212185934,08 50 35.824,+23 53 49.39,1,12.591,,1943-1317-1,570-045122,08503584+2353493,,STAR,gri,rpm,-6,2.2,5,2.4,,,13.171,0.368,12.24,0.207,,,12.799,0.05,12.522,0.03,12.423,0.02,,,11.677,0.021,11.519,0.023,11.445,0.018,6556,133,160,4.136,0.11,0.154,-0.078,0.12,0.15,1.567,0.377,0.258,1.333,0.15,0.125,0.297,0.158,0.134,712,181.1,122.5,0.034,0.008,0.007,,,
8102,8102,8102,212186019,08 40 24.471,+23 53 57.99,1,18.619,,,,,4508-301-4-0119-0328,EXTENDED,gri,,-11,3,-3,3,,,,,,,18.962,0.028,18.26,0.008,18.738,0.013,19.003,0.019,19.111,0.077,,,,,,,,,,,,,,,,,,,,,,,,,,,,,,,,,
8103,8103,8103,212186028,08 44 43.664,+23 53 58.61,1,15.463,,,570-044902,08444366+2353586,4508-301-3-0125-0147,STAR,gri,rpm,2,4.3,-6.5,5.2,,,16.495,0.06,15.818,0.05,,,16.072,0.02,15.554,0.04,15.202,0.08,,,14.319,0.029,13.914,0.033,13.815,0.05,5523,161,161,4.505,0.072,0.828,-0.501,0.3,0.54,0.851,1.393,0.118,0.833,0.079,0.079,1.355,0.411,1.273,1089,1706,181.6,0.034,0.01,0.007,,,
8104,8104,8104,212186102,08 47 08.533,+23 54 05.42,1,11.268,,1943-1662-1,570-044998,08470854+2354052,,STAR,gri,rpm,-9.1,1.9,5.2,2,,,12.176,0.207,11.278,0.109,,,11.668,0.01,10.983,0.04,11.097,0.6,,,9.78,0.022,9.358,0.016,9.239,0.018,5146,103,103,3.012,0.696,0.696,-0.59,0.5,0.25,4.478,5.909,2.301,0.963,0.336,0.07,0.008,0.077,0.008,663.5,620.7,320.7,0.032,0.009,0.009,,,
8105,8105,8105,212186155,08 46 41.287,+23 54 11.04,1,11.209,,1943-750-1,570-044973,08464127+2354111,,STAR,gri,rpm,-4.1,2,4,2.1,,,12.417,0.303,11.162,0.107,,,11.756,0.01,10.941,0.03,10.975,0.6,,,9.466,0.018,8.927,0.016,8.807,0.018,4809,57,57,2.435,0.42,0.09,-0.307,0.15,0.18,10.896,0.683,3.848,1.164,0.235,0.147,9.15E-04,0.003,1.91E-04,1171,94.16,375.5,0.033,0.008,0.007,,,
8106,8106,8106,212186165,08 43 07.200,+23 54 11.88,1,16.787,,,,08430719+2354118,4508-301-3-0123-0238,EXTENDED,gri,,4,3,1,3,,,,,,,18.936,0.034,17.589,0.006,16.857,0.005,16.443,0.005,16.169,0.011,15.596,0.059,15.102,0.079,14.446,0.071,,,,,,,,,,,,,,,,,,,,,,,,,,,
8107,8107,8107,212186186,08 58 38.069,+23 54 14.49,1,19.311,,,,,4569-301-3-0157-0030,STAR,gri,,2,4,8,4,,,,,,,20.31,0.05,19.408,0.012,19.279,0.014,19.254,0.017,18.985,0.05,,,,,,,,,,,,,,,,,,,,,,,,,,,,,,,,,
8108,8108,8108,212186196,08 51 02.616,+23 54 15.00,1,17.65,,,,08510261+2354150,4508-301-1-0134-0171,EXTENDED,gri,,-2,3,4,3,,,,,,,21.475,0.224,19.142,0.017,17.621,0.007,17.011,0.006,16.638,0.013,16.092,0.09,15.173,0.1,14.351,0.086,,,,,,,,,,,,,,,,,,,,,,,,,,,
8109,8109,8109,212186220,08 40 13.553,+23 54 17.17,1,18.435,,,,08401355+2354171,4508-301-4-0119-0258,EXTENDED,gri,,14,10,4,1,,,,,,,21.781,0.196,19.582,0.015,18.419,0.009,17.944,0.008,17.583,0.019,16.497,0.121,15.543,0.139,15.279,0.171,,,,,,,,,,,,,,,,,,,,,,,,,,,
8110,8110,8110,212186270,08 54 34.821,+23 54 21.20,1,12.156,,1943-1053-1,570-045268,08543482+2354211,,STAR,gri,lam,-18.5,2,-17.5,2.1,,,12.784,0.357,11.734,0.201,,,12.635,0.06,12.12,0.04,11.95,0.02,,,11.106,0.022,10.8,0.021,10.72,0.018,5813,139,174,4.433,0.05,0.06,0.009,0.1,0.1,1.023,0.091,0.084,1.038,0.062,0.074,0.931,0.246,0.195,313.1,36.59,38.89,0.028,0.009,0.005,,,
8111,8111,8111,212186289,08 55 08.216,+23 54 22.98,1,18.092,,,,08550821+2354229,4576-301-4-0144-0234,EXTENDED,gri,,-1,3,0,3,,,,,,,21.121,0.157,19.137,0.013,18.064,0.009,17.644,0.009,17.323,0.024,16.537,0.123,15.6,0.127,15.245,0.127,,,,,,,,,,,,,,,,,,,,,,,,,,,
8112,8112,8112,212186294,08 40 29.503,+23 54 23.56,1,13.997,,,570-044743,08402950+2354235,,STAR,gri,rpm,-5.7,2.7,0.1,3,,,14.79,0.02,14.011,0.05,,,14.348,0.01,13.732,0.03,13.847,0.64,,,12.455,0.019,12.016,0.023,11.938,0.021,5259,106,106,3.493,0.78,0.975,-0.74,0.6,0.25,2.742,6.193,1.901,0.904,0.157,0.036,0.028,0.872,0.028,1270,2574,850.2,0.033,0.007,0.006,,,
8113,8113,8113,212186319,08 44 28.660,+23 54 26.96,1,17.227,,,,08442865+2354269,,STAR,J,col,,,,,,,,,,,,,,,,,,,,,15.75,0.07,14.742,0.068,14.21,0.06,2002,46,20,5.365,0.02,0.042,-0.164,0.2,0.4,0.094,0.002,0.002,0.074,0.001,0.001,89.12,5.347,8.772,42.59,5.131,1.465,0.006,0.003,0.001,,,
8114,8114,8114,212186337,08 45 13.583,+23 54 28.71,1,17.122,,,,08451358+2354287,4517-301-2-0134-0273,EXTENDED,gri,,-4,3,-5,3,,,,,,,19.879,0.089,18.11,0.01,17.152,0.006,16.699,0.006,16.284,0.012,15.882,0.081,15.096,0.084,14.475,0.091,,,,,,,,,,,,,,,,,,,,,,,,,,,
8115,8115,8115,212186365,08 42 26.056,+23 54 31.16,1,12.972,,,570-044812,08422606+2354311,,STAR,gri,rpm,-5.9,1.9,-5.5,3.9,,,13.621,0.01,12.948,0.03,,,13.225,0.01,12.73,0.02,12.864,0.57,,,11.676,0.02,11.34,0.016,11.249,0.02,5810,91,114,4.332,0.125,0.425,-0.05,0.15,0.18,1.128,0.805,0.185,1.048,0.143,0.079,0.647,0.478,0.499,459.6,292,100.2,0.033,0.007,0.007,,,
8116,8116,8116,212186409,08 44 19.276,+23 54 36.05,1,11.036,,1942-2243-1,570-044889,08441927+2354361,,STAR,gri,rpm,-2.6,2.1,-2.9,2.2,,,12.33,0.239,11.734,0.196,,,11.855,0.01,10.842,0.01,10.685,0.52,,,9.117,0.02,8.433,0.016,8.322,0.023,4397,70,52,1.762,0.335,0.402,-0.432,0.25,0.4,21.064,10.817,6.152,1.044,0.219,0.137,9.28E-05,1.84E-04,6.79E-05,1741,843.8,488.5,0.033,0.008,0.007,,,
8117,8117,8117,212186435,08 57 18.275,+23 54 38.46,1,12.266,,,570-045350,08571827+2354381,,STAR,gri,rpm,-17.7,2,-19.1,2.4,,,13.224,0.03,12.487,0.07,,,12.818,0.02,12.224,0.02,12.029,0.01,,,11.109,0.022,10.759,0.021,10.693,0.018,5490,88,88,4.487,0.055,0.682,-0.046,0.15,0.24,0.915,1.242,0.098,0.971,0.137,0.098,1.201,0.329,1.094,265.4,363.1,27.77,0.029,0.008,0.006,,,
8118,8118,8118,212186457,09 00 20.378,+23 54 40.06,1,14.509,,,570-045441,09002034+2354398,4576-301-3-0152-0003,STAR,gri,rpm,-13.9,4.4,-5.4,4.8,,,15.377,0.02,14.742,0.042,,,14.974,0.04,14.438,0.049,14.31,0.077,,,13.373,0.03,12.93,0.04,12.814,0.03,5437,191,127,4.524,0.055,0.682,-0.335,0.25,0.4,0.832,1.085,0.089,0.855,0.079,0.079,1.416,0.387,1.29,677.5,868.9,92.84,0.033,0.008,0.007,,,
8119,8119,8119,212186476,08 58 22.813,+23 54 41.39,1,12.879,,,570-045381,08582281+2354415,,STAR,gri,lam,-11.4,2.1,-4.1,2.7,,,13.558,0.02,13.044,0.07,,,13.246,0.02,12.855,0.04,12.722,0.02,,,11.875,0.02,11.579,0.021,11.574,0.022,6132,123,123,4.112,0.144,0.12,-0.325,0.15,0.15,1.462,0.264,0.223,1.062,0.112,0.093,0.315,0.184,0.116,674.7,114.4,115.6,0.032,0.01,0.008,,,
8120,8120,8120,212186496,08 39 35.485,+23 54 42.89,1,16.92,,,,08393548+2354428,4508-301-4-0118-0305,STAR,gri,rpm,-65,3,-37,3,,,,,,,21.59,0.117,18.923,0.009,17.508,0.006,16.062,0.005,15.28,0.006,13.883,0.024,13.269,0.026,12.883,0.025,3510,70,56,5.046,0.035,0.042,0.003,0.12,0.15,0.237,0.028,0.025,0.227,0.041,0.029,16.56,3.58,2.944,129.5,27.21,19.03,0.019,0.007,0.006,,,
8121,8121,8121,212186531,08 54 05.823,+23 54 46.07,1,18.845,,,,,4569-301-4-0150-0202,STAR,gri,,-15,4,2,4,,,,,,,19.08,0.025,18.67,0.008,18.903,0.011,19.121,0.016,19.458,0.072,,,,,,,,,,,,,,,,,,,,,,,,,,,,,,,,,
8122,8122,8122,212186557,08 38 42.404,+23 54 48.17,1,17.263,,,,08384240+2354481,4517-301-4-0126-0142,EXTENDED,gri,,5,3,2,3,,,,,,,18.809,0.032,17.966,0.007,17.375,0.006,16.961,0.006,16.739,0.016,16.009,0.087,15.466,0.142,14.72,0.109,,,,,,,,,,,,,,,,,,,,,,,,,,,
8123,8123,8123,212186573,08 48 25.593,+23 54 50.06,1,12.874,,,570-045057,08482558+2354500,,STAR,gri,rpm,-10.1,2.1,-0.6,1.9,,,13.374,0.04,12.848,0.05,,,13.069,0.03,12.711,0.03,12.791,0.46,,,11.789,0.024,11.546,0.03,11.501,0.023,6221,150,150,4.205,0.13,0.182,-0.099,0.15,0.24,1.401,0.313,0.256,1.178,0.124,0.149,0.409,0.225,0.187,621.7,145.3,99.81,0.032,0.007,0.005,,,
8124,8124,8124,212186579,08 59 45.554,+23 54 50.46,1,12.825,,,570-045431,08594555+2354505,,STAR,gri,rpm,-1.4,2.6,-3.9,3.1,,,14.095,0.04,13.141,0.06,,,13.589,0.02,12.795,0.02,12.498,0.03,,,11.314,0.021,10.803,0.022,10.703,0.02,4845,76,57,2.726,0.522,0.435,-0.423,0.2,0.32,6.519,4.999,2.829,1.036,0.204,0.127,0.003,0.013,0.002,1706,1218,710.8,0.033,0.01,0.007,,,
8125,8125,8125,212186587,08 57 59.340,+23 54 50.99,1,19.281,,,,,4569-301-3-0156-0139,STAR,gri,,3,4,0,4,,,,,,,19.67,0.032,19.386,0.012,19.246,0.013,19.117,0.016,19.118,0.053,,,,,,,,,,,,,,,,,,,,,,,,,,,,,,,,,
8126,8126,8126,212186651,08 55 30.965,+23 54 57.42,1,18.783,,,,08553096+2354574,,STAR,JHK,col,,,,,,,,,,,,,,,,,,,,,15.995,0.085,15.105,0.117,14.843,0.103,4061,296,356,4.846,0.154,0.11,-0.208,0.2,0.28,0.429,0.115,0.149,0.481,0.117,0.188,5.459,6.594,2.131,752.9,313,321.2,0.032,0.01,0.007,,,
8127,8127,8127,212186740,08 53 35.514,+23 55 03.95,1,14.074,,,570-045232,08533550+2355040,,STAR,gri,rpm,1.6,3.2,-7.4,3.5,,,15.153,0.05,14.294,0.06,,,14.723,0.05,14.016,0.02,13.795,0.03,,,12.801,0.023,12.348,0.024,12.252,0.026,5105,102,102,3.678,0.9,0.5,-0.341,0.3,0.36,2.142,1.738,1.421,0.9,0.191,0.095,0.073,1.799,0.062,1237,778.4,814.3,0.033,0.007,0.006,,,
8128,8128,8128,212186797,08 52 08.764,+23 55 08.81,1,17.355,,,,08520876+2355088,4508-301-1-0135-0242,EXTENDED,gri,,3,3,-2,3,,,,,,,20.051,0.069,18.255,0.01,17.423,0.007,16.97,0.006,16.654,0.014,15.984,0.089,15.288,0.116,14.804,0.103,,,,,,,,,,,,,,,,,,,,,,,,,,,
8129,8129,8129,212186817,08 52 52.403,+23 55 10.34,1,14.577,,,570-045202,08525239+2355104,,STAR,gri,rpm,6.8,3.2,-6.4,3.4,,,15.464,0.04,14.78,0.05,,,15.097,0.04,14.564,0.05,14.354,0.03,,,13.41,0.025,12.988,0.024,12.901,0.023,5413,126,158,4.519,0.05,0.96,-0.385,0.25,0.55,0.837,1.622,0.082,0.863,0.064,0.089,1.398,0.395,1.347,694,1304,83.95,0.033,0.008,0.006,,,
8130,8130,8130,212186840,08 42 11.132,+23 55 11.87,1,11.466,,1942-1334-1,570-044798,08421111+2355116,,STAR,gri,rpm,-0.7,1.5,2.1,1.6,,,12.18,0.192,11.436,0.12,,,12.014,0.01,11.233,0.02,11.231,0.56,,,9.752,0.023,9.234,0.021,9.146,0.02,4874,58,58,2.43,0.588,0.072,-0.403,0.15,0.15,10.555,0.755,5.142,1.096,0.207,0.103,8.93E-04,0.005,1.57E-04,1303,116.5,587.5,0.033,0.01,0.007,,,
8131,8131,8131,212186946,08 40 16.603,+23 55 20.40,1,16.56,,,,08401660+2355203,4508-301-4-0119-0088,EXTENDED,gri,,,,,,,,,,,,19.532,0.055,17.501,0.006,16.604,0.005,16.157,0.004,15.869,0.009,15.277,0.05,14.575,0.057,14.221,0.069,,,,,,,,,,,,,,,,,,,,,,,,,,,
8132,8132,8132,212186989,08 40 36.165,+23 55 24.73,1,19.024,,,,,4508-301-4-0120-0207,STAR,gri,,-3,4,1,4,,,,,,,19.895,0.037,19.359,0.011,18.965,0.011,18.881,0.012,18.737,0.031,,,,,,,,,,,,,,,,,,,,,,,,,,,,,,,,,
8133,8133,8133,212186995,08 58 58.325,+23 55 25.31,1,19.092,,,,08585832+2355253,4569-301-3-0157-0332,STAR,gri,col,,,,,,,,,,,23.985,0.767,21.138,0.039,19.744,0.018,18.215,0.009,17.37,0.015,15.907,0.086,15.687,0.156,15.361,0.177,3102,31,31,5.17,0.02,0.02,0.082,0.1,0.08,0.157,0.003,0.003,0.133,0.003,0.003,34.46,2.067,2.067,184.2,25.55,25.9,0.02,0.007,0.005,,,
8134,8134,8134,212187010,08 44 56.994,+23 55 26.23,1,11.576,,1943-1753-1,570-044912,08445699+2355263,,STAR,gri,rpm,22.3,2,-24.2,2.1,,,12.104,0.185,11.638,0.17,,,11.937,0.01,11.379,0.01,11.421,0.51,,,10.241,0.022,9.888,0.023,9.82,0.018,5608,88,111,4.463,0.05,0.57,-0.062,0.2,0.2,0.955,0.966,0.086,0.981,0.095,0.079,1.081,0.249,0.939,192.6,193.1,21.73,0.025,0.008,0.007,,,
8135,8135,8135,212187020,08 47 23.440,+23 55 26.81,1,10.888,,1943-2312-1,570-045019,08472343+2355268,,STAR,gri,rpm,-11.5,1.7,-0.6,1.8,,,11.366,0.073,10.991,0.081,,,11.088,0.01,10.821,0.02,11.111,0.6,,,10.132,0.024,9.962,0.03,9.911,0.021,6632,134,134,4.074,0.16,0.256,-0.016,0.12,0.12,1.725,0.75,0.348,1.423,0.222,0.139,0.232,0.19,0.143,386.3,168,78.03,0.031,0.01,0.007,,,
8136,8136,8136,212187050,08 40 19.192,+23 55 29.38,1,18.502,,,,08401919+2355293,,STAR,JHK,rpm,4,1,4,2,,,,,,,,,,,,,,,,,15.785,0.074,15.029,0.078,14.655,0.094,4078,317,317,4.811,0.14,0.1,-0.145,0.2,0.24,0.46,0.106,0.13,0.516,0.109,0.152,4.905,4.144,1.738,745.5,260.1,255.2,0.033,0.01,0.007,,,
8137,8137,8137,212187072,08 56 19.188,+23 55 31.84,1,18.859,,,,,4576-301-4-0146-0296,STAR,gri,,1,3,2,3,,,,,,,19.335,0.028,18.9,0.009,18.845,0.012,18.787,0.013,18.721,0.046,,,,,,,,,,,,,,,,,,,,,,,,,,,,,,,,,
8138,8138,8138,212187102,08 56 04.619,+23 55 34.88,1,18.246,,,,,4576-301-4-0146-0250,EXTENDED,gri,,2,3,-5,3,,,,,,,19.479,0.057,18.439,0.009,18.182,0.011,17.919,0.012,17.876,0.05,,,,,,,,,,,,,,,,,,,,,,,,,,,,,,,,,
8139,8139,8139,212187163,08 55 49.997,+23 55 40.43,1,12.093,,,570-045307,08554999+2355405,,STAR,gri,rpm,-8.8,1.4,-20.2,2.5,,,13.375,0.03,12.36,0.031,,,12.892,0.02,12.048,0.01,11.751,0.01,,,10.633,0.023,10.135,0.021,10.002,0.017,4838,76,57,3.403,1.027,0.395,-0.027,0.25,0.25,3.614,1.881,2.755,1.094,0.252,0.252,0.02,0.956,0.016,697.9,394,515.7,0.03,0.008,0.006,,,
8140,8140,8140,212187216,08 45 06.126,+23 55 44.96,1,15.515,,,570-044917,08450613+2355447,,STAR,gri,rpm,0.1,4.3,-3.9,5,,,16.68,0.05,15.882,0.03,,,16.226,0.04,15.524,0.02,15.21,0.06,,,14.129,0.029,13.655,0.03,13.537,0.037,5069,119,99,4.581,0.045,1.224,-0.358,0.3,0.42,0.768,2.683,0.101,0.813,0.113,0.094,1.767,0.458,1.744,815.8,2772,116.6,0.033,0.01,0.006,,,
8141,8141,8141,212187225,08 42 21.937,+23 55 45.40,1,19.857,,,,,4517-301-3-0131-0533,EXTENDED,gri,,-28,5,5,5,,,,,,,21.327,0.28,20.031,0.04,19.799,0.046,19.546,0.053,19.611,0.203,,,,,,,,,,,,,,,,,,,,,,,,,,,,,,,,,
8142,8142,8142,212187246,08 42 05.624,+23 55 47.44,1,15.66,,,,08420562+2355474,4517-301-3-0130-0164,EXTENDED,gri,,14,4,11,4,,,,,,,17.995,0.032,16.444,0.005,15.722,0.004,15.324,0.004,15.081,0.009,15.468,0.067,14.842,0.082,14.512,0.099,,,,,,,,,,,,,,,,,,,,,,,,,,,
8143,8143,8143,212187292,08 47 15.583,+23 55 52.44,1,13.355,,,570-045006,08471557+2355524,,STAR,gri,rpm,-13.6,2.7,-17.4,3.1,,,14.679,0.03,13.555,0.04,,,14.148,0.01,13.097,0.03,13.016,0.56,,,11.453,0.022,10.867,0.018,10.725,0.018,4479,89,53,4.679,0.119,0.035,-0.013,0.09,0.69,0.636,0.037,0.151,0.709,0.034,0.163,2.693,1.818,0.401,160.9,17.81,33.85,0.021,0.002,0.007,,,
8144,8144,8144,212187313,08 38 41.240,+23 55 55.13,1,17.142,,,,08384123+2355551,,STAR,J,col,,,,,,,,,,,,,,,,,,,,,15.67,0.062,15.027,0.076,14.459,0.078,3571,265,265,5.038,0.105,0.105,-0.097,0.18,0.24,0.238,0.1,0.071,0.237,0.141,0.088,15.19,12.45,6.843,304.9,176.1,111.6,0.028,0.01,0.008,,,
8145,8145,8145,212187327,08 46 13.065,+23 55 57.26,1,18.178,,,,08461306+2355572,4518-301-2-0027-0160,EXTENDED,gri,,-4,3,-5,3,,,,,,,21.333,0.206,19.337,0.016,18.185,0.009,17.681,0.008,17.376,0.018,16.298,0.101,15.779,0.115,14.975,0.11,,,,,,,,,,,,,,,,,,,,,,,,,,,
8146,8146,8146,212187368,08 42 29.085,+23 56 00.54,1,18.628,,,,,4517-301-3-0131-0058,STAR,gri,,-2,3,0,3,,,,,,,18.975,0.022,18.754,0.009,18.586,0.009,18.609,0.011,18.038,0.021,,,,,,,,,,,,,,,,,,,,,,,,,,,,,,,,,
8147,8147,8147,212187370,08 59 33.456,+23 56 00.58,1,12.684,,,570-045426,08593346+2356006,,STAR,gri,lam,-4.6,2.6,-17.2,2.9,,,13.627,0.03,12.895,0.06,,,13.2,0.02,12.641,0.04,12.464,0.03,,,11.567,0.025,11.288,0.024,11.158,0.019,5806,140,175,4.098,0.165,0.165,0.17,0.15,0.09,1.553,0.352,0.35,1.153,0.134,0.134,0.275,0.243,0.129,592.8,150.1,140.6,0.029,0.011,0.005,,,
8148,8148,8148,212187420,08 52 25.274,+23 56 06.27,1,17.355,,,,08522527+2356062,4508-301-1-0135-0097,EXTENDED,gri,,,,,,,,,,,,19.735,0.051,18.274,0.009,17.437,0.006,16.961,0.006,16.656,0.012,15.976,0.105,15.055,0.123,14.663,0.09,,,,,,,,,,,,,,,,,,,,,,,,,,,
8149,8149,8149,212187436,08 57 00.273,+23 56 07.57,1,14.417,,,570-045343,08570027+2356076,4576-301-4-0147-0064,STAR,gri,rpm,-2.9,4.5,-3.8,4.9,,,15.553,0.03,14.71,0.1,,,15.103,0.02,14.368,0.02,14.122,0.04,,,13.062,0.024,12.62,0.021,12.514,0.019,5076,101,81,4.549,0.05,1.14,-0.216,0.2,0.28,0.814,2.606,0.087,0.863,0.195,0.089,1.553,0.358,1.526,532.2,1587,68.68,0.033,0.008,0.007,,,
8150,8150,8150,212187454,08 59 17.811,+23 56 09.06,1,16.331,,,570-045414,08591783+2356092,4569-301-3-0158-0129,EXTENDED,J,,4,7,8,3,,,,,,,,,,,,,,,,,14.917,0.056,14.245,0.074,13.852,0.068,,,,,,,,,,,,,,,,,,,,,,,,,,,
8151,8151,8151,212187458,08 52 24.899,+23 56 09.95,1,18.015,,,,08522489+2356099,4508-301-1-0135-0098,EXTENDED,gri,,,,,,,,,,,,21.364,0.157,19.08,0.013,17.998,0.008,17.559,0.008,17.191,0.015,16.435,0.147,15.515,0.192,15.263,0.157,,,,,,,,,,,,,,,,,,,,,,,,,,,
8152,8152,8152,212187487,08 52 56.664,+23 56 12.18,1,18.924,,,,,4576-301-5-0142-0169,STAR,gri,,1,3,-1,3,,,,,,,19.296,0.028,19.032,0.01,18.888,0.011,19.015,0.016,18.918,0.046,,,,,,,,,,,,,,,,,,,,,,,,,,,,,,,,,
8153,8153,8153,212187488,08 50 29.163,+23 56 12.20,1,14.052,,,570-045120,08502915+2356124,,STAR,gri,rpm,-3.9,3.2,-7.2,3.4,,,15.248,0.02,14.331,0.05,,,14.78,0.05,14.027,0.03,13.74,0.01,,,12.616,0.021,12.126,0.021,12.045,0.019,4962,79,79,3.634,0.924,0.924,-0.281,0.25,0.45,2.662,4.056,1.998,0.885,0.207,0.13,0.041,2.338,0.039,1178,1812,837.9,0.032,0.012,0.006,,,
8154,8154,8154,212187508,08 53 45.188,+23 56 14.36,1,14.274,,,570-045240,08534519+2356144,4569-301-4-0150-0067,STAR,gri,rpm,-7.5,3.2,-18.4,3.5,,,15.532,0.02,14.592,0.02,,,15.069,0.05,14.261,0.03,13.933,0.04,,,12.848,0.023,12.305,0.028,12.209,0.025,4847,77,97,4.62,0.03,0.025,-0.153,0.18,0.21,0.702,0.042,0.047,0.753,0.062,0.062,2.166,0.292,0.258,384.9,28.48,36.61,0.031,0.011,0.005,,,
8155,8155,8155,212187512,08 58 06.975,+23 56 14.65,1,19.417,,,,,4569-301-3-0156-0319,STAR,gri,,47,5,-135,5,,,,,,,23.893,0.698,20.936,0.034,19.464,0.015,18.766,0.013,18.382,0.03,,,,,,,,,,,,,,,,,,,,,,,,,,,,,,,,,
8156,8156,8156,212187516,08 54 46.602,+23 56 15.00,1,13.64,,,570-045271,08544661+2356151,,STAR,gri,col,,,,,,,15.441,0.04,14.178,0.04,,,14.905,0.05,13.625,0.04,13.097,0.03,,,11.743,0.022,11.072,0.023,10.92,0.019,4053,80,80,4.809,0.048,0.04,-0.068,0.15,0.18,0.467,0.045,0.049,0.533,0.053,0.053,4.867,1.204,0.819,123.8,18.35,18.92,0.019,0.006,0.006,,,
8157,8157,8157,212187521,08 56 05.319,+23 56 15.39,1,16.424,,,,08560531+2356153,4576-301-4-0146-0255,STAR,gri,rpm,-48,3,-19,3,,,,,,,20.88,0.081,18.359,0.007,16.963,0.005,15.595,0.005,14.846,0.005,13.446,0.023,12.894,0.024,12.602,0.022,3553,71,56,5.012,0.042,0.036,0.018,0.15,0.12,0.263,0.031,0.032,0.265,0.039,0.046,13.87,3.232,2.28,125.7,15.33,18.71,0.018,0.006,0.004,,,
8158,8158,8158,212187586,08 53 19.891,+23 56 20.87,1,16.791,,,,08531989+2356208,4569-301-4-0149-0252,EXTENDED,gri,,2,3,1,3,,,,,,,19.592,0.06,17.737,0.007,16.816,0.005,16.385,0.005,16.038,0.011,15.603,0.073,14.924,0.096,14.44,0.088,,,,,,,,,,,,,,,,,,,,,,,,,,,
8159,8159,8159,212187601,08 58 27.832,+23 56 23.14,1,17.137,,,,08582783+2356231,4569-301-3-0156-0222,STAR,gri,rpm,53,3,-69,3,,,,,,,20.932,0.076,18.349,0.007,17.121,0.005,16.617,0.005,16.342,0.009,15.152,0.045,14.597,0.061,14.475,0.083,4058,64,48,5.041,0.048,0.16,-0.92,0.48,0.3,0.252,0.141,0.03,0.266,0.176,0.039,15.32,3.79,8.509,325.3,139.7,65.11,0.032,0.004,0.009,,,
8160,8160,8160,212187690,08 54 15.611,+23 56 33.39,1,18.332,,,,08541561+2356333,4569-301-4-0151-0177,EXTENDED,gri,,10,3,-14,3,,,,,,,21.877,0.227,19.636,0.016,18.373,0.009,17.773,0.008,17.406,0.02,16.264,0.108,,,15.476,0.195,,,,,,,,,,,,,,,,,,,,,,,,,,,
8161,8161,8161,212187803,08 51 59.974,+23 56 45.18,1,12.711,,,570-045166,08515997+2356453,,STAR,gri,lam,-22.1,1.4,-10.1,1.6,,,13.625,0.02,12.918,0.05,,,13.254,0.05,12.699,0.03,12.478,0.02,,,11.473,0.021,11.125,0.031,11.011,0.021,5560,164,131,4.518,0.042,0.042,-0.237,0.15,0.15,0.842,0.08,0.041,0.883,0.068,0.057,1.43,0.212,0.268,287.7,39.59,17.96,0.029,0.006,0.005,,,
8162,8162,8162,212187834,08 54 29.015,+23 56 48.27,1,14.831,,,570-045267,08542902+2356483,4569-301-4-0151-0202,STAR,gri,rpm,101.5,8,83.1,7.7,,,17.053,0.09,15.543,0.02,,,16.345,0.02,14.934,0.03,14.182,0.04,,,12.642,0.025,11.928,0.021,11.79,0.019,3804,61,61,4.933,0.063,0.042,-0.138,0.14,0.1,0.346,0.04,0.058,0.382,0.044,0.08,8.791,3.742,1.546,118.2,33.79,22.92,0.019,0.006,0.005,,,
8163,8163,8163,212187851,08 42 49.977,+23 56 49.62,1,11.988,,,570-044831,08424998+2356496,,STAR,gri,rpm,-76.4,2.9,-95.9,3.5,,,13.154,0.01,12.166,0.02,,,12.662,0.01,11.778,0.01,11.699,0.51,,,10.271,0.02,9.743,0.019,9.649,0.018,4779,57,76,4.626,0.03,0.03,-0.102,0.16,0.2,0.689,0.047,0.044,0.747,0.047,0.057,2.192,0.36,0.261,112.4,8.875,9.797,0.016,0.004,0.003,,,
8164,8164,8164,212187879,08 56 25.112,+23 56 52.61,1,9.174,,1950-478-1,570-045328,08562511+2356526,,STAR,gri,rpm,-20,1.1,-33.4,1.1,,,9.493,0.025,9.051,0.021,,,9.881,0.02,9.192,0.07,8.871,0.01,,,8.199,0.021,8.026,0.04,7.957,0.023,5758,140,140,4.097,0.365,0.365,0.091,0.18,0.15,1.427,1.165,0.559,1.163,0.252,0.157,0.286,0.802,0.229,130.4,87,58.57,0.021,0.013,0.011,,,
8165,8165,8165,212187887,08 56 32.342,+23 56 53.49,1,17.536,,,,08563234+2356534,4576-301-4-0147-0103,EXTENDED,gri,,2,3,-3,3,,,,,,,20.222,0.088,18.579,0.01,17.6,0.008,17.089,0.007,16.672,0.018,15.932,0.099,15.082,0.084,14.576,0.089,,,,,,,,,,,,,,,,,,,,,,,,,,,
8166,8166,8166,212187894,08 54 09.712,+23 56 54.07,1,12.117,,,570-045256,08540970+2356540,,STAR,gri,rpm,-5.1,0.9,5.5,1.1,,,12.551,0.03,12.147,0.05,,,12.325,0.06,12.048,0.04,11.963,0.01,,,11.274,0.023,11.06,0.02,10.997,0.02,6420,155,155,4.086,0.168,0.14,-0.07,0.1,0.2,1.64,0.406,0.325,1.284,0.181,0.13,0.255,0.22,0.103,597.3,149.5,119.6,0.033,0.01,0.008,,,
8167,8167,8167,212187907,08 38 24.972,+23 56 55.26,1,17.799,,,,08382497+2356552,,STAR,JHK,col,,,,,,,,,,,,,,,,,,,,,15.3,0.066,14.697,0.088,14.348,0.084,3829,543,301,4.932,0.125,0.2,-0.172,0.2,0.32,0.327,0.176,0.114,0.351,0.229,0.164,8.576,9.137,4.984,387.4,358.3,162.9,0.031,0.008,0.008,,,
8168,8168,8168,212187908,08 54 04.280,+23 56 55.33,1,18.801,,,,,4569-301-4-0151-0300,EXTENDED,gri,,-5,3,20,3,,,,,,,20.004,0.098,18.991,0.017,18.738,0.022,18.493,0.025,18.334,0.096,,,,,,,,,,,,,,,,,,,,,,,,,,,,,,,,,
8169,8169,8169,212187926,08 45 26.527,+23 56 57.08,1,12.605,,,570-044933,08452653+2356572,,STAR,gri,rpm,-18.7,1.8,1.7,2.3,,,13.311,0.02,12.535,0.02,,,12.869,0.031,12.309,0.02,12.492,0.62,,,11.268,0.022,10.953,0.02,10.842,0.019,5662,114,114,4.445,0.055,0.462,0.003,0.12,0.15,0.967,0.602,0.075,1.014,0.062,0.087,1.034,0.209,0.83,308.8,193.4,32.31,0.029,0.01,0.006,,,
8170,8170,8170,212187936,08 50 42.421,+23 56 58.55,1,16.692,,,,08504242+2356585,4569-301-5-0146-0236,EXTENDED,gri,,-2,3,1,3,,,,,,,19.393,0.054,17.609,0.007,16.71,0.005,16.299,0.005,15.982,0.011,15.551,0.067,14.927,0.072,14.496,0.084,,,,,,,,,,,,,,,,,,,,,,,,,,,
8171,8171,8171,212187971,08 39 09.833,+23 57 01.43,1,14.707,,,570-044700,08390984+2357015,4517-301-4-0126-0088,STAR,gri,rpm,-1,4.6,-9.2,5,,,15.671,0.01,14.968,0.1,,,15.232,0.03,14.718,0.06,14.482,0.13,,,13.481,0.022,13.027,0.025,12.929,0.026,5294,158,126,3.942,0.592,1.036,-0.71,0.5,0.6,1.485,2.818,0.873,0.862,0.041,0.089,0.208,1.589,0.203,1188,2052,673.2,0.034,0.007,0.007,,,
8172,8172,8172,212188013,08 53 25.033,+23 57 04.71,1,17.751,,,,08532503+2357047,4569-301-4-0150-0125,EXTENDED,gri,,-3,3,-2,3,,,,,,,20.363,0.097,18.651,0.01,17.797,0.008,17.365,0.008,17.041,0.02,16.329,0.107,15.702,0.128,15.293,0.132,,,,,,,,,,,,,,,,,,,,,,,,,,,
8173,8173,8173,212188073,08 41 39.128,+23 57 08.69,1,17.95,,,,08413912+2357086,4517-301-3-0130-0228,EXTENDED,gri,,-2,3,-6,3,,,,,,,21.161,0.166,19.144,0.014,17.923,0.008,17.439,0.007,17.066,0.016,16.23,0.099,15.748,0.152,15.072,0.134,,,,,,,,,,,,,,,,,,,,,,,,,,,
8174,8174,8174,212188114,08 39 26.820,+23 57 12.26,1,15.39,,,,08392681+2357122,4517-301-4-0127-0134,EXTENDED,gri,,-4,3,1,3,,,,,,,18.588,0.05,16.46,0.004,15.461,0.003,14.931,0.003,14.511,0.006,14.579,0.062,13.712,0.076,13.369,0.068,,,,,,,,,,,,,,,,,,,,,,,,,,,
8175,8175,8175,212188123,08 43 09.028,+23 57 12.97,1,18.719,,,,08430902+2357129,,STAR,JHK,rpm,10,4,6,4,,,,,,,,,,,,,,,,,16.174,0.09,15.486,0.1,15.177,0.121,3974,407,349,4.878,0.125,0.15,-0.208,0.2,0.32,0.38,0.129,0.112,0.428,0.143,0.172,6.57,6.907,2.96,746.2,383.2,292.4,0.033,0.008,0.007,,,
8176,8176,8176,212188196,08 45 49.408,+23 57 19.19,1,14.832,,,570-044941,08454941+2357191,4517-301-2-0135-0081,STAR,gri,rpm,-15.2,4.5,-23.7,5,,,16.204,0.05,15.067,0.02,,,15.644,0.02,14.611,0.02,14.484,0.68,,,12.775,0.023,12.209,0.025,12.048,0.023,4504,88,88,4.672,0.136,0.04,-0.083,0.25,0.6,0.633,0.055,0.166,0.704,0.047,0.178,2.644,2.234,0.394,306.2,27.69,89.62,0.029,0.007,0.005,,,
8177,8177,8177,212188204,08 42 32.873,+23 57 19.66,1,17.915,,,,08423287+2357196,,STAR,JHK,col,,,,,,,,,,,,,,,,,,,,,15.376,0.057,14.704,0.063,14.392,0.079,3852,379,316,4.898,0.14,0.14,-0.172,0.2,0.28,0.362,0.141,0.134,0.389,0.166,0.166,7.521,9.009,3.619,470,266.4,195.8,0.031,0.01,0.007,,,
8178,8178,8178,212188229,08 53 03.500,+23 57 22.06,1,13.935,,,570-045212,08530349+2357221,,STAR,gri,rpm,-28.6,2.6,-26.2,2.8,,,15.125,0.03,14.212,0.04,,,14.673,0.03,13.879,0.04,13.618,0.03,,,12.533,0.021,12.104,0.023,11.989,0.019,5070,102,122,4.592,0.03,0.03,-0.168,0.2,0.2,0.741,0.049,0.055,0.787,0.058,0.058,1.924,0.26,0.271,367.1,29.9,32.92,0.03,0.009,0.004,,,
8179,8179,8179,212188246,08 53 09.034,+23 57 24.47,1,15.252,,,570-045215,08530902+2357245,4576-301-5-0142-0116,STAR,gri,rpm,-5.6,3.1,-0.1,3.4,,,16.554,0.06,15.61,0.07,,,16.106,0.04,15.159,0.03,14.886,0.04,,,13.655,0.025,13.204,0.03,13.032,0.031,4822,77,77,4.604,0.03,0.03,0.022,0.12,0.18,0.738,0.038,0.047,0.803,0.025,0.049,1.956,0.29,0.213,581.3,38.14,47.22,0.034,0.01,0.008,,,
8180,8180,8180,212188284,08 46 19.681,+23 57 28.60,1,13.867,,,570-044958,08461968+2357285,,STAR,gri,rpm,-4.6,2.9,-19.8,3.2,,,15.067,0.02,13.991,0.03,,,14.533,0.01,13.558,0.02,13.581,0.58,,,12.046,0.021,11.511,0.022,11.395,0.018,4668,65,56,4.631,0.024,0.024,0.033,0.08,0.1,0.691,0.034,0.023,0.751,0.033,0.015,2.247,0.217,0.198,245.9,18.07,9.331,0.024,0.004,0.002,,,
8181,8181,8181,212188298,08 46 54.588,+23 57 29.85,1,12.121,,,570-044984,08465457+2357298,,STAR,gri,rpm,-42.1,4.7,2.7,0.9,,,13.126,0.03,12.165,0.01,,,12.641,0.01,11.831,0.04,11.899,0.59,,,10.502,0.021,10.043,0.032,9.904,0.02,4952,59,59,4.585,0.02,1.076,-0.002,0.16,0.36,0.779,2.157,0.032,0.857,0.13,0.043,1.777,0.149,1.738,151.6,419.4,8.544,0.019,0.012,0.006,,,
8182,8182,8182,212188331,08 57 51.642,+23 57 33.18,1,14.881,,,570-045368,08575164+2357334,4569-301-3-0156-0007,STAR,gri,rpm,-6.5,4.4,3,4.8,,,15.931,0.06,15.144,0.05,,,15.479,0.03,14.863,0.01,14.625,0.04,,,13.635,0.023,13.208,0.026,13.128,0.03,5280,125,104,4.519,0.072,1.068,-0.473,0.36,0.42,0.844,1.979,0.111,0.869,0.053,0.095,1.374,0.54,1.34,743.2,1616,119.3,0.034,0.011,0.006,,,
8183,8183,8183,212188341,08 52 22.276,+23 57 34.81,1,9.637,,1943-2216-1,570-045183,08522228+2357347,,STAR,gri,rpm,-0.3,1.2,3.7,1.1,,,9.738,0.027,9.473,0.026,,,10.045,0.06,9.595,0.07,9.462,0.01,,,8.91,0.043,8.722,0.034,8.693,0.021,6241,188,226,3.942,0.368,0.276,0.021,0.15,0.12,2.037,0.874,0.801,1.376,0.275,0.229,0.148,0.372,0.098,239.1,128.9,94.5,0.026,0.008,0.007,,,
8184,8184,8184,212188397,08 47 55.622,+23 57 39.97,1,15.676,,,570-045037,08475560+2357400,,STAR,gri,rpm,6.2,4.3,-0.9,4.9,,,16.821,0.12,15.913,0.08,,,16.343,0.08,15.676,0.05,15.39,0.1,,,14.354,0.032,13.84,0.043,13.84,0.054,5067,179,149,4.585,0.04,0.992,-0.276,0.25,0.4,0.752,1.878,0.066,0.795,0.088,0.073,1.832,0.422,1.779,882.9,2171,105,0.034,0.008,0.007,,,
8185,8185,8185,212188428,08 52 13.611,+23 57 42.70,1,12.289,,,570-045178,08521360+2357427,,STAR,gri,rpm,-36.2,2.4,-23,1.7,,,13.099,0.02,12.443,0.03,,,12.751,0.04,12.257,0.04,12.091,0.02,,,11.228,0.02,10.942,0.021,10.886,0.023,5856,117,140,4.373,0.09,0.18,-0.136,0.15,0.3,1.041,0.276,0.137,0.974,0.072,0.101,0.817,0.337,0.407,342.8,84.02,58.73,0.031,0.015,0.007,,,
8186,8186,8186,212188438,08 45 04.741,+23 57 43.60,1,12.763,,,570-044915,08450474+2357435,,STAR,gri,rpm,-4.1,2.1,-1.9,2.5,,,13.845,0.02,12.863,0.01,,,13.329,0.01,12.541,0.02,12.52,0.52,,,11.149,0.022,10.655,0.021,10.547,0.019,4913,59,79,3.064,0.456,0.684,-0.348,0.25,0.25,4.735,5.672,1.678,1.095,0.18,0.15,0.01,0.026,0.009,1225,1251,436.1,0.033,0.007,0.008,,,
8187,8187,8187,212188555,08 50 49.008,+23 57 54.88,1,14.29,,,570-045132,08504899+2357551,,STAR,gri,rpm,-14,8.1,-16.1,7.4,,,15.429,0.03,14.564,0.04,,,15.001,0.04,14.257,0.06,13.985,0.01,,,12.916,0.022,12.477,0.02,12.365,0.022,5147,104,104,4.574,0.035,0.063,-0.186,0.2,0.28,0.772,0.109,0.061,0.814,0.079,0.079,1.765,0.309,0.401,467.2,93.45,45.01,0.033,0.01,0.007,,,
8188,8188,8188,212188559,08 41 30.794,+23 57 55.09,1,16.939,,,,08413079+2357550,4508-301-4-0121-0315,EXTENDED,gri,,0,3,1,3,,,,,,,20.082,0.086,18.003,0.008,16.934,0.005,16.483,0.005,16.1,0.011,15.644,0.063,14.994,0.074,14.536,0.089,,,,,,,,,,,,,,,,,,,,,,,,,,,
8189,8189,8189,212188578,08 47 18.268,+23 57 56.95,1,14.366,,,570-045013,08471826+2357571,,STAR,JHK,rpm,-30.2,4.8,-22.7,5.4,,,,,,,,,,,,,,,,,12.161,0.022,11.524,0.018,11.317,0.02,3862,162,92,4.883,0.054,0.045,-0.039,0.15,0.21,0.4,0.05,0.053,0.447,0.058,0.07,6.855,2.058,1.347,118.3,18.78,19.17,0.018,0.003,0.004,,,
8190,8190,8190,212188580,08 50 25.971,+23 57 57.08,1,19.066,,,,,4569-301-5-0146-0391,EXTENDED,gri,,-2,3,0,3,,,,,,,20.232,0.086,19.238,0.019,19.009,0.02,18.764,0.026,18.701,0.083,,,,,,,,,,,,,,,,,,,,,,,,,,,,,,,,,
8191,8191,8191,212188609,08 39 57.083,+23 57 59.29,1,12.515,,,570-044724,08395708+2357590,,STAR,gri,rpm,0.7,1.6,-3.8,1.7,,,13.523,0.01,12.577,0.03,,,13.003,0.01,12.26,0.04,12.305,0.59,,,10.884,0.022,10.385,0.016,10.304,0.018,4940,59,79,2.796,0.462,0.462,-0.518,0.16,0.24,6.323,4.757,2.413,1.004,0.159,0.089,0.003,0.012,0.003,1429,856.5,535.5,0.033,0.007,0.006,,,
8192,8192,8192,212188620,08 58 45.385,+23 58 00.17,1,8.395,44078.0,1950-218-1,570-045396,08584539+2358002,,STAR,gri,plx,-12.59,0.96,6.2,0.7,8.32,0.73,7.796,0.015,7.595,0.012,,,9.609,0.03,8.611,0.04,7.875,0.06,,,7.215,0.021,7.185,0.021,7.146,0.02,8131.0,407.0,407.0,4.209,0.05,0.07,-0.008,0.1,0.12,1.7080000000000002,0.16699999999999998,0.11,1.771,0.125,0.08900000000000001,0.337,0.063,0.07200000000000001,120.2,10.55,10.55,0.018000000000000002,0.004,0.004,,,
8193,8193,8193,212188637,08 44 04.000,+23 58 01.12,1,12.117,,,570-044878,08440399+2358011,,STAR,gri,rpm,-7.6,1.0,-1.7,1.3,,,12.585999999999999,0.02,12.055,0.02,,,12.264000000000001,0.01,11.925999999999998,0.01,12.054,0.51,,,11.052999999999999,0.021,10.779000000000002,0.021,10.722999999999999,0.017,6287.0,74.0,99.0,4.145,0.185,0.259,-0.11699999999999999,0.12,0.3,1.473,0.602,0.301,1.1909999999999998,0.228,0.19,0.292,0.284,0.179,488.0,209.6,114.7,0.032,0.008,0.006,,,
8194,8194,8194,212188641,08 54 12.647,+23 58 01.94,1,11.783,,,570-045257,08541263+2358020,,STAR,gri,lam,-4.8,1.0,-0.5,0.8,,,12.464,0.04,11.917,0.05,,,12.173,0.06,11.767999999999999,0.04,11.617,0.01,,,10.812000000000001,0.023,10.505999999999998,0.021,10.447000000000001,0.023,6095.0,147.0,147.0,4.3069999999999995,0.09,0.135,-0.205,0.15,0.15,1.16,0.24100000000000002,0.10400000000000001,1.0659999999999998,0.094,0.113,0.614,0.23,0.233,329.5,71.06,44.89,0.028999999999999998,0.01,0.006,,,
8195,8195,8195,212188653,08 53 00.096,+23 58 02.51,1,11.114,,1943-987-1,570-045207,08530009+2358026,,STAR,gri,rpm,-8.5,1.9,-9.0,1.9,,,11.835999999999999,0.16399999999999998,11.068,0.11800000000000001,,,11.465,0.06,11.083,0.04,10.963,0.04,,,10.187000000000001,0.02,9.924,0.021,9.887,0.013999999999999999,6137.0,147.0,123.0,4.086,0.264,0.264,-0.067,0.15,0.24,1.548,0.706,0.41600000000000004,1.186,0.239,0.149,0.256,0.35100000000000003,0.14800000000000002,320.3,146.1,86.11,0.028999999999999998,0.008,0.006999999999999999,,,
8196,8196,8196,212188674,08 55 14.487,+23 58 04.02,1,14.748,,,570-045287,08551448+2358040,4569-301-4-0152-0072,STAR,gri,rpm,-13.7,3.1,12.9,3.4,,,16.442999999999998,0.08,15.27,0.06,,,15.927,0.08,14.717,0.04,14.243,0.06,,,12.850999999999999,0.022000000000000002,12.274000000000001,0.026000000000000002,12.125,0.023,4043.0,236.0,94.0,4.822,0.045,0.081,-0.12300000000000001,0.15,0.21,0.449,0.09300000000000001,0.04,0.522,0.09,0.064,5.256,1.285,1.5519999999999998,197.2,59.2,28.74,0.024,0.009000000000000001,0.005,,,
8197,8197,8197,212188704,08 59 31.024,+23 58 06.02,1,13.8,,,570-045423,08593103+2358061,,STAR,gri,lam,6.5,3.6,-1.8,3.8,,,14.982000000000001,0.06,14.113,0.05,,,14.507,0.03,13.79,0.04,13.495999999999999,0.06,,,12.335999999999999,0.021,11.874,0.023,11.732000000000001,0.02,5000.0,79.0,79.0,3.3989999999999996,0.15,0.15,-0.39299999999999996,0.15,0.12,3.29,0.5579999999999999,0.47700000000000004,1.036,0.128,0.08,0.025,0.017,0.009000000000000001,1493.0,253.1,216.4,0.034,0.01,0.006999999999999999,,,
8198,8198,8198,212188737,08 38 57.890,+23 58 08.81,1,12.227,,,570-044694,08385788+2358088,,STAR,gri,rpm,8.0,0.6,-19.5,0.6,,,12.942,0.03,12.23,0.03,,,12.544,0.02,11.989,0.05,12.091,0.58,,,10.804,0.023,10.427999999999999,0.023,10.325999999999999,0.013999999999999999,5503.0,195.0,130.0,4.4719999999999995,0.084,0.7140000000000001,-0.157,0.15,0.12,0.932,1.392,0.128,0.966,0.212,0.096,1.1520000000000001,0.42,1.062,240.2,332.6,44.42,0.031,0.013999999999999999,0.01,,,
8199,8199,8199,212188740,08 51 33.846,+23 58 09.04,1,11.967,,1943-2109-1,570-045152,08513385+2358090,,STAR,gri,lam,-5.1,2.3,-26.9,2.7,,,12.93,0.337,12.304,0.243,,,12.352,0.04,11.945,0.02,11.802,0.01,,,11.0,0.019,10.749,0.016,10.694,0.017,6142.0,148.0,186.0,4.277,0.09,0.09,0.027000000000000003,0.12,0.1,1.27,0.168,0.14800000000000002,1.159,0.091,0.075,0.53,0.21,0.15,390.4,54.75,56.89,0.03,0.006999999999999999,0.006999999999999999,,,
8200,8200,8200,212188769,08 38 25.765,+23 58 12.03,1,15.385,,,,08382576+2358120,4517-301-4-0126-0098,EXTENDED,gri,,3.0,3.0,6.0,3.0,,,,,,,18.271,0.028999999999999998,16.33,0.004,15.408,0.003,14.98,0.003,14.614,0.005,14.439,0.073,13.774000000000001,0.075,13.344000000000001,0.065,,,,,,,,,,,,,,,,,,,,,,,,,,,
8201,8201,8201,212188785,08 48 16.403,+23 58 13.03,1,12.835,,,570-045051,08481640+2358130,,STAR,gri,rpm,-2.8,2.1,2.5,2.5,,,13.905999999999999,0.03,12.965,0.05,,,13.408,0.03,12.661,0.04,12.589,0.46,,,11.31,0.022000000000000002,10.831,0.022000000000000002,10.705,0.019,4960.0,79.0,79.0,3.0410000000000004,0.485,0.679,-0.408,0.25,0.25,4.777,5.185,1.9509999999999998,1.045,0.204,0.12300000000000001,0.008,0.034,0.006999999999999999,1354.0,1310.0,519.1,0.033,0.006999999999999999,0.006,,,
8202,8202,8202,212188801,08 56 58.276,+23 58 15.00,1,12.954,,,570-045342,08565828+2358150,,STAR,gri,rpm,12.6,2.7,-3.6,3.1,,,14.067,0.04,13.24,0.08,,,13.61,0.02,12.936,0.02,12.673,0.02,,,11.62,0.022000000000000002,11.162,0.023,11.049000000000001,0.019,5046.0,80.0,60.0,3.1919999999999997,0.415,0.498,-0.653,0.3,0.3,3.523,3.24,0.98,0.929,0.107,0.043,0.015,0.028999999999999998,0.013000000000000001,1236.0,840.6,382.7,0.036000000000000004,0.003,0.008,,,
8203,8203,8203,212188804,08 50 39.769,+23 58 15.10,1,16.436,,,,08503976+2358150,4569-301-5-0146-0238,EXTENDED,gri,,1.0,3.0,2.0,3.0,,,,,,,19.451,0.062,17.382,0.006,16.462,0.005,16.03,0.005,15.705,0.01,15.334000000000001,0.065,14.773,0.09300000000000001,14.357000000000001,0.096,,,,,,,,,,,,,,,,,,,,,,,,,,,
8204,8204,8204,212188821,08 52 14.183,+23 58 16.15,1,9.362,,1943-1267-1,570-045179,08521417+2358162,,STAR,gri,rpm,3.3,1.2,-34.8,1.2,,,10.715,0.06,9.606,0.03,,,10.372,0.05,9.469,0.06,8.929,0.02,,,7.709,0.02,7.193,0.027000000000000003,7.062,0.021,4700.0,93.0,93.0,2.504,0.405,0.162,-0.131,0.2,0.24,10.362,1.275,3.8480000000000003,1.189,0.258,0.185,0.001,0.003,0.000341,493.9,60.78,164.9,0.031,0.008,0.006,,,
8205,8205,8205,212188834,08 52 59.046,+23 58 17.08,1,12.152999999999999,,,570-045206,08525903+2358171,,STAR,JHK,rpm,-12.2,4.0,-1.0,3.5,,,,,,,,,,,,,,,,,11.058,0.02,10.793,0.021,10.732000000000001,0.013999999999999999,6103.0,183.0,183.0,4.209,0.14400000000000002,0.24,-0.061,0.15,0.21,1.337,0.517,0.20199999999999999,1.139,0.17600000000000002,0.126,0.419,0.27,0.23600000000000002,421.8,161.0,69.34,0.03,0.008,0.006999999999999999,,,
8206,8206,8206,212188840,08 41 48.450,+23 58 17.68,1,17.843,,,,08414845+2358176,4517-301-3-0130-0257,EXTENDED,gri,,0.0,3.0,-1.0,3.0,,,,,,,21.159000000000002,0.17800000000000002,19.000999999999998,0.013000000000000001,17.799,0.008,17.346,0.006999999999999999,16.994,0.016,15.944,0.076,15.466,0.098,14.798,0.102,,,,,,,,,,,,,,,,,,,,,,,,,,,
8207,8207,8207,212188865,08 41 58.977,+23 58 19.57,1,14.618,,,570-044791,08415897+2358194,,STAR,gri,rpm,4.0,4.5,-15.1,5.0,,,16.654,0.03,15.123,0.03,,,15.886,0.03,14.556,0.03,14.074000000000002,0.58,,,12.118,0.018000000000000002,11.475,0.016,11.273,0.019,3886.0,77.0,77.0,4.874,0.02,0.021,0.005,0.06,0.12,0.413,0.022000000000000002,0.025,0.469,0.024,0.043,6.499,0.71,0.64,121.3,10.85,8.357999999999999,0.021,0.011000000000000001,0.008,,,
8208,8208,8208,212188940,08 47 05.377,+23 58 28.97,1,12.883,,,570-044994,08470537+2358290,,STAR,gri,rpm,18.5,2.2,-41.4,2.7,,,13.95,0.02,12.95,0.04,,,13.450999999999999,0.01,12.588,0.04,12.639000000000001,0.59,,,11.182,0.021,10.665999999999999,0.016,10.565,0.018000000000000002,4817.0,96.0,76.0,4.618,0.03,0.025,-0.046,0.15,0.15,0.7190000000000001,0.025,0.048,0.782,0.032,0.051,2.059,0.273,0.16399999999999998,187.2,9.546,27.28,0.025,0.006,0.006,,,
8209,8209,8209,212188970,08 50 35.332,+23 58 32.13,1,17.993,,,,08503533+2358321,4569-301-5-0146-0335,STAR,gri,rpm,-52.0,4.0,-54.0,4.0,,,,,,,23.393,0.505,20.26,0.022000000000000002,18.685,0.009000000000000001,17.021,0.006,16.116,0.006999999999999999,14.603,0.031,14.103,0.038,13.72,0.040999999999999995,3175.0,189.0,56.0,5.157,0.02,0.02,0.047,0.06,0.3,0.163,0.009000000000000001,0.003,0.139,0.013999999999999999,0.003,32.07,1.9240000000000002,2.346,109.1,17.44,5.629,0.017,0.006,0.004,,,
8210,8210,8210,212189010,08 51 56.503,+23 58 35.75,1,17.824,,,,08515650+2358357,,STAR,J,col,,,,,,,,,,,,,,,,,,,,,16.304000000000002,0.15,15.615,0.147,15.227,0.16,3918.0,522.0,373.0,4.901,0.145,0.174,-0.254,0.25,0.35,0.337,0.18,0.135,0.37799999999999995,0.218,0.18100000000000002,7.631,9.453,4.223,704.1,565.4,313.6,0.032,0.008,0.006999999999999999,,,
8211,8211,8211,212189023,08 44 14.519,+23 58 37.00,1,15.555,,,570-044885,08441450+2358369,4508-301-3-0125-0217,STAR,JHK,rpm,2.8,4.3,1.3,4.9,,,,,,,,,,,,,,,,,13.376,0.022000000000000002,12.697000000000001,0.023,12.54,0.024,4191.0,165.0,198.0,4.7669999999999995,0.055,0.066,-0.033,0.12,0.21,0.516,0.079,0.059000000000000004,0.585,0.077,0.077,4.051,1.2890000000000001,0.978,296.5,66.27,54.16,0.027999999999999997,0.006999999999999999,0.008,,,
8212,8212,8212,212189044,08 40 12.049,+23 58 38.83,1,15.540999999999999,,,,08401204+2358388,4508-301-4-0119-0308,EXTENDED,gri,,-9.0,3.0,0.0,3.0,,,,,,,17.587,0.025,16.261,0.004,15.620999999999999,0.004,15.232999999999999,0.004,14.964,0.009000000000000001,15.363,0.067,14.735,0.076,14.232999999999999,0.071,,,,,,,,,,,,,,,,,,,,,,,,,,,
8213,8213,8213,212189100,08 38 23.542,+23 58 44.88,1,14.487,,,570-044668,08382353+2358451,,STAR,gri,col,,,,,,,15.043,0.06,14.431,0.07,,,14.698,0.01,14.200999999999999,0.06,14.395999999999999,0.65,,,13.008,0.027000000000000003,12.629000000000001,0.032,12.548,0.027000000000000003,5649.0,165.0,165.0,4.47,0.07,0.504,-0.32,0.25,0.4,0.925,0.826,0.125,0.902,0.1,0.1,1.1059999999999999,0.386,0.943,654.2,553.9,102.5,0.032,0.01,0.006999999999999999,,,
8214,8214,8214,212189142,08 39 09.557,+23 58 49.49,1,17.83,,,,08390955+2358494,,STAR,J,,,,,,,,,,,,,,,,,,,,,,16.31,0.09300000000000001,15.797,0.136,,,,,,,,,,,,,,,,,,,,,,,,,,,,,
8215,8215,8215,212189155,08 51 06.084,+23 58 50.99,1,12.526,,,570-045139,08510607+2358509,,STAR,gri,lam,-10.0,1.5,-7.6,1.8,,,13.690999999999999,0.03,12.763,0.05,,,13.222000000000001,0.04,12.475,0.03,12.228,0.02,,,11.175999999999998,0.022000000000000002,10.776,0.021,10.667,0.018000000000000002,5280.0,52.0,52.0,3.83,0.02,0.02,0.37799999999999995,0.05,0.14,2.249,0.045,0.045,1.25,0.025,0.025,0.11,0.006999999999999999,0.006999999999999999,640.4,19.21,19.21,0.033,0.001,0.001,,,
8216,8216,8216,212189167,08 56 18.428,+23 58 52.23,1,15.33,,,570-045324,08561842+2358522,4576-301-4-0146-0061,STAR,gri,rpm,-6.6,3.0,2.5,3.3,,,16.385,0.07,15.637,0.12,,,15.995,0.03,15.265,0.02,15.044,0.2,,,13.898,0.023,13.332,0.03,13.255,0.034,4967.0,98.0,98.0,4.559,0.078,1.859,-0.47200000000000003,0.3,0.42,0.797,6.021,0.127,0.7979999999999999,0.14300000000000002,0.102,1.6340000000000001,0.674,1.632,750.0,5375.0,148.7,0.033,0.01,0.006999999999999999,,,
8217,8217,8217,212189210,08 48 02.439,+23 58 56.26,1,15.599,,,570-045041,08480243+2358564,,STAR,gri,rpm,-3.5,4.2,5.4,4.9,,,17.773,0.131,16.26,0.07200000000000001,,,17.059,0.07,15.716,0.05,14.972999999999999,0.06,,,13.277999999999999,0.022000000000000002,12.614,0.027999999999999997,12.413,0.025,3895.0,46.0,62.0,4.855,0.027999999999999997,0.024,0.073,0.1,0.14,0.431,0.02,0.034,0.493,0.016,0.045,6.0489999999999995,0.961,0.633,214.9,11.17,22.67,0.027999999999999997,0.006,0.006,,,
8218,8218,8218,212189224,08 59 13.613,+23 58 57.46,1,18.992,,,,,4569-301-3-0158-0138,STAR,gri,,0.0,3.0,4.0,3.0,,,,,,,19.415,0.027999999999999997,19.179000000000002,0.011000000000000001,18.93,0.011000000000000001,18.695999999999998,0.012,18.65,0.037000000000000005,,,,,,,,,,,,,,,,,,,,,,,,,,,,,,,,,
8219,8219,8219,212189225,08 58 07.489,+23 58 57.47,1,13.718,,,570-045375,08580750+2358575,,STAR,gri,lam,-41.7,3.6,-2.5,3.8,,,15.117,0.01,14.127,0.08,,,14.64,0.02,13.683,0.03,13.322000000000001,0.03,,,12.058,0.02,11.548,0.023,11.425999999999998,0.022000000000000002,4731.0,170.0,141.0,4.64,0.025,0.03,-0.09,0.12,0.15,0.6759999999999999,0.046,0.036000000000000004,0.7440000000000001,0.045,0.054000000000000006,2.342,0.28600000000000003,0.302,252.5,24.36,26.42,0.026000000000000002,0.006999999999999999,0.006,,,
8220,8220,8220,212189236,08 41 27.269,+23 58 58.32,1,17.754,,,,08412726+2358583,4508-301-4-0121-0309,EXTENDED,gri,,-2.0,3.0,2.0,3.0,,,,,,,19.752,0.054000000000000006,18.480999999999998,0.009000000000000001,17.815,0.008,17.442999999999998,0.006999999999999999,17.199,0.02,16.586,0.126,15.827,0.129,15.312000000000001,0.145,,,,,,,,,,,,,,,,,,,,,,,,,,,
8221,8221,8221,212189248,08 56 14.533,+23 58 59.38,1,16.905,,,,08561453+2358593,4576-301-4-0146-0303,EXTENDED,gri,,5.0,3.0,10.0,3.0,,,,,,,18.554000000000002,0.028999999999999998,17.347,0.005,16.965,0.005,16.715,0.006,16.578,0.02,16.205,0.136,15.616,0.162,14.963,0.129,,,,,,,,,,,,,,,,,,,,,,,,,,,
8222,8222,8222,212189290,08 44 56.594,+23 59 04.04,1,15.950999999999999,,,,08445659+2359040,4508-301-3-0126-0201,EXTENDED,gri,,8.0,3.0,14.0,8.0,,,,,,,19.136,0.039,16.986,0.005,15.997,0.003,15.508,0.003,15.151,0.006,14.66,0.055999999999999994,13.879000000000001,0.061,13.493,0.055,,,,,,,,,,,,,,,,,,,,,,,,,,,
8223,8223,8223,212189294,08 53 18.787,+23 59 04.55,1,17.542,,,,08531878+2359045,,STAR,J,rpm,8.0,6.0,8.0,2.0,,,,,,,,,,,,,,,,,16.043,0.098,15.314,0.11800000000000001,15.003,0.121,4008.0,381.0,318.0,4.846,0.13,0.13,-0.20800000000000002,0.2,0.28,0.413,0.13,0.132,0.473,0.139,0.16699999999999998,5.9239999999999995,5.896,2.593,747.2,368.2,285.2,0.033,0.008,0.006999999999999999,,,
8224,8224,8224,212189297,08 39 34.404,+23 59 05.26,1,16.707,,,,08393440+2359052,4517-301-4-0127-0169,EXTENDED,gri,,4.0,3.0,6.0,3.0,,,,,,,19.474,0.065,17.651,0.006999999999999999,16.714000000000002,0.005,16.302,0.005,15.982000000000001,0.011000000000000001,15.567,0.07,14.957,0.078,14.594000000000001,0.092,,,,,,,,,,,,,,,,,,,,,,,,,,,
8225,8225,8225,212189306,08 52 11.407,+23 59 06.29,1,13.135,,,570-045172,08521140+2359063,,STAR,gri,rpm,-4.6,1.9,1.5,2.1,,,14.395999999999999,0.02,13.437999999999999,0.04,,,13.909,0.05,13.132,0.02,12.804,0.03,,,11.600999999999999,0.021,11.06,0.03,10.965,0.021,4822.0,77.0,96.0,2.5669999999999997,0.545,0.654,-0.598,0.35,0.56,7.676,6.897,3.177,0.9440000000000001,0.209,0.087,0.001,0.006999999999999999,0.001,2506.0,2148.0,1157.0,0.035,0.011000000000000001,0.009000000000000001,,,
8226,8226,8226,212189315,08 58 16.716,+23 59 06.94,1,11.834000000000001,,,570-045376,08581671+2359071,,STAR,gri,lam,-11.6,0.8,-11.0,1.3,,,13.217,0.03,12.198,0.06,,,12.686,0.01,11.832,0.03,11.469000000000001,0.03,,,10.238,0.02,9.669,0.021,9.552999999999999,0.02,4787.0,76.0,76.0,2.396,0.08,0.14400000000000002,-0.755,0.15,0.15,9.988,1.7519999999999998,0.858,0.9109999999999999,0.062,0.018000000000000002,0.000891,0.000283,0.000349,1613.0,249.3,164.8,0.034,0.01,0.006999999999999999,,,
8227,8227,8227,212189339,08 40 49.563,+23 59 08.72,1,12.669,,,570-044753,08404956+2359087,,STAR,gri,rpm,-7.9,1.6,-21.0,1.9,,,13.26,0.01,12.610999999999999,0.04,,,12.87,0.01,12.421,0.03,12.584000000000001,0.59,,,11.397,0.019,11.061,0.018000000000000002,10.982000000000001,0.019,5889.0,93.0,93.0,4.336,0.12,0.384,-0.265,0.25,0.25,1.11,0.617,0.22,0.9890000000000001,0.102,0.102,0.7070000000000001,0.426,0.518,389.3,214.8,84.31,0.032,0.006,0.006999999999999999,,,
8228,8228,8228,212189353,08 48 22.032,+23 59 10.10,1,15.487,,,570-045056,08482208+2359098,4508-301-2-0130-0198,STAR,gri,rpm,-5.2,5.1,0.0,5.1,,,16.54,0.13,15.706,0.05,,,16.147000000000002,0.04,15.442,0.08,15.204,0.07,,,14.050999999999998,0.027999999999999997,13.599,0.032,13.534,0.038,5154.0,154.0,123.0,4.567,0.045,0.873,-0.22,0.2,0.4,0.7759999999999999,1.544,0.07,0.83,0.07,0.084,1.7169999999999999,0.34700000000000003,1.633,799.2,1502.0,96.69,0.033,0.01,0.006999999999999999,,,
8229,8229,8229,212189414,08 44 18.660,+23 59 15.16,1,14.568,,,570-044888,08441865+2359151,4508-301-3-0125-0093,STAR,gri,rpm,-1.7,4.5,-6.4,5.0,,,15.709000000000001,0.04,14.788,0.06,,,15.182,0.01,14.515,0.03,14.305,0.21,,,13.144,0.023,12.610999999999999,0.022000000000000002,12.523,0.021,5012.0,99.0,99.0,2.852,0.768,1.1520000000000001,-0.8220000000000001,0.35,1.26,4.976,13.943,2.7430000000000003,0.885,0.048,0.095,0.005,0.06,0.005,3116.0,9433.0,1659.0,0.035,0.008,0.006999999999999999,,,
8230,8230,8230,212189471,08 41 40.632,+23 59 20.80,1,11.5,,1942-1628-1,570-044781,08414064+2359207,,STAR,gri,rpm,-10.4,1.5,5.7,1.6,,,11.995,0.128,11.677,0.152,,,11.727,0.01,11.241,0.03,11.402999999999999,0.58,,,10.231,0.018000000000000002,9.942,0.016,9.857000000000001,0.018000000000000002,5884.0,95.0,95.0,4.052,0.32899999999999996,0.235,0.013999999999999999,0.12,0.18,1.5859999999999999,0.654,0.5379999999999999,1.1540000000000001,0.252,0.126,0.24600000000000002,0.579,0.159,327.8,133.1,110.0,0.03,0.01,0.006999999999999999,,,
8231,8231,8231,212189502,08 42 23.886,+23 59 23.63,1,14.75,,,570-044810,08422389+2359235,4517-301-3-0131-0081,STAR,gri,rpm,-11.7,4.4,-2.8,5.0,,,16.069000000000006,0.05,14.966,0.03,,,15.515999999999998,0.01,14.492,0.03,14.422,0.53,,,12.874,0.021,12.263,0.017,12.15,0.022000000000000002,4529.0,73.0,73.0,4.681,0.03,0.036000000000000004,-0.11599999999999999,0.16,0.2,0.625,0.045,0.05,0.6940000000000001,0.042,0.059000000000000004,2.718,0.439,0.37799999999999995,317.7,29.05,31.67,0.03,0.006,0.005,,,
8232,8232,8232,212189574,08 52 35.896,+23 59 30.18,1,14.094000000000001,,,570-045195,08523588+2359301,,STAR,gri,rpm,-5.1,3.3,-4.7,3.6,,,15.34,0.03,14.407,0.08,,,14.901,0.05,14.052,0.04,13.748,0.01,,,12.657,0.024,12.200999999999999,0.036000000000000004,12.092,0.024,4890.0,97.0,78.0,4.603,0.11699999999999999,1.287,0.11599999999999999,0.16,0.4,0.754,3.0439999999999996,0.172,0.8320000000000001,0.28300000000000003,0.067,1.943,1.088,2.161,383.0,1745.0,96.84,0.021,0.016,0.002,,,
8233,8233,8233,212189658,08 43 27.473,+23 59 36.45,1,9.347000000000001,42816.0,1942-2010-1,570-044855,08432747+2359363,,STAR,gri,plx,-6.72,1.28,-33.0,0.82,3.79,1.08,9.95,0.032,9.03,0.02,,,10.228,0.01,9.227,0.11,8.969,0.65,,,7.3420000000000005,0.028999999999999998,6.901,0.02,6.782,0.023,4854.0,77.0,77.0,2.7760000000000002,0.125,0.225,-0.025,0.12,0.21,9.557,1.4409999999999998,1.706,1.972,0.287,0.6890000000000001,0.002,0.002,0.001,263.9,75.19,75.19,0.03,0.008,0.006999999999999999,,,
8234,8234,8234,212189806,08 47 07.381,+23 59 49.19,1,13.546,,,570-044996,08470737+2359491,,STAR,gri,rpm,12.5,2.3,-17.5,2.7,,,14.408,0.03,13.538,0.03,,,13.94,0.01,13.258,0.04,13.377,0.55,,,12.011,0.022000000000000002,11.584000000000001,0.018000000000000002,11.472000000000001,0.02,5241.0,84.0,105.0,4.55,0.035,0.84,-0.102,0.2,0.44,0.8220000000000001,1.61,0.057,0.889,0.053,0.07400000000000001,1.5530000000000002,0.28,1.472,345.5,671.8,31.85,0.028999999999999998,0.01,0.006999999999999999,,,
8235,8235,8235,212189873,08 58 53.585,+23 59 54.72,1,15.265999999999998,,,570-045398,08585358+2359548,4569-301-3-0157-0160,STAR,gri,lam,4.8,4.3,-6.0,4.6,,,16.230999999999998,0.1,15.545,0.09,,,15.834000000000001,0.03,15.241,0.01,15.023,0.17,,,13.98,0.028999999999999998,13.488,0.038,13.463,0.037000000000000005,5119.0,153.0,153.0,4.598,0.025,0.03,-0.292,0.15,0.15,0.72,0.049,0.039,0.7709999999999999,0.045,0.045,1.992,0.217,0.233,714.8,65.36,59.89,0.033,0.01,0.006999999999999999,,,
8236,8236,8236,212189886,08 53 13.794,+23 59 56.26,1,15.949000000000002,,,,08531379+2359562,4576-301-5-0142-0247,EXTENDED,gri,,2.0,3.0,8.0,3.0,,,,,,,18.833,0.039,16.93,0.005,15.962,0.004,15.527999999999999,0.004,15.174000000000001,0.006999999999999999,14.797,0.057,14.109000000000002,0.066,13.681,0.06,,,,,,,,,,,,,,,,,,,,,,,,,,,
8237,8237,8237,212189891,08 39 02.588,+23 59 56.53,1,15.994000000000002,,,,08390258+2359565,4517-301-4-0126-0229,EXTENDED,gri,,0.0,3.0,-2.0,3.0,,,,,,,18.425,0.024,16.858,0.004,16.049,0.003,15.623,0.003,15.304,0.006,14.522,0.036000000000000004,13.825999999999999,0.039,13.341,0.038,,,,,,,,,,,,,,,,,,,,,,,,,,,
8238,8238,8238,212189909,08 59 35.528,+23 59 58.65,1,18.044,,,,08593552+2359586,4569-301-3-0158-0174,EXTENDED,gri,,3.0,3.0,0.0,3.0,,,,,,,19.867,0.053,18.777,0.011000000000000001,18.1,0.009000000000000001,17.73,0.009000000000000001,17.535999999999998,0.026000000000000002,16.789,0.179,16.029,0.201,15.357999999999999,0.175,,,,,,,,,,,,,,,,,,,,,,,,,,,
8239,8239,8239,212189960,08 50 44.214,+24 00 02.89,1,12.497,,,571-045516,08504421+2400030,,STAR,gri,lam,-10.6,2.8,-2.8,1.6,,,13.638,0.02,12.75,0.04,,,13.185,0.04,12.482000000000001,0.03,12.202,0.03,,,11.110999999999999,0.02,10.649000000000001,0.016,10.558,0.017,4954.0,79.0,59.0,3.332,0.145,0.145,-0.306,0.12,0.12,3.717,0.65,0.5529999999999999,1.127,0.128,0.107,0.02,0.012,0.008,958.3,157.3,159.7,0.034,0.011000000000000001,0.006,,,
8240,8240,8240,212190041,08 45 27.051,+24 00 10.38,1,19.302,,,,,4508-301-3-0126-0335,STAR,gri,,-3.0,3.0,4.0,3.0,,,,,,,19.604,0.028999999999999998,19.33,0.011000000000000001,19.293,0.012,19.153,0.013999999999999999,19.177,0.04,,,,,,,,,,,,,,,,,,,,,,,,,,,,,,,,,
8241,8241,8241,212190048,08 53 03.746,+24 00 10.67,1,14.878,,,571-045605,08530373+2400106,,STAR,gri,rpm,4.0,3.1,-2.7,3.4,,,15.753,0.06,15.061,0.02,,,15.365,0.04,14.835999999999999,0.04,14.669,0.1,,,13.728,0.025,13.366,0.034,13.224,0.031,5628.0,165.0,165.0,4.47,0.06,0.204,-0.223,0.2,0.32,0.9129999999999999,0.257,0.09699999999999999,0.9129999999999999,0.075,0.09,1.183,0.32299999999999995,0.552,894.5,279.3,113.6,0.035,0.01,0.008,,,
8242,8242,8242,212190064,08 42 55.041,+24 00 11.91,1,14.210999999999999,,,571-045218,08425504+2400118,4517-301-3-0132-0009,STAR,gri,rpm,4.8,4.7,-0.4,5.1,,,15.254000000000001,0.04,14.359000000000002,0.05,,,14.767999999999999,0.02,14.071,0.02,13.972000000000001,0.43,,,12.651,0.022000000000000002,12.107000000000001,0.023,12.024000000000001,0.023,4995.0,80.0,100.0,2.937,0.53,0.636,-0.6809999999999999,0.25,0.4,4.823,5.138,1.95,0.9109999999999999,0.10400000000000001,0.035,0.005,0.024,0.005,2433.0,2560.0,977.0,0.03,0.012,0.006,,,
8243,8243,8243,212190135,09 00 44.549,+24 00 19.90,1,17.215999999999998,,,,09004454+2400199,4576-301-3-0152-0149,EXTENDED,gri,,-2.0,3.0,-1.0,3.0,,,,,,,19.276,0.043,17.805999999999994,0.006999999999999999,17.324,0.006,16.963,0.006999999999999999,16.820999999999998,0.021,16.408,0.126,15.717,0.155,15.224,0.136,,,,,,,,,,,,,,,,,,,,,,,,,,,
8244,8244,8244,212190141,08 50 34.524,+24 00 20.65,1,17.061,,,,08503452+2400206,4569-301-5-0146-0229,EXTENDED,gri,,5.0,3.0,7.0,3.0,,,,,,,19.908,0.065,18.042,0.008,17.089000000000002,0.005,16.641,0.006,16.29,0.011000000000000001,15.594000000000001,0.061,14.827,0.065,14.533,0.08,,,,,,,,,,,,,,,,,,,,,,,,,,,
8245,8245,8245,212190204,08 48 15.914,+24 00 27.00,1,11.574000000000002,,1943-2364-1,571-045432,08481594+2400270,,STAR,gri,rpm,-5.5,2.1,-3.2,2.3,,,12.927999999999999,0.358,11.669,0.166,,,12.341,0.03,11.402999999999999,0.04,11.245999999999999,0.46,,,9.765,0.022000000000000002,9.175,0.021,9.032,0.019,4624.0,74.0,74.0,2.4330000000000003,0.18,0.15,-0.12,0.15,0.21,11.027000000000001,1.489,2.467,1.229,0.201,0.16699999999999998,0.000878,0.000822,0.00033,1344.0,181.5,274.0,0.034,0.01,0.006999999999999999,,,
8246,8246,8246,212190237,08 45 12.563,+24 00 30.52,1,15.417,,,571-045310,08451255+2400306,4508-301-3-0126-0295,STAR,gri,col,,,,,,,17.653,0.14,15.935,0.063,,,16.882,0.02,15.524000000000001,0.03,14.79,0.47,,,12.892999999999999,0.023,12.213,0.021,12.005999999999998,0.022000000000000002,3880.0,78.0,93.0,4.88,0.048,0.04,-0.081,0.15,0.15,0.397,0.040999999999999995,0.045,0.445,0.049,0.057999999999999996,7.0760000000000005,1.751,1.1909999999999998,163.3,22.13,22.5,0.024,0.008,0.006,,,
8247,8247,8247,212190262,08 47 06.838,+24 00 32.35,1,16.819000000000006,,,,08470683+2400323,4518-301-2-0028-0206,EXTENDED,gri,,2.0,3.0,1.0,3.0,,,,,,,19.793,0.064,17.873,0.006999999999999999,16.817999999999998,0.005,16.367,0.004,15.970999999999998,0.008,15.15,0.051,14.487,0.05,14.022,0.054000000000000006,,,,,,,,,,,,,,,,,,,,,,,,,,,
8248,8248,8248,212190280,08 59 26.106,+24 00 33.73,1,15.969000000000001,,,571-045796,08592611+2400340,4569-301-3-0158-0162,STAR,JHK,rpm,-3.3,20.6,-22.5,20.5,,,,,,,,,,,,,,,,,13.777000000000001,0.025,13.193,0.03,12.937000000000001,0.026000000000000002,3617.0,142.0,142.0,4.995,0.084,0.07,-0.008,0.12,0.18,0.278,0.066,0.063,0.28600000000000003,0.08800000000000001,0.08800000000000001,12.89,6.893,4.4910000000000005,152.3,46.61,41.75,0.021,0.006999999999999999,0.005,,,
8249,8249,8249,212190370,08 42 00.631,+24 00 41.27,1,14.138,,,571-045166,08420063+2400413,,STAR,gri,rpm,-1.6,2.9,-20.4,3.4,,,15.039000000000001,0.07,14.155,0.05,,,14.562999999999999,0.01,13.862,0.04,13.955,0.66,,,12.5,0.019,12.017000000000001,0.017,11.917,0.02,5112.0,81.0,81.0,4.5760000000000005,0.036000000000000004,1.188,-0.24,0.25,0.4,0.772,2.289,0.07400000000000001,0.8540000000000001,0.06,0.096,1.744,0.305,1.716,392.9,1150.0,46.74,0.03,0.006999999999999999,0.006999999999999999,,,
8250,8250,8250,212190380,08 38 05.764,+24 00 42.15,1,15.15,,,571-045023,08380575+2400423,4508-301-5-0117-0185,STAR,gri,rpm,2.0,4.1,-18.3,4.8,,,17.54,0.11900000000000001,16.072,0.067,,,16.824,0.01,15.489,0.05,14.432,0.078,,,12.66,0.023,12.050999999999998,0.022000000000000002,11.842,0.02,3760.0,104.0,59.0,4.9110000000000005,0.024,0.03,0.064,0.12,0.15,0.369,0.03,0.027000000000000003,0.405,0.043,0.036000000000000004,7.941,1.3030000000000002,1.12,131.9,13.39,12.16,0.02,0.004,0.005,,,
8251,8251,8251,212190402,08 41 24.570,+24 00 44.26,1,17.139,,,,08412456+2400442,4508-301-4-0121-0322,EXTENDED,gri,,1.0,3.0,1.0,3.0,,,,,,,18.883,0.027000000000000003,17.705,0.006,17.204,0.005,16.897000000000002,0.005,16.674,0.012,16.024,0.083,15.454,0.098,14.885,0.10400000000000001,,,,,,,,,,,,,,,,,,,,,,,,,,,
8252,8252,8252,212190408,08 44 10.800,+24 00 44.87,1,13.056,,,571-045273,08441079+2400447,,STAR,gri,rpm,-3.5,1.9,-6.5,2.3,,,14.163,0.02,13.163,0.02,,,13.625,0.02,12.855,0.01,12.812000000000001,0.52,,,11.422,0.021,10.85,0.019,10.764000000000001,0.018000000000000002,4845.0,57.0,57.0,2.49,0.56,0.28,-0.653,0.3,0.3,8.103,3.4219999999999997,3.155,0.934,0.11699999999999999,0.045,0.001,0.006,0.000964,2312.0,741.3,890.9,0.033,0.008,0.006999999999999999,,,
8253,8253,8253,212190443,08 52 57.927,+24 00 48.69,1,15.225,,,571-045596,08525791+2400487,,STAR,gri,rpm,-2.9,3.0,-1.3,3.3,,,16.570999999999998,0.09,15.524000000000001,0.05,,,16.012,0.06,15.22,0.04,14.888,0.08,,,13.669,0.025,13.103,0.027000000000000003,12.970999999999998,0.034,4808.0,114.0,95.0,4.598,0.05,2.02,-0.28800000000000003,0.25,0.4,0.737,7.37,0.08900000000000001,0.7909999999999999,0.174,0.087,1.8730000000000002,0.512,1.8719999999999999,601.3,5568.0,97.46,0.034,0.01,0.006999999999999999,,,
8254,8254,8254,212190447,08 42 37.647,+24 00 49.26,1,18.674,,,,,4517-301-3-0131-0358,EXTENDED,gri,,8.0,5.0,-10.0,5.0,,,,,,,20.951,0.271,19.16,0.027000000000000003,18.822,0.028999999999999998,18.465,0.03,18.722,0.125,,,,,,,,,,,,,,,,,,,,,,,,,,,,,,,,,
8255,8255,8255,212190466,08 59 59.462,+24 00 50.80,1,11.545,,1950-264-1,571-045809,08595947+2400509,,STAR,gri,lam,-9.5,2.4,3.6,2.5,,,11.892999999999999,0.16699999999999998,11.357999999999999,0.142,,,11.853,0.02,11.535,0.03,11.413,0.03,,,10.645999999999999,0.09,10.447000000000001,0.021,10.377,0.018000000000000002,6338.0,153.0,191.0,4.114,0.14,0.14,-0.107,0.12,0.15,1.5619999999999998,0.36,0.292,1.245,0.11699999999999999,0.11699999999999999,0.312,0.188,0.135,409.2,111.9,64.9,0.031,0.008,0.006999999999999999,,,
8256,8256,8256,212190476,08 38 40.833,+24 00 51.71,1,14.669,,,571-045042,08384082+2400517,4517-301-4-0126-0046,STAR,gri,rpm,-4.9,4.5,-55.6,5.0,,,16.521,0.07,15.177999999999999,0.08,,,15.954,0.02,14.587,0.01,14.119000000000002,0.6,,,12.142999999999999,0.019,11.477,0.018000000000000002,11.292,0.018000000000000002,3874.0,62.0,78.0,4.894,0.04,0.04,-0.07,0.08,0.12,0.38799999999999996,0.039,0.036000000000000004,0.434,0.046,0.046,7.2,1.456,1.2109999999999999,113.8,16.56,14.45,0.019,0.005,0.005,,,
8257,8257,8257,212190483,08 59 39.521,+24 00 52.50,1,15.015,,,571-045804,08593953+2400527,4569-301-3-0158-0098,STAR,gri,rpm,-4.7,4.3,-1.7,4.7,,,16.35,0.07,15.415,0.08,,,15.894,0.04,15.017999999999999,0.06,14.638,0.06,,,13.459000000000001,0.024,12.994000000000002,0.026000000000000002,12.888,0.031,4956.0,97.0,97.0,4.59,0.035,0.973,-0.055,0.15,0.21,0.7490000000000001,1.9140000000000001,0.045,0.8170000000000001,0.11800000000000001,0.049,1.855,0.275,1.801,561.7,1420.0,45.87,0.035,0.008,0.008,,,
8258,8258,8258,212190484,08 45 31.716,+24 00 52.60,1,15.524000000000001,,,571-045327,08453172+2400527,4508-301-3-0127-0007,STAR,gri,rpm,-1.1,4.4,-6.5,4.9,,,16.471,0.01,15.75,0.02,,,16.079,0.04,15.436,0.01,15.286,0.13,,,14.216,0.026000000000000002,13.805,0.027999999999999997,13.674000000000001,0.040999999999999995,5309.0,128.0,107.0,4.553999999999999,0.042,0.07,-0.263,0.25,0.35,0.8029999999999999,0.11599999999999999,0.07400000000000001,0.853,0.062,0.087,1.605,0.325,0.41,926.8,155.1,96.98,0.034,0.008,0.006999999999999999,,,
8259,8259,8259,212190504,08 41 16.981,+24 00 54.91,1,10.354000000000001,,1942-1169-1,571-045143,08411698+2400550,,STAR,gri,rpm,-16.7,1.3,-25.3,1.4,,,11.187000000000001,0.07,10.293,0.045,,,10.892000000000001,0.02,10.107999999999999,0.06,10.124,0.59,,,8.718,0.021,8.248,0.021,8.145,0.017,4961.0,100.0,100.0,3.2769999999999997,0.29,0.87,-0.245,0.25,0.35,4.203,5.69,1.3719999999999999,1.1420000000000001,0.29100000000000004,0.218,0.015,0.03,0.013999999999999999,333.2,414.5,89.02,0.03,0.008,0.006,,,
8260,8260,8260,212190554,08 43 40.625,+24 00 59.71,1,11.722000000000001,,1942-2451-1,571-045251,08434061+2400596,,STAR,gri,rpm,15.8,1.9,-4.0,1.9,,,11.794,0.106,11.386,0.11900000000000001,,,11.835,0.01,11.685,0.01,11.904000000000002,0.51,,,11.084000000000001,0.022000000000000002,10.913,0.025,10.831,0.017,7053.0,85.0,170.0,4.101,0.095,0.095,-0.122,0.08,0.06,1.78,0.217,0.23,1.483,0.059000000000000004,0.083,0.251,0.129,0.073,628.2,83.17,73.45,0.036000000000000004,0.006999999999999999,0.005,,,
8261,8261,8261,212190568,08 39 27.179,+24 01 01.16,1,11.265,,1942-2041-1,571-045071,08392717+2401011,,STAR,gri,rpm,2.6,2.1,-7.0,2.3,,,12.831,0.424,11.544,0.16399999999999998,,,12.127,0.01,11.019,0.04,10.895,0.58,,,9.146,0.018000000000000002,8.482000000000001,0.021,8.31,0.018000000000000002,4328.0,68.0,51.0,2.016,0.252,0.37799999999999995,-0.132,0.25,0.25,17.086,7.52,3.483,1.218,0.12,0.21600000000000005,0.000212,0.00026000000000000003,0.000148,1442.0,529.5,288.7,0.034,0.012,0.006999999999999999,,,
8262,8262,8262,212190575,08 53 05.077,+24 01 01.82,1,14.457,,,571-045607,08530506+2401018,,STAR,gri,rpm,-25.9,3.1,19.4,3.4,,,15.669,0.02,14.772,0.07,,,15.224,0.05,14.424000000000001,0.02,14.129000000000001,0.03,,,13.003,0.024,12.467,0.023,12.335999999999999,0.023,4828.0,93.0,93.0,4.63,0.048,0.03,-0.201,0.2,0.4,0.6829999999999999,0.047,0.077,0.74,0.047,0.10400000000000001,2.249,0.556,0.29,397.3,37.33,46.94,0.028999999999999998,0.009000000000000001,0.005,,,
8263,8263,8263,212190647,08 54 57.972,+24 01 09.54,1,19.22,,,,,4569-301-4-0152-0581,EXTENDED,gri,,-2.0,4.0,-4.0,4.0,,,,,,,20.871,0.149,19.647000000000002,0.022000000000000002,19.27,0.025,19.037,0.031,18.915,0.114,,,,,,,,,,,,,,,,,,,,,,,,,,,,,,,,,
8264,8264,8264,212190663,08 40 53.716,+24 01 10.43,1,15.192,,,571-045125,08405371+2401105,4508-301-4-0120-0168,STAR,gri,rpm,-0.5,4.4,2.3,4.9,,,16.122,0.02,15.265,0.03,,,15.603,0.01,14.954,0.06,15.015999999999998,0.61,,,13.595999999999998,0.022000000000000002,13.103,0.022000000000000002,12.987,0.027999999999999997,5064.0,100.0,80.0,3.4939999999999998,1.104,0.828,-0.64,0.4,0.48,2.66,3.04,1.985,0.879,0.07200000000000001,0.11599999999999999,0.032,2.0,0.03,2175.0,2412.0,1607.0,0.032,0.006999999999999999,0.006999999999999999,,,
8265,8265,8265,212190679,08 39 08.902,+24 01 11.85,1,17.680999999999994,,,,08390890+2401118,4517-301-4-0127-0127,EXTENDED,gri,,-2.0,3.0,0.0,3.0,,,,,,,20.314,0.083,18.524,0.009000000000000001,17.694000000000006,0.006999999999999999,17.32,0.006,17.014,0.016,16.256,0.098,15.607000000000001,0.11199999999999999,15.339,0.152,,,,,,,,,,,,,,,,,,,,,,,,,,,
8266,8266,8266,212190685,08 59 48.125,+24 01 12.37,1,16.706,,,,08594812+2401123,4569-301-3-0159-0121,EXTENDED,gri,,-3.0,3.0,3.0,3.0,,,,,,,19.680999999999997,0.066,17.678,0.006999999999999999,16.706,0.005,16.289,0.005,15.935,0.011000000000000001,15.397,0.066,14.819,0.092,14.302999999999999,0.081,,,,,,,,,,,,,,,,,,,,,,,,,,,
8267,8267,8267,212190703,08 55 00.945,+24 01 14.21,1,17.65,,,,08550094+2401142,4569-301-4-0152-0180,EXTENDED,gri,,-9.0,3.0,1.0,3.0,,,,,,,19.577,0.071,18.266,0.012,17.703,0.011000000000000001,17.386,0.012,17.12,0.033,16.375999999999998,0.147,15.865,0.203,,,,,,,,,,,,,,,,,,,,,,,,,,,,,
8268,8268,8268,212190705,08 52 07.163,+24 01 14.49,1,14.867,,,571-045570,08520715+2401145,4508-301-1-0135-0161,STAR,gri,rpm,-2.7,3.3,4.4,3.4,,,15.845,0.04,15.120999999999999,0.03,,,15.434000000000001,0.05,14.833,0.04,14.624,0.04,,,13.607999999999999,0.027999999999999997,13.222999999999999,0.034,13.105,0.036000000000000004,5431.0,163.0,163.0,4.5169999999999995,0.045,0.684,-0.235,0.25,0.35,0.862,1.198,0.081,0.885,0.076,0.076,1.364,0.314,1.251,779.9,1027.0,95.92,0.035,0.01,0.006999999999999999,,,
8269,8269,8269,212190758,08 54 22.806,+24 01 20.05,1,14.97,,,571-045642,08542279+2401200,4569-301-4-0151-0094,STAR,gri,rpm,-6.3,3.1,-1.5,3.4,,,16.511,0.04,15.405,0.03,,,15.943,0.07,14.964,0.01,14.552999999999999,0.06,,,13.306,0.025,12.749,0.027000000000000003,12.629000000000001,0.03,4611.0,110.0,110.0,4.645,0.042,0.035,-0.062,0.15,0.21,0.6659999999999999,0.062,0.055999999999999994,0.738,0.054000000000000006,0.064,2.358,0.503,0.35100000000000003,424.4,49.59,52.71,0.032,0.009000000000000001,0.005,,,
8270,8270,8270,212190783,08 47 08.561,+24 01 22.02,1,13.293,,,571-045391,08470856+2401219,,STAR,gri,rpm,-9.5,2.4,-1.7,2.8,,,14.466,0.02,13.405,0.02,,,13.937000000000001,0.01,12.995,0.04,13.017000000000001,0.6,,,11.527000000000001,0.021,10.992,0.018000000000000002,10.886,0.02,4712.0,112.0,74.0,3.0410000000000004,1.4080000000000001,0.44,-0.008,0.12,0.21,4.615,3.1,3.8510000000000004,1.146,0.095,0.342,0.006999999999999999,1.026,0.006,1433.0,710.9,1189.0,0.032,0.006999999999999999,0.01,,,
8271,8271,8271,212190798,08 46 43.006,+24 01 23.35,1,15.03,,,571-045376,08464299+2401234,,STAR,gri,rpm,-1.0,4.4,-34.3,5.1,,,16.985,0.06,15.569,0.06,,,16.373,0.03,14.95,0.06,14.454,0.67,,,12.41,0.019,11.75,0.018000000000000002,11.562999999999999,0.021,3910.0,93.0,93.0,4.877,0.03,0.036000000000000004,-0.027000000000000003,0.15,0.18,0.409,0.034,0.032,0.45899999999999996,0.047,0.047,6.4879999999999995,1.135,0.966,134.4,20.19,13.39,0.019,0.006999999999999999,0.006,,,
8272,8272,8272,212190805,08 47 41.406,+24 01 23.82,1,8.787,,1943-1572-1,571-045412,08474140+2401239,,STAR,BV,rpm,-7.9,1.1,-6.3,1.1,,,10.151,0.037000000000000005,8.999,0.019,,,,,,,,,,,6.968999999999999,0.021,6.403,0.02,6.263,0.016,4659.0,91.0,109.0,2.435,0.15,0.15,-0.061,0.15,0.18,11.635,2.62,1.473,1.48,0.32799999999999996,0.273,0.000869,0.000557,0.000389,394.4,81.3,38.33,0.033,0.008,0.008,,,
8273,8273,8273,212190821,08 59 55.927,+24 01 25.32,1,16.921,,,,08595592+2401253,4569-301-3-0159-0140,EXTENDED,gri,,0.0,3.0,3.0,3.0,,,,,,,19.820999999999998,0.055,17.875,0.006999999999999999,16.919,0.005,16.512,0.005,16.14,0.01,15.331,0.063,14.648,0.07400000000000001,14.085999999999999,0.064,,,,,,,,,,,,,,,,,,,,,,,,,,,
8274,8274,8274,212190848,08 57 43.230,+24 01 28.93,1,18.965,,,,,4576-301-4-0148-0068,STAR,gri,,2.0,3.0,0.0,3.0,,,,,,,19.025,0.024,18.949,0.009000000000000001,18.97,0.012,18.76,0.013000000000000001,18.726,0.047,,,,,,,,,,,,,,,,,,,,,,,,,,,,,,,,,
8275,8275,8275,212190869,08 56 13.296,+24 01 31.15,1,18.924,,,,,4576-301-4-0146-0310,STAR,gri,,0.0,3.0,-2.0,3.0,,,,,,,19.006,0.023,18.99,0.01,18.902,0.012,18.909000000000002,0.013999999999999999,18.869,0.052000000000000005,,,,,,,,,,,,,,,,,,,,,,,,,,,,,,,,,
8276,8276,8276,212190877,08 55 07.478,+24 01 31.72,1,15.277999999999999,,,571-045661,08550747+2401317,4569-301-4-0152-0197,STAR,gri,rpm,-17.3,3.0,4.4,3.3,,,17.662,0.15,15.953,0.064,,,16.859,0.05,15.411,0.01,14.600999999999999,0.03,,,12.99,0.022000000000000002,12.368,0.021,12.169,0.02,3657.0,147.0,58.0,4.98,0.02,0.068,0.023,0.05,0.1,0.305,0.06,0.024,0.326,0.066,0.037000000000000005,11.27,1.493,3.182,121.4,30.04,10.28,0.018000000000000002,0.004,0.002,,,
8277,8277,8277,212190914,08 43 55.860,+24 01 36.81,1,12.728,,,571-045262,08435586+2401367,,STAR,gri,rpm,-6.7,2.0,-6.0,1.9,,,13.872,0.03,12.850999999999999,0.02,,,13.327,0.01,12.530999999999999,0.01,12.470999999999998,0.51,,,11.052999999999999,0.021,10.466,0.019,10.375,0.017,4784.0,76.0,57.0,2.447,0.644,0.276,-0.643,0.36,0.24,9.228,2.742,4.2860000000000005,0.924,0.19399999999999998,0.028999999999999998,0.001,0.006999999999999999,0.000546,2066.0,626.3,912.1,0.034,0.006999999999999999,0.008,,,
8278,8278,8278,212190920,08 50 29.890,+24 01 37.23,1,17.826,,,,,4569-301-5-0146-0412,EXTENDED,gri,,-2.0,3.0,-3.0,3.0,,,,,,,19.647000000000002,0.085,18.36,0.016,17.86,0.013999999999999999,17.597,0.017,17.469,0.049,,,,,,,,,,,,,,,,,,,,,,,,,,,,,,,,,
8279,8279,8279,212190942,08 52 00.431,+24 01 39.39,1,13.390999999999998,,,571-045566,08520041+2401394,,STAR,gri,rpm,7.9,1.9,-18.7,2.2,,,14.499,0.04,13.639000000000001,0.04,,,14.072000000000001,0.04,13.347999999999999,0.02,13.1,0.01,,,12.027999999999999,0.022000000000000002,11.582,0.03,11.498,0.022000000000000002,5117.0,104.0,83.0,4.538,0.054000000000000006,1.287,-0.132,0.3,0.66,0.8590000000000001,2.845,0.102,0.9,0.053,0.079,1.459,0.336,1.442,351.8,1097.0,52.09,0.032,0.013999999999999999,0.009000000000000001,,,
8280,8280,8280,212190994,08 47 24.534,+24 01 45.53,1,14.052999999999999,,,571-045401,08472453+2401454,,STAR,gri,rpm,-9.6,2.9,1.2,3.3,,,14.882,0.02,14.056,0.02,,,14.44,0.01,13.769,0.02,13.887,0.58,,,12.534,0.022000000000000002,12.094000000000001,0.016,11.998,0.021,5218.0,83.0,124.0,4.49,0.084,1.036,-0.24,0.25,0.45,0.8909999999999999,2.204,0.11900000000000001,0.895,0.217,0.07200000000000001,1.254,0.493,1.222,480.6,1053.0,84.52,0.032,0.008,0.006999999999999999,,,
8281,8281,8281,212191017,08 38 21.766,+24 01 46.97,1,14.927,,,571-045035,08382175+2401471,,STAR,gri,rpm,3.3,4.5,0.9,5.0,,,16.037,0.14,15.208,0.07,,,15.610999999999999,0.03,14.894,0.01,14.634,0.06,,,13.567,0.025,13.117,0.025,13.034,0.027999999999999997,5115.0,82.0,103.0,4.564,0.042,1.1340000000000001,-0.26,0.24,0.36,0.797,2.35,0.087,0.847,0.121,0.1,1.6669999999999998,0.337,1.636,646.0,1765.0,76.84,0.035,0.01,0.006999999999999999,,,
8282,8282,8282,212191020,08 46 38.708,+24 01 47.06,1,14.132,,,571-045372,08463870+2401471,,STAR,gri,rpm,-21.5,4.6,-45.7,5.0,,,15.632,0.04,14.359000000000002,0.05,,,15.048,0.02,13.847999999999999,0.04,13.74,0.6,,,12.062000000000001,0.019,11.404000000000002,0.016,11.279000000000002,0.018000000000000002,4196.0,98.0,123.0,4.761,0.049,0.035,-0.069,0.15,0.18,0.523,0.036000000000000004,0.053,0.586,0.043,0.052000000000000005,4.041,0.862,0.617,162.2,17.3,21.46,0.022000000000000002,0.006,0.006999999999999999,,,
8283,8283,8283,212191040,08 42 39.735,+24 01 49.82,1,18.024,,,,,4517-301-3-0131-0455,EXTENDED,gri,,-5.0,3.0,9.0,3.0,,,,,,,19.779,0.095,18.558,0.017,18.048,0.015,17.795,0.016,17.572,0.046,,,,,,,,,,,,,,,,,,,,,,,,,,,,,,,,,
8284,8284,8284,212191055,08 57 49.727,+24 01 50.94,1,19.283,,,,,4576-301-4-0149-0322,EXTENDED,gri,,8.0,4.0,2.0,4.0,,,,,,,20.891,0.149,19.709,0.022000000000000002,19.384,0.026000000000000002,19.1,0.031,19.055999999999997,0.133,,,,,,,,,,,,,,,,,,,,,,,,,,,,,,,,,
8285,8285,8285,212191067,08 52 30.371,+24 01 53.13,1,17.968,,,,08523037+2401531,,STAR,J,col,,,,,,,,,,,,,,,,,,,,,16.436,0.126,15.606,0.135,15.009,0.114,3749.0,385.0,321.0,4.978,0.125,0.175,-0.179,0.2,0.32,0.282,0.15,0.098,0.311,0.198,0.142,11.29,11.76,6.495,626.3,452.1,300.0,0.032,0.01,0.008,,,
8286,8286,8286,212191072,08 54 36.882,+24 01 53.56,1,16.883,,,,08543688+2401535,4569-301-4-0152-0102,STAR,gri,rpm,-105.0,3.0,142.0,3.0,,,,,,,21.873,0.168,19.176,0.01,17.524,0.006,15.9,0.005,15.037,0.006,13.603,0.027000000000000003,13.02,0.028999999999999998,12.7,0.026000000000000002,3021.0,93.0,93.0,5.202999999999999,0.02,0.024,-0.076,0.15,0.33,0.14300000000000002,0.01,0.006,0.121,0.011000000000000001,0.006999999999999999,40.17,3.372,4.86,72.92,23.47,24.94,0.011000000000000001,0.005,0.004,,,
8287,8287,8287,212191077,08 42 49.255,+24 01 54.09,1,14.394,,,571-045210,08424925+2401540,,STAR,gri,rpm,-8.0,4.7,-7.5,5.1,,,15.331,0.04,14.492,0.05,,,14.85,0.02,14.21,0.02,14.199000000000002,0.45,,,12.935,0.023,12.462,0.022000000000000002,12.365,0.023,5173.0,101.0,101.0,3.444,1.089,0.495,-0.695,0.48,0.36,2.463,2.161,1.764,0.892,0.055999999999999994,0.079,0.038,1.463,0.033,1608.0,1345.0,1131.0,0.033,0.008,0.006,,,
8288,8288,8288,212191106,08 45 31.062,+24 01 56.94,1,12.732000000000001,,,571-045326,08453106+2401571,,STAR,gri,rpm,-5.9,1.1,-3.9,0.9,,,13.129000000000001,0.03,12.607999999999999,0.02,,,12.799000000000001,0.01,12.482000000000001,0.02,12.703,0.57,,,11.673,0.022000000000000002,11.432,0.02,11.356,0.019,6360.0,126.0,101.0,4.15,0.155,0.18600000000000005,-0.19,0.18,0.24,1.445,0.495,0.243,1.2,0.175,0.146,0.349,0.223,0.174,641.7,213.2,118.9,0.033,0.008,0.006,,,
8289,8289,8289,212191199,08 46 25.572,+24 02 05.20,1,16.246,,,,08462557+2402052,4518-301-2-0027-0247,STAR,gri,rpm,-78.0,3.0,-75.0,3.0,,,,,,,20.72,0.084,18.19,0.006999999999999999,16.738,0.004,15.413,0.004,14.686,0.004,13.322000000000001,0.022000000000000002,12.695,0.021,12.455,0.023,3549.0,108.0,108.0,5.0569999999999995,0.035,0.035,-0.11699999999999999,0.15,0.18,0.22699999999999998,0.027000000000000003,0.024,0.214,0.032,0.027000000000000003,18.4,3.468,3.444,104.4,22.27,21.08,0.017,0.006999999999999999,0.005,,,
8290,8290,8290,212191210,09 00 39.986,+24 02 06.42,1,13.981,,,571-045818,09003996+2402063,,STAR,gri,lam,13.6,4.5,-15.1,4.9,,,14.943,0.02,14.257,0.037000000000000005,,,14.52,0.037000000000000005,13.969000000000001,0.045,13.749,0.069,,,12.764000000000001,0.032,12.341,0.036000000000000004,12.182,0.024,5490.0,162.0,162.0,4.533,0.035,0.042,-0.247,0.12,0.15,0.8140000000000001,0.068,0.053,0.8440000000000001,0.068,0.057,1.506,0.223,0.23,500.4,61.58,46.13,0.032,0.01,0.006,,,
8291,8291,8291,212191244,08 41 58.136,+24 02 09.81,1,15.718,,,,08415813+2402098,4508-301-4-0122-0283,EXTENDED,gri,,-4.0,3.0,5.0,3.0,,,,,,,18.621,0.038,16.721,0.005,15.718,0.003,15.288,0.003,14.963,0.006999999999999999,14.674000000000001,0.040999999999999995,14.035,0.042,13.607999999999999,0.051,,,,,,,,,,,,,,,,,,,,,,,,,,,
8292,8292,8292,212191252,08 47 42.682,+24 02 10.55,1,12.923,,,571-045413,08474269+2402106,,STAR,gri,rpm,2.8,2.1,19.5,2.5,,,13.605,0.04,12.953,0.05,,,13.238,0.04,12.749,0.04,12.788,0.46,,,11.668,0.019,11.315999999999999,0.016,11.241,0.019,5723.0,136.0,136.0,4.41,0.075,0.51,-0.113,0.15,0.27,1.016,0.767,0.099,0.965,0.086,0.07200000000000001,0.9309999999999999,0.268,0.765,403.6,293.9,55.94,0.034,0.008,0.008,,,
8293,8293,8293,212191269,08 46 24.059,+24 02 12.54,1,15.367,,,571-045357,08462406+2402127,4518-301-2-0027-0242,STAR,JHK,col,,,,,,,,,,,,,,,,,,,,,12.969000000000001,0.022000000000000002,12.304,0.023,12.062000000000001,0.022000000000000002,3861.0,154.0,216.0,4.89,0.099,0.055,-0.055999999999999994,0.16,0.2,0.38,0.061,0.098,0.42200000000000004,0.07400000000000001,0.133,7.287000000000001,5.376,1.7590000000000001,163.1,33.9,51.3,0.021,0.006999999999999999,0.006,,,
8294,8294,8294,212191285,08 47 25.262,+24 02 14.31,1,12.634,,,571-045402,08472525+2402143,,STAR,gri,rpm,17.8,2.3,-29.4,2.9,,,13.911,0.02,12.765999999999998,0.03,,,13.383,0.01,12.323,0.04,12.314,0.61,,,10.713,0.021,10.145,0.016,10.021,0.018000000000000002,4554.0,54.0,54.0,4.662,0.02,0.024,-0.012,0.12,0.06,0.665,0.013000000000000001,0.027000000000000003,0.728,0.017,0.03,2.51,0.242,0.151,131.7,13.37,12.14,0.021,0.005,0.003,,,
8295,8295,8295,212191312,08 54 59.269,+24 02 17.48,1,9.978,,1943-1161-1,571-045655,08545927+2402173,,STAR,gri,rpm,2.1,1.6,-0.3,1.5,,,11.453,0.096,10.300999999999998,0.051,,,10.991,0.05,9.932,0.04,9.544,0.01,,,8.275,0.026000000000000002,7.694,0.018000000000000002,7.5420000000000025,0.021,4501.0,72.0,90.0,2.342,0.145,0.23199999999999998,0.054000000000000006,0.12,0.21,12.672,4.414,1.906,1.3519999999999999,0.247,0.155,0.000628,0.000391,0.000365,753.2,256.8,95.38,0.036000000000000004,0.01,0.008,,,
8296,8296,8296,212191315,08 42 07.373,+24 02 18.01,1,17.973,,,,08420737+2402180,,STAR,J,col,,,,,,,,,,,,,,,,,,,,,16.441,0.115,15.715,0.12300000000000001,15.374,0.161,3869.0,493.0,352.0,4.923,0.14,0.168,-0.254,0.25,0.35,0.358,0.163,0.13,0.377,0.18100000000000002,0.18100000000000002,8.224,9.158,4.333,761.0,519.5,353.5,0.032,0.01,0.006999999999999999,,,
8297,8297,8297,212191321,08 42 14.444,+24 02 18.28,1,15.818,,,,08421444+2402182,,STAR,J,col,,,,,,,,,,,,,,,,,,,,,14.442,0.037000000000000005,13.722000000000001,0.037000000000000005,13.386,0.044000000000000004,3831.0,281.0,338.0,4.914,0.154,0.132,-0.071,0.2,0.24,0.35100000000000003,0.13699999999999998,0.13699999999999998,0.397,0.139,0.19399999999999998,8.116,10.82,3.8169999999999997,303.4,128.1,142.5,0.027000000000000003,0.009000000000000001,0.011000000000000001,,,
8298,8298,8298,212191357,08 47 55.108,+24 02 21.46,1,14.687999999999999,,,571-045420,08475511+2402216,,STAR,gri,rpm,-6.8,4.4,-19.4,5.0,,,16.375999999999998,0.07,15.06,0.05,,,15.785,0.05,14.501,0.06,14.218,0.48,,,12.556,0.021,11.902000000000001,0.018000000000000002,11.759,0.019,4103.0,125.0,157.0,4.791,0.054000000000000006,0.045,-0.03,0.15,0.12,0.493,0.055,0.05,0.5539999999999999,0.067,0.055999999999999994,4.618,1.063,1.0170000000000001,187.5,31.99,27.33,0.024,0.006999999999999999,0.006,,,
8299,8299,8299,212191368,08 41 58.716,+24 02 22.25,1,17.195,,,,08415871+2402222,4508-301-4-0122-0284,EXTENDED,gri,,9.0,3.0,2.0,3.0,,,,,,,20.229,0.078,18.213,0.008,17.195,0.006,16.759,0.005,16.397000000000002,0.011000000000000001,15.595999999999998,0.057999999999999996,14.892000000000001,0.057999999999999996,14.585999999999999,0.081,,,,,,,,,,,,,,,,,,,,,,,,,,,
8300,8300,8300,212191379,08 52 53.967,+24 02 23.37,1,9.621,,1943-1405-1,571-045593,08525397+2402232,,STAR,gri,rpm,2.1,1.5,-6.5,1.5,,,10.379000000000001,0.046,9.73,0.037000000000000005,,,10.353,0.04,9.641,0.04,9.307,0.01,,,8.332,0.02,7.876,0.018000000000000002,7.8020000000000005,0.017,4962.0,80.0,80.0,2.452,0.44799999999999995,0.084,-0.48,0.36,0.16,10.507,0.726,2.134,1.105,1.0070000000000001,0.114,0.000975,0.002,0.000225,684.2,66.01,104.5,0.033,0.01,0.006999999999999999,,,
8301,8301,8301,212191381,08 50 48.353,+24 02 23.56,1,15.485999999999999,,,,08504835+2402235,,STAR,JHK,col,,,,,,,,,,,,,,,,,,,,,13.124,0.022000000000000002,12.499,0.018000000000000002,12.23,0.019,3577.0,127.0,152.0,5.023,0.10800000000000001,0.06,-0.026000000000000002,0.15,0.21,0.252,0.057,0.077,0.24100000000000002,0.081,0.09699999999999999,15.38,13.26,5.218999999999999,101.1,33.71,33.52,0.016,0.006,0.006,,,
8302,8302,8302,212191389,08 58 40.998,+24 02 24.24,1,12.671,,,571-045773,08584100+2402244,,STAR,gri,lam,-13.9,2.3,-28.5,2.8,,,13.668,0.02,12.9,0.06,,,13.245999999999999,0.01,12.636,0.03,12.425,0.03,,,11.511,0.021,11.18,0.023,11.097999999999999,0.016,5530.0,131.0,131.0,4.481,0.04,0.048,0.047,0.1,0.1,0.922,0.064,0.06,0.965,0.047,0.047,1.185,0.191,0.195,326.3,29.84,32.53,0.028999999999999998,0.006999999999999999,0.006999999999999999,,,
8303,8303,8303,212191484,08 42 40.632,+24 02 32.11,1,14.859000000000002,,,571-045203,08424063+2402321,,STAR,gri,rpm,-11.6,4.4,16.1,4.9,,,16.573,0.03,15.2,0.05,,,15.958,0.01,14.63,0.01,14.388,0.61,,,12.636,0.021,11.966,0.016,11.802,0.02,3957.0,63.0,79.0,4.849,0.036000000000000004,0.036000000000000004,-0.03,0.15,0.12,0.431,0.034,0.038,0.489,0.04,0.048,5.8610000000000015,1.153,0.815,161.9,19.34,14.93,0.023,0.005,0.006999999999999999,,,
8304,8304,8304,212191511,08 52 59.791,+24 02 34.38,1,14.96,,,571-045598,08525978+2402344,,STAR,gri,rpm,11.0,3.0,-26.1,3.3,,,16.862000000000002,0.08,15.662,0.08,,,16.406,0.02,15.027999999999999,0.02,14.341,0.04,,,12.832,0.022000000000000002,12.19,0.024,11.982000000000001,0.018000000000000002,3840.0,46.0,46.0,4.922,0.03,0.03,-0.152,0.1,0.08,0.353,0.036000000000000004,0.019,0.39,0.046,0.027000000000000003,8.445,1.251,1.2570000000000001,140.7,16.44,10.47,0.023,0.013000000000000001,0.009000000000000001,,,
8305,8305,8305,212191535,08 40 48.435,+24 02 36.58,1,16.377,,,571-045120,08404843+2402366,4508-301-4-0120-0164,STAR,gri,col,,,,,,,17.308,0.1,16.655,0.086,,,16.88,0.068,16.38,0.086,16.160999999999998,0.14300000000000002,,,15.347000000000001,0.043,15.026,0.064,14.853,0.10099999999999999,5730.0,274.0,274.0,4.479,0.085,0.204,-0.562,0.3,0.42,0.8440000000000001,0.24,0.122,0.82,0.086,0.086,1.264,0.542,0.645,1780.0,708.9,336.4,0.033,0.01,0.006999999999999999,,,
8306,8306,8306,212191588,08 58 52.615,+24 02 42.58,1,15.097000000000001,,,571-045780,08585258+2402426,4569-301-3-0157-0264,EXTENDED,JHK,,-7.3,8.1,-12.7,8.0,,,,,,,,,,,,,,,,,12.885,0.022000000000000002,12.288,0.026000000000000002,12.039000000000001,0.021,,,,,,,,,,,,,,,,,,,,,,,,,,,
8307,8307,8307,212191634,08 55 02.283,+24 02 47.74,1,10.132,,1943-2140-1,571-045657,08550227+2402476,,STAR,gri,rpm,-1.0,1.3,-22.4,1.2,,,10.669,0.051,10.147,0.044000000000000004,,,10.498,0.02,10.112,0.01,9.975,0.02,,,9.264,0.02,9.061,0.024,8.985,0.018000000000000002,6154.0,99.0,99.0,3.984,0.312,0.195,-0.031,0.15,0.18,1.8,0.65,0.631,1.263,0.23800000000000002,0.17,0.19699999999999998,0.373,0.105,252.9,90.63,88.2,0.027999999999999997,0.01,0.006999999999999999,,,
8308,8308,8308,212191639,08 40 28.643,+24 02 48.17,1,17.587,,,,08402864+2402481,4508-301-4-0120-0233,EXTENDED,gri,,-52.0,4.0,-46.0,4.0,,,,,,,19.764,0.047,18.329,0.006999999999999999,17.632,0.006,17.269000000000002,0.006,16.993,0.013999999999999999,16.142,0.08199999999999999,15.283,0.08800000000000001,15.037,0.129,,,,,,,,,,,,,,,,,,,,,,,,,,,
8309,8309,8309,212191670,08 43 21.035,+24 02 51.03,1,12.437000000000001,,,571-045237,08432103+2402511,,STAR,gri,rpm,-5.8,1.8,-48.8,1.9,,,13.440999999999999,0.02,12.525,0.01,,,12.949000000000002,0.01,12.238,0.01,12.218,0.52,,,10.894,0.021,10.387,0.019,10.290999999999999,0.019,5021.0,140.0,60.0,4.564,0.055,1.287,-0.376,0.27,0.12,0.76,2.903,0.1,0.8170000000000001,0.127,0.106,1.739,0.527,1.7209999999999999,197.0,487.3,52.69,0.026000000000000002,0.021,0.005,,,
8310,8310,8310,212191721,08 42 15.105,+24 02 56.05,1,17.073,,,571-045181,08421501+2402564,,STAR,J,rpm,27.5,7.4,-8.9,7.4,,,,,,,,,,,,,,,,,15.606,0.059000000000000004,14.913,0.065,14.495999999999999,0.083,3667.0,313.0,223.0,4.993,0.09,0.126,-0.132,0.2,0.28,0.28600000000000003,0.10400000000000001,0.076,0.28600000000000003,0.14400000000000002,0.10300000000000001,12.59,8.547,5.829,364.7,223.5,119.8,0.03,0.008,0.006999999999999999,,,
8311,8311,8311,212191786,08 43 36.704,+24 03 02.86,1,19.102,,,,,4517-301-3-0133-0186,STAR,gri,,0.0,3.0,-5.0,3.0,,,,,,,19.574,0.033,19.214000000000002,0.012,19.065,0.012,18.865,0.013000000000000001,18.730999999999998,0.04,,,,,,,,,,,,,,,,,,,,,,,,,,,,,,,,,
8312,8312,8312,212191808,08 39 22.031,+24 03 04.51,1,15.376,,,571-045066,08392203+2403046,,STAR,gri,rpm,-3.2,4.4,-1.7,5.0,,,16.552,0.06,15.655999999999999,0.02,,,16.077,0.02,15.269,0.07,15.075,0.1,,,13.958,0.024,13.414000000000001,0.028999999999999998,13.366,0.032,4899.0,97.0,117.0,4.613,0.035,0.084,-0.18,0.2,0.28,0.715,1.515,0.06,0.768,0.092,0.076,2.055,0.359,1.962,656.4,147.8,70.04,0.033,0.01,0.006999999999999999,,,
8313,8313,8313,212191841,09 00 00.262,+24 03 08.11,1,16.741,,,,09000026+2403081,4569-301-3-0159-0167,EXTENDED,gri,,-2.0,3.0,-8.0,3.0,,,,,,,19.558,0.067,17.72,0.006999999999999999,16.737000000000002,0.005,16.320999999999998,0.005,15.974,0.012,15.615,0.079,14.948,0.098,14.548,0.096,,,,,,,,,,,,,,,,,,,,,,,,,,,
8314,8314,8314,212191853,08 53 21.398,+24 03 09.82,1,13.319,,,571-045613,08532140+2403098,,STAR,gri,lam,-3.9,1.8,-4.9,2.1,,,14.269,0.04,13.505,0.03,,,13.885,0.05,13.292,0.03,13.077,0.01,,,12.092,0.022000000000000002,11.663,0.021,11.607999999999999,0.02,5386.0,164.0,164.0,3.784,0.05,0.07,-0.23199999999999998,0.12,0.12,2.293,0.262,0.27899999999999997,1.163,0.10099999999999999,0.141,0.094,0.026000000000000002,0.024,1006.0,94.49,102.7,0.03,0.011000000000000001,0.008,,,
8315,8315,8315,212191882,08 42 17.893,+24 03 12.87,1,15.232000000000001,,,571-045185,08421790+2403128,4517-301-3-0131-0093,STAR,gri,rpm,-1.9,4.3,-6.9,4.9,,,16.499000000000002,0.03,15.532,0.02,,,16.02,0.04,15.19,0.04,14.895,0.08900000000000001,,,13.802999999999999,0.023,13.234000000000002,0.021,13.179,0.032,4792.0,94.0,75.0,4.627,0.035,0.035,-0.183,0.2,0.32,0.6920000000000001,0.055999999999999994,0.062,0.7509999999999999,0.057,0.069,2.1919999999999997,0.38299999999999995,0.326,581.8,56.13,60.88,0.032,0.01,0.008,,,
8316,8316,8316,212191908,08 56 39.022,+24 03 15.29,1,12.254000000000001,,,571-045710,08563902+2403153,,STAR,gri,rpm,-30.3,1.4,-54.5,1.6,,,13.554,0.05,12.600999999999999,0.08,,,13.083,0.01,12.232999999999999,0.02,11.898,0.03,,,10.764000000000001,0.025,10.306,0.022000000000000002,10.134,0.018000000000000002,4787.0,97.0,58.0,4.633,0.035,0.035,-0.11199999999999999,0.12,0.39,0.693,0.05,0.07200000000000001,0.755,0.057,0.092,2.262,0.445,0.3720000000000001,164.3,29.62,43.06,0.024,0.004,0.008,,,
8317,8317,8317,212191941,08 39 54.307,+24 03 18.53,1,14.5,,,571-045088,08395430+2403183,4517-301-4-0128-0041,STAR,gri,rpm,-10.3,4.7,1.7,5.1,,,15.386,0.03,14.571,0.05,,,14.932,0.01,14.29,0.03,14.314,0.59,,,12.984000000000002,0.023,12.559000000000001,0.019,12.44,0.023,5276.0,125.0,104.0,4.532,0.045,0.99,-0.27,0.25,0.5,0.846,1.881,0.076,0.894,0.057,0.069,1.416,0.306,1.3719999999999999,557.3,1165.0,60.61,0.034,0.008,0.008,,,
8318,8318,8318,212191944,08 52 06.782,+24 03 19.19,1,11.3,,1943-372-1,571-045569,08520676+2403193,,STAR,gri,rpm,-5.3,2.4,-4.7,2.6,,,12.674000000000001,0.305,11.859000000000002,0.196,,,12.322000000000001,0.03,11.298,0.03,10.862,0.01,,,9.517999999999999,0.021,8.832,0.027999999999999997,8.7,0.02,4327.0,69.0,51.0,1.443,0.441,0.315,-0.645,0.36,0.36,27.349,13.365,8.978,0.9259999999999999,0.158,0.042,3.79e-05,9.719999999999999e-05,2.730000000000001e-05,2673.0,1103.0,886.5,0.034,0.011000000000000001,0.008,,,
8319,8319,8319,212191964,08 46 19.782,+24 03 21.60,1,12.867,,,571-045350,08461978+2403215,,STAR,gri,rpm,-8.6,1.6,2.8,1.9,,,13.264000000000001,0.03,12.72,0.02,,,12.93,0.01,12.575,0.02,12.839,0.61,,,11.74,0.021,11.498,0.02,11.444,0.018000000000000002,6238.0,125.0,100.0,4.188,0.145,0.203,-0.154,0.2,0.24,1.382,0.44,0.21899999999999997,1.19,0.11,0.17600000000000002,0.392,0.298,0.20800000000000002,595.3,204.1,100.2,0.031,0.009000000000000001,0.005,,,
8320,8320,8320,212192009,08 41 38.121,+24 03 26.37,1,9.954,,1942-1818-1,571-045153,08413812+2403262,,STAR,gri,rpm,-9.5,1.1,-6.6,1.1,,,9.836,0.026000000000000002,9.53,0.025,,,10.2,0.03,9.699,0.16,9.847999999999999,0.58,,,8.981,0.018000000000000002,8.859,0.016,8.812000000000003,0.018000000000000002,6941.0,211.0,211.0,3.986,0.19,0.342,0.040999999999999995,0.12,0.12,1.984,1.3090000000000002,0.444,1.608,0.32799999999999996,0.16399999999999998,0.162,0.204,0.114,276.6,167.0,63.85,0.028999999999999998,0.006999999999999999,0.006,,,
8321,8321,8321,212192013,08 55 29.348,+24 03 26.43,1,19.482,,,,,4569-301-4-0153-0106,STAR,gri,,-11.0,5.0,6.0,5.0,,,,,,,21.831,0.16399999999999998,19.628,0.013999999999999999,19.433,0.015,19.337,0.018000000000000002,19.203,0.059000000000000004,,,,,,,,,,,,,,,,,,,,,,,,,,,,,,,,,
8322,8322,8322,212192020,08 44 30.767,+24 03 27.62,1,17.311,,,,08443076+2403276,4508-301-3-0125-0288,EXTENDED,gri,,1.0,3.0,-11.0,3.0,,,,,,,20.137999999999998,0.07,18.248,0.008,17.312,0.006,16.909000000000002,0.006,16.604,0.012,16.031,0.076,15.322000000000001,0.081,14.775,0.09,,,,,,,,,,,,,,,,,,,,,,,,,,,
8323,8323,8323,212192026,08 46 26.976,+24 03 28.39,1,14.630999999999998,,,571-045358,08462695+2403285,4518-301-2-0027-0102,STAR,gri,col,,,,,,,16.317999999999998,0.07,14.997,0.02,,,15.715,0.04,14.435,0.03,14.165999999999999,0.6,,,12.368,0.019,11.696,0.018000000000000002,11.542,0.02,4035.0,97.0,97.0,4.814,0.048,0.04,-0.03,0.15,0.18,0.46399999999999997,0.045,0.040999999999999995,0.526,0.051,0.051,5.029,1.0170000000000001,0.846,165.1,27.54,23.6,0.022000000000000002,0.006,0.006,,,
8324,8324,8324,212192096,08 57 17.319,+24 03 35.43,1,15.280999999999999,,,571-045725,08571732+2403353,4576-301-4-0148-0130,STAR,JHK,rpm,-42.2,8.6,-20.6,8.4,,,,,,,,,,,,,,,,,13.258,0.025,12.73,0.026000000000000002,12.468,0.028999999999999998,3518.0,133.0,160.0,5.039,0.055,0.066,0.059000000000000004,0.12,0.18,0.24100000000000002,0.054000000000000006,0.044000000000000004,0.239,0.076,0.063,16.16,6.404,5.332999999999998,101.0,32.87,24.8,0.016,0.006999999999999999,0.004,,,
8325,8325,8325,212192129,08 40 55.723,+24 03 38.48,1,13.289000000000001,,,571-045127,08405571+2403385,,STAR,gri,rpm,39.0,2.6,-46.1,3.7,,,15.3,0.02,13.779000000000002,0.02,,,14.589,0.02,13.168,0.03,12.731,0.59,,,10.842,0.019,10.216000000000001,0.018000000000000002,10.004,0.018000000000000002,3741.0,45.0,242.0,5.015,0.032,0.02,-0.15,0.42,0.36,0.262,0.025,0.017,0.26,0.035,0.013000000000000001,14.17,2.213,1.6569999999999998,41.05,10.53,1.232,0.01,0.001,0.002,,,
8326,8326,8326,212192139,08 42 30.132,+24 03 39.14,1,17.941,,,,,4517-301-3-0131-0253,EXTENDED,gri,,5.0,3.0,-2.0,3.0,,,,,,,19.458,0.057999999999999996,18.393,0.011000000000000001,17.98,0.011000000000000001,17.747,0.012,17.583,0.034,,,,,,,,,,,,,,,,,,,,,,,,,,,,,,,,,
8327,8327,8327,212192165,08 42 09.615,+24 03 41.13,1,17.437,,,,08420961+2403411,4508-301-4-0122-0349,EXTENDED,gri,,4.0,3.0,4.0,2.0,,,,,,,20.024,0.065,18.397000000000002,0.009000000000000001,17.493,0.006,17.025,0.006,16.671,0.013000000000000001,15.755,0.067,15.011,0.067,14.534,0.084,,,,,,,,,,,,,,,,,,,,,,,,,,,
8328,8328,8328,212192171,08 50 36.683,+24 03 41.87,1,12.32,,1943-1172-1,571-045510,08503666+2403417,,STAR,gri,lam,7.7,2.1,-27.5,2.4,,,13.075,0.349,12.08,0.196,,,12.76,0.04,12.300999999999998,0.03,12.130999999999998,0.02,,,11.265999999999998,0.022000000000000002,10.955,0.016,10.899000000000001,0.018000000000000002,5947.0,118.0,142.0,4.407,0.05,0.08,-0.08199999999999999,0.09,0.15,1.052,0.122,0.079,1.038,0.063,0.08800000000000001,0.877,0.165,0.23399999999999999,354.6,53.67,39.29,0.03,0.006999999999999999,0.006,,,
8329,8329,8329,212192211,08 57 33.341,+24 03 46.35,1,12.982999999999999,,,571-045729,08573334+2403460,,STAR,gri,rpm,-6.1,3.7,6.1,2.2,,,13.735999999999999,0.03,13.149000000000001,0.07,,,13.4,0.02,12.94,0.02,12.805,0.03,,,11.922,0.023,11.675999999999998,0.024,11.583,0.022000000000000002,5947.0,95.0,71.0,4.25,0.17,0.34,-0.069,0.15,0.18,1.262,0.657,0.239,1.085,0.134,0.096,0.498,0.418,0.35100000000000003,568.7,299.2,119.0,0.034,0.01,0.008,,,
8330,8330,8330,212192251,09 00 52.808,+24 03 50.18,1,16.601,,,,09005280+2403501,4576-301-3-0153-0154,EXTENDED,gri,,5.0,3.0,-2.0,3.0,,,,,,,19.32,0.042,17.480999999999998,0.006,16.625,0.004,16.224,0.004,15.907,0.01,15.133,0.057,14.67,0.084,14.214,0.07400000000000001,,,,,,,,,,,,,,,,,,,,,,,,,,,
8331,8331,8331,212192296,08 54 22.919,+24 03 54.40,1,10.45,,1943-1004-1,571-045643,08542291+2403545,,STAR,gri,rpm,-34.7,1.5,-7.0,1.5,,,11.029000000000002,0.069,10.447000000000001,0.055999999999999994,,,10.843,0.04,10.415,0.04,10.282,0.02,,,9.547,0.023,9.299,0.023,9.236,0.022000000000000002,6092.0,122.0,146.0,4.1930000000000005,0.17,0.204,-0.043,0.15,0.21,1.338,0.473,0.26,1.1420000000000001,0.13699999999999998,0.114,0.409,0.335,0.23199999999999998,213.9,66.51,43.2,0.026000000000000002,0.008,0.006999999999999999,,,
8332,8332,8332,212192328,08 45 21.923,+24 03 57.68,1,14.110999999999999,,,571-045318,08452192+2403578,,STAR,gri,rpm,-12.3,4.7,-6.5,5.1,,,15.397,0.04,14.392000000000001,0.02,,,14.876,0.01,14.038,0.03,13.783,0.01,,,12.649000000000001,0.023,12.165,0.02,12.037,0.022000000000000002,4908.0,59.0,59.0,4.596,0.03,0.042,-0.021,0.12,0.15,0.746,0.057,0.04,0.8170000000000001,0.055,0.046,1.905,0.23199999999999998,0.32,383.4,48.76,26.58,0.03,0.006999999999999999,0.005,,,
8333,8333,8333,212192330,08 42 23.436,+24 03 57.86,1,18.247,,,,,4517-301-3-0131-0443,EXTENDED,gri,,-10.0,4.0,6.0,4.0,,,,,,,19.963,0.092,18.69,0.013999999999999999,18.314,0.015,18.057000000000002,0.016,17.927,0.051,,,,,,,,,,,,,,,,,,,,,,,,,,,,,,,,,
8334,8334,8334,212192352,08 47 28.883,+24 04 00.33,1,14.860999999999999,,,571-045403,08472889+2404004,4518-301-2-0029-0033,STAR,gri,rpm,-5.7,4.6,-3.3,5.0,,,15.622,0.06,14.814,0.01,,,15.179,0.01,14.534,0.04,14.725,0.67,,,13.318,0.021,12.890999999999998,0.021,12.775,0.026000000000000002,5282.0,105.0,105.0,4.539,0.045,0.882,-0.23199999999999998,0.25,0.4,0.828,1.669,0.085,0.877,0.078,0.078,1.518,0.35,1.4509999999999998,630.7,1151.0,75.02,0.034,0.008,0.006999999999999999,,,
8335,8335,8335,212192354,08 40 01.111,+24 04 00.44,1,15.220999999999998,,,571-045091,08400111+2404002,4517-301-4-0128-0063,STAR,gri,rpm,2.2,4.4,-8.3,5.0,,,16.337,0.11,15.353,0.07,,,15.850999999999999,0.03,15.005,0.02,14.950999999999999,0.51,,,13.606,0.025,13.148,0.022000000000000002,13.043,0.026000000000000002,4956.0,80.0,100.0,4.593999999999999,0.03,0.042,-0.025,0.15,0.15,0.746,0.063,0.042,0.821,0.043,0.052000000000000005,1.8769999999999998,0.253,0.265,595.7,56.87,43.59,0.034,0.008,0.006999999999999999,,,
8336,8336,8336,212192371,08 51 49.468,+24 04 01.37,1,17.838,,,,08514946+2404013,4508-301-1-0135-0266,STAR,gri,rpm,14.0,3.0,-83.0,3.0,,,,,,,21.006999999999998,0.07,18.868,0.009000000000000001,17.832,0.006,17.397000000000002,0.006,17.131,0.011000000000000001,15.886,0.08800000000000001,15.459000000000001,0.127,15.33,0.183,4089.0,163.0,48.0,5.035,0.027999999999999997,0.049,-0.996,0.2,0.32,0.265,0.046,0.027000000000000003,0.28300000000000003,0.067,0.033,14.48,3.089,3.2910000000000004,452.4,114.5,67.35,0.031,0.003,0.002,,,
8337,8337,8337,212192425,08 47 47.916,+24 04 06.97,1,17.579,,,,08474791+2404069,,STAR,J,rpm,8.0,4.0,6.0,1.0,,,,,,,,,,,,,,,,,16.078,0.085,15.067,0.07400000000000001,14.432,0.076,3832.0,296.0,296.0,4.912,0.132,0.132,-0.109,0.16,0.24,0.35,0.135,0.111,0.382,0.163,0.163,7.9179999999999975,8.701,3.255,620.0,265.9,243.8,0.033,0.01,0.006999999999999999,,,
8338,8338,8338,212192481,08 58 06.464,+24 04 11.95,1,17.737000000000005,,,,08580646+2404119,,STAR,J,,,,,,,,,,,,,,,,,,,,,,16.224,0.10400000000000001,15.917,0.2,,,,,,,,,,,,,,,,,,,,,,,,,,,,,
8339,8339,8339,212192484,08 58 36.226,+24 04 12.13,1,14.787,,,571-045770,08583623+2404123,4569-301-3-0157-0128,STAR,gri,rpm,-1.5,4.4,0.5,4.8,,,15.798,0.07,15.083,0.06,,,15.452,0.01,14.802999999999999,0.06,14.502,0.06,,,13.498,0.024,13.045,0.028999999999999998,12.968,0.027000000000000003,5186.0,123.0,154.0,4.448,0.132,1.32,-0.37,0.3,0.6,0.941,3.173,0.205,0.871,0.083,0.083,0.992,0.898,0.981,843.9,2406.0,274.4,0.034,0.008,0.008,,,
8340,8340,8340,212192567,08 46 14.097,+24 04 21.02,1,13.684000000000001,,,571-045345,08461409+2404209,,STAR,gri,rpm,10.3,2.5,-36.0,2.9,,,14.401,0.05,13.654000000000002,0.02,,,13.969000000000001,0.01,13.43,0.03,13.562000000000001,0.59,,,12.258,0.021,11.837,0.021,11.743,0.02,5508.0,86.0,129.0,4.527,0.04,0.72,-0.401,0.25,0.65,0.823,1.1440000000000001,0.078,0.825,0.078,0.067,1.482,0.341,1.3630000000000002,405.5,581.6,48.4,0.032,0.006999999999999999,0.006999999999999999,,,
8341,8341,8341,212192586,08 40 33.447,+24 04 23.81,1,16.997,,,,08403344+2404238,,STAR,J,rpm,4.0,1.0,6.0,2.0,,,,,,,,,,,,,,,,,15.535,0.055999999999999994,14.931,0.068,14.508,0.08,3848.0,491.0,272.0,4.901,0.115,0.161,-0.092,0.16,0.28,0.342,0.15,0.10400000000000001,0.39799999999999996,0.177,0.147,8.129,7.184,4.327,471.4,343.3,172.6,0.032,0.008,0.006999999999999999,,,
8342,8342,8342,212192587,08 38 44.662,+24 04 24.08,1,17.783,,,,08384466+2404240,,STAR,JHK,col,,,,,,,,,,,,,,,,,,,,,16.052,0.079,15.847000000000001,0.136,15.354000000000001,0.163,5229.0,827.0,1654.0,4.599,0.41600000000000004,0.26,-0.5529999999999999,0.45,0.54,0.659,0.369,0.426,0.7070000000000001,0.12,0.457,1.754,12.6,1.08,1850.0,1270.0,1465.0,0.032,0.008,0.006999999999999999,,,
8343,8343,8343,212192610,08 51 28.360,+24 04 26.89,1,9.666,,1943-1833-1,571-045542,08512836+2404269,,STAR,gri,rpm,-20.3,1.2,55.9,1.2,,,10.259,0.034,9.693999999999999,0.027000000000000003,,,10.378,0.03,9.674,0.04,9.361,0.01,,,8.497,0.034,8.277999999999999,0.031,8.222999999999999,0.016,5362.0,96.0,160.0,4.512,0.03,0.726,0.02,0.2,0.28,0.898,1.33,0.051,0.971,0.125,0.048,1.2890000000000001,0.212,1.19,77.23,99.86,6.925,0.016,0.013999999999999999,0.006999999999999999,,,
8344,8344,8344,212192611,08 56 21.687,+24 04 27.04,1,11.252,,8/1/50,571-045697,08562167+2404272,,STAR,gri,rpm,10.1,1.8,-26.5,1.9,,,11.745,0.111,11.087,0.094,,,11.567,0.02,11.222000000000001,0.02,11.117,0.03,,,10.409,0.022000000000000002,10.22,0.023,10.122,0.018000000000000002,6324.0,102.0,102.0,4.2139999999999995,0.09,0.18,-0.063,0.12,0.21,1.389,0.35600000000000004,0.165,1.217,0.11,0.11,0.423,0.174,0.196,335.9,80.02,41.99,0.031,0.008,0.006999999999999999,,,
8345,8345,8345,212192675,08 42 05.420,+24 04 34.02,1,10.725,,1942-1409-1,571-045170,08420542+2404340,,STAR,gri,rpm,-33.6,1.3,-16.2,1.3,,,11.099,0.063,10.512,0.051,,,10.86,0.01,10.459000000000001,0.03,10.668,0.58,,,9.603,0.022000000000000002,9.375,0.018000000000000002,9.299,0.018000000000000002,6146.0,125.0,125.0,4.24,0.115,0.253,-0.027999999999999997,0.12,0.21,1.306,0.488,0.192,1.162,0.114,0.114,0.47600000000000003,0.23600000000000002,0.28,213.4,83.89,32.6,0.025,0.006999999999999999,0.005,,,
8346,8346,8346,212192720,08 48 10.704,+24 04 39.46,1,14.82,,,571-045426,08481070+2404395,,STAR,gri,rpm,3.6,4.6,-2.6,5.0,,,15.794,0.03,14.92,0.06,,,15.325,0.02,14.620999999999999,0.05,14.604000000000001,0.45,,,13.296,0.022000000000000002,12.835,0.022000000000000002,12.755999999999998,0.026000000000000002,5127.0,102.0,102.0,4.537,0.055,1.122,-0.257,0.24,0.4,0.8420000000000001,2.4330000000000003,0.109,0.875,0.157,0.087,1.474,0.469,1.4469999999999998,612.8,1633.0,79.08,0.034,0.006999999999999999,0.006999999999999999,,,
8347,8347,8347,212192747,08 46 41.797,+24 04 42.52,1,16.86,,,,08464179+2404425,4518-301-2-0028-0176,EXTENDED,gri,,3.0,3.0,-5.0,3.0,,,,,,,19.7,0.066,17.855,0.006999999999999999,16.852,0.005,16.434,0.005,16.08,0.009000000000000001,15.395,0.053,14.818,0.061,14.274000000000001,0.068,,,,,,,,,,,,,,,,,,,,,,,,,,,
8348,8348,8348,212192752,08 47 12.359,+24 04 43.79,1,17.766,,,,08471235+2404437,,STAR,J,col,,,,,,,,,,,,,,,,,,,,,16.250999999999998,0.09300000000000001,15.584000000000001,0.111,15.030999999999999,0.126,3709.0,456.0,285.0,4.965,0.12,0.168,-0.168,0.2,0.32,0.28,0.145,0.095,0.302,0.191,0.136,10.9,10.85,6.144,509.5,369.8,214.3,0.031,0.01,0.006999999999999999,,,
8349,8349,8349,212192771,08 54 27.033,+24 04 45.24,1,18.922,,,,,4576-301-5-0144-0153,STAR,gri,,0.0,3.0,2.0,3.0,,,,,,,19.406,0.028999999999999998,19.023,0.01,18.887999999999998,0.011000000000000001,18.930999999999997,0.017,18.671,0.036000000000000004,,,,,,,,,,,,,,,,,,,,,,,,,,,,,,,,,
8350,8350,8350,212192782,08 40 44.256,+24 04 45.90,1,16.62,,,,08404425+2404458,4508-301-4-0120-0134,EXTENDED,gri,,3.0,3.0,1.0,3.0,,,,,,,19.538,0.048,17.526,0.006,16.615,0.004,16.230999999999998,0.004,15.887,0.008,15.239,0.054000000000000006,14.502,0.055,14.337,0.068,,,,,,,,,,,,,,,,,,,,,,,,,,,
8351,8351,8351,212192787,08 47 12.145,+24 04 46.37,1,17.257,,,,08471214+2404463,,STAR,J,col,,,,,,,,,,,,,,,,,,,,,15.777999999999999,0.07400000000000001,14.915999999999999,0.081,14.300999999999998,0.073,2162.0,1605.0,192.0,5.316,0.05,0.35,-0.08,0.15,0.3,0.09699999999999999,0.22,0.004,0.077,0.258,0.004,79.07,10.67,68.1,57.6,412.7,17.01,0.009000000000000001,0.024,0.004,,,
8352,8352,8352,212192852,08 48 08.860,+24 04 52.13,1,13.062000000000001,,,571-045425,08480887+2404521,,STAR,gri,col,,,,,,,14.869000000000002,0.02,13.505,0.03,,,14.276,0.03,12.940999999999999,0.04,12.542,0.45,,,10.854000000000001,0.019,10.196,0.018000000000000002,10.047,0.018000000000000002,3955.0,78.0,63.0,4.85,0.035,0.035,-0.053,0.15,0.18,0.429,0.044000000000000004,0.033,0.488,0.047,0.047,5.945,0.96,0.977,76.4,8.341000000000001,11.67,0.013000000000000001,0.005,0.005,,,
8353,8353,8353,212192871,08 58 12.112,+24 04 54.43,1,17.923,,,,08581211+2404544,4576-301-4-0149-0246,EXTENDED,gri,,3.0,3.0,-5.0,3.0,,,,,,,19.980999999999998,0.065,18.736,0.01,17.998,0.009000000000000001,17.575,0.009000000000000001,17.282,0.024,16.413,0.126,15.630999999999998,0.139,15.008,0.131,,,,,,,,,,,,,,,,,,,,,,,,,,,
8354,8354,8354,212192898,08 40 41.682,+24 04 56.91,1,10.727,,1942-1878-1,571-045116,08404167+2404569,,STAR,gri,rpm,34.9,1.8,-50.8,1.8,,,11.475,0.08199999999999999,10.804,0.071,,,11.012,0.02,10.482000000000001,0.04,10.605,0.58,,,9.402999999999999,0.021,9.1,0.018000000000000002,8.959,0.017,5732.0,115.0,115.0,4.379,0.1,0.38,-0.001,0.15,0.21,1.057,0.638,0.154,1.021,0.10099999999999999,0.084,0.835,0.358,0.62,144.3,89.73,21.48,0.023,0.008,0.006,,,
8355,8355,8355,212192916,08 42 37.984,+24 04 58.90,1,17.647000000000006,,,,08423798+2404589,4517-301-3-0131-0301,EXTENDED,gri,,1.0,3.0,-3.0,3.0,,,,,,,20.774,0.149,18.892,0.015,17.617,0.008,17.113,0.006999999999999999,16.719,0.015,16.09,0.08800000000000001,15.245,0.083,14.497,0.084,,,,,,,,,,,,,,,,,,,,,,,,,,,
8356,8356,8356,212192920,08 56 21.551,+24 04 59.19,1,17.368,,,,08562155+2404591,4569-301-4-0154-0074,EXTENDED,gri,,4.0,2.0,10.0,2.0,,,,,,,20.375,0.084,18.334,0.008,17.365,0.006,16.954,0.006,16.641,0.013999999999999999,15.784,0.071,14.965,0.099,14.555,0.09300000000000001,,,,,,,,,,,,,,,,,,,,,,,,,,,
8357,8357,8357,212192926,08 58 57.998,+24 04 59.94,1,11.574000000000002,,,571-045784,08585799+2405000,,STAR,gri,lam,1.6,1.0,-4.6,1.6,,,12.977,0.04,11.966,0.07,,,12.457,0.01,11.595,0.04,11.195,0.04,,,9.968,0.021,9.431000000000001,0.021,9.296,0.016,4617.0,73.0,92.0,1.05,0.168,0.14,-1.8219999999999998,0.15,0.18,42.718,7.5870000000000015,6.443,0.8009999999999999,0.016,0.016,9.22e-06,7.25e-06,3.54e-06,5487.0,900.5,773.5,0.034,0.01,0.006999999999999999,,,
8358,8358,8358,212192947,08 47 54.447,+24 05 02.34,1,17.41,,,,08475444+2405023,,STAR,J,col,,,,,,,,,,,,,,,,,,,,,15.92,0.077,15.23,0.091,14.755,0.096,3758.0,401.0,343.0,4.958,0.138,0.161,-0.145,0.2,0.28,0.304,0.155,0.10300000000000001,0.308,0.196,0.14,10.57,10.28,5.892,442.8,316.1,184.5,0.032,0.01,0.008,,,
8359,8359,8359,212192957,08 52 38.566,+24 05 03.50,1,17.415,,,,08523856+2405034,,STAR,J,rpm,26.0,4.0,10.0,2.0,,,,,,,,,,,,,,,,,15.925,0.10800000000000001,15.437999999999999,0.171,14.823,0.11599999999999999,3655.0,331.0,236.0,5.013,0.085,0.102,-0.168,0.2,0.32,0.255,0.111,0.066,0.253,0.139,0.087,13.84,9.13,6.305,386.5,230.0,124.6,0.03,0.008,0.006999999999999999,,,
8360,8360,8360,212192997,08 44 04.843,+24 05 07.40,1,14.682,,,571-045268,08440483+2405073,4517-301-3-0133-0148,STAR,gri,rpm,6.9,4.5,-7.1,5.0,,,15.713,0.08,14.812999999999999,0.03,,,15.237,0.02,14.468,0.02,14.444,0.52,,,13.130999999999998,0.023,12.630999999999998,0.022000000000000002,12.526,0.023,4992.0,80.0,80.0,4.591,0.03,1.2,-0.177,0.2,0.28,0.759,2.674,0.06,0.828,0.14,0.078,1.81,0.292,1.7890000000000001,498.1,1741.0,52.12,0.033,0.01,0.006999999999999999,,,
8361,8361,8361,212193012,08 42 56.862,+24 05 08.44,1,14.767000000000001,,,571-045220,08425686+2405082,4517-301-3-0132-0068,STAR,gri,rpm,2.2,4.5,-4.2,5.0,,,15.769,0.03,15.007,0.02,,,15.344000000000001,0.02,14.745999999999999,0.02,14.52,0.06,,,13.445,0.021,12.966,0.025,12.855,0.025,5186.0,102.0,123.0,3.074,0.836,1.045,-1.01,0.5,0.9,3.449,6.16,2.211,0.8759999999999999,0.026000000000000002,0.084,0.009000000000000001,0.141,0.008,2672.0,5233.0,1769.0,0.035,0.005,0.008,,,
8362,8362,8362,212193024,08 43 40.793,+24 05 09.55,1,15.86,,,571-045252,08434078+2405098,4517-301-3-0133-0206,STAR,JHK,col,,,,,,,,,,,,,,,,,,,,,13.552,0.024,12.904000000000002,0.023,12.675999999999998,0.025,3840.0,193.0,193.0,4.9110000000000005,0.096,0.07200000000000001,-0.085,0.18,0.24,0.369,0.062,0.09,0.401,0.096,0.111,7.883999999999999,5.352,2.303,199.7,45.42,55.83,0.025,0.006999999999999999,0.006999999999999999,,,
8363,8363,8363,212193042,09 00 46.621,+24 05 12.64,1,12.804,,,571-045826,09004663+2405126,,STAR,gri,lam,-18.3,2.2,-17.7,5.9,,,13.609000000000002,0.043,13.048,0.032,,,13.24,0.032,12.795,0.040999999999999995,12.617,0.062,,,11.692,0.02,11.392000000000001,0.019,11.329,0.022000000000000002,5862.0,139.0,174.0,4.419,0.065,0.10400000000000001,-0.28300000000000003,0.12,0.15,0.956,0.132,0.084,0.919,0.07400000000000001,0.053,0.9620000000000001,0.263,0.276,389.2,63.66,47.39,0.032,0.01,0.006,,,
8364,8364,8364,212193057,08 38 18.857,+24 05 13.56,1,17.148,,,,08381885+2405135,4508-301-5-0117-0247,EXTENDED,gri,,4.0,3.0,-3.0,3.0,,,,,,,20.21,0.07400000000000001,18.144000000000002,0.008,17.165,0.006,16.721,0.005,16.394000000000002,0.01,15.62,0.067,14.904000000000002,0.07200000000000001,14.561,0.094,,,,,,,,,,,,,,,,,,,,,,,,,,,
8365,8365,8365,212193097,08 59 19.626,+24 05 17.95,1,13.925,,,571-045791,08591963+2405181,,STAR,gri,lam,-7.6,3.9,-0.1,4.1,,,15.079,0.04,14.259,0.06,,,14.623,0.04,13.924000000000001,0.04,13.626,0.06,,,12.519,0.021,12.038,0.021,11.955,0.02,5133.0,152.0,121.0,3.7089999999999996,0.075,0.09,-0.275,0.12,0.12,2.346,0.366,0.182,1.0659999999999998,0.099,0.083,0.079,0.022000000000000002,0.025,1197.0,155.9,100.3,0.033,0.006,0.01,,,
8366,8366,8366,212193104,08 47 07.035,+24 05 18.66,1,16.977,,,,08470703+2405186,4518-301-2-0028-0239,EXTENDED,gri,,1.0,3.0,5.0,3.0,,,,,,,19.424,0.065,17.851,0.008,17.03,0.006,16.602999999999998,0.006,16.285,0.012,15.946,0.076,15.1,0.083,14.863,0.105,,,,,,,,,,,,,,,,,,,,,,,,,,,
8367,8367,8367,212193121,08 53 56.113,+24 05 20.13,1,9.208,,1943-608-1,571-045628,08535611+2405202,,STAR,gri,rpm,40.9,1.1,-114.0,1.0,,,9.831,0.032,9.13,0.023,,,10.021,0.03,9.264,0.08,8.859,0.01,,,8.006,0.02,7.688,0.023,7.641,0.028999999999999998,5494.0,131.0,109.0,4.481,0.064,0.04,0.023,0.15,0.15,0.9209999999999999,0.069,0.084,0.9420000000000001,0.085,0.047,1.187,0.342,0.16699999999999998,66.44,7.936,12.56,0.011000000000000001,0.004,0.003,,,
8368,8368,8368,212193126,08 59 38.655,+24 05 20.66,1,17.703,,,,08593865+2405206,4569-301-3-0159-0112,EXTENDED,gri,,-21.0,3.0,5.0,3.0,,,,,,,20.398,0.1,18.666,0.012,17.727,0.008,17.29,0.008,16.959,0.02,16.195999999999998,0.111,15.579,0.141,15.343,0.179,,,,,,,,,,,,,,,,,,,,,,,,,,,
8369,8369,8369,212193168,08 51 42.414,+24 05 25.00,1,16.067,,,571-045548,08514243+2405249,4569-301-5-0148-0017,STAR,JHK,rpm,27.3,6.0,-19.8,6.3,,,,,,,,,,,,,,,,,14.01,0.027999999999999997,13.352,0.026000000000000002,13.21,0.032,4144.0,239.0,199.0,4.802,0.07,0.084,-0.18899999999999997,0.25,0.3,0.47,0.083,0.071,0.534,0.096,0.08,4.897,1.8630000000000002,1.571,344.3,108.5,61.2,0.03,0.01,0.006999999999999999,,,
8370,8370,8370,212193199,08 45 14.210,+24 05 28.24,1,10.258,,1943-436-1,571-045311,08451422+2405282,,STAR,gri,rpm,-2.5,1.7,-9.2,1.7,,,11.878,0.187,10.658,0.073,,,11.193,0.01,10.015,0.03,9.857000000000001,0.59,,,8.077,0.02,7.3439999999999985,0.018000000000000002,7.189,0.016,4189.0,50.0,50.0,1.635,0.17,0.51,-0.225,0.2,0.44,27.295,14.863,4.106,1.176,0.18,0.253,5.44e-05,4.34e-05,4.26e-05,1318.0,647.9,175.4,0.034,0.006,0.006,,,
8371,8371,8371,212193221,08 45 01.919,+24 05 30.41,1,16.915,,,,08450191+2405304,4508-301-3-0126-0302,EXTENDED,gri,,6.0,3.0,0.0,3.0,,,,,,,19.678,0.062,17.924,0.008,16.909000000000002,0.005,16.483,0.005,16.121,0.011000000000000001,15.620999999999999,0.061,14.979000000000001,0.077,14.456,0.08199999999999999,,,,,,,,,,,,,,,,,,,,,,,,,,,
8372,8372,8372,212193250,08 42 50.826,+24 05 33.14,1,15.457,,,,08425082+2405331,4517-301-3-0132-0297,EXTENDED,gri,,0.0,3.0,0.0,3.0,,,,,,,18.123,0.027000000000000003,16.323,0.004,15.502,0.003,15.085999999999999,0.003,14.78,0.006,14.696,0.045,14.005,0.052000000000000005,13.788,0.055999999999999994,,,,,,,,,,,,,,,,,,,,,,,,,,,
8373,8373,8373,212193253,08 44 46.921,+24 05 33.25,1,14.264000000000001,,,571-045287,08444691+2405331,,STAR,gri,rpm,-0.6,4.6,-4.7,5.1,,,15.323,0.02,14.4,0.03,,,14.822000000000001,0.01,14.087,0.01,14.025,0.51,,,12.642999999999999,0.022000000000000002,12.088,0.02,11.968,0.02,4903.0,77.0,58.0,2.779,0.664,0.415,-0.6659999999999999,0.3,0.3,6.391,2.8810000000000002,3.355,0.917,0.063,0.045,0.003,0.025,0.002,3078.0,1755.0,1583.0,0.033,0.01,0.006,,,
8374,8374,8374,212193262,08 45 33.981,+24 05 34.13,1,18.06,,,,,4508-301-3-0127-0216,EXTENDED,gri,,-1.0,3.0,-4.0,3.0,,,,,,,19.37,0.043,18.28,0.009000000000000001,17.986,0.009000000000000001,17.833,0.01,17.742,0.03,,,,,,,,,,,,,,,,,,,,,,,,,,,,,,,,,
8375,8375,8375,212193283,08 44 42.739,+24 05 36.33,1,16.187,,,,08444273+2405363,4508-301-3-0126-0208,EXTENDED,gri,,5.0,3.0,4.0,3.0,,,,,,,19.024,0.036000000000000004,17.132,0.005,16.217,0.004,15.782,0.004,15.427,0.006999999999999999,14.909,0.048,14.165,0.054000000000000006,13.82,0.052000000000000005,,,,,,,,,,,,,,,,,,,,,,,,,,,
8376,8376,8376,212193284,08 58 01.157,+24 05 36.47,1,14.369000000000002,,,571-045748,08580115+2405367,4576-301-4-0149-0075,STAR,gri,rpm,-2.6,4.5,-8.6,4.9,,,15.626,0.02,14.712,0.05,,,15.151,0.02,14.305,0.02,14.034,0.01,,,12.937000000000001,0.023,12.467,0.024,12.345,0.019,4888.0,59.0,59.0,4.61,0.02,0.064,-0.05,0.12,0.12,0.726,0.08,0.024,0.805,0.071,0.039,2.0269999999999997,0.145,0.489,419.4,73.81,18.14,0.034,0.01,0.006999999999999999,,,
8377,8377,8377,212193288,08 40 53.365,+24 05 36.92,1,17.531,,,,08405336+2405369,,STAR,J,col,,,,,,,,,,,,,,,,,,,,,16.033,0.076,15.328,0.096,14.807,0.10300000000000001,3709.0,416.0,297.0,4.965,0.12,0.14400000000000002,-0.168,0.2,0.28,0.281,0.145,0.095,0.304,0.193,0.138,10.9,10.85,6.145,498.6,357.9,208.3,0.032,0.01,0.008,,,
8378,8378,8378,212193297,08 52 38.069,+24 05 37.96,1,14.620999999999999,,,571-045589,08523806+2405380,4508-301-1-0136-0133,STAR,gri,col,,,,,,,16.397000000000002,0.07,15.239,0.03,,,15.902999999999999,0.01,14.702,0.051,14.072000000000001,0.06,,,12.588,0.024,11.964,0.033,11.818,0.021,4023.0,110.0,94.0,4.827,0.054000000000000006,0.045,-0.02,0.15,0.27,0.452,0.046,0.05,0.512,0.062,0.062,5.332999999999998,1.412,0.948,167.0,27.4,19.86,0.022000000000000002,0.006,0.006,,,
8379,8379,8379,212193341,08 55 38.431,+24 05 42.12,1,18.657,,,,,4569-301-4-0153-0495,EXTENDED,gri,,9.0,3.0,-15.0,3.0,,,,,,,20.386,0.179,19.146,0.024,18.803,0.027999999999999997,18.448,0.032,18.704,0.17,,,,,,,,,,,,,,,,,,,,,,,,,,,,,,,,,
8380,8380,8380,212193363,08 52 29.886,+24 05 44.46,1,17.505,,,,08522988+2405444,4508-301-1-0136-0289,EXTENDED,gri,,-6.0,4.0,2.0,4.0,,,,,,,20.643,0.09300000000000001,18.551,0.01,17.502,0.006,17.057000000000002,0.006,16.707,0.012,16.016,0.08800000000000001,15.205,0.1,14.875,0.091,,,,,,,,,,,,,,,,,,,,,,,,,,,
8381,8381,8381,212193378,08 43 44.767,+24 05 45.84,1,17.261,,,,08434476+2405458,4517-301-3-0133-0060,EXTENDED,gri,,1.0,3.0,0.0,3.0,,,,,,,19.477999999999998,0.071,18.006,0.009000000000000001,17.344,0.008,16.942,0.008,16.706,0.018000000000000002,16.373,0.102,15.717,0.128,15.267999999999999,0.138,,,,,,,,,,,,,,,,,,,,,,,,,,,
8382,8382,8382,212193466,08 47 15.600,+24 05 54.34,1,15.834000000000001,,,,08471559+2405543,4518-301-2-0028-0264,STAR,gri,rpm,-81.0,3.0,-123.0,3.0,,,,,,,20.531,0.071,17.928,0.006,16.422,0.004,14.937000000000001,0.003,14.112,0.004,12.725999999999999,0.019,12.140999999999998,0.018000000000000002,11.852,0.02,3094.0,48.0,48.0,5.184,0.02,0.02,-0.027999999999999997,0.21,0.15,0.153,0.003,0.003,0.13,0.003,0.003,36.2,2.1719999999999997,2.1719999999999997,51.1,24.66,8.578,0.009000000000000001,0.006,0.004,,,
8383,8383,8383,212193488,08 58 11.410,+24 05 56.00,1,17.893,,,,,4576-301-4-0149-0249,EXTENDED,gri,,-2.0,3.0,-4.0,3.0,,,,,,,21.141,0.183,18.852,0.012,17.889,0.008,17.482,0.009000000000000001,17.082,0.023,,,,,,,,,,,,,,,,,,,,,,,,,,,,,,,,,
8384,8384,8384,212193499,08 54 47.257,+24 05 56.78,1,18.379,,,,,4569-301-4-0152-0175,EXTENDED,gri,,-3.0,3.0,-3.0,3.0,,,,,,,20.115,0.083,18.798,0.012,18.427,0.013000000000000001,18.2,0.015,18.247,0.067,,,,,,,,,,,,,,,,,,,,,,,,,,,,,,,,,
8385,8385,8385,212193508,08 42 48.691,+24 05 57.52,1,18.625,,,,,4517-301-3-0132-0458,EXTENDED,gri,,-7.0,3.0,-10.0,3.0,,,,,,,20.236,0.105,19.070999999999998,0.018000000000000002,18.695,0.019,18.434,0.02,18.332,0.065,,,,,,,,,,,,,,,,,,,,,,,,,,,,,,,,,
8386,8386,8386,212193516,08 53 23.482,+24 05 58.38,1,17.797,,,,08532348+2405583,,STAR,J,col,,,,,,,,,,,,,,,,,,,,,16.279,0.157,15.515,0.17800000000000002,14.905,0.16,3858.0,490.0,350.0,4.95,0.13,0.182,-0.21899999999999997,0.24,0.32,0.322,0.179,0.115,0.354,0.2,0.16699999999999998,9.302999999999999,10.59,5.565,673.0,529.3,337.6,0.032,0.008,0.006999999999999999,,,
8387,8387,8387,212193576,08 52 29.267,+24 06 04.66,1,17.725,,,,08522926+2406046,,STAR,J,col,,,,,,,,,,,,,,,,,,,,,16.213,0.10800000000000001,15.354000000000001,0.145,14.684000000000001,0.092,3732.0,431.0,308.0,4.978,0.125,0.175,-0.168,0.2,0.28,0.29,0.156,0.102,0.305,0.19399999999999998,0.138,11.33,12.07,6.5829999999999975,532.0,394.6,226.6,0.032,0.01,0.008,,,
8388,8388,8388,212193609,08 58 28.642,+24 06 08.32,1,15.255,,,571-045763,08582864+2406084,4576-301-4-0150-0220,STAR,gri,rpm,-24.4,4.2,-9.6,4.6,,,17.184,0.11,15.864,0.061,,,16.508,0.02,15.216,0.04,14.718,0.03,,,13.165,0.021,12.498,0.024,12.357000000000001,0.026000000000000002,4063.0,65.0,65.0,4.82,0.03,0.036000000000000004,-0.09,0.12,0.12,0.46299999999999997,0.043,0.033,0.526,0.054000000000000006,0.045,5.109,0.825,0.84,229.3,24.68,22.29,0.026000000000000002,0.006999999999999999,0.005,,,
8389,8389,8389,212193619,08 39 46.384,+24 06 09.48,1,16.323,,,,08394638+2406094,4517-301-4-0128-0180,EXTENDED,gri,,2.0,3.0,-1.0,3.0,,,,,,,18.464000000000002,0.036000000000000004,17.025,0.005,16.394000000000002,0.004,16.022000000000002,0.004,15.759,0.011000000000000001,15.772,0.083,15.017000000000001,0.092,14.523,0.08900000000000001,,,,,,,,,,,,,,,,,,,,,,,,,,,
8390,8390,8390,212193650,08 46 21.564,+24 06 11.94,1,14.331,,,571-045353,08462156+2406119,,STAR,gri,rpm,-3.4,4.7,0.3,5.1,,,15.27,0.01,14.287,0.05,,,14.725999999999999,0.02,14.036,0.02,14.162,0.62,,,12.725,0.021,12.25,0.021,12.136,0.021,5064.0,80.0,80.0,3.302,0.46799999999999997,0.46799999999999997,-0.581,0.3,0.25,3.3739999999999997,2.241,1.194,0.935,0.151,0.063,0.022000000000000002,0.069,0.018000000000000002,1878.0,1168.0,637.3,0.033,0.011000000000000001,0.005,,,
8391,8391,8391,212193663,08 42 25.796,+24 06 13.38,1,12.09,,,571-045194,08422580+2406134,,STAR,gri,rpm,0.1,1.2,-12.1,0.9,,,12.652000000000001,0.02,12.029000000000002,0.03,,,12.279000000000002,0.01,11.85,0.02,12.01,0.58,,,10.879000000000001,0.021,10.547,0.016,10.488,0.019,5921.0,116.0,93.0,4.224,0.2,0.36,-0.152,0.16,0.36,1.2670000000000001,0.659,0.309,1.021,0.136,0.136,0.465,0.601,0.331,362.0,152.2,91.78,0.031,0.008,0.008,,,
8392,8392,8392,212193733,08 59 30.342,+24 06 19.98,1,17.785999999999994,,,,08593034+2406199,4569-301-3-0158-0189,EXTENDED,gri,,-2.0,3.0,-4.0,3.0,,,,,,,20.771,0.096,18.774,0.01,17.793,0.006999999999999999,17.362000000000002,0.006999999999999999,17.014,0.015,15.849,0.075,15.075999999999999,0.092,14.885,0.11800000000000001,,,,,,,,,,,,,,,,,,,,,,,,,,,
8393,8393,8393,212193734,08 37 59.291,+24 06 20.01,1,11.767000000000001,,1942-2121-1,571-045019,08375927+2406200,,STAR,gri,rpm,6.8,1.9,-1.8,2.1,,,12.369000000000002,0.28600000000000003,11.687000000000001,0.19899999999999998,,,11.937999999999999,0.01,11.71,0.05,11.998,0.59,,,10.99,0.022000000000000002,10.845,0.021,10.802,0.019,6805.0,205.0,164.0,4.052,0.198,0.198,-0.027000000000000003,0.08,0.12,1.808,0.562,0.365,1.482,0.18,0.15,0.235,0.203,0.124,628.6,209.3,133.9,0.033,0.006999999999999999,0.008,,,
8394,8394,8394,212193757,08 58 31.164,+24 06 22.65,1,15.241,,,571-045766,08583116+2406227,4576-301-4-0150-0038,STAR,gri,rpm,1.8,4.3,5.7,4.6,,,16.275,0.03,15.479000000000001,0.03,,,15.812000000000001,0.03,15.199000000000002,0.04,14.997,0.04,,,13.908,0.026000000000000002,13.46,0.031,13.349,0.033,5283.0,125.0,125.0,4.5489999999999995,0.05,1.03,-0.41200000000000003,0.3,0.48,0.812,1.9969999999999999,0.087,0.843,0.07400000000000001,0.086,1.584,0.365,1.541,811.1,1870.0,103.0,0.034,0.008,0.006999999999999999,,,
8395,8395,8395,212193833,08 42 47.276,+24 06 32.69,1,14.84,,,571-045209,08424727+2406326,4517-301-3-0132-0044,STAR,gri,rpm,-3.5,4.3,0.3,4.9,,,16.041,0.02,15.116,0.07,,,15.565,0.01,14.824000000000002,0.03,14.529000000000002,0.12,,,13.43,0.021,12.927,0.022000000000000002,12.745,0.026000000000000002,4983.0,79.0,79.0,3.404,1.1440000000000001,0.715,-0.385,0.25,0.35,2.476,3.6519999999999997,1.84,0.9059999999999999,0.109,0.146,0.031,1.5519999999999998,0.027999999999999997,2030.0,2192.0,1561.0,0.035,0.01,0.008,,,
8396,8396,8396,212193841,08 40 45.913,+24 06 33.51,1,17.504,,,,08404591+2406335,,STAR,J,col,,,,,,,,,,,,,,,,,,,,,16.008,0.08,15.401,0.091,14.85,0.109,3661.0,379.0,271.0,5.004,0.115,0.138,-0.128,0.2,0.28,0.261,0.154,0.084,0.262,0.18100000000000002,0.113,12.56,11.65,6.847,419.3,348.6,166.1,0.031,0.008,0.008,,,
8397,8397,8397,212193871,08 42 18.695,+24 06 36.31,1,14.487,,,571-045187,08421870+2406363,,STAR,gri,rpm,-10.0,4.7,1.1,5.1,,,15.238,0.03,14.51,0.04,,,14.802999999999999,0.01,14.261,0.04,14.352,0.54,,,13.125,0.022000000000000002,12.692,0.02,12.614,0.025,5381.0,127.0,127.0,3.803,0.708,0.708,-0.706,0.5,0.5,1.8940000000000001,2.145,1.204,0.8809999999999999,0.052000000000000005,0.073,0.099,1.51,0.09,1387.0,1466.0,857.1,0.031,0.01,0.006999999999999999,,,
8398,8398,8398,212193873,08 44 27.964,+24 06 36.41,1,17.655,,,,08442796+2406364,,STAR,J,col,,,,,,,,,,,,,,,,,,,,,16.148,0.081,15.344000000000001,0.09300000000000001,14.811,0.098,3732.0,382.0,318.0,4.976,0.13,0.156,-0.168,0.2,0.28,0.298,0.151,0.11599999999999999,0.327,0.182,0.151,9.552,10.64,5.032,513.3,354.4,239.9,0.032,0.01,0.008,,,
8399,8399,8399,212193879,08 55 49.036,+24 06 36.71,1,12.109000000000002,,,571-045679,08554903+2406367,,STAR,gri,rpm,7.8,1.3,8.5,1.5,,,13.344000000000001,0.03,12.377,0.01,,,12.883,0.02,12.077,0.02,11.777000000000001,0.01,,,10.652000000000001,0.023,10.139,0.021,10.093,0.02,4857.0,57.0,76.0,2.839,0.505,0.505,-0.384,0.25,0.35,5.562,4.5680000000000005,2.187,1.013,0.187,0.11699999999999999,0.005,0.021,0.004,1146.0,918.0,444.1,0.034,0.008,0.006,,,
8400,8400,8400,212193888,08 42 40.956,+24 06 37.60,1,14.745,,,571-045204,08424096+2406376,4508-301-4-0123-0205,STAR,gri,rpm,-6.4,4.6,-15.5,5.1,,,15.589,0.04,14.767000000000001,0.02,,,15.135,0.02,14.482000000000001,0.01,14.578,0.59,,,13.279000000000002,0.022000000000000002,12.862,0.02,12.779000000000002,0.026000000000000002,5301.0,85.0,85.0,4.562,0.035,0.049,-0.182,0.15,0.27,0.799,0.071,0.055,0.8440000000000001,0.068,0.068,1.661,0.24600000000000002,0.292,595.7,67.78,51.16,0.034,0.01,0.008,,,
8401,8401,8401,212193900,08 44 10.739,+24 06 39.00,1,10.433,,1942-2136-1,571-045272,08441074+2406389,,STAR,gri,rpm,-10.4,1.9,3.3,2.0,,,11.677,0.142,10.526,0.063,,,11.129000000000001,0.02,10.226,0.01,10.134,0.51,,,8.652000000000001,0.027000000000000003,8.1,0.016,7.96,0.023,4697.0,57.0,57.0,2.474,0.162,0.10800000000000001,-0.113,0.12,0.12,11.155999999999999,0.634,1.911,1.3130000000000002,0.292,0.182,0.0009570000000000001,0.0007059999999999999,0.000231,814.1,52.22,112.8,0.034,0.008,0.006999999999999999,,,
8402,8402,8402,212193907,09 00 11.583,+24 06 39.48,1,13.484000000000002,,,571-045814,09001159+2406394,,STAR,gri,lam,0.3,4.5,-1.2,4.9,,,15.297,0.03,13.977,0.05,,,14.619000000000002,0.01,13.472000000000001,0.06,12.997,0.02,,,11.504000000000001,0.018000000000000002,10.795,0.017,10.645999999999999,0.016,4414.0,87.0,52.0,2.122,0.156,0.048,-0.258,0.12,0.12,14.374,0.608,1.575,1.015,0.02,0.043,0.000331,0.00020299999999999997,4.5299999999999997e-05,3530.0,412.5,369.3,0.031,0.006,0.004,,,
8403,8403,8403,212193910,08 45 49.723,+24 06 39.68,1,18.759,,,,,4508-301-3-0127-0264,EXTENDED,gri,,3.0,3.0,1.0,3.0,,,,,,,19.919,0.085,18.962,0.018000000000000002,18.691,0.02,18.564,0.024,18.352,0.069,,,,,,,,,,,,,,,,,,,,,,,,,,,,,,,,,
8404,8404,8404,212193968,08 47 22.334,+24 06 45.69,1,17.113,,,,08472233+2406456,4518-301-2-0029-0037,EXTENDED,gri,,2.0,3.0,-5.0,3.0,,,,,,,19.485,0.077,17.921,0.009000000000000001,17.152,0.006999999999999999,16.766,0.006999999999999999,16.461,0.016,16.379,0.107,15.578,0.11599999999999999,15.149000000000001,0.131,,,,,,,,,,,,,,,,,,,,,,,,,,,
8405,8405,8405,212193979,08 41 33.017,+24 06 46.80,1,18.985,,,,,4508-301-4-0122-0247,STAR,gri,,-2.0,3.0,11.0,3.0,,,,,,,19.437,0.027999999999999997,19.164,0.01,18.925,0.01,18.797,0.011000000000000001,18.619,0.027999999999999997,,,,,,,,,,,,,,,,,,,,,,,,,,,,,,,,,
8406,8406,8406,212193981,08 42 39.126,+24 06 47.04,1,18.035999999999998,,,,08423912+2406470,4508-301-4-0123-0354,EXTENDED,gri,,1.0,3.0,0.0,3.0,,,,,,,21.195,0.147,19.141,0.013000000000000001,18.008,0.008,17.562,0.006999999999999999,17.185,0.017,16.320999999999998,0.096,15.568,0.10300000000000001,15.175,0.135,,,,,,,,,,,,,,,,,,,,,,,,,,,
8407,8407,8407,212194002,08 40 46.823,+24 06 49.84,1,13.542,,,571-045119,08404682+2406498,,STAR,gri,rpm,-23.7,6.3,-36.1,3.3,,,14.908,0.02,13.784,0.03,,,14.362,0.01,13.302999999999999,0.03,13.190999999999999,0.59,,,11.552999999999999,0.021,10.962,0.016,10.825999999999999,0.018000000000000002,4494.0,54.0,72.0,4.663,0.042,0.035,0.004,0.25,0.25,0.648,0.032,0.066,0.7120000000000001,0.024,0.077,2.597,0.642,0.335,174.5,13.51,18.47,0.022000000000000002,0.01,0.004,,,
8408,8408,8408,212194007,08 57 21.044,+24 06 50.95,1,12.824000000000002,,,571-045726,08572104+2406507,,STAR,gri,rpm,-21.1,2.0,-0.1,2.2,,,13.706,0.24,13.043,0.25,,,13.350999999999999,0.26,12.800999999999998,0.27,12.599,0.27,,,11.52,0.022000000000000002,11.189,0.021,11.095999999999998,0.023,5806.0,172.0,207.0,4.41,0.075,0.36,-0.12300000000000001,0.15,0.21,1.003,0.562,0.10099999999999999,1.004,0.083,0.099,0.922,0.294,0.664,370.5,210.0,51.5,0.03,0.008,0.005,,,
8409,8409,8409,212194032,08 42 56.974,+24 06 52.52,1,14.88,,,571-045222,08425697+2406524,4517-301-3-0132-0088,STAR,gri,rpm,-1.9,4.4,-2.8,4.9,,,16.320999999999998,0.04,15.133,0.03,,,15.722999999999999,0.03,14.635,0.02,14.517999999999999,0.47,,,13.005,0.019,12.413,0.019,12.267999999999999,0.022000000000000002,4421.0,72.0,90.0,4.703,0.035,1.9040000000000001,-0.14,0.27,0.09,0.591,6.001,0.042,0.6629999999999999,0.348,0.05,3.055,0.493,3.052,307.4,3209.0,33.68,0.027999999999999997,0.003,0.004,,,
8410,8410,8410,212194045,08 46 47.513,+24 06 54.18,1,14.63,,,571-045380,08464750+2406542,4518-301-2-0028-0077,STAR,gri,rpm,-7.0,4.6,3.4,5.1,,,15.369000000000002,0.02,14.614,0.02,,,14.931,0.02,14.369000000000002,0.05,14.501,0.6,,,13.206,0.019,12.785,0.021,12.697000000000001,0.025,5383.0,127.0,127.0,4.5089999999999995,0.065,0.9359999999999999,-0.47200000000000003,0.42,0.42,0.879,1.71,0.149,0.878,0.075,0.1,1.351,0.493,1.298,662.8,1149.0,128.5,0.031,0.008,0.006999999999999999,,,
8411,8411,8411,212194071,08 42 49.373,+24 06 55.97,1,11.671,,1942-2373-1,571-045212,08424936+2406560,,STAR,gri,rpm,1.2,2.3,-11.8,2.4,,,13.277999999999999,0.4970000000000001,11.575999999999999,0.171,,,12.333,0.01,11.463,0.01,11.387,0.52,,,9.904,0.018000000000000002,9.353,0.021,9.225,0.017,4735.0,57.0,57.0,2.5780000000000003,0.462,0.252,-0.22899999999999998,0.15,0.21,8.451,3.065,3.139,1.1640000000000001,0.17800000000000002,0.14800000000000002,0.002,0.005,0.0008990000000000002,1137.0,366.0,388.9,0.035,0.008,0.008,,,
8412,8412,8412,212194091,08 50 56.085,+24 06 58.57,1,18.816,,,,,4569-301-5-0147-0290,EXTENDED,gri,,-4.0,3.0,5.0,3.0,,,,,,,20.483,0.10800000000000001,19.27,0.017,18.913,0.017,18.621,0.022000000000000002,18.616,0.071,,,,,,,,,,,,,,,,,,,,,,,,,,,,,,,,,
8413,8413,8413,212194092,08 59 47.795,+24 06 58.60,1,16.7,,,,08594779+2406586,4569-301-3-0159-0153,EXTENDED,gri,,6.0,6.0,4.0,0.0,,,,,,,18.423,0.036000000000000004,17.313,0.006,16.798,0.006,16.438,0.006,16.252,0.018000000000000002,16.104,0.12,15.38,0.156,14.964,0.138,,,,,,,,,,,,,,,,,,,,,,,,,,,
8414,8414,8414,212194110,08 42 00.028,+24 07 00.08,1,12.819,,,571-045164,08420003+2407000,,STAR,gri,rpm,-8.4,3.0,-24.0,3.5,,,13.574000000000002,0.08,12.828,0.1,,,13.137,0.08,12.562000000000001,0.08,12.683,0.53,,,11.878,0.023,11.472999999999999,0.021,11.399000000000001,0.021,5408.0,161.0,96.0,4.527,0.035,0.063,-0.165,0.24,0.44,0.857,0.11800000000000001,0.07,0.89,0.045,0.07200000000000001,1.38,0.24100000000000002,0.314,344.4,56.53,30.02,0.028999999999999998,0.009000000000000001,0.005,,,
8415,8415,8415,212194171,08 42 00.324,+24 07 05.92,1,12.819,,,571-045165,08420032+2407058,,STAR,gri,rpm,9.2,2.9,-8.9,3.4,,,13.574000000000002,0.08,12.828,0.1,,,13.137,0.08,12.562000000000001,0.08,12.683,0.53,,,12.157,0.022000000000000002,11.703,0.016,11.614,0.021,5178.0,145.0,103.0,3.798,0.765,0.9179999999999999,-0.484,0.45,0.54,2.193,2.474,1.538,0.8859999999999999,0.14,0.087,0.081,1.62,0.075,885.8,952.2,567.0,0.032,0.006999999999999999,0.006999999999999999,,,
8416,8416,8416,212194210,08 56 15.530,+24 07 09.52,1,17.408,,,,08561552+2407095,4569-301-4-0154-0236,STAR,gri,rpm,122.0,3.0,-173.0,3.0,,,,,,,21.559,0.131,18.938,0.009000000000000001,17.451,0.006,16.752,0.006,16.355999999999998,0.009000000000000001,15.149000000000001,0.039,14.630999999999998,0.055,14.355,0.079,3621.0,341.0,113.0,5.121,0.06,0.084,-0.606,0.42,0.56,0.191,0.059000000000000004,0.035,0.177,0.075,0.034,25.48,8.498,9.402999999999999,136.1,56.57,58.06,0.018000000000000002,0.006999999999999999,0.005,,,
8417,8417,8417,212194245,08 42 30.584,+24 07 13.25,1,15.325,,,571-045199,08423058+2407132,4508-301-4-0123-0145,STAR,gri,rpm,2.1,4.2,-0.2,4.8,,,16.471,0.05,15.520999999999999,0.08,,,15.947000000000001,0.05,15.25,0.02,15.058,0.04,,,13.940999999999999,0.024,13.398,0.025,13.270999999999999,0.033,4995.0,97.0,78.0,3.7260000000000004,0.846,0.846,-0.4270000000000001,0.28,0.35,1.8840000000000001,2.792,1.3230000000000002,0.833,0.10400000000000001,0.10400000000000001,0.073,1.9709999999999999,0.069,1943.0,2827.0,1357.0,0.033,0.01,0.006999999999999999,,,
8418,8418,8418,212194250,08 42 43.879,+24 07 13.70,1,11.892999999999999,,1942-2304-1,571-045208,08424387+2407136,,STAR,gri,rpm,6.8,1.9,-11.1,2.0,,,12.095999999999998,0.15,11.867,0.184,,,11.966,0.01,11.635,0.03,11.862,0.59,,,10.809000000000001,0.018000000000000002,10.572000000000001,0.021,10.517999999999999,0.018000000000000002,6323.0,101.0,127.0,4.138999999999999,0.16,0.192,-0.10400000000000001,0.15,0.21,1.501,0.418,0.278,1.251,0.11800000000000001,0.11800000000000001,0.303,0.242,0.153,446.8,124.6,82.79,0.03,0.006999999999999999,0.006,,,
8419,8419,8419,212194251,08 47 52.597,+24 07 13.76,1,19.924,,,,,4518-301-2-0029-0635,EXTENDED,gri,,11.0,5.0,-9.0,5.0,,,,,,,21.744,0.358,20.125999999999998,0.036000000000000004,19.857,0.042,19.585,0.044000000000000004,19.507,0.142,,,,,,,,,,,,,,,,,,,,,,,,,,,,,,,,,
8420,8420,8420,212194309,08 41 10.781,+24 07 20.20,1,17.94,,,,08411078+2407202,4508-301-4-0121-0335,EXTENDED,gri,,0.0,3.0,-4.0,3.0,,,,,,,20.706,0.084,18.837,0.01,17.94,0.006999999999999999,17.555999999999994,0.006999999999999999,17.243,0.016,16.226,0.08800000000000001,15.47,0.08800000000000001,15.162,0.131,,,,,,,,,,,,,,,,,,,,,,,,,,,
8421,8421,8421,212194391,08 58 15.416,+24 07 30.34,1,11.753,,1950-162-1,571-045754,08581541+2407305,,STAR,gri,rpm,-4.4,1.7,5.0,1.8,,,12.087,0.19399999999999998,11.595,0.16699999999999998,,,12.112,0.02,11.744000000000002,0.03,11.599,0.03,,,10.809000000000001,0.021,10.532,0.021,10.475,0.02,6111.0,144.0,96.0,4.05,0.231,0.165,-0.18899999999999997,0.2,0.32,1.571,0.48100000000000004,0.368,1.133,0.20199999999999999,0.168,0.24600000000000002,0.36,0.11699999999999999,442.8,131.6,101.5,0.032,0.01,0.008,,,
8422,8422,8422,212194417,09 00 05.197,+24 07 33.00,1,17.058,,,,09000519+2407330,4569-301-3-0159-0194,EXTENDED,gri,,3.0,3.0,3.0,3.0,,,,,,,20.018,0.075,18.086,0.008,17.042,0.005,16.617,0.005,16.261,0.012,15.497,0.07,14.93,0.10099999999999999,14.491,0.092,,,,,,,,,,,,,,,,,,,,,,,,,,,
8423,8423,8423,212194451,08 45 01.789,+24 07 37.12,1,12.413,,,571-045298,08450179+2407371,,STAR,gri,rpm,-5.1,1.8,-18.0,2.0,,,13.132,0.02,12.415,0.01,,,12.724,0.01,12.210999999999999,0.02,12.28,0.53,,,11.130999999999998,0.021,10.734000000000002,0.019,10.673,0.019,5570.0,131.0,163.0,4.453,0.065,0.8190000000000001,-0.452,0.4,0.56,0.9690000000000001,1.433,0.15,0.9109999999999999,0.096,0.069,1.0270000000000001,0.374,0.968,304.2,410.2,64.22,0.028999999999999998,0.006999999999999999,0.006,,,
8424,8424,8424,212194470,08 56 45.013,+24 07 38.72,1,14.100999999999999,,,571-045714,08564501+2407387,,STAR,gri,rpm,5.1,4.6,-11.1,5.0,,,15.456,0.08,14.505999999999998,0.08,,,15.001,0.02,14.084000000000001,0.04,13.715,0.04,,,12.532,0.022000000000000002,12.017000000000001,0.021,11.912,0.019,4763.0,96.0,77.0,4.63,0.025,1.08,-0.08,0.15,0.15,0.7070000000000001,2.639,0.051,0.7809999999999999,0.17800000000000002,0.055,2.205,0.298,2.11,328.2,1238.0,33.53,0.03,0.008,0.006,,,
8425,8425,8425,212194486,08 38 05.136,+24 07 40.21,1,14.418,,,571-045022,08380513+2407403,,STAR,gri,rpm,9.8,4.7,-7.5,5.1,,,15.117,0.05,14.485999999999999,0.03,,,14.767000000000001,0.01,14.227,0.05,14.269,0.51,,,12.953,0.024,12.505999999999998,0.019,12.395,0.022000000000000002,5309.0,128.0,128.0,3.6180000000000003,0.938,0.402,-0.82,0.6,0.25,2.278,1.2570000000000001,1.518,0.88,0.027999999999999997,0.078,0.055,1.369,0.040999999999999995,1456.0,723.7,959.7,0.033,0.008,0.006,,,
8426,8426,8426,212194521,08 46 40.913,+24 07 43.59,1,14.758,,,571-045374,08464090+2407436,,STAR,gri,rpm,-12.7,4.5,-19.0,5.0,,,16.169,0.08,14.972000000000001,0.02,,,15.615,0.02,14.468,0.04,14.390999999999998,0.62,,,12.777000000000001,0.022000000000000002,12.183,0.022000000000000002,12.044,0.02,4328.0,106.0,106.0,4.717,0.055,0.044000000000000004,-0.051,0.16,0.24,0.5720000000000001,0.06,0.07400000000000001,0.643,0.057,0.08,3.228,0.9690000000000001,0.634,255.1,41.19,35.46,0.027999999999999997,0.01,0.005,,,
8427,8427,8427,212194523,08 43 56.519,+24 07 44.05,1,17.664,,,,08435651+2407440,4517-301-3-0133-0250,STAR,gri,rpm,23.0,3.0,-103.0,3.0,,,,,,,21.72300000000001,0.155,19.337,0.013000000000000001,18.022000000000002,0.006999999999999999,16.947,0.006,16.391,0.008,15.155,0.039,14.591,0.042,14.392000000000001,0.062,3390.0,54.0,33.0,5.065,0.02,0.02,0.114,0.05,0.08,0.214,0.004,0.004,0.19399999999999998,0.01,0.004,19.72,1.183,1.183,185.7,6.968999999999999,5.5710000000000015,0.013999999999999999,0.01,0.001,,,
8428,8428,8428,212194536,08 41 03.971,+24 07 45.42,1,16.104,,,,08410397+2407454,4508-301-4-0121-0298,EXTENDED,gri,,-4.0,3.0,2.0,3.0,,,,,,,19.37,0.075,17.149,0.006,16.099,0.004,15.655999999999999,0.004,15.322000000000001,0.009000000000000001,15.206,0.062,14.505,0.068,14.265,0.087,,,,,,,,,,,,,,,,,,,,,,,,,,,
8429,8429,8429,212194591,08 43 49.207,+24 07 50.97,1,14.067,,,571-045259,08434920+2407509,,STAR,gri,rpm,22.6,4.7,-33.0,5.0,,,15.446,0.04,14.324000000000002,0.02,,,14.909,0.02,13.838,0.01,13.706,0.58,,,12.187999999999999,0.022000000000000002,11.584000000000001,0.021,11.43,0.02,4422.0,70.0,70.0,4.712,0.07200000000000001,0.045,-0.19,0.25,0.4,0.58,0.062,0.087,0.643,0.067,0.094,3.173,1.248,0.594,206.9,30.1,35.83,0.023,0.005,0.003,,,
8430,8430,8430,212194596,08 46 04.608,+24 07 51.40,1,19.073,,,,08460460+2407514,4508-301-3-0128-0140,STAR,gri,rpm,8.0,5.0,-29.0,5.0,,,,,,,22.46,0.21600000000000005,20.504,0.022000000000000002,19.164,0.012,18.46,0.01,18.034000000000002,0.018000000000000002,16.991,0.16699999999999998,15.972999999999999,0.134,15.636,0.18600000000000005,3799.0,45.0,45.0,4.954,0.04,0.055999999999999994,-0.16899999999999998,0.1,0.1,0.33299999999999996,0.040999999999999995,0.043,0.361,0.046,0.055,9.725,2.378,2.245,848.4,148.4,126.3,0.031,0.008,0.006999999999999999,,,
8431,8431,8431,212194602,08 56 06.702,+24 07 51.93,1,12.841,,,571-045689,08560670+2407520,,STAR,gri,rpm,-1.7,1.7,0.8,2.0,,,14.109000000000002,0.06,13.154000000000002,0.07,,,13.604000000000001,0.02,12.824000000000002,0.03,12.513,0.04,,,11.357000000000001,0.023,10.854000000000001,0.025,10.752,0.02,4870.0,78.0,58.0,2.719,0.568,0.426,-0.39799999999999996,0.15,0.33,6.8660000000000005,4.393,3.01,1.04,0.191,0.136,0.002,0.013999999999999999,0.002,1790.0,1042.0,741.7,0.033,0.008,0.006999999999999999,,,
8432,8432,8432,212194621,08 55 40.470,+24 07 53.72,1,16.32,,,571-045674,08554046+2407541,4569-301-4-0153-0051,STAR,JHK,col,,,,,,,,,,,,,,,,,,,,,14.28,0.034,13.665999999999999,0.036000000000000004,13.485,0.040999999999999995,3941.0,481.0,267.0,4.86,0.11,0.154,-0.151,0.2,0.32,0.39899999999999997,0.177,0.105,0.45299999999999996,0.166,0.138,6.379,4.835,3.138,320.1,180.7,99.67,0.028999999999999998,0.008,0.006999999999999999,,,
8433,8433,8433,212194671,08 42 34.367,+24 08 00.55,1,11.898,,,571-045200,08423437+2408005,,STAR,gri,rpm,-10.9,2.0,-17.1,1.1,,,12.805,0.02,11.902000000000001,0.03,,,12.317,0.02,11.61,0.02,11.719000000000001,0.57,,,10.43,0.02,10.032,0.016,9.919,0.018000000000000002,5187.0,104.0,83.0,3.7960000000000003,0.777,0.222,0.001,0.15,0.27,2.084,0.843,1.288,0.99,0.311,0.11,0.106,1.577,0.06,426.6,148.3,268.8,0.026000000000000002,0.011000000000000001,0.006999999999999999,,,
8434,8434,8434,212194673,08 45 45.739,+24 08 00.68,1,13.200999999999999,,,571-045336,08454574+2408008,,STAR,gri,rpm,-1.2,2.1,-2.6,2.5,,,14.026,0.04,13.179,0.01,,,13.561,0.02,12.915999999999999,0.02,13.047,0.58,,,11.667,0.021,11.224,0.019,11.132,0.019,5165.0,125.0,62.0,3.214,0.52,0.8320000000000001,-0.708,0.5,0.25,3.842,5.641,1.7380000000000002,0.9329999999999999,0.22899999999999998,0.046,0.016,0.07,0.015,1327.0,1578.0,539.9,0.036000000000000004,0.008,0.008,,,
8435,8435,8435,212194696,08 46 38.357,+24 08 02.75,1,12.609000000000002,,,571-045371,08463834+2408027,,STAR,gri,rpm,1.2,2.0,-4.2,2.4,,,13.934000000000001,0.02,12.713,0.03,,,13.321,0.01,12.296,0.04,12.304,0.59,,,10.677,0.021,10.089,0.022000000000000002,9.961,0.02,4545.0,72.0,54.0,2.511,0.252,0.21,0.012,0.12,0.14,9.941,2.7769999999999997,2.544,1.251,0.07400000000000001,0.11900000000000001,0.001,0.002,0.000641,1754.0,482.9,378.7,0.037000000000000005,0.006,0.011000000000000001,,,
8436,8436,8436,212194732,08 54 42.457,+24 08 05.91,1,17.647000000000006,,,,08544245+2408059,4576-301-5-0145-0159,EXTENDED,gri,,-8.0,3.0,8.0,3.0,,,,,,,20.498,0.08199999999999999,18.5,0.009000000000000001,17.641,0.006999999999999999,17.281,0.006999999999999999,16.983,0.016,16.174,0.11599999999999999,15.362,0.125,14.974,0.125,,,,,,,,,,,,,,,,,,,,,,,,,,,
8437,8437,8437,212194744,08 56 30.294,+24 08 07.03,1,16.643,,,,08563029+2408070,4569-301-4-0154-0276,EXTENDED,gri,,1.0,3.0,3.0,3.0,,,,,,,19.51,0.08800000000000001,17.643,0.008,16.621,0.006,16.215,0.006,15.88,0.015,16.018,0.125,15.216,0.134,14.77,0.126,,,,,,,,,,,,,,,,,,,,,,,,,,,
8438,8438,8438,212194811,08 43 02.757,+24 08 13.78,1,9.84,42783.0,1942-1370-1,571-045226,08430278+2408135,,STAR,gri,plx,-122.19,2.54,-27.6,1.59,27.12,2.06,11.337,0.09300000000000001,10.1,0.043,,,10.84,0.05,9.724,0.11,9.411,0.58,,,7.683,0.021,7.091,0.021,6.928,0.02,4590.0,73.0,91.0,4.647,0.024,0.02,0.069,0.1,0.12,0.6759999999999999,0.025,0.034,0.748,0.025,0.037000000000000005,2.406,0.244,0.222,36.87,2.801,2.801,0.005,0.002,0.001,,,
8439,8439,8439,212194843,08 57 42.870,+24 08 17.71,1,14.029000000000002,,,571-045736,08574286+2408181,4576-301-4-0149-0026,STAR,gri,rpm,0.7,4.5,-40.2,4.9,,,15.677,0.01,14.557,0.05,,,15.183,0.03,14.030999999999999,0.03,13.534,0.04,,,12.220999999999998,0.023,11.603,0.026000000000000002,11.453,0.019,4184.0,67.0,83.0,4.782,0.10800000000000001,0.054000000000000006,-0.165,0.24,0.44,0.501,0.063,0.106,0.574,0.057999999999999996,0.128,4.283,2.841,0.8959999999999999,171.0,23.98,42.87,0.021,0.006,0.005,,,
8440,8440,8440,212194864,08 56 08.769,+24 08 20.33,1,12.807,,,571-045691,08560876+2408204,,STAR,gri,rpm,0.6,1.8,-3.5,2.1,,,14.244000000000002,0.04,13.175999999999998,0.07,,,13.697000000000001,0.04,12.79,0.03,12.425999999999998,0.03,,,11.17,0.022000000000000002,10.57,0.023,10.460999999999999,0.018000000000000002,4601.0,73.0,73.0,2.247,0.384,0.44799999999999995,-0.473,0.36,0.3,12.138,6.558,3.7560000000000002,0.963,0.228,0.061,0.000479,0.001,0.000365,2722.0,1539.0,745.6,0.035,0.013000000000000001,0.005,,,
8441,8441,8441,212194881,08 46 55.357,+24 08 21.78,1,18.271,,,,08465535+2408217,,STAR,J,,,,,,,,,,,,,,,,,,,,,,16.715999999999998,0.14,,,15.554,0.184,,,,,,,,,,,,,,,,,,,,,,,,,,,
8442,8442,8442,212194899,08 45 00.423,+24 08 23.68,1,16.47,,,,08450042+2408236,4508-301-3-0126-0320,STAR,gri,rpm,-41.0,3.0,-15.0,3.0,,,,,,,21.119,0.077,18.457,0.008,17.022000000000002,0.005,15.618,0.005,14.886,0.006,13.497,0.022000000000000002,12.899000000000001,0.024,12.604000000000001,0.025,3550.0,70.0,56.0,5.045,0.036000000000000004,0.048,-0.07200000000000001,0.12,0.12,0.235,0.044000000000000004,0.027000000000000003,0.233,0.053,0.038,16.74,3.8560000000000003,4.042,112.5,19.26,16.44,0.017,0.003,0.003,,,
8443,8443,8443,212194908,08 45 44.314,+24 08 24.33,1,14.994000000000002,,,571-045334,08454431+2408245,4508-301-3-0127-0114,STAR,gri,rpm,0.0,4.4,-3.0,5.0,,,16.058,0.04,15.297,0.02,,,15.620999999999999,0.02,14.968,0.04,14.725,0.07,,,13.635,0.023,13.189,0.025,13.059000000000001,0.03,5199.0,122.0,122.0,4.5310000000000015,0.07200000000000001,1.1520000000000001,-0.353,0.3,0.48,0.84,2.448,0.122,0.8640000000000001,0.08199999999999999,0.095,1.4240000000000002,0.532,1.3980000000000001,721.8,1862.0,108.9,0.033,0.01,0.006,,,
8444,8444,8444,212194952,08 53 12.831,+24 08 28.38,1,16.224,,,,08531283+2408283,4508-301-1-0137-0286,EXTENDED,gri,,-1.0,3.0,4.0,3.0,,,,,,,19.256,0.04,17.204,0.005,16.250999999999998,0.004,15.804,0.004,15.465,0.006,14.959000000000001,0.057,14.288,0.07400000000000001,14.087,0.086,,,,,,,,,,,,,,,,,,,,,,,,,,,
8445,8445,8445,212194970,08 39 22.216,+24 08 30.62,1,14.915999999999999,,,571-045067,08392219+2408306,,STAR,JHK,col,,,,,,,,,,,,,,,,,,,,,12.805,0.021,12.225999999999999,0.019,11.989,0.02,3596.0,114.0,133.0,5.011,0.09,0.05,-0.021,0.15,0.24,0.26,0.048,0.069,0.266,0.07200000000000001,0.086,14.06,9.542,3.516,91.33,23.12,27.68,0.015,0.005,0.005,,,
8446,8446,8446,212194971,08 52 27.411,+24 08 30.74,1,15.154000000000002,,,571-045582,08522740+2408308,,STAR,gri,rpm,-8.3,3.0,-14.9,4.1,,,17.085,0.2,15.84,0.07,,,16.567,0.07,15.215,0.05,14.549000000000001,0.08,,,13.032,0.023,12.379000000000001,0.032,12.222999999999999,0.023,3960.0,95.0,119.0,4.837,0.063,0.045,-0.05,0.15,0.12,0.445,0.045,0.066,0.506,0.046,0.09300000000000001,5.702999999999999,1.815,1.067,199.4,30.18,34.16,0.024,0.003,0.006,,,
8447,8447,8447,212194975,08 52 19.023,+24 08 31.10,1,12.245,,1943-1365-1,571-045575,08521899+2408310,,STAR,gri,col,,,,,,,12.39,0.223,12.339,0.252,,,12.802,0.05,12.189,0.02,12.005999999999998,0.01,,,11.095999999999998,0.024,10.789000000000001,0.033,10.705,0.019,5522.0,134.0,134.0,4.488,0.045,0.612,-0.046,0.18,0.27,0.915,1.0270000000000001,0.086,0.965,0.094,0.094,1.206,0.261,1.0659999999999998,265.5,281.1,28.33,0.028999999999999998,0.008,0.006999999999999999,,,
8448,8448,8448,212194986,08 40 51.482,+24 08 32.84,1,13.664000000000001,,,571-045123,08405148+2408326,,STAR,gri,rpm,7.2,4.3,-17.8,4.1,,,14.494000000000002,0.02,13.67,0.03,,,14.034,0.01,13.385,0.04,13.505,0.62,,,12.159,0.022000000000000002,11.709000000000001,0.018000000000000002,11.575999999999999,0.021,5182.0,123.0,103.0,3.9219999999999997,0.71,0.852,-0.484,0.45,0.45,1.666,2.62,1.018,0.893,0.054000000000000006,0.086,0.16399999999999998,1.673,0.155,761.5,1017.0,478.5,0.032,0.005,0.008,,,
8449,8449,8449,212195018,09 00 01.338,+24 08 35.67,1,11.940999999999999,,1950-136-1,571-045810,09000133+2408359,,STAR,gri,lam,7.0,2.3,-7.5,2.3,,,12.244000000000002,0.245,11.754000000000001,0.212,,,12.142000000000001,0.02,11.874,0.04,11.784,0.04,,,11.064,0.018000000000000002,10.898,0.017,10.835999999999999,0.016,6489.0,129.0,155.0,4.221,0.075,0.105,-0.126,0.12,0.12,1.3940000000000001,0.228,0.14300000000000002,1.245,0.087,0.10400000000000001,0.44,0.14,0.141,472.3,83.62,59.99,0.032,0.008,0.006,,,
8450,8450,8450,212195022,08 52 31.724,+24 08 36.01,1,18.133,,,,08523172+2408360,4508-301-1-0136-0315,STAR,gri,rpm,-1.0,5.0,-47.0,5.0,,,,,,,22.025,0.158,19.776,0.015,18.396,0.008,17.429000000000002,0.006,16.910999999999998,0.01,15.658,0.061,15.035,0.10400000000000001,14.850999999999999,0.10099999999999999,3538.0,57.0,42.0,5.015,0.035,0.042,0.057,0.12,0.1,0.255,0.039,0.025,0.252,0.047,0.03,14.11,3.05,2.508,329.7,51.99,44.91,0.027999999999999997,0.008,0.005,,,
8451,8451,8451,212195062,08 48 29.994,+24 08 40.32,1,12.338,,,571-045439,08482999+2408402,,STAR,gri,rpm,5.0,2.1,-5.2,0.7,,,12.790999999999999,0.02,12.300999999999998,0.05,,,12.491,0.04,12.162,0.03,12.272,0.46,,,11.349,0.019,11.120999999999999,0.016,11.074000000000002,0.018000000000000002,6356.0,152.0,152.0,4.12,0.15,0.18,-0.062,0.1,0.2,1.536,0.39299999999999996,0.313,1.261,0.156,0.13,0.287,0.22899999999999998,0.128,580.5,172.2,113.0,0.031,0.011000000000000001,0.006999999999999999,,,
8452,8452,8452,212195086,08 46 51.958,+24 08 42.98,1,12.004000000000001,,,571-045381,08465194+2408430,,STAR,gri,rpm,8.5,1.4,-34.6,0.8,,,12.477,0.03,11.875,0.03,,,12.125,0.01,11.717,0.04,11.952,0.6,,,10.835999999999999,0.021,10.555,0.022000000000000002,10.495999999999999,0.019,6054.0,121.0,121.0,4.317,0.085,0.17,-0.228,0.2,0.24,1.173,0.239,0.168,1.035,0.107,0.128,0.62,0.24600000000000002,0.257,333.3,70.0,48.96,0.032,0.006999999999999999,0.006,,,
8453,8453,8453,212195099,08 48 28.944,+24 08 43.83,1,15.557,,,571-045438,08482895+2408438,,STAR,gri,col,,,,,,,17.477,0.15,16.108,0.068,,,16.782,0.24,15.600999999999999,0.12,15.033,0.74,,,12.234000000000002,0.019,11.61,0.016,11.380999999999998,0.02,3754.0,146.0,146.0,4.954,0.065,0.078,-0.06,0.15,0.21,0.318,0.067,0.065,0.355,0.085,0.102,9.472000000000001,4.865,2.766,97.37,24.65,26.38,0.015,0.006,0.005,,,
8454,8454,8454,212195104,08 52 58.232,+24 08 44.15,1,17.384,,,,08525823+2408441,,STAR,J,rpm,2.0,4.0,10.0,3.0,,,,,,,,,,,,,,,,,15.895999999999999,0.111,15.300999999999998,0.154,14.84,0.129,4021.0,647.0,359.0,4.843,0.145,0.174,-0.24,0.25,0.35,0.418,0.18100000000000002,0.146,0.48200000000000004,0.179,0.179,5.528,5.7589999999999995,2.821,708.5,603.6,284.5,0.033,0.008,0.006999999999999999,,,
8455,8455,8455,212195121,08 42 12.431,+24 08 45.76,1,13.386,,,571-045178,08421243+2408457,,STAR,gri,rpm,-2.1,3.8,0.0,2.4,,,14.390999999999998,0.03,13.424000000000001,0.03,,,13.872,0.01,13.109000000000002,0.02,13.177999999999999,0.62,,,11.716,0.02,11.187999999999999,0.016,11.085999999999999,0.02,4906.0,78.0,78.0,2.92,0.435,0.609,-0.45799999999999996,0.25,0.3,5.441,3.9360000000000004,1.984,0.997,0.20800000000000002,0.10400000000000001,0.005,0.017,0.004,1773.0,1405.0,697.8,0.033,0.011000000000000001,0.006999999999999999,,,
8456,8456,8456,212195146,08 43 10.670,+24 08 48.54,1,15.494000000000002,,,571-045231,08431066+2408484,,STAR,gri,rpm,2.1,4.3,-0.9,4.9,,,16.473,0.04,15.719000000000001,0.02,,,16.047,0.03,15.450999999999999,0.06,15.257,0.08,,,14.162,0.024,13.709000000000001,0.027000000000000003,13.622,0.035,5263.0,155.0,155.0,4.543,0.045,1.107,-0.418,0.3,0.48,0.8140000000000001,2.134,0.077,0.8540000000000001,0.064,0.086,1.5090000000000001,0.4,1.4780000000000002,931.0,2302.0,126.8,0.032,0.01,0.006,,,
8457,8457,8457,212195160,08 39 49.256,+24 08 49.77,1,17.566,,,,08394925+2408497,4517-301-4-0128-0216,EXTENDED,gri,,0.0,3.0,-2.0,3.0,,,,,,,20.329,0.09300000000000001,18.449,0.009000000000000001,17.576,0.006999999999999999,17.187,0.006,16.825,0.015,16.034000000000002,0.08199999999999999,15.279000000000002,0.092,15.272,0.145,,,,,,,,,,,,,,,,,,,,,,,,,,,
8458,8458,8458,212195199,08 56 17.362,+24 08 54.10,1,15.543,,,,08561736+2408540,4569-301-4-0154-0112,EXTENDED,gri,,-4.0,3.0,4.0,3.0,,,,,,,17.045,0.013999999999999999,16.034000000000002,0.003,15.625,0.003,15.333,0.003,15.172,0.009000000000000001,15.175999999999998,0.08900000000000001,14.690999999999999,0.11199999999999999,14.374,0.114,,,,,,,,,,,,,,,,,,,,,,,,,,,
8459,8459,8459,212195211,08 44 34.374,+24 08 54.92,1,17.041,,,,08443437+2408549,4517-301-3-0134-0224,EXTENDED,gri,,1.0,3.0,1.0,3.0,,,,,,,19.035,0.031,17.768,0.006,17.129,0.005,16.73,0.005,16.457,0.011000000000000001,15.633,0.059000000000000004,14.805,0.064,14.3,0.061,,,,,,,,,,,,,,,,,,,,,,,,,,,
8460,8460,8460,212195242,09 00 09.217,+24 08 57.22,1,17.855,,,,09000921+2408572,,STAR,J,,,,,,,,,,,,,,,,,,,,,,16.333,0.134,,,,,,,,,,,,,,,,,,,,,,,,,,,,,,,
8461,8461,8461,212195299,08 45 43.517,+24 09 04.10,1,14.425,,,571-045333,08454352+2409043,,STAR,gri,rpm,-29.6,4.7,-14.8,5.1,,,15.48,0.04,14.48,0.04,,,14.954,0.02,14.136,0.03,14.199000000000002,0.55,,,12.774000000000001,0.023,12.267000000000001,0.022000000000000002,12.17,0.022000000000000002,4885.0,98.0,78.0,4.619,0.035,0.035,-0.198,0.2,0.24,0.69,0.055,0.06,0.74,0.067,0.055999999999999994,2.147,0.376,0.32,366.7,42.85,32.26,0.028999999999999998,0.011000000000000001,0.006999999999999999,,,
8462,8462,8462,212195302,08 44 14.411,+24 09 04.60,1,15.873,,,571-045275,08441441+2409046,4517-301-3-0134-0055,STAR,gri,rpm,-19.8,4.1,-51.4,4.8,,,16.667,0.03,16.04,0.03,,,16.279,0.01,15.864,0.03,15.699000000000002,0.11900000000000001,,,14.915999999999999,0.035,14.459000000000001,0.047,14.38,0.065,4887.0,554.0,251.0,4.74,0.06,0.096,-1.192,0.3,0.25,0.529,0.095,0.059000000000000004,0.579,0.079,0.049,3.733,1.021,1.198,757.6,271.0,131.8,0.033,0.016,0.01,,,
8463,8463,8463,212195312,08 42 49.276,+24 09 06.03,1,14.408,,,571-045211,08424927+2409059,4508-301-4-0123-0252,STAR,gri,rpm,22.7,4.6,5.9,5.1,,,15.452,0.03,14.658,0.02,,,15.019,0.01,14.350999999999999,0.03,14.147,0.04,,,13.068,0.021,12.603,0.023,12.497,0.023,5183.0,82.0,103.0,4.59,0.05,0.07,-0.37,0.25,0.4,0.731,0.12,0.087,0.778,0.114,0.095,1.88,0.514,0.473,483.2,87.13,62.35,0.031,0.008,0.006999999999999999,,,
8464,8464,8464,212195347,08 47 43.206,+24 09 09.56,1,12.817,,,571-045414,08474321+2409096,,STAR,gri,rpm,2.3,1.8,-3.0,2.3,,,13.41,0.03,12.825999999999999,0.05,,,13.062999999999999,0.04,12.65,0.03,12.712,0.43,,,11.685,0.022000000000000002,11.392000000000001,0.018000000000000002,11.318,0.019,6038.0,142.0,142.0,4.17,0.19,0.228,-0.10400000000000001,0.16,0.2,1.3940000000000001,0.527,0.298,1.1159999999999999,0.133,0.111,0.376,0.439,0.22399999999999998,573.1,231.2,128.6,0.032,0.01,0.006999999999999999,,,
8465,8465,8465,212195349,08 44 49.336,+24 09 09.93,1,15.183,,,571-045291,08444935+2409110,,STAR,gri,rpm,-97.0,8.0,-375.0,8.0,,,17.090999999999998,0.07,15.632,0.02,,,16.408,0.02,15.025,0.06,14.657,0.43,,,12.904000000000002,0.022000000000000002,12.345,0.02,12.151,0.023,3338.0,555.0,396.0,5.138,0.07,0.126,-0.271,0.3,0.42,0.16899999999999998,0.086,0.038,0.16,0.11199999999999999,0.047,27.7,14.22,13.43,54.32,28.35,21.04,0.008,0.006,0.004,,,
8466,8466,8466,212195418,08 56 13.353,+24 09 17.01,1,18.977999999999998,,,,,4569-301-4-0154-0245,EXTENDED,gri,,4.0,3.0,1.0,3.0,,,,,,,20.04,0.057,19.148,0.012,18.921,0.013999999999999999,18.735,0.016,18.488,0.053,,,,,,,,,,,,,,,,,,,,,,,,,,,,,,,,,
8467,8467,8467,212195439,08 53 32.839,+24 09 19.04,1,19.155,,,,,4508-301-1-0138-0314,STAR,gri,,-5.0,4.0,1.0,4.0,,,,,,,19.494,0.027000000000000003,19.252,0.011000000000000001,19.122,0.011000000000000001,18.93,0.012,18.744,0.027999999999999997,,,,,,,,,,,,,,,,,,,,,,,,,,,,,,,,,
8468,8468,8468,212195450,08 51 35.123,+24 09 20.19,1,10.999,,1943-1926-1,571-045544,08513512+2409202,,STAR,gri,rpm,2.2,1.8,-7.4,1.9,,,11.82,0.12,11.190999999999999,0.098,,,11.469000000000001,0.05,10.975,0.02,10.798,0.01,,,9.905,0.019,9.647,0.015,9.602,0.016,5910.0,118.0,118.0,4.01,0.392,0.294,-0.003,0.15,0.18,1.6380000000000001,0.9179999999999999,0.588,1.169,0.265,0.133,0.20800000000000002,0.573,0.141,308.5,133.3,121.9,0.031,0.009000000000000001,0.009000000000000001,,,
8469,8469,8469,212195467,08 43 39.578,+24 09 21.79,1,12.437999999999999,,,571-045250,08433956+2409218,,STAR,gri,rpm,-4.1,1.8,-21.3,3.7,,,13.62,0.02,12.585,0.02,,,13.07,0.01,12.247,0.01,12.167,0.52,,,10.700999999999999,0.019,10.125,0.019,9.997,0.018000000000000002,4795.0,76.0,76.0,2.787,0.6579999999999999,0.564,-0.35200000000000004,0.3,0.36,5.995,5.5760000000000005,2.889,0.966,0.18,0.09,0.004,0.032,0.003,1206.0,889.4,572.9,0.033,0.006999999999999999,0.008,,,
8470,8470,8470,212195472,08 56 30.969,+24 09 22.17,1,17.826,,,,08563096+2409221,4569-301-4-0154-0288,EXTENDED,gri,,-2.0,3.0,-2.0,3.0,,,,,,,20.927,0.13,18.926,0.011000000000000001,17.82,0.006999999999999999,17.354,0.006999999999999999,16.999000000000002,0.017,15.937999999999999,0.086,15.404000000000002,0.122,14.783,0.10099999999999999,,,,,,,,,,,,,,,,,,,,,,,,,,,
8471,8471,8471,212195477,08 47 14.895,+24 09 22.44,1,12.177999999999999,,1943-1129-1,571-045396,08471489+2409225,,STAR,gri,rpm,-0.4,3.7,-4.7,3.7,,,12.625,0.3,11.523,0.139,,,12.652000000000001,0.031,11.897,0.04,11.975,0.59,,,10.511,0.019,10.006,0.016,9.879,0.018000000000000002,4925.0,80.0,100.0,2.825,0.54,0.54,-0.434,0.25,0.25,6.257999999999999,4.152,2.86,1.07,0.16899999999999998,0.121,0.003,0.023,0.003,1143.0,859.5,490.5,0.032,0.008,0.006999999999999999,,,
8472,8472,8472,212195481,08 44 25.798,+24 09 22.67,1,14.937000000000001,,,571-045280,08442579+2409225,4517-301-3-0134-0082,STAR,gri,rpm,-1.0,4.4,-5.2,4.9,,,16.062,0.05,15.015,0.05,,,15.488,0.01,14.700999999999999,0.02,14.700999999999999,0.59,,,13.244000000000002,0.022000000000000002,12.677,0.019,12.561,0.023,4861.0,77.0,77.0,2.917,1.71,0.475,-0.48200000000000004,0.3,0.25,4.871,4.2,4.258,0.9129999999999999,0.057,0.19399999999999998,0.005,2.237,0.004,3336.0,2188.0,2892.0,0.033,0.008,0.006,,,
8473,8473,8473,212195485,08 55 12.697,+24 09 23.28,1,14.946,,,571-045662,08551269+2409234,4569-301-4-0153-0014,STAR,gri,rpm,24.0,4.0,16.0,14.0,,,17.09,0.14,15.642999999999999,0.02,,,16.445999999999998,0.04,15.036,0.08,14.304,0.05,,,12.710999999999999,0.02,12.071,0.024,11.882,0.019,3849.0,92.0,116.0,4.878,0.08,0.025,0.004,0.12,0.12,0.405,0.024,0.081,0.45299999999999996,0.034,0.091,6.822,3.292,0.7979999999999999,152.9,14.6,33.0,0.024,0.011000000000000001,0.008,,,
8474,8474,8474,212195494,08 41 14.879,+24 09 23.94,1,12.455,,,571-045142,08411487+2409240,,STAR,gri,rpm,6.3,1.6,-37.0,1.6,,,13.183,0.01,12.424000000000001,0.02,,,12.752,0.02,12.187000000000001,0.04,12.328,0.58,,,11.05,0.021,10.689,0.021,10.585,0.018000000000000002,5552.0,132.0,88.0,4.481,0.05,0.09,-0.071,0.16,0.2,0.9109999999999999,0.098,0.07400000000000001,0.9390000000000001,0.067,0.067,1.206,0.217,0.304,265.0,33.44,34.3,0.027000000000000003,0.005,0.006999999999999999,,,
8475,8475,8475,212195536,08 51 48.028,+24 09 28.88,1,12.106,,1943-2298-1,571-045554,08514800+2409290,,STAR,gri,rpm,-18.3,2.0,-7.3,2.2,,,12.372,0.221,12.097999999999999,0.221,,,12.632,0.04,12.069,0.03,11.88,0.01,,,10.992,0.021,10.657,0.027999999999999997,10.595,0.025,5596.0,135.0,158.0,4.454,0.066,0.627,-0.087,0.18,0.21,0.975,1.094,0.109,0.9940000000000001,0.126,0.079,1.094,0.252,0.973,279.8,295.8,41.44,0.031,0.011000000000000001,0.008,,,
8476,8476,8476,212195541,08 40 03.089,+24 09 29.44,1,10.376,,1942-1401-1,571-045093,08400308+2409295,,STAR,gri,rpm,18.3,1.7,-19.9,1.7,,,11.046,0.07,10.217,0.045,,,10.759,0.09,10.135,0.09,10.212,0.58,,,8.993,0.02,8.662,0.023,8.576,0.018000000000000002,5666.0,201.0,134.0,3.898,0.5760000000000001,0.18,-0.035,0.12,0.3,1.916,0.669,0.982,1.112,0.225,0.141,0.14400000000000002,0.99,0.075,219.2,71.76,114.2,0.023,0.011000000000000001,0.006999999999999999,,,
8477,8477,8477,212195555,08 42 57.609,+24 09 30.91,1,17.03,,,,08425760+2409309,4508-301-4-0124-0016,STAR,gri,rpm,-105.0,3.0,-50.0,3.0,,,,,,,18.363,0.016,17.424,0.005,17.032,0.005,16.861,0.006,16.831,0.01,15.988,0.069,15.917,0.12,15.602,0.192,2932.0,801.0,308.0,5.2120000000000015,0.06,0.12,-0.266,0.3,0.6,0.134,0.062,0.023,0.11199999999999999,0.083,0.023,42.25,16.75,20.58,145.0,115.1,40.19,0.021,0.006999999999999999,0.006,,,
8478,8478,8478,212195593,08 43 08.491,+24 09 34.50,1,12.470999999999998,,,571-045230,,,STAR,gri,,-2.6,1.6,4.9,2.3,,,13.378,0.02,12.533,0.03,,,12.905999999999999,0.01,12.276,0.01,12.285,0.52,,,,,,,,,,,,,,,,,,,,,,,,,,,,,,,,,,,
8479,8479,8479,212195607,08 56 32.490,+24 09 35.69,1,17.646,,,,08563249+2409356,4569-301-4-0155-0075,EXTENDED,gri,,0.0,3.0,-2.0,3.0,,,,,,,20.506999999999998,0.11199999999999999,18.717,0.011000000000000001,17.633,0.006999999999999999,17.187,0.006999999999999999,16.805,0.018000000000000002,15.966,0.092,15.328,0.13699999999999998,14.869000000000002,0.115,,,,,,,,,,,,,,,,,,,,,,,,,,,
8480,8480,8480,212195611,08 48 13.370,+24 09 36.21,1,15.262,,,571-045429,08481336+2409361,4518-301-2-0030-0051,STAR,JHK,rpm,-6.2,4.3,-2.9,4.9,,,,,,,,,,,,,,,,,13.505,0.021,12.901,0.021,12.798,0.023,4546.0,138.0,166.0,4.662,0.055999999999999994,0.035,-0.1,0.2,0.24,0.6409999999999999,0.055,0.07,0.6940000000000001,0.07,0.084,2.6039999999999996,0.7120000000000001,0.413,433.1,56.22,68.02,0.032,0.01,0.008,,,
8481,8481,8481,212195641,08 39 44.161,+24 09 39.97,1,14.885,,,571-045081,08394417+2409401,,STAR,gri,rpm,-53.4,11.9,-95.0,11.6,,,17.044,0.098,15.785,0.06,,,16.394000000000002,0.04,15.088,0.02,14.238,0.075,,,12.594000000000001,0.03,12.049000000000001,0.022000000000000002,11.855,0.02,3708.0,59.0,59.0,4.955,0.042,0.035,-0.006,0.06,0.1,0.32,0.031,0.033,0.34299999999999997,0.045,0.045,9.943,2.46,1.673,105.5,15.63,13.61,0.018000000000000002,0.005,0.005,,,
8482,8482,8482,212195645,08 53 49.189,+24 09 40.46,1,13.532,,,571-045623,08534920+2409404,,STAR,gri,rpm,-26.5,2.9,-23.4,3.1,,,15.797,0.03,14.325,0.05,,,15.177,0.04,13.743,0.04,12.827,0.03,,,11.158,0.023,10.47,0.021,10.286,0.018000000000000002,3712.0,75.0,60.0,4.953,0.025,0.08,0.11599999999999999,0.08,0.1,0.332,0.066,0.02,0.363,0.08,0.022000000000000002,9.747,1.189,3.0039999999999996,66.28,21.58,8.712,0.012,0.001,0.005,,,
8483,8483,8483,212195666,08 53 47.491,+24 09 42.85,1,13.415999999999999,,,571-045622,08534749+2409429,,STAR,gri,lam,-1.2,2.2,3.0,2.4,,,14.708,0.01,13.707,0.03,,,14.224,0.04,13.392999999999999,0.04,13.07,0.02,,,11.898,0.022000000000000002,11.338,0.024,11.22,0.018000000000000002,4807.0,116.0,145.0,2.3890000000000002,0.215,0.025,-0.368,0.15,0.12,10.335999999999999,0.617,2.141,0.981,0.048,0.024,0.00085,0.000906,8.37e-05,3291.0,227.3,597.4,0.034,0.012,0.005,,,
8484,8484,8484,212195688,08 54 33.865,+24 09 44.30,1,16.805999999999994,,,,08543386+2409443,4576-301-5-0144-0220,EXTENDED,gri,,4.0,3.0,2.0,0.0,,,,,,,18.657,0.025,17.526,0.005,16.929000000000002,0.005,16.497,0.005,16.299,0.012,15.561,0.083,14.876,0.102,14.359000000000002,0.095,,,,,,,,,,,,,,,,,,,,,,,,,,,
8485,8485,8485,212195708,08 44 01.388,+24 09 47.03,1,12.799000000000001,,,571-045265,08440138+2409470,,STAR,gri,rpm,5.7,1.0,-15.6,0.5,,,13.34,0.02,12.751,0.02,,,12.981,0.01,12.585999999999999,0.01,12.722000000000001,0.52,,,11.67,0.021,11.392999999999999,0.021,11.312000000000001,0.02,6098.0,98.0,98.0,4.226,0.14,0.22399999999999998,-0.159,0.15,0.21,1.2790000000000001,0.401,0.2,1.0959999999999999,0.092,0.11,0.456,0.348,0.242,535.8,142.2,82.9,0.033,0.008,0.006,,,
8486,8486,8486,212195711,08 39 50.322,+24 09 47.09,1,17.936,,,,08395032+2409470,,STAR,JHK,rpm,2.0,2.0,6.0,2.0,,,,,,,,,,,,,,,,,15.171,0.051,14.397,0.052000000000000005,14.026,0.059000000000000004,4050.0,215.0,258.0,4.817,0.105,0.075,-0.067,0.15,0.21,0.47,0.081,0.106,0.523,0.085,0.136,4.998,3.373,1.3769999999999998,564.4,146.1,173.9,0.033,0.01,0.006999999999999999,,,
8487,8487,8487,212195732,08 39 05.891,+24 09 49.06,1,16.831,,,,08390589+2409490,4508-301-5-0118-0362,EXTENDED,gri,,2.0,3.0,-1.0,3.0,,,,,,,19.069000000000006,0.047,17.678,0.008,16.919,0.006,16.468,0.006,16.192999999999998,0.012,16.027,0.085,15.527000000000001,0.12,14.827,0.098,,,,,,,,,,,,,,,,,,,,,,,,,,,
8488,8488,8488,212195737,08 42 50.337,+24 09 49.63,1,14.224,,,571-045214,08425033+2409496,,STAR,gri,rpm,-2.1,4.8,5.0,5.1,,,15.132,0.04,14.277000000000001,0.04,,,14.657,0.02,13.975999999999999,0.02,14.039000000000001,0.43,,,12.800999999999998,0.019,12.392999999999999,0.022000000000000002,12.265,0.02,5238.0,107.0,107.0,4.53,0.055,0.8909999999999999,-0.131,0.2,0.4,0.855,1.8419999999999999,0.081,0.9,0.094,0.078,1.4080000000000001,0.344,1.35,508.8,973.5,59.49,0.033,0.006999999999999999,0.006,,,
8489,8489,8489,212195758,08 47 06.302,+24 09 52.50,1,17.480999999999998,,,,08470630+2409524,4518-301-2-0028-0270,EXTENDED,gri,,1.0,3.0,1.0,3.0,,,,,,,19.207,0.038,18.178,0.008,17.577,0.006,17.182000000000002,0.006,16.98,0.015,16.075,0.083,15.449000000000002,0.10099999999999999,14.887,0.11,,,,,,,,,,,,,,,,,,,,,,,,,,,
8490,8490,8490,212195837,08 57 42.091,+24 10 00.42,1,14.439,,,571-045735,08574208+2410006,4576-301-4-0149-0036,STAR,gri,rpm,-5.7,4.5,-6.4,4.9,,,15.485,0.04,14.716,0.07,,,15.062999999999999,0.02,14.415999999999999,0.02,14.172,0.04,,,13.222000000000001,0.023,12.796,0.026000000000000002,12.686,0.023,5225.0,125.0,104.0,4.519,0.065,1.04,-0.34700000000000003,0.3,0.42,0.851,2.0269999999999997,0.115,0.887,0.063,0.102,1.3230000000000002,0.546,1.29,641.0,1433.0,120.0,0.033,0.01,0.008,,,
8491,8491,8491,212195843,08 42 03.512,+24 10 01.03,1,14.679,,,571-045169,08420351+2410009,4508-301-4-0122-0198,STAR,gri,rpm,11.1,4.6,-19.0,5.1,,,15.602,0.05,14.704,0.06,,,15.128,0.01,14.408,0.03,14.485999999999999,0.56,,,13.062999999999999,0.023,12.587,0.021,12.489,0.025,5090.0,101.0,81.0,4.592,0.03,0.036000000000000004,-0.21600000000000005,0.2,0.28,0.743,0.061,0.055999999999999994,0.8,0.073,0.08800000000000001,1.926,0.337,0.287,469.4,57.76,43.27,0.033,0.008,0.006999999999999999,,,
8492,8492,8492,212195874,08 53 58.113,+24 10 04.12,1,14.959000000000001,,,571-045629,08535811+2410042,4508-301-1-0138-0157,STAR,gri,rpm,-3.1,3.1,5.2,3.4,,,16.011,0.02,15.185,0.03,,,15.600999999999999,0.06,14.88,0.08,14.683,0.11,,,13.63,0.027000000000000003,13.181,0.027999999999999997,13.103,0.037000000000000005,5170.0,155.0,155.0,4.552,0.045,1.035,-0.235,0.25,0.45,0.797,1.899,0.073,0.8540000000000001,0.077,0.077,1.61,0.348,1.5659999999999998,688.0,1587.0,79.05,0.033,0.008,0.006,,,
8493,8493,8493,212195933,08 45 26.027,+24 10 10.90,1,18.229,,,,08452602+2410109,,STAR,J,col,,,,,,,,,,,,,,,,,,,,,16.671,0.147,16.173,0.17300000000000001,15.402000000000001,0.163,3671.0,477.0,298.0,4.993,0.12,0.168,-0.204,0.25,0.35,0.27,0.172,0.091,0.27899999999999997,0.221,0.12300000000000001,12.26,11.92,7.525,611.5,575.3,259.6,0.032,0.01,0.006999999999999999,,,
8494,8494,8494,212195943,08 42 20.603,+24 10 11.68,1,17.825,,,,08422060+2410116,4508-301-4-0123-0321,EXTENDED,gri,,-1.0,3.0,1.0,3.0,,,,,,,20.72,0.11,18.963,0.012,17.855999999999995,0.008,17.338,0.006999999999999999,16.93,0.015,15.914000000000001,0.07,15.181,0.075,14.405999999999999,0.076,,,,,,,,,,,,,,,,,,,,,,,,,,,
8495,8495,8495,212196005,08 43 11.040,+24 10 16.27,1,17.601,,,,,4517-301-3-0132-0813,EXTENDED,gri,,2.0,4.0,-1.0,4.0,,,,,,,19.559,0.08900000000000001,18.183,0.013000000000000001,17.633,0.011000000000000001,17.351,0.012,17.281,0.04,,,,,,,,,,,,,,,,,,,,,,,,,,,,,,,,,
8496,8496,8496,212196168,08 57 20.605,+24 10 33.37,1,17.794,,,,08572060+2410333,4569-301-4-0156-0124,EXTENDED,gri,,-1.0,3.0,0.0,3.0,,,,,,,20.704,0.095,18.747,0.01,17.787,0.006999999999999999,17.385,0.006999999999999999,17.027,0.017,15.915,0.085,15.52,0.138,14.843,0.113,,,,,,,,,,,,,,,,,,,,,,,,,,,
8497,8497,8497,212196175,08 43 34.393,+24 10 34.38,1,14.312000000000001,,,571-045244,08433438+2410344,4517-301-3-0133-0077,STAR,gri,rpm,-3.6,4.6,-2.4,5.1,,,15.424000000000001,0.04,14.556,0.05,,,14.94,0.03,14.282,0.02,14.043,0.02,,,12.995999999999999,0.022000000000000002,12.504000000000001,0.021,12.401,0.022000000000000002,5072.0,80.0,80.0,3.1919999999999997,0.408,0.748,-0.755,0.3,0.42,3.858,4.864,1.386,0.8959999999999999,0.069,0.069,0.016,0.034,0.013999999999999999,2252.0,2466.0,747.5,0.033,0.008,0.006999999999999999,,,
8498,8498,8498,212196177,08 44 03.648,+24 10 34.47,1,18.160999999999998,,,,08440364+2410344,,STAR,J,col,,,,,,,,,,,,,,,,,,,,,16.611,0.125,16.090999999999998,0.149,15.517999999999999,0.16699999999999998,3752.0,578.0,321.0,4.968999999999999,0.12,0.192,-0.21899999999999997,0.24,0.36,0.282,0.188,0.098,0.307,0.223,0.14,11.29,11.49,7.064,645.5,624.7,278.3,0.032,0.01,0.006999999999999999,,,
8499,8499,8499,212196195,08 38 21.203,+24 10 36.49,1,15.793,,,571-045034,08382120+2410366,4508-301-5-0118-0005,EXTENDED,gri,,-18.4,21.6,-13.3,21.6,,,17.114,0.10099999999999999,16.201,0.07,,,16.599,0.04,15.982000000000001,0.11,15.448,0.107,,,14.755,0.05,13.97,0.054000000000000006,13.228,0.04,,,,,,,,,,,,,,,,,,,,,,,,,,,
8500,8500,8500,212196268,08 56 45.733,+24 10 42.48,1,16.805999999999994,,,,08564573+2410424,4569-301-4-0155-0121,EXTENDED,gri,,-2.0,3.0,-2.0,3.0,,,,,,,19.980999999999998,0.085,17.875,0.006999999999999999,16.789,0.005,16.348,0.005,15.955,0.011000000000000001,15.43,0.069,14.745,0.086,14.267000000000001,0.077,,,,,,,,,,,,,,,,,,,,,,,,,,,
8501,8501,8501,212196285,08 42 25.789,+24 10 44.65,1,13.890999999999998,,,571-045193,08422579+2410447,,STAR,gri,rpm,-5.0,2.8,4.9,3.2,,,14.965,0.02,14.145999999999999,0.02,,,14.498,0.01,13.877,0.01,13.630999999999998,0.068,,,12.706,0.021,12.285,0.017,12.197000000000001,0.022000000000000002,5300.0,106.0,106.0,3.734,0.7979999999999999,0.684,-0.366,0.3,0.6,1.974,2.009,1.2,0.898,0.18100000000000002,0.040999999999999995,0.1,1.3559999999999999,0.09,1183.0,1057.0,728.9,0.034,0.008,0.006999999999999999,,,
8502,8502,8502,212196293,08 45 22.273,+24 10 45.89,1,14.866,,,571-045319,08452228+2410463,4508-301-3-0127-0060,STAR,gri,col,,,,,,,15.724,0.04,15.077,0.03,,,15.317,0.02,14.859000000000002,0.03,14.673,0.01,,,13.697000000000001,0.023,13.345999999999998,0.025,13.249,0.032,5724.0,113.0,113.0,4.475,0.075,0.57,-0.5479999999999999,0.35,0.49,0.8690000000000001,0.862,0.126,0.8420000000000001,0.095,0.095,1.236,0.47,1.057,871.0,833.6,148.2,0.035,0.008,0.008,,,
8503,8503,8503,212196294,08 45 26.482,+24 10 45.89,1,14.427,,,571-045323,08452649+2410460,,STAR,gri,rpm,-29.3,4.5,-14.9,5.0,,,15.606,0.03,14.690999999999999,0.02,,,15.145,0.02,14.364,0.03,14.118,0.03,,,13.052999999999999,0.022000000000000002,12.548,0.021,12.445,0.022000000000000002,4927.0,79.0,79.0,4.619,0.042,0.035,-0.266,0.2,0.28,0.6920000000000001,0.05,0.07200000000000001,0.741,0.064,0.075,2.1630000000000003,0.504,0.301,428.2,35.94,51.8,0.028999999999999998,0.006999999999999999,0.005,,,
8504,8504,8504,212196317,08 53 25.680,+24 10 48.30,1,17.958,,,,08532568+2410483,4508-301-1-0138-0304,EXTENDED,gri,,2.0,3.0,-1.0,3.0,,,,,,,20.766,0.08199999999999999,18.816,0.01,17.977,0.006999999999999999,17.59,0.006999999999999999,17.319000000000006,0.015,16.273,0.12,15.895,0.203,15.272,0.16399999999999998,,,,,,,,,,,,,,,,,,,,,,,,,,,
8505,8505,8505,212196338,08 39 46.894,+24 10 49.90,1,14.818,,,571-045082,08394689+2410499,4517-301-4-0128-0086,STAR,gri,rpm,3.6,4.4,2.2,4.9,,,15.992,0.14,15.074000000000002,0.03,,,15.556,0.03,14.667,0.03,14.501,0.31,,,13.134,0.024,12.592,0.023,12.429,0.023,4776.0,76.0,95.0,4.596,0.045,1.8359999999999999,-0.092,0.18,0.3,0.74,6.121,0.064,0.809,0.21899999999999997,0.078,1.922,0.415,1.919,461.1,3484.0,58.57,0.033,0.011000000000000001,0.005,,,
8506,8506,8506,212196353,08 45 09.234,+24 10 51.31,1,12.995999999999999,,,571-045305,08450923+2410513,,STAR,gri,rpm,3.6,1.7,-4.4,2.0,,,13.658,0.03,12.981,0.02,,,13.262,0.01,12.802999999999999,0.03,12.882,0.52,,,11.807,0.021,11.482999999999999,0.022000000000000002,11.401,0.019,5889.0,117.0,93.0,4.123,0.273,0.23399999999999999,-0.11599999999999999,0.2,0.24,1.4069999999999998,0.495,0.4270000000000001,1.055,0.16399999999999998,0.091,0.302,0.616,0.165,627.2,215.0,212.1,0.032,0.006999999999999999,0.006999999999999999,,,
8507,8507,8507,212196471,08 39 25.774,+24 11 01.20,1,19.125999999999998,,,,08392577+2411011,,STAR,JHK,col,,,,,,,,,,,,,,,,,,,,,16.617,0.121,15.967,0.168,15.659,0.20199999999999999,3883.0,587.0,367.0,4.905,0.145,0.203,-0.254,0.25,0.4,0.349,0.193,0.14300000000000002,0.379,0.218,0.182,7.728,9.573,4.79,784.3,652.8,356.3,0.033,0.008,0.006999999999999999,,,
8508,8508,8508,212196479,08 43 06.691,+24 11 02.29,1,14.375,,,571-045228,08430669+2411023,,STAR,gri,rpm,15.3,4.7,-30.6,5.1,,,15.402999999999999,0.03,14.488,0.02,,,14.914000000000001,0.01,14.21,0.02,14.144,0.41,,,12.867,0.019,12.413,0.023,12.287,0.022000000000000002,5119.0,100.0,100.0,4.593,0.09,0.045,-0.28300000000000003,0.25,0.6,0.7340000000000001,0.068,0.128,0.784,0.06,0.14400000000000002,1.954,1.0859999999999999,0.32899999999999996,432.3,47.19,88.11,0.032,0.009000000000000001,0.009000000000000001,,,
8509,8509,8509,212196521,08 39 11.402,+24 11 06.55,1,14.059000000000001,,,571-045059,08391140+2411067,,STAR,gri,rpm,7.7,3.0,-1.8,3.3,,,14.952,0.01,14.145,0.05,,,14.49,0.01,13.870999999999999,0.04,13.875,0.48,,,12.617,0.019,12.163,0.019,12.095999999999998,0.02,5219.0,122.0,122.0,3.4730000000000003,1.036,0.74,-0.6509999999999999,0.49,0.42,2.521,3.11,1.703,0.893,0.08,0.044000000000000004,0.051,0.968,0.047,1219.0,1454.0,813.1,0.031,0.01,0.008,,,
8510,8510,8510,212196553,08 47 04.267,+24 11 08.41,1,18.434,,,,,4518-301-2-0028-0275,EXTENDED,gri,,-4.0,3.0,13.0,3.0,,,,,,,20.088,0.102,18.846,0.015,18.525,0.016,18.257,0.017,18.175,0.052000000000000005,,,,,,,,,,,,,,,,,,,,,,,,,,,,,,,,,
8511,8511,8511,212196558,08 56 00.413,+24 11 08.95,1,11.681,,1950-780-1,571-045686,08560040+2411090,,STAR,gri,rpm,17.4,2.0,-14.8,2.0,,,12.104000000000001,0.16,12.103,0.228,,,12.046,0.03,11.661,0.01,11.525,0.03,,,10.737,0.022000000000000002,10.467,0.023,10.402999999999999,0.018000000000000002,6074.0,120.0,72.0,4.126,0.23,0.138,-0.18,0.2,0.28,1.4469999999999998,0.331,0.337,1.101,0.106,0.141,0.312,0.42,0.10800000000000001,396.1,86.07,97.0,0.031,0.006999999999999999,0.006,,,
8512,8512,8512,212196561,08 54 08.041,+24 11 09.49,1,15.609000000000002,,,571-045634,08540803+2411096,4508-301-1-0139-0178,STAR,gri,rpm,17.1,3.1,-25.5,3.4,,,17.562,0.05,16.368,0.05,,,17.065,0.07,15.734000000000002,0.05,14.984000000000002,0.1,,,13.365,0.027000000000000003,12.677999999999999,0.026000000000000002,12.497,0.026000000000000002,3903.0,109.0,46.0,4.852,0.035,0.025,-0.006999999999999999,0.15,0.15,0.43,0.023,0.039,0.488,0.028999999999999998,0.047,5.984,1.227,0.7,222.1,17.54,22.42,0.028999999999999998,0.005,0.008,,,
8513,8513,8513,212196586,08 51 55.751,+24 11 12.25,1,12.758,,,571-045563,08515574+2411122,,STAR,gri,,-3.7,3.0,6.0,1.9,,,13.342,0.03,12.874,0.04,,,13.08,0.05,12.743,0.03,12.619000000000002,0.01,,,11.863,0.021,11.644,0.032,,,,,,,,,,,,,,,,,,,,,,,,,,,,,
8514,8514,8514,212196596,08 38 44.099,+24 11 13.12,1,12.686,,,571-045046,08384409+2411131,,STAR,gri,rpm,-23.5,2.8,1.3,2.4,,,13.91,0.03,12.823,0.02,,,13.355,0.01,12.43,0.04,12.4,0.51,,,10.922,0.019,10.409,0.013999999999999999,10.269,0.018000000000000002,4799.0,96.0,76.0,3.49,1.139,0.469,-0.043,0.12,0.21,2.9730000000000003,1.787,2.296,0.915,0.255,0.17,0.04,2.2840000000000003,0.031,699.8,337.2,546.3,0.028999999999999998,0.024,0.011000000000000001,,,
8515,8515,8515,212196662,08 44 44.769,+24 11 19.82,1,16.922,,,,08444476+2411198,,STAR,J,col,,,,,,,,,,,,,,,,,,,,,15.465,0.057,14.654000000000002,0.061,14.247,0.062,3840.0,310.0,496.0,4.909,0.20800000000000002,0.13,-0.132,0.2,0.24,0.358,0.131,0.166,0.37799999999999995,0.161,0.225,7.963999999999999,13.18,3.638,470.1,241.4,264.9,0.03,0.01,0.012,,,
8516,8516,8516,212196789,08 50 45.965,+24 11 33.56,1,15.356,,,571-045518,08504596+2411337,4508-301-2-0134-0073,STAR,gri,rpm,1.2,3.1,-3.2,3.3,,,16.160999999999998,0.06,15.543,0.06,,,15.87,0.05,15.337,0.04,15.136,0.01,,,14.245999999999999,0.027999999999999997,13.865,0.032,13.724,0.043,5506.0,164.0,164.0,4.513999999999999,0.05,0.67,-0.326,0.25,0.4,0.838,0.893,0.083,0.8690000000000001,0.07200000000000001,0.087,1.39,0.34,1.247,1026.0,1141.0,124.1,0.034,0.008,0.006999999999999999,,,
8517,8517,8517,212196808,08 53 16.531,+24 11 36.45,1,9.562000000000001,,1943-2387-1,571-045612,08531653+2411364,,STAR,gri,rpm,-0.4,1.6,-6.8,1.6,,,11.515,0.146,10.038,0.05,,,10.882,0.01,9.61,0.03,8.996,0.01,,,7.4570000000000025,0.018000000000000002,6.7410000000000005,0.023,6.524,0.018000000000000002,3993.0,39.0,48.0,1.598,0.075,0.105,0.13,0.06,0.06,30.491999999999997,4.841,3.1910000000000003,1.369,0.044000000000000004,0.078,4.79e-05,1.4499999999999993e-05,1.65e-05,1048.0,144.2,109.6,0.028999999999999998,0.004,0.006,,,
8518,8518,8518,212196865,08 55 22.690,+24 11 42.86,1,17.352,,,,08552269+2411428,4576-301-5-0146-0172,EXTENDED,gri,,-5.0,3.0,3.0,3.0,,,,,,,20.15,0.078,18.336,0.009000000000000001,17.345,0.006999999999999999,16.930999999999994,0.006999999999999999,16.543,0.013999999999999999,15.918,0.096,15.489,0.18,14.735,0.11699999999999999,,,,,,,,,,,,,,,,,,,,,,,,,,,
8519,8519,8519,212196866,08 52 16.679,+24 11 42.87,1,18.259,,,,08521667+2411428,,STAR,J,col,,,,,,,,,,,,,,,,,,,,,16.705,0.14800000000000002,15.692,0.146,15.504000000000001,0.175,3994.0,373.0,373.0,4.871,0.168,0.14,-0.254,0.25,0.35,0.373,0.132,0.14400000000000002,0.423,0.153,0.184,7.047999999999999,7.814,3.263,917.2,500.1,418.5,0.033,0.01,0.006999999999999999,,,
8520,8520,8520,212196882,08 47 29.786,+24 11 44.31,1,17.582,,,,08472978+2411443,4518-301-2-0029-0194,EXTENDED,gri,,3.0,3.0,1.0,3.0,,,,,,,20.079,0.095,18.436,0.011000000000000001,17.608,0.008,17.215999999999998,0.008,16.956,0.017,16.313,0.09300000000000001,15.884,0.138,15.297,0.156,,,,,,,,,,,,,,,,,,,,,,,,,,,
8521,8521,8521,212196902,08 42 18.270,+24 11 45.55,1,10.737,,1942-2076-1,571-045186,08421827+2411456,,STAR,gri,rpm,-2.2,1.2,-30.4,1.3,,,10.970999999999998,0.055999999999999994,10.686,0.062,,,10.793,0.03,10.48,0.03,10.713,0.59,,,9.699,0.02,9.482999999999999,0.016,9.435,0.018000000000000002,6403.0,128.0,128.0,4.149,0.135,0.18899999999999997,-0.053,0.12,0.21,1.486,0.473,0.23600000000000002,1.281,0.147,0.12300000000000001,0.33299999999999996,0.201,0.161,264.8,82.98,41.48,0.027999999999999997,0.008,0.005,,,
8522,8522,8522,212197011,08 43 14.265,+24 11 57.94,1,15.81,,,571-045233,08431425+2411581,4508-301-4-0124-0122,EXTENDED,gri,,1.3,4.3,-5.3,4.9,,,16.618,0.1,15.917,0.06,,,16.199,0.04,15.716,0.09,15.642999999999999,0.11599999999999999,,,14.627,0.028999999999999998,14.218,0.034,14.172,0.052000000000000005,,,,,,,,,,,,,,,,,,,,,,,,,,,
8523,8523,8523,212197028,08 38 55.853,+24 11 59.89,1,17.476,,,,08385585+2411598,4508-301-5-0118-0342,EXTENDED,gri,,3.0,3.0,-4.0,3.0,,,,,,,19.987000000000002,0.075,18.372,0.012,17.54,0.008,17.092,0.008,16.782,0.018000000000000002,16.637999999999998,0.141,15.637,0.13699999999999998,15.140999999999998,0.14,,,,,,,,,,,,,,,,,,,,,,,,,,,
8524,8524,8524,212197048,08 43 23.874,+24 12 02.29,1,13.55,,,572-044605,08432387+2412024,,STAR,gri,rpm,-2.6,7.7,-9.0,2.7,,,14.685,0.01,13.808,0.03,,,14.21,0.01,13.536,0.02,13.265999999999998,0.02,,,12.222000000000001,0.021,11.699000000000002,0.019,11.642999999999999,0.02,5013.0,79.0,79.0,2.866,0.395,0.948,-0.86,0.25,0.6,5.141,9.255,1.945,0.9059999999999999,0.064,0.08900000000000001,0.005,0.013999999999999999,0.005,2203.0,3689.0,740.8,0.032,0.012,0.006,,,
8525,8525,8525,212197110,08 46 04.369,+24 12 09.57,1,17.749000000000006,,,,08460436+2412095,4508-301-3-0128-0153,EXTENDED,gri,,-1.0,3.0,2.0,3.0,,,,,,,20.297,0.07,18.662,0.01,17.753,0.006999999999999999,17.358,0.006999999999999999,17.084,0.015,16.309,0.096,15.597000000000001,0.098,15.067,0.11599999999999999,,,,,,,,,,,,,,,,,,,,,,,,,,,
8526,8526,8526,212197125,08 40 01.897,+24 12 11.49,1,12.982000000000001,,,572-044485,08400191+2412115,,STAR,gri,rpm,-67.1,2.9,-37.6,2.6,,,14.16,0.02,13.122,0.03,,,13.654000000000002,0.01,12.677999999999999,0.04,12.695,0.61,,,11.185,0.02,10.672,0.016,10.550999999999998,0.019,4678.0,95.0,57.0,4.621,0.03,0.03,0.004,0.2,0.2,0.6990000000000001,0.037000000000000005,0.04,0.77,0.019,0.052000000000000005,2.1919999999999997,0.29,0.21600000000000005,178.2,38.03,27.22,0.024,0.012,0.004,,,
8527,8527,8527,212197204,08 53 10.670,+24 12 19.44,1,13.41,,,572-044918,08531066+2412194,,STAR,gri,lam,-3.7,1.9,-1.1,2.2,,,14.485,0.03,13.647,0.04,,,14.065999999999999,0.05,13.395999999999999,0.02,13.129000000000001,0.01,,,12.064,0.02,11.618,0.024,11.527000000000001,0.023,5028.0,81.0,81.0,3.36,0.174,0.145,-0.439,0.15,0.15,3.516,0.657,0.5539999999999999,1.055,0.126,0.105,0.022000000000000002,0.017,0.009000000000000001,1403.0,248.4,211.0,0.034,0.006999999999999999,0.006999999999999999,,,
8528,8528,8528,212197225,08 43 51.812,+24 12 22.17,1,17.546,,,,08435181+2412221,4517-301-3-0133-0266,EXTENDED,gri,,4.0,3.0,1.0,3.0,,,,,,,20.355999999999998,0.096,18.451,0.01,17.586,0.006999999999999999,17.158,0.006999999999999999,16.926,0.017,16.342,0.102,15.501,0.096,15.187999999999999,0.128,,,,,,,,,,,,,,,,,,,,,,,,,,,
8529,8529,8529,212197249,08 47 13.640,+24 12 24.00,1,17.715,,,,,4518-301-2-0029-0178,EXTENDED,gri,,-3.0,3.0,4.0,3.0,,,,,,,19.496,0.055999999999999994,18.404,0.01,17.811,0.009000000000000001,17.42,0.008,17.155,0.02,,,,,,,,,,,,,,,,,,,,,,,,,,,,,,,,,
8530,8530,8530,212197266,08 38 57.024,+24 12 26.13,1,16.832,,,,08385702+2412261,4508-301-5-0118-0351,EXTENDED,gri,,4.0,7.0,6.0,2.0,,,,,,,19.632,0.045,17.815,0.006,16.862000000000002,0.005,16.41,0.005,16.06,0.008,15.267999999999999,0.051,14.569,0.06,14.165999999999999,0.06,,,,,,,,,,,,,,,,,,,,,,,,,,,
8531,8531,8531,212197288,08 52 47.019,+24 12 28.18,1,14.787,,,572-044906,08524700+2412281,4569-301-5-0150-0133,STAR,gri,rpm,1.3,3.1,-48.9,3.5,,,17.602,0.122,15.914000000000001,0.063,,,16.774,0.04,15.408,0.08,13.935,0.05,,,11.744000000000002,0.021,11.11,0.021,10.889000000000001,0.021,3793.0,109.0,153.0,4.909,0.07200000000000001,0.04,0.016,0.1,0.14,0.371,0.038,0.065,0.40299999999999997,0.046,0.09300000000000001,7.88,3.3280000000000003,1.401,87.66,11.15,23.45,0.013000000000000001,0.003,0.003,,,
8532,8532,8532,212197320,08 42 35.771,+24 12 31.37,1,15.992,,,,08423577+2412313,4508-301-4-0123-0387,EXTENDED,gri,,-3.0,3.0,1.0,3.0,,,,,,,18.664,0.027000000000000003,16.825,0.004,16.008,0.003,15.635,0.003,15.318,0.006,14.652999999999999,0.038,14.003,0.037000000000000005,13.687000000000001,0.049,,,,,,,,,,,,,,,,,,,,,,,,,,,
8533,8533,8533,212197328,08 45 56.858,+24 12 31.91,1,11.314,,1943-1585-1,572-044688,08455686+2412321,,STAR,gri,rpm,-11.2,1.8,-5.8,1.8,,,12.186,0.23800000000000002,11.039000000000001,0.095,,,11.812000000000001,0.01,11.039000000000001,0.04,11.1,0.6,,,9.613999999999999,0.021,9.104,0.021,8.982000000000003,0.017,4881.0,79.0,79.0,2.728,0.5670000000000001,0.405,-0.38799999999999996,0.24,0.24,7.085,3.838,3.22,1.0759999999999998,0.21899999999999997,0.13699999999999998,0.003,0.011000000000000001,0.002,849.5,404.1,356.8,0.032,0.008,0.006999999999999999,,,
8534,8534,8534,212197354,08 42 51.632,+24 12 34.10,1,10.33,,1942-2648-1,572-044585,08425163+2412341,,STAR,gri,rpm,-3.0,1.6,-4.2,1.6,,,10.663,0.045,10.386,0.047,,,10.526,0.03,10.265,0.06,10.575,0.59,,,9.706,0.018000000000000002,9.592,0.019,9.561,0.017,6964.0,169.0,211.0,3.99,0.205,0.287,0.005,0.1,0.1,2.09,1.0979999999999999,0.544,1.636,0.27399999999999997,0.20600000000000002,0.154,0.179,0.102,403.0,209.8,104.3,0.032,0.006999999999999999,0.006999999999999999,,,
8535,8535,8535,212197369,08 43 54.039,+24 12 35.67,1,16.458,,,,08435403+2412356,4517-301-3-0134-0142,EXTENDED,gri,,16.0,5.0,2.0,5.0,,,,,,,19.348,0.075,17.399,0.006999999999999999,16.487000000000002,0.005,16.055,0.005,15.774000000000001,0.012,15.822000000000001,0.08199999999999999,15.081,0.086,14.696,0.105,,,,,,,,,,,,,,,,,,,,,,,,,,,
8536,8536,8536,212197386,08 43 54.858,+24 12 37.45,1,15.76,,,,08435485+2412374,4517-301-3-0134-0140,EXTENDED,gri,,4.0,3.0,5.0,3.0,,,,,,,18.574,0.032,16.7,0.004,15.779000000000002,0.003,15.357000000000001,0.003,15.05,0.006,14.63,0.043,13.957,0.051,13.616,0.054000000000000006,,,,,,,,,,,,,,,,,,,,,,,,,,,
8537,8537,8537,212197411,08 46 58.151,+24 12 40.15,1,18.608,,,,,4508-301-3-0129-0052,STAR,gri,,-11.0,3.0,-11.0,3.0,,,,,,,17.862000000000005,0.012,18.261,0.006999999999999999,18.724,0.009000000000000001,19.121,0.013999999999999999,19.387,0.046,,,,,,,,,,,,,,,,,,,,,,,,,,,,,,,,,
8538,8538,8538,212197517,08 47 32.931,+24 12 51.14,1,17.809,,,,08473293+2412511,4518-301-2-0029-0219,EXTENDED,gri,,2.0,3.0,2.0,3.0,,,,,,,19.456,0.044000000000000004,18.367,0.008,17.885,0.008,17.57,0.008,17.355,0.019,16.695999999999998,0.133,16.073,0.165,,,,,,,,,,,,,,,,,,,,,,,,,,,,,
8539,8539,8539,212197547,08 47 23.917,+24 12 53.83,1,12.232999999999999,,1943-1628-1,572-044727,08472394+2412538,,STAR,gri,rpm,-0.3,3.8,-0.4,3.8,,,12.898,0.301,12.455,0.249,,,12.817,0.01,11.931,0.05,11.982000000000001,0.59,,,10.463,0.018000000000000002,9.899,0.013999999999999999,9.8,0.018000000000000002,4703.0,76.0,57.0,2.445,0.374,0.132,-0.259,0.2,0.28,10.793,1.195,3.945,1.163,0.17300000000000001,0.17300000000000001,0.0008939999999999998,0.002,0.000319,1762.0,289.1,575.0,0.035,0.013000000000000001,0.006999999999999999,,,
8540,8540,8540,212197552,08 38 38.254,+24 12 54.41,1,11.85,,1942-1200-1,572-044435,08383823+2412546,,STAR,gri,rpm,3.1,2.8,-1.6,3.0,,,12.555,0.29,12.117,0.253,,,12.457,0.01,11.581,0.04,11.59,0.59,,,10.016,0.018000000000000002,9.471,0.016,9.363999999999999,0.018000000000000002,4728.0,76.0,57.0,2.4659999999999997,0.384,0.096,-0.22899999999999998,0.15,0.15,10.944,0.5579999999999999,4.064,1.218,0.20600000000000002,0.147,0.0009390000000000001,0.003,0.000197,1495.0,102.5,501.8,0.033,0.01,0.006999999999999999,,,
8541,8541,8541,212197604,08 38 05.928,+24 12 59.16,1,19.225,,,,08380592+2412591,4508-301-5-0117-0340,STAR,gri,,,,,,,,,,,,23.58,0.49,21.018,0.031,19.422,0.013999999999999999,18.457,0.01,17.921,0.016,16.764,0.128,16.158,0.195,,,,,,,,,,,,,,,,,,,,,,,,,,,,,
8542,8542,8542,212197607,08 45 18.215,+24 12 59.82,1,14.638,,,572-044671,08451822+2412598,4517-301-3-0135-0138,STAR,gri,rpm,-8.8,4.6,-1.0,5.0,,,15.554,0.03,14.671,0.01,,,15.062999999999999,0.01,14.332,0.02,14.456,0.63,,,13.067,0.023,12.617,0.023,12.517999999999999,0.027000000000000003,5088.0,102.0,81.0,4.563,0.042,1.05,-0.17600000000000002,0.2,0.28,0.795,2.092,0.073,0.852,0.11699999999999999,0.078,1.6640000000000001,0.327,1.6219999999999999,514.5,1277.0,48.5,0.033,0.01,0.006999999999999999,,,
8543,8543,8543,212197640,08 43 39.242,+24 13 02.95,1,16.955,,,,08433924+2413029,4517-301-3-0133-0235,EXTENDED,gri,,2.0,3.0,-2.0,3.0,,,,,,,19.927,0.069,17.833,0.006999999999999999,16.936,0.005,16.579,0.019,16.218,0.01,15.569,0.055,14.856,0.065,14.469000000000001,0.073,,,,,,,,,,,,,,,,,,,,,,,,,,,
8544,8544,8544,212197811,08 41 20.446,+24 13 23.22,1,17.655,,,,08412044+2413232,,STAR,J,col,,,,,,,,,,,,,,,,,,,,,16.148,0.09,15.314,0.09,14.815,0.095,3748.0,385.0,321.0,4.95,0.156,0.156,-0.168,0.2,0.28,0.314,0.155,0.12,0.341,0.191,0.159,9.302999999999999,10.59,4.9510000000000005,574.4,378.9,261.6,0.032,0.01,0.008,,,
8545,8545,8545,212197828,08 43 29.714,+24 13 25.40,1,12.164000000000001,,,572-044610,08432970+2413255,,STAR,gri,rpm,2.0,4.0,-4.9,2.3,,,13.413,0.02,12.3,0.02,,,12.832,0.01,11.949000000000002,0.02,11.877,0.51,,,10.447000000000001,0.021,9.878,0.019,9.741,0.017,4696.0,56.0,56.0,2.487,0.377,0.174,-0.209,0.15,0.21,10.252,1.655,3.7089999999999996,1.16,0.165,0.165,0.001,0.003,0.00045099999999999996,1727.0,277.9,566.8,0.034,0.01,0.006999999999999999,,,
8546,8546,8546,212197876,08 47 22.768,+24 13 30.39,1,11.595999999999998,,1943-209-1,572-044724,08472277+2413304,,STAR,gri,rpm,-3.8,2.0,-22.1,2.1,,,12.604000000000001,0.28600000000000003,11.535,0.139,,,12.057,0.01,11.283,0.05,11.399000000000001,0.59,,,9.988999999999999,0.018000000000000002,9.496,0.016,9.427,0.018000000000000002,4967.0,59.0,79.0,3.261,0.3,0.72,-0.324,0.25,0.35,3.891,3.73,1.111,1.0490000000000002,0.203,0.145,0.018000000000000002,0.031,0.016,580.2,515.2,157.9,0.033,0.01,0.008,,,
8547,8547,8547,212197917,08 39 29.356,+24 13 34.86,1,18.184,,,,,4508-301-5-0119-0444,EXTENDED,gri,,-3.0,3.0,-7.0,3.0,,,,,,,19.570999999999998,0.063,18.585,0.016,18.201,0.015,18.012,0.02,17.898,0.06,,,,,,,,,,,,,,,,,,,,,,,,,,,,,,,,,
8548,8548,8548,212197938,08 42 39.104,+24 13 37.36,1,14.169,,,572-044579,08423911+2413374,,STAR,gri,rpm,2.7,4.6,-5.3,5.0,,,15.494000000000002,0.03,14.468,0.03,,,14.936,0.01,14.148,0.01,13.841,0.04,,,12.620999999999999,0.021,12.065,0.017,11.948,0.021,4837.0,76.0,76.0,2.602,1.9709999999999999,0.18899999999999997,-0.581,0.35,0.25,7.695,1.794,6.95,0.9229999999999999,0.092,0.11,0.002,1.8219999999999998,0.0009279999999999999,3823.0,815.8,3437.0,0.034,0.008,0.008,,,
8549,8549,8549,212197949,08 42 15.208,+24 13 38.29,1,19.987000000000002,,,,,4508-301-4-0123-0555,EXTENDED,gri,,28.0,5.0,28.0,5.0,,,,,,,21.715999999999998,0.278,20.171,0.033,19.926,0.038,19.725,0.040999999999999995,19.575,0.147,,,,,,,,,,,,,,,,,,,,,,,,,,,,,,,,,
8550,8550,8550,212198103,08 42 05.984,+24 13 53.56,1,14.140999999999998,,,572-044564,08420598+2413535,,STAR,gri,rpm,-18.6,4.7,1.9,5.1,,,15.085,0.02,14.181,0.04,,,14.597999999999999,0.037000000000000005,13.892000000000001,0.02,13.945,0.55,,,12.623,0.022000000000000002,12.152999999999999,0.018000000000000002,12.034,0.021,5101.0,117.0,98.0,4.579,0.04,0.904,-0.23600000000000002,0.24,0.4,0.77,1.845,0.076,0.82,0.09699999999999999,0.09699999999999999,1.757,0.38,1.694,406.1,926.3,52.4,0.03,0.01,0.008,,,
8551,8551,8551,212198117,08 44 09.324,+24 13 55.24,1,13.825,,,572-044632,08440932+2413552,,STAR,gri,rpm,-20.2,2.7,-17.6,3.1,,,14.67,0.03,13.898,0.03,,,14.243,0.02,13.67,0.03,13.645,0.48,,,12.450999999999999,0.022000000000000002,11.995999999999999,0.021,11.872,0.022000000000000002,5344.0,85.0,85.0,4.559,0.05,0.85,-0.5,0.35,0.35,0.773,1.317,0.1,0.82,0.086,0.115,1.6569999999999998,0.478,1.57,397.9,654.5,56.1,0.032,0.008,0.008,,,
8552,8552,8552,212198135,08 42 02.856,+24 13 58.13,1,17.922,,,,08420285+2413581,,STAR,J,,,,,,,,,,,,,,,,,,,,,,16.394000000000002,0.10400000000000001,15.64,0.10800000000000001,,,,,,,,,,,,,,,,,,,,,,,,,,,,,
8553,8553,8553,212198186,08 43 10.146,+24 14 02.97,1,16.729,,,,08431014+2414029,4508-301-4-0124-0124,STAR,gri,col,0.0,3.0,0.0,3.0,,,,,,,18.879,0.021,17.373,0.005,16.727999999999998,0.005,16.453,0.006,16.31,0.008,15.314,0.040999999999999995,14.825,0.05,14.767000000000001,0.08900000000000001,5112.0,100.0,120.0,4.607,0.075,2.49,-0.9670000000000001,0.45,0.81,0.696,12.575,0.098,0.7170000000000001,0.095,0.095,2.0269999999999997,0.7709999999999999,2.026,1273.0,21100.0,221.4,0.033,0.01,0.006999999999999999,,,
8554,8554,8554,212198187,08 42 27.484,+24 14 02.99,1,16.889,,,,,4508-301-4-0123-0365,EXTENDED,gri,,13.0,3.0,17.0,3.0,,,,,,,20.187,0.149,18.095,0.011000000000000001,16.875999999999998,0.006,16.372,0.005,16.033,0.013999999999999999,,,,,,,,,,,,,,,,,,,,,,,,,,,,,,,,,
8555,8555,8555,212198236,08 44 44.826,+24 14 08.80,1,17.750999999999994,,,,08444482+2414088,,STAR,J,col,,,,,,,,,,,,,,,,,,,,,16.237000000000002,0.087,15.325,0.08800000000000001,14.832,0.098,3866.0,341.0,409.0,4.923,0.168,0.14,-0.168,0.2,0.28,0.34,0.13699999999999998,0.142,0.385,0.166,0.19899999999999998,8.884,13.74,4.897,644.3,360.5,327.9,0.031,0.009000000000000001,0.009000000000000001,,,
8556,8556,8556,212198282,08 39 26.461,+24 14 14.07,1,12.945,,,572-044463,08392646+2414143,,STAR,gri,rpm,-3.9,1.7,-26.5,2.7,,,13.707,0.03,12.935,0.03,,,13.267000000000001,0.01,12.689,0.04,12.807,0.59,,,11.568,0.019,11.225999999999999,0.016,11.161,0.02,5585.0,134.0,134.0,4.48,0.045,0.18,-0.068,0.16,0.28,0.934,0.314,0.091,0.9520000000000001,0.057999999999999996,0.07,1.168,0.23600000000000002,0.544,338.3,107.3,40.38,0.031,0.006,0.004,,,
8557,8557,8557,212198321,08 41 41.532,+24 14 18.18,1,16.730999999999998,,,572-044546,08414154+2414185,4517-301-4-0131-0230,STAR,JHK,rpm,35.3,18.7,-47.9,18.8,,,,,,,,,,,,,,,,,15.325999999999999,0.047,14.942,0.061,14.77,0.092,5057.0,594.0,1546.0,4.665,0.40299999999999997,0.18600000000000005,-0.517,0.45,0.63,0.6,0.23600000000000002,0.39,0.6579999999999999,0.14300000000000002,0.456,2.417,15.26,1.119,1090.0,663.1,847.9,0.031,0.01,0.008,,,
8558,8558,8558,212198343,08 43 29.300,+24 14 21.07,1,12.482000000000001,,,572-044608,08432929+2414212,,STAR,gri,rpm,2.6,8.3,-40.2,3.9,,,13.300999999999998,0.03,12.505999999999998,0.02,,,12.857999999999999,0.01,12.265,0.02,12.321,0.52,,,11.183,0.022000000000000002,10.808,0.021,10.727,0.02,5496.0,87.0,131.0,4.506,0.045,0.14400000000000002,-0.046,0.12,0.21,0.887,0.18899999999999997,0.08199999999999999,0.934,0.054000000000000006,0.075,1.304,0.282,0.52,260.6,76.82,28.87,0.028999999999999998,0.006,0.006999999999999999,,,
8559,8559,8559,212198426,08 42 58.429,+24 14 30.39,1,19.15,,,,,4508-301-4-0124-0242,STAR,gri,,0.0,3.0,5.0,3.0,,,,,,,19.845,0.036000000000000004,19.538,0.012,19.118,0.011000000000000001,18.984,0.012,18.988,0.038,,,,,,,,,,,,,,,,,,,,,,,,,,,,,,,,,
8560,8560,8560,212198455,08 44 54.504,+24 14 33.58,1,13.517000000000001,,,572-044655,08445450+2414336,,STAR,gri,rpm,-1.9,2.3,-8.8,2.7,,,14.275,0.03,13.542,0.02,,,13.862,0.02,13.312000000000001,0.02,13.37,0.53,,,12.129000000000001,0.021,11.738,0.022000000000000002,11.609000000000002,0.019,5491.0,129.0,129.0,3.892,0.66,0.36,-0.33,0.3,0.72,1.909,0.871,1.115,0.9359999999999999,0.23800000000000002,0.095,0.124,1.235,0.083,878.2,335.2,507.3,0.032,0.011000000000000001,0.006999999999999999,,,
8561,8561,8561,212198579,08 41 51.936,+24 14 46.23,1,11.512,,1942-1600-1,572-044554,08415192+2414463,,STAR,gri,rpm,-1.2,2.0,-0.4,2.3,,,12.671,0.306,11.835999999999999,0.196,,,11.915999999999999,0.01,11.255999999999998,0.03,11.339,0.59,,,9.974,0.022000000000000002,9.523,0.018000000000000002,9.425,0.017,5106.0,82.0,82.0,2.428,0.78,0.06,-0.7090000000000001,0.15,0.15,9.801,0.653,5.877999999999999,0.9570000000000001,0.099,0.055,0.000999,0.015,0.000168,1402.0,96.82,805.6,0.034,0.01,0.006999999999999999,,,
8562,8562,8562,212198588,08 45 40.763,+24 14 46.95,1,17.158,,,,08454076+2414469,4508-301-3-0127-0288,EXTENDED,gri,,-1.0,3.0,1.0,3.0,,,,,,,20.038,0.076,18.101,0.008,17.17,0.006,16.754,0.006,16.444000000000006,0.013000000000000001,15.894,0.071,15.405,0.09300000000000001,14.922,0.106,,,,,,,,,,,,,,,,,,,,,,,,,,,
8563,8563,8563,212198694,08 41 49.146,+24 14 59.20,1,14.767000000000001,,,572-044552,08414914+2414592,4517-301-4-0131-0074,STAR,gri,rpm,3.8,4.5,-13.0,5.1,,,15.624,0.02,14.796,0.04,,,15.159,0.01,14.504000000000001,0.03,14.597999999999999,0.7,,,13.119000000000002,0.023,12.61,0.019,12.515,0.023,5091.0,100.0,80.0,3.383,1.176,0.588,-0.6459999999999999,0.3,0.36,2.7110000000000003,2.464,2.043,0.878,0.068,0.136,0.032,1.702,0.027999999999999997,1906.0,1384.0,1445.0,0.034,0.01,0.008,,,
8564,8564,8564,212198712,09 00 13.197,+24 15 01.13,1,17.629,,,,09001319+2415011,4569-301-3-0160-0019,EXTENDED,gri,,1.0,3.0,2.0,3.0,,,,,,,19.56,0.05,18.317999999999998,0.009000000000000001,17.721,0.008,17.333,0.008,17.108,0.023,16.532,0.142,15.93,0.18100000000000002,15.3,0.158,,,,,,,,,,,,,,,,,,,,,,,,,,,
8565,8565,8565,212198761,08 43 09.492,+24 15 05.41,1,17.677,,,,,4508-301-4-0124-0343,EXTENDED,gri,,-14.0,4.0,-5.0,4.0,,,,,,,19.533,0.079,18.276,0.012,17.73,0.011000000000000001,17.421,0.011000000000000001,17.224,0.034,,,,,,,,,,,,,,,,,,,,,,,,,,,,,,,,,
8566,8566,8566,212198857,08 43 06.937,+24 15 15.31,1,16.807000000000002,,,,08430693+2415153,4508-301-4-0124-0265,EXTENDED,gri,,-1.0,3.0,2.0,3.0,,,,,,,18.875999999999998,0.037000000000000005,17.525,0.006,16.852,0.005,16.5,0.005,16.227,0.013000000000000001,15.972999999999999,0.08199999999999999,15.165,0.092,14.905999999999999,0.107,,,,,,,,,,,,,,,,,,,,,,,,,,,
8567,8567,8567,212198863,08 40 16.885,+24 15 16.02,1,15.048,,,572-044497,08401688+2415159,,STAR,gri,rpm,0.5,4.5,3.9,5.0,,,16.165,0.06,15.312999999999999,0.12,,,15.668,0.01,15.062000000000001,0.04,14.782,0.02,,,13.770999999999999,0.024,13.335,0.023,13.245999999999999,0.03,5229.0,124.0,103.0,3.7539999999999996,0.87,0.87,-0.6829999999999999,0.48,0.4,1.6969999999999998,2.562,1.021,0.861,0.048,0.096,0.133,1.413,0.126,1624.0,2233.0,1032.0,0.034,0.01,0.008,,,
8568,8568,8568,212198907,08 37 58.480,+24 15 20.66,1,17.496,,,572-044413,08375846+2415210,4517-301-5-0126-0063,STAR,BV,,-2.6,6.4,-5.2,6.5,,,17.31,0.11,17.359,0.11699999999999999,,,,,,,,,,,16.249000000000002,0.083,16.230999999999998,0.201,,,,,,,,,,,,,,,,,,,,,,,,,,,,,
8569,8569,8569,212198997,08 59 53.730,+24 15 31.14,1,15.619000000000002,,,572-045133,08595372+2415310,4576-301-4-0152-0182,EXTENDED,gri,,15.7,9.1,3.1,8.9,,,16.957,0.01,16.07,0.11,,,16.522000000000002,0.02,15.777000000000001,0.02,15.232999999999999,0.099,,,14.448,0.048,13.659,0.055999999999999994,13.445,0.052000000000000005,,,,,,,,,,,,,,,,,,,,,,,,,,,
8570,8570,8570,212199005,08 45 35.014,+24 15 32.26,1,14.449000000000002,,,572-044679,08453502+2415323,4518-301-3-0027-0028,STAR,gri,rpm,-10.5,4.8,-2.1,5.1,,,15.168,0.05,14.41,0.03,,,14.767999999999999,0.01,14.142999999999999,0.02,14.312000000000001,0.64,,,12.94,0.022000000000000002,12.472999999999999,0.019,12.415,0.025,5200.0,103.0,82.0,3.4989999999999997,1.014,0.46799999999999997,-0.77,0.55,0.25,2.773,1.876,2.011,0.89,0.045,0.063,0.039,1.2309999999999999,0.031,1705.0,1177.0,1204.0,0.032,0.008,0.006,,,
8571,8571,8571,212199012,08 45 03.502,+24 15 32.71,1,18.909000000000002,,,,,4517-301-3-0135-0356,EXTENDED,gri,,6.0,3.0,-4.0,3.0,,,,,,,20.089000000000002,0.07400000000000001,19.102999999999998,0.013999999999999999,18.844,0.016,18.585,0.017,18.557000000000002,0.061,,,,,,,,,,,,,,,,,,,,,,,,,,,,,,,,,
8572,8572,8572,212199016,08 38 10.756,+24 15 33.08,1,16.417,,,,08381075+2415330,4517-301-5-0126-0312,EXTENDED,gri,,-2.0,3.0,1.0,3.0,,,,,,,19.369,0.059000000000000004,17.418,0.006,16.457,0.004,15.988,0.004,15.634,0.008,15.359000000000002,0.059000000000000004,14.547,0.064,14.075,0.065,,,,,,,,,,,,,,,,,,,,,,,,,,,
8573,8573,8573,212199055,08 41 52.987,+24 15 36.36,1,14.94,,,572-044557,08415299+2415363,,STAR,BV,rpm,-18.6,4.6,8.6,5.0,,,15.624,0.03,15.040999999999999,0.046,,,,,,,,,,,13.485,0.024,13.015999999999998,0.022000000000000002,12.98,0.027000000000000003,5132.0,154.0,154.0,4.586,0.035,0.049,-0.22,0.2,0.32,0.748,0.087,0.05,0.795,0.08,0.067,1.864,0.276,0.37,582.9,95.05,52.52,0.032,0.008,0.006999999999999999,,,
8574,8574,8574,212199135,08 39 19.083,+24 15 45.59,1,12.399000000000001,,,572-044460,08391908+2415457,,STAR,gri,rpm,-5.8,0.8,-13.6,0.7,,,12.777000000000001,0.04,12.270999999999999,0.03,,,12.465,0.02,12.124,0.05,12.370999999999999,0.59,,,11.285,0.018000000000000002,11.043,0.018000000000000002,10.982000000000001,0.018000000000000002,6255.0,193.0,154.0,4.2010000000000005,0.14,0.196,-0.11699999999999999,0.15,0.24,1.391,0.415,0.237,1.168,0.142,0.142,0.414,0.281,0.213,511.7,159.1,103.4,0.031,0.011000000000000001,0.006,,,
8575,8575,8575,212199217,08 59 20.167,+24 15 55.14,1,17.017,,,,08592016+2415551,4576-301-4-0151-0164,EXTENDED,gri,,2.0,4.0,10.0,2.0,,,,,,,19.660999999999998,0.07,17.949,0.008,17.016,0.006,16.618,0.006,16.23,0.015,15.727,0.079,15.074000000000002,0.094,14.817,0.111,,,,,,,,,,,,,,,,,,,,,,,,,,,
8576,8576,8576,212199232,08 42 45.749,+24 15 56.96,1,12.307,,,572-044584,08424575+2415568,,STAR,gri,rpm,1.7,1.7,-18.7,1.9,,,13.280999999999999,0.01,12.379000000000001,0.02,,,12.788,0.01,12.095999999999998,0.02,12.100999999999999,0.51,,,10.821,0.019,10.355,0.018000000000000002,10.270999999999999,0.018000000000000002,5080.0,61.0,61.0,3.5610000000000004,0.16,0.56,-0.36200000000000004,0.16,0.36,2.864,2.122,0.514,1.033,0.13699999999999998,0.13699999999999998,0.043,0.033,0.036000000000000004,645.3,476.1,108.6,0.031,0.006999999999999999,0.008,,,
8577,8577,8577,212199260,09 00 21.146,+24 15 59.28,1,17.265,,,,09002114+2415592,4569-301-3-0160-0126,EXTENDED,gri,,0.0,3.0,3.0,3.0,,,,,,,19.772000000000002,0.055999999999999994,18.169,0.008,17.352,0.006,16.878,0.006,16.542,0.013999999999999999,15.556,0.08,14.839,0.08800000000000001,14.114,0.055,,,,,,,,,,,,,,,,,,,,,,,,,,,
8578,8578,8578,212199273,08 59 32.966,+24 16 01.02,1,17.624000000000006,,,,08593296+2416010,4576-301-4-0152-0139,EXTENDED,gri,,2.0,3.0,0.0,3.0,,,,,,,20.57,0.10800000000000001,18.597,0.01,17.629,0.006999999999999999,17.207,0.006999999999999999,16.881,0.019,16.066,0.099,15.337,0.11800000000000001,15.005,0.14800000000000002,,,,,,,,,,,,,,,,,,,,,,,,,,,
8579,8579,8579,212199326,08 59 36.484,+24 16 06.29,1,12.04,,,572-045118,08593648+2416064,,STAR,gri,rpm,-23.3,1.0,-12.8,1.2,,,12.68,0.04,12.212,0.05,,,12.375,0.02,12.027000000000001,0.04,11.897,0.04,,,11.085,0.02,10.815,0.018000000000000002,10.799000000000001,0.019,6176.0,98.0,98.0,4.234,0.145,0.174,-0.266,0.2,0.36,1.276,0.32299999999999995,0.19,1.0759999999999998,0.122,0.163,0.452,0.307,0.209,414.5,88.44,72.89,0.031,0.006999999999999999,0.006,,,
8580,8580,8580,212199347,08 58 31.260,+24 16 08.66,1,14.888,,,572-045092,08583125+2416088,4576-301-4-0150-0169,STAR,gri,rpm,-15.2,4.4,-9.4,4.8,,,16.06,0.04,15.19,0.07,,,15.561,0.01,14.835,0.05,14.599,0.05,,,13.427999999999999,0.021,13.019,0.026000000000000002,12.915999999999999,0.03,5221.0,105.0,105.0,4.566,0.025,0.05,-0.14,0.2,0.2,0.7809999999999999,0.075,0.044000000000000004,0.836,0.065,0.065,1.702,0.225,0.319,614.9,73.45,47.61,0.033,0.008,0.006999999999999999,,,
8581,8581,8581,212199352,08 39 23.847,+24 16 08.93,1,17.813,,,,08392384+2416089,4508-301-5-0119-0262,EXTENDED,gri,,-1.0,3.0,1.0,3.0,,,,,,,20.726,0.087,18.82,0.01,17.811,0.006999999999999999,17.382,0.006999999999999999,17.05,0.013000000000000001,16.192,0.08800000000000001,15.472000000000001,0.098,15.093,0.125,,,,,,,,,,,,,,,,,,,,,,,,,,,
8582,8582,8582,212199377,08 38 46.955,+24 16 11.96,1,14.724,,,572-044440,08384694+2416120,,STAR,gri,rpm,5.3,4.5,3.8,5.0,,,15.862,0.06,15.042,0.04,,,15.431,0.03,14.672,0.05,14.422,0.03,,,13.347999999999999,0.021,12.905999999999999,0.022000000000000002,12.764000000000001,0.026000000000000002,5091.0,102.0,102.0,4.56,0.048,0.9279999999999999,-0.14,0.2,0.36,0.7909999999999999,1.784,0.073,0.853,0.113,0.081,1.653,0.33399999999999996,1.589,591.2,1317.0,73.43,0.034,0.008,0.006999999999999999,,,
8583,8583,8583,212199380,08 58 25.446,+24 16 12.26,1,14.977,,,572-045089,08582543+2416121,4576-301-4-0150-0154,STAR,gri,lam,1.5,4.3,3.5,4.9,,,16.093,0.05,15.305,0.02,,,15.645999999999999,0.03,15.069,0.03,14.690999999999999,0.07,,,13.821,0.027999999999999997,13.418,0.033,13.22,0.04,5513.0,165.0,165.0,4.552,0.035,0.042,-0.48100000000000004,0.15,0.15,0.779,0.05,0.047,0.7929999999999999,0.046,0.046,1.642,0.243,0.251,776.3,70.99,77.38,0.033,0.01,0.006999999999999999,,,
8584,8584,8584,212199453,08 59 17.222,+24 16 20.58,1,17.778,,,,08591722+2416205,4576-301-4-0151-0157,EXTENDED,gri,,2.0,3.0,5.0,3.0,,,,,,,20.387999999999998,0.10400000000000001,18.702,0.011000000000000001,17.814,0.009000000000000001,17.382,0.009000000000000001,17.137999999999998,0.026000000000000002,16.364,0.129,15.465,0.125,15.064,0.147,,,,,,,,,,,,,,,,,,,,,,,,,,,
8585,8585,8585,212199559,08 57 44.670,+24 16 30.21,1,15.495999999999999,,,572-045063,08574468+2416301,4569-301-4-0156-0224,STAR,JHK,col,,,,,,,,,,,,,,,,,,,,,13.380999999999998,0.022000000000000002,12.815999999999999,0.026000000000000002,12.564,0.023,3540.0,160.0,225.0,5.04,0.098,0.07,-0.038,0.16,0.2,0.225,0.065,0.059000000000000004,0.21899999999999997,0.091,0.076,17.36,11.19,5.891,101.1,40.06,33.36,0.016,0.006,0.005,,,
8586,8586,8586,212199577,09 00 01.143,+24 16 31.63,1,12.345999999999998,,,572-045139,09000115+2416316,,STAR,gri,lam,-1.6,1.2,-0.6,0.9,,,13.050999999999998,0.03,12.505,0.06,,,12.706,0.01,12.305,0.05,12.192,0.05,,,11.356,0.018000000000000002,11.099,0.017,11.049000000000001,0.016,6053.0,170.0,121.0,4.288,0.1,0.14,-0.14400000000000002,0.15,0.15,1.222,0.261,0.158,1.082,0.102,0.085,0.551,0.23600000000000002,0.217,433.2,88.09,61.92,0.031,0.008,0.006,,,
8587,8587,8587,212199595,08 59 30.539,+24 16 33.11,1,17.389,,,572-045115,08593055+2416335,4576-301-4-0152-0015,STAR,J,,0.8,4.9,-13.0,5.3,,,,,,,,,,,,,,,,,15.901,0.079,15.841,0.188,,,,,,,,,,,,,,,,,,,,,,,,,,,,,
8588,8588,8588,212199630,08 59 40.942,+24 16 36.45,1,14.333,,,572-045120,08594094+2416365,4576-301-4-0152-0036,STAR,gri,lam,10.1,4.4,-5.8,4.9,,,15.612,0.05,14.732999999999999,0.05,,,15.167,0.02,14.34,0.03,13.975,0.05,,,12.78,0.023,12.234000000000002,0.023,12.181,0.024,4808.0,145.0,145.0,4.637,0.03,0.025,-0.22699999999999998,0.15,0.12,0.677,0.04,0.038,0.723,0.054000000000000006,0.045,2.311,0.342,0.251,352.4,35.78,32.48,0.03,0.006999999999999999,0.006,,,
8589,8589,8589,212199665,08 59 26.360,+24 16 39.46,1,11.402999999999999,,,572-045113,08592636+2416396,,STAR,gri,lam,-21.4,1.3,-41.1,0.9,,,12.299000000000001,0.03,11.62,0.05,,,11.901,0.02,11.375,0.04,11.19,0.04,,,10.293,0.02,9.978,0.018000000000000002,9.92,0.019,5752.0,136.0,170.0,4.431,0.055,0.08800000000000001,0.07200000000000001,0.1,0.1,1.0090000000000001,0.12,0.078,1.024,0.061,0.051,0.9540000000000001,0.20600000000000002,0.256,214.3,30.39,22.42,0.025,0.006999999999999999,0.005,,,
8590,8590,8590,212199690,08 57 49.677,+24 16 41.64,1,18.494,,,,08574967+2416416,4569-301-4-0157-0119,EXTENDED,gri,,-3.0,3.0,12.0,3.0,,,,,,,20.26,0.096,19.274,0.018000000000000002,18.561,0.013999999999999999,18.16,0.015,17.971,0.051,16.825,0.174,15.880999999999998,0.174,15.011,0.135,,,,,,,,,,,,,,,,,,,,,,,,,,,
8591,8591,8591,212199709,08 38 58.148,+24 16 43.74,1,14.186,,,572-044447,08385814+2416438,,STAR,gri,rpm,-12.9,4.7,-11.2,5.1,,,15.312999999999999,0.03,14.315,0.01,,,14.817,0.01,13.902999999999999,0.02,13.915,0.58,,,12.433,0.019,11.9,0.018000000000000002,11.79,0.019,4776.0,57.0,77.0,4.637,0.02,0.036000000000000004,-0.035,0.12,0.18,0.6940000000000001,0.051,0.034,0.777,0.032,0.057999999999999996,2.2430000000000003,0.188,0.303,305.1,28.82,19.05,0.033,0.013000000000000001,0.006999999999999999,,,
8592,8592,8592,212199873,08 58 35.427,+24 17 04.66,1,19.668,,,,,4576-301-4-0150-0728,EXTENDED,gri,,-74.0,5.0,45.0,5.0,,,,,,,21.619,0.299,20.044,0.028999999999999998,19.605,0.033,19.507,0.046,19.274,0.16399999999999998,,,,,,,,,,,,,,,,,,,,,,,,,,,,,,,,,
8593,8593,8593,212200256,08 57 23.261,+24 17 48.76,1,17.783,,,,08572326+2417487,4569-301-4-0156-0178,EXTENDED,gri,,-3.0,3.0,-2.0,3.0,,,,,,,20.81,0.131,18.925,0.013000000000000001,17.768,0.008,17.293,0.006999999999999999,16.945,0.019,16.029,0.091,15.314,0.126,14.811,0.11199999999999999,,,,,,,,,,,,,,,,,,,,,,,,,,,
8594,8594,8594,212200338,09 00 42.022,+24 17 58.20,1,17.340999999999998,,,,09004202+2417582,4569-301-3-0161-0236,EXTENDED,gri,,6.0,2.0,4.0,6.0,,,,,,,20.435,0.086,18.41,0.009000000000000001,17.34,0.006,16.883,0.006,16.559,0.013000000000000001,15.719000000000001,0.077,15.052999999999999,0.10800000000000001,14.35,0.08,,,,,,,,,,,,,,,,,,,,,,,,,,,
8595,8595,8595,212200442,09 00 41.233,+24 18 08.80,1,17.765,,,,09004123+2418087,4569-301-3-0161-0233,EXTENDED,gri,,-2.0,3.0,7.0,3.0,,,,,,,20.743000000000002,0.134,18.923,0.013999999999999999,17.764,0.008,17.269000000000002,0.008,16.919,0.02,16.445999999999998,0.146,15.644,0.16,15.033,0.12300000000000001,,,,,,,,,,,,,,,,,,,,,,,,,,,
8596,8596,8596,212200453,08 57 22.697,+24 18 09.99,1,17.839000000000006,,,,,4569-301-4-0156-0058,STAR,gri,,11.0,3.0,-38.0,3.0,,,,,,,17.137999999999998,0.009000000000000001,17.459,0.005,17.965,0.006999999999999999,18.313,0.01,18.68,0.039,,,,,,,,,,,,,,,,,,,,,,,,,,,,,,,,,
8597,8597,8597,212200459,08 59 56.746,+24 18 10.56,1,12.960999999999999,,,572-045135,08595675+2418105,,STAR,gri,lam,-33.9,2.8,-29.8,3.2,,,14.026,0.03,13.238,0.05,,,13.575,0.01,12.929,0.03,12.698,0.01,,,11.732999999999999,0.018000000000000002,11.299000000000001,0.015,11.245,0.018000000000000002,5364.0,126.0,158.0,4.533,0.025,0.035,0.027999999999999997,0.08,0.12,0.852,0.051,0.04,0.917,0.047,0.047,1.462,0.171,0.2,314.1,29.98,22.98,0.028999999999999998,0.005,0.006,,,
8598,8598,8598,212200470,08 55 08.909,+24 18 11.29,1,14.642999999999999,,,572-044984,08550891+2418113,4508-301-1-0140-0139,STAR,gri,rpm,-8.0,4.0,-42.4,4.4,,,16.842,0.06,15.374,0.06,,,16.19,0.04,14.745,0.03,13.98,0.08,,,12.36,0.023,11.7,0.023,11.523,0.021,3809.0,76.0,91.0,4.901,0.04,0.032,-0.028999999999999998,0.1,0.08,0.371,0.040999999999999995,0.037000000000000005,0.41600000000000004,0.044000000000000004,0.044000000000000004,7.702000000000001,1.452,1.222,118.2,13.81,14.68,0.019,0.006999999999999999,0.005,,,
8599,8599,8599,212200511,08 54 48.525,+24 18 15.06,1,11.470999999999998,,,572-044978,08544852+2418150,,STAR,gri,rpm,-17.1,0.9,1.8,0.9,,,12.065,0.03,11.564,0.04,,,11.809000000000001,0.05,11.437999999999999,0.03,11.325999999999999,0.02,,,10.605,0.025,10.349,0.027000000000000003,10.269,0.018000000000000002,6106.0,146.0,97.0,4.124,0.2,0.24,-0.07400000000000001,0.12,0.24,1.4569999999999999,0.703,0.28600000000000003,1.178,0.21100000000000002,0.18100000000000002,0.313,0.312,0.19399999999999998,376.1,185.4,80.37,0.028999999999999998,0.01,0.006999999999999999,,,
8600,8600,8600,212200538,09 00 05.460,+24 18 17.87,1,17.488,,,,09000546+2418178,4576-301-4-0152-0215,EXTENDED,gri,,0.0,3.0,-4.0,3.0,,,,,,,19.623,0.062,18.238,0.008,17.54,0.006999999999999999,17.166,0.008,16.889,0.024,16.187,0.122,15.548,0.162,15.375,0.19,,,,,,,,,,,,,,,,,,,,,,,,,,,
8601,8601,8601,212200707,08 56 05.627,+24 18 36.49,1,16.094,,,,08560562+2418364,4576-301-5-0147-0296,EXTENDED,gri,,-5.0,3.0,3.0,3.0,,,,,,,19.225,0.062,17.127,0.006,16.102,0.004,15.651,0.004,15.306,0.009000000000000001,15.274000000000001,0.09,14.677,0.095,14.168,0.09300000000000001,,,,,,,,,,,,,,,,,,,,,,,,,,,
8602,8602,8602,212200741,08 56 59.580,+24 18 40.65,1,15.3,,,572-045040,08565957+2418406,4569-301-4-0156-0003,STAR,gri,rpm,-2.8,4.3,-1.7,4.7,,,16.549,0.12,15.659,0.07,,,16.073,0.05,15.264000000000001,0.02,14.969000000000001,0.05,,,13.845,0.026000000000000002,13.382,0.028999999999999998,13.285,0.034,4987.0,99.0,99.0,4.588,0.04,1.08,-0.14300000000000002,0.2,0.28,0.754,2.35,0.064,0.8109999999999999,0.11599999999999999,0.065,1.851,0.324,1.814,683.5,2114.0,79.92,0.034,0.011000000000000001,0.006999999999999999,,,
8603,8603,8603,212200761,08 57 37.095,+24 18 42.97,1,11.993,,,572-045059,08573709+2418431,,STAR,gri,rpm,3.6,1.3,-4.7,1.0,,,12.825999999999999,0.04,12.185,0.06,,,12.465,0.01,11.963,0.04,11.79,0.03,,,10.979000000000001,0.022000000000000002,10.719000000000001,0.024,10.615,0.019,5930.0,94.0,118.0,4.015,0.306,0.126,0.04,0.15,0.18,1.739,0.406,0.596,1.156,0.20800000000000002,0.149,0.20600000000000002,0.465,0.07400000000000001,489.6,116.9,156.6,0.037000000000000005,0.016,0.008,,,
8604,8604,8604,212200834,08 54 36.022,+24 18 48.89,1,12.364,,,572-044968,08543602+2418487,,STAR,gri,rpm,-16.3,1.4,-7.1,2.6,,,13.675,0.03,12.655,0.05,,,13.179,0.05,12.333,0.05,12.014000000000001,0.01,,,10.887,0.022000000000000002,10.366,0.025,10.228,0.019,4856.0,77.0,97.0,3.306,0.348,0.696,-0.139,0.2,0.36,3.827,4.205,1.185,1.024,0.212,0.152,0.017,0.032,0.016,832.5,817.2,259.2,0.034,0.013000000000000001,0.008,,,
8605,8605,8605,212200860,08 57 52.247,+24 18 51.33,1,16.605999999999998,,,,08575224+2418513,4569-301-4-0157-0139,STAR,gri,rpm,-31.0,14.0,-121.0,14.0,,,,,,,21.399,0.11599999999999999,18.811,0.009000000000000001,17.328,0.006,15.661,0.005,14.745999999999999,0.005,13.171,0.024,12.64,0.026000000000000002,12.311,0.021,3394.0,81.0,102.0,5.11,0.02,0.027999999999999997,-0.055,0.16,0.08,0.192,0.017,0.013000000000000001,0.175,0.019,0.016,24.03,2.932,3.1,74.05,9.419,6.763999999999999,0.013000000000000001,0.005,0.005,,,
8606,8606,8606,212200935,08 59 49.693,+24 18 58.50,1,19.28,,,,,4576-301-4-0152-0191,STAR,gri,,11.0,4.0,-23.0,4.0,,,,,,,19.548,0.033,19.117,0.01,19.334,0.015,19.137,0.017,18.570999999999998,0.039,,,,,,,,,,,,,,,,,,,,,,,,,,,,,,,,,
8607,8607,8607,212201035,08 54 23.308,+24 19 07.85,1,17.012,,,,08542330+2419078,4508-301-1-0139-0261,EXTENDED,gri,,-3.0,3.0,1.0,3.0,,,,,,,19.628,0.047,17.887999999999995,0.006999999999999999,17.064,0.005,16.636,0.005,16.327,0.01,15.825999999999999,0.091,15.026,0.1,14.824000000000002,0.11699999999999999,,,,,,,,,,,,,,,,,,,,,,,,,,,
8608,8608,8608,212201082,08 55 52.932,+24 19 12.34,1,15.311,,,572-045008,08555292+2419124,4576-301-5-0147-0068,STAR,gri,rpm,3.5,3.0,-5.2,3.4,,,16.319000000000006,0.05,15.637,0.03,,,16.015,0.01,15.332,0.06,15.009,0.13,,,14.107999999999999,0.023,13.67,0.036000000000000004,13.569,0.039,5185.0,154.0,123.0,4.559,0.04,0.904,-0.248,0.25,0.4,0.7909999999999999,1.5290000000000001,0.071,0.8370000000000001,0.069,0.083,1.679,0.34,1.594,842.3,1516.0,95.05,0.033,0.01,0.006999999999999999,,,
8609,8609,8609,212201096,08 56 31.665,+24 19 14.55,1,14.635,,,572-045034,08563167+2419145,,STAR,gri,rpm,-1.1,3.1,-6.0,3.4,,,15.568,0.08,14.884,0.03,,,15.198,0.01,14.630999999999998,0.05,14.392999999999999,0.03,,,13.450999999999999,0.023,13.022,0.024,12.917,0.027000000000000003,5295.0,158.0,126.0,4.463,0.10800000000000001,1.314,-0.535,0.42,0.56,0.937,3.153,0.18600000000000005,0.867,0.062,0.087,1.101,0.636,1.089,794.8,2326.0,190.2,0.034,0.006999999999999999,0.006999999999999999,,,
8610,8610,8610,212201115,08 57 22.972,+24 19 17.21,1,13.902999999999999,,,572-045050,08572298+2419171,4569-301-4-0156-0069,STAR,gri,col,,,,,,,16.355,0.12,14.902000000000001,0.06,,,15.655,0.02,14.323,0.04,13.152999999999999,0.04,,,11.314,0.02,10.720999999999998,0.02,10.501,0.018000000000000002,3717.0,110.0,88.0,4.9510000000000005,0.06,0.05,-0.008,0.15,0.21,0.32799999999999996,0.044000000000000004,0.053,0.35700000000000004,0.055,0.077,9.713,3.45,2.173,61.46,14.68,13.93,0.01,0.003,0.003,,,
8611,8611,8611,212201139,08 53 52.615,+24 19 19.39,1,16.748,,,,08535261+2419193,,STAR,JHK,col,,,,,,,,,,,,,,,,,,,,,14.205,0.031,13.488,0.033,13.213,0.027000000000000003,3888.0,227.0,272.0,4.865,0.14400000000000002,0.08,-0.066,0.15,0.21,0.40299999999999997,0.083,0.136,0.456,0.096,0.17300000000000001,6.314,6.877999999999999,1.946,296.9,87.36,119.7,0.027999999999999997,0.01,0.008,,,
8612,8612,8612,212201195,08 53 11.628,+24 19 25.53,1,13.952,,,572-044920,08531161+2419256,,STAR,gri,rpm,17.3,2.4,-30.2,2.7,,,15.04,0.01,14.194,0.01,,,14.625,0.05,13.902000000000001,0.02,13.663,0.01,,,12.679,0.023,12.29,0.026000000000000002,12.163,0.026000000000000002,5170.0,82.0,82.0,4.5889999999999995,0.036000000000000004,0.02,-0.33299999999999996,0.12,0.18,0.731,0.052000000000000005,0.039,0.7659999999999999,0.061,0.038,1.926,0.285,0.209,395.7,29.28,27.26,0.036000000000000004,0.008,0.006999999999999999,,,
8613,8613,8613,212201216,08 59 00.125,+24 19 28.07,1,10.692,,1950-300-1,572-045105,08590012+2419278,,STAR,gri,rpm,-10.1,2.1,-2.9,2.0,,,11.864,0.152,11.147,0.113,,,11.533,0.01,10.674000000000001,0.04,10.331,0.04,,,9.137,0.024,8.606,0.02,8.481,0.013999999999999999,4753.0,57.0,76.0,2.467,0.342,0.114,-0.212,0.15,0.15,10.978,0.624,3.59,1.225,0.27899999999999997,0.174,0.0009310000000000001,0.002,0.000192,1004.0,71.8,301.3,0.033,0.01,0.006999999999999999,,,
8614,8614,8614,212201235,08 57 09.442,+24 19 29.64,1,15.350999999999999,,,572-045044,08570944+2419295,4569-301-4-0156-0032,STAR,gri,rpm,-3.4,4.2,-5.2,4.6,,,16.989,0.09,15.87,0.062,,,16.51,0.04,15.365,0.02,14.853,0.05,,,13.533,0.027000000000000003,12.911,0.023,12.822000000000001,0.027000000000000003,4269.0,107.0,107.0,4.735,0.048,0.04,0.005,0.12,0.27,0.5670000000000001,0.043,0.063,0.633,0.04,0.064,3.485,0.882,0.519,354.8,36.93,45.93,0.028999999999999998,0.008,0.005,,,
8615,8615,8615,212201254,09 00 00.711,+24 19 32.28,1,17.95,,,,09000071+2419322,4576-301-4-0152-0212,EXTENDED,gri,,3.0,3.0,-2.0,3.0,,,,,,,19.119,0.031,18.162,0.006999999999999999,17.88,0.006999999999999999,17.602999999999994,0.008,17.516,0.027000000000000003,16.725,0.177,15.759,0.183,,,,,,,,,,,,,,,,,,,,,,,,,,,,,
8616,8616,8616,212201400,08 57 22.576,+24 19 46.58,1,14.337,,,572-045049,08572258+2419464,4569-301-4-0156-0073,STAR,gri,rpm,-4.9,4.5,3.5,4.9,,,15.513,0.04,14.661,0.08,,,15.059000000000001,0.01,14.322000000000001,0.05,14.027000000000001,0.06,,,12.852,0.022000000000000002,12.370999999999999,0.023,12.243,0.021,5013.0,80.0,80.0,3.614,0.9940000000000001,0.426,-0.33299999999999996,0.25,0.3,2.449,1.237,1.778,0.9079999999999999,0.192,0.16,0.061,1.8619999999999999,0.046,1433.0,653.8,1049.0,0.032,0.008,0.006999999999999999,,,
8617,8617,8617,212201458,08 56 04.552,+24 19 53.94,1,12.948,,,572-045014,08560454+2419539,,STAR,gri,rpm,-10.4,1.7,-31.7,2.0,,,13.960999999999999,0.05,13.209000000000001,0.09,,,13.568,0.02,12.915999999999999,0.03,12.682,0.05,,,11.693,0.022000000000000002,11.229000000000001,0.023,11.130999999999998,0.017,5208.0,84.0,105.0,4.575,0.02,1.008,-0.231,0.2,0.48,0.78,1.828,0.048,0.8390000000000001,0.07,0.07,1.74,0.168,1.689,271.5,586.8,15.31,0.03,0.005,0.006999999999999999,,,
8618,8618,8618,212201489,08 52 32.457,+24 19 56.96,1,14.56,,,572-044894,08523244+2419570,,STAR,gri,rpm,0.4,3.2,-0.8,3.4,,,15.767000000000001,0.02,14.85,0.01,,,15.302,0.03,14.532,0.03,14.242,0.03,,,13.147,0.027999999999999997,12.659,0.037000000000000005,12.552999999999999,0.028999999999999998,4925.0,96.0,96.0,3.265,1.2,1.0,-0.34700000000000003,0.3,0.54,3.225,6.468999999999999,2.5340000000000003,0.9209999999999999,0.215,0.14300000000000002,0.019,1.143,0.018000000000000002,2137.0,3537.0,1689.0,0.034,0.008,0.006,,,
8619,8619,8619,212201540,08 52 21.939,+24 20 03.91,1,10.272,,1943-511-1,572-044889,08522192+2420039,,STAR,gri,rpm,-3.3,1.7,1.4,1.8,,,11.467,0.099,10.536,0.062,,,11.19,0.03,10.254000000000001,0.02,9.878,0.01,,,8.621,0.027000000000000003,8.073,0.055,7.899,0.028999999999999998,4531.0,91.0,73.0,2.113,0.354,0.531,-0.33899999999999997,0.35,0.49,14.575,9.725,3.85,1.129,0.319,0.228,0.00035299999999999996,0.000534,0.000297,1034.0,624.6,238.8,0.034,0.011000000000000001,0.006999999999999999,,,
8620,8620,8620,212201558,08 55 41.761,+24 20 05.84,1,17.025,,,,08554176+2420058,4508-301-1-0141-0232,EXTENDED,gri,,-1.0,3.0,3.0,3.0,,,,,,,20.197,0.064,18.063,0.006999999999999999,17.028,0.005,16.58,0.005,16.232,0.009000000000000001,15.491,0.067,14.789000000000001,0.092,14.446,0.08900000000000001,,,,,,,,,,,,,,,,,,,,,,,,,,,
8621,8621,8621,212201590,08 50 56.723,+24 20 08.72,1,15.732000000000001,,,572-044853,08505672+2420089,4508-301-2-0135-0027,STAR,gri,rpm,5.0,3.1,4.0,3.6,,,16.840999999999998,0.18,16.042,0.03,,,16.415,0.01,15.642000000000001,0.05,15.439,0.13,,,14.273,0.027000000000000003,13.763,0.027999999999999997,13.751,0.046,4984.0,98.0,98.0,4.603,0.03,0.042,-0.191,0.2,0.24,0.733,0.07,0.054000000000000006,0.782,0.071,0.071,1.955,0.353,0.344,794.5,100.2,74.9,0.032,0.008,0.006999999999999999,,,
8622,8622,8622,212201621,08 56 06.558,+24 20 11.20,1,12.622,,,572-045016,08560655+2420112,,STAR,gri,rpm,1.5,1.4,-2.1,2.4,,,13.706,0.06,12.904000000000002,0.08,,,13.280999999999999,0.01,12.626,0.03,12.34,0.05,,,11.27,0.023,10.793,0.023,10.725999999999999,0.018000000000000002,5064.0,100.0,60.0,2.6830000000000003,0.754,0.348,-0.703,0.2,0.36,6.575,3.627,3.637,0.9259999999999999,0.124,0.044000000000000004,0.003,0.027999999999999997,0.002,1831.0,798.6,995.3,0.03,0.008,0.005,,,
8623,8623,8623,212201630,09 00 11.748,+24 20 12.32,1,15.450999999999999,,,572-045142,09001174+2420123,4576-301-4-0153-0076,STAR,gri,lam,2.1,4.1,0.9,4.5,,,16.586,0.06,15.773,0.07,,,16.113,0.02,15.424000000000001,0.06,15.168,0.08,,,14.187999999999999,0.028999999999999998,13.772,0.036000000000000004,13.661,0.042,5245.0,158.0,158.0,4.542,0.03,0.042,0.021,0.1,0.12,0.828,0.061,0.040999999999999995,0.878,0.046,0.046,1.5319999999999998,0.187,0.228,922.1,106.8,69.44,0.033,0.008,0.006,,,
8624,8624,8624,212201678,08 57 46.774,+24 20 16.72,1,11.114,,1950-564-1,572-045064,08574677+2420169,,STAR,gri,rpm,-11.6,1.5,-5.3,1.6,,,11.630999999999998,0.105,10.988,0.095,,,11.577,0.01,11.095,0.03,10.915999999999999,0.04,,,10.096,0.02,9.818,0.024,9.698,0.018000000000000002,5881.0,95.0,95.0,4.043,0.368,0.23,0.01,0.15,0.21,1.588,0.594,0.57,1.1340000000000001,0.21100000000000002,0.11699999999999999,0.23399999999999999,0.662,0.133,308.2,119.2,113.2,0.028999999999999998,0.008,0.008,,,
8625,8625,8625,212201898,08 55 19.764,+24 20 40.77,1,17.555,,,,08551976+2420407,,STAR,J,col,,,,,,,,,,,,,,,,,,,,,16.055,0.106,15.182,0.11900000000000001,14.751,0.121,3888.0,369.0,369.0,4.895,0.14,0.14,-0.20800000000000002,0.24,0.28,0.375,0.139,0.149,0.397,0.187,0.187,7.501,8.535,3.5189999999999997,683.5,377.5,314.2,0.032,0.01,0.006999999999999999,,,
8626,8626,8626,212202102,09 00 02.791,+24 21 02.14,1,17.930999999999994,,,,09000279+2421021,4576-301-4-0152-0226,EXTENDED,gri,,3.0,3.0,0.0,3.0,,,,,,,21.051,0.2,19.045,0.013000000000000001,17.893,0.009000000000000001,17.454,0.009000000000000001,17.065,0.022000000000000002,16.215999999999998,0.121,15.402000000000001,0.14400000000000002,14.944,0.13699999999999998,,,,,,,,,,,,,,,,,,,,,,,,,,,
8627,8627,8627,212202143,08 53 01.773,+24 21 08.28,1,18.088,,,,08530177+2421082,4569-301-5-0150-0222,STAR,gri,rpm,-56.0,3.0,-109.0,3.0,,,,,,,22.94,0.40399999999999997,20.017,0.018000000000000002,18.582,0.009000000000000001,17.262,0.006,16.581,0.009000000000000001,15.257,0.048,14.687000000000001,0.07400000000000001,14.519,0.09,3618.0,209.0,149.0,5.078,0.055999999999999994,0.04,-0.271,0.25,0.5,0.213,0.033,0.024,0.20199999999999999,0.040999999999999995,0.026000000000000002,19.37,5.584,4.334,176.8,94.65,46.64,0.022000000000000002,0.006,0.005,,,
8628,8628,8628,212202167,08 53 24.754,+24 21 11.53,1,17.462,,,,08532475+2421115,4569-301-5-0151-0150,EXTENDED,gri,,-2.0,3.0,3.0,3.0,,,,,,,20.654,0.141,18.817,0.015,17.442999999999998,0.006999999999999999,16.882,0.006999999999999999,16.552,0.015,16.029,0.10300000000000001,15.248,0.125,14.365,0.079,,,,,,,,,,,,,,,,,,,,,,,,,,,
8629,8629,8629,212202176,08 55 41.566,+24 21 12.67,1,17.488,,,,08554156+2421126,4508-301-1-0141-0239,EXTENDED,gri,,2.0,3.0,2.0,3.0,,,,,,,20.186,0.077,18.462,0.01,17.500999999999998,0.006999999999999999,17.070999999999998,0.006999999999999999,16.764,0.013999999999999999,16.5,0.135,15.75,0.17800000000000002,15.142000000000001,0.13699999999999998,,,,,,,,,,,,,,,,,,,,,,,,,,,
8630,8630,8630,212202244,08 52 58.952,+24 21 19.97,1,14.687999999999999,,,572-044913,08525894+2421200,,STAR,gri,rpm,45.5,4.4,-18.2,4.9,,,16.511,0.06,15.257,0.03,,,16.018,0.01,14.655999999999999,0.06,14.118,0.05,,,12.652000000000001,0.023,12.0,0.021,11.863,0.023,3988.0,96.0,64.0,4.849,0.04,0.048,-0.109,0.18,0.21,0.43,0.045,0.040999999999999995,0.483,0.06,0.05,5.768,1.328,1.08,163.0,24.15,17.73,0.023,0.006999999999999999,0.006,,,
8631,8631,8631,212202257,08 48 29.799,+24 21 22.41,1,14.613,,,572-044766,08482979+2421224,4518-301-2-0031-0053,STAR,gri,rpm,5.3,4.6,-18.1,5.0,,,15.757,0.08,14.765999999999998,0.1,,,15.252,0.03,14.409,0.06,14.338,0.45,,,13.055,0.021,12.607000000000001,0.019,12.487,0.023,5029.0,100.0,80.0,4.587,0.025,0.035,-0.045,0.16,0.2,0.758,0.049,0.046,0.8270000000000001,0.042,0.052000000000000005,1.795,0.242,0.213,478.3,44.22,33.98,0.033,0.01,0.006,,,
8632,8632,8632,212202285,08 46 55.936,+24 21 25.57,1,16.546,,,,08465593+2421255,4508-301-3-0129-0219,STAR,gri,rpm,-60.0,3.0,-62.0,3.0,,,,,,,21.767,0.128,18.66,0.008,17.167,0.005,15.64,0.005,14.84,0.006,13.405,0.022000000000000002,12.785,0.023,12.505,0.025,3434.0,124.0,103.0,5.092,0.035,0.049,-0.094,0.24,0.16,0.201,0.031,0.019,0.185,0.035,0.022000000000000002,21.9,4.129,4.704,90.61,10.36,12.74,0.015,0.006,0.003,,,
8633,8633,8633,212202313,08 59 48.240,+24 21 29.20,1,17.692999999999994,,,,,4576-301-4-0152-0200,EXTENDED,gri,,-4.0,3.0,0.0,3.0,,,,,,,19.665,0.076,18.387,0.011000000000000001,17.772000000000006,0.01,17.396,0.011000000000000001,17.223,0.04,,,,,,,,,,,,,,,,,,,,,,,,,,,,,,,,,
8634,8634,8634,212202414,08 57 34.557,+24 21 40.20,1,15.994000000000002,,,,08573455+2421401,4569-301-4-0157-0097,STAR,gri,rpm,22.0,3.0,-53.0,3.0,,,,,,,20.526,0.061,18.062,0.006,16.633,0.005,15.107000000000001,0.004,14.286,0.005,12.844000000000001,0.023,12.297,0.023,12.035,0.023,3510.0,112.0,56.0,5.04,0.032,0.02,0.034,0.08,0.2,0.24600000000000002,0.006,0.03,0.242,0.012,0.035,16.37,3.492,1.2670000000000001,84.0,8.529,10.64,0.015,0.009000000000000001,0.004,,,
8635,8635,8635,212202432,08 56 18.024,+24 21 42.72,1,17.242,,,,08561802+2421427,4576-301-5-0147-0347,EXTENDED,gri,,-4.0,3.0,3.0,3.0,,,,,,,20.201,0.081,18.267,0.009000000000000001,17.235,0.006,16.802,0.006,16.415,0.013000000000000001,15.755,0.08199999999999999,15.052999999999999,0.099,14.599,0.1,,,,,,,,,,,,,,,,,,,,,,,,,,,
8636,8636,8636,212202448,08 55 00.840,+24 21 44.81,1,17.750999999999994,,,,08550084+2421448,,STAR,J,,6.0,4.0,10.0,2.0,,,,,,,,,,,,,,,,,16.237000000000002,0.11599999999999999,,,15.109000000000002,0.157,,,,,,,,,,,,,,,,,,,,,,,,,,,
8637,8637,8637,212202528,08 46 09.450,+24 21 52.30,1,13.193,,,572-044691,08460945+2421525,,STAR,gri,rpm,7.9,2.2,-23.2,2.6,,,14.241,0.04,13.242,0.03,,,13.734000000000002,0.01,12.888,0.04,12.960999999999999,0.61,,,11.463,0.022000000000000002,10.950999999999999,0.019,10.829,0.018000000000000002,4880.0,79.0,79.0,4.607,0.02,0.02,-0.025,0.12,0.12,0.7340000000000001,0.036000000000000004,0.035,0.8029999999999999,0.042,0.042,1.994,0.203,0.154,215.0,14.32,18.55,0.024,0.009000000000000001,0.005,,,
8638,8638,8638,212202549,09 00 15.970,+24 21 54.08,1,17.506,,,,09001597+2421540,4576-301-4-0153-0263,EXTENDED,gri,,4.0,3.0,-28.0,3.0,,,,,,,20.277,0.10099999999999999,18.368,0.009000000000000001,17.516,0.006999999999999999,17.137,0.008,16.815,0.021,16.349,0.11800000000000001,15.682,0.139,15.395,0.174,,,,,,,,,,,,,,,,,,,,,,,,,,,
8639,8639,8639,212202584,08 53 50.708,+24 21 57.87,1,18.212,,,,08535070+2421578,,STAR,J,,,,,,,,,,,,,,,,,,,,,,16.656,0.16399999999999998,,,,,,,,,,,,,,,,,,,,,,,,,,,,,,,
8640,8640,8640,212202634,08 48 25.844,+24 22 04.08,1,14.931,,,572-044763,08482583+2422045,4508-301-3-0132-0220,STAR,JHK,rpm,15.0,8.0,-165.0,8.0,,,,,,,,,,,,,,,,,12.958,0.019,12.397,0.018000000000000002,12.183,0.02,3484.0,179.0,359.0,5.09,0.084,0.07,-0.174,0.25,0.25,0.198,0.054000000000000006,0.049,0.187,0.07200000000000001,0.06,20.97,12.57,6.7929999999999975,75.83,30.79,21.9,0.012,0.005,0.004,,,
8641,8641,8641,212202739,08 42 49.237,+24 22 16.01,1,17.736,,,,08424923+2422160,4517-301-4-0133-0149,EXTENDED,gri,,4.0,1.0,4.0,2.0,,,,,,,20.888,0.141,18.811,0.012,17.711,0.006999999999999999,17.276,0.006999999999999999,16.896,0.016,16.24,0.087,15.5,0.09699999999999999,15.181,0.13,,,,,,,,,,,,,,,,,,,,,,,,,,,
8642,8642,8642,212202791,08 56 38.580,+24 22 22.13,1,17.764,,,,,4576-301-5-0148-0223,EXTENDED,gri,,13.0,3.0,-4.0,3.0,,,,,,,20.122,0.091,18.49,0.013000000000000001,17.832,0.011000000000000001,17.453,0.013000000000000001,17.19,0.033,,,,,,,,,,,,,,,,,,,,,,,,,,,,,,,,,
8643,8643,8643,212202811,09 00 07.671,+24 22 26.01,1,9.312999999999999,,1950-146-1,572-045141,09000767+2422260,,STAR,gri,rpm,-6.3,1.2,-13.7,1.1,,,9.44,0.024,9.111,0.022000000000000002,,,10.022,0.03,9.35,0.04,9.009,0.01,,,8.312000000000001,0.023,8.169,0.026000000000000002,8.152999999999999,0.023,6883.0,347.0,231.0,3.8360000000000003,0.35,0.25,0.019,0.12,0.12,2.494,1.053,0.971,1.706,0.324,0.27,0.102,0.267,0.061,247.9,103.1,95.54,0.026000000000000002,0.006999999999999999,0.006,,,
8644,8644,8644,212202882,08 55 10.877,+24 22 34.39,1,17.877,,,,08551087+2422343,,STAR,J,col,,,,,,,,,,,,,,,,,,,,,16.352999999999998,0.153,15.209000000000001,0.154,15.134,0.182,4042.0,336.0,336.0,4.845,0.14400000000000002,0.12,-0.254,0.25,0.35,0.428,0.121,0.154,0.466,0.128,0.179,5.7620000000000005,6.3320000000000025,2.369,933.7,447.3,393.9,0.032,0.01,0.006999999999999999,,,
8645,8645,8645,212202911,08 50 49.675,+24 22 37.58,1,17.003,,,,08504967+2422375,4508-301-2-0135-0096,EXTENDED,gri,,-3.0,3.0,3.0,3.0,,,,,,,19.302,0.055999999999999994,17.854,0.008,17.054000000000002,0.006,16.639,0.006,16.324,0.012,16.123,0.10099999999999999,15.462,0.11599999999999999,14.835,0.11599999999999999,,,,,,,,,,,,,,,,,,,,,,,,,,,
8646,8646,8646,212202958,08 43 36.016,+24 22 42.26,1,12.885,,,572-044614,08433600+2422423,,STAR,gri,rpm,18.0,1.9,-2.8,2.4,,,14.434000000000001,0.04,13.18,0.02,,,13.859000000000002,0.01,12.671,0.01,12.467,0.53,,,10.905999999999999,0.021,10.262,0.021,10.13,0.018000000000000002,4165.0,98.0,65.0,4.787,0.025,0.055,-0.08800000000000001,0.15,0.15,0.499,0.07200000000000001,0.027999999999999997,0.562,0.087,0.033,4.476,0.523,1.0170000000000001,89.92,29.11,19.21,0.012,0.006999999999999999,0.001,,,
8647,8647,8647,212202998,08 51 26.075,+24 22 46.74,1,12.697000000000001,,,572-044864,08512607+2422468,,STAR,gri,lam,7.3,1.3,-7.3,1.5,,,13.29,0.03,12.802999999999999,0.03,,,13.012,0.04,12.683,0.02,12.562000000000001,0.01,,,11.792,0.019,11.573,0.016,11.497,0.017,6261.0,192.0,153.0,4.1819999999999995,0.12,0.12,-0.37,0.15,0.15,1.3359999999999999,0.23199999999999998,0.16699999999999998,1.057,0.115,0.095,0.40299999999999997,0.18600000000000005,0.14800000000000002,602.1,114.5,81.3,0.032,0.006999999999999999,0.006,,,
8648,8648,8648,212203000,08 48 02.797,+24 22 46.77,1,13.94,,,572-044747,08480279+2422466,,STAR,gri,rpm,-8.5,2.7,14.4,3.1,,,14.962,0.03,14.093,0.05,,,14.495999999999999,0.03,13.757,0.04,13.702,0.45,,,12.409,0.019,11.921,0.018000000000000002,11.829,0.02,5018.0,140.0,60.0,4.564,0.045,1.251,-0.18899999999999997,0.25,0.5,0.7959999999999999,2.802,0.087,0.87,0.085,0.085,1.652,0.381,1.632,385.9,1260.0,55.17,0.031,0.008,0.006,,,
8649,8649,8649,212203060,08 58 47.511,+24 22 54.51,1,18.18,,,,08584751+2422545,4569-301-4-0158-0163,STAR,gri,rpm,-38.0,3.0,-63.0,3.0,,,,,,,22.125,0.214,19.436,0.012,18.165,0.008,17.642,0.006999999999999999,17.326,0.015,16.189,0.10400000000000001,15.620999999999999,0.132,15.267999999999999,0.17600000000000002,3986.0,63.0,47.0,5.0680000000000005,0.02,0.033,-0.8109999999999999,0.12,0.15,0.23600000000000002,0.027000000000000003,0.012,0.24,0.038,0.015,17.6,1.922,3.295,444.8,58.9,29.69,0.034,0.005,0.006999999999999999,,,
8650,8650,8650,212203068,08 55 06.810,+24 22 55.51,1,10.071,,1943-229-1,572-044983,08550681+2422556,,STAR,gri,rpm,12.2,1.6,-20.1,1.7,,,10.68,0.057,10.248,0.055,,,10.468,0.03,9.982000000000001,0.04,9.901,0.01,,,9.201,0.027000000000000003,8.94,0.021,8.92,0.019,5993.0,120.0,120.0,4.105,0.24,0.28800000000000003,0.039,0.12,0.18,1.4469999999999998,0.7959999999999999,0.389,1.175,0.257,0.107,0.313,0.41200000000000003,0.21600000000000005,193.0,105.2,51.56,0.025,0.008,0.006999999999999999,,,
8651,8651,8651,212203100,08 55 21.086,+24 22 59.30,1,9.986,,1943-390-1,572-044990,08552109+2422592,,STAR,BV,rpm,-10.7,1.3,3.9,1.4,,,10.321,0.042,9.992,0.042,,,,,,,,,,,9.155,0.019,8.988,0.018000000000000002,9.002,0.019,6781.0,245.0,245.0,4.032,0.19,0.304,-0.001,0.1,0.12,1.876,0.99,0.436,1.5190000000000001,0.295,0.16399999999999998,0.187,0.182,0.124,277.9,152.9,66.61,0.027999999999999997,0.006999999999999999,0.006999999999999999,,,
8652,8652,8652,212203113,08 53 11.117,+24 23 00.45,1,16.743,,,,08531111+2423004,4569-301-5-0151-0120,EXTENDED,gri,,4.0,3.0,4.0,1.0,,,,,,,19.133,0.055,17.559,0.006999999999999999,16.804000000000002,0.006,16.394000000000002,0.006,16.13,0.015,16.128,0.129,15.350999999999999,0.152,15.252,0.18,,,,,,,,,,,,,,,,,,,,,,,,,,,
8653,8653,8653,212203133,08 43 34.616,+24 23 02.63,1,13.237,,,572-044612,08433460+2423027,,STAR,gri,rpm,5.9,2.3,-5.0,2.7,,,14.395,0.04,13.339,0.03,,,13.829,0.01,12.999,0.02,12.984000000000002,0.5,,,11.585999999999999,0.021,11.092,0.019,10.957,0.018000000000000002,4865.0,58.0,58.0,3.3280000000000003,0.29,0.46399999999999997,-0.10300000000000001,0.16,0.24,3.718,2.153,1.079,1.181,0.122,0.22,0.021,0.034,0.017,1157.0,608.6,284.1,0.034,0.012,0.006999999999999999,,,
8654,8654,8654,212203164,08 44 14.705,+24 23 05.97,1,13.967,,,572-044633,08441469+2423058,,STAR,gri,rpm,-0.8,2.5,0.8,2.8,,,14.535,0.03,13.902999999999999,0.03,,,14.158,0.01,13.727,0.03,13.885,0.58,,,12.814,0.022000000000000002,12.498,0.022000000000000002,12.402000000000001,0.021,5964.0,93.0,117.0,4.255,0.165,0.297,-0.198,0.2,0.24,1.25,0.4920000000000001,0.264,1.023,0.11599999999999999,0.09699999999999999,0.479,0.433,0.308,834.5,351.3,185.2,0.034,0.01,0.006999999999999999,,,
8655,8655,8655,212203201,08 56 58.839,+24 23 10.56,1,12.559000000000001,,,572-045039,08565883+2423105,,STAR,gri,rpm,-10.8,1.9,-12.1,3.0,,,13.502,0.03,12.788,0.07,,,13.105,0.02,12.519,0.04,12.325,0.04,,,11.402000000000001,0.023,11.062999999999999,0.024,10.970999999999998,0.022000000000000002,5539.0,89.0,67.0,4.479,0.045,0.684,0.005,0.12,0.27,0.93,1.315,0.081,0.965,0.15,0.069,1.183,0.273,1.085,313.0,437.8,34.03,0.03,0.008,0.006,,,
8656,8656,8656,212203213,08 59 39.736,+24 23 12.00,1,12.009,,1950-1341-1,572-045119,08593974+2423118,,STAR,gri,lam,-8.7,2.3,-1.0,2.3,,,12.452,0.298,11.692,0.205,,,12.408,0.02,11.982999999999999,0.04,11.838,0.04,,,11.005,0.02,10.717,0.018000000000000002,10.681,0.017,5998.0,180.0,108.0,4.184,0.135,0.162,-0.015,0.12,0.1,1.359,0.322,0.221,1.124,0.11699999999999999,0.083,0.409,0.262,0.183,419.1,106.6,72.11,0.028999999999999998,0.008,0.006,,,
8657,8657,8657,212203235,08 54 54.647,+24 23 14.41,1,16.785,,,,08545464+2423144,4508-301-1-0140-0314,EXTENDED,gri,,0.0,3.0,6.0,3.0,,,,,,,19.951,0.11199999999999999,18.037,0.011000000000000001,16.862000000000002,0.006,16.248,0.005,15.76,0.01,15.58,0.078,14.62,0.09699999999999999,14.505,0.099,,,,,,,,,,,,,,,,,,,,,,,,,,,
8658,8658,8658,212203287,08 53 24.089,+24 23 20.25,1,11.981,,,572-044929,08532409+2423202,,STAR,gri,rpm,-11.1,6.6,7.5,2.4,,,12.68,0.03,12.116,0.04,,,12.385,0.06,11.952,0.03,11.807,0.01,,,11.307,0.03,11.040999999999999,0.033,10.985,0.026000000000000002,5968.0,120.0,144.0,4.191,0.215,0.258,-0.11199999999999999,0.2,0.28,1.334,0.52,0.32,1.0659999999999998,0.127,0.127,0.39799999999999996,0.473,0.242,450.6,185.9,112.7,0.033,0.01,0.006999999999999999,,,
8659,8659,8659,212203321,08 45 44.187,+24 23 24.73,1,18.312,,,,08454418+2423247,,STAR,J,,,,,,,,,,,,,,,,,,,,,,16.754,0.136,15.811,0.136,,,,,,,,,,,,,,,,,,,,,,,,,,,,,
8660,8660,8660,212203350,08 57 02.145,+24 23 28.23,1,13.068,,,572-045041,08570213+2423282,,STAR,gri,rpm,-2.3,2.7,-2.0,3.2,,,14.145,0.03,13.341,0.05,,,13.705,0.02,13.052999999999999,0.02,12.795,0.04,,,11.745,0.023,11.317,0.022000000000000002,11.197000000000001,0.023,5165.0,82.0,102.0,3.392,0.34,0.9520000000000001,-0.619,0.45,0.25,3.451,6.04,1.112,0.983,0.231,0.107,0.027999999999999997,0.043,0.027000000000000003,1193.0,1744.0,373.4,0.035,0.01,0.006999999999999999,,,
8661,8661,8661,212203354,08 59 59.508,+24 23 28.77,1,14.329,,,572-045138,08595951+2423288,4576-301-4-0153-0007,STAR,gri,rpm,21.1,4.3,2.8,4.8,,,15.888,0.05,14.847999999999999,0.07,,,15.357999999999999,0.01,14.312999999999999,0.06,13.889000000000001,0.03,,,12.863,0.021,12.328,0.017,12.145,0.022000000000000002,4566.0,135.0,108.0,4.654,0.192,0.06,-0.10800000000000001,0.3,1.08,0.64,0.083,0.207,0.703,0.087,0.209,2.546,3.286,0.615,317.4,62.45,111.2,0.034,0.005,0.009000000000000001,,,
8662,8662,8662,212203369,08 59 24.719,+24 23 30.75,1,15.795,,,572-045111,08592472+2423307,4576-301-4-0152-0033,STAR,gri,rpm,3.6,4.2,2.4,4.6,,,16.953,0.095,16.204,0.071,,,16.58,0.06,15.825999999999999,0.12,15.458,0.17,,,14.325999999999999,0.028999999999999998,13.843,0.037000000000000005,13.798,0.046,5066.0,182.0,151.0,4.584,0.04,0.888,-0.231,0.2,0.36,0.745,1.2570000000000001,0.061,0.797,0.077,0.064,1.882,0.355,0.639,865.2,1794.0,99.39,0.034,0.008,0.006999999999999999,,,
8663,8663,8663,212203419,08 47 56.768,+24 23 35.89,1,12.149000000000001,,,572-044740,08475677+2423360,,STAR,gri,rpm,-5.0,0.9,-5.6,1.7,,,13.459000000000001,0.02,12.33,0.04,,,12.869000000000002,0.02,11.943,0.04,11.841,0.47,,,10.395999999999999,0.022000000000000002,9.836,0.016,9.718,0.018000000000000002,4686.0,74.0,74.0,2.5580000000000003,0.40700000000000003,0.222,-0.141,0.15,0.18,9.163,2.685,3.1919999999999997,1.1840000000000002,0.152,0.152,0.001,0.004,0.000606,1530.0,305.3,504.7,0.034,0.01,0.006999999999999999,,,
8664,8664,8664,212203421,08 57 07.221,+24 23 36.14,1,17.799,,,,08570722+2423361,4576-301-5-0149-0168,EXTENDED,gri,,6.0,3.0,2.0,3.0,,,,,,,20.991,0.16699999999999998,18.99,0.013999999999999999,17.771,0.008,17.288,0.009000000000000001,16.937,0.02,16.090999999999998,0.099,15.446,0.131,14.834000000000001,0.114,,,,,,,,,,,,,,,,,,,,,,,,,,,
8665,8665,8665,212203446,08 58 28.710,+24 23 38.39,1,12.523,,,572-045090,08582870+2423384,,STAR,gri,lam,-2.7,5.1,-2.5,1.4,,,13.144,0.03,12.689,0.06,,,12.85,0.01,12.509,0.03,12.383,0.05,,,11.616,0.021,11.359000000000002,0.019,11.325,0.019,6272.0,188.0,150.0,4.272,0.084,0.11199999999999999,-0.301,0.18,0.15,1.215,0.213,0.10400000000000001,1.061,0.111,0.092,0.5670000000000001,0.172,0.196,514.5,93.89,58.06,0.033,0.01,0.006999999999999999,,,
8666,8666,8666,212203484,08 46 13.572,+24 23 42.10,1,15.382,,,572-044694,08461359+2423426,4518-301-3-0028-0167,STAR,JHK,col,,,,,,,,,,,,,,,,,,,,,13.152999999999999,0.024,12.533,0.022000000000000002,12.302,0.021,3662.0,173.0,144.0,4.988,0.096,0.08,-0.083,0.16,0.2,0.292,0.075,0.08,0.298,0.1,0.1,12.17,7.841,4.129,125.6,42.65,37.16,0.018000000000000002,0.006999999999999999,0.006,,,
8667,8667,8667,212203491,08 44 25.217,+24 23 42.88,1,16.975,,,,08442521+2423428,4508-301-4-0126-0251,EXTENDED,gri,,4.0,3.0,2.0,3.0,,,,,,,20.139,0.098,18.105999999999998,0.009000000000000001,17.02,0.006,16.491,0.005,16.06,0.011000000000000001,15.534,0.057999999999999996,14.808,0.07,14.145,0.057,,,,,,,,,,,,,,,,,,,,,,,,,,,
8668,8668,8668,212203523,08 43 08.100,+24 23 45.93,1,17.078,,,,08430809+2423459,4508-301-4-0125-0247,EXTENDED,gri,,1.0,3.0,-3.0,3.0,,,,,,,20.701,0.152,18.268,0.01,17.04,0.006,16.567999999999998,0.005,16.197,0.012,15.802999999999999,0.068,14.982999999999999,0.071,14.463,0.07400000000000001,,,,,,,,,,,,,,,,,,,,,,,,,,,
8669,8669,8669,212203592,08 54 10.395,+24 23 53.34,1,16.521,,,,08541039+2423533,,STAR,J,col,,,,,,,,,,,,,,,,,,,,,15.093,0.068,14.422,0.087,14.04,0.071,3826.0,408.0,349.0,4.9319999999999995,0.125,0.175,-0.132,0.2,0.28,0.325,0.16,0.107,0.353,0.198,0.165,8.576,9.137,4.4239999999999995,379.4,272.4,181.2,0.028999999999999998,0.01,0.008,,,
8670,8670,8670,212203632,08 48 30.765,+24 23 57.24,1,14.613,,,572-044768,08483076+2423572,4508-301-3-0132-0034,STAR,gri,rpm,16.4,4.5,-11.1,5.0,,,15.695,0.05,14.88,0.05,,,15.26,0.03,14.550999999999998,0.06,14.335999999999999,0.05,,,13.235999999999999,0.021,12.77,0.021,12.673,0.025,5123.0,102.0,102.0,4.583,0.036000000000000004,0.042,-0.23199999999999998,0.25,0.3,0.7609999999999999,0.06,0.066,0.8059999999999999,0.075,0.075,1.825,0.319,0.272,530.8,56.6,60.76,0.032,0.01,0.008,,,
8671,8671,8671,212203673,08 55 36.355,+24 24 00.91,1,11.985,,,573-045493,08553635+2424010,,STAR,gri,rpm,28.1,1.1,-32.2,1.7,,,12.818,0.03,12.155,0.02,,,12.495999999999999,0.02,11.957,0.02,11.765,0.02,,,10.899000000000001,0.023,10.558,0.023,10.513,0.019,5624.0,111.0,111.0,4.488,0.05,0.06,-0.106,0.15,0.27,0.9129999999999999,0.095,0.073,0.932,0.071,0.071,1.2,0.191,0.273,250.4,40.29,34.71,0.028999999999999998,0.006999999999999999,0.006999999999999999,,,
8672,8672,8672,212203718,08 39 21.817,+24 24 05.95,1,13.548,,,573-044913,08392181+2424061,,STAR,gri,rpm,2.8,2.5,3.1,3.1,,,14.753,0.05,13.795,0.01,,,14.286,0.02,13.373,0.04,13.232000000000001,0.35,,,11.799000000000001,0.018000000000000002,11.284,0.018000000000000002,11.167,0.02,4790.0,76.0,96.0,3.0789999999999997,0.405,0.648,-0.128,0.18,0.15,5.0,3.908,1.91,1.146,0.129,0.207,0.006999999999999999,0.023,0.006,1651.0,1124.0,668.9,0.034,0.011000000000000001,0.006999999999999999,,,
8673,8673,8673,212203765,08 52 09.447,+24 24 11.43,1,12.539000000000001,,1943-848-1,573-045401,08520945+2424113,,STAR,gri,rpm,-47.0,2.5,12.5,2.7,,,12.837,0.305,12.472000000000001,0.257,,,12.968,0.04,12.529000000000002,0.03,12.355,0.01,,,11.52,0.02,11.216,0.027999999999999997,11.187000000000001,0.025,5838.0,138.0,161.0,4.438,0.075,0.18,-0.406,0.25,0.3,0.945,0.27699999999999997,0.126,0.9009999999999999,0.053,0.096,1.054,0.401,0.501,338.8,87.13,51.1,0.031,0.013000000000000001,0.01,,,
8674,8674,8674,212203793,08 40 57.265,+24 24 14.75,1,12.424000000000001,,,573-044977,08405726+2424147,,STAR,gri,rpm,-7.5,1.1,-4.8,0.5,,,13.019,0.01,12.523,0.04,,,12.7,0.02,12.397,0.05,12.305,0.04,,,11.584000000000001,0.019,11.347999999999999,0.018000000000000002,11.299000000000001,0.018000000000000002,6301.0,155.0,129.0,4.14,0.13,0.156,-0.14800000000000002,0.2,0.28,1.452,0.385,0.225,1.176,0.14800000000000002,0.14800000000000002,0.35100000000000003,0.19899999999999998,0.16399999999999998,623.1,152.0,103.6,0.031,0.006999999999999999,0.006,,,
8675,8675,8675,212203886,08 39 09.558,+24 24 24.16,1,12.344000000000001,,,573-044906,08390956+2424243,,STAR,gri,rpm,-13.3,2.3,3.9,1.8,,,13.405,0.05,12.411,0.01,,,12.89,0.01,12.061,0.04,12.11,0.58,,,10.637,0.019,10.151,0.016,10.026,0.018000000000000002,4890.0,78.0,78.0,3.3160000000000003,0.9,0.45,-0.184,0.25,0.25,3.722,2.535,1.508,1.091,0.161,0.214,0.019,0.12,0.016,737.5,378.8,524.8,0.032,0.006999999999999999,0.006999999999999999,,,
8676,8676,8676,212203888,08 41 28.830,+24 24 24.39,1,16.491,,,,08412883+2424243,4517-301-4-0131-0256,EXTENDED,gri,,8.0,3.0,-1.0,3.0,,,,,,,18.579,0.046,17.22,0.006,16.553,0.005,16.178,0.005,15.933,0.015,16.156,0.096,15.419,0.109,14.987,0.129,,,,,,,,,,,,,,,,,,,,,,,,,,,
8677,8677,8677,212203896,08 52 01.948,+24 24 25.45,1,17.837,,,,,4508-301-2-0136-0346,EXTENDED,gri,,3.0,3.0,4.0,3.0,,,,,,,20.487,0.141,18.473,0.015,17.858,0.013000000000000001,17.564,0.016,17.413,0.034,,,,,,,,,,,,,,,,,,,,,,,,,,,,,,,,,
8678,8678,8678,212203926,08 44 25.808,+24 24 29.12,1,16.587,,,,08442580+2424291,4508-301-4-0126-0257,EXTENDED,gri,,0.0,3.0,4.0,3.0,,,,,,,19.572,0.064,17.590999999999998,0.006,16.588,0.005,16.157,0.004,15.822000000000001,0.01,15.561,0.062,14.776,0.062,14.298,0.07200000000000001,,,,,,,,,,,,,,,,,,,,,,,,,,,
8679,8679,8679,212203936,08 45 04.786,+24 24 30.02,1,15.501,,,573-045154,08450479+2424300,4518-301-3-0027-0089,STAR,gri,rpm,-33.3,4.1,-14.0,4.8,,,17.476,0.11599999999999999,16.338,0.075,,,16.962,0.05,15.59,0.04,14.875,0.04,,,13.452,0.023,12.776,0.022000000000000002,12.610999999999999,0.022000000000000002,3904.0,46.0,46.0,4.854,0.036000000000000004,0.03,0.073,0.06,0.12,0.428,0.027000000000000003,0.031,0.485,0.03,0.047,6.004,1.083,0.775,229.4,20.97,22.86,0.028999999999999998,0.019,0.008,,,
8680,8680,8680,212203945,08 57 02.291,+24 24 31.53,1,14.475999999999999,,,573-045547,08570228+2424315,,STAR,gri,rpm,2.8,4.4,3.4,4.8,,,15.606,0.05,14.825999999999999,0.07,,,15.183,0.02,14.475999999999999,0.03,14.173,0.04,,,13.173,0.023,12.705,0.03,12.587,0.027999999999999997,5037.0,98.0,98.0,3.339,1.06,1.06,-0.467,0.3,0.48,2.573,5.144,1.8840000000000001,0.8909999999999999,0.17800000000000002,0.111,0.02,0.718,0.02,2083.0,3720.0,1586.0,0.035,0.008,0.006999999999999999,,,
8681,8681,8681,212204007,08 42 10.318,+24 24 39.18,1,13.909,,,573-045028,08421030+2424394,,STAR,gri,rpm,13.7,2.6,-28.8,4.8,,,14.728,0.01,13.963,0.03,,,14.302999999999999,0.02,13.683,0.03,13.74,0.57,,,12.452,0.019,11.994000000000002,0.019,11.933,0.022000000000000002,5304.0,84.0,105.0,4.56,0.042,0.035,-0.26899999999999996,0.25,0.35,0.7809999999999999,0.068,0.07200000000000001,0.828,0.069,0.083,1.685,0.304,0.257,394.8,46.14,34.74,0.034,0.006999999999999999,0.008,,,
8682,8682,8682,212204033,08 59 57.558,+24 24 43.47,1,19.182000000000002,,,,,4576-301-4-0153-0214,STAR,gri,,2.0,4.0,0.0,4.0,,,,,,,22.275,0.256,19.538,0.013000000000000001,19.082,0.013000000000000001,19.03,0.016,18.91,0.054000000000000006,,,,,,,,,,,,,,,,,,,,,,,,,,,,,,,,,
8683,8683,8683,212204042,08 38 31.937,+24 24 44.16,1,14.556,,,573-044880,,,STAR,gri,,,,,,,,15.748,0.08,14.988,0.06,,,15.349,0.01,14.552999999999999,0.05,14.216,0.01,,,,,,,,,,,,,,,,,,,,,,,,,,,,,,,,,,,
8684,8684,8684,212204045,08 55 02.310,+24 24 44.65,1,13.043,,,573-045478,08550231+2424446,,STAR,gri,rpm,-4.3,1.9,1.3,2.2,,,14.350999999999999,0.03,13.331,0.06,,,13.870999999999999,0.05,13.011,0.04,12.687999999999999,0.04,,,11.542,0.025,11.003,0.024,10.869000000000002,0.019,4753.0,95.0,76.0,2.8,0.414,0.483,-0.258,0.25,0.4,6.614,4.5,2.375,1.0979999999999999,0.16399999999999998,0.16399999999999998,0.003,0.009000000000000001,0.002,1823.0,1242.0,505.5,0.034,0.008,0.006,,,
8685,8685,8685,212204080,08 52 54.189,+24 24 47.86,1,17.469,,,,08525418+2424478,,STAR,JHK,col,,,,,,,,,,,,,,,,,,,,,15.198,0.057999999999999996,14.731,0.086,14.334000000000001,0.084,3716.0,937.0,292.0,4.981,0.11,0.28600000000000003,-0.132,0.2,0.32,0.273,0.284,0.08900000000000001,0.29100000000000004,0.33399999999999996,0.128,11.15,10.34,8.149,305.4,467.3,123.0,0.027999999999999997,0.01,0.008,,,
8686,8686,8686,212204093,08 39 37.354,+24 24 48.95,1,14.014000000000001,,,573-044921,08393738+2424491,,STAR,gri,col,,,,,,,16.063,0.11,14.647,0.03,,,15.415999999999999,0.03,14.03,0.02,13.413,0.61,,,11.415999999999999,0.022000000000000002,10.79,0.022000000000000002,10.58,0.019,3696.0,132.0,110.0,4.979,0.04,0.055999999999999994,-0.068,0.15,0.18,0.29600000000000004,0.055999999999999994,0.04,0.319,0.07200000000000001,0.06,11.58,2.998,3.1910000000000003,59.7,13.92,13.27,0.01,0.004,0.003,,,
8687,8687,8687,212204128,08 58 43.364,+24 24 52.45,1,18.675,,,,08584336+2424524,,STAR,JHK,rpm,6.0,1.0,4.0,3.0,,,,,,,,,,,,,,,,,15.729000000000001,0.081,14.936,0.11599999999999999,14.53,0.10300000000000001,4094.0,322.0,322.0,4.8069999999999995,0.126,0.105,-0.145,0.2,0.28,0.45299999999999996,0.111,0.134,0.51,0.136,0.158,4.871,4.41,1.797,729.4,279.8,266.4,0.033,0.01,0.006999999999999999,,,
8688,8688,8688,212204137,08 54 51.781,+24 24 52.97,1,11.202,,1943-453-1,573-045475,08545177+2424529,,STAR,gri,rpm,-21.3,1.9,-33.6,1.9,,,11.715,0.114,11.18,0.11699999999999999,,,11.66,0.05,11.158,0.03,11.005999999999998,0.01,,,10.224,0.023,9.906,0.024,9.847999999999999,0.022000000000000002,5749.0,137.0,114.0,4.417,0.075,0.465,-0.085,0.16,0.28,1.03,0.76,0.128,1.002,0.092,0.077,0.929,0.29600000000000004,0.742,206.5,144.5,28.29,0.026000000000000002,0.01,0.006,,,
8689,8689,8689,212204138,08 40 10.250,+24 24 53.01,1,14.632,,,573-044945,08401024+2424529,,STAR,gri,rpm,-0.2,4.6,-7.9,5.0,,,15.707,0.02,14.7,0.03,,,15.142000000000001,0.02,14.319,0.07,14.413,0.53,,,12.925999999999998,0.023,12.404000000000002,0.017,12.325,0.021,4887.0,98.0,78.0,4.591,0.036000000000000004,1.56,-0.125,0.16,0.36,0.746,3.904,0.048,0.8140000000000001,0.172,0.054000000000000006,1.8980000000000001,0.306,1.889,435.0,2345.0,36.44,0.033,0.008,0.006,,,
8690,8690,8690,212204147,08 54 08.578,+24 24 53.65,1,13.675999999999998,,,573-045452,08540857+2424537,,STAR,gri,rpm,-31.2,2.2,-5.5,2.4,,,14.674000000000001,0.03,13.890999999999998,0.02,,,14.276,0.05,13.654000000000002,0.03,13.419,0.03,,,12.437999999999999,0.022000000000000002,12.007,0.024,11.895,0.021,5290.0,85.0,149.0,4.569,0.042,0.042,-0.195,0.2,0.4,0.778,0.07,0.07400000000000001,0.8170000000000001,0.08900000000000001,0.08900000000000001,1.699,0.36200000000000004,0.253,387.3,50.07,44.33,0.034,0.006,0.006999999999999999,,,
8691,8691,8691,212204158,08 46 36.253,+24 24 56.07,1,15.195,,,573-045209,08463625+2424560,4518-301-3-0029-0006,STAR,gri,rpm,-3.9,4.3,-3.6,4.9,,,16.307000000000002,0.01,15.418,0.03,,,15.849,0.04,15.104000000000001,0.04,14.915,0.11,,,13.798,0.026000000000000002,13.32,0.023,13.214,0.027999999999999997,5060.0,101.0,101.0,4.58,0.035,1.1340000000000001,-0.23800000000000002,0.25,0.35,0.767,2.3209999999999997,0.061,0.8240000000000001,0.09699999999999999,0.069,1.785,0.312,1.7519999999999998,693.2,2025.0,65.35,0.034,0.01,0.006999999999999999,,,
8692,8692,8692,212204234,08 55 52.517,+24 25 04.63,1,12.695,,,573-045500,08555252+2425046,,STAR,gri,rpm,-27.7,1.5,7.5,1.8,,,13.780999999999999,0.03,12.943,0.02,,,13.379000000000001,0.032,12.674000000000001,0.03,12.402000000000001,0.04,,,11.366,0.023,10.929,0.023,10.88,0.02,5135.0,120.0,120.0,4.565,0.085,0.731,-0.138,0.2,0.68,0.78,1.329,0.146,0.877,0.032,0.168,1.636,0.784,1.53,242.3,435.0,60.18,0.023,0.013999999999999999,0.006,,,
8693,8693,8693,212204284,08 46 11.994,+24 25 10.52,1,15.639000000000001,,,573-045194,08461199+2425108,4518-301-3-0028-0046,STAR,gri,,4.2,4.3,-5.9,5.3,,,15.436,0.07,15.61,0.06,,,15.347999999999999,0.02,15.735999999999999,0.09,16.418,0.163,,,16.159000000000002,0.077,16.14,0.153,,,,,,,,,,,,,,,,,,,,,,,,,,,,,
8694,8694,8694,212204325,08 46 54.813,+24 25 14.06,1,14.523,,,573-045220,08465481+2425141,4518-301-3-0029-0064,STAR,gri,rpm,-10.5,4.6,-9.5,5.1,,,15.357000000000001,0.04,14.512,0.04,,,14.855,0.01,14.210999999999999,0.04,14.380999999999998,0.63,,,12.936,0.022000000000000002,12.415,0.021,12.335,0.023,5072.0,101.0,80.0,3.207,1.141,0.815,-0.745,0.4,0.48,3.016,4.202,2.269,0.884,0.048,0.09699999999999999,0.02,0.8740000000000001,0.018000000000000002,1812.0,2535.0,1365.0,0.033,0.008,0.008,,,
8695,8695,8695,212204403,08 43 30.803,+24 25 23.20,1,12.482000000000001,,,573-045091,08433079+2425234,,STAR,gri,rpm,0.4,1.6,-33.8,1.8,,,13.542,0.03,12.564,0.03,,,13.032,0.01,12.232000000000001,0.02,12.247,0.52,,,10.958,0.022000000000000002,10.485,0.021,10.380999999999998,0.018000000000000002,5025.0,50.0,80.0,4.575,0.04,1.048,-0.037000000000000005,0.09,0.27,0.785,2.176,0.046,0.855,0.24,0.043,1.715,0.27699999999999997,1.6740000000000002,200.9,485.5,23.98,0.027000000000000003,0.01,0.01,,,
8696,8696,8696,212204407,08 57 11.015,+24 25 23.69,1,11.366,,1950-248-1,573-045553,08571101+2425238,,STAR,gri,rpm,-10.1,1.6,-5.5,1.7,,,11.909,0.128,11.581,0.146,,,11.77,0.02,11.331,0.03,11.193,0.03,,,10.436,0.023,10.154,0.022000000000000002,10.095,0.019,5982.0,96.0,96.0,4.128,0.25,0.3,-0.037000000000000005,0.15,0.21,1.489,0.605,0.43,1.14,0.23600000000000002,0.11800000000000001,0.299,0.461,0.18100000000000002,351.8,144.0,102.2,0.031,0.008,0.006999999999999999,,,
8697,8697,8697,212204447,08 48 07.342,+24 25 28.96,1,14.597000000000001,,,573-045266,08480734+2425289,4508-301-3-0131-0104,STAR,gri,rpm,-13.1,4.5,-17.6,5.0,,,16.588,0.08,15.136,0.04,,,15.925,0.02,14.522,0.07,14.027999999999999,0.5,,,12.207,0.019,11.535,0.016,11.345999999999998,0.019,3955.0,95.0,95.0,4.85,0.035,0.049,-0.03,0.12,0.15,0.431,0.048,0.043,0.484,0.055999999999999994,0.055999999999999994,5.761,1.229,1.013,134.3,19.89,17.33,0.02,0.004,0.006,,,
8698,8698,8698,212204490,08 52 31.561,+24 25 34.11,1,13.835,,,573-045407,08523155+2425341,,STAR,gri,rpm,2.8,2.4,-3.6,2.7,,,14.982999999999999,0.01,14.092,0.04,,,14.539000000000001,0.05,13.802999999999999,0.04,13.533,0.02,,,12.390999999999998,0.024,11.909,0.032,11.794,0.023,4972.0,100.0,100.0,3.306,0.37799999999999995,0.882,-0.41,0.25,0.45,3.48,5.547999999999999,1.103,0.955,0.179,0.149,0.02,0.049,0.019,1546.0,2512.0,469.4,0.035,0.008,0.008,,,
8699,8699,8699,212204510,08 44 01.160,+24 25 36.52,1,17.096,,,,08440116+2425365,4508-301-4-0126-0150,STAR,gri,rpm,-22.0,3.0,-40.0,3.0,,,,,,,19.154,0.024,17.729,0.006,17.011,0.005,16.825,0.006,16.692,0.01,15.748,0.057999999999999996,15.258,0.071,14.995,0.12,5068.0,50.0,101.0,4.787,0.02,0.024,-2.101,0.62,0.05,0.502,0.019,0.01,0.565,0.013999999999999999,0.011000000000000001,4.468,0.268,0.41200000000000003,1075.0,113.5,32.25,0.033,0.001,0.002,,,
8700,8700,8700,212204596,08 39 10.228,+24 25 44.40,1,11.527000000000001,,1942-2568-1,573-044908,08391021+2425445,,STAR,gri,rpm,-11.1,1.9,-1.3,2.0,,,11.985,0.2,11.145,0.111,,,11.610999999999999,0.01,11.263,0.05,11.491,0.59,,,10.397,0.018000000000000002,10.157,0.016,10.109,0.017,6299.0,152.0,126.0,4.081,0.205,0.24600000000000002,-0.053,0.12,0.18,1.611,0.701,0.366,1.25,0.225,0.141,0.273,0.284,0.172,378.4,166.3,86.69,0.031,0.008,0.006999999999999999,,,
8701,8701,8701,212204631,08 48 10.195,+24 25 48.58,1,17.115,,,,08481019+2425485,4508-301-3-0131-0232,EXTENDED,gri,,,,,,,,,,,,20.101,0.10400000000000001,18.264,0.011000000000000001,17.137999999999998,0.006999999999999999,16.623,0.006,16.247,0.013999999999999999,15.693,0.068,14.965,0.071,14.28,0.069,,,,,,,,,,,,,,,,,,,,,,,,,,,
8702,8702,8702,212204648,08 41 45.197,+24 25 51.54,1,12.449000000000002,,,573-045010,08414519+2425514,,STAR,gri,rpm,1.4,1.6,-1.6,2.4,,,13.606,0.02,12.527000000000001,0.04,,,13.027999999999999,0.01,12.184000000000001,0.03,12.200999999999999,0.58,,,10.675999999999998,0.02,10.111,0.021,9.988999999999999,0.018000000000000002,4751.0,75.0,75.0,2.47,0.512,0.16,-0.318,0.16,0.32,9.927,1.871,4.215,1.092,0.187,0.156,0.001,0.005,0.000393,1916.0,296.0,784.5,0.033,0.011000000000000001,0.008,,,
8703,8703,8703,212204655,08 53 41.521,+24 25 52.36,1,15.164000000000001,,,573-045440,08534152+2425523,,STAR,gri,rpm,3.0,3.0,-4.4,3.4,,,15.913,0.03,15.333,0.03,,,15.602,0.05,15.106,0.01,14.977,0.02,,,14.083,0.025,13.74,0.039,13.572000000000001,0.040999999999999995,5778.0,138.0,138.0,4.4430000000000005,0.06,0.168,-0.258,0.2,0.28,0.945,0.223,0.095,0.9309999999999999,0.08199999999999999,0.098,1.047,0.28600000000000003,0.489,1118.0,292.0,135.2,0.034,0.01,0.006999999999999999,,,
8704,8704,8704,212204662,08 38 31.542,+24 25 52.99,1,15.574000000000002,,,573-044878,08383154+2425529,,STAR,gri,rpm,-11.1,4.6,7.8,5.0,,,17.646,0.17,16.299,0.04,,,16.948,0.06,15.614,0.02,14.985,0.092,,,13.452,0.022000000000000002,12.814,0.023,12.627,0.025,3903.0,94.0,78.0,4.877,0.045,0.025,-0.085,0.15,0.12,0.40700000000000003,0.027999999999999997,0.047,0.46299999999999997,0.032,0.057999999999999996,6.693,1.541,0.728,219.1,16.21,29.15,0.027999999999999997,0.005,0.005,,,
8705,8705,8705,212204663,08 39 08.056,+24 25 52.99,1,13.298,,,573-044904,08390805+2425531,,STAR,gri,rpm,1.1,3.4,-0.6,2.6,,,14.140999999999998,0.05,13.324000000000002,0.02,,,13.689,0.01,13.029000000000002,0.02,13.13,0.58,,,11.76,0.019,11.333,0.018000000000000002,11.224,0.018000000000000002,5217.0,82.0,123.0,3.449,0.305,0.976,-0.52,0.55,0.25,3.0789999999999997,5.4479999999999995,0.9390000000000001,1.1159999999999999,0.17800000000000002,0.213,0.028999999999999998,0.057999999999999996,0.027999999999999997,1091.0,1767.0,269.2,0.035,0.01,0.006999999999999999,,,
8706,8706,8706,212204667,08 43 32.845,+24 25 53.80,1,13.59,,,573-045095,08433284+2425539,,STAR,gri,rpm,14.0,5.0,12.0,0.0,,,15.137,0.03,13.892999999999999,0.02,,,14.562999999999999,0.01,13.368,0.03,13.173,0.5,,,11.628,0.021,10.965,0.019,10.829,0.018000000000000002,4189.0,50.0,41.0,4.762,0.035,0.035,-0.068,0.3,0.09,0.521,0.047,0.037000000000000005,0.5820000000000001,0.055999999999999994,0.027999999999999997,3.9330000000000003,0.635,0.547,130.8,19.31,8.055,0.019,0.008,0.003,,,
8707,8707,8707,212204680,08 43 54.777,+24 25 55.42,1,12.642999999999999,,,573-045107,08435477+2425553,,STAR,gri,rpm,0.2,1.2,-15.9,1.2,,,13.327,0.02,12.630999999999998,0.03,,,12.925999999999998,0.02,12.425,0.02,12.520999999999999,0.52,,,11.394,0.021,11.026,0.021,10.955,0.018000000000000002,5670.0,135.0,113.0,4.338,0.16,0.544,-0.22699999999999998,0.25,0.35,1.1179999999999999,0.966,0.276,0.996,0.115,0.115,0.6779999999999999,0.614,0.58,402.0,309.6,116.6,0.03,0.006999999999999999,0.006999999999999999,,,
8708,8708,8708,212204682,08 53 39.083,+24 25 55.53,1,19.914,,,,,4569-301-5-0151-0227,STAR,gri,,-7.0,4.0,-5.0,4.0,,,,,,,21.388,0.105,20.067999999999998,0.018000000000000002,19.863,0.02,19.98,0.032,20.136,0.11,,,,,,,,,,,,,,,,,,,,,,,,,,,,,,,,,
8709,8709,8709,212204708,08 57 07.867,+24 25 58.94,1,15.785,,,,08570786+2425589,4576-301-5-0149-0054,EXTENDED,gri,,-2.0,3.0,1.0,3.0,,,,,,,18.616,0.034,16.699,0.004,15.822000000000001,0.003,15.394,0.004,15.06,0.006999999999999999,14.834000000000001,0.057999999999999996,14.085999999999999,0.076,13.812000000000001,0.068,,,,,,,,,,,,,,,,,,,,,,,,,,,
8710,8710,8710,212204710,08 58 40.413,+24 25 59.07,1,14.312999999999999,,,573-045597,08584040+2425591,4569-301-4-0158-0060,STAR,gri,col,,,,,,,15.914000000000001,0.05,14.824000000000002,0.04,,,15.41,0.01,14.311,0.06,13.843,0.05,,,12.466,0.021,11.894,0.023,11.782,0.023,4392.0,136.0,136.0,4.727,0.168,0.07,-0.28,0.35,0.56,0.555,0.096,0.16399999999999998,0.612,0.12300000000000001,0.184,3.3489999999999998,3.713,0.895,224.7,47.33,77.14,0.025,0.008,0.006,,,
8711,8711,8711,212204726,08 38 49.814,+24 26 01.30,1,17.711,,,,08384981+2426013,4517-301-5-0128-0263,EXTENDED,gri,,5.0,3.0,-2.0,3.0,,,,,,,20.654,0.096,18.754,0.011000000000000001,17.688,0.006999999999999999,17.264,0.006999999999999999,16.903,0.013000000000000001,15.923,0.07,15.333,0.092,14.718,0.09300000000000001,,,,,,,,,,,,,,,,,,,,,,,,,,,
8712,8712,8712,212204740,08 39 22.540,+24 26 02.42,1,18.265,,,,08392253+2426024,,STAR,J,,,,,,,,,,,,,,,,,,,,,,16.71,0.14400000000000002,16.221,0.193,,,,,,,,,,,,,,,,,,,,,,,,,,,,,
8713,8713,8713,212204784,08 44 17.954,+24 26 07.72,1,16.38,,,,08441795+2426077,,STAR,JHK,col,,,,,,,,,,,,,,,,,,,,,14.427,0.027999999999999997,13.89,0.027000000000000003,13.658,0.039,3601.0,163.0,228.0,5.026,0.09,0.075,-0.066,0.15,0.24,0.24600000000000002,0.07200000000000001,0.065,0.247,0.105,0.08800000000000001,15.05,10.04,5.222,186.4,68.53,66.14,0.023,0.006999999999999999,0.006999999999999999,,,
8714,8714,8714,212204794,08 41 48.737,+24 26 09.35,1,12.088,,,573-045014,08414873+2426092,,STAR,gri,rpm,-0.6,1.4,-5.7,1.5,,,12.66,0.01,12.004000000000001,0.04,,,12.270999999999999,0.02,11.815,0.04,12.01,0.59,,,10.850999999999999,0.02,10.54,0.021,10.491,0.018000000000000002,5946.0,93.0,93.0,4.0710000000000015,0.28800000000000003,0.192,-0.07200000000000001,0.16,0.32,1.578,0.381,0.509,1.111,0.129,0.129,0.268,0.5529999999999999,0.124,432.5,128.3,139.6,0.032,0.006999999999999999,0.008,,,
8715,8715,8715,212204822,08 56 28.521,+24 26 11.90,1,15.193,,,573-045525,08562851+2426118,4508-301-1-0142-0171,STAR,gri,rpm,3.3,3.0,-3.1,4.0,,,16.502,0.1,15.507,0.06,,,16.06,0.03,15.075999999999999,0.06,14.821,0.07,,,13.638,0.023,13.08,0.042,12.948,0.032,4665.0,129.0,92.0,4.632,0.042,0.03,-0.023,0.16,0.24,0.693,0.040999999999999995,0.057999999999999996,0.754,0.044000000000000004,0.062,2.24,0.45299999999999996,0.244,510.3,47.94,52.13,0.032,0.01,0.008,,,
8716,8716,8716,212204874,08 44 38.867,+24 26 17.62,1,13.377,,,573-045135,08443887+2426176,,STAR,gri,rpm,-16.7,2.4,-17.1,2.8,,,14.387,0.02,13.485,0.04,,,13.91,0.02,13.165999999999999,0.03,13.148,0.55,,,11.735999999999999,0.021,11.24,0.018000000000000002,11.119000000000002,0.018000000000000002,5011.0,60.0,60.0,4.565,0.045,1.359,-0.275,0.3,0.3,0.79,3.089,0.092,0.856,0.09,0.10800000000000001,1.626,0.42100000000000004,1.6119999999999999,275.5,1023.0,31.54,0.03,0.01,0.006999999999999999,,,
8717,8717,8717,212204888,08 54 36.250,+24 26 19.84,1,14.01,,,573-045467,08543624+2426198,,STAR,gri,rpm,1.8,3.1,-2.2,3.3,,,16.064,0.02,14.498,0.03,,,15.333,0.06,13.982000000000001,0.03,13.444,0.02,,,11.901,0.023,11.12,0.024,10.969000000000001,0.018000000000000002,4006.0,40.0,48.0,0.217,0.6920000000000001,0.02,-1.625,1.28,0.16,115.825,2.3169999999999997,46.00100000000001,0.8109999999999999,0.055,0.016,5.18e-07,4.97e-06,3.11e-08,23990.0,7633.0,9196.0,0.034,0.008,0.003,,,
8718,8718,8718,212204925,08 52 41.088,+24 26 24.80,1,11.679,,1943-1376-1,573-045413,08524107+2426249,,STAR,gri,lam,-14.1,1.9,-6.0,2.0,,,11.995999999999999,0.157,11.634,0.16399999999999998,,,12.008,0.05,11.659,0.02,11.538,0.01,,,10.765,0.023,10.562999999999999,0.031,10.475,0.021,6330.0,151.0,151.0,4.2139999999999995,0.08,0.14400000000000002,-0.047,0.1,0.12,1.382,0.297,0.142,1.23,0.08900000000000001,0.08900000000000001,0.433,0.14400000000000002,0.175,405.8,80.28,49.09,0.03,0.008,0.006999999999999999,,,
8719,8719,8719,212204974,08 43 39.494,+24 26 31.46,1,12.82,,,573-045101,08433948+2426316,,STAR,JHK,rpm,6.0,2.3,-0.8,3.0,,,,,,,,,,,,,,,,,11.198,0.022000000000000002,10.655,0.019,10.54,0.015,4806.0,94.0,94.0,2.748,0.51,0.425,-0.353,0.3,0.36,6.71,4.123,2.5540000000000003,1.033,0.184,0.132,0.003,0.013999999999999999,0.002,1701.0,873.4,666.4,0.034,0.01,0.006999999999999999,,,
8720,8720,8720,212204977,08 59 13.239,+24 26 31.99,1,12.507,,,573-045610,08591323+2426321,,STAR,gri,lam,28.6,1.8,-12.3,1.4,,,13.257,0.03,12.703,0.05,,,12.915,0.01,12.495,0.05,12.332,0.02,,,11.48,0.022000000000000002,11.214,0.023,11.190999999999999,0.018000000000000002,6001.0,119.0,143.0,4.351,0.07,0.126,-0.076,0.12,0.15,1.127,0.198,0.109,1.072,0.066,0.079,0.723,0.20800000000000002,0.265,421.2,83.34,50.96,0.031,0.01,0.006999999999999999,,,
8721,8721,8721,212204994,08 58 47.686,+24 26 34.85,1,11.25,,,573-045600,08584768+2426348,,STAR,gri,rpm,-2.0,1.8,-4.2,1.0,,,12.561,0.04,11.593,0.05,,,12.039000000000001,0.01,11.241,0.04,10.912,0.05,,,9.767000000000001,0.02,9.258,0.021,9.146,0.018000000000000002,4847.0,59.0,79.0,2.431,0.516,0.07200000000000001,-0.36,0.18,0.15,10.697000000000001,0.7020000000000001,4.659,1.143,0.217,0.136,0.000904,0.004,0.00015900000000000002,1327.0,94.92,531.2,0.034,0.008,0.006999999999999999,,,
8722,8722,8722,212205030,08 40 56.352,+24 26 39.17,1,13.668,,,573-044976,08405635+2426392,,STAR,gri,rpm,-15.5,5.5,-20.8,2.8,,,14.71,0.05,13.742,0.03,,,14.212,0.01,13.36,0.03,13.435,0.59,,,11.992,0.019,11.507,0.018000000000000002,11.395,0.02,4904.0,58.0,58.0,4.58,0.027999999999999997,0.02,0.098,0.08,0.14,0.769,0.028999999999999998,0.027999999999999997,0.821,0.03,0.03,1.795,0.182,0.12,290.4,12.43,8.711,0.028999999999999998,0.002,0.004,,,
8723,8723,8723,212205070,08 38 03.761,+24 26 43.58,1,18.531,,,,08380376+2426435,4517-301-5-0127-0216,STAR,gri,,2.0,3.0,0.0,3.0,,,,,,,20.288,0.049,18.7,0.008,18.475,0.008,18.378,0.01,18.24,0.022000000000000002,16.707,0.136,16.232,0.191,,,,,,,,,,,,,,,,,,,,,,,,,,,,,
8724,8724,8724,212205072,08 43 39.449,+24 26 43.88,1,12.020999999999999,,,573-045100,08433943+2426440,,STAR,BV,rpm,13.0,2.0,-35.3,1.6,,,13.079,0.24,12.225,0.01,,,,,,,,,,,11.1,0.022000000000000002,10.745,0.019,10.704,0.02,5661.0,237.0,169.0,4.46,0.06,0.21600000000000005,-0.151,0.2,0.28,0.94,0.292,0.087,0.9470000000000001,0.069,0.08,1.1059999999999999,0.302,0.5710000000000001,279.6,103.2,37.2,0.027999999999999997,0.006999999999999999,0.006999999999999999,,,
8725,8725,8725,212205114,08 43 24.537,+24 26 47.50,1,12.812999999999999,,,573-045084,08432452+2426475,,STAR,gri,rpm,-11.5,2.5,8.1,1.9,,,13.402999999999999,0.02,12.763,0.03,,,13.029000000000002,0.01,12.594000000000001,0.03,12.720999999999998,0.52,,,11.679,0.022000000000000002,11.331,0.021,11.29,0.017,5916.0,95.0,119.0,4.272,0.156,0.33799999999999997,-0.235,0.2,0.36,1.186,0.593,0.235,1.005,0.09699999999999999,0.11599999999999999,0.59,0.345,0.41200000000000003,494.2,217.5,106.7,0.033,0.008,0.006,,,
8726,8726,8726,212205146,08 56 13.519,+24 26 51.92,1,6.7079999999999975,43871.0,1950-114-1,573-045513,08561350+2426520,,STAR,BV,plx,107.49,0.76,-70.71,0.57,13.0,0.55,7.1229999999999976,0.015,6.7360000000000015,0.011000000000000001,,,,,,,,,,,5.978,0.024,5.794,0.016,5.7479999999999976,0.02,6584.0,238.0,198.0,3.9210000000000003,0.07,0.084,0.017,0.1,0.12,2.2840000000000003,0.18600000000000005,0.237,1.58,0.077,0.064,0.132,0.047,0.028999999999999998,76.92,3.2539999999999996,3.2539999999999996,0.013000000000000001,0.003,0.003,,,
8727,8727,8727,212205269,08 44 39.126,+24 27 04.80,1,16.305999999999994,,,573-045136,08443914+2427049,4508-301-4-0127-0053,EXTENDED,BV,,2.9,7.9,9.3,7.6,,,17.486,0.14,16.479,0.079,,,16.996,0.02,,,,,,,14.561,0.043,13.9,0.046,13.569,0.05,,,,,,,,,,,,,,,,,,,,,,,,,,,
8728,8728,8728,212205284,08 53 41.893,+24 27 06.51,1,17.93,,,,,4569-301-5-0152-0257,EXTENDED,gri,,16.0,3.0,4.0,3.0,,,,,,,19.555,0.065,18.438,0.013999999999999999,18.008,0.013000000000000001,17.713,0.016,17.89,0.18600000000000005,,,,,,,,,,,,,,,,,,,,,,,,,,,,,,,,,
8729,8729,8729,212205292,08 46 16.805,+24 27 07.70,1,18.086,,,,,4518-301-3-0028-0056,STAR,gri,,2.0,3.0,-2.0,3.0,,,,,,,18.768,0.021,18.131,0.006,18.070999999999998,0.006999999999999999,18.022000000000002,0.008,17.959,0.021,,,,,,,,,,,,,,,,,,,,,,,,,,,,,,,,,
8730,8730,8730,212205309,08 44 41.151,+24 27 09.60,1,13.298,,,573-045137,08444115+2427095,,STAR,gri,rpm,-3.4,2.4,1.2,2.8,,,14.311,0.04,13.383,0.03,,,13.806,0.01,13.095,0.03,13.08,0.51,,,11.742,0.021,11.218,0.018000000000000002,11.123,0.018000000000000002,4980.0,59.0,79.0,2.944,0.396,0.594,-0.608,0.25,0.3,5.237,5.102,2.015,0.951,0.165,0.063,0.004,0.017,0.004,1847.0,1301.0,763.2,0.033,0.01,0.006,,,
8731,8731,8731,212205383,08 56 46.274,+24 27 17.71,1,18.155,,,,,4508-301-1-0143-0278,EXTENDED,gri,,-1.0,3.0,1.0,3.0,,,,,,,19.838,0.07,18.646,0.015,18.239,0.013000000000000001,17.945,0.013000000000000001,17.794,0.035,,,,,,,,,,,,,,,,,,,,,,,,,,,,,,,,,
8732,8732,8732,212205471,08 45 30.665,+24 27 26.58,1,13.751,,,573-045172,08453066+2427266,,STAR,gri,rpm,-0.5,2.6,-12.6,2.9,,,14.731,0.02,13.769,0.03,,,14.237,0.01,13.455,0.06,13.543,0.55,,,12.116,0.022000000000000002,11.597000000000001,0.023,11.519,0.02,4940.0,98.0,78.0,3.2969999999999997,1.248,0.52,-0.424,0.4,0.25,3.1910000000000003,2.266,2.481,0.9359999999999999,0.162,0.135,0.024,1.578,0.02,1256.0,857.6,963.6,0.032,0.01,0.006,,,
8733,8733,8733,212205496,08 54 08.542,+24 27 29.75,1,16.093,,,573-045451,08540852+2427298,,STAR,gri,col,,,,,,,17.201,0.12,16.56,0.12,,,16.805999999999994,0.03,16.205,0.02,15.788,0.05,,,14.943,0.038,14.389000000000001,0.052000000000000005,14.481,0.08,5087.0,120.0,80.0,2.256,2.366,0.455,-1.6980000000000002,0.96,0.6,10.169,6.942,9.557,0.795,0.019,0.11,0.000607,2.214,0.000482,14270.0,10260.0,13320.0,0.035,0.011000000000000001,0.006999999999999999,,,
8734,8734,8734,212205502,08 42 30.998,+24 27 30.21,1,13.561,,,573-045045,08423098+2427306,,STAR,gri,rpm,83.7,11.5,-116.2,10.9,,,16.014,0.01,14.362,0.02,,,15.175999999999998,0.02,13.785,0.03,12.869000000000002,0.56,,,10.630999999999998,0.018000000000000002,10.056000000000001,0.016,9.828,0.018000000000000002,3588.0,71.0,42.0,5.012,0.025,0.045,0.003,0.1,0.1,0.265,0.045,0.02,0.271,0.066,0.026000000000000002,13.8,2.265,3.088,41.05,12.18,7.99,0.008,0.003,0.002,,,
8735,8735,8735,212205527,08 39 24.179,+24 27 33.42,1,11.152000000000001,,1942-1657-1,573-044914,08392418+2427335,,STAR,gri,rpm,-41.9,1.8,-12.3,1.9,,,11.562999999999999,0.094,11.140999999999998,0.10400000000000001,,,11.337,0.03,10.731,0.04,11.072000000000001,0.63,,,9.628,0.018000000000000002,9.254,0.016,9.186,0.018000000000000002,5429.0,163.0,97.0,4.504,0.055,0.627,0.012,0.16,0.28,0.9,1.128,0.096,0.955,0.071,0.086,1.27,0.34700000000000003,1.139,129.6,155.0,16.99,0.021,0.006999999999999999,0.005,,,
8736,8736,8736,212205549,08 46 59.563,+24 27 36.30,1,14.020999999999999,,,573-045223,08465956+2427363,4518-301-3-0029-0082,STAR,gri,rpm,7.0,2.7,-8.7,3.1,,,14.921,0.05,14.013,0.03,,,14.429,0.02,13.703,0.04,13.845999999999998,0.57,,,12.439,0.021,11.979000000000001,0.021,11.892999999999999,0.02,5102.0,101.0,101.0,3.806,0.8140000000000001,0.444,-0.19,0.25,0.4,1.953,1.214,1.268,0.9109999999999999,0.257,0.096,0.1,1.844,0.075,992.4,547.5,636.4,0.033,0.01,0.006999999999999999,,,
8737,8737,8737,212205611,08 52 19.527,+24 27 43.73,1,11.197000000000001,,1943-794-1,573-045404,08521951+2427437,,STAR,gri,rpm,19.9,1.9,-17.8,2.0,,,11.982000000000001,0.149,11.511,0.134,,,11.708,0.04,11.169,0.02,10.977,0.06,,,10.096,0.023,9.779,0.031,9.722000000000001,0.019,5690.0,135.0,135.0,4.397,0.095,0.551,-0.049,0.16,0.24,1.052,0.978,0.152,1.022,0.14800000000000002,0.08199999999999999,0.853,0.408,0.732,200.3,174.4,35.6,0.027000000000000003,0.006999999999999999,0.006999999999999999,,,
8738,8738,8738,212205645,08 55 53.457,+24 27 47.48,1,19.092,,,,08555345+2427474,4508-301-1-0142-0264,STAR,gri,,39.0,4.0,-128.0,4.0,,,,,,,23.599,0.5329999999999999,20.691999999999997,0.027000000000000003,19.204,0.012,18.406,0.009000000000000001,17.898,0.016,16.826,0.165,,,15.435,0.17300000000000001,,,,,,,,,,,,,,,,,,,,,,,,,,,
8739,8739,8739,212205707,08 43 11.136,+24 27 54.54,1,19.214000000000002,,,,08431113+2427545,4517-301-4-0133-0273,STAR,gri,,-14.0,5.0,-43.0,5.0,,,,,,,24.796,1.081,20.634,0.031,19.269000000000002,0.013999999999999999,18.605,0.011000000000000001,18.304000000000002,0.03,17.008,0.15,16.424,0.187,,,,,,,,,,,,,,,,,,,,,,,,,,,,,
8740,8740,8740,212205712,08 51 59.109,+24 27 55.46,1,11.152000000000001,,1943-1083-1,573-045392,08515911+2427555,,STAR,gri,lam,-8.6,1.9,-27.7,2.1,,,12.319,0.24,11.415999999999999,0.11900000000000001,,,11.662,0.04,11.118,0.02,10.933,0.01,,,10.07,0.02,9.791,0.027999999999999997,9.686,0.025,5802.0,137.0,172.0,4.395,0.065,0.14300000000000002,0.11599999999999999,0.1,0.1,1.0759999999999998,0.205,0.099,1.055,0.07400000000000001,0.053,0.804,0.23199999999999998,0.32,205.5,45.23,24.02,0.025,0.006999999999999999,0.005,,,
8741,8741,8741,212205731,08 41 36.399,+24 27 57.44,1,14.466,,,573-045002,08413639+2427574,,STAR,gri,rpm,27.2,4.8,-12.6,5.2,,,15.136,0.03,14.273,0.08,,,14.685,0.01,14.012,0.05,14.372,0.64,,,12.849,0.021,12.394,0.021,12.33,0.023,5204.0,104.0,104.0,4.575,0.035,0.035,-0.23800000000000002,0.16,0.32,0.757,0.054000000000000006,0.06,0.807,0.065,0.065,1.791,0.35200000000000004,0.249,450.5,43.47,47.14,0.032,0.008,0.008,,,
8742,8742,8742,212205755,08 46 31.753,+24 28 00.20,1,13.29,,,573-045203,08463175+2428002,,STAR,gri,rpm,0.6,2.5,-5.9,2.9,,,14.519,0.02,13.362,0.03,,,13.924000000000001,0.02,12.977,0.04,13.019,0.58,,,11.437999999999999,0.021,10.875,0.021,10.739,0.019,4653.0,74.0,74.0,2.661,0.32,0.32,-0.10300000000000001,0.16,0.2,7.8679999999999986,3.3739999999999997,2.362,1.189,0.145,0.203,0.002,0.004,0.001,2066.0,727.3,627.4,0.033,0.013999999999999999,0.008,,,
8743,8743,8743,212205776,08 56 34.085,+24 28 03.45,1,13.477,,,573-045529,08563409+2428034,,STAR,gri,rpm,-21.6,2.4,-1.2,2.7,,,14.918,0.03,13.902000000000001,0.06,,,14.453,0.02,13.460999999999999,0.04,13.059000000000001,0.06,,,11.794,0.022000000000000002,11.232999999999999,0.021,11.083,0.018000000000000002,4624.0,74.0,74.0,4.6339999999999995,0.04,0.02,0.01,0.12,0.12,0.68,0.040999999999999995,0.038,0.738,0.047,0.039,2.323,0.406,0.253,215.8,17.58,19.35,0.027000000000000003,0.008,0.006999999999999999,,,
8744,8744,8744,212205790,08 41 51.383,+24 28 04.03,1,13.728,,,573-045016,08415138+2428040,,STAR,gri,rpm,-17.8,2.7,-17.5,3.4,,,14.589,0.01,13.599,0.06,,,14.081,0.02,13.306,0.03,13.577,0.62,,,11.945,0.02,11.414000000000001,0.021,11.35,0.019,4959.0,59.0,59.0,4.593999999999999,0.025,1.03,-0.105,0.12,0.33,0.743,0.066,0.038,0.8109999999999999,0.055999999999999994,0.047,1.8880000000000001,0.23,1.838,282.4,696.7,18.85,0.027000000000000003,0.011000000000000001,0.005,,,
8745,8745,8745,212205795,08 38 14.004,+24 28 04.79,1,11.072000000000001,,1942-1463-1,573-044865,08381401+2428048,,STAR,gri,rpm,-10.2,1.7,-3.6,1.8,,,11.687000000000001,0.10800000000000001,11.071,0.102,,,11.564,0.01,10.795,0.04,10.862,0.6,,,9.434,0.021,8.959,0.016,8.839,0.018000000000000002,4925.0,80.0,80.0,2.4819999999999998,0.846,0.10800000000000001,-0.415,0.28,0.16,9.886000000000001,1.064,5.947,1.087,0.306,0.11800000000000001,0.001,0.018000000000000002,0.00022400000000000002,1080.0,93.32,616.2,0.033,0.01,0.006999999999999999,,,
8746,8746,8746,212205844,08 59 25.912,+24 28 09.12,1,17.541,,,,08592591+2428091,4569-301-4-0159-0171,EXTENDED,gri,,-1.0,3.0,0.0,3.0,,,,,,,20.48,0.106,18.496,0.01,17.515,0.006999999999999999,17.131,0.006999999999999999,16.801,0.018000000000000002,16.016,0.09699999999999999,15.600999999999999,0.149,14.975,0.128,,,,,,,,,,,,,,,,,,,,,,,,,,,
8747,8747,8747,212205892,08 45 04.176,+24 28 15.00,1,13.765,,,573-045152,08450418+2428150,,STAR,gri,rpm,11.3,2.9,16.3,3.4,,,15.0,0.04,13.931,0.03,,,14.464,0.03,13.508,0.04,13.466,0.51,,,12.058,0.022000000000000002,11.493,0.019,11.376,0.02,4679.0,75.0,75.0,4.636,0.03,0.025,-0.005,0.1,0.18,0.6809999999999999,0.039,0.037000000000000005,0.7490000000000001,0.044000000000000004,0.053,2.285,0.27899999999999997,0.248,249.8,19.1,17.74,0.027999999999999997,0.011000000000000001,0.006,,,
8748,8748,8748,212205912,08 38 08.920,+24 28 16.85,1,15.029000000000002,,,573-044858,08380892+2428168,4517-301-5-0127-0045,STAR,gri,rpm,-3.2,4.3,0.3,4.9,,,16.404,0.12,15.294,0.08,,,15.875,0.02,14.927,0.02,14.667,0.084,,,13.444,0.024,12.877,0.022000000000000002,12.755999999999998,0.025,4659.0,93.0,55.0,4.643,0.036000000000000004,0.03,-0.055,0.15,0.24,0.682,0.035,0.059000000000000004,0.7490000000000001,0.038,0.068,2.313,0.41700000000000004,0.27,467.8,36.93,47.21,0.031,0.006999999999999999,0.006,,,
8749,8749,8749,212205940,08 52 06.879,+24 28 20.46,1,12.481,,,573-045399,08520687+2428205,,STAR,gri,lam,-7.7,1.3,-8.5,1.3,,,13.195,0.02,12.607999999999999,0.02,,,12.886,0.04,12.453,0.02,12.307,0.02,,,11.498,0.02,11.265,0.03,11.190999999999999,0.025,6110.0,123.0,147.0,4.291,0.075,0.105,0.042,0.12,0.08,1.254,0.205,0.129,1.169,0.061,0.07400000000000001,0.5589999999999999,0.18600000000000005,0.185,484.2,84.16,60.53,0.031,0.008,0.006999999999999999,,,
8750,8750,8750,212205952,08 59 05.359,+24 28 22.07,1,18.711,,,,08590535+2428220,4569-301-4-0159-0253,STAR,gri,rpm,-16.0,5.0,-46.0,5.0,,,,,,,23.142,0.501,21.07,0.037000000000000005,19.483,0.016,17.7,0.006999999999999999,16.753,0.011000000000000001,15.182,0.045,14.628,0.055999999999999994,14.296,0.076,3254.0,231.0,128.0,5.157,0.025,0.03,-0.11900000000000001,0.25,0.3,0.165,0.013000000000000001,0.01,0.14400000000000002,0.017,0.009000000000000001,30.87,3.767,3.3569999999999998,149.2,22.19,14.07,0.021,0.006,0.004,,,
8751,8751,8751,212205954,08 57 59.255,+24 28 22.52,1,11.785,44033.0,1950-1056-1,573-045579,08575924+2428228,,STAR,gri,plx,202.98,3.83,-241.5,2.91,3.97,3.04,12.695,0.298,12.177999999999999,0.23800000000000002,,,12.214,0.02,11.79,0.04,11.600999999999999,0.03,,,10.745,0.02,10.425999999999998,0.018000000000000002,10.378,0.02,5916.0,117.0,117.0,4.345,0.12,0.336,-0.26899999999999996,0.25,0.3,1.072,0.535,0.18,0.988,0.12300000000000001,0.147,0.7390000000000001,0.418,0.509,251.9,192.9,192.9,0.03,0.008,0.006999999999999999,,,
8752,8752,8752,212205997,08 38 22.660,+24 28 27.38,1,10.495,,1942-1767-1,573-044869,08382265+2428273,,STAR,gri,rpm,-8.7,1.5,-0.8,1.6,,,11.632,0.133,10.628,0.077,,,11.082,0.03,10.245,0.08,10.243,0.6,,,8.742,0.027000000000000003,8.218,0.016,8.096,0.021,4785.0,77.0,77.0,2.469,0.304,0.095,-0.187,0.2,0.2,10.988,0.6890000000000001,2.015,1.298,0.501,0.228,0.000976,0.002,0.000225,844.1,57.88,121.0,0.034,0.01,0.006999999999999999,,,
8753,8753,8753,212206084,08 55 49.884,+24 28 35.92,1,11.302999999999999,,1950-1214-1,573-045497,08554988+2428361,,STAR,gri,rpm,-15.7,2.0,-14.8,2.0,,,11.935,0.17800000000000002,11.075999999999999,0.107,,,11.663,0.02,11.269,0.03,11.149000000000001,0.02,,,10.435,0.022000000000000002,10.209,0.023,10.157,0.021,6156.0,126.0,100.0,4.181,0.16,0.22399999999999998,-0.043,0.15,0.21,1.386,0.503,0.244,1.182,0.13699999999999998,0.114,0.40399999999999997,0.29,0.23399999999999999,330.6,123.2,59.39,0.031,0.008,0.006,,,
8754,8754,8754,212206085,08 43 55.874,+24 28 36.20,1,14.127,,,573-045108,08435586+2428361,,STAR,gri,rpm,-17.2,4.7,-14.0,5.1,,,15.152000000000001,0.04,14.323,0.07,,,14.725999999999999,0.01,14.100999999999999,0.03,13.87,0.03,,,12.905,0.022000000000000002,12.454,0.022000000000000002,12.347999999999999,0.021,5236.0,103.0,82.0,4.56,0.04,0.992,-0.496,0.3,0.36,0.7879999999999999,2.021,0.08199999999999999,0.8340000000000001,0.071,0.086,1.621,0.401,1.587,492.7,1136.0,62.38,0.031,0.011000000000000001,0.006,,,
8755,8755,8755,212206098,08 44 42.182,+24 28 37.33,1,18.317999999999998,,,,08444218+2428373,,STAR,J,,,,,,,,,,,,,,,,,,,,,,16.759,0.141,16.06,0.155,,,,,,,,,,,,,,,,,,,,,,,,,,,,,
8756,8756,8756,212206103,08 40 57.134,+24 28 37.60,1,18.239,,,,08405713+2428376,4508-301-5-0122-0249,EXTENDED,gri,,-1.0,3.0,-1.0,3.0,,,,,,,21.175,0.10300000000000001,19.214000000000002,0.012,18.235,0.008,17.820999999999994,0.008,17.517,0.015,16.238,0.091,15.833,0.124,15.039000000000001,0.11699999999999999,,,,,,,,,,,,,,,,,,,,,,,,,,,
8757,8757,8757,212206122,08 50 40.268,+24 28 39.09,1,18.203,,,,08504026+2428390,4518-301-2-0034-0267,EXTENDED,gri,,-1.0,3.0,1.0,3.0,,,,,,,21.372,0.201,19.372,0.016,18.214000000000002,0.009000000000000001,17.702,0.008,17.333,0.017,16.449,0.122,15.585,0.122,15.265999999999998,0.162,,,,,,,,,,,,,,,,,,,,,,,,,,,
8758,8758,8758,212206155,08 40 52.634,+24 28 43.80,1,18.859,,,,08405263+2428438,,STAR,JHK,col,,,,,,,,,,,,,,,,,,,,,16.362000000000002,0.105,15.732999999999999,0.11900000000000001,15.411,0.177,3874.0,587.0,367.0,4.901,0.145,0.174,-0.254,0.25,0.35,0.33299999999999996,0.17300000000000001,0.114,0.379,0.218,0.182,7.631,9.453,4.2219999999999995,704.1,565.4,313.6,0.032,0.008,0.006999999999999999,,,
8759,8759,8759,212206211,08 42 16.606,+24 28 50.65,1,11.591,,1942-1361-1,573-045035,08421661+2428507,,STAR,gri,rpm,6.1,4.3,-1.3,4.4,,,13.005999999999998,0.4370000000000001,11.522,0.159,,,12.056,0.02,11.152000000000001,0.02,11.390999999999998,0.63,,,9.664,0.018000000000000002,9.118,0.016,8.977,0.018000000000000002,4699.0,56.0,56.0,2.4659999999999997,0.306,0.09,-0.133,0.12,0.12,11.132,0.568,3.529,1.253,0.239,0.149,0.000938,0.002,0.000184,1287.0,80.69,365.9,0.034,0.01,0.006999999999999999,,,
8760,8760,8760,212206245,08 48 13.643,+24 28 54.59,1,11.794,,1943-477-1,573-045268,08481364+2428545,,STAR,gri,rpm,10.5,1.8,-2.2,1.9,,,11.933,0.126,11.435,0.113,,,11.978,0.02,11.600999999999999,0.05,11.715,0.47,,,10.732000000000001,0.018000000000000002,10.475999999999999,0.016,10.435,0.018000000000000002,6178.0,148.0,148.0,4.16,0.18600000000000005,0.217,-0.07400000000000001,0.15,0.24,1.39,0.5820000000000001,0.273,1.18,0.159,0.132,0.35600000000000004,0.335,0.209,385.5,158.8,84.17,0.031,0.006999999999999999,0.006,,,
8761,8761,8761,212206248,08 40 34.493,+24 28 54.90,1,17.371,,,,08403449+2428548,4508-301-5-0121-0303,EXTENDED,gri,,4.0,3.0,14.0,2.0,,,,,,,20.526,0.105,18.542,0.011000000000000001,17.381,0.006,16.869,0.006,16.500999999999998,0.012,15.857999999999999,0.069,15.197000000000001,0.07200000000000001,14.622,0.081,,,,,,,,,,,,,,,,,,,,,,,,,,,
8762,8762,8762,212206291,08 46 21.843,+24 29 00.17,1,18.667,,,,08462184+2429001,4518-301-3-0029-0210,STAR,gri,rpm,-83.0,5.0,-93.0,5.0,,,,,,,25.145,1.02,20.55,0.027000000000000003,19.049,0.012,17.86,0.006999999999999999,17.235,0.013000000000000001,15.997,0.066,15.290999999999999,0.075,15.384,0.145,3303.0,33.0,33.0,5.157,0.02,0.038,-0.126,0.2,0.05,0.166,0.016,0.003,0.146,0.013999999999999999,0.003,31.39,1.883,5.039,185.7,5.57,5.57,0.021,0.004,0.001,,,
8763,8763,8763,212206315,08 38 00.066,+24 29 02.39,1,17.805,,,,08380006+2429023,,STAR,J,col,,,,,,,,,,,,,,,,,,,,,16.287,0.105,15.543,0.133,15.2,0.13699999999999998,3882.0,442.0,368.0,4.901,0.145,0.174,-0.248,0.24,0.32,0.349,0.153,0.12300000000000001,0.41,0.179,0.215,7.237999999999999,10.28,3.773,703.4,464.0,320.4,0.032,0.008,0.006999999999999999,,,
8764,8764,8764,212206317,08 55 32.624,+24 29 02.70,1,11.807,,1943-1392-1,573-045491,08553262+2429027,,STAR,gri,rpm,-16.8,2.0,-8.4,2.0,,,11.769,0.107,11.737,0.196,,,12.138,0.02,11.77,0.02,11.665,0.02,,,10.948,0.022000000000000002,10.717,0.023,10.649000000000001,0.019,6209.0,100.0,100.0,4.19,0.135,0.18899999999999997,-0.11699999999999999,0.15,0.24,1.405,0.382,0.255,1.161,0.12300000000000001,0.14800000000000002,0.4,0.264,0.203,420.1,115.6,77.06,0.032,0.01,0.006999999999999999,,,
8765,8765,8765,212206346,08 56 34.798,+24 29 05.06,1,14.094000000000001,,,573-045530,08563480+2429051,,STAR,JHK,rpm,13.1,3.7,-30.5,4.0,,,,,,,,,,,,,,,,,12.724,0.023,12.25,0.022000000000000002,12.189,0.023,5065.0,122.0,122.0,4.59,0.035,0.035,-0.163,0.25,0.25,0.7440000000000001,0.059000000000000004,0.054000000000000006,0.794,0.064,0.064,1.871,0.327,0.27899999999999997,404.2,48.49,43.3,0.03,0.011000000000000001,0.006999999999999999,,,
8766,8766,8766,212206355,08 40 38.482,+24 29 06.01,1,17.637999999999995,,,,08403848+2429060,,STAR,J,rpm,4.0,4.0,14.0,2.0,,,,,,,,,,,,,,,,,16.132,0.09300000000000001,15.411,0.099,14.837,0.098,3733.0,342.0,256.0,4.976,0.09,0.126,-0.125,0.2,0.28,0.289,0.132,0.078,0.31,0.16,0.114,10.52,7.144,4.873,512.0,255.8,170.6,0.032,0.008,0.006999999999999999,,,
8767,8767,8767,212206356,08 55 05.076,+24 29 06.23,1,11.171,,,573-045479,08550507+2429062,,STAR,gri,rpm,8.6,0.9,-12.3,2.0,,,12.314,0.03,11.422,0.04,,,11.882,0.05,11.152999999999999,0.04,10.866,0.02,,,9.836,0.022000000000000002,9.352,0.022000000000000002,9.252,0.018000000000000002,4960.0,80.0,80.0,2.873,0.465,0.5579999999999999,-0.519,0.3,0.42,5.735,5.263999999999999,2.4530000000000003,1.002,0.251,0.105,0.004,0.021,0.003,739.9,634.0,264.4,0.033,0.008,0.006999999999999999,,,
8768,8768,8768,212206394,08 52 51.227,+24 29 11.56,1,16.977999999999998,,,,08525122+2429115,4508-301-2-0138-0137,EXTENDED,gri,,0.0,4.0,-8.0,4.0,,,,,,,19.136,0.051,17.756,0.009000000000000001,17.057000000000002,0.006999999999999999,16.644000000000002,0.006999999999999999,16.340999999999998,0.016,16.418,0.149,15.575,0.18,,,,,,,,,,,,,,,,,,,,,,,,,,,,,
8769,8769,8769,212206424,08 56 58.328,+24 29 14.45,1,14.014000000000001,,,573-045545,08565832+2429145,4508-301-1-0143-0106,STAR,gri,rpm,-0.3,4.6,-11.3,5.0,,,15.242,0.03,14.366,0.08,,,14.757,0.01,14.005999999999998,0.04,13.695,0.07,,,12.567,0.023,12.045,0.022000000000000002,11.954,0.02,4944.0,79.0,79.0,3.5780000000000003,1.068,0.89,-0.331,0.25,0.4,2.483,4.852,1.8969999999999998,0.887,0.184,0.158,0.039,2.479,0.037000000000000005,1148.0,2187.0,870.8,0.032,0.011000000000000001,0.006,,,
8770,8770,8770,212206436,08 46 35.231,+24 29 16.17,1,13.203,,,573-045207,08463522+2429162,,STAR,gri,rpm,2.8,1.9,-30.4,2.4,,,13.604000000000001,0.03,12.922,0.06,,,13.225999999999999,0.01,12.758,0.04,13.193,0.65,,,11.79,0.021,11.47,0.019,11.401,0.019,5842.0,116.0,116.0,4.421,0.06,0.10800000000000001,-0.231,0.2,0.28,0.981,0.172,0.107,0.953,0.087,0.10400000000000001,0.927,0.267,0.34,414.3,91.66,55.12,0.03,0.008,0.006999999999999999,,,
8771,8771,8771,212206438,08 48 19.853,+24 29 16.38,1,11.79,,1943-637-1,573-045276,08481985+2429163,,STAR,gri,rpm,-0.4,2.0,-8.9,2.2,,,12.484000000000002,0.23399999999999999,12.239,0.221,,,12.228,0.02,11.574000000000002,0.05,11.602,0.48,,,10.421,0.018000000000000002,10.036,0.016,9.965,0.018000000000000002,5339.0,129.0,129.0,3.565,0.775,1.24,-0.19899999999999998,0.25,0.7,2.427,5.895,1.558,0.983,0.331,0.092,0.057,0.8809999999999999,0.055,505.9,858.9,318.4,0.031,0.008,0.008,,,
8772,8772,8772,212206443,08 38 25.324,+24 29 17.16,1,10.62,,1942-1350-1,573-044874,08382532+2429170,,STAR,gri,rpm,-17.3,1.7,13.1,1.7,,,11.383,0.096,10.762,0.085,,,10.979000000000001,0.07,10.444,0.05,10.466,0.47,,,9.416,0.022000000000000002,9.083,0.018000000000000002,9.013,0.018000000000000002,5728.0,171.0,171.0,4.037,0.4320000000000001,0.324,-0.098,0.2,0.28,1.611,0.882,0.711,1.053,0.21100000000000002,0.105,0.23,0.91,0.161,216.1,115.5,94.03,0.024,0.008,0.006999999999999999,,,
8773,8773,8773,212206467,08 54 11.118,+24 29 19.42,1,16.237000000000002,,,,08541111+2429194,4569-301-5-0152-0179,EXTENDED,gri,,-1.0,3.0,-5.0,3.0,,,,,,,18.685,0.048,17.17,0.006999999999999999,16.285999999999998,0.005,15.837,0.005,15.504000000000001,0.012,15.654000000000002,0.08900000000000001,15.2,0.145,14.708,0.13,,,,,,,,,,,,,,,,,,,,,,,,,,,
8774,8774,8774,212206492,08 57 56.088,+24 29 22.51,1,19.855,,,,,4576-301-5-0150-0314,STAR,gri,,,,,,,,,,,,19.773,0.037000000000000005,20.192,0.02,19.85,0.02,19.71,0.027000000000000003,19.71,0.08900000000000001,,,,,,,,,,,,,,,,,,,,,,,,,,,,,,,,,
8775,8775,8775,212206497,08 41 24.177,+24 29 23.41,1,17.142,,,,08412417+2429234,4508-301-5-0123-0198,EXTENDED,gri,,6.0,2.0,6.0,3.0,,,,,,,18.887999999999998,0.027000000000000003,17.727,0.006,17.195,0.005,16.891,0.006,16.685,0.013999999999999999,16.202,0.09699999999999999,15.220999999999998,0.084,15.095,0.124,,,,,,,,,,,,,,,,,,,,,,,,,,,
8776,8776,8776,212206505,08 58 02.718,+24 29 23.73,1,15.364,,,573-045581,08580274+2429240,4576-301-5-0150-0189,STAR,JHK,col,,,,,,,,,,,,,,,,,,,,,13.31,0.023,12.753,0.026000000000000002,12.511,0.026000000000000002,3556.0,171.0,205.0,5.043,0.09,0.075,-0.057,0.16,0.24,0.237,0.07,0.063,0.237,0.091,0.091,16.7,11.53,5.916,100.9,38.69,32.55,0.016,0.006999999999999999,0.005,,,
8777,8777,8777,212206519,08 39 32.225,+24 29 25.03,1,15.175999999999998,,,573-044917,08393222+2429251,,STAR,gri,rpm,5.1,4.1,-20.4,4.8,,,17.322,0.24,15.853,0.03,,,16.65,0.02,15.280999999999999,0.03,14.545,0.04,,,12.964,0.023,12.277999999999999,0.023,12.104000000000001,0.021,3844.0,46.0,38.0,4.887,0.025,0.025,-0.026000000000000002,0.1,0.1,0.389,0.026000000000000002,0.024,0.439,0.037000000000000005,0.031,7.1370000000000005,0.871,0.9209999999999999,165.8,14.83,11.42,0.021,0.003,0.004,,,
8778,8778,8778,212206532,08 56 27.299,+24 29 26.98,1,16.783,,,,08562729+2429269,4508-301-1-0143-0159,EXTENDED,gri,,-40.0,4.0,-59.0,4.0,,,,,,,19.262,0.044000000000000004,17.596,0.006999999999999999,16.833,0.005,16.434,0.005,16.146,0.011000000000000001,15.935,0.098,15.39,0.156,14.894,0.12,,,,,,,,,,,,,,,,,,,,,,,,,,,
8779,8779,8779,212206595,08 40 41.771,+24 29 34.16,1,15.648,,,573-044965,08404176+2429342,,STAR,gri,rpm,38.6,4.4,-60.9,5.0,,,16.45,0.04,15.667,0.07,,,15.992,0.02,15.422,0.062,15.501,0.6,,,14.192,0.024,13.865,0.026000000000000002,13.751,0.040999999999999995,5550.0,161.0,193.0,4.63,0.105,0.09,-1.361,0.54,0.99,0.647,0.086,0.11,0.68,0.048,0.076,2.355,1.242,0.6409999999999999,714.8,209.5,137.8,0.035,0.01,0.008,,,
8780,8780,8780,212206615,08 57 48.648,+24 29 36.27,1,9.491,,1950-308-1,573-045574,08574865+2429361,,STAR,gri,rpm,30.8,1.0,-76.3,1.0,,,10.162,0.036000000000000004,9.539,0.027999999999999997,,,10.181000000000001,0.03,9.398,0.04,9.195,0.01,,,8.339,0.018000000000000002,8.059,0.026000000000000002,7.968,0.02,5351.0,106.0,53.0,4.324,0.18899999999999997,0.54,0.168,0.05,0.1,1.079,1.228,0.207,1.0490000000000002,0.231,0.138,0.723,0.655,0.628,92.59,89.96,20.25,0.019,0.01,0.008,,,
8781,8781,8781,212206619,08 47 41.038,+24 29 36.49,1,17.628,,,,08474103+2429364,4508-301-3-0131-0200,EXTENDED,gri,,6.0,2.0,2.0,2.0,,,,,,,19.765,0.049,18.451,0.009000000000000001,17.663,0.006999999999999999,17.275,0.006999999999999999,16.94,0.015,16.142,0.085,15.42,0.09300000000000001,15.104000000000001,0.132,,,,,,,,,,,,,,,,,,,,,,,,,,,
8782,8782,8782,212206621,08 40 10.978,+24 29 36.54,1,18.39,,,,08401097+2429365,,STAR,JHK,col,,,,,,,,,,,,,,,,,,,,,16.225,0.08900000000000001,15.615,0.113,15.392999999999999,0.166,3953.0,589.0,368.0,4.896,0.15,0.21,-0.263,0.25,0.35,0.381,0.193,0.14800000000000002,0.39799999999999996,0.23199999999999998,0.193,6.495,8.046,3.594,712.1,574.8,318.0,0.032,0.008,0.006999999999999999,,,
8783,8783,8783,212206623,08 42 51.463,+24 29 36.79,1,15.162,,,573-045060,08425146+2429369,4517-301-4-0133-0103,STAR,gri,rpm,2.2,4.5,-7.9,5.0,,,15.752,0.01,15.03,0.07,,,15.335999999999999,0.04,14.862,0.04,15.088,0.63,,,13.770999999999999,0.022000000000000002,13.39,0.022000000000000002,13.269,0.028999999999999998,5644.0,132.0,132.0,4.4860000000000015,0.055,0.583,-0.38799999999999996,0.25,0.4,0.895,0.9329999999999999,0.11599999999999999,0.8740000000000001,0.08199999999999999,0.08199999999999999,1.213,0.349,1.061,892.6,909.0,117.0,0.033,0.01,0.006999999999999999,,,
8784,8784,8784,212206635,08 51 21.438,+24 29 37.72,1,13.257,,,573-045372,08512144+2429378,,STAR,gri,rpm,5.0,2.3,-3.0,2.7,,,14.925999999999998,0.06,13.579,0.03,,,14.228,0.04,13.205,0.03,12.841,0.03,,,11.474,0.018000000000000002,10.877,0.016,10.742,0.017,4532.0,73.0,91.0,2.39,1.9080000000000001,1.59,-0.233,0.3,1.44,8.326,37.325,7.779,0.945,0.355,0.254,0.000784,1.432,0.00078,2072.0,8752.0,1925.0,0.035,0.015,0.011000000000000001,,,
8785,8785,8785,212206655,08 40 53.108,+24 29 39.36,1,18.275,,,,08405310+2429393,,STAR,J,rpm,8.0,1.0,6.0,6.0,,,,,,,,,,,,,,,,,16.72,0.135,15.993,0.16699999999999998,15.341,0.152,3805.0,444.0,277.0,4.937,0.105,0.147,-0.21899999999999997,0.24,0.32,0.32799999999999996,0.141,0.099,0.368,0.17,0.142,9.53,7.811,4.8839999999999995,771.9,460.0,288.2,0.033,0.01,0.006999999999999999,,,
8786,8786,8786,212206670,08 56 15.840,+24 29 41.44,1,12.373,,,573-045518,08561582+2429416,,STAR,gri,col,,,,,,,14.412,0.05,13.048,0.07,,,13.815999999999999,0.02,12.414000000000001,0.04,11.755,0.05,,,10.295,0.023,9.677,0.025,9.401,0.018000000000000002,3752.0,59.0,59.0,4.981,0.025,0.045,-0.153,0.1,0.1,0.304,0.04,0.018000000000000002,0.331,0.046,0.028999999999999998,11.27,1.375,2.3169999999999997,36.23,5.444,3.035,0.006,0.002,0.002,,,
8787,8787,8787,212206681,08 41 24.218,+24 29 42.30,1,16.308,,,,08412421+2429422,4508-301-5-0123-0197,EXTENDED,gri,,-1.0,3.0,2.0,3.0,,,,,,,19.051,0.042,17.194000000000006,0.006,16.346,0.004,15.927999999999999,0.004,15.61,0.008,15.369000000000002,0.055,14.783,0.069,14.36,0.068,,,,,,,,,,,,,,,,,,,,,,,,,,,
8788,8788,8788,212206686,08 43 20.215,+24 29 43.06,1,11.635,,1942-2083-1,573-045078,08432021+2429430,,STAR,gri,rpm,0.8,4.1,8.8,4.1,,,12.540999999999999,0.27699999999999997,11.995,0.221,,,12.05,0.01,11.287,0.02,11.456,0.61,,,9.918,0.022000000000000002,9.402000000000001,0.019,9.277999999999999,0.018000000000000002,4898.0,59.0,78.0,2.479,0.72,0.14400000000000002,-0.444,0.2,0.28,9.351,1.595,4.9830000000000005,1.047,0.2,0.111,0.001,0.012,0.000362,1300.0,196.7,672.2,0.033,0.01,0.006999999999999999,,,
8789,8789,8789,212206702,08 39 39.191,+24 29 45.23,1,11.110999999999999,,1942-1691-1,573-044922,08393918+2429453,,STAR,gri,rpm,-4.2,1.9,1.7,2.0,,,11.927,0.17800000000000002,11.012,0.09699999999999999,,,11.495999999999999,0.03,10.765,0.05,10.946,0.61,,,9.466000000000001,0.022000000000000002,9.01,0.021,8.934,0.018000000000000002,4998.0,100.0,80.0,2.432,0.73,0.05,-0.535,0.36,0.16,10.085,0.8109999999999999,5.372000000000001,1.032,0.396,0.09,0.0009539999999999999,0.01,0.000157,1139.0,75.87,556.6,0.033,0.008,0.006999999999999999,,,
8790,8790,8790,212206712,08 57 46.305,+24 29 46.68,1,14.128,,,573-045573,08574631+2429466,,STAR,gri,col,,,,,,,15.249,0.03,14.442,0.06,,,14.765999999999998,0.01,14.105,0.06,13.855,0.1,,,12.77,0.021,12.319,0.019,12.224,0.023,5172.0,121.0,101.0,4.541,0.066,1.166,-0.401,0.36,0.42,0.8190000000000001,2.477,0.113,0.862,0.10300000000000001,0.10300000000000001,1.524,0.439,1.4980000000000002,481.2,1357.0,72.57,0.033,0.008,0.006,,,
8791,8791,8791,212206740,08 39 35.313,+24 29 49.75,1,15.824000000000002,,,,08393531+2429497,,STAR,JHK,col,,,,,,,,,,,,,,,,,,,,,13.442,0.023,12.819,0.024,12.540999999999999,0.024,3571.0,141.0,198.0,5.032,0.11199999999999999,0.07,-0.047,0.16,0.24,0.24100000000000002,0.062,0.07400000000000001,0.239,0.087,0.087,15.9,13.84,5.959,109.3,45.08,40.33,0.017,0.006,0.006,,,
8792,8792,8792,212206752,08 43 56.394,+24 29 51.29,1,16.778,,,,08435639+2429512,4508-301-4-0126-0191,STAR,gri,rpm,-39.0,3.0,-52.0,3.0,,,,,,,21.570999999999998,0.11699999999999999,18.877,0.009000000000000001,17.421,0.006,15.878,0.005,15.034,0.006,13.564,0.023,12.922,0.023,12.625,0.022000000000000002,3533.0,70.0,56.0,5.042,0.04,0.04,-0.052000000000000005,0.18,0.12,0.24,0.028999999999999998,0.026000000000000002,0.231,0.035,0.028999999999999998,16.72,3.615,2.9730000000000003,115.9,17.24,12.99,0.019,0.008,0.006,,,
8793,8793,8793,212206760,08 45 17.086,+24 29 52.18,1,17.619,,,,08451708+2429521,4508-301-4-0128-0167,EXTENDED,gri,,-2.0,3.0,-1.0,3.0,,,,,,,19.559,0.042,18.275,0.008,17.75,0.006999999999999999,17.338,0.006999999999999999,17.17,0.017,16.483,0.106,15.574000000000002,0.11199999999999999,15.290999999999999,0.145,,,,,,,,,,,,,,,,,,,,,,,,,,,
8794,8794,8794,212206802,08 46 14.483,+24 29 57.48,1,11.63,,1943-540-1,573-045195,08461448+2429575,,STAR,gri,lam,-3.8,1.9,1.2,2.0,,,12.824000000000002,0.3670000000000001,11.515999999999998,0.14300000000000002,,,12.004000000000001,0.02,11.190999999999999,0.05,11.47,0.64,,,9.747,0.022000000000000002,9.216000000000001,0.018000000000000002,9.113,0.017,4760.0,95.0,95.0,2.417,0.09,0.045,-0.264,0.12,0.12,11.001,0.413,0.9309999999999999,1.145,0.159,0.132,0.0008560000000000001,0.000272,9.31e-05,1341.0,56.76,96.42,0.034,0.008,0.006999999999999999,,,
8795,8795,8795,212206808,08 46 08.142,+24 29 58.56,1,19.58,,,,,4518-301-3-0028-0305,EXTENDED,gri,,6.0,4.0,-1.0,4.0,,,,,,,20.986,0.172,19.785,0.024,19.512,0.027000000000000003,19.327,0.031,19.349,0.11599999999999999,,,,,,,,,,,,,,,,,,,,,,,,,,,,,,,,,
8796,8796,8796,212206832,08 59 03.555,+24 30 01.73,1,17.705,,,,08590355+2430017,4569-301-4-0159-0147,EXTENDED,gri,,0.0,3.0,-1.0,3.0,,,,,,,20.896,0.145,18.798,0.011000000000000001,17.694000000000006,0.006999999999999999,17.237000000000002,0.006999999999999999,16.906,0.018000000000000002,16.111,0.09699999999999999,15.325999999999999,0.135,14.886,0.128,,,,,,,,,,,,,,,,,,,,,,,,,,,
8797,8797,8797,212206835,08 54 31.280,+24 30 02.20,1,18.031,,,,,4569-301-5-0153-0452,EXTENDED,gri,,14.0,3.0,-6.0,3.0,,,,,,,19.76,0.08800000000000001,18.53,0.016,18.054000000000002,0.017,17.817,0.021,17.702,0.07400000000000001,,,,,,,,,,,,,,,,,,,,,,,,,,,,,,,,,
8798,8798,8798,212206854,08 46 08.590,+24 30 06.30,1,19.183,,,,,4518-301-3-0028-0306,EXTENDED,gri,,27.0,5.0,-21.0,5.0,,,,,,,21.326999999999998,0.32,19.552,0.027999999999999997,19.212,0.031,19.025,0.035,18.832,0.111,,,,,,,,,,,,,,,,,,,,,,,,,,,,,,,,,
8799,8799,8799,212206860,08 45 58.716,+24 30 07.04,1,12.492,,,573-045188,08455873+2430071,,STAR,gri,rpm,-60.2,1.3,0.7,1.1,,,12.806,0.04,12.175999999999998,0.06,,,12.465,0.02,12.049000000000001,0.04,12.504000000000001,0.65,,,11.152999999999999,0.022000000000000002,10.864,0.019,10.787,0.018000000000000002,5994.0,143.0,143.0,4.354,0.11,0.198,-0.506,0.3,0.42,1.034,0.292,0.19399999999999998,0.8759999999999999,0.136,0.09699999999999999,0.779,0.428,0.392,326.5,134.7,95.35,0.028999999999999998,0.006999999999999999,0.006,,,
8800,8800,8800,212206890,08 48 17.522,+24 30 10.13,1,17.3,,,,,4508-301-3-0132-0243,EXTENDED,gri,,-2.0,3.0,0.0,3.0,,,,,,,19.577,0.055,18.069000000000006,0.008,17.340999999999998,0.006,16.97,0.006,16.698,0.016,,,,,,,,,,,,,,,,,,,,,,,,,,,,,,,,,
8801,8801,8801,212206936,08 38 24.766,+24 30 15.25,1,14.487,,,573-044872,08382476+2430152,,STAR,gri,rpm,-34.1,4.7,-16.8,5.1,,,17.206,0.1,15.533,0.04,,,16.398,0.03,14.987,0.05,13.668,0.03,,,11.651,0.021,11.05,0.018000000000000002,10.787,0.018000000000000002,3558.0,149.0,106.0,4.988,0.09,0.025,0.071,0.12,0.12,0.28600000000000003,0.037000000000000005,0.075,0.285,0.054000000000000006,0.09699999999999999,12.2,8.094,2.006,65.66,8.352,19.81,0.011000000000000001,0.002,0.004,,,
8802,8802,8802,212206958,08 56 08.362,+24 30 18.26,1,12.612,,,573-045510,08560836+2430182,,STAR,gri,rpm,-7.8,1.3,8.5,1.5,,,13.4,0.05,12.804,0.08,,,13.058,0.03,12.591,0.03,12.421,0.04,,,11.599,0.022000000000000002,11.31,0.028999999999999998,11.232999999999999,0.022000000000000002,5918.0,116.0,139.0,4.151,0.28800000000000003,0.24,-0.071,0.15,0.27,1.3880000000000001,0.5670000000000001,0.40299999999999997,1.085,0.115,0.139,0.332,0.59,0.19,566.3,180.2,181.7,0.031,0.011000000000000001,0.009000000000000001,,,
8803,8803,8803,212206959,08 39 07.992,+24 30 18.31,1,12.118,,1942-1513-1,573-044903,08390798+2430184,,STAR,gri,rpm,9.1,4.3,-32.5,4.3,,,12.62,0.358,11.64,0.2,,,12.179,0.04,11.755999999999998,0.05,12.092,0.61,,,10.904000000000002,0.018000000000000002,10.637,0.016,10.575999999999999,0.02,6042.0,147.0,147.0,4.282,0.126,0.168,-0.152,0.16,0.28,1.185,0.24100000000000002,0.16899999999999998,1.042,0.10300000000000001,0.12300000000000001,0.564,0.27,0.23800000000000002,347.6,76.51,53.1,0.03,0.006999999999999999,0.006,,,
8804,8804,8804,212206961,08 57 24.421,+24 30 18.46,1,12.876,,,573-045559,08572441+2430184,,STAR,gri,rpm,1.5,2.2,-7.2,2.8,,,13.638,0.04,13.050999999999998,0.07,,,13.299000000000001,0.01,12.85,0.03,12.695,0.03,,,11.841,0.022000000000000002,11.526,0.021,11.485,0.018000000000000002,5926.0,92.0,92.0,4.192,0.225,0.27,-0.11,0.12,0.24,1.341,0.527,0.379,1.056,0.10800000000000001,0.09,0.41600000000000004,0.537,0.262,587.3,226.4,163.4,0.034,0.008,0.006999999999999999,,,
8805,8805,8805,212206971,08 44 05.338,+24 30 20.41,1,18.239,,,,08440533+2430204,4508-301-4-0126-0220,EXTENDED,gri,,-5.0,3.0,5.0,3.0,,,,,,,21.674,0.19899999999999998,19.361,0.013999999999999999,18.224,0.009000000000000001,17.758,0.008,17.454,0.019,16.433,0.096,15.644,0.105,15.433,0.165,,,,,,,,,,,,,,,,,,,,,,,,,,,
8806,8806,8806,212206974,08 39 29.008,+24 30 21.01,1,17.299,,,,08392900+2430210,,STAR,JHK,col,,,,,,,,,,,,,,,,,,,,,16.087,0.078,15.665999999999999,0.109,15.67,0.19,4747.0,905.0,1086.0,4.669,0.29600000000000004,0.222,-0.483,0.35,0.49,0.591,0.272,0.29600000000000004,0.632,0.17300000000000001,0.34600000000000003,2.484,8.61,1.3090000000000002,1427.0,1013.0,938.8,0.032,0.01,0.006999999999999999,,,
8807,8807,8807,212206984,08 41 23.507,+24 30 22.24,1,18.904,,,,,4508-301-5-0123-0428,EXTENDED,gri,,2.0,3.0,6.0,3.0,,,,,,,20.276,0.08199999999999999,19.227,0.018000000000000002,18.915,0.019,18.766,0.025,18.52,0.066,,,,,,,,,,,,,,,,,,,,,,,,,,,,,,,,,
8808,8808,8808,212207045,08 52 21.525,+24 30 28.48,1,18.358,,,,08522152+2430284,,STAR,JHK,rpm,10.0,4.0,2.0,2.0,,,,,,,,,,,,,,,,,15.557,0.076,14.800999999999998,0.099,14.401,0.084,4004.0,380.0,317.0,4.843,0.138,0.115,-0.132,0.2,0.28,0.42100000000000004,0.11599999999999999,0.122,0.484,0.125,0.17600000000000002,5.465,5.642,2.1719999999999997,637.5,267.1,246.9,0.033,0.008,0.006999999999999999,,,
8809,8809,8809,212207052,08 43 36.016,+24 30 28.84,1,18.07,,,,08433601+2430288,,STAR,J,rpm,4.0,5.0,6.0,2.0,,,,,,,,,,,,,,,,,16.529,0.114,15.907,0.14800000000000002,15.437000000000001,0.163,3972.0,565.0,377.0,4.876,0.13,0.182,-0.254,0.25,0.35,0.39299999999999996,0.174,0.14,0.428,0.16899999999999998,0.16899999999999998,6.354,6.324,3.17,899.2,579.4,352.4,0.033,0.01,0.006999999999999999,,,
8810,8810,8810,212207080,08 41 28.403,+24 30 32.71,1,11.159,,1942-1080-1,573-044994,08412840+2430326,,STAR,gri,rpm,-16.1,1.4,-11.7,1.4,,,11.367,0.078,10.945,0.079,,,11.112,0.05,10.702,0.05,11.179,0.65,,,9.932,0.018000000000000002,9.72,0.018000000000000002,9.651,0.018000000000000002,6318.0,155.0,155.0,4.11,0.175,0.245,-0.018000000000000002,0.15,0.15,1.527,0.718,0.294,1.2830000000000001,0.19399999999999998,0.121,0.313,0.27,0.19699999999999998,303.5,130.4,60.75,0.028999999999999998,0.008,0.006,,,
8811,8811,8811,212207093,08 47 53.938,+24 30 33.78,1,12.29,,,573-045258,08475394+2430339,,STAR,gri,rpm,26.6,1.2,-43.3,0.7,,,12.712,0.07,12.120999999999999,0.08,,,12.398,0.02,11.974,0.04,12.243,0.6,,,11.057,0.019,10.75,0.021,10.697000000000001,0.019,5937.0,94.0,94.0,4.379,0.06,0.192,-0.35200000000000004,0.25,0.25,1.053,0.28300000000000003,0.128,0.9390000000000001,0.095,0.079,0.818,0.22399999999999998,0.402,323.9,110.2,70.15,0.027000000000000003,0.01,0.006999999999999999,,,
8812,8812,8812,212207094,08 46 17.343,+24 30 33.78,1,19.634,,,,,4518-301-3-0028-0283,STAR,gri,,-3.0,5.0,-55.0,5.0,,,,,,,22.804000000000002,0.433,21.022,0.04,19.719,0.02,19.039,0.015,18.67,0.035,,,,,,,,,,,,,,,,,,,,,,,,,,,,,,,,,
8813,8813,8813,212207098,08 40 10.907,+24 30 34.03,1,18.42,,,,,4517-301-5-0130-0218,STAR,gri,,,,,,,,,,,,22.087,0.212,19.328,0.012,18.38,0.008,18.031,0.009000000000000001,17.854,0.018000000000000002,,,,,,,,,,,,,,,,,,,,,,,,,,,,,,,,,
8814,8814,8814,212207136,08 50 34.608,+24 30 37.81,1,16.801,,,,08503460+2430378,4518-301-2-0034-0114,EXTENDED,gri,,-7.0,3.0,2.0,3.0,,,,,,,18.64,0.047,17.323,0.006999999999999999,16.859,0.006999999999999999,16.577,0.006999999999999999,16.39,0.019,16.62,0.139,,,,,,,,,,,,,,,,,,,,,,,,,,,,,,,
8815,8815,8815,212207137,08 45 47.537,+24 30 37.98,1,16.928,,,,08454753+2430379,4508-301-4-0128-0261,EXTENDED,gri,,4.0,3.0,-1.0,3.0,,,,,,,19.355999999999998,0.036000000000000004,17.688,0.006,16.916,0.005,16.602,0.005,16.362000000000002,0.01,15.595999999999998,0.054000000000000006,14.875,0.065,14.405,0.065,,,,,,,,,,,,,,,,,,,,,,,,,,,
8816,8816,8816,212207152,08 51 08.963,+24 30 39.45,1,11.33,,,573-045366,08510895+2430396,,STAR,gri,lam,-27.6,1.4,-21.5,1.1,,,12.334000000000001,0.02,11.545,0.03,,,11.939,0.03,11.319,0.01,11.069,0.02,,,10.06,0.02,9.661,0.016,9.587,0.016,5228.0,158.0,126.0,3.673,0.095,0.114,-0.348,0.15,0.15,2.489,0.457,0.326,1.113,0.14400000000000002,0.12,0.067,0.027999999999999997,0.023,410.6,67.39,48.84,0.031,0.008,0.006,,,
8817,8817,8817,212207177,08 47 09.462,+24 30 41.48,1,15.446,,,573-045231,08470946+2430416,4518-301-3-0030-0136,STAR,gri,rpm,2.5,4.1,-32.4,4.8,,,17.729,0.24,16.160999999999998,0.08,,,16.987000000000002,0.05,15.565999999999999,0.08,14.786,0.086,,,13.097000000000001,0.022000000000000002,12.5,0.022000000000000002,12.284,0.021,3675.0,131.0,58.0,4.984,0.025,0.07,-0.025,0.06,0.08,0.3,0.059000000000000004,0.026000000000000002,0.325,0.078,0.047,11.32,1.827,3.175,126.5,31.3,15.71,0.019,0.009000000000000001,0.002,,,
8818,8818,8818,212207194,08 38 16.889,+24 30 43.38,1,12.285,,,573-044868,08381688+2430433,,STAR,gri,rpm,1.3,0.8,-10.8,1.1,,,12.809000000000001,0.05,12.21,0.07,,,12.515,0.01,12.067,0.05,12.186,0.53,,,11.15,0.021,10.857000000000001,0.018000000000000002,10.802999999999999,0.018000000000000002,5986.0,119.0,119.0,4.181,0.2,0.2,-0.057,0.15,0.21,1.4180000000000001,0.371,0.39399999999999996,1.095,0.124,0.10300000000000001,0.35200000000000004,0.4320000000000001,0.171,457.6,114.5,122.9,0.03,0.006999999999999999,0.006,,,
8819,8819,8819,212207208,08 53 24.331,+24 30 44.73,1,17.999000000000006,,,,08532433+2430447,,STAR,J,col,,,,,,,,,,,,,,,,,,,,,16.464000000000002,0.146,15.764000000000001,0.182,15.435,0.188,3942.0,603.0,377.0,4.896,0.15,0.18,-0.254,0.25,0.4,0.337,0.226,0.11699999999999999,0.391,0.22699999999999998,0.18899999999999997,7.097,8.976,3.963,744.9,613.7,336.5,0.032,0.008,0.006999999999999999,,,
8820,8820,8820,212207277,08 44 23.392,+24 30 54.14,1,12.609000000000002,,,573-045125,08442339+2430540,,STAR,gri,rpm,2.3,1.4,1.5,1.2,,,13.011,0.03,12.399000000000001,0.06,,,12.671,0.02,12.235,0.05,12.583,0.62,,,11.484000000000002,0.027000000000000003,11.182,0.023,11.117,0.023,5976.0,142.0,178.0,4.072,0.287,0.205,-0.111,0.18,0.24,1.538,0.501,0.431,1.112,0.147,0.122,0.29100000000000004,0.395,0.149,583.2,151.0,179.7,0.033,0.006999999999999999,0.006,,,
8821,8821,8821,212207279,08 43 51.937,+24 30 54.27,1,17.115,,,,,4517-301-4-0135-0226,EXTENDED,gri,,2.0,3.0,1.0,3.0,,,,,,,19.639,0.127,17.868,0.012,17.166,0.009000000000000001,16.793,0.009000000000000001,16.616,0.03,,,,,,,,,,,,,,,,,,,,,,,,,,,,,,,,,
8822,8822,8822,212207309,08 53 18.110,+24 30 57.54,1,17.842,,,,08531811+2430575,,STAR,J,col,,,,,,,,,,,,,,,,,,,,,16.320999999999998,0.125,15.239,0.11599999999999999,15.052999999999999,0.145,4055.0,298.0,298.0,4.831,0.16,0.1,-0.254,0.25,0.3,0.428,0.102,0.13699999999999998,0.48,0.111,0.177,5.409,5.686,1.9569999999999999,912.7,367.6,344.5,0.034,0.01,0.008,,,
8823,8823,8823,212207310,08 50 37.355,+24 30 57.55,1,12.869000000000002,,,573-045349,08503736+2430577,,STAR,gri,rpm,-9.8,1.8,-26.6,2.1,,,13.784,0.02,13.083,0.03,,,13.41,0.03,12.863,0.02,12.638,0.02,,,11.645,0.022000000000000002,11.244000000000002,0.016,11.185,0.019,5405.0,84.0,127.0,3.5780000000000003,0.987,0.564,-0.84,0.65,0.65,2.11,2.381,1.3769999999999998,0.855,0.069,0.057,0.08199999999999999,1.347,0.07400000000000001,746.4,777.6,471.7,0.034,0.006999999999999999,0.008,,,
8824,8824,8824,212207327,08 42 30.601,+24 30 59.13,1,12.092,,1942-1383-1,573-045044,08423061+2430594,,STAR,gri,rpm,-16.0,2.3,-1.2,2.5,,,12.794,0.301,12.716,0.302,,,12.125,0.03,11.639000000000001,0.05,12.078,0.65,,,10.729000000000001,0.019,10.407,0.018000000000000002,10.352,0.018000000000000002,5835.0,139.0,139.0,4.2360000000000015,0.19,0.38,-0.067,0.15,0.24,1.242,0.782,0.26899999999999996,1.058,0.165,0.099,0.488,0.584,0.373,328.7,194.2,87.5,0.03,0.01,0.008,,,
8825,8825,8825,212207334,08 39 50.548,+24 30 59.85,1,19.005,,,,08395054+2430598,4517-301-5-0129-0344,STAR,gri,rpm,19.0,7.0,-106.0,7.0,,,,,,,22.781,0.369,20.888,0.033,19.407,0.013999999999999999,18.198,0.009000000000000001,17.55,0.013999999999999999,16.328,0.10099999999999999,15.808,0.14,15.514000000000001,0.187,3743.0,44.0,163.0,5.1610000000000005,0.02,0.026000000000000002,-0.7509999999999999,0.36,0.18,0.17800000000000002,0.013999999999999999,0.008,0.16899999999999998,0.016,0.012,29.48,1.7690000000000001,3.5660000000000003,335.5,11.31,51.26,0.033,0.008,0.004,,,
8826,8826,8826,212207368,08 44 13.310,+24 31 02.61,1,15.626,,,573-045120,08441331+2431034,4508-301-4-0126-0266,STAR,JHK,rpm,-35.0,8.0,-291.0,8.0,,,,,,,,,,,,,,,,,13.552,0.023,12.982000000000001,0.023,12.747,0.025,3090.0,655.0,364.0,5.199,0.06,0.156,-0.221,0.2,0.36,0.14400000000000002,0.091,0.027000000000000003,0.12300000000000001,0.115,0.03,37.28,15.38,21.0,57.38,32.15,20.6,0.009000000000000001,0.006,0.003,,,
8827,8827,8827,212207411,08 44 03.297,+24 31 06.59,1,18.244,,,,,4508-301-4-0126-0218,EXTENDED,gri,,6.0,3.0,6.0,3.0,,,,,,,19.824,0.059000000000000004,18.674,0.011000000000000001,18.302,0.011000000000000001,18.06,0.012,18.031,0.043,,,,,,,,,,,,,,,,,,,,,,,,,,,,,,,,,
8828,8828,8828,212207415,08 43 43.450,+24 31 07.24,1,19.955,,,,,4517-301-4-0134-0256,STAR,gri,,-1.0,5.0,-7.0,5.0,,,,,,,20.824,0.085,20.069000000000006,0.019,19.917,0.021,19.87,0.024,19.83,0.10400000000000001,,,,,,,,,,,,,,,,,,,,,,,,,,,,,,,,,
8829,8829,8829,212207434,08 47 57.052,+24 31 08.81,1,12.799000000000001,,,573-045260,08475706+2431088,,STAR,gri,rpm,-13.1,0.6,-8.6,1.1,,,13.184000000000001,0.07,12.642000000000001,0.08,,,12.886,0.02,12.466,0.08,12.761,0.58,,,11.617,0.019,11.343,0.021,11.295,0.019,6061.0,146.0,146.0,4.229,0.14,0.22399999999999998,-0.14,0.16,0.28,1.304,0.389,0.261,1.0959999999999999,0.10800000000000001,0.13,0.486,0.349,0.282,526.2,170.4,95.53,0.033,0.008,0.006999999999999999,,,
8830,8830,8830,212207435,08 47 55.684,+24 31 08.89,1,15.88,,,573-045259,08475570+2431088,4508-301-3-0131-0117,STAR,BV,col,,,,,,,18.136,0.43,16.279,0.073,,,,,,,,,,,13.681,0.022000000000000002,12.957,0.023,12.776,0.025,4140.0,122.0,122.0,4.775,0.04,0.04,-0.018000000000000002,0.15,0.18,0.513,0.039,0.05,0.579,0.040999999999999995,0.057999999999999996,4.093999999999999,0.8740000000000001,0.609,330.1,37.73,46.41,0.031,0.01,0.006999999999999999,,,
8831,8831,8831,212207436,08 52 07.014,+24 31 08.97,1,12.969000000000001,,,573-045400,08520701+2431090,,STAR,gri,rpm,2.5,1.4,-17.5,1.8,,,13.710999999999999,0.03,13.11,0.03,,,13.39,0.04,12.933,0.02,12.788,0.02,,,11.931,0.021,11.612,0.03,11.607000000000001,0.026000000000000002,5868.0,115.0,115.0,4.353,0.09,0.342,-0.205,0.2,0.2,1.087,0.524,0.142,0.992,0.073,0.102,0.777,0.308,0.5429999999999999,496.0,240.3,82.68,0.03,0.008,0.006,,,
8832,8832,8832,212207452,08 57 19.207,+24 31 10.35,1,13.499,,,573-045555,08571920+2431103,,STAR,gri,rpm,-54.7,4.6,-11.6,5.0,,,15.815,0.065,14.308,0.038,,,15.115,0.04,13.615,0.03,12.807,0.04,,,11.214,0.022000000000000002,10.557,0.021,10.318,0.018000000000000002,3649.0,58.0,36.0,4.999,0.02,0.027000000000000003,-0.024,0.08,0.1,0.281,0.033,0.006,0.292,0.049,0.006999999999999999,13.01,0.7809999999999999,2.19,60.04,5.641,9.87,0.009000000000000001,0.003,0.002,,,
8833,8833,8833,212207454,08 48 18.691,+24 31 10.67,1,14.434000000000001,,,573-045275,08481869+2431105,,STAR,gri,rpm,-8.8,4.6,-1.8,5.1,,,15.455,0.1,14.533,0.07,,,15.02,0.03,14.171,0.09,14.183,0.59,,,12.831,0.019,12.356,0.019,12.199000000000002,0.02,4982.0,99.0,99.0,4.553,0.06,1.17,-0.133,0.25,0.35,0.7959999999999999,2.665,0.087,0.8540000000000001,0.255,0.075,1.6119999999999999,0.39399999999999996,1.587,455.7,1468.0,62.07,0.032,0.008,0.006,,,
8834,8834,8834,212207456,08 38 32.554,+24 31 11.02,1,12.883,,,573-044881,08383254+2431110,,STAR,gri,rpm,0.9,1.8,-2.8,2.3,,,13.909,0.04,12.950999999999999,0.06,,,13.418,0.04,12.67,0.03,12.652999999999999,0.53,,,11.263,0.021,10.764000000000001,0.021,10.662,0.018000000000000002,4940.0,59.0,79.0,2.9139999999999997,0.48,0.5760000000000001,-0.46299999999999997,0.24,0.2,5.85,4.223,2.4530000000000003,1.032,0.20199999999999999,0.092,0.004,0.019,0.004,1496.0,1010.0,602.9,0.033,0.006999999999999999,0.006,,,
8835,8835,8835,212207479,08 38 44.352,+24 31 14.39,1,12.262,,,573-044888,08384434+2431144,,STAR,gri,rpm,0.1,2.9,-4.9,1.9,,,13.352,0.04,12.347000000000001,0.05,,,12.829,0.05,12.027000000000001,0.05,12.02,0.52,,,10.632,0.021,10.144,0.019,10.02,0.017,4905.0,79.0,99.0,2.7969999999999997,0.5579999999999999,0.465,-0.384,0.3,0.25,6.67,4.098,3.259,1.094,0.27,0.135,0.003,0.02,0.002,1365.0,734.8,618.1,0.033,0.011000000000000001,0.006,,,
8836,8836,8836,212207490,08 48 13.960,+24 31 15.58,1,11.535,,1943-1597-1,573-045269,08481396+2431155,,STAR,gri,rpm,2.2,1.9,-8.1,1.9,,,11.743,0.08900000000000001,11.357999999999999,0.10300000000000001,,,11.557,0.02,11.182,0.08,11.525,0.58,,,10.401,0.018000000000000002,10.161,0.016,10.136000000000001,0.018000000000000002,6268.0,150.0,150.0,4.053999999999999,0.22,0.22,-0.053,0.12,0.18,1.669,0.6890000000000001,0.41700000000000004,1.2770000000000001,0.225,0.14,0.25,0.31,0.155,382.8,162.4,97.72,0.031,0.008,0.006999999999999999,,,
8837,8837,8837,212207491,08 46 28.521,+24 31 15.61,1,12.257,,1943-1209-1,573-045199,08462851+2431157,,STAR,gri,lam,4.6,2.2,-42.8,2.4,,,13.196,0.415,12.202,0.235,,,12.515,0.02,11.784,0.07,12.145999999999999,0.66,,,10.508,0.021,10.03,0.021,9.937999999999999,0.019,5052.0,60.0,101.0,3.085,0.114,0.171,-0.821,0.18,0.1,4.535,0.978,0.521,0.9059999999999999,0.09699999999999999,0.018000000000000002,0.009000000000000001,0.005,0.004,886.0,165.6,117.9,0.036000000000000004,0.005,0.006999999999999999,,,
8838,8838,8838,212207552,08 38 46.453,+24 31 21.73,1,11.868,,1942-1653-1,573-044891,08384644+2431217,,STAR,gri,rpm,-15.6,3.0,-21.2,3.0,,,12.57,0.324,11.787,0.215,,,12.167,0.04,11.639000000000001,0.05,11.739,0.53,,,10.605,0.021,10.29,0.021,10.206,0.018000000000000002,5749.0,159.0,91.0,4.294,0.19,0.456,-0.09699999999999999,0.18,0.18,1.175,0.845,0.256,1.037,0.153,0.085,0.5429999999999999,0.528,0.42100000000000004,295.0,177.7,75.31,0.028999999999999998,0.008,0.006999999999999999,,,
8839,8839,8839,212207583,08 39 41.159,+24 31 24.82,1,11.908,,,573-044924,08394115+2431248,,STAR,gri,rpm,-1.9,1.2,-6.7,1.8,,,12.993,0.03,11.892000000000001,0.04,,,12.427999999999999,0.03,11.534,0.05,11.685,0.63,,,10.067,0.022000000000000002,9.521,0.021,9.396,0.018000000000000002,4727.0,76.0,76.0,2.479,0.4370000000000001,0.115,-0.17600000000000002,0.15,0.18,10.642999999999999,0.888,4.405,1.199,0.2,0.166,0.001,0.004,0.000312,1492.0,142.5,560.7,0.033,0.01,0.006999999999999999,,,
8840,8840,8840,212207595,08 41 56.804,+24 31 25.32,1,17.475,,,,08415680+2431253,,STAR,J,col,,,,,,,,,,,,,,,,,,,,,15.981,0.07200000000000001,15.49,0.102,14.68,0.092,3503.0,206.0,289.0,5.0680000000000005,0.102,0.085,-0.076,0.16,0.24,0.21600000000000005,0.07400000000000001,0.064,0.19899999999999998,0.109,0.068,18.82,14.8,7.216,320.8,149.3,118.0,0.027999999999999997,0.01,0.008,,,
8841,8841,8841,212207605,08 38 25.875,+24 31 26.13,1,10.867,,1942-2280-1,573-044875,08382587+2431261,,STAR,gri,rpm,5.6,1.7,-11.5,1.8,,,11.839,0.154,11.029000000000002,0.10400000000000001,,,11.526,0.04,10.659,0.03,10.584000000000001,0.53,,,9.119,0.021,8.571,0.016,8.445,0.018000000000000002,4741.0,75.0,75.0,2.467,0.38,0.114,-0.212,0.15,0.18,10.87,0.713,3.903,1.215,0.24100000000000002,0.172,0.0009609999999999999,0.003,0.000242,983.0,73.22,320.9,0.033,0.01,0.006999999999999999,,,
8842,8842,8842,212207612,08 42 08.065,+24 31 27.01,1,12.081,,,573-045024,08420806+2431270,,STAR,gri,rpm,-10.9,1.5,-1.7,1.8,,,13.270999999999999,0.02,11.99,0.06,,,12.637,0.02,11.591,0.04,11.843,0.65,,,10.065,0.02,9.497,0.022000000000000002,9.345,0.018000000000000002,4549.0,72.0,54.0,2.555,0.276,0.23,0.069,0.1,0.14,9.527000000000001,2.248,2.445,1.23,0.13699999999999998,0.13699999999999998,0.001,0.002,0.000696,1353.0,251.4,357.5,0.036000000000000004,0.01,0.008,,,
8843,8843,8843,212207634,08 40 34.891,+24 31 30.11,1,12.665999999999999,,,573-044960,08403489+2431299,,STAR,gri,rpm,5.1,1.8,2.1,2.0,,,13.469000000000001,0.042,12.782,0.01,,,13.102,0.02,12.594000000000001,0.01,12.48,0.03,,,11.613,0.018000000000000002,11.329,0.018000000000000002,11.262,0.02,5859.0,95.0,95.0,4.149,0.252,0.21,0.051,0.15,0.15,1.485,0.4370000000000001,0.502,1.12,0.13,0.109,0.33899999999999997,0.597,0.175,551.4,181.6,174.1,0.034,0.006999999999999999,0.006999999999999999,,,
8844,8844,8844,212207638,08 42 20.012,+24 31 31.36,1,10.755999999999998,,1942-1900-1,573-045038,08422001+2431314,,STAR,gri,rpm,-10.2,1.4,-25.9,1.5,,,11.612,0.109,10.59,0.062,,,11.095999999999998,0.03,10.307,0.04,10.610999999999999,0.64,,,9.012,0.018000000000000002,8.525,0.018000000000000002,8.414,0.018000000000000002,4915.0,79.0,59.0,3.1710000000000003,0.36,0.792,-0.317,0.25,0.3,4.535,5.5710000000000015,1.4969999999999999,1.077,0.22,0.165,0.012,0.027000000000000003,0.011000000000000001,427.0,481.7,134.3,0.031,0.008,0.006999999999999999,,,
8845,8845,8845,212207670,08 50 53.453,+24 31 34.99,1,13.421,,,573-045358,08505345+2431352,,STAR,gri,rpm,8.7,2.6,-27.3,2.9,,,15.675999999999998,0.02,14.209000000000001,0.03,,,15.030999999999999,0.04,13.628,0.04,12.731,0.04,,,11.083,0.02,10.478,0.016,10.253,0.016,3485.0,306.0,34.0,5.065,0.02,0.078,-0.012,0.05,0.2,0.22399999999999998,0.084,0.004,0.214,0.12300000000000001,0.004,18.9,1.1340000000000001,7.354,36.69,16.74,1.101,0.011000000000000001,0.002,0.003,,,
8846,8846,8846,212207676,08 48 17.945,+24 31 35.43,1,12.21,,,573-045274,08481795+2431354,,STAR,gri,rpm,-31.5,1.4,-4.3,1.7,,,13.234000000000002,0.08,12.229000000000001,0.08,,,12.773,0.02,11.825999999999999,0.08,11.968,0.59,,,10.454,0.018000000000000002,9.939,0.016,9.849,0.019,4836.0,77.0,58.0,4.558,0.066,1.254,-0.006999999999999999,0.12,0.24,0.7829999999999999,3.053,0.07200000000000001,0.857,0.303,0.079,1.659,0.439,1.64,189.1,432.5,64.86,0.025,0.01,0.01,,,
8847,8847,8847,212207679,08 54 42.738,+24 31 35.54,1,14.349,,,573-045470,08544274+2431355,,STAR,gri,rpm,-3.7,3.1,-49.4,3.4,,,16.207,0.05,14.925,0.04,,,15.651,0.02,14.359000000000002,0.05,13.792,0.04,,,12.414000000000001,0.025,11.727,0.026000000000000002,11.561,0.023,4000.0,80.0,64.0,4.825,0.04,0.048,-0.04,0.21,0.15,0.452,0.051,0.039,0.512,0.05,0.040999999999999995,5.2860000000000005,1.069,0.889,157.2,21.8,16.12,0.023,0.006,0.006,,,
8848,8848,8848,212207692,08 45 14.728,+24 31 36.49,1,14.684000000000001,,,573-045163,08451473+2431365,,STAR,gri,rpm,0.8,4.6,3.7,5.0,,,15.376,0.02,14.519,0.06,,,14.927,0.03,14.231,0.04,14.58,0.65,,,13.052999999999999,0.023,12.558,0.023,12.482000000000001,0.023,5045.0,99.0,79.0,3.4539999999999997,1.0959999999999999,0.685,-0.46,0.35,0.42,3.025,3.123,2.293,0.9079999999999999,0.159,0.099,0.033,1.3430000000000002,0.03,1683.0,1668.0,1259.0,0.034,0.008,0.008,,,
8849,8849,8849,212207700,08 43 06.194,+24 31 37.65,1,16.624000000000002,,,,08430619+2431376,4517-301-4-0134-0171,EXTENDED,gri,,4.0,3.0,-5.0,3.0,,,,,,,19.015,0.067,17.426,0.006999999999999999,16.709,0.005,16.28,0.005,15.959000000000001,0.012,15.779000000000002,0.078,15.107999999999999,0.08199999999999999,14.684000000000001,0.09300000000000001,,,,,,,,,,,,,,,,,,,,,,,,,,,
8850,8850,8850,212207705,08 55 14.861,+24 31 38.07,1,14.588,,,573-045487,08551486+2431381,,STAR,gri,rpm,-1.4,3.1,-5.7,3.4,,,15.885,0.08,14.93,0.02,,,15.444,0.03,14.568,0.07,14.222000000000001,0.02,,,13.103,0.023,12.558,0.022000000000000002,12.45,0.023,4765.0,113.0,75.0,4.605,0.045,2.07,-0.136,0.16,0.48,0.728,8.027999999999999,0.069,0.7929999999999999,0.18100000000000002,0.07,2.01,0.40700000000000003,2.009,445.1,4614.0,55.65,0.032,0.012,0.006,,,
8851,8851,8851,212207723,08 53 55.674,+24 31 39.94,1,16.938,,,,08535567+2431399,4518-301-1-0039-0121,EXTENDED,gri,,-2.0,3.0,5.0,3.0,,,,,,,19.730999999999998,0.05,17.807000000000006,0.006,16.954,0.005,16.566,0.004,16.273,0.009000000000000001,15.312000000000001,0.059000000000000004,14.706,0.081,14.567,0.092,,,,,,,,,,,,,,,,,,,,,,,,,,,
8852,8852,8852,212207738,08 42 41.311,+24 31 41.25,1,14.582,,,573-045052,08424131+2431413,,STAR,gri,rpm,12.3,4.5,-27.6,5.0,,,16.437,0.04,14.921,0.07,,,15.774000000000001,0.04,14.325,0.04,14.072000000000001,0.58,,,12.149000000000001,0.019,11.459000000000001,0.018000000000000002,11.293,0.02,3961.0,95.0,95.0,4.856,0.03,0.054000000000000006,-0.061,0.15,0.15,0.43,0.057,0.034,0.484,0.069,0.034,5.968999999999999,0.98,1.3359999999999999,129.4,24.33,11.61,0.019,0.004,0.004,,,
8853,8853,8853,212207786,08 58 49.975,+24 31 45.38,1,14.585,,,573-045601,08584998+2431454,4569-301-4-0159-0013,STAR,gri,rpm,-29.7,4.4,-30.3,4.8,,,16.012,0.06,15.037,0.05,,,15.530999999999999,0.03,14.520999999999999,0.05,14.179,0.07,,,12.927,0.022000000000000002,12.3,0.021,12.229000000000001,0.024,4499.0,72.0,72.0,4.694,0.025,0.035,-0.22399999999999998,0.24,0.16,0.606,0.042,0.039,0.6609999999999999,0.053,0.044000000000000004,2.949,0.39799999999999996,0.41600000000000004,311.6,30.7,27.94,0.027999999999999997,0.006999999999999999,0.005,,,
8854,8854,8854,212207787,08 43 26.684,+24 31 45.42,1,18.313,,,,08432668+2431454,4517-301-4-0134-0223,EXTENDED,gri,,5.0,3.0,1.0,3.0,,,,,,,19.695,0.047,18.811,0.01,18.483,0.01,18.1,0.01,18.029,0.034,16.895,0.136,,,,,,,,,,,,,,,,,,,,,,,,,,,,,,,
8855,8855,8855,212207797,08 42 34.646,+24 31 46.64,1,13.732999999999999,,,573-045049,08423465+2431466,,STAR,gri,rpm,1.9,2.5,2.8,3.2,,,14.672,0.02,13.622,0.06,,,14.138,0.03,13.309000000000001,0.04,13.56,0.65,,,11.894,0.018000000000000002,11.309000000000001,0.016,11.222000000000001,0.02,4756.0,76.0,76.0,2.465,0.6,0.96,-0.528,0.35,0.91,7.853,13.735999999999999,3.375,0.9309999999999999,0.205,0.11699999999999999,0.001,0.006999999999999999,0.001,2718.0,4431.0,1197.0,0.034,0.011000000000000001,0.006999999999999999,,,
8856,8856,8856,212207805,08 40 33.947,+24 31 48.11,1,12.173,,1942-1061-1,573-044959,08403396+2431480,,STAR,gri,rpm,-5.6,4.4,3.4,4.5,,,12.970999999999998,0.424,11.859000000000002,0.21,,,12.617,0.01,11.71,0.05,11.982000000000001,0.65,,,10.244000000000002,0.018000000000000002,9.709,0.016,9.582,0.018000000000000002,4727.0,75.0,75.0,2.522,0.522,0.174,-0.175,0.18,0.15,9.769,1.825,4.25,1.204,0.196,0.163,0.001,0.006,0.000408,1550.0,189.1,658.0,0.035,0.01,0.006999999999999999,,,
8857,8857,8857,212207828,08 48 21.574,+24 31 51.51,1,15.702,,,,08482157+2431515,4508-301-3-0132-0270,EXTENDED,gri,,-1.0,3.0,5.0,3.0,,,,,,,17.718,0.018000000000000002,16.410999999999998,0.003,15.744000000000002,0.003,15.398,0.003,15.116,0.006,14.571,0.045,13.853,0.052000000000000005,13.522,0.05,,,,,,,,,,,,,,,,,,,,,,,,,,,
8858,8858,8858,212207858,08 42 14.252,+24 31 55.22,1,14.706,,,573-045033,08421425+2431552,,STAR,gri,rpm,-7.9,4.6,-16.5,5.1,,,15.397,0.04,14.514000000000001,0.04,,,14.957,0.03,14.222000000000001,0.04,14.599,0.69,,,13.078,0.021,12.642999999999999,0.021,12.509,0.023,5157.0,103.0,103.0,4.5710000000000015,0.035,0.049,-0.136,0.2,0.28,0.779,0.077,0.059000000000000004,0.828,0.07200000000000001,0.07200000000000001,1.709,0.336,0.32299999999999995,509.1,64.23,47.99,0.033,0.011000000000000001,0.006,,,
8859,8859,8859,212207864,08 55 51.594,+24 31 55.99,1,17.977999999999994,,,,08555159+2431559,,STAR,J,,,,,,,,,,,,,,,,,,,,,,16.445,0.127,,,,,,,,,,,,,,,,,,,,,,,,,,,,,,,
8860,8860,8860,212207871,08 51 50.935,+24 31 56.50,1,16.656,,,573-045387,08515095+2431571,,STAR,JHK,rpm,28.8,18.6,-69.7,18.5,,,,,,,,,,,,,,,,,14.987,0.048,14.405,0.061,14.311,0.068,3817.0,510.0,364.0,4.959,0.132,0.154,-0.354,0.3,0.48,0.298,0.146,0.098,0.315,0.168,0.14,10.49,9.498,5.651,299.6,203.4,121.2,0.027999999999999997,0.01,0.008,,,
8861,8861,8861,212207926,08 44 56.871,+24 32 04.34,1,15.616,,,573-045149,08445688+2432043,4508-301-4-0127-0288,STAR,gri,rpm,-11.3,4.4,-16.9,4.7,,,17.792,0.07,16.39,0.03,,,17.164,0.1,15.74,0.02,14.953,0.091,,,13.142000000000001,0.023,12.41,0.022000000000000002,12.222000000000001,0.022000000000000002,3951.0,47.0,47.0,4.822,0.027999999999999997,0.02,0.13,0.1,0.12,0.465,0.021,0.03,0.526,0.021,0.034,5.126,0.705,0.397,222.6,10.49,17.71,0.025,0.006999999999999999,0.005,,,
8862,8862,8862,212207976,08 59 11.277,+24 32 10.35,1,17.928,,,,,4569-301-4-0159-0758,EXTENDED,gri,,-11.0,4.0,-48.0,4.0,,,,,,,18.727999999999998,0.10300000000000001,19.314,0.07200000000000001,16.979,0.023,17.334,0.033,16.791,0.08,,,,,,,,,,,,,,,,,,,,,,,,,,,,,,,,,
8863,8863,8863,212207978,08 48 32.426,+24 32 10.70,1,12.51,,,573-045281,08483242+2432106,,STAR,gri,lam,-39.0,1.3,11.2,1.5,,,13.004000000000001,0.08,12.368,0.09,,,12.674000000000001,0.02,12.159,0.09,12.44,0.6,,,11.172,0.02,10.870999999999999,0.021,10.815999999999999,0.019,5916.0,107.0,178.0,4.416,0.054000000000000006,0.081,-0.21,0.15,0.15,1.003,0.10099999999999999,0.07,0.972,0.08199999999999999,0.059000000000000004,0.946,0.17800000000000002,0.228,320.8,41.47,27.95,0.028999999999999998,0.008,0.006999999999999999,,,
8864,8864,8864,212208001,08 40 14.027,+24 32 13.58,1,12.217,,1942-1337-1,573-044950,08401402+2432135,,STAR,gri,rpm,12.8,1.9,-0.5,2.0,,,11.96,0.14800000000000002,11.524000000000001,0.139,,,12.112,0.03,11.770999999999999,0.05,12.262,0.65,,,11.005,0.022000000000000002,10.755999999999998,0.016,10.715,0.019,6262.0,148.0,148.0,4.183,0.14400000000000002,0.24,-0.087,0.12,0.21,1.416,0.542,0.23,1.187,0.183,0.131,0.387,0.267,0.226,444.3,162.0,70.47,0.03,0.006,0.006999999999999999,,,
8865,8865,8865,212208058,08 44 18.243,+24 32 20.26,1,17.160999999999998,,,,08441824+2432202,4508-301-4-0127-0143,EXTENDED,gri,,-4.0,3.0,-2.0,3.0,,,,,,,20.2,0.081,18.15,0.008,17.162,0.006,16.737000000000002,0.005,16.410999999999998,0.012,15.732999999999999,0.069,15.106,0.073,14.652000000000001,0.085,,,,,,,,,,,,,,,,,,,,,,,,,,,
8866,8866,8866,212208160,08 55 42.789,+24 32 32.81,1,15.481,,,573-045496,08554278+2432329,4508-301-1-0142-0054,STAR,gri,rpm,3.9,3.1,2.8,3.5,,,16.339000000000002,0.076,15.769,0.01,,,16.095,0.053,15.39,0.03,15.217,0.13,,,14.280999999999999,0.03,13.927,0.039,13.75,0.043,5324.0,160.0,160.0,4.547,0.04,0.055999999999999994,-0.151,0.2,0.28,0.8109999999999999,0.087,0.066,0.8640000000000001,0.067,0.08,1.555,0.293,0.33399999999999996,957.0,156.6,98.16,0.034,0.01,0.006999999999999999,,,
8867,8867,8867,212208163,08 41 05.311,+24 32 33.00,1,15.437000000000001,,,573-044981,08410530+2432328,,STAR,gri,rpm,2.2,4.5,-10.5,5.0,,,15.857999999999999,0.04,15.494000000000002,0.08,,,15.616,0.03,15.378,0.07,15.370999999999999,0.105,,,14.515999999999998,0.028999999999999998,14.120999999999999,0.037000000000000005,14.182,0.057999999999999996,6102.0,144.0,180.0,4.312,0.135,0.27,-0.8440000000000001,0.35,0.35,1.044,0.37799999999999995,0.184,0.85,0.069,0.057,0.703,0.46399999999999997,0.42,1612.0,577.5,316.6,0.033,0.006999999999999999,0.006999999999999999,,,
8868,8868,8868,212208271,08 42 12.811,+24 32 46.58,1,14.798,,,573-045031,08421281+2432466,,STAR,gri,rpm,-7.1,4.6,1.6,5.0,,,15.597999999999999,0.02,14.602,0.05,,,15.077,0.03,14.32,0.04,14.679,0.7,,,12.99,0.021,12.526,0.019,12.422,0.022000000000000002,5047.0,101.0,80.0,4.559,0.045,1.1340000000000001,-0.165,0.2,0.36,0.809,2.596,0.083,0.865,0.19399999999999998,0.081,1.5830000000000002,0.342,1.555,506.5,1518.0,56.12,0.032,0.011000000000000001,0.008,,,
8869,8869,8869,212208343,08 52 34.609,+24 32 52.94,1,12.225,,,573-045409,08523459+2432529,,STAR,gri,rpm,-2.7,1.3,2.5,1.5,,,13.286,0.04,12.453,0.02,,,12.873,0.04,12.21,0.03,11.948,0.02,,,10.885,0.021,10.425999999999998,0.031,10.383,0.023,5020.0,123.0,61.0,2.4530000000000003,0.7140000000000001,0.126,-0.743,0.25,0.3,9.281,1.3459999999999999,4.9719999999999995,0.9390000000000001,0.09,0.064,0.001,0.011000000000000001,0.00037200000000000004,1985.0,338.6,981.8,0.032,0.006999999999999999,0.005,,,
8870,8870,8870,212208371,08 39 56.372,+24 32 56.53,1,15.074000000000002,,,573-044930,08395636+2432565,,STAR,gri,rpm,-0.3,4.4,-7.5,5.0,,,16.16,0.06,15.302999999999999,0.1,,,15.659,0.03,15.027000000000001,0.05,14.823,0.08800000000000001,,,13.764000000000001,0.025,13.352,0.027999999999999997,13.217,0.033,5316.0,127.0,127.0,4.55,0.04,0.152,-0.223,0.2,0.4,0.807,0.326,0.073,0.86,0.063,0.08800000000000001,1.5730000000000002,0.318,0.899,759.8,253.0,85.74,0.034,0.01,0.006999999999999999,,,
8871,8871,8871,212208401,08 43 57.436,+24 33 01.19,1,19.012999999999998,,,,,4517-301-4-0135-0115,STAR,gri,,2.0,4.0,-2.0,4.0,,,,,,,19.495,0.033,19.34,0.012,18.985,0.011000000000000001,18.873,0.012,19.021,0.052000000000000005,,,,,,,,,,,,,,,,,,,,,,,,,,,,,,,,,
8872,8872,8872,212208469,08 40 54.950,+24 33 09.21,1,12.290999999999999,,1942-1807-1,573-044975,08405495+2433091,,STAR,gri,rpm,-5.0,2.0,-13.4,2.2,,,12.225,0.18600000000000005,11.982000000000001,0.20600000000000002,,,12.214,0.02,11.833,0.04,12.324000000000002,0.65,,,11.069,0.019,10.845999999999998,0.018000000000000002,10.773,0.018000000000000002,6244.0,150.0,125.0,4.21,0.11,0.242,-0.057,0.12,0.18,1.3840000000000001,0.52,0.187,1.2,0.162,0.135,0.41600000000000004,0.2,0.24,459.2,157.1,81.8,0.031,0.008,0.006,,,
8873,8873,8873,212208487,08 51 07.215,+24 33 10.94,1,15.193,,,573-045365,08510721+2433110,4518-301-2-0035-0088,STAR,gri,rpm,0.3,3.1,1.2,3.7,,,16.44,0.13,15.536,0.06,,,15.696,0.49,15.275,0.05,14.978,0.09,,,13.86,0.024,13.353,0.024,13.28,0.032,4963.0,147.0,118.0,4.546,0.078,2.015,-0.35200000000000004,0.3,0.72,0.805,7.3039999999999985,0.11699999999999999,0.8170000000000001,0.127,0.064,1.5130000000000001,0.595,1.5119999999999998,766.7,6226.0,152.1,0.034,0.01,0.006999999999999999,,,
8874,8874,8874,212208503,08 43 22.665,+24 33 13.00,1,12.97,,,573-045082,08432265+2433130,,STAR,gri,rpm,-1.4,2.6,10.8,2.4,,,13.703,0.03,12.857999999999999,0.04,,,13.267000000000001,0.04,12.607000000000001,0.03,12.843,0.62,,,11.440999999999999,0.022000000000000002,10.915,0.019,10.854000000000001,0.018000000000000002,5002.0,98.0,98.0,2.7910000000000004,0.609,0.522,-0.738,0.35,0.35,5.746,4.9830000000000005,2.6689999999999996,0.909,0.134,0.032,0.003,0.023,0.003,1795.0,1307.0,846.8,0.033,0.008,0.006999999999999999,,,
8875,8875,8875,212208506,08 41 11.644,+24 33 13.23,1,17.373,,,,,4508-301-5-0123-0189,EXTENDED,gri,,8.0,3.0,-12.0,3.0,,,,,,,20.221,0.077,18.294,0.009000000000000001,17.333,0.006,16.977999999999998,0.006,16.663,0.013000000000000001,,,,,,,,,,,,,,,,,,,,,,,,,,,,,,,,,
8876,8876,8876,212208510,08 40 47.278,+24 33 13.50,1,17.453,,,,,4508-301-5-0122-0252,EXTENDED,gri,,-19.0,3.0,-2.0,3.0,,,,,,,19.261,0.054000000000000006,18.005,0.012,17.532,0.01,17.215999999999998,0.011000000000000001,17.08,0.027000000000000003,,,,,,,,,,,,,,,,,,,,,,,,,,,,,,,,,
8877,8877,8877,212208550,08 51 00.215,+24 33 19.13,1,17.117,,,,08510021+2433191,,STAR,J,col,,,,,,,,,,,,,,,,,,,,,15.647,0.069,14.912,0.07400000000000001,14.372,0.07400000000000001,3587.0,356.0,356.0,5.002,0.13,0.13,-0.092,0.16,0.24,0.24100000000000002,0.125,0.08199999999999999,0.254,0.17300000000000001,0.10800000000000001,13.09,13.95,6.754,323.4,232.2,154.4,0.028999999999999998,0.009000000000000001,0.009000000000000001,,,
8878,8878,8878,212208564,08 48 27.133,+24 33 22.00,1,17.961,,,,08482713+2433219,4508-301-3-0132-0310,EXTENDED,gri,,3.0,3.0,-3.0,3.0,,,,,,,20.629,0.086,18.882,0.011000000000000001,17.985,0.008,17.566,0.006999999999999999,17.303,0.017,16.547,0.122,15.879000000000001,0.13,15.217,0.14,,,,,,,,,,,,,,,,,,,,,,,,,,,
8879,8879,8879,212208596,08 51 31.234,+24 33 26.48,1,14.175999999999998,,,573-045377,08513123+2433267,,STAR,gri,rpm,-13.2,3.2,-17.0,3.5,,,15.509,0.01,14.572000000000001,0.05,,,15.099,0.04,14.162,0.03,13.78,0.03,,,12.584000000000001,0.019,12.022,0.017,11.919,0.019,4659.0,74.0,74.0,4.648,0.04,0.02,-0.11599999999999999,0.2,0.24,0.664,0.040999999999999995,0.061,0.722,0.055999999999999994,0.067,2.448,0.495,0.266,302.4,24.33,29.64,0.032,0.006,0.006999999999999999,,,
8880,8880,8880,212208627,08 39 05.530,+24 33 29.26,1,14.917,,,573-044900,08390552+2433295,,STAR,gri,col,,,,,,,17.122,0.08,15.635,0.07,,,16.421,0.03,15.005,0.04,14.273,0.34,,,12.4,0.019,11.762,0.016,11.562999999999999,0.021,3765.0,115.0,138.0,4.948,0.06,0.06,-0.09,0.15,0.21,0.32799999999999996,0.055999999999999994,0.057,0.361,0.073,0.087,9.604,4.151,2.484,102.6,22.76,21.93,0.016,0.006999999999999999,0.005,,,
8881,8881,8881,212208634,08 39 11.142,+24 33 30.12,1,14.12,,,573-044909,08391113+2433302,,STAR,gri,rpm,5.6,2.8,-5.9,3.2,,,14.933,0.04,14.057,0.06,,,14.464,0.04,13.754000000000001,0.03,13.972000000000001,0.63,,,12.465,0.019,12.032,0.018000000000000002,11.93,0.02,5170.0,126.0,126.0,3.79,0.8140000000000001,0.37,-0.19,0.25,0.4,2.06,1.084,1.2919999999999998,0.9229999999999999,0.264,0.083,0.11199999999999999,1.561,0.083,1003.0,567.3,619.3,0.035,0.008,0.006999999999999999,,,
8882,8882,8882,212208647,08 45 09.239,+24 33 32.18,1,11.665,,1943-943-1,573-045157,08450924+2433321,,STAR,gri,rpm,1.4,2.0,-1.8,2.1,,,12.322000000000001,0.256,11.302,0.115,,,12.11,0.02,11.267999999999999,0.06,11.475,0.61,,,9.94,0.023,9.395,0.019,9.269,0.017,4759.0,77.0,77.0,2.435,0.35700000000000004,0.085,-0.244,0.16,0.2,10.93,0.8140000000000001,3.655,1.1840000000000002,0.23,0.16399999999999998,0.000916,0.002,0.000188,1445.0,116.3,450.9,0.034,0.01,0.006999999999999999,,,
8883,8883,8883,212208693,08 53 35.207,+24 33 37.93,1,12.831,,,573-045438,08533521+2433378,,STAR,gri,rpm,-4.8,1.5,2.8,1.8,,,13.655999999999999,0.02,13.002,0.04,,,13.325999999999999,0.05,12.819,0.03,12.619000000000002,0.02,,,11.743,0.023,11.357000000000001,0.021,11.302,0.019,5518.0,89.0,133.0,3.582,0.75,1.2,-0.755,0.72,0.6,2.225,6.7989999999999995,1.298,0.9229999999999999,0.134,0.061,0.06,0.755,0.06,775.2,2357.0,451.3,0.034,0.01,0.008,,,
8884,8884,8884,212208707,08 38 33.872,+24 33 40.62,1,18.569000000000006,,,,,4335-301-2-0126-0142,STAR,gri,,4.0,3.0,-1.0,3.0,,,,,,,19.413,0.025,18.67,0.008,18.535,0.009000000000000001,18.584,0.011000000000000001,18.595,0.027000000000000003,,,,,,,,,,,,,,,,,,,,,,,,,,,,,,,,,
8885,8885,8885,212208710,08 40 46.792,+24 33 41.09,1,16.721,,,,08404679+2433410,4508-301-5-0122-0076,STAR,gri,rpm,6.0,3.0,-59.0,3.0,,,,,,,18.352999999999998,0.015,17.195999999999998,0.005,16.711,0.005,16.517,0.005,16.448,0.008,15.651,0.055999999999999994,15.11,0.07,15.33,0.149,3747.0,472.0,394.0,5.043,0.1,0.1,-0.483,0.4,0.48,0.23199999999999998,0.113,0.066,0.226,0.14,0.087,15.87,11.71,6.7360000000000015,312.9,187.6,117.3,0.028999999999999998,0.01,0.006999999999999999,,,
8886,8886,8886,212208729,08 50 46.302,+24 33 43.28,1,17.252,,,,08504630+2433432,,STAR,J,col,,,,,,,,,,,,,,,,,,,,,15.773,0.076,14.934000000000001,0.075,14.427,0.086,3749.0,382.0,458.0,4.945,0.192,0.16,-0.145,0.2,0.28,0.3,0.151,0.13,0.348,0.185,0.185,8.582,13.38,4.659,490.7,331.2,252.3,0.031,0.009000000000000001,0.011000000000000001,,,
8887,8887,8887,212208795,08 39 49.186,+24 33 50.61,1,17.219,,,,08394918+2433506,,STAR,J,col,,,,,,,,,,,,,,,,,,,,,15.742,0.068,15.035,0.076,14.392000000000001,0.075,3517.0,233.0,653.0,5.056,0.171,0.095,-0.07200000000000001,0.16,0.24,0.214,0.086,0.09,0.21600000000000005,0.134,0.11199999999999999,17.2,29.31,7.3039999999999985,295.6,167.5,175.2,0.027000000000000003,0.009000000000000001,0.011000000000000001,,,
8888,8888,8888,212208807,08 51 03.447,+24 33 52.07,1,13.464,,,573-045363,08510344+2433522,,STAR,gri,rpm,-2.8,2.3,-2.6,2.6,,,14.919,0.03,13.818,0.04,,,14.38,0.03,13.453,0.02,13.071,0.03,,,11.812999999999999,0.02,11.219000000000001,0.016,11.112,0.017,4557.0,54.0,45.0,1.0859999999999999,1.38,0.23,-1.633,1.3,0.5,41.544,12.222000000000001,31.741999999999997,0.812,0.17800000000000002,0.016,1.05e-05,0.001,5.75e-06,12570.0,2796.0,9489.0,0.031,0.006,0.008,,,
8889,8889,8889,212208820,08 57 54.380,+24 33 53.93,1,14.729000000000001,,,573-045577,08575438+2433539,,STAR,gri,rpm,9.1,4.5,-7.5,4.8,,,15.89,0.05,15.077,0.04,,,15.45,0.01,14.692,0.02,14.421,0.06,,,13.321,0.024,12.868,0.026000000000000002,12.769,0.027000000000000003,5063.0,81.0,81.0,4.577,0.03,0.048,-0.09699999999999999,0.16,0.24,0.774,0.084,0.057999999999999996,0.838,0.081,0.067,1.7819999999999998,0.292,0.327,557.9,79.12,44.38,0.033,0.008,0.006999999999999999,,,
8890,8890,8890,212208850,08 43 33.199,+24 33 57.59,1,17.649,,,,08433319+2433575,4517-301-4-0134-0251,EXTENDED,gri,,-11.0,3.0,3.0,3.0,,,,,,,20.429000000000002,0.077,18.517,0.008,17.614,0.006,17.277,0.006,17.059,0.015,16.143,0.081,15.505999999999998,0.09699999999999999,15.43,0.14800000000000002,,,,,,,,,,,,,,,,,,,,,,,,,,,
8891,8891,8891,212208878,08 50 46.160,+24 34 01.08,1,12.999,,,573-045355,08504616+2434012,,STAR,gri,lam,-3.0,1.5,-24.2,1.8,,,13.82,0.02,13.187000000000001,0.03,,,13.482999999999999,0.04,12.981,0.02,12.790999999999999,0.02,,,11.884,0.02,11.547,0.016,11.492,0.018000000000000002,5752.0,172.0,172.0,4.4510000000000005,0.055,0.08800000000000001,-0.231,0.12,0.15,0.9470000000000001,0.127,0.09699999999999999,0.917,0.075,0.062,1.068,0.28300000000000003,0.317,409.6,67.23,48.73,0.031,0.006999999999999999,0.006,,,
8892,8892,8892,212208879,08 53 39.052,+24 34 01.10,1,17.159000000000002,,,,08533905+2434011,,STAR,J,col,,,,,,,,,,,,,,,,,,,,,15.686,0.076,14.925,0.10300000000000001,14.389000000000001,0.092,3768.0,382.0,318.0,4.941,0.14400000000000002,0.168,-0.132,0.2,0.28,0.304,0.155,0.10300000000000001,0.331,0.184,0.154,9.685,9.862,5.515,424.8,296.6,174.7,0.031,0.01,0.008,,,
8893,8893,8893,212208896,08 52 39.609,+24 34 02.56,1,11.591,,1943-1654-1,573-045412,08523961+2434025,,STAR,gri,rpm,3.8,2.0,-30.2,2.1,,,12.33,0.243,11.591,0.155,,,11.981,0.04,11.579,0.02,11.424000000000001,0.02,,,10.594000000000001,0.021,10.337,0.031,10.267000000000001,0.018000000000000002,6005.0,121.0,97.0,4.248,0.17,0.23800000000000002,-0.27699999999999997,0.25,0.25,1.227,0.41700000000000004,0.266,1.032,0.133,0.111,0.457,0.414,0.24600000000000002,309.6,89.25,69.28,0.028999999999999998,0.013000000000000001,0.006,,,
8894,8894,8894,212208937,08 53 33.821,+24 34 07.20,1,18.38,,,,08533382+2434071,4508-301-2-0139-0239,EXTENDED,gri,,-1.0,3.0,8.0,3.0,,,,,,,20.965,0.10099999999999999,19.226,0.013000000000000001,18.364,0.009000000000000001,18.017,0.009000000000000001,17.783,0.02,16.837,0.192,,,15.529000000000002,0.214,,,,,,,,,,,,,,,,,,,,,,,,,,,
8895,8895,8895,212208951,08 47 20.069,+24 34 09.05,1,17.207,,,,08472006+2434090,,STAR,J,col,,,,,,,,,,,,,,,,,,,,,15.731,0.066,15.012,0.067,14.507,0.081,3636.0,386.0,275.0,5.003,0.125,0.15,-0.115,0.2,0.24,0.258,0.131,0.087,0.268,0.18600000000000005,0.11699999999999999,12.52,12.46,6.245,347.0,243.6,143.1,0.028999999999999998,0.01,0.008,,,
8896,8896,8896,212208961,08 56 00.162,+24 34 10.21,1,17.131,,,,08560016+2434102,4508-301-1-0142-0226,EXTENDED,gri,,3.0,3.0,-2.0,3.0,,,,,,,20.227,0.081,18.223,0.009000000000000001,17.137999999999998,0.006,16.663,0.006,16.305,0.011000000000000001,15.892999999999999,0.08800000000000001,15.286,0.128,14.575999999999999,0.096,,,,,,,,,,,,,,,,,,,,,,,,,,,
8897,8897,8897,212208973,08 45 50.165,+24 34 10.92,1,17.328,,,,08455016+2434109,4508-301-4-0129-0305,EXTENDED,gri,,-4.0,3.0,-3.0,3.0,,,,,,,19.429000000000002,0.067,18.007,0.013000000000000001,17.401,0.009000000000000001,17.037,0.009000000000000001,16.864,0.037000000000000005,16.917,0.16,,,,,,,,,,,,,,,,,,,,,,,,,,,,,,,
8898,8898,8898,212208984,08 58 59.484,+24 34 11.88,1,14.693,,,573-045604,08585948+2434118,4569-301-4-0159-0040,STAR,gri,rpm,-22.2,4.5,-13.0,4.8,,,15.911,0.04,15.024000000000001,0.04,,,15.422,0.02,14.675,0.02,14.38,0.09,,,13.267000000000001,0.022000000000000002,12.796,0.03,12.687999999999999,0.026000000000000002,5056.0,81.0,81.0,4.603,0.042,0.03,-0.217,0.2,0.32,0.726,0.052000000000000005,0.067,0.779,0.067,0.08,1.974,0.44299999999999995,0.235,510.1,45.36,57.35,0.035,0.008,0.008,,,
8899,8899,8899,212208996,08 48 31.840,+24 34 13.34,1,16.332,,,,08483184+2434133,4508-301-3-0132-0327,EXTENDED,gri,,4.0,0.0,6.0,2.0,,,,,,,19.319000000000006,0.05,17.29,0.006,16.347,0.004,15.922,0.004,15.58,0.008,15.118,0.051,14.545,0.061,14.033,0.06,,,,,,,,,,,,,,,,,,,,,,,,,,,
8900,8900,8900,212209002,08 53 36.675,+24 34 13.79,1,17.653,,,,08533667+2434137,,STAR,J,col,,,,,,,,,,,,,,,,,,,,,16.146,0.10400000000000001,15.091,0.12,14.895999999999999,0.12300000000000001,4075.0,261.0,313.0,4.828,0.133,0.095,-0.20800000000000002,0.2,0.32,0.452,0.099,0.135,0.51,0.102,0.16399999999999998,5.316,5.002,1.804,870.2,320.0,308.9,0.034,0.01,0.006999999999999999,,,
8901,8901,8901,212209022,08 47 23.050,+24 34 16.23,1,15.139000000000001,,,573-045242,08472305+2434162,4518-301-3-0030-0078,STAR,gri,rpm,13.5,4.4,-16.5,4.9,,,16.1,0.07,14.945,0.07,,,15.587,0.02,14.434000000000001,0.1,14.947000000000001,0.75,,,12.872,0.022000000000000002,12.248,0.023,12.142999999999999,0.021,4375.0,133.0,160.0,4.713,0.06,0.05,-0.076,0.2,0.24,0.5870000000000001,0.057,0.08,0.647,0.057,0.079,3.154,1.061,0.59,275.7,44.37,44.05,0.03,0.006,0.01,,,
8902,8902,8902,212209031,08 43 36.740,+24 34 17.54,1,14.892999999999999,,,573-045098,08433672+2434175,4517-301-4-0134-0139,STAR,gri,rpm,-6.9,4.5,-1.7,5.0,,,15.786,0.06,14.845,0.07,,,15.283,0.01,14.574000000000002,0.04,14.725,0.69,,,13.449000000000002,0.024,12.985999999999999,0.023,12.905999999999999,0.022000000000000002,5128.0,103.0,103.0,4.56,0.04,1.168,-0.22,0.2,0.36,0.7909999999999999,2.307,0.066,0.847,0.10099999999999999,0.084,1.6440000000000001,0.31,1.6159999999999999,627.8,1787.0,73.41,0.034,0.01,0.006999999999999999,,,
8903,8903,8903,212209094,08 43 07.617,+24 34 23.85,1,15.552,,,573-045069,08430763+2434239,4517-301-4-0134-0050,STAR,gri,rpm,-4.0,4.4,0.0,5.0,,,16.522000000000002,0.06,15.657,0.07,,,16.052,0.03,15.48,0.04,15.338,0.09,,,14.251,0.026000000000000002,13.788,0.026000000000000002,13.687000000000001,0.040999999999999995,5305.0,125.0,125.0,4.534,0.06,1.176,-0.536,0.35,0.56,0.826,2.408,0.102,0.828,0.071,0.071,1.4480000000000002,0.439,1.425,1002.0,2704.0,178.5,0.032,0.008,0.006999999999999999,,,
8904,8904,8904,212209117,08 47 11.577,+24 34 26.59,1,15.392000000000001,,,573-045234,08471158+2434266,4518-301-3-0030-0155,STAR,gri,rpm,-19.6,4.1,-31.4,4.8,,,17.78,0.131,16.125,0.068,,,16.951,0.06,15.465,0.06,14.724,0.1,,,13.013,0.021,12.360999999999999,0.021,12.154000000000002,0.021,3822.0,61.0,137.0,4.919,0.06,0.06,-0.059000000000000004,0.15,0.15,0.35700000000000004,0.062,0.053,0.397,0.067,0.067,8.392999999999999,3.3,2.026,152.7,30.04,29.6,0.021,0.006999999999999999,0.005,,,
8905,8905,8905,212209171,08 38 00.738,+24 34 32.78,1,11.491,,,573-044851,08380073+2434328,,STAR,gri,rpm,31.2,1.3,-23.6,0.7,,,12.423,0.04,11.555,0.06,,,12.02,0.03,11.27,0.04,11.264000000000001,0.53,,,9.969,0.022000000000000002,9.5,0.018000000000000002,9.408999999999999,0.018000000000000002,5021.0,100.0,60.0,3.612,0.9359999999999999,0.312,-0.267,0.3,0.3,2.487,1.026,1.744,0.9259999999999999,0.174,0.109,0.057999999999999996,1.787,0.039,385.1,155.9,274.3,0.027999999999999997,0.009000000000000001,0.013000000000000001,,,
8906,8906,8906,212209173,08 53 41.861,+24 34 32.84,1,14.384,,,573-045441,08534186+2434327,4508-301-2-0139-0083,STAR,gri,rpm,-19.2,3.2,17.8,3.4,,,15.755999999999998,0.06,14.737,0.05,,,15.29,0.05,14.352,0.03,13.995999999999999,0.01,,,12.807,0.023,12.244000000000002,0.026000000000000002,12.115,0.018000000000000002,4526.0,126.0,45.0,4.731,0.14400000000000002,0.096,-0.623,0.55,0.77,0.537,0.11599999999999999,0.129,0.584,0.139,0.11599999999999999,3.609,3.0189999999999997,1.321,253.8,83.57,62.87,0.034,0.003,0.006999999999999999,,,
8907,8907,8907,212209198,08 50 32.809,+24 34 35.94,1,13.085,,,573-045346,08503282+2434359,,STAR,gri,rpm,-32.4,2.0,0.3,2.3,,,14.635,0.03,13.540999999999999,0.02,,,14.155999999999999,0.03,13.059000000000001,0.02,12.626,0.03,,,11.338,0.022000000000000002,10.719000000000001,0.016,10.617,0.019,4335.0,69.0,51.0,4.721,0.042,0.03,-0.11599999999999999,0.24,0.18,0.569,0.048,0.052000000000000005,0.633,0.063,0.053,3.306,0.705,0.426,131.0,36.22,4.1560000000000015,0.021,0.002,0.004,,,
8908,8908,8908,212209220,08 42 38.049,+24 34 38.37,1,11.606,,1942-1487-1,573-045050,08423805+2434385,,STAR,gri,rpm,-9.1,2.6,-36.9,2.7,,,12.052999999999999,0.15,11.931,0.203,,,11.936,0.03,11.125,0.04,11.464,0.64,,,9.867,0.018000000000000002,9.402000000000001,0.016,9.298,0.018000000000000002,4966.0,97.0,78.0,3.654,0.915,0.305,-0.094,0.2,0.24,2.353,0.986,1.6369999999999998,0.9590000000000001,0.259,0.156,0.066,1.764,0.047,344.5,158.5,240.6,0.026000000000000002,0.009000000000000001,0.011000000000000001,,,
8909,8909,8909,212209223,08 54 32.049,+24 34 38.72,1,15.065,,,573-045465,08543205+2434386,4518-301-1-0040-0012,STAR,gri,rpm,-4.2,3.1,-4.8,3.9,,,16.199,0.06,15.317,0.03,,,15.741,0.05,15.059000000000001,0.09,14.775,0.05,,,13.805,0.026000000000000002,13.265,0.022000000000000002,13.232999999999999,0.032,4933.0,117.0,117.0,4.586,0.048,1.608,-0.353,0.3,0.48,0.7559999999999999,4.316,0.077,0.804,0.131,0.073,1.8359999999999999,0.45399999999999996,1.829,660.2,3642.0,78.53,0.034,0.01,0.006999999999999999,,,
8910,8910,8910,212209296,08 54 55.300,+24 34 47.28,1,15.929,,,,08545529+2434472,4569-301-5-0154-0143,EXTENDED,gri,,,,,,,,,,,,18.488,0.044000000000000004,16.877,0.006,16.004,0.005,15.523,0.005,15.216,0.01,15.342,0.091,14.796,0.13,14.651,0.14,,,,,,,,,,,,,,,,,,,,,,,,,,,
8911,8911,8911,212209347,08 43 38.991,+24 34 54.40,1,14.98,,,573-045099,08433897+2434543,4517-301-4-0134-0149,STAR,gri,rpm,-4.0,4.6,-4.2,5.0,,,15.957,0.05,15.165,0.07,,,15.533,0.03,14.902000000000001,0.05,14.744000000000002,0.04,,,13.73,0.025,13.267999999999999,0.025,13.183,0.027000000000000003,5215.0,125.0,125.0,4.553,0.045,1.1340000000000001,-0.413,0.3,0.42,0.809,2.254,0.086,0.856,0.069,0.10400000000000001,1.5859999999999999,0.38799999999999996,1.555,741.3,1958.0,97.14,0.032,0.01,0.008,,,
8912,8912,8912,212209473,08 46 51.104,+24 35 10.58,1,11.772,,1943-598-1,573-045218,08465110+2435106,,STAR,gri,lam,-40.9,1.9,-13.7,2.0,,,12.674000000000001,0.276,11.793,0.17800000000000002,,,12.038,0.02,11.279000000000002,0.07,11.658,0.64,,,10.047,0.021,9.602,0.021,9.507,0.019,5213.0,156.0,156.0,4.569,0.03,0.036000000000000004,-0.035,0.1,0.12,0.7959999999999999,0.047,0.045,0.8590000000000001,0.052000000000000005,0.052000000000000005,1.659,0.22399999999999998,0.19699999999999998,131.1,14.11,10.71,0.019,0.005,0.004,,,
8913,8913,8913,212209521,08 46 27.659,+24 35 17.05,1,16.979,,,573-045196,08462761+2435167,4518-301-3-0029-0058,STAR,BV,,-5.4,5.2,-8.3,6.0,,,17.287,0.13,16.977,0.099,,,,,,,,,,,16.433,0.1,16.109,0.15,,,,,,,,,,,,,,,,,,,,,,,,,,,,,
8914,8914,8914,212209533,08 44 12.297,+24 35 18.68,1,15.382,,,573-045119,08441228+2435185,,STAR,gri,rpm,1.7,4.3,-5.9,5.1,,,16.508,0.11,15.600999999999999,0.04,,,16.067,0.04,15.265999999999998,0.07,15.088,0.095,,,14.043,0.024,13.574000000000002,0.026000000000000002,13.488,0.032,5050.0,121.0,121.0,4.591,0.035,0.049,-0.18,0.2,0.32,0.7490000000000001,0.078,0.06,0.807,0.069,0.069,1.861,0.326,0.327,749.0,101.5,75.27,0.033,0.01,0.008,,,
8915,8915,8915,212209534,08 55 41.494,+24 35 19.69,1,14.615,,,573-045495,08554149+2435197,,STAR,gri,rpm,-5.7,3.2,-0.9,3.5,,,15.752,0.01,14.911,0.03,,,15.312000000000001,0.03,14.62,0.04,14.315999999999999,0.05,,,13.367,0.022000000000000002,12.921,0.028999999999999998,12.845,0.027999999999999997,5134.0,102.0,123.0,4.499,0.09,1.296,-0.37,0.36,0.48,0.8759999999999999,3.008,0.168,0.8859999999999999,0.095,0.115,1.2819999999999998,0.593,1.268,705.1,2063.0,168.7,0.033,0.008,0.006,,,
8916,8916,8916,212209535,08 51 10.204,+24 35 19.77,1,12.821,,,573-045367,08511019+2435199,,STAR,gri,lam,1.0,1.6,-3.9,1.8,,,13.568,0.02,12.991,0.03,,,13.255999999999998,0.04,12.806,0.02,12.634,0.03,,,11.762,0.02,11.41,0.016,11.356,0.017,5879.0,140.0,140.0,4.442,0.045,0.063,-0.429,0.15,0.15,0.9209999999999999,0.107,0.069,0.888,0.067,0.067,1.083,0.204,0.233,386.8,52.42,38.87,0.032,0.006999999999999999,0.006999999999999999,,,
8917,8917,8917,212209537,08 46 43.716,+24 35 19.86,1,14.499,,,573-045214,08464371+2435198,4518-301-3-0029-0088,STAR,gri,rpm,-8.3,4.7,-5.6,5.1,,,15.217,0.06,14.312999999999999,0.08,,,14.799000000000001,0.03,14.014000000000001,0.08,14.37,0.65,,,12.767999999999999,0.021,12.285,0.022000000000000002,12.163,0.025,5013.0,100.0,100.0,3.6510000000000002,0.92,0.69,-0.281,0.3,0.36,2.259,2.298,1.557,0.8959999999999999,0.15,0.107,0.067,2.035,0.061,1322.0,1012.0,943.4,0.033,0.006999999999999999,0.005,,,
8918,8918,8918,212209631,08 50 30.513,+24 35 32.23,1,17.66,,,,08503051+2435322,4518-301-2-0034-0297,EXTENDED,gri,,1.0,3.0,0.0,3.0,,,,,,,19.492,0.059000000000000004,18.254,0.009000000000000001,17.747,0.008,17.405,0.008,17.233,0.022000000000000002,16.732,0.14400000000000002,,,,,,,,,,,,,,,,,,,,,,,,,,,,,,,
8919,8919,8919,212209641,08 50 38.168,+24 35 33.35,1,15.498,,,,08503816+2435333,4518-301-2-0035-0142,EXTENDED,gri,,8.0,1.0,4.0,5.0,,,,,,,18.223,0.027999999999999997,16.408,0.004,15.522,0.003,15.107999999999999,0.003,14.763,0.005,14.415,0.040999999999999995,13.732000000000001,0.040999999999999995,13.402000000000001,0.045,,,,,,,,,,,,,,,,,,,,,,,,,,,
8920,8920,8920,212209768,08 55 11.603,+24 35 49.02,1,17.958,,,,08551160+2435490,4569-301-5-0154-0237,EXTENDED,gri,,-1.0,3.0,-3.0,3.0,,,,,,,20.599,0.10099999999999999,18.954,0.013000000000000001,17.965999999999994,0.009000000000000001,17.531,0.009000000000000001,17.187,0.02,16.742,0.155,15.686,0.192,15.068,0.133,,,,,,,,,,,,,,,,,,,,,,,,,,,
8921,8921,8921,212209799,08 52 19.843,+24 35 52.92,1,17.072,,,,08521984+2435529,,STAR,J,col,,,,,,,,,,,,,,,,,,,,,15.605,0.086,14.855,0.09699999999999999,14.360999999999999,0.079,3706.0,416.0,297.0,4.965,0.12,0.168,-0.132,0.2,0.28,0.308,0.159,0.105,0.314,0.201,0.14400000000000002,10.9,10.85,6.144,401.5,288.3,167.8,0.031,0.01,0.008,,,
8922,8922,8922,212209840,08 42 53.132,+24 35 58.45,1,14.165999999999999,,,573-045061,08425313+2435585,4517-301-4-0134-0007,STAR,gri,rpm,-7.0,4.8,-3.5,5.1,,,14.98,0.03,14.074000000000002,0.05,,,14.53,0.02,13.774000000000001,0.03,14.01,0.64,,,12.532,0.019,12.056,0.018000000000000002,11.943,0.021,5023.0,81.0,81.0,3.66,0.945,0.525,-0.19,0.25,0.35,2.3169999999999997,1.903,1.619,0.937,0.23600000000000002,0.131,0.067,1.736,0.057999999999999996,1133.0,874.5,772.2,0.032,0.009000000000000001,0.005,,,
8923,8923,8923,212209845,08 41 45.044,+24 35 58.80,1,15.162,,,573-045009,08414504+2435587,,STAR,gri,rpm,2.4,4.4,-2.3,4.9,,,16.204,0.04,15.36,0.09,,,15.742,0.03,15.099,0.05,14.913,0.04,,,13.777999999999999,0.024,13.319,0.028999999999999998,13.22,0.03,5219.0,125.0,125.0,4.544,0.054000000000000006,1.143,-0.353,0.3,0.48,0.813,2.2969999999999997,0.083,0.852,0.063,0.084,1.584,0.365,1.5519999999999998,756.9,1991.0,91.57,0.034,0.01,0.006999999999999999,,,
8924,8924,8924,212209851,08 38 54.810,+24 36 00.09,1,12.93,,,574-042919,08385480+2436000,,STAR,gri,rpm,4.8,1.8,-4.5,2.4,,,13.272,0.04,12.739,0.05,,,12.944,0.04,12.562999999999999,0.04,12.923,0.62,,,11.700999999999999,0.021,11.482999999999999,0.019,11.402999999999999,0.018000000000000002,6296.0,154.0,154.0,4.145,0.155,0.217,-0.12300000000000001,0.2,0.16,1.456,0.503,0.278,1.194,0.16899999999999998,0.141,0.349,0.27899999999999997,0.195,638.5,203.2,131.3,0.032,0.01,0.006999999999999999,,,
8925,8925,8925,212209854,08 40 51.444,+24 36 00.31,1,16.885,,,,08405144+2436003,,STAR,JHK,col,,,,,,,,,,,,,,,,,,,,,14.763,0.032,14.152000000000001,0.037000000000000005,13.944,0.048,3853.0,418.0,261.0,4.913,0.11,0.154,-0.152,0.2,0.32,0.349,0.135,0.09699999999999999,0.406,0.174,0.145,7.4289999999999985,6.09,3.807,352.1,188.3,122.7,0.03,0.008,0.008,,,
8926,8926,8926,212209879,08 55 38.593,+24 36 03.19,1,11.34,,1943-481-1,574-043507,08553859+2436031,,STAR,gri,rpm,-4.1,2.0,-9.0,2.2,,,12.319,0.22,12.463,0.281,,,12.154000000000002,0.02,11.363,0.04,10.991,0.04,,,9.881,0.022000000000000002,9.377,0.025,9.238999999999999,0.019,4827.0,76.0,76.0,2.485,0.625,0.15,-0.40399999999999997,0.2,0.36,9.7,1.749,4.702,1.084,0.191,0.159,0.001,0.008,0.000357,1292.0,207.8,580.5,0.034,0.01,0.006999999999999999,,,
8927,8927,8927,212209886,08 53 43.090,+24 36 03.91,1,11.13,,1943-332-1,574-043439,08534309+2436038,,STAR,gri,rpm,3.3,1.7,-31.6,1.8,,,12.202,0.28,11.218,0.125,,,11.802999999999999,0.04,11.075999999999999,0.03,10.842,0.03,,,9.841000000000001,0.023,9.433,0.021,9.367,0.018000000000000002,5170.0,104.0,104.0,3.78,0.792,0.396,-0.094,0.24,0.48,2.151,0.9940000000000001,1.4080000000000001,0.938,0.306,0.055,0.09300000000000001,1.459,0.064,315.5,160.7,202.8,0.026000000000000002,0.011000000000000001,0.011000000000000001,,,
8928,8928,8928,212209910,08 56 50.483,+24 36 06.26,1,17.51,,,,,4508-301-1-0143-0432,EXTENDED,gri,,-8.0,3.0,6.0,3.0,,,,,,,19.462,0.07200000000000001,18.101,0.013999999999999999,17.574,0.011000000000000001,17.257,0.011000000000000001,17.129,0.032,,,,,,,,,,,,,,,,,,,,,,,,,,,,,,,,,
8929,8929,8929,212210048,08 43 20.178,+24 36 22.70,1,14.238,,,574-043087,08432017+2436226,4517-301-4-0134-0115,STAR,JHK,rpm,-30.3,4.5,-35.8,5.0,,,,,,,,,,,,,,,,,11.902000000000001,0.022000000000000002,11.244000000000002,0.019,11.017000000000001,0.018000000000000002,3917.0,157.0,157.0,4.869,0.048,0.064,-0.059000000000000004,0.18,0.18,0.401,0.07400000000000001,0.04,0.457,0.08,0.06,6.54,1.4140000000000001,1.758,108.5,24.62,20.07,0.016,0.006,0.004,,,
8930,8930,8930,212210050,08 57 01.288,+24 36 22.86,1,13.657,,,574-043559,08570128+2436232,,STAR,gri,col,,,,,,,15.554,0.08,14.265999999999998,0.05,,,14.956,0.02,13.648,0.04,13.1,0.04,,,11.684000000000001,0.023,11.043,0.024,10.895,0.022000000000000002,3979.0,63.0,63.0,4.849,0.04,0.04,-0.128,0.15,0.15,0.424,0.040999999999999995,0.037000000000000005,0.48700000000000004,0.048,0.057999999999999996,6.0710000000000015,1.228,1.204,106.3,17.11,12.43,0.016,0.005,0.005,,,
8931,8931,8931,212210053,08 57 25.891,+24 36 23.27,1,14.808,,,574-043573,08572588+2436233,4508-301-1-0144-0104,STAR,gri,rpm,-4.2,4.4,-5.0,4.8,,,15.9,0.07,15.133,0.07,,,15.475,0.02,14.819,0.04,14.523,0.04,,,13.485999999999999,0.022000000000000002,13.033,0.027999999999999997,12.911,0.026000000000000002,5151.0,102.0,123.0,4.535,0.07200000000000001,1.4040000000000001,-0.465,0.35,0.49,0.8390000000000001,3.324,0.13,0.857,0.071,0.1,1.459,0.486,1.4469999999999998,698.7,2522.0,137.0,0.034,0.008,0.008,,,
8932,8932,8932,212210064,08 55 38.796,+24 36 25.08,1,13.690999999999999,,,574-043508,08553879+2436251,,STAR,JHK,rpm,-8.7,4.1,-3.0,4.1,,,,,,,,,,,,,,,,,12.35,0.022000000000000002,11.895,0.023,11.834000000000001,0.026000000000000002,5150.0,122.0,122.0,3.5180000000000002,0.9,0.75,-0.409,0.42,0.63,2.4330000000000003,2.841,1.7269999999999999,0.8909999999999999,0.22699999999999998,0.06,0.047,0.998,0.043,1120.0,1236.0,779.0,0.032,0.008,0.006999999999999999,,,
8933,8933,8933,212210070,08 51 25.050,+24 36 25.77,1,15.359000000000002,,,574-043377,08512505+2436259,,STAR,gri,rpm,10.8,3.0,-10.0,3.3,,,17.531,0.11900000000000001,15.931,0.063,,,16.784000000000002,0.02,15.48,0.07,14.749,0.03,,,13.228,0.021,12.572000000000001,0.017,12.402999999999999,0.022000000000000002,3903.0,46.0,61.0,4.851,0.036000000000000004,0.02,0.054000000000000006,0.06,0.08,0.4320000000000001,0.022000000000000002,0.034,0.488,0.027999999999999997,0.04,5.937,1.071,0.522,210.2,12.56,19.38,0.027999999999999997,0.016,0.008,,,
8934,8934,8934,212210106,08 56 19.273,+24 36 29.06,1,16.691,,,,08561927+2436290,4508-301-1-0143-0180,EXTENDED,gri,,5.0,3.0,1.0,3.0,,,,,,,19.781,0.064,17.754,0.006999999999999999,16.688,0.005,16.235,0.004,15.877,0.009000000000000001,15.455,0.078,14.981,0.124,14.325,0.084,,,,,,,,,,,,,,,,,,,,,,,,,,,
8935,8935,8935,212210121,08 48 19.638,+24 36 31.13,1,13.874,,,574-043273,08481963+2436311,,STAR,gri,rpm,9.3,2.8,-16.7,3.2,,,14.953,0.09,13.886,0.06,,,14.475999999999999,0.02,13.475999999999999,0.09,13.617,0.53,,,12.107999999999999,0.019,11.561,0.018000000000000002,11.464,0.019,4736.0,94.0,94.0,4.631,0.03,0.025,-0.019,0.12,0.18,0.6940000000000001,0.044000000000000004,0.040999999999999995,0.765,0.044000000000000004,0.053,2.215,0.293,0.218,263.3,24.74,22.62,0.028999999999999998,0.008,0.006,,,
8936,8936,8936,212210225,08 58 37.004,+24 36 41.81,1,12.613,,,574-043594,08583700+2436418,,STAR,gri,rpm,-46.0,2.1,-4.6,2.2,,,13.364,0.02,12.81,0.06,,,13.022,0.02,12.578,0.05,12.437999999999999,0.05,,,11.597000000000001,0.02,11.328,0.021,11.265,0.018000000000000002,5983.0,144.0,144.0,4.375,0.07,0.182,-0.41600000000000004,0.25,0.3,1.0270000000000001,0.21600000000000005,0.12300000000000001,0.919,0.067,0.08,0.82,0.276,0.361,394.9,84.26,58.78,0.035,0.011000000000000001,0.009000000000000001,,,
8937,8937,8937,212210227,08 46 16.132,+24 36 42.14,1,12.194,,,574-043197,08461614+2436421,,STAR,gri,rpm,-3.4,5.2,2.6,5.1,,,12.442,0.06,11.87,0.06,,,12.147,0.02,11.71,0.06,12.214,0.63,,,11.124,0.027000000000000003,10.868,0.027000000000000003,10.796,0.027999999999999997,6083.0,184.0,147.0,4.14,0.22,0.22,-0.057,0.15,0.18,1.4969999999999999,0.504,0.377,1.188,0.179,0.149,0.31,0.376,0.17,469.5,193.7,117.4,0.033,0.006,0.006,,,
8938,8938,8938,212210266,08 41 19.754,+24 36 45.55,1,15.173,,,574-043010,08411975+2436456,,STAR,gri,rpm,-5.9,4.4,1.8,5.0,,,16.218,0.04,15.411,0.06,,,15.765,0.03,15.165,0.03,14.919,0.09,,,13.945,0.023,13.585999999999999,0.025,13.437999999999999,0.035,5486.0,133.0,110.0,4.5169999999999995,0.045,0.063,-0.182,0.2,0.28,0.858,0.106,0.079,0.8859999999999999,0.068,0.08199999999999999,1.3940000000000001,0.301,0.33399999999999996,890.3,134.7,98.65,0.034,0.01,0.006999999999999999,,,
8939,8939,8939,212210274,08 54 05.898,+24 36 47.33,1,17.386,,,,08540589+2436473,,STAR,JHK,col,,,,,,,,,,,,,,,,,,,,,15.059000000000001,0.068,14.225999999999999,0.083,14.069,0.08199999999999999,4161.0,237.0,285.0,4.78,0.11199999999999999,0.08,-0.172,0.2,0.28,0.496,0.091,0.11699999999999999,0.551,0.09,0.126,4.3580000000000005,2.825,1.308,612.4,183.8,188.3,0.033,0.008,0.006999999999999999,,,
8940,8940,8940,212210293,08 39 16.809,+24 36 49.38,1,14.863,,,574-042930,08391680+2436495,4335-301-2-0127-0098,EXTENDED,gri,,3.1,4.4,-1.4,5.0,,,16.492,0.16,15.204,0.04,,,15.915,0.05,14.591,0.02,14.413,0.74,,,12.540999999999999,0.019,11.9,0.019,11.735,0.02,,,,,,,,,,,,,,,,,,,,,,,,,,,
8941,8941,8941,212210390,08 51 43.281,+24 37 02.15,1,13.136,,,574-043390,08514327+2437022,,STAR,gri,rpm,-12.8,1.8,-11.4,2.0,,,14.295,0.03,13.415999999999999,0.03,,,13.862,0.03,13.12,0.02,12.825,0.04,,,11.720999999999998,0.02,11.295,0.025,11.196,0.023,5097.0,103.0,103.0,4.545,0.054000000000000006,1.431,-0.188,0.3,0.48,0.818,3.222,0.091,0.873,0.105,0.105,1.565,0.38299999999999995,1.551,287.1,1082.0,32.98,0.03,0.011000000000000001,0.006,,,
8942,8942,8942,212210471,08 55 59.150,+24 37 09.88,1,16.829,,,,08555915+2437098,4569-301-5-0155-0210,STAR,gri,rpm,-45.0,3.0,-18.0,3.0,,,,,,,21.695,0.134,18.991,0.01,17.527,0.006,15.902000000000001,0.005,15.007,0.005,13.475,0.022000000000000002,12.850999999999999,0.027000000000000003,12.535,0.02,3518.0,56.0,98.0,5.072,0.025,0.04,-0.045,0.12,0.18,0.214,0.038,0.013000000000000001,0.201,0.053,0.011000000000000001,19.62,2.906,4.388999999999999,98.12,24.27,8.633,0.018000000000000002,0.006,0.005,,,
8943,8943,8943,212210478,08 48 21.026,+24 37 11.19,1,12.595999999999998,,,574-043274,08482103+2437112,,STAR,gri,rpm,-8.8,2.9,-0.8,3.4,,,13.552999999999999,0.08,12.529000000000002,0.08,,,13.075,0.02,12.186,0.09,12.39,0.59,,,10.866,0.022000000000000002,10.34,0.018000000000000002,10.229,0.018000000000000002,4814.0,96.0,96.0,2.897,0.41,0.574,-0.243,0.25,0.3,5.6160000000000005,4.712,1.982,1.104,0.217,0.155,0.005,0.015,0.004,1194.0,946.0,407.0,0.033,0.01,0.006999999999999999,,,
8944,8944,8944,212210492,08 39 37.121,+24 37 13.58,1,9.219,42479.0,1942-2020-1,574-042941,08393712+2437135,,STAR,gri,plx,-24.06,1.38,11.73,0.73,10.57,1.12,9.521,0.024,8.89,0.017,,,10.244000000000002,0.03,9.485,0.04,8.78,0.06,,,7.771,0.019,7.526,0.016,7.454,0.015,6182.0,186.0,148.0,4.247,0.08,0.11199999999999999,-0.042,0.16,0.28,1.3130000000000002,0.158,0.11800000000000001,1.163,0.086,0.138,0.462,0.154,0.135,94.61,10.02,10.02,0.015,0.004,0.004,,,
8945,8945,8945,212210498,08 54 11.741,+24 37 14.84,1,17.016,,,,08541174+2437148,4508-301-2-0140-0253,EXTENDED,gri,,3.0,3.0,1.0,3.0,,,,,,,19.94,0.06,18.057000000000002,0.006999999999999999,17.066,0.005,16.57,0.005,16.148,0.009000000000000001,15.35,0.057999999999999996,14.67,0.085,14.290999999999999,0.08199999999999999,,,,,,,,,,,,,,,,,,,,,,,,,,,
8946,8946,8946,212210517,08 46 14.575,+24 37 18.36,1,12.622,,,574-043192,08461458+2437183,,STAR,gri,rpm,-11.9,0.6,-1.6,1.4,,,12.834000000000001,0.05,12.280999999999999,0.06,,,12.533,0.02,12.138,0.06,12.661,0.65,,,11.335999999999999,0.022000000000000002,11.069,0.021,11.012,0.019,6103.0,182.0,146.0,4.138999999999999,0.192,0.16,-0.11199999999999999,0.16,0.28,1.425,0.304,0.295,1.136,0.11699999999999999,0.14,0.345,0.379,0.142,501.6,129.3,102.8,0.032,0.01,0.006999999999999999,,,
8947,8947,8947,212210601,08 53 40.020,+24 37 29.12,1,17.171,,,,08534002+2437291,,STAR,J,,,,,,,,,,,,,,,,,,,,,,15.697000000000001,0.10300000000000001,,,,,,,,,,,,,,,,,,,,,,,,,,,,,,,
8948,8948,8948,212210656,08 42 34.118,+24 37 36.35,1,15.1,,,574-043057,08423412+2437363,,STAR,gri,rpm,-40.2,4.3,30.3,5.0,,,16.589000000000002,0.07,15.203,0.05,,,16.012,0.04,14.64,0.05,14.709000000000001,0.66,,,12.755,0.019,12.08,0.019,11.94,0.021,3984.0,118.0,70.0,4.833,0.03,0.048,0.001,0.09,0.21,0.449,0.055999999999999994,0.032,0.508,0.057,0.040999999999999995,5.381,0.97,1.067,184.0,24.36,18.11,0.024,0.006,0.005,,,
8949,8949,8949,212210660,08 46 56.655,+24 37 36.72,1,14.610999999999999,,,574-043221,08465666+2437367,,STAR,gri,rpm,11.8,4.5,-15.4,5.0,,,15.681,0.06,14.583,0.08,,,15.204,0.02,14.092,0.08,14.356,0.61,,,12.520999999999999,0.019,11.886,0.022000000000000002,11.784,0.02,4401.0,105.0,131.0,4.699,0.042,0.036000000000000004,-0.06,0.15,0.18,0.599,0.043,0.048,0.665,0.046,0.055,2.988,0.638,0.386,245.6,28.08,29.92,0.027000000000000003,0.006,0.005,,,
8950,8950,8950,212210667,08 46 15.345,+24 37 37.69,1,14.360999999999999,,,574-043195,08461536+2437377,4508-301-4-0129-0264,STAR,JHK,col,,,,,,,,,,,,,,,,,,,,,12.189,0.022000000000000002,11.565,0.021,11.355,0.019,3813.0,146.0,176.0,4.908,0.08800000000000001,0.04,-0.059000000000000004,0.16,0.2,0.361,0.051,0.078,0.396,0.066,0.111,7.968,4.602,1.4909999999999999,107.9,18.75,29.58,0.016,0.006,0.005,,,
8951,8951,8951,212210703,08 43 37.651,+24 37 41.74,1,18.407,,,,08433765+2437417,,STAR,J,,,,,,,,,,,,,,,,,,,,,,16.842,0.128,16.517,0.21100000000000002,,,,,,,,,,,,,,,,,,,,,,,,,,,,,
8952,8952,8952,212210708,08 39 39.815,+24 37 42.16,1,15.96,,,,08393981+2437421,,STAR,JHK,col,,,,,,,,,,,,,,,,,,,,,13.835,0.023,13.265999999999998,0.023,13.015,0.027000000000000003,3575.0,141.0,169.0,5.022,0.08800000000000001,0.055,-0.043,0.15,0.21,0.25,0.053,0.059000000000000004,0.245,0.079,0.079,14.92,10.07,4.112,134.6,48.83,40.8,0.02,0.006999999999999999,0.006,,,
8953,8953,8953,212210823,08 58 31.802,+24 37 54.57,1,13.918,,,574-043590,08583179+2437545,,STAR,gri,rpm,1.1,3.8,-6.1,4.1,,,15.047,0.02,14.218,0.04,,,14.605,0.01,13.886,0.06,13.623,0.02,,,12.545,0.021,12.092,0.019,12.001,0.022000000000000002,5081.0,122.0,92.0,3.7110000000000003,0.8190000000000001,0.585,-0.275,0.3,0.42,2.219,1.754,1.527,0.9159999999999999,0.248,0.083,0.07400000000000001,1.5219999999999998,0.063,1196.0,844.2,826.5,0.032,0.008,0.006,,,
8954,8954,8954,212210863,08 42 54.396,+24 37 58.79,1,17.692999999999994,,,,08425439+2437587,4508-301-5-0125-0286,EXTENDED,gri,,1.0,3.0,2.0,3.0,,,,,,,19.848,0.054000000000000006,18.387999999999998,0.009000000000000001,17.779,0.009000000000000001,17.395,0.008,17.174,0.018000000000000002,16.44,0.106,15.574000000000002,0.102,15.08,0.121,,,,,,,,,,,,,,,,,,,,,,,,,,,
8955,8955,8955,212210867,08 45 51.781,+24 37 58.97,1,17.257,,,,,4508-301-4-0129-0493,EXTENDED,gri,,3.0,4.0,-5.0,4.0,,,,,,,19.448,0.08,17.910999999999994,0.01,17.334,0.009000000000000001,16.977,0.009000000000000001,16.861,0.03,,,,,,,,,,,,,,,,,,,,,,,,,,,,,,,,,
8956,8956,8956,212210905,08 57 08.161,+24 38 03.79,1,14.431,,,574-043566,08570815+2438039,4508-301-1-0144-0073,STAR,gri,rpm,8.5,4.5,-26.4,4.9,,,15.584000000000001,0.01,14.764000000000001,0.08,,,15.117,0.02,14.384,0.05,14.137,0.02,,,13.059000000000001,0.023,12.618,0.021,12.513,0.021,5110.0,102.0,82.0,4.5889999999999995,0.03,0.025,-0.21600000000000005,0.2,0.28,0.7390000000000001,0.057,0.053,0.794,0.057999999999999996,0.07,1.8969999999999998,0.256,0.226,473.6,45.22,41.28,0.033,0.006999999999999999,0.006,,,
8957,8957,8957,212210985,08 52 44.469,+24 38 14.06,1,14.356,,,574-043415,08524445+2438141,4508-301-2-0138-0065,STAR,gri,rpm,-13.5,3.2,-20.0,3.5,,,15.354000000000001,0.057,14.602,0.040999999999999995,,,14.969000000000001,0.04,14.309000000000001,0.048,14.093,0.04,,,13.054,0.021,12.615,0.031,12.523,0.024,5225.0,103.0,123.0,4.583,0.03,0.06,-0.281,0.25,0.35,0.755,0.087,0.057,0.797,0.09,0.075,1.825,0.295,0.389,497.4,72.12,45.85,0.033,0.008,0.006999999999999999,,,
8958,8958,8958,212210995,08 41 39.153,+24 38 14.76,1,12.356,,1942-1327-1,574-043021,08413916+2438147,,STAR,gri,rpm,-15.3,4.0,-6.9,4.1,,,12.468,0.24600000000000002,12.272,0.239,,,12.418,0.02,11.875,0.05,12.329,0.83,,,10.905999999999999,0.022000000000000002,10.602,0.016,10.538,0.019,5799.0,116.0,140.0,4.317,0.145,0.348,-0.005,0.16,0.2,1.181,0.59,0.217,1.064,0.138,0.077,0.623,0.447,0.433,332.1,156.2,75.25,0.033,0.016,0.008,,,
8959,8959,8959,212211007,08 50 49.107,+24 38 16.17,1,12.440999999999999,,,574-043355,08504911+2438163,,STAR,gri,rpm,-6.7,2.0,-4.5,2.0,,,13.22,0.042,12.505,0.031,,,12.87,0.031,12.386,0.040999999999999995,12.257,0.11,,,11.466,0.02,11.205,0.016,11.126,0.016,6033.0,120.0,120.0,4.1739999999999995,0.222,0.185,-0.043,0.15,0.18,1.368,0.366,0.289,1.124,0.091,0.109,0.424,0.40299999999999997,0.207,499.1,146.2,96.22,0.036000000000000004,0.013000000000000001,0.009000000000000001,,,
8960,8960,8960,212211029,08 54 05.448,+24 38 18.31,1,18.995,,,,,4508-301-2-0140-0139,STAR,gri,,5.0,3.0,1.0,3.0,,,,,,,19.099,0.022000000000000002,19.003,0.009000000000000001,18.992,0.011000000000000001,18.78,0.011000000000000001,18.679000000000002,0.026000000000000002,,,,,,,,,,,,,,,,,,,,,,,,,,,,,,,,,
8961,8961,8961,212211034,08 44 33.452,+24 38 19.40,1,18.129,,,,,4518-301-4-0027-0017,STAR,gri,,3.0,3.0,-3.0,3.0,,,,,,,17.412,0.01,17.75,0.005,18.255,0.008,18.575,0.011000000000000001,18.907,0.046,,,,,,,,,,,,,,,,,,,,,,,,,,,,,,,,,
8962,8962,8962,212211052,08 58 19.050,+24 38 21.97,1,14.637,,,574-043585,08581905+2438220,4508-301-1-0146-0016,STAR,gri,rpm,-3.6,4.5,-3.6,4.8,,,15.878,0.066,15.04,0.046,,,15.35,0.043,14.636,0.051,14.331,0.07,,,13.184000000000001,0.024,12.667,0.023,12.545,0.025,4978.0,78.0,98.0,3.386,1.212,1.01,-0.467,0.36,0.48,2.778,5.124,2.135,0.897,0.16699999999999998,0.14300000000000002,0.019,1.0270000000000001,0.018000000000000002,2174.0,3624.0,1722.0,0.035,0.008,0.006999999999999999,,,
8963,8963,8963,212211086,08 55 10.969,+24 38 25.25,1,12.866,,,574-043499,08551097+2438252,,STAR,gri,rpm,-9.7,1.4,-1.1,2.6,,,13.698,0.043,12.988,0.032,,,13.32,0.032,12.798,0.040999999999999995,12.671,0.01,,,11.828,0.023,11.552999999999999,0.021,11.427,0.019,5862.0,118.0,142.0,4.226,0.215,0.344,-0.039,0.12,0.21,1.25,0.688,0.3,1.08,0.105,0.066,0.45399999999999996,0.539,0.302,532.8,259.3,131.4,0.034,0.01,0.008,,,
8964,8964,8964,212211110,08 55 20.420,+24 38 27.91,1,13.886,,,574-043504,08552042+2438279,,STAR,gri,rpm,-15.7,3.3,9.1,3.5,,,15.027999999999999,0.053,14.173,0.037000000000000005,,,14.610999999999999,0.037000000000000005,13.796,0.044000000000000004,13.575,0.08,,,12.458,0.025,11.897,0.022000000000000002,11.806,0.021,4864.0,76.0,95.0,4.618,0.03,0.036000000000000004,-0.145,0.2,0.28,0.7140000000000001,0.053,0.057,0.779,0.057999999999999996,0.077,2.0709999999999997,0.373,0.316,329.9,30.5,36.69,0.028999999999999998,0.008,0.006999999999999999,,,
8965,8965,8965,212211122,08 44 34.163,+24 38 28.86,1,14.222999999999999,,,574-043142,08443416+2438288,4518-301-4-0027-0016,STAR,gri,rpm,-33.2,4.8,10.0,5.1,,,15.132,0.04,14.172,0.05,,,14.655,0.02,13.841,0.05,14.038,0.61,,,12.509,0.022000000000000002,11.998,0.016,11.9,0.02,4903.0,59.0,79.0,4.613,0.042,0.03,-0.195,0.2,0.28,0.708,0.044000000000000004,0.062,0.76,0.054000000000000006,0.08,2.0980000000000003,0.483,0.228,337.3,24.96,36.4,0.028999999999999998,0.009000000000000001,0.005,,,
8966,8966,8966,212211214,08 45 04.118,+24 38 40.52,1,15.331,,,574-043154,08450412+2438405,4508-301-4-0128-0194,STAR,gri,rpm,-1.3,4.1,-51.7,4.8,,,17.222,0.05,15.815,0.04,,,16.677,0.05,15.227,0.08,14.754000000000001,0.63,,,12.825,0.022000000000000002,12.165,0.018000000000000002,11.93,0.02,3748.0,176.0,147.0,4.931,0.075,0.075,-0.028999999999999998,0.15,0.18,0.337,0.07200000000000001,0.08,0.373,0.094,0.11199999999999999,8.744,4.8610000000000015,2.695,132.5,35.84,37.73,0.018000000000000002,0.008,0.004,,,
8967,8967,8967,212211222,08 47 58.530,+24 38 41.36,1,18.155,,,,08475853+2438413,,STAR,JHK,rpm,2.0,4.0,6.0,2.0,,,,,,,,,,,,,,,,,16.067,0.09300000000000001,15.503,0.109,15.258,0.145,4258.0,712.0,534.0,4.756,0.174,0.145,-0.24,0.25,0.35,0.485,0.165,0.163,0.536,0.158,0.18899999999999997,3.9819999999999998,5.681,1.868,1006.0,648.4,452.2,0.033,0.01,0.006999999999999999,,,
8968,8968,8968,212211239,08 38 40.861,+24 38 42.90,1,10.936,,1942-1491-1,574-042910,08384085+2438429,,STAR,gri,rpm,-10.0,1.5,-19.9,1.6,,,11.565999999999999,0.1,11.174000000000001,0.111,,,11.241,0.07,10.931,0.05,10.806,0.05,,,10.142999999999999,0.021,9.964,0.021,9.902999999999999,0.017,6490.0,198.0,158.0,4.16,0.115,0.207,-0.027999999999999997,0.12,0.15,1.5190000000000001,0.495,0.22,1.337,0.14800000000000002,0.106,0.34600000000000003,0.17800000000000002,0.182,338.5,102.8,51.71,0.03,0.008,0.006,,,
8969,8969,8969,212211295,08 48 26.860,+24 38 50.58,1,17.361,,,,08482685+2438505,,STAR,J,col,,,,,,,,,,,,,,,,,,,,,15.875,0.078,15.237,0.099,14.505,0.08800000000000001,3519.0,256.0,308.0,5.0310000000000015,0.12,0.1,-0.08,0.15,0.24,0.23199999999999998,0.095,0.078,0.231,0.135,0.10099999999999999,16.7,12.99,7.307,330.5,189.7,138.7,0.027999999999999997,0.01,0.008,,,
8970,8970,8970,212211319,08 44 30.390,+24 38 54.39,1,18.792,,,,,4518-301-4-0027-0195,STAR,gri,,1.0,3.0,-2.0,3.0,,,,,,,19.527,0.036000000000000004,19.159000000000002,0.011000000000000001,18.855,0.011000000000000001,18.635,0.012,18.617,0.036000000000000004,,,,,,,,,,,,,,,,,,,,,,,,,,,,,,,,,
8971,8971,8971,212211333,08 50 39.593,+24 38 56.19,1,17.381,,,,08503959+2438561,4508-301-3-0135-0307,EXTENDED,gri,,1.0,3.0,1.0,3.0,,,,,,,19.122,0.04,17.98,0.008,17.439,0.006999999999999999,17.124000000000002,0.006999999999999999,16.915,0.018000000000000002,16.305999999999994,0.11,15.806,0.154,15.189,0.156,,,,,,,,,,,,,,,,,,,,,,,,,,,
8972,8972,8972,212211416,08 54 28.817,+24 39 06.57,1,14.356,,,574-043469,08542882+2439065,,STAR,gri,rpm,10.6,3.1,-12.2,3.5,,,15.937999999999999,0.067,14.807,0.043,,,15.411,0.044000000000000004,14.300999999999998,0.048,13.904000000000002,0.07,,,12.718,0.023,12.104000000000001,0.021,11.997,0.023,4447.0,88.0,106.0,4.689,0.042,0.036000000000000004,0.004,0.09,0.21,0.619,0.040999999999999995,0.061,0.69,0.038,0.068,2.8110000000000004,0.631,0.33399999999999996,283.4,24.49,33.14,0.028999999999999998,0.008,0.004,,,
8973,8973,8973,212211417,08 38 16.942,+24 39 06.64,1,12.01,,1942-1868-1,574-042892,08381694+2439066,,STAR,gri,rpm,0.3,2.1,-3.9,2.2,,,11.889000000000001,0.153,11.267000000000001,0.12,,,12.35,0.04,11.994000000000002,0.03,11.865,0.05,,,11.136,0.021,10.91,0.018000000000000002,10.857999999999999,0.018000000000000002,6285.0,127.0,127.0,4.105,0.18,0.252,-0.057,0.12,0.18,1.605,0.611,0.38799999999999996,1.2429999999999999,0.22699999999999998,0.114,0.263,0.307,0.157,536.9,216.6,120.5,0.034,0.008,0.006,,,
8974,8974,8974,212211482,08 48 22.752,+24 39 13.00,1,16.275,,,,08482275+2439129,4518-301-3-0032-0152,EXTENDED,gri,,2.0,3.0,8.0,1.0,,,,,,,19.025,0.046,17.2,0.005,16.303,0.004,15.878,0.004,15.552,0.008,15.144,0.055,14.522,0.063,14.093,0.066,,,,,,,,,,,,,,,,,,,,,,,,,,,
8975,8975,8975,212211543,08 45 07.610,+24 39 19.32,1,15.808,,,574-043158,08450761+2439195,4508-301-4-0128-0217,STAR,JHK,col,,,,,,,,,,,,,,,,,,,,,13.7,0.023,13.103,0.021,12.885,0.027000000000000003,3679.0,146.0,146.0,4.98,0.07,0.084,-0.063,0.16,0.24,0.302,0.069,0.066,0.322,0.09,0.10800000000000001,10.83,6.256,3.423,168.5,48.56,44.16,0.022000000000000002,0.006999999999999999,0.006,,,
8976,8976,8976,212211585,08 52 00.361,+24 39 23.40,1,13.617,,,574-043398,08520035+2439234,,STAR,gri,rpm,10.3,7.9,-41.7,7.7,,,16.352,0.077,14.719000000000001,0.042,,,15.527000000000001,0.045,14.12,0.046,12.799000000000001,0.03,,,10.665,0.02,10.117,0.024,9.86,0.022000000000000002,3621.0,58.0,189.0,4.992,0.098,0.02,0.005,0.06,0.06,0.294,0.006,0.091,0.305,0.015,0.11800000000000001,12.06,10.09,0.7240000000000001,37.54,2.8710000000000004,6.085,0.006999999999999999,0.001,0.001,,,
8977,8977,8977,212211636,08 43 04.217,+24 39 29.21,1,14.315999999999999,,,574-043079,08430422+2439291,,STAR,gri,rpm,-3.2,4.8,-5.3,5.1,,,15.027999999999999,0.02,14.239,0.06,,,14.627,0.02,14.0,0.04,14.183,0.68,,,12.842,0.022000000000000002,12.41,0.022000000000000002,12.321,0.023,5254.0,127.0,127.0,3.985,0.645,0.774,-0.348,0.3,0.48,1.3559999999999999,2.031,0.6509999999999999,0.8959999999999999,0.152,0.076,0.231,1.758,0.22,929.1,1240.0,479.9,0.034,0.011000000000000001,0.006999999999999999,,,
8978,8978,8978,212211644,08 56 14.376,+24 39 30.26,1,17.945,,,,08561437+2439302,4569-301-5-0156-0163,EXTENDED,gri,,2.0,3.0,4.0,1.0,,,,,,,20.714000000000002,0.107,18.944000000000006,0.013000000000000001,17.936,0.008,17.517,0.009000000000000001,17.186,0.019,16.387999999999998,0.115,15.902999999999999,0.175,,,,,,,,,,,,,,,,,,,,,,,,,,,,,
8979,8979,8979,212211654,08 54 12.066,+24 39 31.31,1,15.628,,,574-043457,08541206+2439315,4508-301-2-0140-0273,EXTENDED,J,,1.2,7.0,-5.7,6.6,,,,,,,,,,,,,,,,,14.265,0.052000000000000005,13.562000000000001,0.077,13.15,0.059000000000000004,,,,,,,,,,,,,,,,,,,,,,,,,,,
8980,8980,8980,212211674,08 45 25.251,+24 39 32.58,1,14.696,,,574-043169,08452526+2439327,,STAR,gri,col,,,,,,,15.372,0.12,14.503,0.07,,,15.027000000000001,0.02,14.168,0.08,14.552999999999999,0.86,,,12.732000000000001,0.022000000000000002,12.206,0.025,12.1,0.022000000000000002,4848.0,112.0,94.0,4.609,0.045,1.224,-0.156,0.2,0.36,0.7240000000000001,2.948,0.07400000000000001,0.777,0.18100000000000002,0.091,2.03,0.467,2.005,372.3,1474.0,45.79,0.032,0.008,0.006,,,
8981,8981,8981,212211686,08 55 18.763,+24 39 33.96,1,14.177,,,574-043501,08551877+2439340,4518-301-1-0041-0105,STAR,gri,rpm,-33.9,3.2,18.5,3.5,,,15.534,0.06,14.482999999999999,0.039,,,15.08,0.04,14.052999999999999,0.046,13.789000000000001,0.05,,,12.587,0.023,12.015,0.024,11.919,0.023,4609.0,74.0,93.0,4.654,0.048,0.024,-0.128,0.2,0.28,0.648,0.044000000000000004,0.068,0.708,0.046,0.073,2.533,0.648,0.29600000000000004,296.0,22.63,36.77,0.028999999999999998,0.006999999999999999,0.006999999999999999,,,
8982,8982,8982,212211721,08 55 57.259,+24 39 37.30,1,13.681,,,574-043520,08555725+2439373,,STAR,JHK,rpm,-24.9,3.1,-39.2,3.4,,,,,,,,,,,,,,,,,12.270999999999999,0.025,11.804,0.025,11.712,0.023,5079.0,152.0,152.0,4.6,0.055999999999999994,0.04,-0.306,0.3,0.42,0.7090000000000001,0.076,0.08,0.752,0.08,0.08,2.0269999999999997,0.596,0.341,312.7,41.4,42.22,0.028999999999999998,0.004,0.006,,,
8983,8983,8983,212211822,08 46 02.947,+24 39 50.38,1,17.837,,,,08460294+2439503,4508-301-4-0129-0421,EXTENDED,gri,,2.0,3.0,-2.0,3.0,,,,,,,19.703,0.053,18.547,0.01,17.915,0.008,17.533,0.008,17.289,0.021,16.737000000000002,0.129,15.97,0.13,15.469000000000001,0.165,,,,,,,,,,,,,,,,,,,,,,,,,,,
8984,8984,8984,212211843,08 43 03.385,+24 39 53.81,1,17.230999999999998,,,,08430338+2439538,4508-301-5-0125-0325,EXTENDED,gri,,3.0,3.0,-1.0,3.0,,,,,,,20.656999999999996,0.14,18.454,0.012,17.2,0.006,16.707,0.006,16.331,0.012,15.982000000000001,0.07400000000000001,15.27,0.084,14.634,0.08900000000000001,,,,,,,,,,,,,,,,,,,,,,,,,,,
8985,8985,8985,212211859,08 45 48.472,+24 39 55.95,1,18.348,,,,08454847+2439559,4508-301-4-0129-0085,STAR,gri,col,,,,,,,,,,,22.421999999999997,0.226,19.934,0.015,18.62,0.009000000000000001,17.668,0.006999999999999999,17.224,0.012,15.770999999999999,0.062,15.11,0.081,14.755999999999998,0.086,3671.0,45.0,60.0,4.926,0.042,0.03,0.185,0.08,0.08,0.342,0.028999999999999998,0.039,0.368,0.03,0.053,8.986,2.2230000000000003,1.16,487.1,77.34,78.95,0.03,0.008,0.006,,,
8986,8986,8986,212211892,08 45 48.474,+24 40 00.29,1,16.807000000000002,,,,08454847+2440002,4508-301-4-0129-0086,EXTENDED,gri,,,,,,,,,,,,19.675,0.061,17.753,0.006999999999999999,16.84,0.005,16.402,0.005,16.083,0.01,15.477,0.09300000000000001,,,,,,,,,,,,,,,,,,,,,,,,,,,,,,,
8987,8987,8987,212211901,08 56 32.599,+24 40 01.49,1,17.590999999999998,,,,08563259+2440014,4569-301-5-0156-0192,EXTENDED,gri,,1.0,3.0,3.0,3.0,,,,,,,20.294,0.113,18.604,0.013999999999999999,17.609,0.009000000000000001,17.157,0.009000000000000001,16.827,0.021,16.47,0.13,15.954,0.192,15.347999999999999,0.18899999999999997,,,,,,,,,,,,,,,,,,,,,,,,,,,
8988,8988,8988,212211957,08 41 53.265,+24 40 08.40,1,14.204,,,574-043026,08415326+2440084,,STAR,gri,rpm,-1.4,4.7,-28.4,5.1,,,15.823,0.04,14.395,0.06,,,15.207,0.03,13.802,0.03,13.774000000000001,0.87,,,11.669,0.022000000000000002,10.997,0.016,10.819,0.019,3900.0,62.0,46.0,4.87,0.02,0.02,-0.004,0.06,0.2,0.415,0.009000000000000001,0.018000000000000002,0.47,0.019,0.023,6.5070000000000014,0.546,0.39,99.37,6.277,5.904,0.017,0.002,0.003,,,
8989,8989,8989,212211988,08 50 48.695,+24 40 12.62,1,11.122,,1943-1331-1,574-043354,08504870+2440127,,STAR,gri,lam,-15.7,1.6,-4.6,1.7,,,11.940999999999999,0.121,11.38,0.102,,,11.607999999999999,0.03,11.089,0.04,10.914000000000001,0.06,,,9.974,0.02,9.677999999999999,0.016,9.579,0.019,5773.0,134.0,168.0,3.968,0.16,0.1,0.146,0.12,0.12,1.8559999999999999,0.275,0.368,1.199,0.12,0.1,0.175,0.135,0.053,334.8,44.32,60.39,0.028999999999999998,0.008,0.005,,,
8990,8990,8990,212212014,08 42 42.403,+24 40 15.22,1,12.6,,,574-043065,08424240+2440151,,STAR,gri,rpm,-2.9,1.3,-18.1,1.5,,,13.207,0.02,12.444,0.06,,,12.808,0.02,12.242,0.04,12.51,0.71,,,11.282,0.021,10.968,0.019,10.874,0.02,5675.0,137.0,137.0,4.434,0.066,0.462,0.003,0.12,0.15,0.9990000000000001,0.75,0.1,1.014,0.087,0.087,0.977,0.259,0.7879999999999999,315.4,231.7,35.6,0.028999999999999998,0.008,0.006,,,
8991,8991,8991,212212028,08 46 37.249,+24 40 17.26,1,11.274000000000001,,1943-393-1,574-043209,08463724+2440173,,STAR,gri,rpm,-4.8,1.7,-5.5,1.8,,,12.387,0.262,11.19,0.09699999999999999,,,11.743,0.03,10.734000000000002,0.08,11.072000000000001,0.84,,,9.248,0.018000000000000002,8.648,0.027000000000000003,8.537,0.017,4587.0,90.0,90.0,2.399,0.18600000000000005,0.18600000000000005,-0.068,0.16,0.24,11.509,2.113,2.055,1.264,0.214,0.17800000000000002,0.000768,0.0006230000000000001,0.0003,1064.0,171.7,174.9,0.035,0.01,0.006999999999999999,,,
8992,8992,8992,212212072,08 43 49.035,+24 40 22.19,1,18.905,,,,08434903+2440221,4517-301-4-0135-0324,STAR,gri,col,,,,,,,,,,,22.464000000000002,0.341,21.000999999999998,0.038,19.495,0.015,18.006,0.008,17.223,0.013999999999999999,15.929,0.071,15.344000000000001,0.078,15.152000000000001,0.122,3114.0,31.0,31.0,5.17,0.02,0.02,0.065,0.1,0.1,0.157,0.003,0.003,0.134,0.003,0.003,34.15,2.049,2.049,189.6,18.77,20.31,0.023,0.005,0.006,,,
8993,8993,8993,212212117,08 47 14.813,+24 40 27.12,1,15.652000000000001,,,574-043238,08471482+2440271,4518-301-3-0030-0199,STAR,gri,rpm,-30.7,4.7,-27.5,5.1,,,,,16.633,0.085,,,17.422,0.11,15.999,0.06,14.892999999999999,0.08900000000000001,,,12.892000000000001,0.019,12.265,0.021,12.040999999999999,0.022000000000000002,3610.0,84.0,105.0,4.985,0.055,0.055,0.069,0.18,0.12,0.292,0.049,0.052000000000000005,0.292,0.066,0.066,11.97,3.52,3.2969999999999997,106.8,23.69,22.82,0.016,0.005,0.002,,,
8994,8994,8994,212212154,08 57 45.911,+24 40 32.26,1,12.845,,,574-043576,08574590+2440323,,STAR,gri,rpm,35.6,3.2,-12.4,3.9,,,14.647,0.049,13.432,0.033,,,14.037,0.034,12.812000000000001,0.040999999999999995,12.334000000000001,0.07,,,10.99,0.02,10.374,0.018000000000000002,10.259,0.018000000000000002,4071.0,145.0,64.0,4.791,0.045,0.045,-0.071,0.2,0.2,0.484,0.059000000000000004,0.043,0.5529999999999999,0.064,0.064,4.6739999999999995,1.143,0.9179999999999999,91.02,17.11,6.854,0.015,0.003,0.003,,,
8995,8995,8995,212212191,08 55 39.417,+24 40 37.59,1,17.643,,,,08553941+2440375,4569-301-5-0155-0172,EXTENDED,gri,,-2.0,3.0,-3.0,3.0,,,,,,,20.535999999999998,0.095,18.659000000000002,0.011000000000000001,17.637,0.006999999999999999,17.208,0.006999999999999999,16.852,0.015,15.927,0.091,15.287,0.11699999999999999,15.144,0.146,,,,,,,,,,,,,,,,,,,,,,,,,,,
8996,8996,8996,212212217,08 39 59.214,+24 40 40.84,1,17.868,,,,08395921+2440408,,STAR,J,col,,,,,,,,,,,,,,,,,,,,,16.345,0.106,15.562999999999999,0.11800000000000001,15.136,0.126,3817.0,428.0,357.0,4.93,0.135,0.162,-0.21899999999999997,0.24,0.32,0.33799999999999997,0.154,0.122,0.364,0.17300000000000001,0.17300000000000001,8.387,9.136000000000001,4.373,667.4,430.1,300.0,0.032,0.01,0.006999999999999999,,,
8997,8997,8997,212212230,08 39 47.298,+24 40 42.70,1,14.769,,,574-042947,08394730+2440426,,STAR,gri,rpm,-8.2,4.6,11.9,5.0,,,15.655999999999999,0.04,14.755999999999998,0.06,,,15.159,0.04,14.48,0.03,14.600999999999999,0.66,,,13.187999999999999,0.022000000000000002,12.700999999999999,0.018000000000000002,12.614,0.024,5090.0,100.0,100.0,4.569,0.054000000000000006,1.26,-0.40700000000000003,0.3,0.36,0.7759999999999999,2.6310000000000002,0.086,0.8290000000000001,0.105,0.105,1.7269999999999999,0.42200000000000004,1.705,533.9,1767.0,69.96,0.031,0.01,0.006999999999999999,,,
8998,8998,8998,212212231,08 38 49.947,+24 40 42.83,1,10.73,,1942-1872-1,574-042916,08384994+2440428,,STAR,gri,rpm,-1.9,1.3,1.2,1.3,,,11.004000000000001,0.064,10.505999999999998,0.057,,,10.809000000000001,0.14,10.407,0.05,10.696,0.7,,,9.649,0.021,9.445,0.021,9.401,0.017,6433.0,232.0,193.0,3.923,0.306,0.255,0.01,0.12,0.12,2.036,0.976,0.66,1.472,0.326,0.233,0.138,0.322,0.08800000000000001,366.5,169.4,134.2,0.028999999999999998,0.006999999999999999,0.006999999999999999,,,
8999,8999,8999,212212236,08 43 32.730,+24 40 43.27,1,18.087,,,,08433273+2440432,4517-301-4-0135-0240,EXTENDED,gri,,8.0,3.0,3.0,3.0,,,,,,,21.936,0.41100000000000003,19.455,0.02,18.047,0.009000000000000001,17.5,0.008,17.144000000000002,0.021,16.31,0.09699999999999999,15.526,0.08800000000000001,15.085,0.11699999999999999,,,,,,,,,,,,,,,,,,,,,,,,,,,
9000,9000,9000,212212241,08 48 18.293,+24 40 43.89,1,15.624,,,574-043272,08481829+2440439,4518-301-3-0032-0018,STAR,gri,rpm,-8.5,4.3,-6.3,4.9,,,16.364,0.19,15.69,0.26,,,16.076,0.15,15.562999999999999,0.2,15.43,0.107,,,14.705,0.035,14.384,0.044000000000000004,14.32,0.063,5795.0,290.0,290.0,4.431,0.095,0.228,-0.503,0.3,0.36,0.915,0.293,0.131,0.865,0.08,0.08,1.069,0.47600000000000003,0.594,1461.0,559.4,268.0,0.033,0.01,0.006999999999999999,,,
9001,9001,9001,212212316,08 54 05.124,+24 40 51.00,1,17.301,,,,08540512+2440509,,STAR,J,col,,,,,,,,,,,,,,,,,,,,,15.819,0.09300000000000001,15.048,0.11800000000000001,14.394,0.09,3667.0,393.0,280.0,4.989,0.12,0.168,-0.145,0.2,0.28,0.285,0.14800000000000002,0.098,0.28600000000000003,0.203,0.127,11.15,11.35,6.347,405.5,292.7,170.0,0.031,0.01,0.008,,,
9002,9002,9002,212212343,08 53 50.413,+24 40 54.82,1,15.792,,,,08535041+2440548,,STAR,J,col,,,,,,,,,,,,,,,,,,,,,14.418,0.053,13.82,0.078,13.34,0.051,3576.0,230.0,230.0,5.0310000000000015,0.105,0.105,-0.066,0.15,0.21,0.24,0.096,0.069,0.24600000000000002,0.146,0.091,14.5,11.28,6.345,179.6,96.64,62.83,0.023,0.01,0.008,,,
9003,9003,9003,212212344,08 55 19.564,+24 40 54.88,1,15.277999999999999,,,574-043503,08551956+2440548,4518-301-1-0041-0172,STAR,gri,rpm,17.2,3.0,-8.3,3.5,,,17.211,0.1,15.870999999999999,0.062,,,16.74,0.064,15.412,0.062,14.651,0.083,,,13.159,0.023,12.469000000000001,0.026000000000000002,12.299000000000001,0.021,3968.0,47.0,63.0,4.823,0.032,0.02,0.059000000000000004,0.12,0.15,0.46399999999999997,0.015,0.037000000000000005,0.524,0.017,0.042,5.182,0.851,0.34600000000000003,221.8,10.99,24.31,0.025,0.005,0.006,,,
9004,9004,9004,212212375,08 45 54.980,+24 40 58.84,1,17.81,,,,08455498+2440588,4508-301-4-0129-0402,EXTENDED,gri,,3.0,3.0,1.0,3.0,,,,,,,20.633000000000006,0.102,18.727,0.01,17.819000000000006,0.008,17.417,0.006999999999999999,17.094,0.017,16.365,0.1,15.706,0.106,15.38,0.14800000000000002,,,,,,,,,,,,,,,,,,,,,,,,,,,
9005,9005,9005,212212443,08 55 44.655,+24 41 09.47,1,15.298,,,574-043512,08554465+2441094,,STAR,JHK,rpm,2.5,3.2,-1.3,3.4,,,,,,,,,,,,,,,,,13.634,0.023,13.094000000000001,0.023,12.96,0.027999999999999997,4837.0,115.0,144.0,4.614,0.03,1.632,-0.188,0.25,0.4,0.722,4.6339999999999995,0.061,0.7879999999999999,0.14400000000000002,0.07200000000000001,2.056,0.305,2.05,566.1,3760.0,56.89,0.031,0.008,0.006999999999999999,,,
9006,9006,9006,212212528,08 45 34.349,+24 41 18.87,1,16.778,,,,08453434+2441188,4508-301-4-0129-0317,EXTENDED,gri,,-2.0,3.0,3.0,3.0,,,,,,,19.734,0.064,17.81,0.006999999999999999,16.77,0.005,16.336,0.004,15.982000000000001,0.01,15.452,0.057,14.873,0.07,14.285,0.079,,,,,,,,,,,,,,,,,,,,,,,,,,,
9007,9007,9007,212212531,08 53 51.478,+24 41 19.02,1,13.672,,,574-043444,08535148+2441193,,STAR,gri,rpm,-52.0,8.0,-173.0,8.0,,,15.956,0.04,14.408,0.039,,,15.255999999999998,0.042,13.809000000000001,0.044000000000000004,12.993,0.063,,,11.357999999999999,0.023,10.753,0.027000000000000003,10.522,0.02,3605.0,108.0,86.0,5.018,0.042,0.055999999999999994,-0.076,0.15,0.15,0.257,0.064,0.027000000000000003,0.26,0.08800000000000001,0.037000000000000005,14.41,3.319,4.067,56.02,23.48,16.54,0.01,0.005,0.004,,,
9008,9008,9008,212212544,08 39 00.541,+24 41 20.42,1,17.957,,,,08390054+2441204,,STAR,J,rpm,8.0,2.0,12.0,2.0,,,,,,,,,,,,,,,,,16.426,0.107,15.491,0.107,15.398,0.157,4010.0,291.0,291.0,4.8610000000000015,0.12,0.1,-0.304,0.25,0.3,0.406,0.096,0.11699999999999999,0.447,0.10099999999999999,0.142,6.144,5.192,2.177,871.5,298.7,294.6,0.033,0.01,0.006999999999999999,,,
9009,9009,9009,212212555,08 38 25.921,+24 41 22.14,1,15.052999999999999,,,574-042897,08382592+2441223,,STAR,JHK,rpm,-38.7,4.2,-38.1,4.8,,,,,,,,,,,,,,,,,12.811,0.019,12.157,0.022000000000000002,11.956,0.021,3944.0,189.0,158.0,4.854,0.066,0.055,-0.134,0.2,0.28,0.42100000000000004,0.051,0.063,0.474,0.061,0.073,6.119,2.059,1.314,169.8,33.97,32.54,0.021,0.008,0.005,,,
9010,9010,9010,212212565,08 43 42.635,+24 41 24.01,1,19.924,,,,,4517-301-4-0135-0140,STAR,gri,,1.0,5.0,0.0,5.0,,,,,,,21.16,0.114,20.064,0.019,19.877,0.019,19.768,0.022000000000000002,20.043,0.125,,,,,,,,,,,,,,,,,,,,,,,,,,,,,,,,,
9011,9011,9011,212212567,08 44 55.867,+24 41 24.23,1,12.213,,,574-043151,08445587+2441242,,STAR,gri,rpm,6.1,1.1,0.5,1.1,,,12.779000000000002,0.02,12.052999999999999,0.06,,,12.414000000000001,0.02,11.86,0.05,12.126,0.7,,,10.873,0.021,10.538,0.016,10.472999999999999,0.019,5651.0,203.0,67.0,3.98,0.442,0.204,-0.1,0.18,0.27,1.713,0.511,0.7340000000000001,1.051,0.141,0.10099999999999999,0.215,0.745,0.107,446.1,145.2,180.0,0.033,0.008,0.016,,,
9012,9012,9012,212212594,08 46 27.423,+24 41 27.56,1,17.774,,,,08462742+2441275,,STAR,J,col,,,,,,,,,,,,,,,,,,,,,16.258,0.08800000000000001,15.378,0.091,14.987,0.11199999999999999,3959.0,288.0,403.0,4.869,0.168,0.12,-0.20800000000000002,0.2,0.28,0.379,0.11699999999999999,0.145,0.4270000000000001,0.132,0.185,6.794,9.354,2.839,746.5,337.5,335.5,0.032,0.01,0.006999999999999999,,,
9013,9013,9013,212212602,08 44 45.551,+24 41 28.60,1,14.206,,,574-043145,08444554+2441287,,STAR,gri,rpm,8.5,4.1,-50.7,5.3,,,14.96,0.01,14.117,0.07,,,14.548,0.02,13.812999999999999,0.05,14.06,0.77,,,12.569,0.019,12.081,0.018000000000000002,11.997,0.021,5036.0,99.0,119.0,4.6110000000000015,0.045,0.045,-0.363,0.25,0.35,0.6940000000000001,0.051,0.075,0.728,0.055,0.077,2.149,0.495,0.341,345.0,38.55,41.18,0.028999999999999998,0.009000000000000001,0.005,,,
9014,9014,9014,212212610,08 56 00.006,+24 41 29.67,1,19.750999999999998,,,,,4569-301-5-0155-0229,STAR,gri,,5.0,4.0,-4.0,4.0,,,,,,,20.754,0.067,19.842,0.016,19.721,0.018000000000000002,19.725,0.025,19.553,0.069,,,,,,,,,,,,,,,,,,,,,,,,,,,,,,,,,
9015,9015,9015,212212705,08 40 40.976,+24 41 41.23,1,13.832,,,574-042989,08404097+2441412,,STAR,gri,rpm,6.4,14.1,-15.1,2.7,,,14.472000000000001,0.01,13.591,0.06,,,14.027999999999999,0.05,13.322000000000001,0.05,13.749,0.87,,,12.174000000000001,0.022000000000000002,11.745999999999999,0.021,11.672,0.019,5236.0,126.0,126.0,4.542,0.035,0.882,-0.099,0.2,0.44,0.8370000000000001,1.6669999999999998,0.062,0.895,0.124,0.055999999999999994,1.4880000000000002,0.244,1.425,373.2,709.2,33.47,0.032,0.006999999999999999,0.006999999999999999,,,
9016,9016,9016,212212719,08 56 40.192,+24 41 42.69,1,12.353,,,574-043545,08564019+2441429,,STAR,gri,rpm,15.9,8.5,-81.5,10.0,,,13.190999999999999,0.042,12.630999999999998,0.031,,,12.814,0.031,12.337,0.040999999999999995,12.155,0.061,,,11.242,0.022000000000000002,10.860999999999999,0.021,10.829,0.016,5640.0,134.0,134.0,4.516,0.07,0.084,-0.606,0.35,0.25,0.7959999999999999,0.133,0.078,0.7759999999999999,0.098,0.049,1.4140000000000001,0.47100000000000003,0.354,243.9,48.26,26.03,0.026000000000000002,0.006999999999999999,0.006,,,
9017,9017,9017,212212769,08 52 14.522,+24 41 48.27,1,11.966,,1943-931-1,574-043407,08521452+2441481,,STAR,gri,rpm,-27.0,2.8,-14.9,2.9,,,12.886,0.295,12.564,0.257,,,12.409,0.03,11.925999999999998,0.04,11.776,0.06,,,10.88,0.019,10.607999999999999,0.022000000000000002,10.549000000000001,0.022000000000000002,5915.0,141.0,94.0,4.324,0.105,0.18899999999999997,-0.045,0.12,0.21,1.143,0.293,0.152,1.05,0.078,0.094,0.687,0.318,0.34,325.3,84.98,49.7,0.03,0.006999999999999999,0.006999999999999999,,,
9018,9018,9018,212212793,08 51 37.820,+24 41 50.28,1,14.296,,,574-043387,08513781+2441504,4518-301-2-0036-0076,STAR,gri,rpm,-7.4,2.3,-3.5,2.5,,,13.993,0.045,14.219000000000001,0.037000000000000005,,,13.948,0.034,14.412,0.049,14.56,0.08199999999999999,,,14.315,0.031,14.195,0.043,14.199000000000002,0.063,6460.0,1070.0,254.0,4.195,0.105,1.071,-1.062,0.7,1.12,1.284,2.681,0.18600000000000005,0.855,0.256,0.055999999999999994,0.447,0.20600000000000002,0.435,1922.0,4313.0,351.1,0.032,0.008,0.008,,,
9019,9019,9019,212212844,08 40 16.414,+24 41 55.94,1,13.446,,,574-042973,08401641+2441560,,STAR,gri,rpm,-57.6,3.7,-48.4,2.7,,,15.001,0.02,13.59,0.06,,,14.394,0.02,13.011,0.05,13.039000000000001,0.89,,,10.883,0.018000000000000002,10.236,0.016,10.064,0.019,3901.0,63.0,94.0,4.874,0.036000000000000004,0.042,-0.043,0.15,0.18,0.406,0.044000000000000004,0.035,0.45799999999999996,0.053,0.053,6.7410000000000005,1.216,1.337,79.36,15.09,18.24,0.013999999999999999,0.003,0.004,,,
9020,9020,9020,212212901,08 46 55.324,+24 42 02.31,1,17.051,,,,08465532+2442023,4508-301-4-0131-0228,STAR,gri,rpm,-22.0,3.0,-40.0,3.0,,,,,,,21.053,0.077,18.396,0.006999999999999999,17.067999999999998,0.005,16.475,0.005,16.144000000000002,0.008,15.011,0.033,14.319,0.036000000000000004,14.179,0.05,3911.0,47.0,39.0,4.921,0.05,0.05,-0.31,0.18,0.09,0.35200000000000004,0.057999999999999996,0.036000000000000004,0.396,0.062,0.039,8.469,2.193,2.045,389.2,62.62,45.5,0.031,0.008,0.008,,,
9021,9021,9021,212212906,08 43 56.464,+24 42 02.98,1,14.81,,,574-043118,08435646+2442030,4517-301-4-0135-0181,STAR,gri,rpm,-21.6,4.3,-25.5,4.9,,,17.011,0.09,15.5,0.05,,,16.355999999999998,0.02,14.962,0.05,14.148,0.04,,,12.58,0.021,11.879000000000001,0.021,11.713,0.019,3851.0,46.0,46.0,4.862,0.03,0.025,0.086,0.12,0.09,0.418,0.025,0.035,0.46799999999999997,0.036000000000000004,0.042,6.249,1.127,0.654,151.2,12.77,17.31,0.023,0.008,0.006,,,
9022,9022,9022,212212911,08 56 22.630,+24 42 03.58,1,13.034,,,574-043535,08562262+2442037,,STAR,gri,rpm,8.5,1.8,-38.3,2.3,,,14.162,0.045,13.360999999999999,0.033,,,13.663,0.033,12.974,0.040999999999999995,12.765,0.062,,,11.68,0.023,11.251,0.021,11.186,0.018000000000000002,5261.0,105.0,105.0,4.56,0.035,0.025,-0.106,0.15,0.27,0.8009999999999999,0.051,0.073,0.853,0.052000000000000005,0.084,1.618,0.292,0.18899999999999997,283.3,29.62,26.82,0.031,0.005,0.009000000000000001,,,
9023,9023,9023,212212936,08 47 52.582,+24 42 06.15,1,15.89,,,,08475258+2442061,4518-301-3-0031-0129,EXTENDED,gri,,1.0,3.0,-1.0,3.0,,,,,,,18.805,0.04,16.815,0.004,15.909,0.003,15.494000000000002,0.003,15.17,0.006,14.725999999999999,0.04,14.074000000000002,0.046,13.81,0.054000000000000006,,,,,,,,,,,,,,,,,,,,,,,,,,,
9024,9024,9024,212212963,08 40 35.604,+24 42 10.96,1,18.424,,,,08403560+2442109,,STAR,J,,,,,,,,,,,,,,,,,,,,,,16.857,0.14400000000000002,16.141,0.174,,,,,,,,,,,,,,,,,,,,,,,,,,,,,
9025,9025,9025,212213071,08 56 59.575,+24 42 22.45,1,12.093,,,574-043556,08565957+2442226,,STAR,gri,rpm,-8.9,1.3,-21.2,1.4,,,12.845999999999998,0.040999999999999995,12.323,0.03,,,12.493,0.031,12.064,0.04,11.922,0.06,,,11.088,0.022000000000000002,10.812000000000001,0.023,10.74,0.016,5990.0,119.0,95.0,4.2360000000000015,0.16,0.192,-0.091,0.15,0.21,1.291,0.36,0.239,1.079,0.08199999999999999,0.115,0.46,0.377,0.23600000000000002,407.8,95.05,90.66,0.031,0.008,0.006,,,
9026,9026,9026,212213074,08 46 54.297,+24 42 22.87,1,12.687000000000001,,,574-043220,08465429+2442229,,STAR,gri,rpm,23.0,0.8,-11.1,1.7,,,12.788,0.03,12.652000000000001,0.07,,,12.675999999999998,0.03,12.690999999999999,0.09,13.514000000000001,0.88,,,12.522,0.019,12.449000000000002,0.023,12.44,0.023,7883.0,143.0,717.0,4.039,0.185,0.888,-0.26,0.25,2.05,1.972,1.9080000000000001,0.4970000000000001,1.278,0.344,0.516,0.195,0.168,0.182,475.6,2893.0,105.6,0.035,0.01,0.005,,,
9027,9027,9027,212213076,08 44 27.847,+24 42 23.30,1,16.723,,,,08442784+2442232,,STAR,J,rpm,6.0,4.0,6.0,1.0,,,,,,,,,,,,,,,,,15.28,0.054000000000000006,14.671,0.057999999999999996,14.07,0.062,3542.0,123.0,143.0,5.029,0.07,0.05,-0.011000000000000001,0.12,0.15,0.24600000000000002,0.048,0.047,0.24100000000000002,0.066,0.066,15.26,6.595,3.947,263.1,66.61,62.42,0.027000000000000003,0.008,0.006999999999999999,,,
9028,9028,9028,212213140,08 52 11.565,+24 42 31.53,1,14.225999999999999,,,574-043404,08521156+2442317,4518-301-2-0037-0050,STAR,gri,rpm,13.8,3.2,-40.7,3.5,,,15.446,0.02,14.524000000000001,0.04,,,14.987,0.04,14.187999999999999,0.047,13.9,0.071,,,12.765999999999998,0.023,12.247,0.028999999999999998,12.159,0.027999999999999997,4839.0,139.0,139.0,4.64,0.10800000000000001,0.03,-0.368,0.2,0.56,0.662,0.059000000000000004,0.14,0.7040000000000001,0.077,0.138,2.351,1.56,0.327,339.0,46.66,77.07,0.027000000000000003,0.008,0.004,,,
9029,9029,9029,212213192,08 40 54.835,+24 42 36.84,1,16.302,,,,08405483+2442368,4517-301-5-0131-0263,STAR,gri,rpm,-26.0,3.0,-34.0,3.0,,,,,,,20.906999999999996,0.073,18.21,0.006999999999999999,16.778,0.005,15.485,0.004,14.793,0.005,13.437999999999999,0.024,12.832,0.023,12.56,0.024,3564.0,56.0,56.0,5.027,0.049,0.035,-0.028999999999999998,0.12,0.15,0.252,0.033,0.034,0.251,0.04,0.048,15.02,4.42,2.528,113.4,19.72,19.34,0.017,0.003,0.004,,,
9030,9030,9030,212213251,08 39 11.095,+24 42 44.38,1,13.309000000000001,,,574-042926,08391110+2442443,,STAR,gri,rpm,-68.7,5.7,12.9,6.8,,,14.965,0.05,13.585999999999999,0.04,,,14.372,0.02,12.998,0.03,12.854000000000001,0.72,,,11.037,0.018000000000000002,10.386,0.016,10.222999999999999,0.018000000000000002,3881.0,69.0,92.0,4.885,0.07200000000000001,0.04,-0.043,0.12,0.18,0.389,0.052000000000000005,0.066,0.43799999999999994,0.053,0.085,7.079,3.2,1.325,78.36,12.11,19.57,0.013000000000000001,0.003,0.005,,,
9031,9031,9031,212213253,08 55 01.495,+24 42 44.71,1,14.530999999999999,,,574-043487,08550149+2442448,4508-301-2-0141-0175,STAR,gri,col,,,,,,,16.829,0.08,15.354000000000001,0.051,,,16.099,0.052000000000000005,14.755999999999998,0.052000000000000005,13.859000000000002,0.07,,,12.057,0.023,11.341,0.021,11.123,0.018000000000000002,3838.0,61.0,92.0,4.865,0.04,0.025,0.145,0.12,0.12,0.414,0.028999999999999998,0.042,0.461,0.039,0.055,6.414,1.4409999999999998,0.763,116.0,17.5,18.0,0.018000000000000002,0.006,0.004,,,
9032,9032,9032,212213264,08 52 59.060,+24 42 46.58,1,16.094,,,574-043418,08525906+2442466,4518-301-2-0038-0166,STAR,gri,rpm,-25.3,18.3,-21.0,18.4,,,17.564,0.14,16.326,0.07400000000000001,,,17.09,0.07200000000000001,15.958,0.07400000000000001,15.667,0.11699999999999999,,,14.302999999999999,0.028999999999999998,13.603,0.03,13.537,0.049,4315.0,103.0,129.0,4.738,0.05,0.05,-0.126,0.15,0.24,0.547,0.057,0.052000000000000005,0.609,0.057999999999999996,0.057999999999999996,3.4939999999999998,0.986,0.654,495.7,69.52,60.97,0.032,0.008,0.006999999999999999,,,
9033,9033,9033,212213274,08 46 50.197,+24 42 48.14,1,13.607000000000001,,,574-043218,08465019+2442482,,STAR,gri,rpm,-1.0,2.4,-5.3,3.0,,,14.190999999999999,0.03,13.339,0.07,,,13.805,0.03,13.069,0.08,13.523,0.86,,,11.918,0.019,11.493,0.021,11.395,0.02,5178.0,124.0,155.0,3.1630000000000003,0.546,0.91,-0.39399999999999996,0.4,0.48,2.286,5.026,1.3840000000000001,0.9209999999999999,0.228,0.037000000000000005,0.03,0.6990000000000001,0.027999999999999997,1004.0,1532.0,688.9,0.034,0.011000000000000001,0.01,,,
9034,9034,9034,212213276,08 38 18.170,+24 42 48.26,1,18.741,,,,08381817+2442482,,STAR,JHK,col,,,,,,,,,,,,,,,,,,,,,16.269000000000002,0.11,16.035,0.17600000000000002,15.331,0.161,3835.0,1570.0,448.0,4.93,0.162,0.37799999999999995,-0.254,0.25,0.5,0.325,0.366,0.14,0.35600000000000004,0.37,0.20199999999999999,8.582,13.38,7.0489999999999995,602.6,1545.0,283.4,0.032,0.008,0.008,,,
9035,9035,9035,212213289,08 56 47.065,+24 42 49.95,1,14.317,,,574-043550,08564706+2442501,,STAR,gri,rpm,14.7,3.4,-5.4,3.5,,,15.431,0.02,14.65,0.040999999999999995,,,14.969000000000001,0.04,14.252,0.047,14.037,0.07200000000000001,,,13.014000000000001,0.022000000000000002,12.626,0.021,12.5,0.022000000000000002,5279.0,146.0,83.0,4.546,0.03,0.042,-0.05,0.15,0.24,0.831,0.059000000000000004,0.066,0.889,0.046,0.07400000000000001,1.547,0.22899999999999998,0.23600000000000002,546.0,62.12,46.89,0.034,0.01,0.006999999999999999,,,
9036,9036,9036,212213292,08 53 46.887,+24 42 50.30,1,11.427,,,574-043441,08534689+2442503,,STAR,gri,rpm,-14.1,1.7,2.4,1.3,,,12.779000000000002,0.040999999999999995,11.709000000000001,0.03,,,12.241,0.03,11.385,0.04,11.079,0.06,,,9.894,0.023,9.371,0.025,9.261000000000001,0.02,4788.0,76.0,76.0,2.845,0.365,0.511,-0.244,0.2,0.24,6.475,4.762,2.438,1.13,0.16899999999999998,0.16899999999999998,0.004,0.012,0.003,853.8,576.3,263.1,0.034,0.01,0.006999999999999999,,,
9037,9037,9037,212213330,08 55 10.290,+24 42 55.24,1,11.378,,1943-2076-1,574-043497,08551028+2442552,,STAR,gri,rpm,-30.1,2.6,-15.7,2.6,,,12.043,0.19699999999999998,11.459000000000001,0.16,,,11.972000000000001,0.03,11.307,0.04,11.123,0.06,,,10.214,0.023,9.857999999999999,0.021,9.734,0.019,5385.0,128.0,85.0,4.515,0.035,0.665,0.023,0.12,0.21,0.885,1.195,0.057,0.95,0.14300000000000002,0.065,1.321,0.23800000000000002,1.202,167.5,220.5,14.04,0.023,0.009000000000000001,0.005,,,
9038,9038,9038,212213400,08 47 39.889,+24 43 03.82,1,16.545,,,,,4518-301-3-0031-0103,EXTENDED,gri,,,,,,,,,,,,19.222,0.057,17.355999999999998,0.006,16.456,0.005,16.197,0.005,15.765,0.01,,,,,,,,,,,,,,,,,,,,,,,,,,,,,,,,,
9039,9039,9039,212213426,08 43 45.621,+24 43 06.06,1,17.015,,,,08434562+2443060,4517-301-4-0135-0269,EXTENDED,gri,,-12.0,3.0,6.0,3.0,,,,,,,20.154,0.142,18.127,0.011000000000000001,17.13,0.006999999999999999,16.539,0.006,16.121,0.015,15.705,0.077,14.819,0.071,14.165999999999999,0.07200000000000001,,,,,,,,,,,,,,,,,,,,,,,,,,,
9040,9040,9040,212213436,08 47 39.843,+24 43 07.67,1,15.152999999999999,,,574-043251,08473984+2443079,,STAR,gri,col,,,,,,,17.178,0.10300000000000001,15.818,0.06,,,16.601,0.07,15.35,0.12,14.532,0.08,,,12.963,0.024,12.332,0.023,12.117,0.027000000000000003,3784.0,91.0,137.0,4.909,0.07200000000000001,0.045,-0.001,0.15,0.15,0.3670000000000001,0.05,0.075,0.4,0.063,0.08900000000000001,8.101,3.609,1.956,149.0,26.86,34.71,0.02,0.006,0.005,,,
9041,9041,9041,212213510,08 43 01.657,+24 43 16.05,1,14.9,,,574-043077,08430166+2443160,,STAR,gri,rpm,0.4,4.5,-7.8,4.9,,,16.072,0.05,15.183,0.04,,,15.65,0.02,14.863,0.03,14.578,0.01,,,13.487,0.023,13.017999999999999,0.023,12.868,0.025,4960.0,59.0,59.0,4.592,0.03,1.044,-0.145,0.18,0.24,0.7490000000000001,2.084,0.054000000000000006,0.813,0.152,0.057999999999999996,1.864,0.276,1.82,566.1,1523.0,43.84,0.034,0.008,0.008,,,
9042,9042,9042,212213538,08 47 15.104,+24 43 19.83,1,19.219,,,,,4508-301-4-0131-0289,STAR,gri,,1.0,5.0,4.0,5.0,,,,,,,19.397000000000002,0.027000000000000003,19.302,0.011000000000000001,19.192,0.012,18.926,0.012,18.815,0.033,,,,,,,,,,,,,,,,,,,,,,,,,,,,,,,,,
9043,9043,9043,212213585,08 44 57.357,+24 43 25.60,1,17.995,,,,08445735+2443256,,STAR,J,,,,,,,,,,,,,,,,,,,,,,16.461,0.122,15.742,0.139,,,,,,,,,,,,,,,,,,,,,,,,,,,,,
9044,9044,9044,212213663,08 53 40.494,+24 43 35.85,1,17.793,,,,08534049+2443358,4508-301-2-0140-0193,EXTENDED,gri,,-1.0,3.0,2.0,3.0,,,,,,,20.53,0.08900000000000001,18.774,0.011000000000000001,17.791,0.006999999999999999,17.373,0.006999999999999999,17.021,0.013999999999999999,16.340999999999998,0.11800000000000001,,,15.151,0.16,,,,,,,,,,,,,,,,,,,,,,,,,,,
9045,9045,9045,212213683,08 41 47.823,+24 43 37.99,1,13.504000000000001,,,574-043025,08414781+2443379,,STAR,gri,rpm,4.7,2.1,-0.2,4.7,,,14.091,0.02,13.269,0.06,,,13.663,0.03,13.029000000000002,0.04,13.437000000000001,0.84,,,11.847999999999999,0.022000000000000002,11.415999999999999,0.016,11.319,0.019,5222.0,104.0,83.0,3.29,0.603,1.005,-0.6890000000000001,0.5,0.25,2.782,6.282,1.7009999999999998,0.9109999999999999,0.22699999999999998,0.037000000000000005,0.022000000000000002,0.33899999999999997,0.021,1141.0,2394.0,679.3,0.033,0.011000000000000001,0.009000000000000001,,,
9046,9046,9046,212213726,08 44 13.215,+24 43 42.36,1,12.779000000000002,,,574-043130,08441320+2443424,,STAR,gri,rpm,3.1,2.0,-5.2,1.9,,,13.184000000000001,0.02,12.79,0.06,,,12.944,0.03,12.724,0.04,13.139000000000001,0.69,,,12.130999999999998,0.022000000000000002,11.956,0.021,11.909,0.02,6677.0,203.0,162.0,4.177,0.07200000000000001,0.132,-0.14800000000000002,0.12,0.09,1.531,0.32299999999999995,0.13,1.3219999999999998,0.106,0.106,0.355,0.1,0.139,863.9,208.8,88.61,0.033,0.006999999999999999,0.006,,,
9047,9047,9047,212213739,08 50 35.158,+24 43 43.78,1,16.44,,,,08503515+2443437,4508-301-3-0136-0211,EXTENDED,gri,,-1.0,3.0,0.0,3.0,,,,,,,19.134,0.037000000000000005,17.435,0.005,16.505,0.004,16.014,0.004,15.64,0.006999999999999999,14.812999999999999,0.045,13.96,0.040999999999999995,13.587,0.047,,,,,,,,,,,,,,,,,,,,,,,,,,,
9048,9048,9048,212213775,08 39 24.940,+24 43 48.09,1,18.41,,,,08392493+2443480,,STAR,J,,,,,,,,,,,,,,,,,,,,,,16.844,0.158,16.302,0.19899999999999998,,,,,,,,,,,,,,,,,,,,,,,,,,,,,
9049,9049,9049,212213819,08 40 59.334,+24 43 53.31,1,17.014,,,,08405933+2443533,,STAR,J,col,,,,,,,,,,,,,,,,,,,,,15.550999999999998,0.063,14.845999999999998,0.07,14.350999999999999,0.078,3629.0,371.0,265.0,4.996,0.12,0.14400000000000002,-0.132,0.2,0.24,0.261,0.131,0.087,0.275,0.19,0.11900000000000001,12.88,12.53,7.182,337.7,227.9,136.1,0.028999999999999998,0.01,0.008,,,
9050,9050,9050,212213822,08 53 30.134,+24 43 53.57,1,11.046,,1943-2043-1,574-043430,08533013+2443536,,STAR,gri,lam,21.1,2.1,-12.4,2.1,,,11.970999999999998,0.20800000000000002,11.005,0.10400000000000001,,,11.497,0.03,11.003,0.04,10.853,0.06,,,10.071,0.022000000000000002,9.758,0.025,9.695,0.018000000000000002,5910.0,115.0,161.0,3.967,0.138,0.115,0.068,0.12,0.12,1.8219999999999998,0.42,0.289,1.219,0.166,0.11800000000000001,0.174,0.12,0.062,356.1,71.05,59.23,0.03,0.006999999999999999,0.006,,,
9051,9051,9051,212213823,08 43 01.239,+24 43 53.61,1,13.001,,,574-043076,08430124+2443535,,STAR,gri,rpm,-7.4,2.1,-4.7,2.3,,,14.106,0.02,13.022,0.05,,,13.575,0.04,12.685,0.03,12.755,0.7,,,11.125,0.021,10.582,0.019,10.443,0.017,4762.0,76.0,76.0,2.8689999999999998,0.43799999999999994,0.584,-0.203,0.2,0.24,5.772,4.868,2.124,1.08,0.151,0.126,0.005,0.015,0.004,1423.0,1162.0,513.5,0.036000000000000004,0.006999999999999999,0.008,,,
9052,9052,9052,212213871,08 44 32.526,+24 43 59.29,1,11.027000000000001,,1942-1769-1,574-043140,08443253+2443593,,STAR,gri,rpm,1.9,1.6,-7.8,1.7,,,11.536,0.095,10.912,0.08199999999999999,,,11.244000000000002,0.02,10.955,0.05,11.324000000000002,0.69,,,10.295,0.018000000000000002,10.092,0.016,10.057,0.018000000000000002,6499.0,156.0,156.0,4.053,0.195,0.23399999999999999,-0.023,0.12,0.15,1.7719999999999998,0.787,0.409,1.393,0.235,0.147,0.222,0.226,0.139,404.7,187.3,96.29,0.031,0.008,0.006999999999999999,,,
9053,9053,9053,212213875,08 55 33.872,+24 43 59.92,1,16.067,,,,08553387+2443599,4518-301-1-0042-0112,STAR,gri,rpm,-42.0,3.0,-16.0,3.0,,,,,,,20.483,0.062,17.811,0.006,16.433,0.004,15.32,0.004,14.734000000000002,0.004,13.443,0.025,12.763,0.025,12.545,0.025,3811.0,93.0,163.0,4.931,0.05,0.06,-0.102,0.15,0.15,0.336,0.064,0.045,0.3670000000000001,0.076,0.064,8.948,2.713,2.082,179.4,31.86,36.7,0.023,0.011000000000000001,0.005,,,
9054,9054,9054,212213895,08 41 07.060,+24 44 02.13,1,15.114,,,574-043003,08410705+2444022,4517-301-5-0132-0031,STAR,gri,rpm,-3.5,4.3,-1.9,4.9,,,16.525,0.01,15.482999999999999,0.05,,,16.014,0.05,15.003,0.04,14.729000000000001,0.085,,,13.529000000000002,0.022000000000000002,12.999,0.022000000000000002,12.850999999999999,0.025,4728.0,93.0,93.0,4.625,0.025,0.025,0.005,0.12,0.18,0.703,0.042,0.047,0.774,0.039,0.054000000000000006,2.178,0.266,0.237,509.3,45.29,41.6,0.034,0.013000000000000001,0.009000000000000001,,,
9055,9055,9055,212213934,08 53 05.530,+24 44 06.32,1,17.829,,,,08530553+2444063,4518-301-2-0038-0199,STAR,gri,rpm,45.0,3.0,-66.0,3.0,,,,,,,21.926,0.209,19.174,0.011000000000000001,17.807000000000006,0.006,17.253,0.006,16.944000000000006,0.01,15.742,0.075,15.222999999999999,0.109,15.155999999999999,0.158,3894.0,38.0,38.0,5.103,0.02,0.1,-0.7809999999999999,0.3,0.15,0.20800000000000002,0.081,0.004,0.204,0.102,0.008,22.17,1.33,9.56,328.1,88.76,22.74,0.033,0.01,0.006999999999999999,,,
9056,9056,9056,212213985,08 57 11.939,+24 44 13.44,1,17.383,,,,08571193+2444134,4569-301-5-0157-0170,EXTENDED,gri,,5.0,3.0,-1.0,3.0,,,,,,,20.4,0.126,18.417,0.011000000000000001,17.387,0.006999999999999999,16.94,0.008,16.570999999999998,0.017,16.257,0.10800000000000001,15.43,0.139,15.152000000000001,0.146,,,,,,,,,,,,,,,,,,,,,,,,,,,
9057,9057,9057,212214011,08 56 21.006,+24 44 16.56,1,18.489,,,,08562100+2444165,,STAR,JHK,col,,,,,,,,,,,,,,,,,,,,,16.334,0.122,15.652000000000001,0.177,15.505,0.191,3996.0,634.0,396.0,4.849,0.192,0.192,-0.304,0.25,0.4,0.395,0.195,0.151,0.439,0.19399999999999998,0.19399999999999998,5.972,7.867000000000001,3.395,792.2,636.1,352.8,0.032,0.01,0.006999999999999999,,,
9058,9058,9058,212214023,08 56 18.029,+24 44 17.51,1,12.52,,,574-043530,08561803+2444175,,STAR,gri,rpm,-3.2,1.6,-13.9,1.4,,,13.152000000000001,0.042,12.735999999999999,0.031,,,12.847000000000001,0.031,12.512,0.040999999999999995,12.38,0.061,,,11.588,0.022000000000000002,11.335999999999999,0.022000000000000002,11.277000000000001,0.02,6213.0,125.0,125.0,4.184,0.14,0.14,-0.21100000000000002,0.2,0.28,1.3259999999999998,0.287,0.2,1.136,0.109,0.163,0.431,0.284,0.171,551.3,128.5,90.64,0.032,0.008,0.006999999999999999,,,
9059,9059,9059,212214030,08 40 16.312,+24 44 18.34,1,17.314,,,,08401631+2444183,4517-301-5-0131-0163,EXTENDED,gri,,1.0,3.0,-2.0,3.0,,,,,,,19.754,0.059000000000000004,18.164,0.008,17.354,0.006,16.95,0.006,16.675,0.013000000000000001,15.952,0.07400000000000001,15.47,0.10099999999999999,15.062999999999999,0.128,,,,,,,,,,,,,,,,,,,,,,,,,,,
9060,9060,9060,212214032,08 50 39.103,+24 44 18.71,1,17.79,,,,08503910+2444187,4508-301-3-0136-0234,STAR,gri,col,,,,,,,,,,,22.859,0.282,20.044,0.017,18.477,0.008,16.824,0.006,15.911,0.006999999999999999,14.408,0.03,13.770999999999999,0.028999999999999998,13.499,0.039,3374.0,138.0,138.0,5.162999999999999,0.02,0.021,-0.271,0.2,0.2,0.16699999999999998,0.01,0.006999999999999999,0.147,0.012,0.006999999999999999,31.61,2.653,3.373,110.7,13.22,8.57,0.018000000000000002,0.006,0.005,,,
9061,9061,9061,212214038,08 51 00.094,+24 44 19.31,1,17.137,,,,08510009+2444193,4508-301-3-0136-0274,EXTENDED,gri,,8.0,3.0,1.0,3.0,,,,,,,19.837,0.075,18.095,0.009000000000000001,17.217,0.006999999999999999,16.726,0.006,16.368,0.013999999999999999,15.872,0.086,15.204,0.10099999999999999,14.535,0.08900000000000001,,,,,,,,,,,,,,,,,,,,,,,,,,,
9062,9062,9062,212214045,08 39 26.617,+24 44 19.91,1,14.795,,,574-042933,08392660+2444200,4335-301-2-0128-0182,STAR,gri,rpm,11.5,4.5,-6.4,5.0,,,15.754000000000001,0.03,14.819,0.05,,,15.275,0.02,14.515999999999998,0.04,14.589,0.7,,,13.194,0.021,12.71,0.021,12.585999999999999,0.023,5008.0,98.0,79.0,4.593,0.04,0.9359999999999999,-0.217,0.2,0.28,0.7509999999999999,1.8880000000000001,0.064,0.816,0.106,0.08800000000000001,1.893,0.35700000000000004,1.831,503.1,1237.0,53.68,0.032,0.01,0.008,,,
9063,9063,9063,212214058,08 45 57.180,+24 44 20.90,1,10.923,,1943-412-1,574-043181,08455718+2444209,,STAR,gri,rpm,-47.8,1.9,-21.2,1.9,,,11.355,0.073,10.747,0.067,,,11.06,0.03,10.412,0.07,10.865,0.85,,,9.367,0.022000000000000002,8.991,0.019,8.921,0.019,5412.0,151.0,129.0,4.516,0.035,0.672,0.006,0.15,0.21,0.888,1.1179999999999999,0.071,0.96,0.125,0.07,1.315,0.212,1.192,114.4,142.9,11.03,0.018000000000000002,0.01,0.005,,,
9064,9064,9064,212214070,08 50 52.620,+24 44 21.70,1,14.557,,,574-043359,08505262+2444217,4508-301-3-0136-0115,STAR,gri,rpm,1.5,3.1,-29.5,3.4,,,16.424,0.05,15.099,0.047,,,15.796,0.048,14.546,0.05,14.026,0.07200000000000001,,,12.614,0.021,11.975,0.016,11.834000000000001,0.02,4071.0,96.0,96.0,4.8180000000000005,0.04,0.048,-0.079,0.15,0.27,0.462,0.048,0.037000000000000005,0.526,0.052000000000000005,0.044000000000000004,5.0760000000000005,1.083,0.893,179.7,22.39,23.62,0.023,0.005,0.005,,,
9065,9065,9065,212214078,08 39 36.798,+24 44 23.05,1,12.154000000000002,,1942-1685-1,574-042940,08393679+2444232,,STAR,gri,rpm,-2.0,2.9,-19.2,3.0,,,12.94,0.39799999999999996,12.0,0.221,,,12.443,0.04,11.817,0.04,12.030999999999999,0.74,,,10.719000000000001,0.02,10.352,0.016,10.270999999999999,0.018000000000000002,5488.0,130.0,163.0,4.4860000000000015,0.055,0.693,-0.127,0.15,0.15,0.9109999999999999,1.26,0.08199999999999999,0.958,0.175,0.08800000000000001,1.204,0.319,1.102,222.9,294.6,28.31,0.028999999999999998,0.01,0.008,,,
9066,9066,9066,212214089,08 42 09.509,+24 44 24.42,1,14.785,,,574-043037,08420950+2444244,,STAR,gri,rpm,4.0,4.5,3.5,4.9,,,15.948,0.04,15.044,0.07,,,15.433,0.01,14.72,0.02,14.507,0.08,,,13.375,0.024,12.832,0.018000000000000002,12.782,0.026000000000000002,4974.0,79.0,79.0,3.159,1.376,0.516,-0.585,0.25,0.3,3.885,3.0180000000000002,3.123,0.9109999999999999,0.055,0.132,0.011000000000000001,1.214,0.009000000000000001,2789.0,2044.0,2253.0,0.032,0.008,0.006999999999999999,,,
9067,9067,9067,212214101,08 40 30.169,+24 44 26.19,1,13.251,,,574-042981,08403016+2444262,,STAR,gri,rpm,3.9,5.7,-29.4,2.0,,,14.36,0.02,13.205,0.04,,,13.835,0.01,12.755,0.02,13.0,0.83,,,11.22,0.018000000000000002,10.634,0.016,10.530999999999999,0.019,4465.0,88.0,106.0,4.675,0.035,0.042,-0.002,0.16,0.2,0.63,0.05,0.064,0.6990000000000001,0.043,0.077,2.753,0.634,0.4370000000000001,156.0,20.24,24.5,0.024,0.005,0.004,,,
9068,9068,9068,212214139,08 54 38.344,+24 44 30.52,1,17.613,,,,08543834+2444305,,STAR,J,col,,,,,,,,,,,,,,,,,,,,,16.109,0.1,15.477,0.14,14.725999999999999,0.099,3647.0,386.0,275.0,5.004,0.115,0.138,-0.128,0.2,0.28,0.256,0.15,0.08199999999999999,0.252,0.193,0.107,13.41,12.15,7.226,428.5,360.6,170.9,0.031,0.008,0.008,,,
9069,9069,9069,212214161,08 41 03.401,+24 44 32.05,1,15.075999999999999,,,574-043000,08410339+2444320,4517-301-5-0132-0022,STAR,gri,rpm,0.6,4.4,3.6,5.0,,,16.158,0.04,15.314,0.03,,,15.725999999999999,0.04,15.074000000000002,0.04,14.797,0.087,,,13.755,0.025,13.347999999999999,0.027999999999999997,13.206,0.028999999999999998,5300.0,128.0,128.0,4.55,0.04,0.784,-0.223,0.2,0.4,0.809,1.385,0.068,0.863,0.063,0.08900000000000001,1.567,0.361,1.475,755.1,1237.0,80.57,0.034,0.01,0.006999999999999999,,,
9070,9070,9070,212214206,08 38 25.099,+24 44 37.60,1,14.752,,,574-042895,08382509+2444382,,STAR,JHK,rpm,4.0,8.0,-201.0,8.0,,,,,,,,,,,,,,,,,12.593,0.019,11.956,0.022000000000000002,11.763,0.02,3609.0,391.0,470.0,5.048,0.138,0.115,-0.256,0.25,0.4,0.22399999999999998,0.106,0.07200000000000001,0.222,0.142,0.106,18.11,16.8,8.715,73.49,46.36,28.43,0.013000000000000001,0.006,0.005,,,
9071,9071,9071,212214223,08 48 02.081,+24 44 39.51,1,17.413,,,,08480208+2444395,4518-301-3-0032-0124,EXTENDED,gri,,-2.0,3.0,1.0,3.0,,,,,,,20.381,0.099,18.371,0.009000000000000001,17.445,0.006,17.003,0.006,16.607,0.013000000000000001,15.806,0.068,15.148,0.078,14.957,0.113,,,,,,,,,,,,,,,,,,,,,,,,,,,
9072,9072,9072,212214234,08 51 07.162,+24 44 41.87,1,15.502,,,574-043366,08510715+2444420,4508-301-3-0136-0129,STAR,gri,rpm,-5.5,3.2,-30.5,3.5,,,17.164,0.09,15.888,0.062,,,16.583,0.061,15.415999999999999,0.062,15.038,0.09300000000000001,,,13.589,0.023,12.943,0.021,12.827,0.027999999999999997,4305.0,77.0,128.0,4.738,0.063,0.045,-0.177,0.2,0.24,0.542,0.054000000000000006,0.067,0.597,0.059000000000000004,0.071,3.698,1.166,0.657,352.4,49.43,51.36,0.03,0.008,0.008,,,
9073,9073,9073,212214240,08 42 34.741,+24 44 43.43,1,12.302999999999999,,1942-1128-1,574-043058,08423474+2444433,,STAR,gri,rpm,0.7,2.7,8.0,2.9,,,12.272,0.237,11.662,0.17600000000000002,,,12.228,0.03,11.815,0.04,12.335999999999999,0.86,,,11.013,0.025,10.754000000000001,0.023,10.698,0.019,6129.0,146.0,146.0,4.16,0.185,0.29600000000000004,-0.061,0.12,0.15,1.402,0.7240000000000001,0.321,1.185,0.192,0.13699999999999998,0.34600000000000003,0.336,0.22899999999999998,440.3,216.4,109.4,0.032,0.008,0.008,,,
9074,9074,9074,212214257,08 47 05.620,+24 44 45.66,1,18.34,,,,08470561+2444456,4508-301-4-0131-0274,STAR,gri,rpm,5.0,3.0,-137.0,3.0,,,,,,,22.526,0.23199999999999998,19.802,0.013999999999999999,18.352,0.008,17.714000000000006,0.006999999999999999,17.34,0.013000000000000001,16.153,0.085,15.674000000000001,0.10800000000000001,15.522,0.162,3760.0,60.0,76.0,5.142,0.036000000000000004,0.042,-0.718,0.15,0.21,0.185,0.025,0.018000000000000002,0.174,0.022000000000000002,0.019,26.71,5.256,5.05,226.9,25.12,69.77,0.024,0.003,0.006,,,
9075,9075,9075,212214267,08 53 48.555,+24 44 47.58,1,16.917,,,,08534855+2444475,4508-301-2-0140-0112,EXTENDED,gri,,-5.0,3.0,1.0,3.0,,,,,,,20.301,0.11599999999999999,18.118,0.01,16.87,0.006,16.402,0.005,16.055,0.01,15.822000000000001,0.094,15.437999999999999,0.17,14.522,0.09699999999999999,,,,,,,,,,,,,,,,,,,,,,,,,,,
9076,9076,9076,212214273,08 45 33.711,+24 44 48.12,1,10.855,,1943-421-1,574-043172,08453371+2444482,,STAR,gri,rpm,2.3,2.0,-3.4,2.1,,,11.732000000000001,0.115,10.879000000000001,0.076,,,11.208,0.02,10.364,0.07,10.704,0.85,,,8.97,0.022000000000000002,8.431000000000001,0.018000000000000002,8.318,0.017,4762.0,76.0,76.0,2.459,0.255,0.102,-0.203,0.18,0.18,11.088,0.82,1.8780000000000001,1.285,0.38,0.21100000000000002,0.0009310000000000001,0.001,0.000192,949.0,67.87,133.8,0.034,0.01,0.006999999999999999,,,
9077,9077,9077,212214320,08 38 04.136,+24 44 54.36,1,11.915999999999999,,1942-993-1,574-042877,08380412+2444543,,STAR,gri,rpm,2.5,2.0,-0.1,2.1,,,12.21,0.195,12.359000000000002,0.275,,,12.247,0.04,11.922,0.03,11.774000000000001,0.06,,,11.05,0.018000000000000002,10.788,0.021,10.732999999999999,0.018000000000000002,6231.0,125.0,125.0,4.065,0.21600000000000005,0.18,-0.08,0.12,0.21,1.581,0.603,0.373,1.2309999999999999,0.20199999999999999,0.17300000000000001,0.242,0.29,0.132,515.2,188.8,118.0,0.032,0.008,0.005,,,
9078,9078,9078,212214353,08 48 33.970,+24 44 56.65,1,19.054000000000002,,,,08483396+2444566,4518-301-3-0032-0274,STAR,gri,rpm,29.0,5.0,-43.0,5.0,,,,,,,22.878,0.44,20.785999999999998,0.034,19.436,0.016,18.311,0.009000000000000001,17.695999999999994,0.017,16.475,0.115,15.849,0.141,15.513,0.18100000000000002,3361.0,33.0,33.0,5.099,0.02,0.027999999999999997,0.042,0.12,0.08,0.195,0.013999999999999999,0.011000000000000001,0.175,0.013000000000000001,0.013000000000000001,23.3,2.543,2.7239999999999998,335.3,23.98,35.08,0.025,0.006999999999999999,0.005,,,
9079,9079,9079,212214417,08 56 19.559,+24 45 03.22,1,11.937999999999999,,1950-1423-1,574-043531,08561956+2445035,,STAR,gri,rpm,2.7,2.9,-2.3,3.0,,,12.865,0.379,12.050999999999998,0.239,,,12.74,0.031,11.915999999999999,0.04,11.595,0.06,,,10.384,0.023,9.833,0.022000000000000002,9.72,0.02,4773.0,77.0,77.0,2.483,0.47600000000000003,0.168,-0.321,0.18,0.3,9.991,1.7690000000000001,4.029,1.123,0.158,0.158,0.001,0.004,0.00042699999999999997,1675.0,258.9,637.6,0.035,0.01,0.008,,,
9080,9080,9080,212214426,08 44 49.245,+24 45 03.84,1,18.1,,,,08444924+2445038,4518-301-4-0027-0279,EXTENDED,gri,,0.0,3.0,0.0,3.0,,,,,,,20.756,0.129,19.114,0.013000000000000001,18.119,0.009000000000000001,17.666,0.008,17.387,0.021,16.599,0.113,15.732000000000001,0.10800000000000001,15.215,0.131,,,,,,,,,,,,,,,,,,,,,,,,,,,
9081,9081,9081,212214438,08 39 18.774,+24 45 05.11,1,16.366,,,,08391877+2445051,,STAR,JHK,col,,,,,,,,,,,,,,,,,,,,,14.120999999999999,0.027000000000000003,13.562000000000001,0.023,13.265,0.027999999999999997,3463.0,125.0,225.0,5.075,0.078,0.065,-0.003,0.15,0.18,0.21100000000000002,0.054000000000000006,0.051,0.19399999999999998,0.076,0.055,19.86,11.47,6.277,126.7,46.92,38.97,0.018000000000000002,0.006999999999999999,0.006,,,
9082,9082,9082,212214440,08 45 33.400,+24 45 05.18,1,16.704,,,,08453340+2445051,,STAR,J,col,,,,,,,,,,,,,,,,,,,,,15.263,0.055,14.620999999999999,0.063,14.24,0.069,3714.0,348.0,298.0,4.981,0.11,0.154,-0.132,0.2,0.28,0.28600000000000003,0.134,0.091,0.311,0.175,0.15,11.1,9.808,5.9079999999999995,336.8,214.5,131.0,0.028999999999999998,0.008,0.008,,,
9083,9083,9083,212214487,08 40 49.448,+24 45 11.13,1,14.532,,,574-042992,08404944+2445111,,STAR,gri,rpm,5.1,4.7,0.2,5.1,,,15.329,0.01,14.357000000000001,0.06,,,14.837,0.02,14.1,0.05,14.401,0.73,,,12.802999999999999,0.022000000000000002,12.328,0.023,12.255,0.021,5046.0,100.0,80.0,3.556,1.008,0.56,-0.341,0.3,0.36,2.416,2.021,1.7,0.927,0.19,0.106,0.049,1.526,0.042,1348.0,1032.0,962.1,0.033,0.006999999999999999,0.006,,,
9084,9084,9084,212214494,08 47 39.875,+24 45 12.01,1,17.775,,,,08473987+2445120,4508-301-4-0132-0327,EXTENDED,gri,,-2.0,3.0,-1.0,3.0,,,,,,,20.943,0.163,18.762999999999998,0.013000000000000001,17.820999999999994,0.009000000000000001,17.352,0.008,16.944000000000006,0.02,16.163,0.083,15.472000000000001,0.096,14.966,0.11699999999999999,,,,,,,,,,,,,,,,,,,,,,,,,,,
9085,9085,9085,212214544,08 50 39.702,+24 45 19.45,1,13.454,,,574-043347,08503971+2445195,,STAR,gri,rpm,-1.1,2.0,-6.4,2.3,,,14.65,0.049,13.704,0.034,,,14.145999999999999,0.035,13.425999999999998,0.043,13.157,0.064,,,12.047,0.02,11.605,0.017,11.503,0.021,5099.0,104.0,104.0,3.5589999999999997,0.9279999999999999,0.58,-0.295,0.3,0.42,2.531,1.787,1.75,0.981,0.23600000000000002,0.128,0.05,1.004,0.043,1077.0,739.6,736.1,0.032,0.006999999999999999,0.006999999999999999,,,
9086,9086,9086,212214551,08 46 00.692,+24 45 20.21,1,12.38,,,574-043183,08460069+2445202,,STAR,gri,rpm,-7.1,0.8,-1.5,0.9,,,12.54,0.02,12.004000000000001,0.07,,,12.280999999999999,0.03,11.862,0.07,12.422,0.86,,,11.064,0.022000000000000002,10.814,0.019,10.743,0.019,6171.0,182.0,145.0,4.1,0.205,0.24600000000000002,-0.05,0.15,0.15,1.516,0.62,0.377,1.222,0.198,0.142,0.276,0.314,0.165,495.9,200.7,122.3,0.033,0.01,0.006999999999999999,,,
9087,9087,9087,212214571,08 55 23.020,+24 45 22.59,1,18.78,,,,,4508-301-2-0142-0104,STAR,gri,,5.0,3.0,8.0,3.0,,,,,,,18.336,0.013999999999999999,18.474,0.006999999999999999,18.882,0.01,19.217,0.013999999999999999,19.485,0.046,,,,,,,,,,,,,,,,,,,,,,,,,,,,,,,,,
9088,9088,9088,212214592,08 46 23.068,+24 45 24.91,1,13.802999999999999,,,574-043201,08462307+2445248,,STAR,gri,rpm,-11.3,2.1,11.5,2.6,,,14.17,0.04,13.517000000000001,0.03,,,13.862,0.06,13.288,0.04,13.777999999999999,0.89,,,12.292,0.022000000000000002,11.977,0.019,11.898,0.02,5747.0,162.0,116.0,4.416,0.075,0.27,-0.057999999999999996,0.15,0.24,1.013,0.462,0.126,1.001,0.084,0.1,0.898,0.353,0.584,529.9,255.7,77.21,0.033,0.013000000000000001,0.006999999999999999,,,
9089,9089,9089,212214597,08 57 26.343,+24 45 25.14,1,12.752,,,574-043574,08572634+2445252,,STAR,gri,rpm,-42.6,8.0,5.9,8.5,,,14.065,0.045,13.135,0.032,,,13.542,0.032,12.690999999999999,0.040999999999999995,12.413,0.061,,,11.234000000000002,0.021,10.770999999999999,0.022000000000000002,10.668,0.019,4948.0,98.0,78.0,4.593999999999999,0.03,0.036000000000000004,-0.022000000000000002,0.16,0.08,0.7490000000000001,0.054000000000000006,0.032,0.826,0.033,0.026000000000000002,1.9240000000000002,0.21,0.294,201.9,19.28,14.78,0.026000000000000002,0.004,0.006,,,
9090,9090,9090,212214619,08 42 31.524,+24 45 27.91,1,18.097,,,,08423152+2445279,4508-301-5-0125-0265,EXTENDED,gri,,4.0,3.0,3.0,3.0,,,,,,,20.738000000000003,0.083,18.95,0.011000000000000001,18.104,0.008,17.732,0.008,17.442,0.016,16.732,0.129,15.904000000000002,0.13699999999999998,15.547,0.179,,,,,,,,,,,,,,,,,,,,,,,,,,,
9091,9091,9091,212214622,08 45 45.626,+24 45 28.11,1,17.395,,,,08454562+2445281,4518-301-4-0029-0321,EXTENDED,gri,,2.0,3.0,-3.0,3.0,,,,,,,20.282,0.139,18.465,0.012,17.461,0.008,16.937,0.006999999999999999,16.477999999999998,0.016,15.96,0.083,15.083,0.08,14.511,0.087,,,,,,,,,,,,,,,,,,,,,,,,,,,
9092,9092,9092,212214633,08 38 06.230,+24 45 29.40,1,17.328,,,,08380622+2445294,4469-301-2-0125-0287,EXTENDED,gri,,4.0,3.0,3.0,3.0,,,,,,,19.805,0.055,18.320999999999998,0.008,17.366,0.006,16.903,0.006,16.567999999999998,0.013000000000000001,15.870999999999999,0.073,15.152000000000001,0.08800000000000001,14.565999999999999,0.085,,,,,,,,,,,,,,,,,,,,,,,,,,,
9093,9093,9093,212214648,08 45 38.632,+24 45 31.19,1,14.765999999999998,,,574-043175,08453863+2445312,4518-301-4-0028-0153,STAR,gri,rpm,-2.4,4.5,-8.8,5.0,,,15.765,0.03,14.91,0.09,,,15.359000000000002,0.02,14.613,0.04,14.512,0.081,,,13.481,0.024,13.033,0.024,12.927999999999999,0.025,5133.0,101.0,101.0,4.5710000000000015,0.03,0.054000000000000006,-0.1,0.16,0.24,0.784,0.08199999999999999,0.054000000000000006,0.8390000000000001,0.06,0.06,1.7080000000000002,0.253,0.33899999999999997,620.2,87.63,55.87,0.034,0.008,0.006999999999999999,,,
9094,9094,9094,212214703,08 53 41.190,+24 45 37.64,1,15.862,,,574-043437,08534120+2445377,4508-301-2-0140-0201,STAR,JHK,col,,,,,,,,,,,,,,,,,,,,,13.7,0.027000000000000003,13.107000000000001,0.027000000000000003,12.869000000000002,0.027999999999999997,3636.0,179.0,179.0,4.99,0.09,0.075,-0.038,0.15,0.21,0.278,0.07,0.066,0.28600000000000003,0.09,0.09,12.96,8.059,4.298,149.9,53.26,45.83,0.021,0.006999999999999999,0.006,,,
9095,9095,9095,212214747,08 40 25.284,+24 45 43.12,1,14.0,,,574-042977,08402527+2445431,,STAR,gri,rpm,25.6,7.2,-20.0,7.2,,,14.654000000000002,0.03,13.770999999999999,0.05,,,14.203,0.02,13.504000000000001,0.05,13.913,0.86,,,12.34,0.019,11.905999999999999,0.017,11.815999999999999,0.021,5214.0,103.0,103.0,4.5680000000000005,0.03,0.07200000000000001,-0.175,0.2,0.24,0.7909999999999999,1.0979999999999999,0.053,0.84,0.069,0.069,1.671,0.226,1.527,372.4,79.46,28.83,0.032,0.006999999999999999,0.006,,,
9096,9096,9096,212214750,08 41 00.653,+24 45 43.52,1,13.386,,,574-042998,08410064+2445436,,STAR,gri,rpm,0.9,10.3,-11.8,2.3,,,14.120999999999999,0.01,13.232999999999999,0.06,,,13.654000000000002,0.03,12.940999999999999,0.03,13.270999999999999,0.79,,,11.664000000000001,0.022000000000000002,11.196,0.022000000000000002,11.120999999999999,0.019,5056.0,81.0,81.0,3.53,0.946,0.43,-0.38799999999999996,0.35,0.35,2.7119999999999997,1.83,1.925,0.948,0.23800000000000002,0.079,0.045,1.117,0.035,884.9,560.2,612.2,0.033,0.008,0.008,,,
9097,9097,9097,212214815,08 43 35.227,+24 45 49.98,1,14.020999999999999,,,574-043102,08433521+2445501,,STAR,gri,rpm,-21.9,2.4,-8.0,8.7,,,14.734000000000002,0.02,13.93,0.07,,,14.314,0.02,13.669,0.05,13.895,0.75,,,12.497,0.021,12.044,0.019,11.972999999999999,0.02,5213.0,103.0,82.0,4.563,0.04,0.92,-0.24,0.25,0.4,0.789,1.473,0.08900000000000001,0.86,0.055,0.109,1.635,0.377,1.571,404.9,712.4,50.62,0.032,0.008,0.01,,,
9098,9098,9098,212214831,08 55 16.809,+24 45 52.11,1,15.387,,,,08551680+2445521,4508-301-2-0142-0208,EXTENDED,gri,,,,,,,,,,,,17.297,0.018000000000000002,16.012999999999998,0.004,15.427,0.003,15.119000000000002,0.003,14.847000000000001,0.006999999999999999,15.868,0.14800000000000002,,,15.088,0.203,,,,,,,,,,,,,,,,,,,,,,,,,,,
9099,9099,9099,212214846,08 40 57.865,+24 45 53.96,1,14.134,,,574-042996,08405785+2445540,,STAR,gri,rpm,8.8,11.3,-1.7,5.9,,,14.841,0.01,13.96,0.05,,,14.372,0.02,13.652000000000001,0.04,14.032,0.84,,,12.386,0.022000000000000002,11.902000000000001,0.022000000000000002,11.799000000000001,0.02,5023.0,120.0,80.0,3.591,0.968,0.605,-0.424,0.3,0.3,2.474,2.07,1.825,0.9209999999999999,0.154,0.128,0.042,1.5659999999999998,0.036000000000000004,1269.0,1009.0,918.6,0.033,0.008,0.006999999999999999,,,
9100,9100,9100,212214886,08 41 58.093,+24 45 58.43,1,14.517999999999999,,,574-043029,08415808+2445584,,STAR,gri,rpm,9.1,4.5,-27.3,5.0,,,15.835,0.04,14.788,0.04,,,15.31,0.01,14.463,0.05,14.177999999999999,0.07400000000000001,,,13.11,0.024,12.582,0.017,12.495,0.023,4859.0,77.0,97.0,4.63,0.03,0.036000000000000004,-0.18100000000000002,0.18,0.3,0.69,0.048,0.062,0.75,0.045,0.07200000000000001,2.229,0.36,0.31,427.0,40.12,43.62,0.03,0.011000000000000001,0.005,,,
9101,9101,9101,212214888,08 42 49.631,+24 45 58.86,1,15.761,,,574-043070,08424963+2445586,,STAR,gri,rpm,-26.0,4.1,-21.8,4.8,,,17.672,0.126,16.215999999999998,0.071,,,17.023,0.05,15.583,0.06,15.22,0.79,,,13.157,0.023,12.48,0.023,12.257,0.025,3910.0,93.0,163.0,4.868,0.07200000000000001,0.04,-0.028999999999999998,0.12,0.15,0.41100000000000003,0.044000000000000004,0.076,0.461,0.048,0.096,6.3389999999999995,2.615,1.005,191.3,25.82,42.8,0.024,0.008,0.006,,,
9102,9102,9102,212214895,08 54 15.200,+24 46 00.06,1,14.615,,,574-043459,08541519+2446000,,STAR,JHK,rpm,10.5,3.1,-46.9,3.4,,,,,,,,,,,,,,,,,12.322000000000001,0.022000000000000002,11.640999999999998,0.023,11.450999999999999,0.02,4053.0,143.0,143.0,4.797,0.064,0.04,-0.019,0.2,0.2,0.48,0.046,0.066,0.537,0.057999999999999996,0.07,4.753,1.629,0.943,163.1,22.45,26.94,0.023,0.005,0.005,,,
9103,9103,9103,212214897,08 39 13.186,+24 46 00.31,1,9.86,,1942-1025-1,574-042927,08391318+2446004,,STAR,gri,rpm,3.9,2.2,-86.0,2.2,,,10.434000000000001,0.044000000000000004,9.8,0.034,,,10.664000000000001,0.03,9.965,0.04,9.515,0.06,,,8.664,0.026000000000000002,8.4,0.024,8.338,0.018000000000000002,5419.0,161.0,96.0,4.508,0.035,0.098,0.068,0.08,0.16,0.904,0.14300000000000002,0.057999999999999996,0.9590000000000001,0.047,0.047,1.288,0.225,0.384,83.46,20.45,6.284,0.013999999999999999,0.006,0.004,,,
9104,9104,9104,212214904,08 41 39.769,+24 46 00.72,1,15.495999999999999,,,574-043022,08413976+2446007,,STAR,gri,rpm,-2.3,4.3,-4.3,4.9,,,16.698,0.09,15.658,0.01,,,16.204,0.04,15.335999999999999,0.01,15.192,0.099,,,14.034,0.027000000000000003,13.562000000000001,0.022000000000000002,13.472000000000001,0.034,4911.0,79.0,79.0,4.5969999999999995,0.035,0.025,-0.035,0.15,0.18,0.74,0.042,0.046,0.7979999999999999,0.042,0.05,1.929,0.301,0.19,713.5,49.27,54.94,0.035,0.008,0.008,,,
9105,9105,9105,212214927,08 47 17.537,+24 46 02.49,1,11.948,,,574-043239,08471754+2446024,,STAR,gri,rpm,2.6,1.9,2.4,1.3,,,12.624,0.03,11.703,0.08,,,12.219000000000001,0.02,11.415,0.09,11.831,0.85,,,10.146,0.018000000000000002,9.644,0.023,9.546,0.019,4869.0,97.0,97.0,2.45,0.672,0.084,-0.381,0.2,0.2,10.463,0.774,5.553,1.12,0.243,0.135,0.0009539999999999999,0.009000000000000001,0.00018899999999999999,1561.0,111.6,778.7,0.033,0.01,0.006999999999999999,,,
9106,9106,9106,212214974,08 48 16.257,+24 46 09.15,1,16.678,,,,08481625+2446091,4518-301-3-0032-0186,EXTENDED,gri,,-9.0,3.0,7.0,3.0,,,,,,,19.795,0.084,17.881,0.008,16.653,0.005,16.163,0.004,15.797,0.009000000000000001,15.307,0.057999999999999996,14.616,0.066,13.892000000000001,0.055,,,,,,,,,,,,,,,,,,,,,,,,,,,
9107,9107,9107,212214986,08 39 05.146,+24 46 10.66,1,17.875999999999994,,,,08390514+2446106,,STAR,JHK,col,,,,,,,,,,,,,,,,,,,,,15.386,0.057999999999999996,14.874,0.075,14.439,0.077,3577.0,298.0,248.0,5.013999999999999,0.1,0.12,-0.092,0.16,0.28,0.252,0.102,0.073,0.251,0.15,0.094,13.42,10.45,5.874,286.8,199.3,102.0,0.027999999999999997,0.008,0.006999999999999999,,,
9108,9108,9108,212214995,08 46 14.024,+24 46 11.64,1,11.992,,1943-1108-1,574-043190,08461403+2446114,,STAR,gri,rpm,-8.9,2.2,-2.1,2.2,,,12.120999999999999,0.155,11.988,0.19,,,11.909,0.02,11.478,0.07,12.027999999999999,0.84,,,10.661,0.022000000000000002,10.37,0.021,10.325,0.019,6004.0,144.0,120.0,4.178,0.23399999999999999,0.23399999999999999,-0.044000000000000004,0.15,0.24,1.349,0.55,0.292,1.131,0.153,0.109,0.387,0.499,0.24,362.2,134.1,97.87,0.031,0.006999999999999999,0.006,,,
9109,9109,9109,212215122,08 54 27.928,+24 46 28.49,1,11.699000000000002,,1943-741-1,574-043468,08542792+2446285,,STAR,gri,rpm,11.6,2.3,-13.2,2.4,,,12.161,0.22,11.87,0.22899999999999998,,,12.097000000000001,0.03,11.654000000000002,0.04,11.529000000000002,0.06,,,10.754000000000001,0.022000000000000002,10.459000000000001,0.022000000000000002,10.384,0.02,5949.0,119.0,119.0,4.247,0.17,0.34,-0.067,0.15,0.27,1.273,0.645,0.278,1.089,0.147,0.126,0.491,0.40299999999999997,0.34299999999999997,333.0,173.1,69.09,0.032,0.008,0.008,,,
9110,9110,9110,212215128,08 56 23.230,+24 46 29.56,1,12.159,,,574-043536,08562323+2446296,,STAR,gri,rpm,-9.6,1.3,-58.7,1.7,,,13.139000000000001,0.042,12.454,0.031,,,12.706,0.031,12.118,0.04,11.924000000000001,0.06,,,10.929,0.023,10.561,0.022000000000000002,10.517000000000001,0.022000000000000002,5470.0,130.0,108.0,4.534,0.045,0.09,-0.252,0.25,0.3,0.809,0.151,0.066,0.85,0.1,0.083,1.485,0.317,0.444,218.1,71.8,46.05,0.025,0.006,0.005,,,
9111,9111,9111,212215132,08 56 35.741,+24 46 29.96,1,12.030999999999999,,,574-043541,08563575+2446301,,STAR,gri,rpm,-13.8,2.1,-7.9,1.6,,,12.9,0.040999999999999995,12.286,0.03,,,12.503,0.031,11.985999999999999,0.04,11.829,0.06,,,10.934000000000001,0.022000000000000002,10.612,0.021,10.527999999999999,0.013999999999999999,5750.0,114.0,114.0,4.369,0.10800000000000001,0.486,-0.07200000000000001,0.2,0.24,1.077,0.8759999999999999,0.156,1.053,0.113,0.113,0.7859999999999999,0.42,0.644,310.0,251.5,55.69,0.031,0.008,0.006999999999999999,,,
9112,9112,9112,212215155,08 41 34.277,+24 46 32.69,1,17.738,,,,08413427+2446326,,STAR,J,col,,,,,,,,,,,,,,,,,,,,,16.225,0.08800000000000001,15.408,0.098,14.773,0.099,3619.0,385.0,321.0,4.984,0.135,0.162,-0.128,0.2,0.28,0.273,0.151,0.11199999999999999,0.285,0.20199999999999999,0.151,12.61,14.35,6.71,447.7,341.2,220.8,0.031,0.009000000000000001,0.009000000000000001,,,
9113,9113,9113,212215176,08 54 10.106,+24 46 36.29,1,16.093,,,,08541010+2446362,4508-301-2-0140-0331,EXTENDED,gri,,-12.0,3.0,4.0,3.0,,,,,,,18.352999999999998,0.05,16.773,0.006999999999999999,16.119,0.005,15.802,0.006,15.545,0.012,16.102,0.163,,,,,,,,,,,,,,,,,,,,,,,,,,,,,,,
9114,9114,9114,212215181,08 43 39.795,+24 46 36.87,1,17.969,,,,08433979+2446368,4508-301-5-0127-0278,EXTENDED,gri,,0.0,3.0,0.0,3.0,,,,,,,21.088,0.129,19.05,0.013000000000000001,17.942999999999994,0.008,17.506,0.008,17.159000000000002,0.015,16.224,0.084,15.857999999999999,0.128,15.059000000000001,0.111,,,,,,,,,,,,,,,,,,,,,,,,,,,
9115,9115,9115,212215205,08 46 48.380,+24 46 39.46,1,11.876,,1943-992-1,574-043216,08464838+2446393,,STAR,gri,rpm,-4.2,2.9,-9.3,3.0,,,13.167,0.39799999999999996,12.148,0.22,,,12.284,0.03,11.765,0.08,11.700999999999999,0.06,,,10.878,0.018000000000000002,10.581,0.021,10.53,0.018000000000000002,5898.0,140.0,140.0,4.262,0.16,0.35200000000000004,-0.027000000000000003,0.12,0.21,1.237,0.72,0.254,1.088,0.157,0.098,0.502,0.45899999999999996,0.349,351.8,182.9,72.99,0.032,0.01,0.008,,,
9116,9116,9116,212215212,08 38 15.186,+24 46 40.33,1,13.962,,,574-042890,08381518+2446404,,STAR,gri,rpm,2.7,4.8,-3.5,5.1,,,15.048,0.04,14.189,0.03,,,14.591,0.03,13.931,0.02,13.692,0.04,,,12.637,0.019,12.159,0.022000000000000002,12.061,0.022000000000000002,5112.0,80.0,60.0,3.344,0.396,0.726,-0.6509999999999999,0.35,0.35,3.159,3.5639999999999996,1.151,0.909,0.127,0.035,0.026000000000000002,0.07200000000000001,0.023,1685.0,1787.0,592.9,0.034,0.009000000000000001,0.009000000000000001,,,
9117,9117,9117,212215245,08 55 35.816,+24 46 44.65,1,13.423,,,574-043506,08553581+2446447,,STAR,JHK,rpm,1.1,2.2,-8.9,2.7,,,,,,,,,,,,,,,,,11.862,0.022000000000000002,11.327,0.025,11.229000000000001,0.017,4882.0,116.0,96.0,3.1289999999999996,0.528,0.7040000000000001,-0.308,0.25,0.45,4.489,4.345,1.976,0.985,0.209,0.139,0.01,0.047,0.009000000000000001,1526.0,1467.0,669.4,0.032,0.01,0.006,,,
9118,9118,9118,212215268,08 39 21.144,+24 46 47.08,1,9.927999999999999,,1942-1885-1,574-042931,08392114+2446472,,STAR,gri,rpm,-14.0,2.2,-106.9,2.2,,,10.469000000000001,0.043,9.999,0.039,,,10.66,0.03,9.994,0.04,9.613999999999999,0.06,,,8.821,0.021,8.558,0.034,8.48,0.018000000000000002,5495.0,87.0,131.0,4.499,0.035,0.035,0.042,0.12,0.15,0.905,0.054000000000000006,0.06,0.9590000000000001,0.049,0.059000000000000004,1.252,0.226,0.162,92.12,8.887,9.639,0.015,0.006,0.004,,,
9119,9119,9119,212215284,08 45 44.159,+24 46 49.55,1,9.004,,1943-1661-1,574-043177,08454416+2446495,,STAR,gri,rpm,-32.3,1.3,-22.9,1.2,,,10.109,0.035,9.021,0.019,,,10.17,0.03,9.368,0.04,8.504,0.06,,,7.0070000000000014,0.019,6.404,0.02,6.269,0.016,4669.0,74.0,56.0,2.323,0.255,0.35700000000000004,-0.47700000000000004,0.35,0.42,11.453,3.3560000000000003,2.967,1.031,0.24600000000000002,0.13699999999999998,0.0006799999999999999,0.001,0.000453,404.3,113.9,99.86,0.032,0.006999999999999999,0.006999999999999999,,,
9120,9120,9120,212215296,08 41 39.409,+24 46 50.73,1,17.521,,,,,4517-301-5-0132-0498,EXTENDED,gri,,-2.0,3.0,9.0,3.0,,,,,,,19.22,0.068,17.985,0.011000000000000001,17.563,0.011000000000000001,17.322,0.013000000000000001,17.23,0.038,,,,,,,,,,,,,,,,,,,,,,,,,,,,,,,,,
9121,9121,9121,212215310,08 43 55.434,+24 46 52.17,1,16.906,,,,08435543+2446521,4508-301-5-0127-0309,STAR,gri,rpm,-36.0,3.0,-70.0,3.0,,,,,,,21.691999999999997,0.11800000000000001,18.958,0.009000000000000001,17.456,0.006,16.027,0.005,15.267999999999999,0.006,13.878,0.023,13.29,0.023,13.027999999999999,0.027999999999999997,3414.0,96.0,68.0,5.114,0.03,0.042,-0.129,0.21,0.12,0.188,0.026000000000000002,0.016,0.17300000000000001,0.027999999999999997,0.02,23.98,4.521,4.489,101.2,19.75,11.34,0.017,0.006,0.004,,,
9122,9122,9122,212215341,08 54 07.663,+24 46 55.28,1,14.618,,,574-043456,08540765+2446552,4508-301-2-0140-0156,STAR,gri,rpm,-1.9,3.1,0.7,3.4,,,15.561,0.03,14.809000000000001,0.043,,,15.177999999999999,0.042,14.555,0.05,14.378,0.078,,,13.446,0.025,13.046,0.035,12.918,0.028999999999999998,5374.0,160.0,160.0,4.5089999999999995,0.06,0.79,-0.18,0.2,0.36,0.873,1.4569999999999999,0.098,0.893,0.105,0.08800000000000001,1.344,0.348,1.2590000000000001,733.6,1118.0,104.9,0.033,0.008,0.008,,,
9123,9123,9123,212215373,08 48 11.297,+24 47 00.42,1,17.632,,,,08481129+2447004,4518-301-3-0032-0179,EXTENDED,gri,,4.0,3.0,1.0,3.0,,,,,,,20.538,0.111,18.735,0.012,17.619,0.006999999999999999,17.159000000000002,0.006,16.820999999999998,0.015,15.800999999999998,0.073,15.280999999999999,0.08800000000000001,14.633,0.084,,,,,,,,,,,,,,,,,,,,,,,,,,,
9124,9124,9124,212215401,08 54 35.328,+24 47 02.89,1,14.544,,,574-043472,08543533+2447029,4508-301-2-0141-0102,STAR,gri,rpm,0.1,3.2,-2.9,3.5,,,15.738,0.03,14.753,0.042,,,15.238,0.042,14.504000000000001,0.05,14.247,0.076,,,13.115,0.025,12.638,0.022000000000000002,12.525,0.025,5038.0,101.0,101.0,3.647,0.9359999999999999,0.78,-0.34700000000000003,0.3,0.42,2.5580000000000003,3.0380000000000003,1.933,0.8959999999999999,0.19,0.106,0.049,1.78,0.045,1591.0,1850.0,1128.0,0.034,0.01,0.008,,,
9125,9125,9125,212215432,08 53 30.776,+24 47 06.91,1,14.163,,,574-043431,08533078+2447068,,STAR,gri,rpm,0.6,3.2,2.5,3.5,,,15.327,0.02,14.45,0.039,,,14.859000000000002,0.039,14.154000000000002,0.047,13.865,0.07,,,12.785,0.023,12.218,0.025,12.157,0.022000000000000002,4896.0,115.0,96.0,2.877,0.564,0.47,-0.5710000000000001,0.28,0.2,5.285,3.7110000000000003,2.494,0.934,0.10099999999999999,0.046,0.004,0.027999999999999997,0.004,2729.0,1606.0,1163.0,0.034,0.006,0.006,,,
9126,9126,9126,212215462,08 52 12.105,+24 47 09.81,1,13.879000000000001,,,574-043405,08521209+2447099,4518-301-2-0037-0067,STAR,gri,rpm,-1.0,2.2,-9.3,2.4,,,15.040999999999999,0.02,14.100999999999999,0.036000000000000004,,,14.557,0.037000000000000005,13.845999999999998,0.045,13.589,0.067,,,12.46,0.023,11.957,0.026000000000000002,11.888,0.026000000000000002,5012.0,100.0,100.0,3.362,1.036,0.5920000000000001,-0.515,0.3,0.3,3.298,2.986,1.567,0.938,0.18100000000000002,0.1,0.02,0.085,0.018000000000000002,1566.0,1352.0,647.4,0.033,0.01,0.006,,,
9127,9127,9127,212215469,08 41 33.335,+24 47 10.71,1,16.325,,,,08413333+2447107,4517-301-5-0132-0308,EXTENDED,gri,,0.0,3.0,1.0,3.0,,,,,,,18.867,0.04,17.189,0.006,16.371,0.004,15.955,0.004,15.664000000000001,0.009000000000000001,15.413,0.054000000000000006,14.669,0.062,14.277000000000001,0.073,,,,,,,,,,,,,,,,,,,,,,,,,,,
9128,9128,9128,212215477,08 45 46.638,+24 47 11.40,1,12.557,,,574-043179,08454664+2447114,,STAR,gri,rpm,-0.1,2.4,-12.2,1.4,,,12.795,0.02,12.184000000000001,0.07,,,12.502,0.03,12.027000000000001,0.06,12.581,0.85,,,11.235999999999999,0.022000000000000002,10.977,0.022000000000000002,10.902000000000001,0.019,6042.0,118.0,118.0,4.146,0.217,0.155,-0.027000000000000003,0.15,0.24,1.442,0.304,0.33799999999999997,1.143,0.122,0.102,0.35700000000000004,0.41700000000000004,0.151,486.9,117.1,108.3,0.033,0.01,0.006,,,
9129,9129,9129,212215486,08 41 10.973,+24 47 13.60,1,13.356,,,574-043005,08411097+2447136,,STAR,gri,rpm,6.2,2.0,-25.5,2.4,,,14.175,0.02,13.173,0.05,,,13.674000000000001,0.02,12.855,0.03,13.219000000000001,0.83,,,11.595999999999998,0.018000000000000002,11.147,0.016,11.047,0.018000000000000002,5004.0,61.0,61.0,4.58,0.021,0.02,0.065,0.06,0.18,0.7859999999999999,0.018000000000000002,0.048,0.853,0.026000000000000002,0.057999999999999996,1.746,0.217,0.105,253.4,10.12,22.72,0.027000000000000003,0.013999999999999999,0.005,,,
9130,9130,9130,212215552,08 48 26.738,+24 47 21.13,1,17.554000000000002,,,,08482673+2447211,4518-301-3-0032-0205,EXTENDED,gri,,-4.0,3.0,0.0,3.0,,,,,,,20.495,0.098,18.488,0.009000000000000001,17.555,0.006,17.153,0.006,16.782,0.013000000000000001,15.965,0.077,15.105,0.077,14.915999999999999,0.11,,,,,,,,,,,,,,,,,,,,,,,,,,,
9131,9131,9131,212215602,08 42 59.108,+24 47 26.56,1,11.83,,1942-1986-1,574-043075,08425911+2447265,,STAR,gri,rpm,-2.7,2.7,-5.7,2.8,,,12.054,0.165,11.9,0.221,,,11.821,0.02,11.505,0.03,11.834000000000001,0.69,,,10.729000000000001,0.021,10.534,0.019,10.468,0.019,6488.0,130.0,130.0,4.087,0.192,0.28800000000000003,-0.013999999999999999,0.12,0.15,1.642,0.823,0.332,1.38,0.23800000000000002,0.149,0.27699999999999997,0.221,0.18100000000000002,479.4,239.5,103.5,0.033,0.011000000000000001,0.006999999999999999,,,
9132,9132,9132,212215716,08 40 33.655,+24 47 41.86,1,14.408,,,574-042984,08403365+2447418,,STAR,gri,rpm,-11.6,4.6,-14.8,5.0,,,15.687000000000001,0.03,14.444,0.04,,,15.144,0.04,13.888,0.04,14.092,0.87,,,12.207,0.022000000000000002,11.559000000000001,0.021,11.442,0.019,4074.0,124.0,124.0,4.794,0.055999999999999994,0.035,-0.03,0.12,0.12,0.491,0.046,0.057999999999999996,0.556,0.05,0.069,4.508,1.2329999999999999,0.715,158.0,23.91,23.96,0.021,0.005,0.006,,,
9133,9133,9133,212215751,08 42 26.662,+24 47 45.97,1,16.241,,,,08422666+2447459,4508-301-5-0125-0146,EXTENDED,gri,,-1.0,3.0,0.0,3.0,,,,,,,18.305,0.021,17.012999999999998,0.005,16.327,0.004,15.91,0.004,15.652000000000001,0.006999999999999999,14.957,0.045,14.307,0.051,13.817,0.048,,,,,,,,,,,,,,,,,,,,,,,,,,,
9134,9134,9134,212215763,08 44 24.690,+24 47 47.75,1,9.259,42887.0,1942-1503-1,574-043136,08442470+2447483,,STAR,BV,plx,-113.91,1.92,-347.45,1.21,7.43,1.43,9.612,0.025,9.269,0.022000000000000002,,,,,,,,,,,8.592,0.02,8.437999999999999,0.018000000000000002,8.392000000000001,0.018000000000000002,6777.0,279.0,279.0,4.225,0.07,0.11199999999999999,-0.037000000000000005,0.12,0.12,1.4709999999999999,0.257,0.16,1.385,0.106,0.106,0.41200000000000003,0.125,0.142,134.6,25.9,25.9,0.022000000000000002,0.006999999999999999,0.005,,,
9135,9135,9135,212215806,08 47 25.496,+24 47 53.26,1,9.703,,1943-308-1,574-043245,08472549+2447532,,STAR,gri,rpm,2.5,2.2,-37.5,2.2,,,11.013,0.066,9.901,0.033,,,10.637,0.03,9.946,0.04,9.302999999999999,0.06,,,8.068,0.021,7.5020000000000024,0.017,7.403,0.023,4813.0,58.0,117.0,2.359,0.365,0.511,-0.857,0.35,0.56,10.077,7.435,2.943,0.907,0.10800000000000001,0.036000000000000004,0.000773,0.002,0.000657,591.7,440.3,173.8,0.032,0.013000000000000001,0.008,,,
9136,9136,9136,212215841,08 43 45.864,+24 47 56.89,1,9.102,,1942-1152-1,574-043108,08434586+2447569,,STAR,BV,rpm,-16.2,1.5,-17.1,1.4,,,9.54,0.025,9.136000000000001,0.021,,,,,,,,,,,8.44,0.026000000000000002,8.336,0.024,8.26,0.017,7227.0,399.0,342.0,4.047,0.18,0.252,0.021,0.12,0.15,1.9269999999999998,0.7240000000000001,0.39299999999999996,1.645,0.214,0.153,0.20800000000000002,0.193,0.125,216.4,86.21,48.12,0.026000000000000002,0.006999999999999999,0.006999999999999999,,,
9137,9137,9137,212215866,08 40 59.108,+24 47 59.91,1,17.28,,,,08405910+2447599,4517-301-5-0132-0352,EXTENDED,gri,,2.0,3.0,0.0,3.0,,,,,,,21.613000000000003,0.419,18.684,0.016,17.225,0.006999999999999999,16.678,0.006999999999999999,16.323,0.013999999999999999,16.059,0.08199999999999999,15.372,0.095,14.539000000000001,0.085,,,,,,,,,,,,,,,,,,,,,,,,,,,
9138,9138,9138,212215952,08 43 39.507,+24 48 09.99,1,13.790999999999999,,,575-043634,08433949+2448100,,STAR,JHK,rpm,-4.1,3.6,26.5,16.9,,,,,13.697000000000001,0.034,,,,,,,,,,,12.209000000000001,0.022000000000000002,11.663,0.021,11.567,0.02,4805.0,113.0,113.0,4.6,0.055,1.7380000000000002,-0.22399999999999998,0.25,0.4,0.737,5.412000000000001,0.09,0.7909999999999999,0.218,0.084,1.8980000000000001,0.604,1.8940000000000001,305.5,2189.0,49.04,0.028999999999999998,0.008,0.006,,,
9139,9139,9139,212215962,08 52 48.189,+24 48 10.94,1,12.040999999999999,,,575-043997,08524819+2448111,,STAR,gri,rpm,-18.3,1.0,-35.6,1.4,,,12.834000000000001,0.040999999999999995,12.172,0.03,,,12.48,0.031,12.009,0.04,11.854000000000001,0.06,,,11.01,0.023,10.703,0.021,10.610999999999999,0.018000000000000002,5859.0,94.0,141.0,4.399,0.07,0.196,-0.191,0.2,0.28,1.04,0.28600000000000003,0.129,0.9570000000000001,0.10300000000000001,0.073,0.86,0.261,0.428,303.6,89.3,45.19,0.031,0.01,0.008,,,
9140,9140,9140,212215994,08 45 52.507,+24 48 15.35,1,15.027000000000001,,,575-043726,08455251+2448153,,STAR,gri,rpm,-1.9,4.1,-26.4,5.0,,,17.178,0.07,15.852,0.08,,,16.66,0.062,15.251,0.07,14.325999999999999,0.076,,,12.478,0.022000000000000002,11.81,0.022000000000000002,11.575999999999999,0.02,3656.0,173.0,86.0,4.981,0.032,0.10400000000000001,0.04,0.14,0.1,0.299,0.098,0.032,0.317,0.135,0.047,11.1,2.7460000000000004,4.473,96.43,40.16,17.4,0.016,0.006,0.004,,,
9141,9141,9141,212216013,08 38 15.113,+24 48 16.88,1,15.26,,,575-043441,08381511+2448172,,STAR,gri,col,,,,,,,17.733,0.14,16.265,0.07200000000000001,,,17.07,0.07200000000000001,15.638,0.066,14.484000000000002,0.079,,,12.565999999999999,0.019,11.92,0.022000000000000002,11.68,0.021,3487.0,105.0,105.0,5.033,0.066,0.055,0.06,0.12,0.12,0.242,0.05,0.049,0.23199999999999998,0.069,0.057,15.85,7.164,4.234,75.5,19.99,18.54,0.013000000000000001,0.005,0.005,,,
9142,9142,9142,212216023,08 55 37.787,+24 48 18.82,1,14.782,,,575-044091,08553779+2448189,4508-301-2-0143-0013,STAR,JHK,rpm,-2.9,3.1,-1.4,3.4,,,,,,,,,,,,,,,,,13.01,0.023,12.422,0.028999999999999998,12.298,0.025,4646.0,144.0,216.0,4.59,0.10800000000000001,2.502,-0.22,0.25,0.65,0.747,12.662,0.172,0.779,0.174,0.124,1.9280000000000002,1.024,1.9269999999999998,418.0,6860.0,115.9,0.032,0.01,0.008,,,
9143,9143,9143,212216030,08 43 44.723,+24 48 19.34,1,18.750999999999998,,,,08434472+2448193,,STAR,JHK,col,,,,,,,,,,,,,,,,,,,,,16.327,0.091,15.939,0.131,15.41,0.152,3745.0,1153.0,320.0,4.953,0.15,0.3,-0.213,0.25,0.45,0.294,0.29600000000000004,0.10400000000000001,0.322,0.326,0.14800000000000002,9.786,13.26,7.439,599.3,1104.0,263.8,0.031,0.01,0.006999999999999999,,,
9144,9144,9144,212216044,08 43 27.730,+24 48 20.55,1,11.762,,1942-1452-1,575-043624,08432773+2448205,,STAR,gri,rpm,-17.0,2.8,-25.3,3.0,,,12.488,0.31,11.786,0.214,,,11.952,0.02,11.437000000000001,0.03,11.68,0.7,,,10.415,0.019,10.064,0.019,10.013,0.019,5705.0,112.0,112.0,4.442,0.06,0.52,-0.096,0.18,0.27,1.001,0.863,0.11699999999999999,0.996,0.077,0.092,1.005,0.24600000000000002,0.845,220.4,178.4,26.66,0.026000000000000002,0.008,0.006,,,
9145,9145,9145,212216076,08 43 02.884,+24 48 23.48,1,17.555999999999994,,,,08430288+2448234,4508-301-5-0126-0269,EXTENDED,gri,,2.0,3.0,3.0,3.0,,,,,,,20.974,0.14400000000000002,18.745,0.012,17.525,0.006999999999999999,17.046,0.006999999999999999,16.713,0.013000000000000001,16.048,0.07400000000000001,15.332,0.078,14.829,0.1,,,,,,,,,,,,,,,,,,,,,,,,,,,
9146,9146,9146,212216105,08 44 58.705,+24 48 27.61,1,17.1,,,,08445870+2448276,4518-301-4-0028-0185,EXTENDED,gri,,6.0,3.0,0.0,3.0,,,,,,,19.425,0.073,17.875999999999994,0.008,17.142,0.006,16.768,0.006,16.512999999999998,0.018000000000000002,16.099,0.094,15.738,0.134,15.507,0.171,,,,,,,,,,,,,,,,,,,,,,,,,,,
9147,9147,9147,212216109,08 45 18.263,+24 48 28.35,1,10.447000000000001,,1943-714-1,575-043710,08451827+2448284,,STAR,gri,rpm,-8.4,2.2,-3.4,2.2,,,12.182,0.29,10.424000000000001,0.059000000000000004,,,11.209000000000001,0.03,10.025,0.09,10.12,0.85,,,8.071,0.019,7.38,0.021,7.224,0.02,4285.0,67.0,84.0,1.776,0.264,0.264,-0.147,0.2,0.28,23.908,5.102,6.587999999999999,1.225,0.26,0.21600000000000005,9.31e-05,0.00011999999999999999,4.6399999999999996e-05,1172.0,211.3,307.2,0.035,0.006999999999999999,0.006999999999999999,,,
9148,9148,9148,212216110,08 39 29.385,+24 48 28.35,1,17.034000000000002,,,,08392938+2448283,,STAR,J,col,,,,,,,,,,,,,,,,,,,,,15.57,0.051,14.886,0.057,14.404000000000002,0.067,3534.0,287.0,344.0,5.039,0.138,0.115,-0.09699999999999999,0.18,0.24,0.24,0.109,0.087,0.245,0.161,0.121,14.47,16.9,6.877999999999999,298.7,186.9,132.0,0.028999999999999998,0.009000000000000001,0.009000000000000001,,,
9149,9149,9149,212216132,08 50 39.384,+24 48 30.29,1,11.199000000000002,,1943-1105-1,575-043914,08503939+2448302,,STAR,gri,lam,10.1,2.7,-1.4,2.7,,,12.806,0.289,11.795,0.16,,,12.085,0.03,11.172,0.04,10.82,0.06,,,9.527999999999999,0.02,8.968,0.016,8.826,0.018000000000000002,4685.0,92.0,92.0,2.803,0.145,0.174,-0.052000000000000005,0.12,0.12,7.235,1.966,1.3130000000000002,1.296,0.203,0.152,0.003,0.003,0.001,806.0,205.0,138.7,0.033,0.01,0.006,,,
9150,9150,9150,212216172,08 39 08.213,+24 48 36.45,1,14.052,,,575-043478,08390821+2448364,,STAR,gri,rpm,14.8,3.1,-10.5,3.4,,,14.965,0.01,14.015999999999998,0.03,,,14.468,0.04,13.705,0.02,13.873,0.74,,,12.474,0.019,12.024000000000001,0.018000000000000002,11.940999999999999,0.02,5112.0,82.0,82.0,4.573,0.035,0.035,-0.02,0.15,0.24,0.795,0.045,0.063,0.853,0.042,0.067,1.7069999999999999,0.28,0.203,392.5,33.92,36.18,0.032,0.013000000000000001,0.006999999999999999,,,
9151,9151,9151,212216213,08 51 14.606,+24 48 41.96,1,9.812000000000001,,1943-1936-1,575-043938,08511461+2448419,,STAR,gri,rpm,2.9,2.2,5.6,2.2,,,10.914000000000001,0.05,10.076,0.033,,,10.602,0.03,9.906,0.04,9.472999999999999,0.06,,,8.344,0.023,7.919,0.021,7.791,0.016,5022.0,81.0,81.0,2.475,0.435,0.09,-0.475,0.35,0.25,10.197000000000001,0.7290000000000001,1.909,1.124,1.105,0.17300000000000001,0.001,0.002,0.000229,690.2,75.35,93.2,0.032,0.006999999999999999,0.006,,,
9152,9152,9152,212216221,08 54 42.236,+24 48 42.73,1,13.425,,,575-044055,08544224+2448427,,STAR,gri,rpm,-3.1,2.3,-2.2,2.5,,,14.748,0.05,13.713,0.034,,,14.219000000000001,0.035,13.440999999999999,0.043,13.084000000000001,0.064,,,11.991,0.023,11.427,0.021,11.33,0.018000000000000002,4812.0,94.0,75.0,2.4730000000000003,0.705,1.128,-0.72,0.45,1.17,8.016,21.685,4.144,0.9179999999999999,0.192,0.12,0.001,0.013000000000000001,0.001,2880.0,6982.0,1427.0,0.034,0.011000000000000001,0.006999999999999999,,,
9153,9153,9153,212216255,08 41 30.667,+24 48 46.32,1,16.004,,,,08413066+2448463,4517-301-5-0132-0314,EXTENDED,gri,,0.0,3.0,1.0,3.0,,,,,,,18.864,0.049,16.962,0.006,16.044,0.004,15.593,0.004,15.25,0.006999999999999999,15.213,0.053,14.574000000000002,0.062,14.075,0.06,,,,,,,,,,,,,,,,,,,,,,,,,,,
9154,9154,9154,212216353,08 40 09.101,+24 48 59.05,1,10.158999999999999,,1942-1425-1,575-043520,08400909+2448590,,STAR,gri,rpm,-8.0,3.0,-10.6,3.0,,,10.686,0.052000000000000005,10.152000000000001,0.044000000000000004,,,10.728,0.03,10.161,0.04,9.915,0.06,,,9.202,0.018000000000000002,8.988999999999997,0.016,8.924,0.018000000000000002,5941.0,120.0,120.0,3.9930000000000003,0.312,0.23399999999999999,0.113,0.12,0.12,1.859,0.603,0.604,1.296,0.204,0.204,0.175,0.39399999999999996,0.091,237.0,85.08,79.56,0.028999999999999998,0.008,0.006999999999999999,,,
9155,9155,9155,212216355,08 48 29.020,+24 48 59.17,1,17.465999999999998,,,,08482902+2448591,4518-301-3-0032-0214,EXTENDED,gri,,2.0,3.0,2.0,3.0,,,,,,,20.037,0.087,18.351,0.01,17.476,0.006999999999999999,17.087,0.006999999999999999,16.730999999999998,0.016,16.208,0.096,15.456,0.10300000000000001,15.003,0.12,,,,,,,,,,,,,,,,,,,,,,,,,,,
9156,9156,9156,212216374,08 52 41.407,+24 49 02.18,1,17.962,,,,08524140+2449021,4518-301-2-0038-0160,EXTENDED,gri,,4.0,3.0,10.0,3.0,,,,,,,21.364,0.24,19.176,0.016,17.922,0.009000000000000001,17.442,0.008,17.095,0.017,16.293,0.106,15.655999999999999,0.172,15.175,0.131,,,,,,,,,,,,,,,,,,,,,,,,,,,
9157,9157,9157,212216401,08 54 13.210,+24 49 05.92,1,13.217,,,575-044041,08541320+2449059,,STAR,gri,rpm,-38.3,6.0,-34.6,8.1,,,14.475999999999999,0.048,13.557,0.033,,,14.020999999999999,0.034,13.177,0.042,12.873,0.063,,,11.719000000000001,0.023,11.21,0.025,11.106,0.022000000000000002,4870.0,79.0,99.0,4.619,0.024,0.02,-0.106,0.15,0.21,0.716,0.03,0.051,0.778,0.04,0.064,2.104,0.289,0.163,228.4,25.28,19.13,0.027999999999999997,0.004,0.006,,,
9158,9158,9158,212216413,08 46 14.613,+24 49 07.23,1,17.561,,,,08461461+2449072,4518-301-4-0029-0361,EXTENDED,gri,,18.0,3.0,7.0,3.0,,,,,,,19.500999999999998,0.084,18.217,0.011000000000000001,17.64,0.01,17.28,0.01,17.014,0.03,17.004,0.17600000000000002,,,,,,,,,,,,,,,,,,,,,,,,,,,,,,,
9159,9159,9159,212216447,08 44 40.612,+24 49 12.14,1,17.719,,,,08444061+2449121,,STAR,J,col,,,,,,,,,,,,,,,,,,,,,16.207,0.08800000000000001,15.368,0.091,14.852,0.096,3748.0,385.0,321.0,4.957,0.135,0.162,-0.168,0.2,0.28,0.29600000000000004,0.149,0.115,0.337,0.18899999999999997,0.157,10.47,12.18,5.631,550.4,373.6,254.8,0.032,0.01,0.008,,,
9160,9160,9160,212216464,08 53 28.048,+24 49 14.15,1,18.047,,,,08532804+2449141,,STAR,J,col,,,,,,,,,,,,,,,,,,,,,16.508,0.14800000000000002,15.474,0.145,15.017999999999999,0.126,3906.0,371.0,371.0,4.93,0.145,0.174,-0.254,0.25,0.3,0.32899999999999996,0.17300000000000001,0.128,0.359,0.17,0.17,8.272,10.68,4.126,789.4,482.1,384.4,0.032,0.01,0.006999999999999999,,,
9161,9161,9161,212216502,08 41 30.017,+24 49 19.19,1,17.084,,,,08413001+2449191,,STAR,J,col,,,,,,,,,,,,,,,,,,,,,15.616,0.064,14.877,0.064,14.466,0.07400000000000001,3768.0,382.0,318.0,4.953,0.125,0.15,-0.132,0.2,0.28,0.305,0.14400000000000002,0.113,0.337,0.18899999999999997,0.157,9.797,10.44,5.053,443.3,284.0,198.6,0.031,0.01,0.008,,,
9162,9162,9162,212216594,08 55 00.909,+24 49 29.42,1,14.914000000000001,,,575-044064,08550087+2449295,4508-301-2-0142-0078,STAR,JHK,rpm,-29.4,5.7,-24.0,5.7,,,,,,,,,,,,,,,,,12.647,0.023,12.07,0.024,11.784,0.019,3538.0,100.0,121.0,5.0310000000000015,0.04,0.048,0.033,0.16,0.12,0.252,0.040999999999999995,0.036000000000000004,0.249,0.06,0.045,14.94,4.218,3.2889999999999997,81.31,16.45,16.13,0.012,0.005,0.004,,,
9163,9163,9163,212216601,08 53 31.670,+24 49 30.21,1,14.564,,,575-044024,08533167+2449301,4518-301-2-0039-0107,STAR,gri,rpm,3.5,3.2,-4.3,3.5,,,15.597000000000001,0.03,14.761,0.042,,,15.175999999999998,0.040999999999999995,14.474,0.049,14.300999999999998,0.077,,,13.204,0.023,12.745,0.027000000000000003,12.69,0.03,5127.0,144.0,102.0,3.9539999999999997,0.609,0.609,-0.282,0.25,0.4,1.601,1.716,0.905,0.894,0.212,0.096,0.19399999999999998,1.459,0.171,1162.0,1088.0,665.0,0.033,0.01,0.006999999999999999,,,
9164,9164,9164,212216609,08 47 53.066,+24 49 30.90,1,14.751,,,575-043813,08475307+2449308,,STAR,gri,rpm,-7.9,11.6,12.0,11.6,,,15.445,0.07,14.622,0.08,,,15.12,0.03,14.32,0.1,14.592,0.57,,,13.110999999999999,0.019,12.639000000000001,0.019,12.581,0.025,5075.0,120.0,120.0,4.577,0.035,0.9590000000000001,-0.18100000000000002,0.25,0.35,0.763,1.671,0.061,0.8290000000000001,0.09300000000000001,0.078,1.749,0.373,1.695,500.7,1111.0,51.36,0.033,0.01,0.006999999999999999,,,
9165,9165,9165,212216644,08 41 17.659,+24 49 35.21,1,16.912,,,,08411765+2449352,,STAR,J,col,,,,,,,,,,,,,,,,,,,,,15.456,0.054000000000000006,14.654000000000002,0.063,14.137,0.06,2192.0,1512.0,164.0,5.345,0.02,0.366,-0.037000000000000005,0.12,0.21,0.099,0.21600000000000005,0.005,0.076,0.221,0.002,82.33,5.888,70.75,50.86,328.9,7.968,0.008,0.022000000000000002,0.002,,,
9166,9166,9166,212216656,08 55 15.990,+24 49 36.76,1,16.198,,,,08551598+2449367,,STAR,J,col,,,,,,,,,,,,,,,,,,,,,14.794,0.057999999999999996,14.062000000000001,0.078,13.55,0.067,3651.0,364.0,260.0,4.9830000000000005,0.115,0.161,-0.09300000000000001,0.18,0.24,0.29,0.145,0.096,0.292,0.207,0.129,10.6,10.31,5.91,263.4,216.4,103.6,0.027000000000000003,0.009000000000000001,0.009000000000000001,,,
9167,9167,9167,212216663,08 55 03.870,+24 49 38.04,1,14.210999999999999,,,575-044069,08550387+2449380,4508-301-2-0142-0097,STAR,gri,rpm,-9.6,3.2,-7.9,3.5,,,15.3,0.02,14.448,0.039,,,14.853,0.039,14.165999999999999,0.047,13.936,0.071,,,12.88,0.025,12.440999999999999,0.021,12.352,0.021,5181.0,124.0,104.0,4.552,0.04,0.96,-0.231,0.25,0.35,0.8109999999999999,1.864,0.077,0.867,0.094,0.079,1.608,0.303,1.554,497.0,1072.0,52.0,0.033,0.01,0.006,,,
9168,9168,9168,212216693,08 52 30.172,+24 49 42.06,1,14.333,,,575-043981,08523016+2449422,4518-301-2-0038-0011,STAR,gri,rpm,34.8,3.1,-6.0,3.4,,,15.92,0.03,14.799000000000001,0.043,,,15.413,0.044000000000000004,14.296,0.048,13.87,0.07,,,12.546,0.024,11.946,0.031,11.812000000000001,0.026000000000000002,4334.0,129.0,103.0,4.726,0.07,0.05,-0.168,0.24,0.24,0.565,0.066,0.092,0.619,0.067,0.094,3.3810000000000002,1.286,0.695,225.3,38.79,39.1,0.025,0.006999999999999999,0.006,,,
9169,9169,9169,212216738,08 56 00.510,+24 49 48.10,1,17.598,,,,08560051+2449480,4508-301-2-0143-0213,EXTENDED,gri,,0.0,3.0,5.0,3.0,,,,,,,20.61,0.10800000000000001,18.749000000000002,0.012,17.569000000000006,0.006999999999999999,17.105,0.006,16.701,0.013000000000000001,16.160999999999998,0.10300000000000001,15.600999999999999,0.17300000000000001,14.946,0.136,,,,,,,,,,,,,,,,,,,,,,,,,,,
9170,9170,9170,212216744,08 44 04.188,+24 49 49.53,1,16.995,,,,08440418+2449495,4508-301-5-0127-0359,EXTENDED,gri,,3.0,3.0,3.0,3.0,,,,,,,19.482,0.066,17.905,0.009000000000000001,17.023,0.006,16.605,0.006999999999999999,16.265,0.013000000000000001,16.04,0.078,15.389000000000001,0.102,15.050999999999998,0.11599999999999999,,,,,,,,,,,,,,,,,,,,,,,,,,,
9171,9171,9171,212216750,08 44 21.186,+24 49 50.62,1,17.314,,,,08442118+2449506,,STAR,J,col,,,,,,,,,,,,,,,,,,,,,15.831,0.063,15.181,0.075,14.812999999999999,0.092,3803.0,411.0,352.0,4.941,0.12,0.168,-0.185,0.2,0.28,0.316,0.155,0.10400000000000001,0.33,0.183,0.153,9.228,8.972999999999997,5.144,501.9,342.6,233.1,0.031,0.008,0.006999999999999999,,,
9172,9172,9172,212216752,08 52 47.019,+24 49 51.00,1,13.219000000000001,,,575-043996,08524702+2449510,,STAR,gri,lam,-5.7,1.8,-1.1,2.1,,,14.183,0.046,13.39,0.033,,,13.774000000000001,0.033,13.169,0.042,12.981,0.063,,,12.06,0.022000000000000002,11.677,0.023,11.557,0.02,5410.0,161.0,161.0,4.524,0.03,0.042,0.011000000000000001,0.1,0.1,0.862,0.067,0.052000000000000005,0.9259999999999999,0.047,0.047,1.4169999999999998,0.17300000000000001,0.21100000000000002,378.8,37.31,33.96,0.033,0.01,0.008,,,
9173,9173,9173,212216791,08 53 51.563,+24 49 54.89,1,12.82,,,575-044032,08535155+2449549,,STAR,gri,lam,7.7,1.4,-65.5,1.6,,,13.535,0.043,12.917,0.031,,,13.186,0.032,12.77,0.040999999999999995,12.663,0.062,,,11.869000000000002,0.025,11.509,0.023,11.48,0.022000000000000002,5988.0,119.0,119.0,4.404,0.065,0.156,-0.65,0.15,0.15,0.938,0.226,0.106,0.845,0.059000000000000004,0.049,0.9279999999999999,0.34700000000000003,0.381,422.5,114.3,58.73,0.032,0.006999999999999999,0.006999999999999999,,,
9174,9174,9174,212216836,08 44 38.002,+24 50 00.81,1,13.725,,,575-043683,08443800+2450007,,STAR,gri,rpm,-4.9,2.5,11.7,2.8,,,14.536,0.02,13.672,0.05,,,14.122,0.02,13.379000000000001,0.04,13.555,0.67,,,12.117,0.019,11.62,0.016,11.536,0.018000000000000002,5008.0,80.0,80.0,3.37,1.105,0.425,-0.474,0.35,0.25,3.138,1.847,2.424,0.9209999999999999,0.14400000000000002,0.12,0.026000000000000002,1.3459999999999999,0.02,1351.0,731.8,1041.0,0.034,0.008,0.006,,,
9175,9175,9175,212216882,08 52 53.583,+24 50 05.82,1,16.745,,,,08525358+2450058,4518-301-2-0038-0210,EXTENDED,gri,,2.0,3.0,2.0,3.0,,,,,,,19.895,0.105,17.949,0.009000000000000001,16.713,0.005,16.229,0.005,15.849,0.01,15.647,0.081,15.03,0.114,14.386,0.08800000000000001,,,,,,,,,,,,,,,,,,,,,,,,,,,
9176,9176,9176,212216885,08 44 32.714,+24 50 06.09,1,14.847000000000001,,,575-043678,08443271+2450061,,STAR,BV,rpm,-5.6,4.6,-21.3,5.0,,,15.695,0.03,14.993,0.045,,,,,,,,,,,13.232999999999999,0.021,12.773,0.018000000000000002,12.672,0.022000000000000002,5124.0,123.0,123.0,4.583,0.036000000000000004,0.042,-0.23199999999999998,0.25,0.35,0.7609999999999999,0.06,0.066,0.815,0.065,0.079,1.825,0.319,0.272,529.7,55.13,59.34,0.032,0.01,0.008,,,
9177,9177,9177,212216951,08 43 49.268,+24 50 13.53,1,14.423,,,575-043645,08434926+2450135,,STAR,gri,rpm,-1.1,4.7,1.9,5.1,,,15.225999999999999,0.01,14.345,0.04,,,14.787,0.01,14.097999999999999,0.04,14.267000000000001,0.69,,,12.793,0.022000000000000002,12.325999999999999,0.022000000000000002,12.219000000000001,0.022000000000000002,5088.0,82.0,82.0,3.4139999999999997,0.9990000000000001,0.6659999999999999,-0.586,0.4,0.25,3.105,3.3169999999999997,2.18,0.93,0.16,0.08,0.032,0.868,0.028999999999999998,1723.0,1442.0,1212.0,0.034,0.006,0.006,,,
9178,9178,9178,212216954,08 53 49.932,+24 50 14.24,1,17.344,,,,08534993+2450142,4518-301-2-0040-0145,STAR,gri,rpm,14.0,3.0,-68.0,3.0,,,,,,,21.193,0.12,18.862000000000002,0.009000000000000001,17.452,0.005,16.692999999999998,0.005,16.247,0.006999999999999999,15.084000000000001,0.042,14.402000000000001,0.053,14.196,0.066,3694.0,44.0,44.0,5.021,0.04,0.02,-0.226,0.05,0.06,0.263,0.015,0.034,0.268,0.024,0.044000000000000004,14.42,3.568,1.5090000000000001,267.8,21.54,35.41,0.027000000000000003,0.006,0.005,,,
9179,9179,9179,212216966,08 41 14.584,+24 50 15.16,1,17.855999999999995,,,,08411458+2450151,,STAR,JHK,col,,,,,,,,,,,,,,,,,,,,,15.811,0.06,15.052,0.066,14.946,0.10800000000000001,4148.0,252.0,252.0,4.796,0.11900000000000001,0.085,-0.23600000000000002,0.25,0.3,0.478,0.09300000000000001,0.11800000000000001,0.522,0.111,0.129,4.52,3.173,1.429,823.6,249.7,255.1,0.034,0.008,0.006999999999999999,,,
9180,9180,9180,212216998,08 51 01.883,+24 50 18.15,1,10.145,,1943-942-1,575-043926,08510188+2450182,,STAR,gri,rpm,3.0,2.0,-21.3,2.0,,,10.795,0.043,10.300999999999998,0.038,,,10.562000000000001,0.03,10.156,0.04,9.966000000000001,0.06,,,9.206,0.02,9.0,0.016,8.951,0.018000000000000002,6237.0,127.0,127.0,4.012,0.255,0.255,0.018000000000000002,0.1,0.12,1.714,0.8590000000000001,0.4920000000000001,1.328,0.273,0.152,0.226,0.349,0.152,232.5,118.4,67.52,0.027999999999999997,0.01,0.006999999999999999,,,
9181,9181,9181,212217004,08 41 34.652,+24 50 18.77,1,17.702,,,,08413465+2450187,,STAR,JHK,col,,,,,,,,,,,,,,,,,,,,,15.162,0.046,14.51,0.057999999999999996,14.175999999999998,0.068,3779.0,384.0,274.0,4.939,0.115,0.138,-0.132,0.2,0.28,0.312,0.13699999999999998,0.11,0.363,0.183,0.153,8.991,8.54,4.38,351.3,217.1,134.2,0.028999999999999998,0.01,0.008,,,
9182,9182,9182,212217020,08 46 47.820,+24 50 20.93,1,16.391,,,,,4508-301-4-0131-0266,EXTENDED,gri,,-2.0,3.0,8.0,3.0,,,,,,,18.274,0.033,17.072,0.019,16.452,0.006,16.099,0.005,15.897,0.013999999999999999,,,,,,,,,,,,,,,,,,,,,,,,,,,,,,,,,
9183,9183,9183,212217068,08 47 23.000,+24 50 27.59,1,13.275,,,575-043786,08472300+2450275,,STAR,gri,rpm,-1.3,1.7,-4.2,2.2,,,13.466,0.05,12.89,0.07,,,13.196,0.03,12.719000000000001,0.09,13.309000000000001,0.87,,,11.911,0.019,11.657,0.021,11.61,0.02,6102.0,182.0,145.0,4.213,0.15,0.24,-0.1,0.15,0.24,1.311,0.541,0.20800000000000002,1.1320000000000001,0.191,0.11900000000000001,0.425,0.345,0.251,626.7,265.9,124.3,0.033,0.008,0.008,,,
9184,9184,9184,212217126,08 48 09.402,+24 50 33.80,1,17.073,,,,08480940+2450337,4508-301-4-0133-0302,EXTENDED,gri,,-5.0,3.0,0.0,3.0,,,,,,,20.169,0.085,18.111,0.008,17.114,0.006,16.628,0.005,16.250999999999998,0.011000000000000001,15.460999999999999,0.055999999999999994,14.748,0.068,14.347000000000001,0.07200000000000001,,,,,,,,,,,,,,,,,,,,,,,,,,,
9185,9185,9185,212217132,08 42 30.007,+24 50 34.61,1,17.785999999999994,,,,08423000+2450346,,STAR,J,col,,,,,,,,,,,,,,,,,,,,,16.269000000000002,0.096,15.435,0.105,14.747,0.094,3573.0,365.0,438.0,5.007,0.14,0.14,-0.128,0.2,0.28,0.25,0.138,0.102,0.245,0.187,0.11699999999999999,14.26,16.58,7.666,447.7,341.2,220.8,0.031,0.009000000000000001,0.009000000000000001,,,
9186,9186,9186,212217156,08 41 54.001,+24 50 37.25,1,14.960999999999999,,,575-043579,08415399+2450371,,STAR,gri,rpm,-1.3,4.5,0.4,5.0,,,15.705,0.06,14.796,0.05,,,15.228,0.03,14.488,0.01,14.847000000000001,0.81,,,13.154000000000002,0.023,12.642000000000001,0.018000000000000002,12.548,0.024,4974.0,98.0,98.0,3.219,1.1340000000000001,1.1340000000000001,-0.527,0.36,0.6,3.6069999999999998,8.292,2.7110000000000003,0.9059999999999999,0.171,0.107,0.013000000000000001,0.615,0.013000000000000001,2156.0,3580.0,1608.0,0.035,0.006999999999999999,0.006999999999999999,,,
9187,9187,9187,212217157,08 53 14.978,+24 50 37.67,1,19.878,,,,,4518-301-2-0039-0440,STAR,gri,,2.0,5.0,7.0,5.0,,,,,,,20.545,0.069,20.089000000000002,0.019,19.808,0.021,19.762999999999998,0.025,19.55,0.064,,,,,,,,,,,,,,,,,,,,,,,,,,,,,,,,,
9188,9188,9188,212217161,08 54 17.211,+24 50 38.29,1,17.676,,,,08541721+2450382,,STAR,J,col,,,,,,,,,,,,,,,,,,,,,16.168,0.114,15.654000000000002,0.18600000000000005,15.043,0.14800000000000002,3817.0,688.0,344.0,4.95,0.13,0.23399999999999999,-0.213,0.25,0.4,0.309,0.22399999999999998,0.113,0.354,0.267,0.16699999999999998,9.552,10.64,6.202000000000001,591.9,628.9,268.1,0.032,0.008,0.008,,,
9189,9189,9189,212217169,08 48 38.356,+24 50 39.17,1,17.368,,,,08483835+2450391,4518-301-3-0033-0368,EXTENDED,gri,,-6.0,5.0,-1.0,5.0,,,,,,,20.08,0.11599999999999999,18.357,0.012,17.493,0.009000000000000001,16.944000000000006,0.006999999999999999,16.503,0.017,16.232,0.098,15.030999999999999,0.081,14.498,0.08,,,,,,,,,,,,,,,,,,,,,,,,,,,
9190,9190,9190,212217183,08 50 33.888,+24 50 40.97,1,10.482999999999999,,1943-378-1,575-043910,08503389+2450409,,STAR,gri,lam,-20.3,1.9,4.7,1.9,,,11.437000000000001,0.069,10.747,0.059000000000000004,,,10.956,0.03,10.464,0.04,10.28,0.06,,,9.412,0.022000000000000002,9.118,0.016,9.043,0.018000000000000002,5870.0,116.0,116.0,4.204,0.17,0.204,0.16399999999999998,0.1,0.1,1.36,0.35200000000000004,0.28,1.1320000000000001,0.126,0.09,0.38799999999999996,0.33399999999999996,0.179,197.7,50.61,47.31,0.024,0.006999999999999999,0.006,,,
9191,9191,9191,212217197,08 48 27.382,+24 50 42.12,1,17.11,,,,08482738+2450421,,STAR,J,col,,,,,,,,,,,,,,,,,,,,,15.640999999999998,0.067,14.888,0.076,14.405,0.078,3706.0,416.0,297.0,4.978,0.125,0.15,-0.132,0.2,0.28,0.28300000000000003,0.146,0.096,0.31,0.198,0.141,11.33,12.07,6.5829999999999975,401.5,288.3,167.8,0.031,0.01,0.008,,,
9192,9192,9192,212217209,08 38 06.925,+24 50 43.28,1,11.825999999999999,,,575-043428,08380693+2450434,,STAR,gri,rpm,-7.7,1.0,-15.4,1.0,,,12.529000000000002,0.03,11.94,0.04,,,12.204,0.03,11.806,0.04,11.664000000000001,0.06,,,10.925999999999998,0.019,10.662,0.022000000000000002,10.604000000000001,0.02,6097.0,123.0,98.0,4.2,0.156,0.20800000000000002,-0.087,0.15,0.21,1.33,0.47700000000000004,0.20800000000000002,1.133,0.124,0.14800000000000002,0.409,0.255,0.221,401.7,123.2,82.32,0.031,0.006999999999999999,0.006,,,
9193,9193,9193,212217220,08 48 33.880,+24 50 44.64,1,12.431,,,575-043839,08483388+2450450,,STAR,gri,col,,,,,,,13.588,0.05,12.366,0.09,,,13.133,0.03,11.847000000000001,0.09,12.130999999999998,0.85,,,10.232000000000001,0.022000000000000002,9.662,0.021,9.533,0.018000000000000002,3905.0,192.0,120.0,4.901,0.06,0.05,-0.12,0.2,0.32,0.381,0.051,0.054000000000000006,0.424,0.063,0.063,7.374,2.4819999999999998,1.584,45.51,8.954,6.3260000000000005,0.006999999999999999,0.004,0.002,,,
9194,9194,9194,212217227,08 54 59.182,+24 50 45.38,1,13.300999999999998,,,575-044061,08545919+2450453,,STAR,gri,rpm,-8.1,2.3,-25.5,2.6,,,14.675999999999998,0.049,13.642999999999999,0.034,,,14.192,0.035,13.241,0.042,12.919,0.063,,,11.777000000000001,0.023,11.247,0.022000000000000002,11.120999999999999,0.019,4733.0,75.0,75.0,4.635,0.02,0.036000000000000004,0.005,0.12,0.18,0.695,0.044000000000000004,0.040999999999999995,0.768,0.038,0.054000000000000006,2.244,0.228,0.272,228.6,17.48,22.41,0.027000000000000003,0.005,0.005,,,
9195,9195,9195,212217251,08 38 04.321,+24 50 47.77,1,13.354000000000001,,,575-043423,08380432+2450478,,STAR,gri,rpm,0.6,2.8,7.7,1.9,,,14.532,0.03,13.623,0.04,,,14.065,0.03,13.349,0.02,13.05,0.05,,,12.065,0.019,11.6,0.022000000000000002,11.489,0.021,5024.0,101.0,81.0,3.472,0.294,0.6859999999999999,-0.38,0.35,0.35,2.9989999999999997,3.5010000000000003,0.682,1.012,0.141,0.11800000000000001,0.033,0.040999999999999995,0.03,1203.0,1242.0,269.1,0.033,0.008,0.005,,,
9196,9196,9196,212217264,08 47 41.492,+24 50 49.07,1,17.482,,,,08474149+2450490,,STAR,J,col,,,,,,,,,,,,,,,,,,,,,15.987,0.07400000000000001,15.259,0.086,14.684000000000001,0.08900000000000001,3636.0,386.0,331.0,5.003,0.125,0.15,-0.128,0.2,0.28,0.256,0.13,0.086,0.264,0.183,0.114,12.52,12.46,6.245,389.8,275.2,161.3,0.03,0.01,0.008,,,
9197,9197,9197,212217284,08 38 40.147,+24 50 53.04,1,15.374,,,575-043461,08384014+2450529,,STAR,gri,rpm,1.6,5.2,4.2,5.2,,,16.373,0.09,15.622,0.06,,,16.0,0.04,15.331,0.03,15.106,0.12,,,14.074000000000002,0.027000000000000003,13.69,0.03,13.572000000000001,0.035,5337.0,128.0,128.0,4.542,0.035,0.055999999999999994,-0.14,0.2,0.28,0.812,0.08199999999999999,0.063,0.867,0.055,0.078,1.526,0.267,0.308,887.9,132.0,99.47,0.034,0.008,0.006999999999999999,,,
9198,9198,9198,212217338,08 52 58.968,+24 50 59.71,1,18.079,,,,,4518-301-2-0038-0241,EXTENDED,gri,,4.0,3.0,4.0,3.0,,,,,,,20.851,0.11699999999999999,19.045,0.012,18.065,0.008,17.665,0.008,17.307000000000002,0.016,,,,,,,,,,,,,,,,,,,,,,,,,,,,,,,,,
9199,9199,9199,212217343,08 51 18.626,+24 50 59.99,1,19.813,,,,,4508-301-3-0137-0235,STAR,gri,,5.0,4.0,8.0,4.0,,,,,,,19.885,0.034,19.866,0.015,19.796,0.017,19.69,0.019,19.576,0.054000000000000006,,,,,,,,,,,,,,,,,,,,,,,,,,,,,,,,,
9200,9200,9200,212217359,08 40 38.995,+24 51 01.63,1,16.895,,,,,4335-301-2-0130-0277,EXTENDED,gri,,-2.0,3.0,3.0,3.0,,,,,,,19.205,0.037000000000000005,17.699,0.006,16.977999999999998,0.005,16.551,0.005,16.226,0.01,,,,,,,,,,,,,,,,,,,,,,,,,,,,,,,,,
9201,9201,9201,212217368,08 55 16.584,+24 51 02.78,1,17.197,,,,08551658+2451027,,STAR,J,col,,,,,,,,,,,,,,,,,,,,,15.722000000000001,0.086,14.921,0.106,14.205,0.08199999999999999,3579.0,361.0,433.0,5.007,0.14,0.14,-0.11,0.18,0.27,0.251,0.138,0.10300000000000001,0.24600000000000002,0.187,0.11699999999999999,14.68,16.7,7.811,321.4,246.2,159.0,0.028999999999999998,0.009000000000000001,0.011000000000000001,,,
9202,9202,9202,212217380,08 47 44.883,+24 51 04.51,1,14.526,,,575-043810,08474488+2451044,,STAR,gri,rpm,-46.4,4.6,-15.4,5.0,,,15.546,0.04,14.424000000000001,0.05,,,15.100999999999999,0.02,13.954,0.09,14.279000000000002,0.9,,,12.379000000000001,0.019,11.790999999999999,0.018000000000000002,11.662,0.02,4247.0,260.0,365.0,4.817,0.078,0.14300000000000002,-0.19699999999999998,0.24,0.36,0.466,0.152,0.08,0.519,0.158,0.095,5.0969999999999995,1.858,2.36,167.8,79.23,42.25,0.022000000000000002,0.006,0.005,,,
9203,9203,9203,212217395,08 45 23.113,+24 51 06.23,1,16.584,,,,08452311+2451062,4518-301-4-0028-0282,EXTENDED,gri,,-2.0,3.0,1.0,3.0,,,,,,,18.595,0.035,17.253,0.005,16.652,0.005,16.297,0.004,16.083,0.012,15.772,0.075,15.220999999999998,0.092,14.644,0.099,,,,,,,,,,,,,,,,,,,,,,,,,,,
9204,9204,9204,212217424,08 42 53.814,+24 51 09.85,1,14.782,,,575-043603,08425381+2451096,,STAR,gri,rpm,4.0,4.5,-4.2,5.1,,,15.857000000000001,0.05,15.003,0.04,,,15.412,0.06,14.745999999999999,0.02,14.512,0.05,,,13.509,0.023,13.083,0.025,13.002,0.027000000000000003,5235.0,125.0,104.0,4.5569999999999995,0.035,0.917,-0.22,0.2,0.4,0.8029999999999999,1.715,0.06,0.861,0.07,0.084,1.597,0.314,1.536,669.7,1387.0,73.38,0.033,0.01,0.006,,,
9205,9205,9205,212217433,08 48 35.680,+24 51 11.22,1,11.055,,1943-395-1,575-043842,08483567+2451115,,STAR,gri,rpm,-3.1,2.4,-96.7,2.4,,,11.857999999999999,0.124,11.192,0.094,,,11.539000000000001,0.03,10.499,0.1,10.847999999999999,0.85,,,9.043,0.022000000000000002,8.531,0.02,8.394,0.018000000000000002,4799.0,115.0,95.0,4.615,0.036000000000000004,0.03,-0.017,0.18,0.12,0.7170000000000001,0.040999999999999995,0.046,0.7859999999999999,0.047,0.047,2.102,0.311,0.271,67.37,7.4579999999999975,7.767,0.011000000000000001,0.003,0.003,,,
9206,9206,9206,212217452,08 47 42.262,+24 51 13.35,1,16.916,,,,08474226+2451133,4508-301-4-0132-0233,EXTENDED,gri,,-8.0,3.0,0.0,3.0,,,,,,,18.127,0.02,17.417,0.006,17.028,0.005,16.701,0.005,16.554000000000002,0.013000000000000001,15.979000000000001,0.08199999999999999,15.377,0.099,14.78,0.099,,,,,,,,,,,,,,,,,,,,,,,,,,,
9207,9207,9207,212217476,08 43 03.064,+24 51 16.19,1,17.656,,,,08430306+2451161,4508-301-5-0126-0287,EXTENDED,gri,,5.0,3.0,4.0,3.0,,,,,,,20.843000000000004,0.126,18.863,0.013000000000000001,17.64,0.006999999999999999,17.139,0.006999999999999999,16.785999999999998,0.013000000000000001,16.073,0.08,15.489,0.085,14.776,0.095,,,,,,,,,,,,,,,,,,,,,,,,,,,
9208,9208,9208,212217501,08 48 20.578,+24 51 18.66,1,17.825,,,,08482057+2451186,4508-301-4-0133-0377,STAR,gri,col,,,,,,,,,,,21.88300000000001,0.142,19.480999999999998,0.012,18.098,0.006999999999999999,17.115,0.006,16.579,0.009000000000000001,15.289000000000001,0.045,14.734000000000002,0.052000000000000005,14.448,0.07,3525.0,42.0,42.0,5.019,0.036000000000000004,0.03,0.078,0.1,0.08,0.254,0.026000000000000002,0.023,0.25,0.035,0.028999999999999998,14.71,3.14,2.19,272.0,33.89,30.13,0.027000000000000003,0.006,0.006,,,
9209,9209,9209,212217505,08 45 10.826,+24 51 19.61,1,14.515,,,575-043704,08451083+2451196,4518-301-4-0028-0076,STAR,gri,rpm,-3.5,4.6,-1.1,5.1,,,15.41,0.02,14.472000000000001,0.06,,,14.948,0.03,14.136,0.06,14.329,0.67,,,12.905,0.022000000000000002,12.407,0.019,12.312000000000001,0.022000000000000002,4941.0,117.0,78.0,4.555,0.055,1.364,-0.18600000000000005,0.2,0.32,0.804,3.417,0.10400000000000001,0.866,0.28,0.099,1.608,0.44,1.595,485.1,1891.0,84.21,0.034,0.006999999999999999,0.006999999999999999,,,
9210,9210,9210,212217533,08 47 59.880,+24 51 22.03,1,15.386,,,575-043821,08475989+2451220,4508-301-4-0133-0008,STAR,gri,rpm,-24.0,4.9,-38.4,4.9,,,,,16.16,0.069,,,16.655,0.05,15.503,0.063,14.843,0.08800000000000001,,,13.219000000000001,0.023,12.548,0.019,12.354000000000001,0.021,4046.0,121.0,96.0,4.825,0.045,0.054000000000000006,-0.09699999999999999,0.15,0.24,0.446,0.048,0.043,0.511,0.057999999999999996,0.057999999999999996,5.34,1.23,1.176,222.9,40.2,28.76,0.026000000000000002,0.006,0.006999999999999999,,,
9211,9211,9211,212217548,08 47 41.601,+24 51 24.52,1,16.648,,,,08474160+2451245,4508-301-4-0132-0234,EXTENDED,gri,,-2.0,3.0,2.0,3.0,,,,,,,19.45,0.059000000000000004,17.558,0.006999999999999999,16.675,0.005,16.258,0.005,15.925999999999998,0.011000000000000001,15.675999999999998,0.066,14.879000000000001,0.066,14.649000000000001,0.085,,,,,,,,,,,,,,,,,,,,,,,,,,,
9212,9212,9212,212217563,08 54 46.671,+24 51 27.01,1,18.067999999999998,,,,08544667+2451270,,STAR,JHK,col,,,,,,,,,,,,,,,,,,,,,15.76,0.07400000000000001,15.130999999999998,0.1,14.884,0.122,3951.0,527.0,376.0,4.8660000000000005,0.15,0.18,-0.24,0.25,0.35,0.39399999999999996,0.17800000000000002,0.142,0.423,0.18600000000000005,0.18600000000000005,6.275,7.4529999999999985,3.407,611.8,436.8,291.3,0.032,0.008,0.006999999999999999,,,
9213,9213,9213,212217568,08 48 35.174,+24 51 27.57,1,13.369000000000002,,,575-043841,08483517+2451276,,STAR,JHK,col,0.0,50.0,0.0,50.0,,,,,,,,,,,,,,,,,11.934000000000001,0.022000000000000002,11.455,0.021,11.360999999999999,0.02,5021.0,122.0,122.0,3.4730000000000003,1.0959999999999999,0.685,-0.379,0.35,0.49,2.523,2.7,1.8419999999999999,0.882,0.218,0.109,0.052000000000000005,2.049,0.047,990.2,990.1,742.6,0.031,0.01,0.006999999999999999,,,
9214,9214,9214,212217600,08 50 52.192,+24 51 31.27,1,15.669,,,575-043920,08505219+2451313,4508-301-3-0136-0145,STAR,BV,rpm,-3.7,3.0,0.0,3.3,,,16.543,0.06,15.822000000000001,0.06,,,16.159000000000002,0.054000000000000006,,,,,,,14.202,0.026000000000000002,13.728,0.03,13.618,0.04,5095.0,175.0,146.0,4.574,0.045,1.125,-0.263,0.25,0.5,0.767,2.181,0.075,0.8140000000000001,0.08900000000000001,0.07400000000000001,1.695,0.39,1.666,853.8,2485.0,115.3,0.033,0.008,0.006999999999999999,,,
9215,9215,9215,212217615,08 45 51.834,+24 51 32.20,1,16.81,,,,08455183+2451321,4518-301-4-0029-0267,EXTENDED,gri,,-4.0,4.0,-3.0,4.0,,,,,,,18.455,0.026000000000000002,17.337,0.005,16.95,0.005,16.584,0.005,16.442999999999998,0.013000000000000001,15.907,0.068,15.175,0.079,14.625,0.09,,,,,,,,,,,,,,,,,,,,,,,,,,,
9216,9216,9216,212217647,08 52 20.294,+24 51 35.31,1,15.297,,,575-043976,08522029+2451354,4508-301-3-0138-0278,STAR,JHK,rpm,17.1,3.7,-35.0,4.1,,,,,,,,,,,,,,,,,13.049000000000001,0.023,12.349,0.027999999999999997,12.192,0.023,4155.0,164.0,164.0,4.769,0.07200000000000001,0.06,-0.054000000000000006,0.2,0.2,0.508,0.063,0.067,0.58,0.064,0.08900000000000001,4.099,1.5330000000000001,0.9540000000000001,245.2,47.56,46.98,0.026000000000000002,0.006,0.006,,,
9217,9217,9217,212217657,08 40 46.897,+24 51 36.23,1,17.175,,,,08404689+2451362,4335-301-2-0130-0300,EXTENDED,gri,,6.0,2.0,6.0,4.0,,,,,,,20.557,0.131,18.522000000000002,0.012,17.114,0.006,16.598,0.006,16.230999999999998,0.012,15.842,0.075,15.174000000000001,0.081,14.530999999999999,0.08199999999999999,,,,,,,,,,,,,,,,,,,,,,,,,,,
9218,9218,9218,212217672,08 53 25.448,+24 51 37.86,1,14.356,,,575-044017,08532544+2451378,4518-301-2-0039-0102,STAR,gri,rpm,-5.2,3.2,-4.3,3.5,,,15.720999999999998,0.03,14.699000000000002,0.042,,,15.227,0.042,14.318,0.048,13.982999999999999,0.07200000000000001,,,12.839,0.023,12.315,0.023,12.225999999999999,0.022000000000000002,4806.0,76.0,95.0,4.6,0.04,1.496,-0.091,0.2,0.32,0.733,3.8689999999999998,0.057,0.8,0.204,0.057999999999999996,1.935,0.33899999999999997,1.926,397.1,2058.0,39.91,0.032,0.01,0.008,,,
9219,9219,9219,212217674,08 56 05.391,+24 51 38.40,1,14.392000000000001,,,575-044105,08560539+2451383,4508-301-2-0143-0105,STAR,gri,rpm,-18.0,3.2,-8.1,3.6,,,15.479000000000001,0.03,14.753,0.042,,,15.04,0.04,14.368,0.048,14.115,0.07400000000000001,,,13.007,0.023,12.565,0.024,12.475,0.022000000000000002,5206.0,104.0,104.0,4.572,0.035,0.063,-0.22,0.25,0.3,0.782,0.122,0.061,0.8340000000000001,0.071,0.085,1.702,0.335,0.44,503.0,103.1,49.51,0.033,0.01,0.006999999999999999,,,
9220,9220,9220,212217683,08 45 47.238,+24 51 39.31,1,16.692,,,,08454723+2451393,4518-301-4-0029-0254,STAR,gri,rpm,-52.0,3.0,-33.0,3.0,,,,,,,20.974,0.10300000000000001,18.58,0.008,17.156,0.005,15.883,0.004,15.195,0.005,13.855,0.024,13.287,0.027999999999999997,12.991,0.027999999999999997,3542.0,84.0,56.0,5.029,0.036000000000000004,0.03,-0.022000000000000002,0.18,0.15,0.247,0.03,0.026000000000000002,0.247,0.037000000000000005,0.031,15.86,2.989,2.968,136.8,19.83,12.61,0.021,0.006999999999999999,0.006,,,
9221,9221,9221,212217692,08 38 34.600,+24 51 40.47,1,12.134,,,575-043454,08383459+2451403,,STAR,gri,rpm,-16.7,1.6,-11.3,1.1,,,12.932,0.03,12.262,0.04,,,12.565999999999999,0.04,12.110999999999999,0.03,11.949000000000002,0.04,,,11.130999999999998,0.021,10.845999999999998,0.023,10.769,0.018000000000000002,5927.0,118.0,70.0,4.218999999999999,0.18600000000000005,0.217,-0.06,0.2,0.24,1.256,0.428,0.237,1.08,0.087,0.121,0.494,0.365,0.29,402.2,126.5,81.99,0.031,0.008,0.006999999999999999,,,
9222,9222,9222,212217702,08 44 39.677,+24 51 41.86,1,18.16,,,,08443967+2451418,4508-301-5-0128-0122,STAR,gri,,0.0,3.0,0.0,3.0,,,,,,,18.468,0.016,18.262,0.006999999999999999,18.125999999999998,0.006999999999999999,18.000999999999994,0.008,17.803,0.015,16.825,0.14300000000000002,,,15.734000000000002,0.21,,,,,,,,,,,,,,,,,,,,,,,,,,,
9223,9223,9223,212217758,08 56 08.693,+24 51 49.82,1,12.440999999999999,,1950-928-1,575-044106,08560869+2451500,,STAR,gri,rpm,-21.2,3.2,-45.2,3.3,,,12.665,0.342,12.055,0.24100000000000002,,,12.913,0.031,12.392000000000001,0.040999999999999995,12.239,0.061,,,11.282,0.022000000000000002,10.927,0.021,10.888,0.022000000000000002,5639.0,159.0,114.0,4.46,0.07,0.22399999999999998,-0.306,0.25,0.25,0.919,0.24,0.111,0.892,0.065,0.079,1.123,0.374,0.5920000000000001,298.0,113.3,44.36,0.028999999999999998,0.008,0.01,,,
9224,9224,9224,212217790,08 48 13.818,+24 51 54.06,1,9.86,,1943-262-1,575-043827,08481382+2451540,,STAR,gri,rpm,-17.0,2.3,7.6,2.3,,,11.435,0.085,10.288,0.044000000000000004,,,10.885,0.03,10.049,0.04,9.421,0.06,,,8.033999999999999,0.024,7.431,0.021,7.282,0.02,4601.0,74.0,74.0,2.0580000000000003,0.405,0.5670000000000001,-0.647,0.48,0.48,14.637,9.8,4.487,0.9690000000000001,0.26899999999999996,0.09,0.0002220000000000001,0.0008210000000000001,0.000175,797.1,567.8,227.6,0.034,0.008,0.006999999999999999,,,
9225,9225,9225,212217818,08 44 55.222,+24 51 58.37,1,16.355999999999998,,,,08445522+2451583,4518-301-4-0028-0192,EXTENDED,gri,,-1.0,3.0,0.0,3.0,,,,,,,18.666,0.048,17.12,0.006,16.404,0.005,16.029,0.005,15.780999999999999,0.012,15.838,0.077,15.267999999999999,0.09,14.91,0.111,,,,,,,,,,,,,,,,,,,,,,,,,,,
9226,9226,9226,212217820,08 40 13.729,+24 51 58.39,1,18.297,,,,08401372+2451583,,STAR,J,,,,,,,,,,,,,,,,,,,,,,16.74,0.153,16.222,0.18899999999999997,,,,,,,,,,,,,,,,,,,,,,,,,,,,,
9227,9227,9227,212217873,08 45 00.086,+24 52 04.44,1,14.955,,,575-043697,08450009+2452045,4518-301-4-0028-0062,STAR,gri,rpm,1.0,4.3,-6.9,5.0,,,16.692999999999998,0.02,15.5,0.05,,,16.183,0.07,14.949000000000002,0.04,14.429,0.06,,,13.145,0.022000000000000002,12.472999999999999,0.019,12.368,0.023,4191.0,75.0,126.0,4.7589999999999995,0.042,0.042,0.002,0.15,0.18,0.5329999999999999,0.040999999999999995,0.045,0.598,0.042,0.051,3.911,0.684,0.688,273.0,28.42,35.34,0.027000000000000003,0.006,0.004,,,
9228,9228,9228,212217884,08 38 12.162,+24 52 06.10,1,17.676,,,,08381216+2452060,,STAR,J,,6.0,4.0,6.0,1.0,,,,,,,,,,,,,,,,,16.168,0.096,,,15.061,0.141,,,,,,,,,,,,,,,,,,,,,,,,,,,
9229,9229,9229,212217887,08 51 04.350,+24 52 06.33,1,18.139,,,,08510434+2452063,4508-301-3-0137-0195,EXTENDED,gri,,20.0,3.0,14.0,4.0,,,,,,,20.035999999999998,0.055,18.761,0.01,18.206,0.009000000000000001,17.873,0.009000000000000001,17.695999999999994,0.022000000000000002,16.609,0.134,16.004,0.174,,,,,,,,,,,,,,,,,,,,,,,,,,,,,
9230,9230,9230,212217891,08 44 35.382,+24 52 06.61,1,13.427999999999999,,,575-043681,08443538+2452066,,STAR,gri,rpm,-15.1,2.5,-5.7,2.8,,,14.812000000000001,0.01,13.565,0.04,,,14.288,0.03,13.052999999999999,0.04,13.059000000000001,0.73,,,11.359000000000002,0.019,10.725,0.016,10.595999999999998,0.018000000000000002,4396.0,215.0,179.0,4.727,0.044000000000000004,2.134,-0.258,0.35,0.25,0.569,7.774,0.068,0.639,0.35,0.073,3.338,0.9129999999999999,3.3360000000000003,138.3,1930.0,25.63,0.021,0.011000000000000001,0.003,,,
9231,9231,9231,212217892,08 55 31.803,+24 52 07.07,1,14.254000000000001,,,575-044088,08553180+2452072,4508-301-2-0143-0021,STAR,JHK,rpm,6.7,3.3,-3.7,3.6,,,,,,,,,,,,,,,,,12.890999999999998,0.023,12.436,0.025,12.36,0.023,5152.0,154.0,123.0,3.85,0.7559999999999999,0.504,-0.316,0.3,0.48,1.8230000000000002,1.31,1.148,0.884,0.17300000000000001,0.079,0.142,1.679,0.12300000000000001,1120.0,722.0,706.1,0.033,0.008,0.006,,,
9232,9232,9232,212217922,08 54 27.162,+24 52 11.34,1,12.904000000000002,,,575-044045,08542716+2452113,,STAR,gri,rpm,-14.5,1.7,-10.4,2.0,,,13.818,0.044000000000000004,13.05,0.032,,,13.424000000000001,0.032,12.84,0.040999999999999995,12.681,0.062,,,11.805,0.022000000000000002,11.487,0.021,11.425,0.02,5648.0,177.0,133.0,4.467,0.055,0.231,-0.085,0.2,0.16,0.9440000000000001,0.4,0.067,0.972,0.109,0.05,1.088,0.251,0.799,390.9,298.5,44.75,0.031,0.009000000000000001,0.005,,,
9233,9233,9233,212217948,08 52 14.447,+24 52 13.90,1,14.395999999999999,,,575-043970,08521443+2452140,,STAR,gri,rpm,-8.7,3.1,-17.7,3.4,,,15.948,0.03,14.795,0.043,,,15.456,0.044000000000000004,14.323,0.048,13.942,0.071,,,12.635,0.023,11.987,0.026000000000000002,11.890999999999998,0.025,4358.0,104.0,104.0,4.718999999999999,0.035,0.049,-0.055999999999999994,0.15,0.15,0.574,0.055,0.042,0.6459999999999999,0.054000000000000006,0.045,3.242,0.523,0.5329999999999999,245.2,34.78,23.22,0.027999999999999997,0.005,0.006999999999999999,,,
9234,9234,9234,212217950,08 38 46.373,+24 52 13.95,1,17.301,,,,08384637+2452139,,STAR,J,col,,,,,,,,,,,,,,,,,,,,,15.819,0.08,14.908,0.076,14.587,0.091,4055.0,226.0,316.0,4.83,0.136,0.102,-0.185,0.2,0.28,0.449,0.092,0.14,0.505,0.09699999999999999,0.174,5.159,5.278,1.671,748.5,242.8,271.0,0.033,0.01,0.008,,,
9235,9235,9235,212217975,08 38 06.334,+24 52 16.10,1,17.429000000000002,,,,08380633+2452161,,STAR,J,col,,,,,,,,,,,,,,,,,,,,,15.937999999999999,0.07400000000000001,15.140999999999998,0.087,14.547,0.09,3628.0,410.0,410.0,4.988,0.145,0.145,-0.145,0.2,0.28,0.27899999999999997,0.156,0.115,0.27399999999999997,0.191,0.136,12.38,15.33,6.848,415.2,323.1,207.1,0.028999999999999998,0.009000000000000001,0.009000000000000001,,,
9236,9236,9236,212218000,08 39 01.426,+24 52 19.87,1,17.188,,,,08390142+2452198,,STAR,JHK,col,,,,,,,,,,,,,,,,,,,,,15.107000000000001,0.037000000000000005,14.696,0.048,14.3,0.06,3447.0,209.0,209.0,5.067,0.084,0.084,-0.039,0.15,0.21,0.209,0.065,0.042,0.19899999999999998,0.091,0.06,20.27,9.712,7.598,202.8,94.97,64.68,0.024,0.008,0.006,,,
9237,9237,9237,212218013,08 53 29.825,+24 52 21.64,1,19.076,,,,08532982+2452216,4518-301-2-0039-0362,STAR,gri,,3.0,5.0,-69.0,5.0,,,,,,,23.24,0.639,20.726,0.03,19.274,0.015,18.369,0.01,17.873,0.018000000000000002,16.465999999999998,0.129,,,,,,,,,,,,,,,,,,,,,,,,,,,,,,,
9238,9238,9238,212218016,08 39 08.426,+24 52 21.83,1,12.623,,,575-043480,08390842+2452218,,STAR,gri,rpm,28.2,3.3,-27.7,2.2,,,13.140999999999998,0.03,12.485999999999999,0.03,,,12.769,0.03,12.307,0.03,12.56,0.71,,,11.380999999999998,0.018000000000000002,11.078,0.018000000000000002,11.011,0.019,5900.0,93.0,117.0,4.408,0.045,0.135,-0.306,0.3,0.25,1.0,0.20600000000000002,0.08199999999999999,0.937,0.128,0.085,0.8959999999999999,0.222,0.341,347.5,82.38,32.03,0.031,0.01,0.008,,,
9239,9239,9239,212218037,08 47 53.831,+24 52 25.39,1,17.635,,,,08475383+2452253,4508-301-4-0132-0444,EXTENDED,gri,,3.0,3.0,1.0,3.0,,,,,,,20.593000000000004,0.094,18.554000000000002,0.009000000000000001,17.636,0.006999999999999999,17.241,0.006,16.89,0.015,16.182000000000002,0.084,15.433,0.098,15.097999999999999,0.11699999999999999,,,,,,,,,,,,,,,,,,,,,,,,,,,
9240,9240,9240,212218077,08 47 34.890,+24 52 30.58,1,17.578,,,,08473488+2452305,4508-301-4-0132-0372,EXTENDED,gri,,3.0,3.0,-3.0,3.0,,,,,,,21.86,0.366,18.887,0.013999999999999999,17.526,0.006999999999999999,17.017,0.006,16.657,0.015,15.92,0.078,15.287,0.084,14.684000000000001,0.091,,,,,,,,,,,,,,,,,,,,,,,,,,,
9241,9241,9241,212218134,08 43 13.186,+24 52 37.25,1,12.894,,,575-043614,08431317+2452373,,STAR,gri,rpm,20.5,1.6,-23.3,2.3,,,13.533,0.02,12.767000000000001,0.04,,,13.128,0.02,12.545,0.03,12.794,0.73,,,11.52,0.021,11.197000000000001,0.021,11.129000000000001,0.02,5608.0,112.0,89.0,4.465,0.045,0.099,-0.001,0.1,0.18,0.938,0.115,0.075,0.953,0.048,0.048,1.109,0.22399999999999998,0.342,331.4,45.61,23.54,0.031,0.004,0.004,,,
9242,9242,9242,212218158,08 43 11.228,+24 52 40.48,1,15.659,,,575-043612,08431125+2452404,4508-301-5-0126-0108,STAR,JHK,rpm,49.9,7.3,-16.9,7.0,,,,,,,,,,,,,,,,,13.46,0.023,12.874,0.021,12.618,0.025,3571.0,143.0,143.0,5.018,0.07,0.05,0.018000000000000002,0.12,0.18,0.255,0.059000000000000004,0.057,0.252,0.077,0.077,14.15,6.974,4.0169999999999995,120.9,31.66,33.61,0.018000000000000002,0.005,0.005,,,
9243,9243,9243,212218172,08 39 01.950,+24 52 41.56,1,14.545,,,575-043472,08390195+2452415,,STAR,gri,rpm,5.1,4.5,-8.4,5.0,,,15.895999999999999,0.03,14.880999999999998,0.05,,,15.398,0.04,14.468,0.04,14.18,0.07,,,13.035,0.021,12.501,0.018000000000000002,12.404000000000002,0.024,4775.0,77.0,96.0,4.627,0.025,0.03,-0.08,0.15,0.15,0.701,0.048,0.038,0.767,0.049,0.049,2.1830000000000003,0.266,0.282,406.6,41.28,27.14,0.031,0.006999999999999999,0.006,,,
9244,9244,9244,212218227,08 46 18.481,+24 52 48.61,1,13.353,,,575-043740,08461848+2452485,,STAR,gri,rpm,-6.3,2.1,-10.9,2.5,,,13.741,0.15,13.097999999999999,0.06,,,13.470999999999998,0.04,12.888,0.06,13.302,0.8,,,11.767000000000001,0.022000000000000002,11.38,0.021,11.265,0.02,5415.0,130.0,130.0,4.4910000000000005,0.06,0.7440000000000001,-0.195,0.24,0.24,0.9079999999999999,1.345,0.099,0.935,0.223,0.059000000000000004,1.226,0.39,1.137,358.8,511.5,48.02,0.032,0.01,0.006999999999999999,,,
9245,9245,9245,212218240,08 51 05.966,+24 52 50.61,1,17.243,,,,08510596+2452506,,STAR,J,col,,,,,,,,,,,,,,,,,,,,,15.765,0.071,15.019,0.08,14.423,0.078,3577.0,318.0,382.0,5.0280000000000005,0.156,0.13,-0.096,0.18,0.24,0.24,0.124,0.094,0.231,0.172,0.107,15.14,21.01,7.809,320.5,228.8,152.6,0.028999999999999998,0.009000000000000001,0.009000000000000001,,,
9246,9246,9246,212218257,08 41 25.910,+24 52 53.36,1,17.500999999999998,,,,08412591+2452533,,STAR,J,rpm,6.0,3.0,12.0,4.0,,,,,,,,,,,,,,,,,16.005,0.075,15.091,0.071,14.520999999999999,0.079,3814.0,293.0,293.0,4.912,0.115,0.115,-0.105,0.16,0.24,0.344,0.135,0.11,0.38799999999999996,0.138,0.166,8.435,7.7120000000000015,4.029,601.3,263.8,240.0,0.033,0.01,0.006999999999999999,,,
9247,9247,9247,212218266,08 44 47.001,+24 52 54.72,1,17.89,,,,08444700+2452547,,STAR,J,col,,,,,,,,,,,,,,,,,,,,,16.365,0.09699999999999999,15.652999999999999,0.11,15.185,0.131,3793.0,408.0,340.0,4.953,0.125,0.175,-0.21899999999999997,0.24,0.32,0.3,0.153,0.10099999999999999,0.335,0.187,0.156,9.786,10.19,5.63,590.6,414.7,243.6,0.032,0.01,0.008,,,
9248,9248,9248,212218272,08 46 56.134,+24 52 55.26,1,16.812,,,,08465613+2452552,,STAR,J,col,,,,,,,,,,,,,,,,,,,,,15.363,0.057,14.743,0.068,14.095999999999998,0.065,3455.0,154.0,742.0,5.088,0.16,0.08,-0.05,0.15,0.21,0.205,0.063,0.085,0.182,0.084,0.084,20.28,29.5,7.336,211.2,104.9,128.8,0.025,0.009000000000000001,0.011000000000000001,,,
9249,9249,9249,212218274,08 40 07.672,+24 52 55.90,1,18.01,,,,08400767+2452559,,STAR,J,,,,,,,,,,,,,,,,,,,,,,16.474,0.12,15.737,0.131,,,,,,,,,,,,,,,,,,,,,,,,,,,,,
9250,9250,9250,212218293,08 48 13.360,+24 52 57.88,1,17.715,,,,08481336+2452578,4508-301-4-0133-0361,EXTENDED,gri,,0.0,3.0,-1.0,3.0,,,,,,,20.36,0.077,18.601,0.009000000000000001,17.735,0.006999999999999999,17.335,0.006999999999999999,17.035999999999998,0.016,16.297,0.10099999999999999,15.54,0.10400000000000001,14.905,0.105,,,,,,,,,,,,,,,,,,,,,,,,,,,
9251,9251,9251,212218295,08 42 46.301,+24 52 57.98,1,13.062999999999999,,,575-043601,08424630+2452579,,STAR,gri,rpm,11.6,1.9,-16.0,2.3,,,13.909,0.02,13.026,0.04,,,13.459000000000001,0.02,12.762,0.02,12.892999999999999,0.7,,,11.448,0.021,10.929,0.019,10.835999999999999,0.019,5028.0,60.0,60.0,3.29,0.41600000000000004,0.26,-0.5529999999999999,0.27,0.15,3.234,0.9590000000000001,1.181,0.9259999999999999,0.091,0.046,0.02,0.054000000000000006,0.012,1008.0,290.5,369.0,0.033,0.004,0.008,,,
9252,9252,9252,212218337,08 46 57.412,+24 53 01.74,1,16.85,,,,08465741+2453017,4508-301-4-0131-0318,EXTENDED,gri,,5.0,3.0,-1.0,3.0,,,,,,,19.953,0.073,17.815,0.006999999999999999,16.858,0.005,16.437,0.005,16.143,0.011000000000000001,15.51,0.057,14.812999999999999,0.066,14.494000000000002,0.078,,,,,,,,,,,,,,,,,,,,,,,,,,,
9253,9253,9253,212218352,08 38 07.122,+24 53 04.33,1,15.24,,,575-043429,,4469-301-2-0125-0129,EXTENDED,gri,,,,,,,,16.725,0.01,15.649000000000001,0.04,,,16.1,0.01,15.261,0.04,14.870999999999999,0.1,,,,,,,,,,,,,,,,,,,,,,,,,,,,,,,,,,,
9254,9254,9254,212218354,08 46 44.930,+24 53 04.35,1,13.948,,,575-043759,08464493+2453044,,STAR,gri,lam,-0.7,2.2,-2.5,2.6,,,14.404000000000002,0.03,13.628,0.07,,,14.045,0.02,13.405999999999999,0.07,13.907,0.86,,,12.409,0.019,12.062000000000001,0.022000000000000002,11.992,0.021,5265.0,172.0,215.0,3.698,0.08,0.14400000000000002,-0.215,0.12,0.15,2.603,0.35100000000000003,0.3670000000000001,1.214,0.109,0.131,0.066,0.025,0.024,1273.0,152.0,135.8,0.033,0.008,0.006,,,
9255,9255,9255,212218359,08 50 41.371,+24 53 05.16,1,15.933,,,575-043915,08504139+2453048,4508-301-3-0136-0282,STAR,JHK,rpm,25.4,5.8,-22.6,5.0,,,,,,,,,,,,,,,,,13.509,0.023,12.866,0.02,12.592,0.025,3648.0,152.0,108.0,4.981,0.06,0.07,-0.07200000000000001,0.18,0.12,0.28600000000000003,0.069,0.047,0.307,0.09300000000000001,0.067,11.91,4.6819999999999995,3.82,147.5,44.26,28.97,0.021,0.008,0.004,,,
9256,9256,9256,212218369,08 38 41.240,+24 53 06.07,1,17.707,,,,08384123+2453060,,STAR,JHK,col,,,,,,,,,,,,,,,,,,,,,15.833,0.08900000000000001,15.241,0.114,15.088,0.127,4056.0,659.0,412.0,4.84,0.165,0.198,-0.29,0.25,0.35,0.415,0.196,0.154,0.48100000000000004,0.196,0.235,5.118,8.531,2.858,712.1,574.8,318.0,0.032,0.008,0.006999999999999999,,,
9257,9257,9257,212218393,08 45 13.078,+24 53 09.07,1,11.83,,1943-273-1,575-043706,08451307+2453089,,STAR,gri,rpm,12.8,2.3,-19.7,2.5,,,12.538,0.318,11.796,0.207,,,12.159,0.03,11.477,0.05,11.689,0.7,,,10.314,0.021,9.898,0.016,9.805,0.017,5228.0,124.0,124.0,3.721,0.85,0.51,-0.175,0.25,0.55,2.17,1.4880000000000002,1.406,0.941,0.248,0.065,0.096,1.329,0.077,412.1,216.0,262.2,0.028999999999999998,0.009000000000000001,0.009000000000000001,,,
9258,9258,9258,212218396,08 50 53.311,+24 53 10.02,1,11.902999999999999,,,575-043921,08505331+2453100,,STAR,gri,rpm,3.7,1.5,2.4,1.8,,,13.696,0.043,12.293,0.03,,,13.0,0.031,11.869000000000002,0.04,11.433,0.06,,,9.962,0.02,9.311,0.016,9.133,0.019,4345.0,86.0,68.0,2.022,0.32,0.7040000000000001,-0.124,0.2,0.68,16.597,15.616,4.684,1.196,0.16,0.319,0.00021,0.000425,0.00018700000000000002,2071.0,1715.0,539.4,0.038,0.012,0.01,,,
9259,9259,9259,212218446,08 54 38.044,+24 53 16.86,1,10.59,,1943-329-1,575-044053,08543804+2453168,,STAR,gri,rpm,0.7,2.1,-6.4,2.1,,,11.805,0.165,10.967,0.107,,,11.427999999999999,0.03,10.533,0.04,10.231,0.06,,,9.043,0.027000000000000003,8.599,0.069,8.392000000000001,0.021,4726.0,76.0,76.0,2.4619999999999997,0.28,0.1,-0.14300000000000002,0.15,0.18,11.043,0.735,2.287,1.295,0.376,0.209,0.000935,0.001,0.000218,973.5,67.23,166.0,0.034,0.01,0.006999999999999999,,,
9260,9260,9260,212218456,08 53 42.730,+24 53 17.93,1,13.017999999999999,,,575-044030,08534273+2453179,,STAR,gri,rpm,32.8,2.7,-8.8,3.2,,,14.989,0.02,13.600999999999999,0.034,,,14.380999999999998,0.035,13.040999999999999,0.042,12.433,0.061,,,11.015,0.022000000000000002,10.342,0.022000000000000002,10.214,0.02,4010.0,47.0,95.0,4.8180000000000005,0.04,0.025,0.001,0.12,0.12,0.46299999999999997,0.026000000000000002,0.037000000000000005,0.524,0.03,0.038,5.115,0.895,0.556,89.15,13.21,13.62,0.015,0.003,0.002,,,
9261,9261,9261,212218459,08 39 47.231,+24 53 18.09,1,12.582,,,575-043504,08394723+2453180,,STAR,gri,rpm,-19.6,1.7,-7.7,1.9,,,13.085,0.02,12.453,0.03,,,12.719000000000001,0.03,12.265999999999998,0.03,12.524000000000001,0.75,,,11.305,0.02,11.017000000000001,0.016,10.937999999999999,0.019,5961.0,94.0,94.0,4.251,0.17,0.23800000000000002,-0.11199999999999999,0.16,0.2,1.24,0.41200000000000003,0.23,1.063,0.106,0.08800000000000001,0.45799999999999996,0.366,0.257,427.2,134.4,87.09,0.031,0.008,0.005,,,
9262,9262,9262,212218490,08 52 58.268,+24 53 22.63,1,18.954,,,,,4518-301-2-0039-0189,STAR,gri,,7.0,4.0,3.0,4.0,,,,,,,19.500999999999998,0.033,19.14,0.011000000000000001,18.892,0.011000000000000001,18.671,0.012,18.548,0.03,,,,,,,,,,,,,,,,,,,,,,,,,,,,,,,,,
9263,9263,9263,212218491,08 54 27.228,+24 53 22.69,1,12.765,,,575-044046,08542723+2453227,,STAR,gri,rpm,-23.3,1.7,-7.3,1.4,,,13.475,0.042,12.880999999999998,0.031,,,13.147,0.031,12.738,0.040999999999999995,12.602,0.062,,,11.842,0.023,11.535,0.022000000000000002,11.482999999999999,0.018000000000000002,5990.0,94.0,118.0,4.316,0.11,0.22,-0.29,0.25,0.35,1.107,0.35200000000000004,0.17600000000000002,0.9590000000000001,0.131,0.094,0.634,0.409,0.33299999999999996,494.9,149.7,85.15,0.031,0.008,0.006999999999999999,,,
9264,9264,9264,212218517,08 38 04.984,+24 53 26.57,1,15.83,,,575-043424,08380495+2453273,,STAR,gri,rpm,14.8,18.8,-17.0,18.8,,,17.227,0.12,16.098,0.05,,,16.58,0.061,15.76,0.069,15.509,0.11,,,14.323,0.040999999999999995,13.68,0.047,13.493,0.048,4695.0,139.0,139.0,4.6610000000000005,0.055999999999999994,0.04,-0.326,0.25,0.35,0.638,0.057999999999999996,0.083,0.6890000000000001,0.07,0.084,2.5340000000000003,0.8059999999999999,0.402,658.5,87.18,105.2,0.033,0.008,0.006999999999999999,,,
9265,9265,9265,212218557,08 43 36.090,+24 53 31.41,1,17.819000000000006,,,,08433608+2453314,4508-301-5-0127-0294,EXTENDED,gri,,2.0,3.0,-4.0,3.0,,,,,,,20.75,0.08199999999999999,18.761,0.01,17.805,0.006999999999999999,17.415,0.006999999999999999,17.104,0.012,16.13,0.07200000000000001,15.275,0.07400000000000001,15.034,0.11199999999999999,,,,,,,,,,,,,,,,,,,,,,,,,,,
9266,9266,9266,212218568,08 56 33.018,+24 53 33.28,1,14.237,,,575-044120,08563301+2453333,4508-301-2-0144-0158,STAR,gri,rpm,-1.7,3.3,-7.3,3.5,,,15.17,0.02,14.502,0.04,,,14.779000000000002,0.038,14.194,0.047,14.004000000000001,0.07200000000000001,,,13.017000000000001,0.024,12.615,0.023,12.495,0.021,5397.0,128.0,128.0,4.499,0.06,0.88,-0.27,0.25,0.55,0.89,1.676,0.106,0.9109999999999999,0.083,0.083,1.3019999999999998,0.3,1.2409999999999999,612.5,1044.0,79.03,0.034,0.01,0.008,,,
9267,9267,9267,212218594,08 41 06.665,+24 53 35.53,1,11.464,,1942-1443-1,575-043553,08410665+2453355,,STAR,gri,rpm,42.6,2.5,-27.9,2.5,,,11.764000000000001,0.113,11.165,0.102,,,11.514000000000001,0.04,11.012,0.03,11.443,0.83,,,10.05,0.019,9.771,0.016,9.7,0.018000000000000002,5899.0,118.0,118.0,4.346,0.096,0.20800000000000002,-0.037000000000000005,0.15,0.21,1.117,0.322,0.133,1.053,0.08,0.096,0.733,0.267,0.386,212.2,64.47,29.08,0.026000000000000002,0.009000000000000001,0.005,,,
9268,9268,9268,212218628,08 39 07.624,+24 53 40.79,1,9.236,,1942-1719-1,575-043476,08390762+2453405,,STAR,gri,rpm,6.8,1.4,-13.2,1.3,,,10.19,0.042,9.176,0.023,,,10.432,0.03,9.501,0.04,8.722999999999999,0.06,,,7.43,0.019,6.947,0.018000000000000002,6.827999999999999,0.017,4780.0,76.0,57.0,2.665,0.15,0.15,0.036000000000000004,0.12,0.15,10.600999999999999,1.206,1.5819999999999999,1.9680000000000002,0.317,0.444,0.002,0.001,0.0005780000000000001,460.6,53.82,48.19,0.033,0.008,0.006999999999999999,,,
9269,9269,9269,212218643,08 38 10.938,+24 53 43.13,1,14.198,,,575-043437,,,EXTENDED,gri,,-4.6,11.6,3.5,11.6,,,15.667,0.05,14.649000000000001,0.04,,,15.127,0.03,14.262,0.02,13.799000000000001,0.01,,,,,,,,,,,,,,,,,,,,,,,,,,,,,,,,,,,
9270,9270,9270,212218649,08 46 17.115,+24 53 44.10,1,19.198,,,,,4518-301-4-0030-0149,STAR,gri,,6.0,3.0,-4.0,3.0,,,,,,,20.475,0.07,19.864,0.017,19.171,0.013999999999999999,18.912,0.013000000000000001,18.721,0.04,,,,,,,,,,,,,,,,,,,,,,,,,,,,,,,,,
9271,9271,9271,212218703,08 47 48.716,+24 53 49.45,1,16.576,,,,08474871+2453494,,STAR,J,col,,,,,,,,,,,,,,,,,,,,,15.144,0.045,14.469000000000001,0.05,14.056,0.053,3558.0,265.0,318.0,5.025,0.132,0.11,-0.069,0.15,0.24,0.24100000000000002,0.10099999999999999,0.083,0.245,0.142,0.10099999999999999,15.37,16.16,6.925,261.3,151.9,110.5,0.026000000000000002,0.01,0.008,,,
9272,9272,9272,212218710,08 39 19.217,+24 53 50.43,1,14.751,,,575-043488,08391921+2453504,,STAR,gri,rpm,21.2,4.5,-14.8,5.0,,,16.027,0.06,14.932,0.04,,,15.472000000000001,0.04,14.488,0.04,14.440999999999999,0.49,,,13.033,0.021,12.53,0.019,12.36,0.023,4782.0,77.0,96.0,4.622,0.03,0.03,-0.045,0.2,0.2,0.701,0.048,0.038,0.767,0.04,0.048,2.147,0.262,0.27699999999999997,412.2,35.63,32.79,0.031,0.006,0.005,,,
9273,9273,9273,212218734,08 53 26.841,+24 53 54.08,1,14.488,,,575-044019,08532684+2453540,4518-301-2-0039-0114,STAR,gri,rpm,-6.9,3.1,-5.6,3.4,,,15.64,0.03,14.776,0.042,,,15.203,0.042,14.488,0.049,14.182,0.075,,,13.120999999999999,0.025,12.572000000000001,0.024,12.48,0.022000000000000002,4919.0,97.0,97.0,3.375,1.239,1.062,-0.517,0.4,0.4,2.917,6.653,2.319,0.862,0.08900000000000001,0.124,0.027999999999999997,1.9709999999999999,0.027000000000000003,2057.0,4121.0,1662.0,0.032,0.011000000000000001,0.006,,,
9274,9274,9274,212218744,08 38 32.322,+24 53 55.38,1,18.16,,,,08383232+2453553,,STAR,JHK,rpm,2.0,4.0,8.0,3.0,,,,,,,,,,,,,,,,,15.630999999999998,0.065,15.026,0.08199999999999999,14.658,0.09300000000000001,3979.0,500.0,312.0,4.846,0.13,0.156,-0.172,0.2,0.28,0.414,0.175,0.14300000000000002,0.446,0.196,0.163,6.518,6.045,3.552,594.1,360.6,224.4,0.033,0.008,0.006999999999999999,,,
9275,9275,9275,212218746,08 41 22.926,+24 53 55.47,1,15.247,,,575-043568,08412293+2453555,,STAR,gri,rpm,-2.0,4.3,-4.9,4.9,,,16.555999999999994,0.11,15.53,0.06,,,16.026,0.03,15.258,0.05,14.913,0.09,,,13.832,0.023,13.327,0.026000000000000002,13.161,0.028999999999999998,4947.0,99.0,79.0,4.593999999999999,0.048,1.4,-0.28800000000000003,0.25,0.4,0.7340000000000001,2.989,0.066,0.7879999999999999,0.138,0.077,1.905,0.47100000000000003,1.891,655.1,2743.0,77.92,0.034,0.011000000000000001,0.006999999999999999,,,
9276,9276,9276,212218748,08 47 36.323,+24 53 55.58,1,15.443,,,575-043802,08473632+2453555,4508-301-4-0132-0237,STAR,gri,rpm,-2.0,4.2,2.6,5.0,,,16.680999999999994,0.04,15.484000000000002,0.1,,,16.102,0.02,15.05,0.11,15.161,0.82,,,13.405,0.021,12.777999999999999,0.021,12.633,0.022000000000000002,4402.0,133.0,186.0,4.704,0.08,0.04,-0.14,0.2,0.36,0.588,0.055,0.09699999999999999,0.647,0.067,0.107,3.052,1.36,0.513,361.3,59.29,80.84,0.028999999999999998,0.008,0.006999999999999999,,,
9277,9277,9277,212218754,08 41 08.476,+24 53 56.39,1,12.549000000000001,,1942-1925-1,575-043555,08410849+2453562,,STAR,gri,rpm,-3.0,4.3,-0.5,4.4,,,12.718,0.3,12.043,0.226,,,12.929,0.02,12.114,0.02,12.386,0.81,,,10.687999999999999,0.018000000000000002,10.158999999999999,0.018000000000000002,10.052,0.018000000000000002,4833.0,58.0,58.0,2.682,0.504,0.36,-0.318,0.2,0.24,6.9460000000000015,4.288,2.6510000000000002,1.094,0.252,0.14,0.002,0.008,0.002,1425.0,634.7,509.1,0.035,0.011000000000000001,0.006999999999999999,,,
9278,9278,9278,212218772,08 44 22.345,+24 54 00.09,1,17.235,,,,,4508-301-5-0128-0230,EXTENDED,gri,,-7.0,3.0,-1.0,3.0,,,,,,,18.942,0.052000000000000005,17.785,0.009000000000000001,17.307000000000002,0.008,16.999000000000002,0.011000000000000001,16.877,0.021,,,,,,,,,,,,,,,,,,,,,,,,,,,,,,,,,
9279,9279,9279,212218781,08 42 30.613,+24 54 02.05,1,13.995,,,575-043596,08423061+2454020,,STAR,gri,rpm,2.6,2.6,-7.1,3.7,,,14.92,0.01,13.872,0.04,,,14.398,0.02,13.545,0.02,13.822000000000001,0.77,,,12.194,0.022000000000000002,11.707,0.022000000000000002,11.600999999999999,0.02,4850.0,78.0,78.0,3.407,1.08,0.36,-0.059000000000000004,0.16,0.16,3.266,1.464,2.476,1.146,0.125,0.313,0.025,1.2690000000000001,0.018000000000000002,1369.0,712.4,1023.0,0.033,0.011000000000000001,0.006999999999999999,,,
9280,9280,9280,212218790,08 44 01.284,+24 54 03.90,1,11.069,,1942-1086-1,575-043656,08440128+2454038,,STAR,gri,rpm,-6.0,2.3,-4.7,2.3,,,10.979000000000001,0.067,10.270999999999999,0.05,,,10.677,0.03,10.193,0.04,11.237,0.06,,,9.296,0.018000000000000002,9.009,0.019,8.93,0.018000000000000002,5914.0,141.0,141.0,3.951,0.385,0.275,0.025,0.18,0.18,1.725,1.104,0.6729999999999999,1.251,0.304,0.217,0.159,0.552,0.10400000000000001,246.1,127.3,96.86,0.026000000000000002,0.01,0.006999999999999999,,,
9281,9281,9281,212218814,08 42 25.521,+24 54 06.88,1,17.352,,,,08422552+2454068,,STAR,J,col,,,,,,,,,,,,,,,,,,,,,15.866,0.07,15.077,0.077,14.556,0.078,3675.0,351.0,351.0,4.9860000000000015,0.15,0.15,-0.145,0.2,0.24,0.278,0.154,0.114,0.27899999999999997,0.195,0.139,11.17,17.81,6.1229999999999976,411.3,318.4,204.6,0.028999999999999998,0.009000000000000001,0.009000000000000001,,,
9282,9282,9282,212218830,08 53 48.563,+24 54 08.92,1,17.33,,,,08534856+2454089,4518-301-2-0040-0156,EXTENDED,gri,,2.0,3.0,0.0,3.0,,,,,,,19.158,0.044000000000000004,18.014,0.008,17.41,0.006999999999999999,17.037,0.006999999999999999,16.81,0.015,16.375,0.133,15.466,0.14400000000000002,,,,,,,,,,,,,,,,,,,,,,,,,,,,,
9283,9283,9283,212218901,08 48 33.420,+24 54 17.88,1,11.505999999999998,,1943-1436-1,575-043838,08483344+2454178,,STAR,gri,rpm,-23.4,2.5,1.0,2.5,,,12.118,0.185,11.25,0.1,,,11.616,0.03,10.954,0.1,11.459000000000001,0.86,,,9.911,0.022000000000000002,9.552,0.021,9.495,0.018000000000000002,5558.0,163.0,163.0,4.138,0.3720000000000001,0.434,-0.08900000000000001,0.18,0.27,1.358,1.205,0.57,1.002,0.226,0.087,0.267,1.093,0.201,248.4,179.9,104.3,0.025,0.01,0.006,,,
9284,9284,9284,212218915,08 40 24.368,+24 54 19.66,1,16.47,,,,08402436+2454196,,STAR,J,rpm,8.0,1.0,8.0,5.0,,,,,,,,,,,,,,,,,15.046,0.044000000000000004,14.327,0.048,13.899000000000001,0.051,3720.0,299.0,213.0,4.947,0.09,0.126,-0.05,0.15,0.21,0.318,0.11599999999999999,0.085,0.34700000000000003,0.147,0.122,9.126,6.195,4.225,342.9,164.3,111.1,0.03,0.008,0.006999999999999999,,,
9285,9285,9285,212218934,08 51 41.587,+24 54 21.96,1,12.884,,,575-043958,08514158+2454218,,STAR,gri,lam,-3.9,1.5,-9.4,1.8,,,13.622,0.043,13.017000000000001,0.032,,,13.269,0.032,12.844000000000001,0.040999999999999995,12.719000000000001,0.062,,,11.87,0.019,11.597000000000001,0.016,11.543,0.018000000000000002,6057.0,146.0,121.0,4.3610000000000015,0.06,0.084,-0.102,0.1,0.12,1.1320000000000001,0.139,0.09,1.074,0.079,0.079,0.713,0.174,0.188,508.8,78.61,43.7,0.032,0.008,0.008,,,
9286,9286,9286,212218955,08 40 34.569,+24 54 25.58,1,16.99,,,,08403456+2454255,4335-301-2-0130-0039,EXTENDED,gri,,4.0,2.0,10.0,2.0,,,,,,,19.576,0.038,17.823,0.006,17.015,0.005,16.633,0.005,16.331,0.009000000000000001,15.437999999999999,0.054000000000000006,14.792,0.055999999999999994,14.312000000000001,0.069,,,,,,,,,,,,,,,,,,,,,,,,,,,
9287,9287,9287,212218975,08 47 54.478,+24 54 28.23,1,13.876,,,575-043814,08475447+2454282,,STAR,gri,rpm,-6.6,2.5,-1.9,2.9,,,14.565,0.04,13.626,0.06,,,14.159,0.03,13.315,0.08,13.755,0.83,,,12.052999999999999,0.019,11.569,0.018000000000000002,11.49,0.018000000000000002,4954.0,99.0,79.0,3.42,0.348,0.638,-0.27399999999999997,0.25,0.35,3.355,3.009,1.07,1.024,0.225,0.161,0.028999999999999998,0.067,0.025,1290.0,1157.0,411.4,0.033,0.008,0.006999999999999999,,,
9288,9288,9288,212218980,08 45 25.670,+24 54 29.96,1,17.44,,,,08452566+2454299,4518-301-4-0029-0214,EXTENDED,gri,,4.0,3.0,2.0,3.0,,,,,,,20.224,0.115,18.573,0.012,17.469,0.006999999999999999,16.955,0.006,16.646,0.017,15.908,0.075,15.299000000000001,0.09300000000000001,14.672,0.085,,,,,,,,,,,,,,,,,,,,,,,,,,,
9289,9289,9289,212219006,08 41 20.005,+24 54 32.90,1,9.96,,1942-1051-1,575-043566,08411998+2454329,,STAR,gri,rpm,-2.3,1.9,-12.0,1.9,,,11.159,0.08,10.084,0.042,,,10.979000000000001,0.03,10.01,0.04,9.522,0.06,,,8.308,0.018000000000000002,7.807,0.021,7.669,0.016,4672.0,74.0,74.0,2.502,0.171,0.095,0.024,0.12,0.15,11.311,0.5329999999999999,1.183,1.482,0.32899999999999996,0.275,0.000992,0.000655,0.000204,709.0,36.84,48.54,0.035,0.01,0.008,,,
9290,9290,9290,212219017,08 41 25.466,+24 54 34.47,1,12.651,,1942-1634-1,575-043569,08412546+2454345,,STAR,gri,rpm,0.3,4.0,-17.4,4.1,,,12.19,0.18100000000000002,11.88,0.195,,,12.823,0.03,12.165999999999999,0.02,12.577,0.87,,,11.023,0.019,10.615,0.016,10.520999999999999,0.018000000000000002,5244.0,147.0,84.0,3.466,0.8640000000000001,1.1520000000000001,-0.386,0.35,0.42,1.835,6.724,1.1340000000000001,0.91,0.184,0.11699999999999999,0.054000000000000006,1.193,0.053,370.4,1416.0,201.7,0.026000000000000002,0.01,0.008,,,
9291,9291,9291,212219085,08 47 42.750,+24 54 42.70,1,17.822,,,,08474275+2454426,4508-301-4-0132-0409,EXTENDED,gri,,-2.0,3.0,-5.0,3.0,,,,,,,20.819000000000006,0.114,18.75,0.01,17.829,0.008,17.425,0.006999999999999999,17.093,0.017,16.371,0.094,15.796,0.12,15.36,0.15,,,,,,,,,,,,,,,,,,,,,,,,,,,
9292,9292,9292,212219101,08 39 41.254,+24 54 44.29,1,15.217,,,575-043502,08394126+2454442,4335-301-2-0129-0035,STAR,gri,rpm,2.3,4.5,-7.4,5.0,,,16.257,0.1,15.217,0.07,,,15.74,0.05,14.852,0.04,14.993,0.8,,,13.440999999999999,0.022000000000000002,12.937999999999999,0.021,12.868,0.027000000000000003,4899.0,79.0,99.0,4.601,0.03,0.048,-0.055,0.15,0.18,0.74,0.057,0.045,0.8,0.05,0.05,1.965,0.24,0.331,540.3,62.58,40.68,0.034,0.008,0.008,,,
9293,9293,9293,212219116,08 48 05.459,+24 54 45.73,1,17.921,,,,08480545+2454457,4508-301-4-0133-0338,EXTENDED,gri,,-1.0,3.0,-1.0,3.0,,,,,,,20.805999999999997,0.10400000000000001,18.827,0.01,17.967,0.008,17.533,0.006999999999999999,17.258,0.018000000000000002,16.447,0.11599999999999999,15.958,0.15,14.982999999999999,0.114,,,,,,,,,,,,,,,,,,,,,,,,,,,
9294,9294,9294,212219118,08 47 46.613,+24 54 46.16,1,16.605,,,,08474661+2454461,4508-301-4-0132-0422,EXTENDED,gri,,,,,,,,,,,,19.489,0.046,17.57,0.006,16.615,0.004,16.191,0.004,15.831,0.008,14.944,0.044000000000000004,14.147,0.048,13.85,0.052000000000000005,,,,,,,,,,,,,,,,,,,,,,,,,,,
9295,9295,9295,212219152,08 47 46.212,+24 54 51.43,1,16.183,,,,08474621+2454514,4508-301-4-0132-0423,EXTENDED,gri,,,,,,,,,,,,19.340999999999998,0.063,17.155,0.006,16.197,0.004,15.767000000000001,0.004,15.440999999999999,0.009000000000000001,15.112,0.054000000000000006,14.357999999999999,0.064,13.985999999999999,0.063,,,,,,,,,,,,,,,,,,,,,,,,,,,
9296,9296,9296,212219192,08 41 39.182,+24 54 55.60,1,14.825,,,575-043572,08413917+2454554,,STAR,gri,rpm,0.8,4.7,-2.4,5.1,,,15.485999999999999,0.03,14.64,0.04,,,15.025,0.03,14.357000000000001,0.02,14.74,0.83,,,13.113,0.023,12.638,0.024,12.595999999999998,0.022000000000000002,5129.0,122.0,81.0,3.575,0.972,0.648,-0.541,0.42,0.35,2.318,2.193,1.6340000000000001,0.892,0.124,0.10400000000000001,0.063,1.614,0.055999999999999994,1662.0,1564.0,1169.0,0.033,0.008,0.008,,,
9297,9297,9297,212219237,08 52 36.517,+24 55 01.77,1,13.113,,,575-043987,08523650+2455018,,STAR,gri,rpm,-20.1,1.7,-4.7,2.0,,,14.13,0.045,13.331,0.032,,,13.707,0.033,13.093,0.042,12.859000000000002,0.063,,,11.835,0.023,11.459000000000001,0.03,11.329,0.021,5408.0,129.0,107.0,4.5,0.06,0.53,-0.05,0.18,0.24,0.8759999999999999,0.8320000000000001,0.095,0.9129999999999999,0.067,0.067,1.3130000000000002,0.34,1.123,350.7,360.7,39.0,0.031,0.009000000000000001,0.005,,,
9298,9298,9298,212219268,08 43 32.231,+24 55 06.30,1,13.540999999999999,,,575-043628,08433222+2455063,,STAR,gri,rpm,22.4,2.2,21.7,2.9,,,15.172,0.04,13.808,0.04,,,14.587,0.04,13.237,0.02,13.093,0.7,,,11.286,0.021,10.622,0.019,10.446,0.017,3918.0,95.0,95.0,4.86,0.025,0.045,0.013000000000000001,0.15,0.21,0.424,0.046,0.021,0.47600000000000003,0.059000000000000004,0.027000000000000003,6.127999999999999,0.748,1.147,97.52,6.975,16.03,0.016,0.003,0.005,,,
9299,9299,9299,212219351,08 46 26.543,+24 55 16.37,1,12.985,,,575-043741,08462654+2455164,,STAR,gri,rpm,-18.9,1.9,-5.1,2.3,,,13.527999999999999,0.02,12.702,0.06,,,13.13,0.02,12.447000000000001,0.05,12.923,0.86,,,11.39,0.019,11.030999999999999,0.021,10.953,0.018000000000000002,5419.0,107.0,86.0,4.51,0.035,0.588,0.033,0.12,0.15,0.8909999999999999,0.97,0.051,0.9490000000000001,0.076,0.048,1.2830000000000001,0.207,1.125,294.0,305.7,27.72,0.031,0.006,0.006999999999999999,,,
9300,9300,9300,212219370,08 45 51.641,+24 55 19.07,1,12.927999999999999,,,575-043725,08455164+2455190,,STAR,gri,rpm,-30.1,2.0,-13.7,2.5,,,13.679,0.01,12.751,0.05,,,13.262,0.03,12.418,0.05,12.785,0.83,,,11.116,0.022000000000000002,10.585999999999999,0.022000000000000002,10.494000000000002,0.019,4850.0,116.0,77.0,4.6160000000000005,0.03,0.025,-0.052000000000000005,0.1,0.12,0.7190000000000001,0.040999999999999995,0.032,0.8029999999999999,0.048,0.04,2.088,0.276,0.205,179.2,36.75,10.8,0.024,0.01,0.005,,,
9301,9301,9301,212219373,08 38 26.406,+24 55 19.33,1,17.084,,,,08382640+2455193,,STAR,JHK,col,,,,,,,,,,,,,,,,,,,,,15.161,0.04,14.397,0.048,14.401,0.064,4228.0,200.0,166.0,4.758,0.06,0.06,-0.124,0.16,0.24,0.53,0.067,0.071,0.589,0.073,0.073,3.783,1.344,0.846,675.0,134.7,112.3,0.033,0.01,0.006999999999999999,,,
9302,9302,9302,212219418,08 41 22.401,+24 55 24.99,1,14.944,,,575-043567,08412239+2455249,,STAR,gri,rpm,-1.0,4.6,-11.4,5.0,,,15.415999999999999,0.02,14.694,0.06,,,15.037,0.03,14.469000000000001,0.01,14.904000000000002,0.87,,,13.314,0.022000000000000002,12.867,0.021,12.782,0.026000000000000002,5316.0,124.0,124.0,3.719,0.9,0.9,-0.752,0.45,0.63,1.828,2.967,1.131,0.861,0.055999999999999994,0.08900000000000001,0.067,1.307,0.063,1430.0,2100.0,931.9,0.033,0.006999999999999999,0.006999999999999999,,,
9303,9303,9303,212219421,08 42 11.295,+24 55 25.20,1,17.387999999999998,,,,08421129+2455252,,STAR,J,col,,,,,,,,,,,,,,,,,,,,,15.9,0.07400000000000001,15.267999999999999,0.08,14.475999999999999,0.075,2336.0,294.0,210.0,5.311,0.035,0.042,-0.053,0.15,0.27,0.102,0.011000000000000001,0.006999999999999999,0.08,0.01,0.006,71.89,11.8,13.19,90.28,42.64,28.96,0.013999999999999999,0.006999999999999999,0.005,,,
9304,9304,9304,212219453,08 47 51.283,+24 55 29.44,1,15.414000000000001,,,575-043812,08475130+2455295,4508-301-4-0133-0279,STAR,gri,col,,,,,,,16.995,0.04,15.55,0.14,,,16.459,0.04,14.982999999999999,0.07,14.966,0.82,,,12.877,0.019,12.185,0.019,12.03,0.021,4002.0,169.0,84.0,4.827,0.035,0.063,-0.051,0.15,0.27,0.46299999999999997,0.071,0.047,0.518,0.077,0.048,5.204,0.981,1.256,193.5,41.61,19.84,0.026000000000000002,0.013000000000000001,0.006999999999999999,,,
9305,9305,9305,212219483,08 44 55.470,+24 55 32.91,1,14.985999999999999,,,575-043693,08445548+2455330,,STAR,gri,rpm,-0.1,4.3,-7.3,5.0,,,16.165,0.03,15.196,0.04,,,15.683,0.03,14.880999999999998,0.04,14.687000000000001,0.09,,,13.542,0.023,12.978,0.021,12.892999999999999,0.025,4866.0,77.0,77.0,4.614,0.03,1.242,-0.18,0.2,0.24,0.718,2.8089999999999997,0.051,0.779,0.128,0.071,2.035,0.33399999999999996,2.0180000000000002,544.6,2274.0,41.01,0.032,0.008,0.008,,,
9306,9306,9306,212219515,08 47 04.373,+24 55 36.88,1,9.154,,1943-1000-1,575-043767,08470436+2455369,,STAR,gri,rpm,0.1,2.2,-5.7,2.2,,,10.972000000000001,0.076,9.418,0.025,,,10.51,0.03,9.585,0.04,8.573,0.06,,,6.739,0.023,5.984,0.018000000000000002,5.787999999999999,0.02,4325.0,51.0,51.0,1.551,0.272,0.17,-0.574,0.25,0.25,26.086,7.18,4.785,0.99,0.2,0.077,4.44e-05,5.8299999999999994e-05,2e-05,728.0,151.3,147.6,0.034,0.006,0.006,,,
9307,9307,9307,212219534,08 51 19.325,+24 55 40.67,1,16.116,,,,08511932+2455406,4508-301-3-0137-0248,EXTENDED,gri,,2.0,5.0,6.0,2.0,,,,,,,18.152,0.02,16.845,0.004,16.189,0.004,15.804,0.004,15.51,0.006999999999999999,14.899000000000001,0.043,14.215,0.044000000000000004,13.838,0.052000000000000005,,,,,,,,,,,,,,,,,,,,,,,,,,,
9308,9308,9308,212219643,08 54 58.345,+24 55 52.15,1,14.697000000000001,,,575-044060,08545836+2455520,,STAR,gri,rpm,-37.3,3.0,-8.7,3.4,,,16.587,0.06,15.337,0.051,,,16.11,0.052000000000000005,14.734000000000002,0.052000000000000005,14.092,0.073,,,12.537,0.027000000000000003,11.889000000000001,0.027999999999999997,11.687000000000001,0.023,3909.0,92.0,116.0,4.891,0.025,0.055,-0.1,0.18,0.15,0.386,0.057999999999999996,0.019,0.429,0.075,0.021,7.431,0.7170000000000001,1.689,136.1,24.55,15.92,0.017,0.01,0.003,,,
9309,9309,9309,212219705,08 44 25.402,+24 55 59.26,1,14.892000000000001,,,575-043673,08442540+2456003,,STAR,gri,rpm,-30.0,8.0,-367.0,8.0,,,16.365,0.06,15.048,0.03,,,15.845999999999998,0.03,14.472999999999999,0.03,14.482999999999999,0.77,,,12.562000000000001,0.019,12.017000000000001,0.018000000000000002,11.811,0.02,3392.0,605.0,432.0,5.1110000000000015,0.09,0.12,-0.271,0.3,0.42,0.192,0.09300000000000001,0.049,0.16699999999999998,0.13,0.05,25.14,12.91,13.22,53.91,33.72,20.75,0.008,0.006,0.004,,,
9310,9310,9310,212219729,08 44 06.820,+24 56 02.47,1,17.544,,,,08440681+2456024,4508-301-5-0128-0207,EXTENDED,gri,,1.0,3.0,9.0,3.0,,,,,,,18.903,0.028999999999999998,18.016,0.008,17.652,0.006999999999999999,17.342,0.01,17.257,0.021,16.594,0.11699999999999999,,,,,,,,,,,,,,,,,,,,,,,,,,,,,,,
9311,9311,9311,212219740,08 39 57.443,+24 56 03.65,1,13.429,,,575-043512,08395744+2456035,,STAR,JHK,rpm,-18.7,10.4,41.8,4.1,,,,,,,,,,,,,,,,,12.067,0.021,11.595,0.017,11.537,0.02,5078.0,120.0,120.0,4.59,0.036000000000000004,0.036000000000000004,-0.165,0.2,0.28,0.745,0.05,0.055,0.7959999999999999,0.061,0.071,1.916,0.284,0.293,296.8,36.52,27.35,0.03,0.008,0.01,,,
9312,9312,9312,212219750,08 42 21.071,+24 56 05.34,1,14.31,,,575-043591,08422107+2456053,,STAR,gri,rpm,2.8,2.8,-2.5,3.0,,,14.97,0.03,14.136,0.04,,,14.552999999999999,0.02,13.866,0.03,14.205,0.81,,,12.645999999999999,0.023,12.187000000000001,0.022000000000000002,12.123,0.021,5112.0,102.0,61.0,3.563,0.84,0.6,-0.426,0.3,0.3,2.4219999999999997,1.915,1.6669999999999998,0.955,0.159,0.08800000000000001,0.044000000000000004,0.866,0.037000000000000005,1395.0,1197.0,937.8,0.034,0.01,0.01,,,
9313,9313,9313,212219759,08 47 22.763,+24 56 05.95,1,15.245999999999999,,,575-043785,08472276+2456059,4508-301-4-0132-0206,STAR,gri,rpm,2.0,4.6,-0.1,5.0,,,16.281,0.03,15.357999999999999,0.11,,,15.845,0.03,15.056,0.09,14.989,0.092,,,13.954,0.023,13.497,0.028999999999999998,13.439,0.033,5104.0,153.0,122.0,4.5680000000000005,0.04,0.816,-0.14,0.2,0.36,0.78,1.413,0.068,0.8290000000000001,0.079,0.066,1.745,0.305,1.6130000000000002,766.3,1379.0,85.84,0.035,0.01,0.008,,,
9314,9314,9314,212219800,08 54 35.736,+24 56 09.87,1,17.983,,,,08543573+2456098,,STAR,J,col,,,,,,,,,,,,,,,,,,,,,16.45,0.132,15.684000000000001,0.196,14.834000000000001,0.113,3731.0,431.0,369.0,4.989,0.12,0.168,-0.204,0.25,0.3,0.27699999999999997,0.14400000000000002,0.095,0.289,0.20600000000000002,0.129,11.15,11.35,6.347,549.6,414.3,236.2,0.032,0.008,0.008,,,
9315,9315,9315,212219821,08 47 13.148,+24 56 13.15,1,18.233,,,,08471314+2456131,,STAR,JHK,col,,,,,,,,,,,,,,,,,,,,,15.478,0.057999999999999996,14.692,0.07200000000000001,14.335999999999999,0.077,3970.0,275.0,331.0,4.85,0.147,0.105,-0.172,0.2,0.28,0.40700000000000003,0.107,0.151,0.465,0.11900000000000001,0.19,5.836,7.813,2.1959999999999997,575.9,222.7,256.2,0.032,0.01,0.006999999999999999,,,
9316,9316,9316,212219831,08 39 57.625,+24 56 15.18,1,11.097999999999999,,1942-1702-1,575-043514,08395762+2456150,,STAR,gri,rpm,3.3,2.7,1.8,2.8,,,12.015999999999998,0.207,11.045,0.10099999999999999,,,11.607000000000001,0.03,10.799000000000001,0.02,10.88,0.72,,,9.373,0.02,8.85,0.016,8.736,0.018000000000000002,4824.0,77.0,58.0,2.452,0.434,0.084,-0.307,0.21,0.15,10.748,0.674,3.725,1.161,0.385,0.14800000000000002,0.000935,0.003,0.000185,1112.0,74.08,337.1,0.033,0.008,0.006999999999999999,,,
9317,9317,9317,212219848,08 41 46.333,+24 56 17.97,1,17.46,,,,08414633+2456179,,STAR,J,rpm,4.0,3.0,10.0,2.0,,,,,,,,,,,,,,,,,15.967,0.081,15.262,0.08800000000000001,14.652000000000001,0.09,3722.0,329.0,247.0,4.962,0.09,0.126,-0.11,0.18,0.24,0.306,0.11699999999999999,0.085,0.325,0.17,0.121,9.786,6.8329999999999975,4.603,498.4,257.7,169.9,0.032,0.01,0.006999999999999999,,,
9318,9318,9318,212219867,08 41 18.768,+24 56 20.95,1,18.812,,,,08411876+2456209,,STAR,JHK,col,,,,,,,,,,,,,,,,,,,,,16.504,0.10099999999999999,15.819,0.12,15.628,0.19,3969.0,499.0,428.0,4.876,0.174,0.174,-0.254,0.25,0.35,0.373,0.165,0.132,0.408,0.17800000000000002,0.17800000000000002,7.171,7.985,3.778,786.8,534.1,364.3,0.033,0.008,0.006999999999999999,,,
9319,9319,9319,212219868,08 53 52.881,+24 56 21.05,1,14.08,,,575-044034,08535288+2456210,4518-301-2-0040-0068,STAR,gri,rpm,-40.0,3.1,-17.2,3.4,,,16.0,0.04,14.622,0.040999999999999995,,,15.437999999999999,0.044000000000000004,14.062000000000001,0.046,13.498,0.066,,,12.062000000000001,0.023,11.402999999999999,0.025,11.234000000000002,0.018000000000000002,3961.0,79.0,63.0,4.8469999999999995,0.045,0.045,-0.07400000000000001,0.1,0.1,0.428,0.047,0.043,0.48200000000000004,0.055,0.045,5.943,1.285,1.056,125.9,16.67,17.45,0.019,0.006,0.003,,,
9320,9320,9320,212219881,08 47 05.951,+24 56 22.58,1,15.147,,,575-043769,08470596+2456227,,STAR,gri,col,,,,,,,16.121,0.11,15.300999999999998,0.06,,,15.728,0.01,15.073,0.09,14.898,0.09,,,13.955,0.023,13.47,0.026000000000000002,13.408,0.036000000000000004,5106.0,122.0,122.0,4.585,0.045,0.9990000000000001,-0.35,0.3,0.42,0.75,1.9040000000000001,0.08800000000000001,0.78,0.10800000000000001,0.09,1.869,0.43,1.8119999999999998,725.5,1776.0,87.77,0.033,0.01,0.006999999999999999,,,
9321,9321,9321,212219926,08 47 46.676,+24 56 28.21,1,17.301,,,,08474667+2456282,4508-301-4-0133-0263,EXTENDED,gri,,4.0,3.0,1.0,3.0,,,,,,,20.239,0.066,18.265,0.006999999999999999,17.314,0.005,16.887999999999998,0.005,16.534000000000002,0.011000000000000001,15.497,0.054000000000000006,14.844000000000001,0.063,14.39,0.066,,,,,,,,,,,,,,,,,,,,,,,,,,,
9322,9322,9322,212219935,08 52 27.370,+24 56 28.76,1,15.07,,,575-043979,08522736+2456291,4508-301-3-0139-0236,STAR,JHK,rpm,-67.5,5.9,-28.6,6.1,,,,,,,,,,,,,,,,,12.932,0.024,12.395999999999999,0.035,12.107999999999999,0.024,3467.0,165.0,165.0,5.034,0.078,0.052000000000000005,0.009000000000000001,0.15,0.12,0.231,0.059000000000000004,0.054000000000000006,0.22899999999999998,0.063,0.076,15.98,9.112,4.402,86.07,24.91,27.29,0.013999999999999999,0.005,0.003,,,
9323,9323,9323,212219993,08 55 26.083,+24 56 36.77,1,13.673,,,575-044085,08552609+2456367,,STAR,gri,rpm,3.0,2.1,-4.8,2.4,,,14.745,0.02,13.895,0.035,,,14.274000000000001,0.035,13.637,0.044000000000000004,13.415,0.066,,,12.372,0.023,11.885,0.024,11.796,0.022000000000000002,5088.0,100.0,100.0,3.14,0.54,0.8640000000000001,-0.845,0.48,0.4,3.985,6.311,1.633,0.897,0.134,0.095,0.011000000000000001,0.079,0.01,1908.0,2821.0,866.2,0.033,0.01,0.008,,,
9324,9324,9324,212220004,08 53 24.236,+24 56 38.36,1,12.300999999999998,,,575-044016,08532423+2456382,,STAR,gri,rpm,1.9,1.3,-18.2,1.6,,,13.495,0.042,12.55,0.031,,,13.0,0.031,12.274000000000001,0.04,12.001,0.061,,,10.925,0.022000000000000002,10.454,0.021,10.357999999999999,0.018000000000000002,5041.0,80.0,80.0,3.57,0.9179999999999999,0.51,-0.27699999999999997,0.25,0.4,2.612,1.585,1.851,0.983,0.233,0.14,0.036000000000000004,1.295,0.028999999999999998,653.7,324.9,458.8,0.033,0.006,0.012,,,
9325,9325,9325,212220047,08 52 19.927,+24 56 44.42,1,12.828,,,575-043975,08521992+2456444,,STAR,gri,rpm,-3.5,1.4,-24.6,1.7,,,13.632,0.043,12.968,0.031,,,13.258,0.032,12.799000000000001,0.040999999999999995,12.644,0.062,,,11.76,0.024,11.452,0.033,11.379000000000001,0.019,5871.0,142.0,142.0,4.3610000000000015,0.095,0.247,-0.24,0.25,0.25,1.09,0.387,0.154,0.983,0.09,0.10800000000000001,0.753,0.32299999999999995,0.433,454.0,157.8,77.24,0.031,0.008,0.006,,,
9326,9326,9326,212220077,08 53 40.229,+24 56 49.08,1,14.49,,,575-044029,08534023+2456489,4518-301-2-0040-0050,STAR,gri,rpm,-16.0,3.1,-11.3,3.4,,,15.924000000000001,0.03,14.831,0.043,,,15.373,0.043,14.460999999999999,0.049,14.112,0.073,,,13.040999999999999,0.023,12.456,0.024,12.370999999999999,0.02,4690.0,93.0,75.0,4.648,0.036000000000000004,0.03,-0.125,0.2,0.24,0.6679999999999999,0.044000000000000004,0.05,0.732,0.047,0.065,2.383,0.462,0.28300000000000003,382.3,34.0,42.99,0.03,0.006,0.005,,,
9327,9327,9327,212220088,08 56 09.112,+24 56 50.46,1,15.118,,,575-044107,08560910+2456504,4508-301-2-0144-0114,STAR,gri,rpm,0.5,3.0,-5.7,3.3,,,16.449,0.06,15.505999999999998,0.054000000000000006,,,15.918,0.05,15.023,0.055999999999999994,14.775,0.086,,,13.457,0.027000000000000003,12.88,0.026000000000000002,12.74,0.026000000000000002,4709.0,113.0,113.0,4.64,0.048,0.04,-0.14,0.2,0.28,0.6829999999999999,0.061,0.07400000000000001,0.75,0.05,0.08,2.279,0.486,0.33899999999999997,473.6,56.57,59.97,0.033,0.008,0.006999999999999999,,,
9328,9328,9328,212220131,08 47 36.463,+24 56 56.60,1,13.946,,,575-043803,08473645+2456566,,STAR,gri,rpm,46.5,2.6,-9.8,2.9,,,14.427999999999999,0.03,13.67,0.07,,,14.077,0.03,13.435,0.08,13.89,0.85,,,12.317,0.022000000000000002,11.9,0.021,11.797,0.02,5261.0,162.0,129.0,4.56,0.08,0.05,-0.302,0.25,0.5,0.759,0.098,0.126,0.777,0.099,0.099,1.68,0.76,0.315,368.5,49.75,75.11,0.028999999999999998,0.006,0.005,,,
9329,9329,9329,212220151,08 44 17.916,+24 56 58.80,1,14.966,,,575-043665,08441791+2456587,,STAR,gri,rpm,-2.6,4.4,-4.6,5.0,,,16.141,0.03,15.24,0.05,,,15.655,0.03,14.935,0.02,14.67,0.09,,,13.599,0.021,13.093,0.021,13.012,0.027999999999999997,4980.0,99.0,59.0,3.1189999999999998,1.431,0.636,-0.546,0.36,0.3,4.439,6.643,4.0680000000000005,0.9470000000000001,0.083,0.187,0.011000000000000001,1.493,0.01,3515.0,4531.0,2990.0,0.034,0.006999999999999999,0.006999999999999999,,,
9330,9330,9330,212220156,08 42 56.077,+24 56 59.44,1,14.589,,,575-043604,08425607+2456594,,STAR,gri,rpm,15.6,4.6,-23.3,5.1,,,15.571,0.02,14.61,0.05,,,15.12,0.01,14.225,0.03,14.360999999999999,0.73,,,12.802,0.022000000000000002,12.276,0.022000000000000002,12.161,0.022000000000000002,4755.0,77.0,57.0,4.631,0.032,0.02,-0.11599999999999999,0.15,0.27,0.6890000000000001,0.036000000000000004,0.054000000000000006,0.745,0.046,0.07400000000000001,2.276,0.361,0.23800000000000002,358.4,26.52,34.08,0.031,0.006999999999999999,0.008,,,
9331,9331,9331,212220163,08 47 58.009,+24 57 00.62,1,18.948,,,,08475800+2457006,4508-301-4-0133-0454,STAR,gri,rpm,-58.0,5.0,-7.0,5.0,,,,,,,24.057,0.6659999999999999,20.785999999999998,0.026000000000000002,19.45,0.013999999999999999,18.160999999999998,0.008,17.474,0.013999999999999999,16.125999999999998,0.075,15.567,0.10400000000000001,15.513,0.174,3283.0,32.0,32.0,5.117,0.02,0.02,0.154,0.12,0.1,0.182,0.006,0.006,0.158,0.006,0.006,26.1,2.19,1.5659999999999998,255.9,12.31,9.823,0.024,0.004,0.003,,,
9332,9332,9332,212220236,08 40 42.377,+24 57 09.29,1,12.612,,,575-043540,08404237+2457093,,STAR,gri,rpm,-9.0,2.6,-10.9,1.9,,,13.713,0.01,12.618,0.03,,,13.17,0.07,12.225,0.05,12.373,0.86,,,10.627,0.022000000000000002,10.102,0.013999999999999999,10.0,0.018000000000000002,4802.0,95.0,76.0,3.0989999999999998,0.42,0.56,-0.139,0.2,0.32,4.813,3.54,1.8119999999999998,1.1059999999999999,0.11199999999999999,0.223,0.009000000000000001,0.032,0.008,898.0,582.0,312.8,0.033,0.006,0.006999999999999999,,,
9333,9333,9333,212220258,08 40 47.101,+24 57 11.81,1,14.543,,,575-043545,08404709+2457120,,STAR,gri,rpm,-5.7,4.6,-28.2,5.0,,,15.552999999999999,0.03,14.495,0.04,,,15.054,0.03,14.079,0.01,14.324000000000002,0.85,,,12.532,0.022000000000000002,11.975999999999999,0.018000000000000002,11.841,0.02,4618.0,55.0,74.0,4.651,0.036000000000000004,0.02,-0.065,0.16,0.28,0.662,0.039,0.051,0.73,0.038,0.069,2.464,0.444,0.242,293.6,21.0,30.72,0.027999999999999997,0.009000000000000001,0.009000000000000001,,,
9334,9334,9334,212220272,08 44 30.992,+24 57 13.62,1,15.047,,,575-043676,08443098+2457136,,STAR,gri,rpm,-15.5,4.1,-45.4,4.8,,,17.149,0.17,15.634,0.05,,,16.456,0.02,15.033,0.04,14.444,0.86,,,12.202,0.019,11.55,0.018000000000000002,11.322000000000001,0.018000000000000002,3640.0,159.0,72.0,4.996,0.04,0.064,-0.028999999999999998,0.12,0.15,0.28,0.069,0.026000000000000002,0.29100000000000004,0.09699999999999999,0.031,12.48,3.16,4.005,76.13,28.48,7.966,0.013999999999999999,0.004,0.003,,,
9335,9335,9335,212220298,08 55 09.459,+24 57 16.40,1,17.428,,,,,4508-301-2-0142-0260,EXTENDED,gri,,0.0,3.0,-4.0,3.0,,,,,,,19.102999999999998,0.039,18.012999999999995,0.008,17.554000000000002,0.008,17.178,0.008,17.045,0.019,,,,,,,,,,,,,,,,,,,,,,,,,,,,,,,,,
9336,9336,9336,212220299,08 40 31.508,+24 57 16.51,1,13.107000000000001,,,575-043531,08403150+2457166,,STAR,gri,rpm,4.8,2.4,-5.1,4.0,,,13.993,0.01,12.982999999999999,0.03,,,13.46,0.03,12.652000000000001,0.02,12.956,0.88,,,11.2,0.022000000000000002,10.634,0.016,10.547,0.019,4791.0,76.0,76.0,2.5980000000000003,0.55,0.33,-0.473,0.24,0.3,8.09,3.306,3.52,0.988,0.19,0.08800000000000001,0.002,0.009000000000000001,0.001,2026.0,657.2,871.0,0.033,0.01,0.008,,,
9337,9337,9337,212220301,08 44 27.306,+24 57 16.86,1,15.602,,,575-043675,08442729+2457168,,STAR,gri,rpm,-6.1,4.3,-0.3,5.0,,,16.451,0.08,15.753,0.09,,,16.076,0.04,15.515,0.07,15.399000000000001,0.106,,,14.366,0.028999999999999998,13.921,0.028999999999999998,13.856,0.042,5335.0,159.0,159.0,4.547,0.045,0.81,-0.376,0.25,0.45,0.8029999999999999,1.35,0.07400000000000001,0.8370000000000001,0.069,0.083,1.584,0.392,1.4909999999999999,999.5,1596.0,120.9,0.034,0.008,0.006999999999999999,,,
9338,9338,9338,212220306,08 51 33.261,+24 57 17.34,1,14.064,,,575-043951,08513326+2457174,,STAR,gri,rpm,-14.2,2.4,-19.3,2.7,,,15.222999999999999,0.02,14.327,0.038,,,14.737,0.038,14.017000000000001,0.046,13.775,0.069,,,12.745999999999999,0.02,12.31,0.017,12.214,0.023,5178.0,127.0,105.0,4.569,0.025,0.055,-0.168,0.2,0.24,0.787,0.079,0.055,0.845,0.06,0.073,1.7109999999999999,0.22699999999999998,0.349,446.2,48.03,36.44,0.034,0.01,0.006999999999999999,,,
9339,9339,9339,212220439,08 41 11.780,+24 57 35.26,1,14.89,,,575-043557,08411178+2457352,,STAR,gri,rpm,-2.1,4.6,-1.6,5.0,,,15.989,0.03,15.144,0.05,,,15.538,0.04,14.874,0.01,14.612,0.083,,,13.522,0.021,13.05,0.021,12.937000000000001,0.026000000000000002,5132.0,81.0,122.0,3.655,0.9279999999999999,0.58,-0.535,0.35,0.35,2.414,2.05,1.7080000000000002,0.88,0.07200000000000001,0.10099999999999999,0.059000000000000004,1.949,0.051,1838.0,1430.0,1320.0,0.035,0.008,0.008,,,
9340,9340,9340,212220445,08 47 38.760,+24 57 35.55,1,15.16,,,575-043805,08473876+2457356,4508-301-4-0132-0285,STAR,gri,rpm,-7.7,4.3,-2.3,4.9,,,16.441,0.02,15.467,0.04,,,16.072,0.03,15.013,0.1,14.767999999999999,0.086,,,13.525,0.022000000000000002,12.991,0.025,12.872,0.023,4765.0,95.0,134.0,4.62,0.03,0.024,-0.025,0.15,0.21,0.706,0.038,0.05,0.775,0.040999999999999995,0.057999999999999996,2.129,0.315,0.23199999999999998,514.0,40.58,51.88,0.033,0.011000000000000001,0.009000000000000001,,,
9341,9341,9341,212220509,08 39 10.940,+24 57 44.56,1,8.976,,1942-1084-1,575-043481,08391094+2457446,,STAR,gri,rpm,-1.4,1.4,-18.0,1.3,,,9.711,0.027999999999999997,8.759,0.017,,,10.280999999999999,0.03,9.257,0.04,8.416,0.06,,,6.968,0.027000000000000003,6.495,0.023,6.367999999999999,0.023,4687.0,93.0,93.0,2.563,0.14400000000000002,0.12,0.086,0.08,0.12,11.157,0.716,1.056,1.689,0.379,0.271,0.001,0.000593,0.000344,386.3,23.08,28.76,0.031,0.009000000000000001,0.005,,,
9342,9342,9342,212220560,08 38 33.176,+24 57 51.08,1,16.418,,,,08383317+2457510,4469-301-2-0126-0234,EXTENDED,gri,,4.0,4.0,8.0,2.0,,,,,,,18.875,0.037000000000000005,17.241,0.006,16.452,0.004,16.066,0.004,15.78,0.01,15.564,0.067,14.954,0.077,14.755999999999998,0.102,,,,,,,,,,,,,,,,,,,,,,,,,,,
9343,9343,9343,212220572,08 51 33.759,+24 57 52.70,1,16.037,,,,08513375+2457527,4508-301-3-0138-0177,EXTENDED,gri,,-6.0,3.0,-4.0,3.0,,,,,,,19.009,0.035,16.965999999999998,0.004,16.067,0.004,15.639000000000001,0.003,15.312999999999999,0.006,14.649000000000001,0.04,13.992,0.04,13.685,0.049,,,,,,,,,,,,,,,,,,,,,,,,,,,
9344,9344,9344,212220577,08 41 17.471,+24 57 53.24,1,17.750999999999994,,,,08411747+2457532,,STAR,J,col,,,,,,,,,,,,,,,,,,,,,16.237000000000002,0.092,15.585999999999999,0.111,15.032,0.121,3716.0,401.0,286.0,4.981,0.115,0.161,-0.168,0.2,0.32,0.276,0.141,0.09300000000000001,0.293,0.21,0.131,12.11,11.77,6.749,543.1,385.6,225.5,0.031,0.01,0.006999999999999999,,,
9345,9345,9345,212220637,08 51 41.238,+24 58 01.61,1,9.923,,1943-1280-1,575-043957,08514124+2458021,,STAR,gri,rpm,-26.2,2.7,12.5,2.6,,,10.902999999999999,0.05,10.413,0.042,,,10.409,0.03,9.925,0.04,9.714,0.06,,,8.942,0.018000000000000002,8.699,0.016,8.636000000000001,0.016,5984.0,120.0,120.0,4.085,0.3,0.25,0.06,0.12,0.15,1.579,0.693,0.48200000000000004,1.189,0.263,0.11,0.251,0.528,0.153,181.9,80.4,55.75,0.023,0.008,0.006999999999999999,,,
9346,9346,9346,212220644,08 51 41.226,+24 58 02.66,1,9.923,,1943-1280-2,575-043957,08514124+2458021,,STAR,gri,rpm,-26.2,2.7,12.5,2.6,,,11.687000000000001,0.085,11.155,0.083,,,10.409,0.03,9.925,0.04,9.714,0.06,,,8.942,0.018000000000000002,8.699,0.016,8.636000000000001,0.016,5984.0,120.0,120.0,4.085,0.3,0.25,0.06,0.12,0.15,1.579,0.693,0.48200000000000004,1.189,0.263,0.11,0.251,0.528,0.153,181.9,80.4,55.75,0.023,0.008,0.006999999999999999,,,
9347,9347,9347,212220655,08 47 28.149,+24 58 04.21,1,10.605,,1943-2157-1,575-043793,08472815+2458043,,STAR,gri,rpm,3.4,2.4,1.4,2.4,,,11.808,0.146,10.585999999999999,0.06,,,11.210999999999999,0.03,10.129,0.11,10.344000000000001,0.86,,,8.381,0.019,7.723,0.018000000000000002,7.556,0.021,4366.0,86.0,86.0,1.953,0.24,0.28800000000000003,-0.161,0.2,0.28,18.847,6.907,4.3180000000000005,1.202,0.264,0.22,0.000153,0.000244,8.4e-05,1128.0,298.7,236.2,0.034,0.01,0.008,,,
9348,9348,9348,212220720,08 47 57.629,+24 58 13.89,1,17.429000000000002,,,,08475762+2458138,4508-301-4-0133-0342,STAR,gri,rpm,2.0,3.0,-237.0,3.0,,,,,,,22.009,0.163,19.160999999999998,0.01,17.524,0.006,16.687,0.006,16.206,0.008,14.967,0.035,14.449000000000002,0.044000000000000004,14.193,0.051,3526.0,180.0,360.0,5.159,0.04,0.08800000000000001,-0.391,0.3,0.36,0.16899999999999998,0.051,0.019,0.154,0.066,0.024,29.83,6.87,10.92,93.03,67.45,26.87,0.015,0.006,0.005,,,
9349,9349,9349,212220734,08 47 54.141,+24 58 15.81,1,17.278,,,,08475414+2458158,4508-301-4-0133-0335,EXTENDED,gri,,1.0,3.0,-2.0,3.0,,,,,,,18.687,0.024,17.792,0.006,17.439,0.006,17.058,0.006,17.01,0.016,16.159000000000002,0.087,15.489,0.098,15.168,0.131,,,,,,,,,,,,,,,,,,,,,,,,,,,
9350,9350,9350,212220742,08 52 45.361,+24 58 16.82,1,12.058,,,575-043993,08524535+2458168,,STAR,gri,lam,2.6,1.8,-31.7,3.6,,,12.966,0.040999999999999995,12.229000000000001,0.03,,,12.581,0.031,12.030999999999999,0.04,11.833,0.06,,,10.902000000000001,0.024,10.542,0.032,10.468,0.021,5535.0,167.0,167.0,4.508,0.048,0.04,-0.161,0.12,0.15,0.862,0.064,0.071,0.907,0.064,0.077,1.365,0.29100000000000004,0.203,230.8,24.03,25.86,0.026000000000000002,0.006999999999999999,0.006,,,
9351,9351,9351,212220780,08 46 52.066,+24 58 22.81,1,17.485,,,,08465206+2458228,,STAR,J,col,,,,,,,,,,,,,,,,,,,,,15.99,0.076,15.228,0.079,14.607000000000001,0.092,3595.0,349.0,419.0,5.007,0.14,0.14,-0.128,0.2,0.24,0.249,0.135,0.10099999999999999,0.24600000000000002,0.187,0.11699999999999999,14.97,16.66,7.885,357.0,272.0,176.1,0.028999999999999998,0.009000000000000001,0.009000000000000001,,,
9352,9352,9352,212220789,08 53 13.524,+24 58 23.88,1,17.921,,,,08531352+2458238,,STAR,J,,,,,,,,,,,,,,,,,,,,,,16.393,0.147,,,,,,,,,,,,,,,,,,,,,,,,,,,,,,,
9353,9353,9353,212220790,08 51 33.535,+24 58 23.98,1,16.227,,,,08513353+2458239,4508-301-3-0138-0178,EXTENDED,gri,,3.0,3.0,-1.0,3.0,,,,,,,17.799,0.021,16.699,0.005,16.238,0.004,16.025,0.005,15.890999999999998,0.012,15.895999999999999,0.079,15.429,0.11,,,,,,,,,,,,,,,,,,,,,,,,,,,,,
9354,9354,9354,212220801,08 48 01.239,+24 58 25.55,1,13.235,,,575-043824,08480124+2458255,,STAR,gri,rpm,-3.1,2.6,-0.8,2.8,,,14.023,0.03,13.011,0.07,,,13.567,0.03,12.699000000000002,0.08,13.093,0.87,,,11.324000000000002,0.019,10.798,0.018000000000000002,10.681,0.018000000000000002,4814.0,95.0,76.0,2.8,0.42,0.504,-0.308,0.25,0.3,6.5489999999999995,4.644,2.717,1.093,0.17,0.17,0.004,0.012,0.003,1658.0,994.1,621.5,0.034,0.011000000000000001,0.006999999999999999,,,
9355,9355,9355,212220855,08 38 58.114,+24 58 33.73,1,12.530999999999999,,,575-043470,08385811+2458336,,STAR,BV,rpm,-20.8,4.1,-26.4,3.5,,,13.542,0.07,12.722000000000001,0.12,,,13.042,0.031,,,,,,,11.677,0.021,11.337,0.021,11.264000000000001,0.018000000000000002,5720.0,203.0,203.0,4.441,0.055,0.132,-0.161,0.16,0.4,0.9540000000000001,0.16699999999999998,0.08800000000000001,0.9259999999999999,0.068,0.049,1.0190000000000001,0.27,0.382,371.2,81.29,41.58,0.031,0.006999999999999999,0.006,,,
9356,9356,9356,212220857,08 46 02.654,+24 58 34.09,1,14.978,,,575-043731,08460267+2458342,4518-301-4-0030-0022,STAR,gri,col,,,,,,,15.228,0.03,14.675999999999998,0.04,,,14.950999999999999,0.03,14.517000000000001,0.06,14.989,0.83,,,13.562999999999999,0.023,13.245,0.025,13.162,0.027999999999999997,5896.0,178.0,142.0,4.377,0.09,0.252,-0.335,0.25,0.35,1.0290000000000001,0.379,0.149,0.9309999999999999,0.114,0.095,0.848,0.364,0.513,996.6,397.6,169.6,0.034,0.01,0.006999999999999999,,,
9357,9357,9357,212220882,08 47 16.364,+24 58 38.76,1,17.732,,,,08471636+2458387,,STAR,J,col,,,,,,,,,,,,,,,,,,,,,16.219,0.09,15.317,0.099,14.937000000000001,0.11900000000000001,3959.0,346.0,346.0,4.8660000000000005,0.161,0.115,-0.20800000000000002,0.2,0.28,0.39,0.114,0.14400000000000002,0.43799999999999994,0.127,0.203,6.608,8.531,2.6719999999999997,802.8,352.3,354.3,0.032,0.01,0.006999999999999999,,,
9358,9358,9358,212220895,08 54 38.111,+24 58 41.26,1,11.302999999999999,,,575-044054,08543811+2458413,,STAR,gri,rpm,-7.5,0.6,-38.1,0.9,,,12.321,0.04,11.495999999999999,0.03,,,11.915,0.03,11.258,0.04,11.04,0.06,,,10.107999999999999,0.023,9.656,0.021,9.605,0.018000000000000002,5179.0,104.0,104.0,3.678,0.8909999999999999,0.405,-0.419,0.35,0.49,2.267,1.148,1.547,0.898,0.124,0.062,0.086,1.571,0.069,375.6,169.8,253.0,0.025,0.01,0.006999999999999999,,,
9359,9359,9359,212220913,08 54 05.988,+24 58 43.58,1,11.839,,,575-044038,08540598+2458436,,STAR,gri,rpm,4.2,1.1,-9.3,1.1,,,12.62,0.040999999999999995,11.97,0.03,,,12.270999999999999,0.03,11.8,0.04,11.654000000000002,0.06,,,10.829,0.025,10.530999999999999,0.025,10.459000000000001,0.018000000000000002,5910.0,117.0,117.0,4.2330000000000005,0.18600000000000005,0.3720000000000001,0.003,0.12,0.15,1.297,0.687,0.265,1.107,0.225,0.10400000000000001,0.4920000000000001,0.41100000000000003,0.36,355.1,197.4,80.73,0.033,0.008,0.008,,,
9360,9360,9360,212220917,08 38 58.214,+24 58 43.70,1,12.530999999999999,,,575-043471,08385821+2458436,,STAR,BV,rpm,-16.1,3.1,-47.2,7.5,,,13.542,0.07,12.722000000000001,0.12,,,13.042,0.031,,,,,,,11.960999999999999,0.021,11.468,0.022000000000000002,11.370999999999999,0.02,5004.0,100.0,120.0,4.607,0.035,0.035,-0.21600000000000005,0.25,0.3,0.7140000000000001,0.062,0.057,0.7659999999999999,0.061,0.073,2.037,0.32899999999999996,0.28300000000000003,269.6,26.69,28.88,0.027999999999999997,0.008,0.008,,,
9361,9361,9361,212220930,08 47 43.201,+24 58 45.90,1,12.155,,,575-043807,08474320+2458459,,STAR,gri,rpm,3.2,2.6,-8.8,1.1,,,12.828,0.04,11.915,0.07,,,12.417,0.03,11.628,0.08,12.043,0.86,,,10.384,0.021,9.96,0.019,9.844,0.017,5095.0,125.0,125.0,3.355,0.345,0.966,-0.419,0.35,0.42,3.8080000000000003,5.9620000000000015,1.53,1.038,0.313,0.157,0.02,0.045,0.019,696.3,993.4,230.9,0.033,0.01,0.008,,,
9362,9362,9362,212220950,08 55 44.473,+24 58 49.05,1,14.164000000000001,,,575-044095,08554447+2458491,,STAR,JHK,rpm,-5.8,3.3,-28.2,3.6,,,,,,,,,,,,,,,,,12.789000000000001,0.025,12.368,0.025,12.251,0.026000000000000002,5294.0,192.0,192.0,4.556,0.035,0.063,-0.233,0.25,0.35,0.792,0.08900000000000001,0.061,0.826,0.067,0.067,1.6480000000000001,0.244,0.363,468.7,78.43,43.2,0.032,0.008,0.006,,,
9363,9363,9363,212221060,08 44 35.320,+24 59 07.63,1,14.030999999999999,,,575-043680,08443530+2459076,,STAR,gri,col,,,,,,,14.997,0.04,14.055,0.04,,,14.552,0.02,13.674000000000001,0.03,13.808,0.69,,,12.265999999999998,0.019,11.699000000000002,0.016,11.607000000000001,0.02,4739.0,75.0,75.0,4.62,0.045,1.791,-0.185,0.2,0.32,0.715,6.632999999999999,0.08199999999999999,0.7659999999999999,0.23199999999999998,0.083,2.127,0.46,2.123,291.1,2345.0,34.63,0.028999999999999998,0.011000000000000001,0.006,,,
9364,9364,9364,212221073,08 51 29.797,+24 59 09.53,1,14.972999999999999,,,575-043949,08512981+2459099,,STAR,JHK,col,,,,,,,,,,,,,,,,,,,,,12.758,0.019,12.138,0.016,11.911,0.018000000000000002,3695.0,144.0,144.0,4.963,0.07,0.07,-0.037000000000000005,0.15,0.24,0.31,0.071,0.068,0.32,0.106,0.08900000000000001,10.76,4.974,3.4019999999999997,108.5,34.85,26.38,0.017,0.006,0.005,,,
9365,9365,9365,212221077,08 39 23.170,+24 59 10.33,1,18.275,,,,08392316+2459103,4469-301-2-0127-0405,STAR,gri,rpm,-29.0,4.0,-10.0,4.0,,,,,,,23.127,0.469,20.625999999999998,0.026000000000000002,18.959,0.011000000000000001,17.267,0.006,16.283,0.006999999999999999,14.815999999999999,0.035,14.216,0.037000000000000005,13.844000000000001,0.046,3225.0,58.0,137.0,5.195,0.02,0.021,-0.39,0.4,0.25,0.153,0.004,0.006999999999999999,0.133,0.004,0.006,37.13,2.655,2.478,112.1,7.468,6.029,0.016,0.002,0.006,,,
9366,9366,9366,212221106,08 53 15.450,+24 59 15.12,1,16.326,,,,08531545+2459151,4508-301-3-0140-0286,EXTENDED,gri,,4.0,4.0,10.0,3.0,,,,,,,18.884,0.034,17.187,0.005,16.37,0.004,15.957,0.004,15.625,0.008,15.222999999999999,0.065,14.677,0.09699999999999999,14.110999999999999,0.076,,,,,,,,,,,,,,,,,,,,,,,,,,,
9367,9367,9367,212221177,08 47 55.774,+24 59 24.28,1,17.169,,,,08475577+2459242,4508-301-4-0133-0358,EXTENDED,gri,,4.0,3.0,-1.0,3.0,,,,,,,20.023,0.064,18.115,0.006999999999999999,17.171,0.005,16.762999999999998,0.005,16.437,0.011000000000000001,15.695,0.061,15.001,0.07200000000000001,14.536,0.07200000000000001,,,,,,,,,,,,,,,,,,,,,,,,,,,
9368,9368,9368,212221180,08 39 19.486,+24 59 24.44,1,12.133,,,575-043489,08391948+2459244,,STAR,gri,rpm,0.1,1.1,-10.1,1.2,,,13.142999999999999,0.03,12.149000000000001,0.02,,,12.639000000000001,0.03,11.819,0.01,11.915999999999999,0.71,,,10.419,0.022000000000000002,9.911,0.021,9.817,0.019,4858.0,59.0,78.0,3.055,0.345,0.621,-0.254,0.2,0.2,4.992,4.7780000000000005,1.554,1.155,0.171,0.171,0.006999999999999999,0.016,0.006,898.9,698.1,271.3,0.035,0.01,0.008,,,
9369,9369,9369,212221202,08 51 28.530,+24 59 27.10,1,10.882,,1943-904-1,575-043947,08512852+2459271,,STAR,gri,rpm,10.6,2.5,-7.5,2.5,,,12.22,0.20600000000000002,11.088,0.081,,,11.735,0.03,10.862,0.04,10.517000000000001,0.06,,,9.263,0.018000000000000002,8.696,0.016,8.566,0.016,4701.0,56.0,75.0,2.472,0.312,0.14400000000000002,-0.228,0.16,0.28,10.737,1.058,3.363,1.163,0.203,0.16899999999999998,0.000987,0.002,0.000335,1036.0,108.4,292.4,0.035,0.01,0.008,,,
9370,9370,9370,212221208,08 40 04.881,+24 59 28.13,1,16.223,,,,08400488+2459281,,STAR,J,col,,,,,,,,,,,,,,,,,,,,,14.817,0.04,14.136,0.04,13.708,0.047,3498.0,180.0,1009.0,5.07,0.187,0.102,-0.057,0.15,0.33,0.212,0.075,0.096,0.19399999999999998,0.11,0.11,18.49,37.87,7.349,181.1,102.2,126.2,0.021,0.01,0.013999999999999999,,,
9371,9371,9371,212221235,08 47 43.612,+24 59 30.81,1,14.509,,,575-043808,08474361+2459308,4508-301-4-0133-0013,STAR,gri,rpm,32.7,4.7,3.7,5.1,,,15.493,0.02,14.626,0.07,,,15.081,0.02,14.363,0.06,14.263,0.076,,,13.149000000000001,0.022000000000000002,12.728,0.023,12.642000000000001,0.025,5240.0,125.0,104.0,4.563,0.042,0.03,-0.184,0.2,0.28,0.777,0.05,0.065,0.8109999999999999,0.059000000000000004,0.07,1.6909999999999998,0.32799999999999996,0.201,543.0,42.87,62.17,0.034,0.006,0.006999999999999999,,,
9372,9372,9372,212221281,08 39 39.431,+24 59 39.26,1,15.690999999999999,,,,08393943+2459392,4469-301-2-0128-0136,EXTENDED,gri,,-4.0,3.0,3.0,3.0,,,,,,,17.695999999999994,0.019,16.445,0.004,15.758,0.003,15.368,0.003,15.100999999999999,0.006999999999999999,14.950999999999999,0.049,14.434000000000001,0.06,14.079,0.067,,,,,,,,,,,,,,,,,,,,,,,,,,,
9373,9373,9373,212221301,08 55 25.884,+24 59 41.87,1,12.07,,,575-044084,08552589+2459418,,STAR,gri,rpm,-2.1,1.4,-9.6,1.6,,,13.462,0.042,12.387,0.031,,,12.919,0.031,12.040999999999999,0.04,11.706,0.06,,,10.514000000000001,0.023,9.926,0.021,9.806000000000001,0.018000000000000002,4664.0,73.0,55.0,2.463,0.396,0.396,-0.318,0.2,0.4,9.441,4.268,2.9389999999999996,1.05,0.183,0.152,0.001,0.003,0.0007639999999999999,1717.0,695.1,494.8,0.035,0.01,0.008,,,
9374,9374,9374,212221366,08 52 26.334,+24 59 51.67,1,10.867,,1943-762-1,575-043978,08522634+2459517,,STAR,gri,rpm,-21.8,2.4,-1.1,2.4,,,11.667,0.091,11.044,0.084,,,11.62,0.03,10.843,0.04,10.545,0.06,,,9.408999999999999,0.023,8.911,0.032,8.756,0.018000000000000002,4896.0,78.0,78.0,2.9819999999999998,0.41,0.6559999999999999,-0.369,0.25,0.3,5.382999999999999,4.71,1.9469999999999998,1.036,0.242,0.135,0.006,0.016,0.005,575.2,553.6,197.8,0.033,0.01,0.008,,,
9375,9375,9375,212221397,08 41 53.166,+24 59 54.63,1,18.957,,,,08415316+2459546,4335-301-2-0132-0384,STAR,gri,,-36.0,4.0,-68.0,4.0,,,,,,,24.236,0.752,20.545,0.024,18.996,0.011000000000000001,18.276,0.009000000000000001,17.827,0.016,16.642,0.124,16.19,0.165,,,,,,,,,,,,,,,,,,,,,,,,,,,,,
9376,9376,9376,212221432,08 48 14.521,+24 59 59.56,1,14.732000000000001,,,575-043829,08481452+2459595,4508-301-4-0133-0212,STAR,gri,rpm,3.0,4.5,-6.3,5.0,,,15.8,0.05,14.915,0.05,,,15.392999999999999,0.02,14.593,0.07,14.449000000000002,0.079,,,13.355,0.022000000000000002,12.898,0.019,12.786,0.026000000000000002,5062.0,123.0,102.0,4.5680000000000005,0.04,0.904,-0.1,0.16,0.32,0.7829999999999999,1.734,0.067,0.845,0.10099999999999999,0.07200000000000001,1.715,0.34700000000000003,1.646,575.2,1275.0,54.22,0.034,0.008,0.006999999999999999,,,
9377,9377,9377,212221477,08 45 58.876,+25 00 04.70,1,17.317999999999998,,,,08455887+2500046,4518-301-4-0030-0020,EXTENDED,gri,,10.0,3.0,-6.0,3.0,,,,,,,20.094,0.121,18.346,0.011000000000000001,17.373,0.006999999999999999,16.877,0.006,16.6,0.018000000000000002,16.066,0.086,15.282,0.087,14.716,0.099,,,,,,,,,,,,,,,,,,,,,,,,,,,
9378,9378,9378,212221489,08 53 00.838,+25 00 05.71,1,14.269,,,576-044811,08530084+2500058,,STAR,gri,rpm,-2.7,3.2,-7.2,3.5,,,15.345,0.02,14.49,0.039,,,14.872,0.039,14.255999999999998,0.047,14.01,0.07200000000000001,,,13.05,0.023,12.645999999999999,0.02,12.544,0.024,5363.0,128.0,128.0,4.515,0.054000000000000006,0.8640000000000001,-0.22,0.25,0.5,0.858,1.662,0.084,0.8859999999999999,0.078,0.078,1.37,0.315,1.3030000000000002,595.3,1075.0,72.01,0.034,0.01,0.008,,,
9379,9379,9379,212221492,08 47 56.890,+25 00 06.07,1,14.5,,,576-044625,08475689+2500061,,STAR,gri,rpm,-24.7,4.7,-0.9,5.1,,,15.347000000000001,0.02,14.311,0.08,,,14.915999999999999,0.01,13.905,0.07,14.321,0.9,,,12.520999999999999,0.022000000000000002,12.002,0.021,11.895999999999999,0.021,4758.0,115.0,115.0,4.627,0.03,0.03,-0.025,0.16,0.24,0.6970000000000001,0.046,0.052000000000000005,0.764,0.046,0.055999999999999994,2.168,0.321,0.28,316.3,31.32,28.49,0.03,0.008,0.006999999999999999,,,
9380,9380,9380,212221504,08 42 25.542,+25 00 08.06,1,15.409,,,576-044431,08422554+2500082,4517-301-5-0134-0255,STAR,JHK,rpm,-28.2,5.1,-22.9,5.2,,,,,,,,,,,,,,,,,13.082,0.023,12.464,0.022000000000000002,12.2,0.02,3607.0,86.0,86.0,4.9910000000000005,0.048,0.04,0.016,0.1,0.16,0.28,0.040999999999999995,0.042,0.28800000000000003,0.06,0.06,12.7,4.551,2.495,110.7,22.7,18.84,0.017,0.006,0.004,,,
9381,9381,9381,212221526,08 43 34.242,+25 00 10.56,1,17.262,,,,08433424+2500105,4469-301-1-0133-0174,EXTENDED,gri,,8.0,3.0,0.0,3.0,,,,,,,20.116,0.085,18.206,0.009000000000000001,17.311,0.006,16.858,0.006,16.544,0.015,16.247,0.092,15.52,0.098,14.904000000000002,0.105,,,,,,,,,,,,,,,,,,,,,,,,,,,
9382,9382,9382,212221545,08 47 39.789,+25 00 13.06,1,12.8,,1946-1353-1,576-044619,08473982+2500131,,STAR,gri,rpm,-80.5,2.7,-28.3,2.7,,,13.777999999999999,0.542,11.975999999999999,0.19699999999999998,,,12.84,0.03,12.267000000000001,0.08,12.783,0.87,,,11.28,0.021,10.943,0.021,10.878,0.018000000000000002,5639.0,224.0,269.0,4.503,0.065,0.091,-0.551,0.42,0.35,0.823,0.135,0.098,0.799,0.111,0.079,1.3619999999999999,0.509,0.42200000000000004,238.4,109.4,74.98,0.026000000000000002,0.008,0.006999999999999999,,,
9383,9383,9383,212221551,08 39 26.366,+25 00 14.00,1,14.279000000000002,,,576-044324,08392635+2500140,4469-301-2-0127-0220,STAR,gri,rpm,9.2,2.8,-23.3,3.2,,,14.985,0.03,14.214,0.02,,,14.545,0.04,13.948,0.03,14.164000000000001,0.76,,,12.797,0.023,12.356,0.023,12.282,0.022000000000000002,5342.0,105.0,105.0,4.5489999999999995,0.035,0.861,-0.33299999999999996,0.25,0.45,0.8079999999999999,1.419,0.066,0.8490000000000001,0.054000000000000006,0.075,1.5719999999999998,0.254,1.493,490.4,818.6,52.53,0.032,0.008,0.006999999999999999,,,
9384,9384,9384,212221558,08 47 41.228,+25 00 14.92,1,17.939,,,,08474122+2500149,4518-301-4-0032-0079,EXTENDED,gri,,2.0,3.0,-3.0,3.0,,,,,,,20.618000000000002,0.121,18.881,0.012,18.007,0.009000000000000001,17.535,0.008,17.305,0.021,16.658,0.129,15.890999999999998,0.135,15.545,0.177,,,,,,,,,,,,,,,,,,,,,,,,,,,
9385,9385,9385,212221562,08 55 40.551,+25 00 15.31,1,17.67,,,,08554055+2500153,4508-301-2-0143-0229,EXTENDED,gri,,-8.0,3.0,-2.0,3.0,,,,,,,19.713,0.063,18.375999999999998,0.01,17.724,0.008,17.368,0.008,17.099,0.02,16.795,0.18,15.895999999999999,0.19,,,,,,,,,,,,,,,,,,,,,,,,,,,,,
9386,9386,9386,212221569,08 43 35.552,+25 00 16.24,1,18.592,,,,08433555+2500162,,STAR,JHK,col,,,,,,,,,,,,,,,,,,,,,16.102999999999998,0.08,15.293,0.084,15.050999999999998,0.11900000000000001,4055.0,278.0,334.0,4.849,0.147,0.126,-0.20800000000000002,0.2,0.28,0.418,0.107,0.141,0.483,0.11800000000000001,0.18899999999999997,5.664,6.388999999999999,2.131,817.9,324.2,338.5,0.032,0.01,0.006999999999999999,,,
9387,9387,9387,212221574,08 38 08.480,+25 00 16.62,1,11.853,,,576-044257,08380848+2500166,,STAR,gri,rpm,-3.2,1.0,-10.3,1.0,,,12.775,0.02,12.023,0.03,,,12.373,0.03,11.828,0.01,11.63,0.02,,,10.799000000000001,0.022000000000000002,10.492,0.021,10.437000000000001,0.018000000000000002,5683.0,91.0,91.0,4.435,0.055,0.605,0.02,0.12,0.21,0.998,0.982,0.084,1.023,0.081,0.040999999999999995,0.938,0.284,0.831,273.2,264.5,33.06,0.032,0.011000000000000001,0.006,,,
9388,9388,9388,212221580,08 45 39.701,+25 00 17.01,1,19.282,,,,08453970+2500170,,STAR,JHK,col,,,,,,,,,,,,,,,,,,,,,16.336,0.102,15.550999999999998,0.114,15.137,0.128,3888.0,428.0,357.0,4.923,0.14,0.168,-0.21899999999999997,0.24,0.32,0.34299999999999997,0.14800000000000002,0.136,0.3670000000000001,0.175,0.175,8.484,11.5,4.329,688.8,430.9,304.3,0.032,0.01,0.006999999999999999,,,
9389,9389,9389,212221582,08 52 07.590,+25 00 17.17,1,18.54,,,,08520759+2500171,4508-301-3-0138-0298,STAR,gri,,-2.0,3.0,2.0,3.0,,,,,,,19.185,0.023,18.616,0.008,18.515,0.009000000000000001,18.332,0.009000000000000001,18.062,0.019,16.762,0.18899999999999997,,,15.110999999999999,0.126,,,,,,,,,,,,,,,,,,,,,,,,,,,
9390,9390,9390,212221611,08 41 41.823,+25 00 21.52,1,15.15,,,576-044406,08414181+2500213,4335-301-2-0132-0008,STAR,gri,rpm,2.0,4.5,-2.1,5.0,,,15.942,0.04,15.030999999999999,0.04,,,15.495,0.03,14.742,0.03,15.002,0.84,,,13.342,0.023,12.852,0.024,12.773,0.025,5019.0,100.0,100.0,4.548,0.066,1.419,-0.235,0.25,0.35,0.8059999999999999,3.536,0.11,0.877,0.168,0.126,1.545,0.52,1.534,617.4,2471.0,116.9,0.032,0.008,0.006999999999999999,,,
9391,9391,9391,212221629,08 43 15.767,+25 00 23.35,1,12.790999999999999,,,576-044457,08431576+2500234,,STAR,gri,rpm,-1.4,1.8,5.9,2.2,,,13.702,0.02,12.77,0.03,,,13.237,0.02,12.448,0.02,12.6,0.7,,,11.152000000000001,0.022000000000000002,10.69,0.019,10.588,0.018000000000000002,4939.0,59.0,59.0,3.3510000000000004,0.265,0.9009999999999999,-0.248,0.25,0.25,3.861,6.224,1.2309999999999999,1.1640000000000001,0.196,0.235,0.019,0.039,0.018000000000000002,977.5,1269.0,267.7,0.033,0.008,0.008,,,
9392,9392,9392,212221637,08 41 27.645,+25 00 24.35,1,15.06,,,576-044395,08412762+2500244,4335-301-2-0131-0204,STAR,gri,rpm,2.4,7.1,41.9,6.9,,,15.56,0.03,15.102,0.05,,,15.280999999999999,0.02,14.985999999999999,0.03,15.445,0.84,,,14.122,0.024,13.863,0.028999999999999998,13.798,0.040999999999999995,6370.0,129.0,155.0,4.377,0.036000000000000004,0.096,-1.709,0.55,0.44,0.9329999999999999,0.132,0.04,0.7659999999999999,0.042,0.024,0.929,0.10099999999999999,0.289,1209.0,191.9,52.28,0.031,0.01,0.008,,,
9393,9393,9393,212221671,08 40 04.285,+25 00 28.94,1,15.94,,,,08400428+2500289,,STAR,J,col,,,,,,,,,,,,,,,,,,,,,14.555,0.040999999999999995,13.870999999999999,0.039,13.494000000000002,0.043,3534.0,216.0,607.0,5.032,0.18,0.1,-0.069,0.16,0.2,0.23600000000000002,0.092,0.09699999999999999,0.23399999999999999,0.124,0.124,15.45,21.95,6.559,184.4,95.37,104.3,0.023,0.009000000000000001,0.013000000000000001,,,
9394,9394,9394,212221684,08 40 27.637,+25 00 30.10,1,11.274000000000001,,1945-2246-1,576-044360,08402763+2500302,,STAR,gri,rpm,-5.3,2.5,-10.3,2.6,,,11.512,0.09300000000000001,10.959000000000001,0.08800000000000001,,,11.235,0.06,10.821,0.02,11.290999999999999,0.85,,,9.969,0.022000000000000002,9.725,0.016,9.675,0.018000000000000002,6196.0,148.0,148.0,4.059,0.245,0.245,-0.033,0.15,0.18,1.6380000000000001,0.794,0.45899999999999996,1.2690000000000001,0.25,0.16699999999999998,0.221,0.33399999999999996,0.133,327.9,157.6,91.45,0.028999999999999998,0.008,0.006999999999999999,,,
9395,9395,9395,212221705,08 41 32.745,+25 00 33.22,1,15.367,,,576-044397,08413273+2500331,4335-301-2-0131-0214,STAR,gri,rpm,1.4,4.3,-6.0,4.9,,,16.33,0.08,15.319,0.06,,,15.808,0.03,14.998,0.01,15.177999999999999,0.74,,,13.597000000000001,0.022000000000000002,13.054,0.022000000000000002,12.968,0.027000000000000003,4871.0,77.0,77.0,4.6080000000000005,0.03,1.338,-0.18,0.16,0.28,0.718,2.7060000000000004,0.051,0.782,0.157,0.071,2.035,0.275,2.011,568.5,2255.0,50.02,0.032,0.008,0.008,,,
9396,9396,9396,212221710,08 40 05.419,+25 00 34.40,1,15.427999999999999,,,,08400541+2500344,4469-301-2-0128-0238,EXTENDED,gri,,1.0,3.0,-4.0,3.0,,,,,,,18.407,0.036000000000000004,16.409000000000002,0.004,15.462,0.003,15.007,0.003,14.700999999999999,0.006,14.824000000000002,0.045,14.159,0.047,13.775,0.055999999999999994,,,,,,,,,,,,,,,,,,,,,,,,,,,
9397,9397,9397,212221729,08 54 14.842,+25 00 36.84,1,11.686,,,576-044847,08541483+2500369,,STAR,gri,lam,1.6,1.6,-97.5,1.7,,,12.985,0.040999999999999995,11.96,0.03,,,12.502,0.031,11.615,0.04,11.335999999999999,0.06,,,10.245999999999999,0.023,9.78,0.025,9.644,0.018000000000000002,4687.0,140.0,140.0,4.6160000000000005,0.03,0.03,0.132,0.1,0.1,0.7140000000000001,0.039,0.044000000000000004,0.78,0.039,0.039,2.113,0.258,0.23,113.1,10.63,9.714,0.017,0.004,0.004,,,
9398,9398,9398,212221768,08 42 06.272,+25 00 43.46,1,9.687999999999999,,1945-1890-1,576-044419,08420630+2500438,,STAR,gri,,-54.8,1.7,-26.5,1.6,,,10.394,0.04,9.862,0.035,,,10.169,0.03,9.381,0.04,9.481,0.86,,,8.249,0.021,,,,,,,,,,,,,,,,,,,,,,,,,,,,,,,
9399,9399,9399,212221774,08 47 24.679,+25 00 44.45,1,12.104000000000001,,,576-044610,08472469+2500445,,STAR,gri,lam,-43.4,0.7,-11.3,0.8,,,12.522,0.02,11.785,0.06,,,12.177,0.03,11.567,0.07,12.072000000000001,0.87,,,10.575,0.019,10.19,0.021,10.145,0.018000000000000002,5588.0,134.0,134.0,4.498,0.035,0.055999999999999994,-0.102,0.1,0.12,0.9,0.083,0.064,0.9329999999999999,0.054000000000000006,0.064,1.26,0.187,0.25,207.0,25.48,19.08,0.026000000000000002,0.008,0.006999999999999999,,,
9400,9400,9400,212221788,08 42 06.463,+25 00 46.22,1,10.035,,1945-1890-2,576-044420,,,STAR,BV,,,,,,,,10.827,0.057999999999999996,10.166,0.044000000000000004,,,,,,,,,,,,,,,,,,,,,,,,,,,,,,,,,,,,,,,,,,,
9401,9401,9401,212221813,08 46 05.547,+25 00 49.90,1,16.305,,,,08460554+2500498,4518-301-4-0030-0162,EXTENDED,gri,,-3.0,3.0,9.0,3.0,,,,,,,18.49,0.038,17.082,0.005,16.382,0.005,15.972000000000001,0.004,15.7,0.011000000000000001,15.460999999999999,0.06,14.99,0.075,14.376,0.073,,,,,,,,,,,,,,,,,,,,,,,,,,,
9402,9402,9402,212221817,08 39 35.047,+25 00 50.49,1,17.25,,,,08393504+2500504,,STAR,J,,,,,,,,,,,,,,,,,,,,,,15.770999999999999,0.069,,,,,,,,,,,,,,,,,,,,,,,,,,,,,,,
9403,9403,9403,212221839,08 40 04.740,+25 00 53.87,1,15.735999999999999,,,,08400473+2500538,,STAR,J,col,,,,,,,,,,,,,,,,,,,,,14.366,0.04,13.655,0.039,13.309000000000001,0.043,3656.0,364.0,364.0,4.971,0.168,0.14,-0.071,0.16,0.24,0.302,0.145,0.127,0.314,0.18899999999999997,0.157,11.0,14.9,5.6110000000000015,221.6,146.2,112.6,0.025,0.01,0.012,,,
9404,9404,9404,212221913,08 42 45.878,+25 01 04.22,1,12.3,,,576-044443,08424588+2501042,,STAR,gri,rpm,0.0,1.2,-2.7,1.8,,,13.232999999999999,0.01,12.273,0.03,,,12.744000000000002,0.02,11.982000000000001,0.01,12.109000000000002,0.71,,,10.599,0.021,10.085,0.019,9.996,0.019,4913.0,58.0,78.0,2.5660000000000003,0.64,0.24,-0.48100000000000004,0.25,0.25,8.272,2.7230000000000003,4.211,1.043,0.18100000000000002,0.099,0.001,0.012,0.000775,1599.0,474.2,798.9,0.033,0.011000000000000001,0.006999999999999999,,,
9405,9405,9405,212221936,08 46 18.560,+25 01 07.23,1,17.425,,,,08461855+2501072,4518-301-4-0030-0191,EXTENDED,gri,,2.0,3.0,1.0,3.0,,,,,,,19.824,0.094,18.299,0.011000000000000001,17.479,0.008,17.051,0.006999999999999999,16.704,0.02,16.312,0.092,15.587,0.099,15.212,0.13699999999999998,,,,,,,,,,,,,,,,,,,,,,,,,,,
9406,9406,9406,212221956,08 38 20.139,+25 01 10.45,1,12.970999999999998,,,576-044273,08382014+2501104,,STAR,gri,rpm,-2.5,2.0,-14.8,2.4,,,13.975,0.03,13.19,0.03,,,13.559000000000001,0.03,12.96,0.01,12.719000000000001,0.02,,,11.808,0.022000000000000002,11.421,0.022000000000000002,11.339,0.019,5387.0,86.0,129.0,3.847,0.7,0.196,-0.27,0.25,0.55,1.976,0.45299999999999996,1.1840000000000002,0.9209999999999999,0.193,0.064,0.12300000000000001,1.506,0.051,767.9,158.7,458.2,0.03,0.01,0.006999999999999999,,,
9407,9407,9407,212221986,08 55 30.249,+25 01 13.90,1,15.093,,,576-044898,08553025+2501138,4518-301-2-0042-0278,STAR,JHK,rpm,-28.5,3.1,7.1,3.7,,,,,,,,,,,,,,,,,12.709000000000001,0.022000000000000002,12.029000000000002,0.023,11.807,0.022000000000000002,4015.0,165.0,118.0,4.824,0.054000000000000006,0.045,-0.064,0.15,0.18,0.45899999999999996,0.052000000000000005,0.054000000000000006,0.517,0.053,0.063,5.0710000000000015,1.3430000000000002,0.9009999999999999,182.4,29.94,25.72,0.024,0.006,0.005,,,
9408,9408,9408,212222056,08 47 01.221,+25 01 25.52,1,10.286,,1946-1137-1,576-044596,08470121+2501254,,STAR,gri,rpm,-0.5,2.5,-4.0,2.6,,,11.537,0.1,10.429,0.05,,,11.045,0.03,9.916,0.11,9.961,0.86,,,7.85,0.021,7.1339999999999995,0.02,6.968999999999999,0.02,4228.0,67.0,84.0,1.65,0.195,0.273,-0.228,0.25,0.3,26.906999999999996,6.734,5.386,1.196,0.26899999999999996,0.192,5.8399999999999997e-05,5.68e-05,3.26e-05,1193.0,307.6,244.5,0.035,0.008,0.008,,,
9409,9409,9409,212222071,08 45 53.713,+25 01 27.68,1,15.329,,,576-044547,08455371+2501278,4508-301-5-0130-0352,STAR,JHK,col,,,,,,,,,,,,,,,,,,,,,13.335999999999999,0.023,12.769,0.022000000000000002,12.555,0.02,3646.0,144.0,172.0,4.999,0.096,0.06,-0.1,0.2,0.24,0.272,0.059000000000000004,0.073,0.271,0.084,0.10099999999999999,13.31,9.396,4.393,124.4,34.03,39.92,0.018000000000000002,0.006,0.006,,,
9410,9410,9410,212222084,08 54 47.068,+25 01 29.62,1,15.255,,,576-044862,08544707+2501297,4518-301-2-0041-0123,STAR,gri,rpm,2.6,3.2,-6.1,3.5,,,16.352999999999998,0.05,15.488,0.053,,,15.864,0.049,15.193,0.057999999999999996,14.994000000000002,0.092,,,13.884,0.031,13.332,0.036000000000000004,13.235,0.033,5021.0,119.0,119.0,4.556,0.07200000000000001,1.7519999999999998,-0.478,0.35,0.49,0.7979999999999999,5.547999999999999,0.11599999999999999,0.813,0.109,0.091,1.61,0.5720000000000001,1.6059999999999999,739.6,4648.0,120.2,0.033,0.01,0.006999999999999999,,,
9411,9411,9411,212222118,08 51 09.055,+25 01 34.51,1,9.933,,1946-1997-1,576-044742,08510906+2501345,,STAR,gri,lam,-15.9,1.9,-26.5,1.9,,,10.325,0.03,9.988,0.028999999999999998,,,10.365,0.03,9.972999999999999,0.04,9.748,0.06,,,9.036,0.018000000000000002,8.849,0.016,8.797,0.016,6581.0,158.0,158.0,4.145,0.095,0.133,-0.012,0.08,0.08,1.5919999999999999,0.365,0.193,1.368,0.11800000000000001,0.085,0.304,0.163,0.12,213.9,47.33,28.46,0.025,0.008,0.006,,,
9412,9412,9412,212222129,08 39 51.018,+25 01 36.31,1,17.692999999999994,,,,08395101+2501363,4469-301-2-0128-0190,EXTENDED,gri,,-4.0,3.0,-8.0,3.0,,,,,,,19.504,0.048,18.364,0.009000000000000001,17.773,0.008,17.405,0.008,17.249000000000002,0.024,16.673,0.14300000000000002,15.959000000000001,0.16899999999999998,,,,,,,,,,,,,,,,,,,,,,,,,,,,,
9413,9413,9413,212222130,08 53 16.578,+25 01 36.57,1,11.052,,1946-2143-1,576-044825,08531657+2501366,,STAR,gri,rpm,-1.4,1.9,-4.1,2.0,,,11.329,0.08199999999999999,10.956,0.08800000000000001,,,11.253,0.03,10.985,0.04,10.922,0.06,,,10.267999999999999,0.022000000000000002,10.065,0.021,10.013,0.018000000000000002,6545.0,156.0,156.0,4.007,0.22,0.264,-0.023,0.12,0.12,1.859,0.818,0.48700000000000004,1.4069999999999998,0.26899999999999996,0.168,0.209,0.259,0.13,443.5,193.4,115.5,0.031,0.008,0.006,,,
9414,9414,9414,212222138,08 52 46.506,+25 01 37.70,1,14.488,,,576-044805,08524651+2501377,4508-301-3-0139-0181,STAR,gri,rpm,-2.5,3.1,-4.4,3.5,,,15.642999999999999,0.03,14.790999999999999,0.043,,,15.18,0.042,14.488,0.049,14.190999999999999,0.075,,,13.13,0.024,12.684000000000001,0.035,12.552999999999999,0.024,5127.0,153.0,123.0,3.8339999999999996,0.7859999999999999,0.917,-0.34700000000000003,0.3,0.48,2.074,2.638,1.38,0.882,0.141,0.10099999999999999,0.085,1.705,0.079,1302.0,1584.0,851.6,0.034,0.01,0.008,,,
9415,9415,9415,212222147,08 43 41.849,+25 01 38.56,1,17.094,,,,08434184+2501385,4469-301-1-0133-0201,EXTENDED,gri,,3.0,3.0,1.0,3.0,,,,,,,19.059,0.027000000000000003,17.79,0.006,17.212,0.005,16.795,0.005,16.587,0.012,15.897,0.064,15.068,0.07200000000000001,14.667,0.083,,,,,,,,,,,,,,,,,,,,,,,,,,,
9416,9416,9416,212222174,08 39 48.269,+25 01 42.56,1,16.445,,,,08394826+2501425,4469-301-2-0128-0185,EXTENDED,gri,,3.0,3.0,0.0,3.0,,,,,,,18.956,0.036000000000000004,17.313,0.005,16.491,0.004,16.073,0.004,15.775,0.009000000000000001,15.398,0.06,14.695,0.068,14.239,0.076,,,,,,,,,,,,,,,,,,,,,,,,,,,
9417,9417,9417,212222201,08 40 28.792,+25 01 47.28,1,11.665999999999999,,,576-044364,08402877+2501475,,STAR,gri,rpm,81.9,1.1,-124.2,1.1,,,12.547,0.02,11.565999999999999,0.02,,,12.074000000000002,0.02,11.202,0.01,11.49,0.87,,,9.807,0.022000000000000002,9.277999999999999,0.016,9.193,0.018000000000000002,4771.0,57.0,57.0,4.633,0.025,0.035,-0.16699999999999998,0.25,0.25,0.685,0.057999999999999996,0.047,0.738,0.06,0.05,2.267,0.27699999999999997,0.33799999999999997,92.51,2.775,10.59,0.015,0.004,0.004,,,
9418,9418,9418,212222217,08 55 25.519,+25 01 49.53,1,12.525,,,576-044892,08552553+2501495,,STAR,gri,rpm,-15.5,1.6,-22.6,2.0,,,13.637,0.043,12.793,0.031,,,13.174000000000001,0.031,12.512,0.040999999999999995,12.247,0.061,,,11.203,0.023,10.690999999999999,0.021,10.62,0.02,5030.0,81.0,60.0,3.307,1.298,0.295,-0.578,0.2,0.28,3.443,1.31,2.7560000000000002,0.8859999999999999,0.063,0.177,0.021,2.046,0.013000000000000001,857.4,411.9,666.8,0.027000000000000003,0.011000000000000001,0.009000000000000001,,,
9419,9419,9419,212222269,08 39 18.725,+25 01 57.22,1,16.08,,,,08391872+2501572,4469-301-2-0127-0329,EXTENDED,gri,,-1.0,4.0,4.0,4.0,,,,,,,18.441,0.025,16.926,0.005,16.203,0.004,15.717,0.004,15.449000000000002,0.006999999999999999,14.843,0.047,14.157,0.053,13.675999999999998,0.05,,,,,,,,,,,,,,,,,,,,,,,,,,,
9420,9420,9420,212222272,08 41 16.131,+25 01 57.49,1,11.097999999999999,,1945-1835-1,576-044390,08411613+2501574,,STAR,gri,rpm,-9.1,1.9,-0.8,1.9,,,11.189,0.069,10.722999999999999,0.069,,,11.044,0.07,10.632,0.02,11.120999999999999,0.85,,,9.815,0.018000000000000002,9.584,0.018000000000000002,9.511000000000001,0.017,6250.0,150.0,150.0,3.985,0.282,0.235,-0.001,0.12,0.15,1.79,0.768,0.537,1.3330000000000002,0.278,0.19899999999999998,0.177,0.335,0.10400000000000001,349.5,148.8,121.1,0.031,0.01,0.006999999999999999,,,
9421,9421,9421,212222282,08 46 20.344,+25 01 59.71,1,12.431,,,576-044568,08462034+2501597,,STAR,gri,lam,-10.2,0.8,-14.4,1.6,,,12.815999999999999,0.02,12.109000000000002,0.05,,,12.456,0.03,11.917,0.05,12.421,0.86,,,10.968,0.021,10.674000000000001,0.019,10.612,0.019,5735.0,137.0,137.0,4.427,0.042,0.07,0.094,0.1,0.14,1.015,0.115,0.059000000000000004,1.0270000000000001,0.063,0.053,0.9590000000000001,0.17300000000000001,0.21100000000000002,285.9,45.4,20.31,0.027999999999999997,0.01,0.006999999999999999,,,
9422,9422,9422,212222297,08 50 55.349,+25 02 02.46,1,12.074000000000002,,,576-044735,08505535+2502024,,STAR,gri,lam,-3.7,1.3,-1.9,1.5,,,13.379000000000001,0.042,12.347999999999999,0.031,,,12.850999999999999,0.031,12.067,0.04,11.742,0.06,,,10.533,0.018000000000000002,10.01,0.016,9.89,0.016,4800.0,146.0,117.0,2.424,0.1,0.05,-0.4370000000000001,0.15,0.12,10.491,0.622,1.354,1.03,0.154,0.07,0.0008990000000000002,0.000389,0.00011599999999999999,1818.0,175.4,219.9,0.034,0.01,0.006999999999999999,,,
9423,9423,9423,212222299,08 53 49.193,+25 02 03.21,1,13.671,,,576-044834,08534920+2502030,4518-301-2-0040-0090,STAR,gri,rpm,-1.8,3.3,-18.5,3.5,,,15.325,0.02,14.092,0.036000000000000004,,,14.769,0.038,13.642000000000001,0.044000000000000004,13.200999999999999,0.064,,,11.842,0.022000000000000002,11.225999999999999,0.022000000000000002,11.077,0.022000000000000002,4309.0,128.0,102.0,4.727,0.049,0.035,-0.063,0.2,0.16,0.579,0.040999999999999995,0.069,0.648,0.048,0.08,3.321,0.8220000000000001,0.507,172.8,13.21,25.86,0.023,0.006999999999999999,0.003,,,
9424,9424,9424,212222300,08 53 50.296,+25 02 03.38,1,16.534000000000002,,,,08535029+2502033,4518-301-2-0040-0091,STAR,gri,rpm,-115.0,3.0,-45.0,3.0,,,,,,,21.171,0.121,18.584,0.008,17.149,0.005,15.655,0.004,14.844000000000001,0.005,13.427999999999999,0.023,12.847999999999999,0.031,12.617,0.023,3561.0,149.0,107.0,5.053999999999999,0.04,0.048,-0.11599999999999999,0.16,0.28,0.22699999999999998,0.034,0.025,0.217,0.05,0.031,17.82,4.102,3.923,103.4,37.49,24.09,0.017,0.006999999999999999,0.005,,,
9425,9425,9425,212222346,08 53 10.087,+25 02 12.09,1,13.18,,,576-044820,08531009+2502121,,STAR,gri,lam,-39.5,2.2,-16.0,2.7,,,14.468,0.048,13.466,0.033,,,13.974,0.034,13.132,0.042,12.839,0.063,,,11.724,0.022000000000000002,11.26,0.023,11.140999999999998,0.018000000000000002,4850.0,174.0,204.0,4.596,0.036000000000000004,0.03,0.083,0.1,0.1,0.7440000000000001,0.046,0.043,0.8109999999999999,0.05,0.042,1.923,0.26,0.22899999999999998,245.4,27.42,29.29,0.026000000000000002,0.006999999999999999,0.005,,,
9426,9426,9426,212222367,08 54 52.629,+25 02 15.24,1,9.27,,1946-1321-1,576-044866,08545263+2502152,,STAR,BV,rpm,-14.0,1.4,-15.3,1.3,,,10.009,0.036000000000000004,9.386000000000001,0.027000000000000003,,,,,,,,,,,8.568999999999999,0.019,8.299,0.021,8.212,0.018000000000000002,6127.0,182.0,182.0,4.0089999999999995,0.312,0.26,-0.024,0.12,0.24,1.7109999999999999,1.002,0.5579999999999999,1.236,0.321,0.17800000000000002,0.196,0.395,0.131,175.7,85.86,57.67,0.023,0.008,0.006,,,
9427,9427,9427,212222383,08 50 52.720,+25 02 17.21,1,10.323,,1946-1381-1,576-044731,08505273+2502172,,STAR,gri,rpm,-72.0,2.0,-7.9,2.0,,,11.004000000000001,0.051,10.415,0.040999999999999995,,,10.735,0.03,10.307,0.04,10.147,0.06,,,9.329,0.018000000000000002,9.065,0.016,9.007,0.016,6003.0,120.0,120.0,4.301,0.105,0.21,-0.14400000000000002,0.18,0.24,1.197,0.337,0.19399999999999998,1.058,0.065,0.11800000000000001,0.602,0.32,0.322,163.2,50.74,28.69,0.021,0.006999999999999999,0.005,,,
9428,9428,9428,212222400,08 47 31.742,+25 02 21.02,1,18.855,,,,08473174+2502210,,STAR,J,,,,,,,,,,,,,,,,,,,,,,17.256,0.196,16.312,0.185,,,,,,,,,,,,,,,,,,,,,,,,,,,,,
9429,9429,9429,212222405,08 44 51.388,+25 02 21.97,1,13.847999999999999,,,576-044511,08445139+2502220,,STAR,gri,rpm,-6.8,2.7,-3.0,3.1,,,14.769,0.03,13.815999999999999,0.04,,,14.286,0.02,13.524000000000001,0.03,13.66,0.7,,,12.164000000000001,0.022000000000000002,11.655999999999999,0.018000000000000002,11.56,0.02,4960.0,58.0,78.0,3.335,0.366,0.732,-0.324,0.25,0.35,3.4810000000000003,3.5610000000000004,1.034,1.016,0.201,0.151,0.021,0.052000000000000005,0.019,1455.0,1382.0,480.2,0.035,0.008,0.01,,,
9430,9430,9430,212222415,08 45 56.513,+25 02 23.35,1,15.181,,,576-044552,08455651+2502233,,STAR,gri,rpm,0.8,4.4,-5.3,5.0,,,15.913,0.04,14.991,0.06,,,15.484000000000002,0.03,14.703,0.03,15.050999999999998,0.8,,,13.43,0.023,12.952,0.022000000000000002,12.84,0.027000000000000003,4998.0,101.0,60.0,4.575,0.045,1.0170000000000001,-0.14,0.16,0.24,0.7709999999999999,2.0909999999999997,0.063,0.831,0.146,0.061,1.78,0.36,1.732,575.2,1508.0,54.22,0.035,0.008,0.006999999999999999,,,
9431,9431,9431,212222419,08 44 02.101,+25 02 23.82,1,18.282,,,,08440210+2502238,,STAR,JHK,rpm,6.0,2.0,6.0,1.0,,,,,,,,,,,,,,,,,15.857999999999999,0.065,15.084000000000001,0.076,14.83,0.096,4111.0,248.0,248.0,4.792,0.102,0.085,-0.185,0.2,0.24,0.465,0.08800000000000001,0.1,0.527,0.08900000000000001,0.124,4.8580000000000005,3.1489999999999996,1.692,830.3,236.9,215.9,0.033,0.01,0.006999999999999999,,,
9432,9432,9432,212222443,08 44 09.511,+25 02 26.70,1,18.673,,,,,4335-301-1-0135-0066,STAR,gri,,0.0,3.0,3.0,3.0,,,,,,,18.885,0.018000000000000002,18.83,0.009000000000000001,18.62,0.009000000000000001,18.72,0.011000000000000001,18.82,0.033,,,,,,,,,,,,,,,,,,,,,,,,,,,,,,,,,
9433,9433,9433,212222467,08 42 09.977,+25 02 29.69,1,10.898,42703.0,1945-1674-1,576-044423,08420999+2502296,,STAR,gri,plx,-113.73,3.42,1.47,2.17,23.04,2.8,12.445,0.317,11.073,0.102,,,11.684000000000001,0.02,10.467,0.03,10.561,0.86,,,8.634,0.02,7.994,0.024,7.8679999999999986,0.018000000000000002,4215.0,66.0,66.0,4.747,0.024,0.027999999999999997,0.057,0.1,0.12,0.5489999999999999,0.03,0.027999999999999997,0.622,0.025,0.03,3.733,0.36,0.391,43.4,5.275,5.275,0.005,0.002,0.001,,,
9434,9434,9434,212222486,08 38 18.992,+25 02 32.90,1,15.539000000000001,,,576-044269,08381898+2502324,,STAR,J,rpm,11.9,7.8,1.6,7.6,,,,,16.284000000000002,0.06,,,,,,,,,,,14.182,0.034,13.466,0.038,13.168,0.039,4021.0,198.0,238.0,4.824,0.084,0.07,-0.066,0.15,0.18,0.455,0.076,0.08800000000000001,0.507,0.08199999999999999,0.115,5.126,2.795,1.37,353.1,83.31,90.61,0.031,0.01,0.006999999999999999,,,
9435,9435,9435,212222492,08 39 15.948,+25 02 33.65,1,12.011,,,576-044316,08391594+2502336,,STAR,gri,rpm,2.5,1.1,-13.6,1.1,,,13.228,0.03,12.092,0.02,,,12.652999999999999,0.03,11.732000000000001,0.01,11.735999999999999,0.7,,,10.076,0.022000000000000002,9.454,0.021,9.316,0.018000000000000002,4591.0,72.0,54.0,2.4659999999999997,0.21600000000000005,0.504,-0.31,0.25,0.35,10.078,6.312,2.175,1.015,0.207,0.10400000000000001,0.000959,0.001,0.000763,1417.0,807.1,308.9,0.033,0.01,0.006999999999999999,,,
9436,9436,9436,212222525,08 52 08.275,+25 02 38.05,1,14.770999999999999,,,576-044772,08520826+2502381,4508-301-3-0139-0033,STAR,gri,rpm,-4.8,3.2,-1.5,3.5,,,15.972999999999999,0.04,15.073,0.046,,,15.478,0.045,14.708,0.052000000000000005,14.468,0.08,,,13.373,0.026000000000000002,12.879000000000001,0.033,12.825,0.033,5003.0,119.0,99.0,4.5569999999999995,0.055,1.419,-0.235,0.25,0.4,0.7979999999999999,3.642,0.09300000000000001,0.851,0.139,0.087,1.6130000000000002,0.465,1.6019999999999999,603.3,2563.0,108.8,0.033,0.008,0.006999999999999999,,,
9437,9437,9437,212222538,08 40 15.196,+25 02 40.27,1,16.723,,,,08401519+2502402,,STAR,J,col,,,,,,,,,,,,,,,,,,,,,15.28,0.059000000000000004,14.62,0.067,14.103,0.067,3530.0,243.0,291.0,5.021,0.126,0.105,-0.067,0.15,0.24,0.23800000000000002,0.098,0.081,0.228,0.146,0.091,15.32,15.67,6.803999999999999,250.7,142.1,104.4,0.027999999999999997,0.008,0.008,,,
9438,9438,9438,212222542,08 48 23.704,+25 02 40.52,1,14.904000000000002,,,576-044640,08482371+2502405,4508-301-4-0134-0015,STAR,gri,rpm,-8.5,4.6,-2.3,5.0,,,15.62,0.03,14.644,0.05,,,15.215,0.03,14.306,0.07,14.770999999999999,0.9,,,13.014000000000001,0.021,12.559000000000001,0.021,12.439,0.024,5005.0,101.0,101.0,4.577,0.035,0.917,-0.02,0.15,0.27,0.7809999999999999,1.891,0.062,0.836,0.122,0.061,1.767,0.285,1.703,484.3,1180.0,42.61,0.033,0.01,0.006,,,
9439,9439,9439,212222579,08 40 26.335,+25 02 46.23,1,10.952,,1945-2175-1,576-044359,08402634+2502462,,STAR,gri,rpm,-17.3,2.3,-21.0,2.3,,,11.044,0.064,10.482999999999999,0.055,,,10.99,0.03,10.460999999999999,0.04,10.936,0.86,,,9.664,0.022000000000000002,9.445,0.016,9.406,0.018000000000000002,6025.0,120.0,120.0,4.177,0.21,0.294,0.092,0.1,0.14,1.4080000000000001,0.759,0.332,1.206,0.221,0.11,0.359,0.41700000000000004,0.237,231.9,112.8,57.19,0.027999999999999997,0.008,0.006999999999999999,,,
9440,9440,9440,212222604,08 39 31.251,+25 02 48.63,1,13.913,,,576-044325,08393125+2502486,4469-301-2-0128-0007,STAR,gri,rpm,-12.5,2.5,-2.8,3.5,,,14.664000000000001,0.04,13.87,0.02,,,14.217,0.03,13.591,0.02,13.783,0.76,,,12.425,0.021,12.020999999999999,0.017,11.924000000000001,0.02,5346.0,149.0,106.0,4.504,0.07,0.784,-0.145,0.2,0.56,0.883,1.4869999999999999,0.105,0.905,0.09300000000000001,0.067,1.2409999999999999,0.414,1.167,463.9,709.9,70.87,0.032,0.006999999999999999,0.005,,,
9441,9441,9441,212222608,08 46 39.445,+25 02 49.31,1,11.06,,1946-1818-1,576-044582,08463946+2502493,,STAR,gri,lam,-21.6,2.3,-53.4,2.3,,,11.402000000000001,0.081,10.856,0.076,,,11.102,0.03,10.559000000000001,0.06,11.040999999999999,0.86,,,9.557,0.021,9.254,0.019,9.163,0.017,5773.0,138.0,172.0,4.438,0.05,0.09,0.005,0.1,0.12,0.9990000000000001,0.129,0.073,1.021,0.06,0.06,0.988,0.2,0.27899999999999997,150.4,24.04,15.12,0.021,0.006,0.005,,,
9442,9442,9442,212222622,08 39 34.793,+25 02 51.12,1,17.644000000000005,,,,08393479+2502511,4469-301-2-0128-0159,EXTENDED,gri,,-2.0,3.0,2.0,3.0,,,,,,,20.794,0.11699999999999999,18.775,0.011000000000000001,17.668,0.006999999999999999,17.159000000000002,0.006,16.784000000000002,0.013000000000000001,15.935,0.073,15.274000000000001,0.08900000000000001,14.743,0.09300000000000001,,,,,,,,,,,,,,,,,,,,,,,,,,,
9443,9443,9443,212222633,08 42 04.500,+25 02 52.23,1,13.02,,,576-044418,08420451+2502522,,STAR,gri,rpm,-112.1,2.3,-81.9,2.8,,,14.69,0.03,13.25,0.03,,,14.065999999999999,0.03,12.662,0.040999999999999995,12.572000000000001,0.87,,,10.491,0.022000000000000002,9.823,0.021,9.638,0.017,3835.0,157.0,221.0,4.907,0.11,0.066,-0.07200000000000001,0.12,0.27,0.366,0.07,0.1,0.402,0.096,0.129,7.9289999999999985,5.85,2.238,65.86,29.25,17.37,0.011000000000000001,0.006999999999999999,0.004,,,
9444,9444,9444,212222693,08 43 01.796,+25 03 02.89,1,14.106,,,576-044451,08430180+2503028,,STAR,gri,rpm,-5.2,3.1,5.7,3.4,,,15.025,0.04,14.095999999999998,0.03,,,14.581,0.02,13.775,0.02,13.902000000000001,0.66,,,12.424000000000001,0.019,11.968,0.019,11.882,0.022000000000000002,4983.0,80.0,80.0,3.783,0.8,0.48,-0.09,0.16,0.24,2.055,1.676,1.376,0.924,0.284,0.122,0.1,1.79,0.08,963.4,703.1,641.4,0.033,0.011000000000000001,0.006,,,
9445,9445,9445,212222755,08 40 52.683,+25 03 12.23,1,17.570999999999998,,,,08405268+2503122,,STAR,J,rpm,4.0,2.0,6.0,2.0,,,,,,,,,,,,,,,,,16.07,0.08199999999999999,15.325999999999999,0.08,14.943,0.11800000000000001,4071.0,314.0,314.0,4.824,0.132,0.11,-0.185,0.2,0.24,0.433,0.111,0.132,0.493,0.11800000000000001,0.166,5.664,5.303999999999999,2.131,826.0,322.1,305.1,0.033,0.01,0.006999999999999999,,,
9446,9446,9446,212222762,08 53 04.597,+25 03 13.45,1,9.715,,1946-1723-1,576-044814,08530458+2503135,,STAR,gri,rpm,3.9,1.5,-45.0,1.4,,,10.652000000000001,0.051,9.812000000000001,0.033,,,10.338,0.03,9.722999999999999,0.04,9.449,0.06,,,8.583,0.026000000000000002,8.264,0.021,8.162,0.02,5531.0,133.0,200.0,4.43,0.08,0.6559999999999999,-0.018000000000000002,0.2,0.32,0.997,1.2890000000000001,0.136,0.99,0.20800000000000002,0.069,0.9740000000000001,0.34,0.88,93.99,115.1,14.8,0.015,0.012,0.004,,,
9447,9447,9447,212222766,08 39 14.516,+25 03 14.05,1,17.673,,,,,4469-301-2-0127-0321,EXTENDED,gri,,1.0,3.0,-1.0,3.0,,,,,,,18.768,0.027999999999999997,17.875999999999994,0.006999999999999999,17.605,0.006999999999999999,17.469,0.009000000000000001,17.332,0.027000000000000003,,,,,,,,,,,,,,,,,,,,,,,,,,,,,,,,,
9448,9448,9448,212222817,08 38 27.997,+25 03 22.00,1,17.099,,,,08382799+2503220,4335-301-3-0128-0067,EXTENDED,gri,,8.0,3.0,5.0,3.0,,,,,,,19.68,0.057,17.914,0.006999999999999999,17.137,0.006,16.749000000000002,0.006,16.439,0.013000000000000001,16.213,0.10400000000000001,15.527000000000001,0.12,15.183,0.129,,,,,,,,,,,,,,,,,,,,,,,,,,,
9449,9449,9449,212222850,08 47 12.088,+25 03 26.82,1,17.084,,,,08471208+2503268,,STAR,J,rpm,4.0,3.0,12.0,3.0,,,,,,,,,,,,,,,,,15.616,0.062,14.878,0.07200000000000001,14.427999999999999,0.078,3847.0,334.0,278.0,4.888999999999999,0.115,0.115,-0.132,0.2,0.24,0.3720000000000001,0.115,0.11699999999999999,0.409,0.136,0.163,7.122000000000001,6.324,2.928,513.3,278.8,203.9,0.033,0.008,0.006999999999999999,,,
9450,9450,9450,212222868,08 42 56.325,+25 03 30.61,1,13.561,,,576-044449,08425633+2503306,,STAR,gri,rpm,-32.5,2.6,-16.0,2.9,,,14.700999999999999,0.02,13.645999999999999,0.02,,,14.225,0.02,13.228,0.01,13.276,0.73,,,11.699000000000002,0.021,11.099,0.019,11.002,0.017,4589.0,54.0,73.0,4.638999999999999,0.032,0.02,0.051,0.18,0.15,0.675,0.028999999999999998,0.043,0.735,0.037000000000000005,0.037000000000000005,2.355,0.324,0.182,208.5,14.91,19.22,0.025,0.003,0.005,,,
9451,9451,9451,212222875,08 44 15.437,+25 03 31.20,1,18.097,,,,08441543+2503311,3900-301-1-0060-0193,EXTENDED,gri,,-5.0,3.0,6.0,3.0,,,,,,,20.794,0.111,19.096,0.013999999999999999,18.102,0.009000000000000001,17.669,0.008,17.296,0.018000000000000002,16.561,0.106,15.892000000000001,0.129,15.265,0.126,,,,,,,,,,,,,,,,,,,,,,,,,,,
9452,9452,9452,212222937,08 40 10.931,+25 03 41.03,1,16.628,,,576-044350,08401093+2503403,,STAR,J,rpm,-10.5,18.6,18.4,18.7,,,,,,,,,,,,,,,,,15.192,0.054000000000000006,14.498,0.051,14.105,0.062,3712.0,336.0,210.0,4.965,0.09,0.126,-0.09699999999999999,0.18,0.24,0.313,0.121,0.087,0.325,0.168,0.12,9.902999999999999,8.794,4.658,339.2,217.0,114.6,0.03,0.008,0.006999999999999999,,,
9453,9453,9453,212222945,08 45 54.227,+25 03 42.29,1,12.337,,,576-044549,08455423+2503423,,STAR,gri,rpm,10.5,0.9,-38.1,1.1,,,12.747,0.01,12.047,0.05,,,12.397,0.03,11.837,0.04,12.311,0.86,,,10.825,0.021,10.463,0.019,10.4,0.019,5555.0,155.0,89.0,4.4639999999999995,0.066,0.528,-0.111,0.2,0.28,0.927,0.795,0.078,0.963,0.049,0.078,1.1420000000000001,0.263,0.9590000000000001,250.7,181.8,46.37,0.027999999999999997,0.004,0.008,,,
9454,9454,9454,212222958,08 38 28.053,+25 03 44.25,1,18.34,,,,,4335-301-3-0128-0065,EXTENDED,gri,,5.0,3.0,0.0,3.0,,,,,,,20.13,0.05,18.956,0.011000000000000001,18.33,0.009000000000000001,18.076,0.009000000000000001,17.832,0.022000000000000002,,,,,,,,,,,,,,,,,,,,,,,,,,,,,,,,,
9455,9455,9455,212222984,08 51 14.561,+25 03 47.68,1,12.145999999999999,,,576-044746,08511456+2503477,,STAR,gri,rpm,7.7,1.5,-7.5,1.8,,,13.592,0.043,12.464,0.031,,,13.027999999999999,0.031,12.119000000000002,0.04,11.767999999999999,0.06,,,10.446,0.018000000000000002,9.863,0.016,9.728,0.016,4651.0,75.0,75.0,2.502,0.37,0.37,-0.214,0.2,0.4,8.658999999999999,3.8569999999999998,2.6689999999999996,1.109,0.168,0.20199999999999999,0.001,0.003,0.000973,1492.0,615.3,435.6,0.034,0.01,0.006999999999999999,,,
9456,9456,9456,212223025,08 46 52.640,+25 03 54.35,1,17.588,,,,08465264+2503543,,STAR,J,col,,,,,,,,,,,,,,,,,,,,,16.086,0.084,15.356,0.095,14.806,0.094,3662.0,389.0,278.0,4.989,0.12,0.14400000000000002,-0.128,0.2,0.28,0.28,0.145,0.095,0.282,0.2,0.125,12.83,13.06,7.3039999999999985,438.2,311.2,182.0,0.032,0.01,0.008,,,
9457,9457,9457,212223036,08 53 00.064,+25 03 55.95,1,13.582,,,576-044810,08530006+2503559,,STAR,gri,rpm,30.2,2.2,-5.9,2.5,,,14.700999999999999,0.049,13.805,0.034,,,14.247,0.035,13.537,0.043,13.297,0.065,,,12.29,0.022000000000000002,11.808,0.023,11.690999999999999,0.02,5087.0,81.0,81.0,4.5889999999999995,0.036000000000000004,0.03,-0.19,0.25,0.25,0.7509999999999999,0.048,0.063,0.802,0.066,0.08,1.851,0.324,0.201,341.9,26.99,39.14,0.032,0.006999999999999999,0.006,,,
9458,9458,9458,212223048,08 39 08.381,+25 03 58.26,1,17.53,,,,,4469-301-2-0127-0304,EXTENDED,gri,,-6.0,3.0,5.0,3.0,,,,,,,18.577,0.033,17.697,0.008,17.474,0.01,17.328,0.013000000000000001,17.244,0.048,,,,,,,,,,,,,,,,,,,,,,,,,,,,,,,,,
9459,9459,9459,212223124,08 52 15.730,+25 04 08.51,1,15.03,,,576-044778,08521573+2504086,4508-301-3-0139-0060,STAR,gri,col,,,,,,,17.245,0.1,15.955,0.064,,,16.745,0.064,15.423,0.062,14.296,0.076,,,12.607999999999999,0.026000000000000002,11.998,0.036000000000000004,11.774000000000001,0.021,3493.0,102.0,102.0,5.035,0.05,0.06,0.069,0.12,0.12,0.233,0.057,0.034,0.223,0.07200000000000001,0.045,16.81,5.348,4.743,71.8,21.12,12.08,0.013000000000000001,0.004,0.005,,,
9460,9460,9460,212223131,08 53 50.004,+25 04 09.44,1,13.052,,,576-044837,08535001+2504093,,STAR,gri,rpm,-7.6,2.1,-27.5,2.4,,,14.815,0.051,13.499,0.033,,,14.229000000000001,0.035,13.001,0.042,12.547,0.062,,,11.227,0.022000000000000002,10.645,0.021,10.495,0.018000000000000002,4057.0,49.0,81.0,4.857,0.027000000000000003,0.02,-0.252,0.06,0.12,0.43,0.009000000000000001,0.023,0.48,0.01,0.016,6.091,0.759,0.365,92.06,2.762,12.65,0.013000000000000001,0.003,0.005,,,
9461,9461,9461,212223137,08 51 10.085,+25 04 10.51,1,11.887,,1946-2274-1,576-044744,08511008+2504106,,STAR,gri,rpm,-9.2,3.9,-8.0,3.9,,,13.52,0.4320000000000001,11.999,0.18100000000000002,,,12.58,0.031,11.874,0.04,11.59,0.06,,,10.431,0.018000000000000002,9.956,0.016,9.869,0.016,5012.0,80.0,80.0,3.003,0.475,0.665,-0.584,0.3,0.3,5.055,4.957,2.241,0.977,0.20600000000000002,0.086,0.006,0.034,0.006,917.1,841.7,392.3,0.033,0.008,0.006999999999999999,,,
9462,9462,9462,212223141,08 43 33.373,+25 04 11.07,1,11.63,,,576-044469,08433337+2504112,,STAR,gri,rpm,-24.9,0.9,-16.3,0.8,,,12.172,0.01,11.5,0.03,,,11.815999999999999,0.02,11.317,0.02,11.550999999999998,0.7,,,10.317,0.022000000000000002,9.945,0.019,9.897,0.018000000000000002,5707.0,88.0,154.0,4.421,0.084,0.63,-0.21899999999999997,0.25,0.4,0.992,1.122,0.114,0.966,0.105,0.105,0.9620000000000001,0.306,0.856,214.4,221.5,36.23,0.026000000000000002,0.008,0.006999999999999999,,,
9463,9463,9463,212223152,08 55 03.247,+25 04 13.45,1,14.863,,,576-044873,08550325+2504134,,STAR,gri,rpm,-4.9,3.1,-4.7,3.4,,,15.727,0.03,15.058,0.046,,,15.395,0.044000000000000004,14.857999999999999,0.053,14.635,0.083,,,13.76,0.026000000000000002,13.359000000000002,0.027000000000000003,13.258,0.035,5479.0,164.0,164.0,4.507,0.06,0.72,-0.263,0.2,0.44,0.8490000000000001,1.125,0.087,0.8809999999999999,0.07,0.084,1.331,0.4,1.226,828.0,1043.0,105.2,0.034,0.01,0.006999999999999999,,,
9464,9464,9464,212223153,08 42 52.677,+25 04 13.49,1,14.954,,,,,4517-301-5-0135-0209,EXTENDED,gri,,-26.0,3.0,4.0,3.0,,,,,,,17.004,0.032,15.511,0.005,14.96,0.004,14.715,0.004,14.567,0.011000000000000001,,,,,,,,,,,,,,,,,,,,,,,,,,,,,,,,,
9465,9465,9465,212223158,08 38 25.608,+25 04 14.11,1,17.307000000000002,,,,08382560+2504141,4335-301-3-0128-0267,EXTENDED,gri,,-6.0,3.0,3.0,3.0,,,,,,,19.562,0.066,18.055999999999997,0.01,17.343,0.008,16.986,0.008,16.76,0.022000000000000002,16.611,0.125,,,,,,,,,,,,,,,,,,,,,,,,,,,,,,,
9466,9466,9466,212223161,08 52 56.680,+25 04 14.84,1,17.327,,,,08525667+2504148,4508-301-3-0140-0252,EXTENDED,gri,,-2.0,3.0,2.0,3.0,,,,,,,20.712,0.114,18.497,0.01,17.326,0.006,16.826,0.005,16.412,0.011000000000000001,15.825999999999999,0.091,14.793,0.094,14.469000000000001,0.08800000000000001,,,,,,,,,,,,,,,,,,,,,,,,,,,
9467,9467,9467,212223190,08 40 53.199,+25 04 18.61,1,17.207,,,,08405319+2504186,,STAR,J,col,,,,,,,,,,,,,,,,,,,,,15.731,0.06,15.09,0.07400000000000001,14.354000000000001,0.07,3329.0,169.0,984.0,5.13,0.187,0.085,-0.023,0.15,0.21,0.16899999999999998,0.051,0.069,0.151,0.063,0.075,27.31,41.29,10.08,208.2,84.53,138.2,0.024,0.01,0.012,,,
9468,9468,9468,212223216,08 38 15.881,+25 04 20.99,1,14.497,,,576-044264,08381588+2504209,,STAR,JHK,rpm,-49.5,4.3,-1.1,4.8,,,,,,,,,,,,,,,,,12.275,0.022000000000000002,11.686,0.022000000000000002,11.425999999999998,0.019,3594.0,71.0,57.0,5.007,0.048,0.04,-0.005,0.09,0.15,0.27,0.033,0.04,0.27399999999999997,0.044000000000000004,0.053,13.6,4.083,2.6719999999999997,74.47,11.9,10.26,0.012,0.005,0.004,,,
9469,9469,9469,212223218,08 46 04.115,+25 04 21.39,1,13.75,,,576-044556,08460412+2504214,,STAR,gri,lam,-5.8,2.1,-16.3,2.5,,,14.110999999999999,0.03,13.43,0.05,,,13.773,0.03,13.235999999999999,0.04,13.74,0.9,,,12.228,0.021,11.882,0.021,11.815999999999999,0.02,5227.0,104.0,83.0,3.321,0.14,0.14,-1.011,0.12,0.12,3.2439999999999998,0.5670000000000001,0.483,0.884,0.018000000000000002,0.018000000000000002,0.023,0.015,0.009000000000000001,1467.0,221.2,227.5,0.033,0.008,0.008,,,
9470,9470,9470,212223247,08 44 46.149,+25 04 24.82,1,11.72,,1946-1157-1,576-044508,08444616+2504246,,STAR,gri,rpm,-9.0,3.0,-21.5,3.3,,,12.370999999999999,0.242,12.152999999999999,0.24600000000000002,,,12.136,0.02,11.376,0.03,11.542,0.71,,,10.08,0.018000000000000002,9.597999999999999,0.016,9.514,0.017,4968.0,80.0,60.0,3.302,0.335,0.737,-0.324,0.25,0.3,3.655,4.524,1.121,1.051,0.18899999999999997,0.157,0.021,0.046,0.019,562.8,616.3,160.7,0.032,0.01,0.008,,,
9471,9471,9471,212223261,08 53 15.155,+25 04 26.30,1,18.078,,,,08531515+2504263,,STAR,J,,,,,,,,,,,,,,,,,,,,,,16.535999999999998,0.153,15.703,0.18100000000000002,,,,,,,,,,,,,,,,,,,,,,,,,,,,,
9472,9472,9472,212223298,08 48 32.539,+25 04 31.67,1,9.571,,1946-1692-1,576-044648,08483254+2504317,,STAR,BV,lam,2.4,1.6,-2.5,1.4,,,9.636000000000001,0.023,9.503,0.023,,,,,,,,,,,9.229,0.022000000000000002,9.2,0.021,9.158,0.018000000000000002,8378.0,134.0,168.0,3.9739999999999998,0.126,0.09,-0.105,0.1,0.1,2.34,0.359,0.368,1.9809999999999999,0.168,0.14,0.14400000000000002,0.086,0.048,419.5,77.02,65.08,0.032,0.01,0.008,,,
9473,9473,9473,212223307,08 44 16.179,+25 04 32.66,1,10.962,,1945-2078-1,576-044490,08441618+2504326,,STAR,gri,rpm,-13.3,2.3,8.0,2.3,,,10.831,0.068,10.151,0.049,,,10.564,0.01,10.094,0.04,11.133,0.06,,,9.206,0.018000000000000002,8.941,0.021,8.872,0.017,5976.0,118.0,118.0,4.015,0.28800000000000003,0.21600000000000005,0.026000000000000002,0.12,0.15,1.8,0.606,0.601,1.253,0.23600000000000002,0.177,0.20199999999999999,0.385,0.111,231.1,84.24,71.94,0.027000000000000003,0.006999999999999999,0.006999999999999999,,,
9474,9474,9474,212223317,08 38 30.188,+25 04 34.17,1,10.86,,1945-2092-1,576-044286,08383017+2504341,,STAR,gri,rpm,8.7,1.9,-19.8,2.0,,,11.413,0.079,10.887,0.077,,,11.149000000000001,0.08,10.849,0.04,10.737,0.02,,,10.071,0.021,9.886000000000001,0.021,9.82,0.017,6462.0,156.0,195.0,4.1560000000000015,0.135,0.21600000000000005,-0.037000000000000005,0.12,0.15,1.541,0.521,0.256,1.298,0.16899999999999998,0.12,0.345,0.214,0.18600000000000005,328.9,100.9,57.22,0.03,0.008,0.006999999999999999,,,
9475,9475,9475,212223319,08 47 26.790,+25 04 34.30,1,18.089000000000002,,,,08472678+2504343,4518-301-4-0032-0200,EXTENDED,gri,,2.0,3.0,5.0,3.0,,,,,,,21.176,0.16899999999999998,19.236,0.013999999999999999,18.093,0.008,17.597,0.006999999999999999,17.207,0.018000000000000002,16.215999999999998,0.08800000000000001,15.488,0.10099999999999999,14.977,0.114,,,,,,,,,,,,,,,,,,,,,,,,,,,
9476,9476,9476,212223325,08 41 55.153,+25 04 34.74,1,16.128,,,,08415515+2504347,,STAR,JHK,col,,,,,,,,,,,,,,,,,,,,,14.013,0.027999999999999997,13.460999999999999,0.027999999999999997,13.196,0.032,3527.0,158.0,190.0,5.043,0.091,0.078,-0.06,0.16,0.2,0.23199999999999998,0.063,0.057999999999999996,0.22899999999999998,0.1,0.071,16.89,10.13,6.3329999999999975,144.3,52.16,44.65,0.02,0.006999999999999999,0.006,,,
9477,9477,9477,212223329,08 38 48.547,+25 04 35.64,1,15.333,,,,08384854+2504356,4335-301-3-0128-0160,EXTENDED,gri,,-2.0,3.0,3.0,3.0,,,,,,,17.952,0.017,16.16,0.003,15.356,0.003,14.978,0.003,14.673,0.005,14.184000000000001,0.039,13.513,0.046,13.195,0.04,,,,,,,,,,,,,,,,,,,,,,,,,,,
9478,9478,9478,212223354,08 52 23.477,+25 04 38.38,1,12.431,,,576-044782,08522347+2504383,,STAR,gri,lam,3.2,1.5,-9.3,1.9,,,13.681,0.043,12.665,0.031,,,13.164000000000001,0.031,12.374,0.040999999999999995,12.117,0.061,,,10.97,0.023,10.485,0.03,10.365,0.018000000000000002,4873.0,77.0,77.0,3.5069999999999997,0.12,0.14400000000000002,0.046,0.12,0.1,3.162,0.622,0.44,1.26,0.122,0.087,0.035,0.021,0.013000000000000001,764.7,113.3,116.8,0.032,0.01,0.008,,,
9479,9479,9479,212223366,08 41 09.900,+25 04 40.44,1,12.845,,,576-044385,08410990+2504404,,STAR,gri,rpm,-0.4,2.4,-11.1,2.1,,,13.607000000000001,0.02,12.693,0.02,,,13.14,0.02,12.411,0.01,12.719000000000001,0.82,,,11.117,0.018000000000000002,10.675999999999998,0.016,10.588,0.018000000000000002,5084.0,61.0,102.0,3.469,0.903,0.774,-0.248,0.25,0.35,2.847,3.123,1.909,1.035,0.21899999999999997,0.157,0.035,0.511,0.031,701.3,554.5,482.6,0.032,0.008,0.008,,,
9480,9480,9480,212223367,08 39 47.423,+25 04 40.56,1,10.561,,,576-044333,08394742+2504406,,STAR,gri,rpm,-42.3,0.8,-22.3,0.5,,,11.522,0.02,10.757,0.02,,,11.136,0.08,10.549000000000001,0.01,10.315,0.04,,,9.431000000000001,0.02,9.071,0.016,8.976,0.018000000000000002,5441.0,152.0,130.0,4.4830000000000005,0.065,0.728,-0.099,0.15,0.36,0.91,1.263,0.09,0.9540000000000001,0.109,0.068,1.192,0.361,1.0979999999999999,121.8,165.0,16.2,0.021,0.011000000000000001,0.006999999999999999,,,
9481,9481,9481,212223372,08 38 58.854,+25 04 40.99,1,11.738,,1945-2170-1,576-044303,08385885+2504409,,STAR,gri,rpm,3.7,2.9,-5.9,2.9,,,12.702,0.297,11.845999999999998,0.193,,,12.277999999999999,0.03,11.425999999999998,0.01,11.505999999999998,0.71,,,9.957,0.022000000000000002,9.47,0.022000000000000002,9.35,0.018000000000000002,4814.0,58.0,58.0,2.58,0.629,0.222,-0.22899999999999998,0.21,0.12,10.357000000000001,0.9259999999999999,5.767,1.22,0.273,0.171,0.001,0.012,0.000556,1393.0,137.2,725.5,0.033,0.01,0.006999999999999999,,,
9482,9482,9482,212223417,08 39 53.263,+25 04 48.36,1,13.923,,,576-044336,08395326+2504483,,STAR,gri,rpm,4.8,6.4,-0.6,4.3,,,15.117,0.02,13.998,0.02,,,14.534,0.03,13.64,0.02,13.661,0.69,,,12.048,0.02,11.405,0.016,11.295,0.019,4598.0,54.0,72.0,2.005,0.888,0.74,-0.66,0.35,0.77,14.023,16.94,7.6720000000000015,0.902,0.07,0.11599999999999999,0.000342,0.011000000000000001,0.000324,4357.0,5442.0,2420.0,0.03,0.006999999999999999,0.006,,,
9483,9483,9483,212223434,08 51 24.439,+25 04 50.77,1,17.785999999999994,,,,08512443+2504507,4518-301-3-0037-0113,STAR,gri,rpm,3.0,3.0,0.0,3.0,,,,,,,18.343,0.016,17.891,0.006,17.750999999999994,0.006,17.528,0.006,17.422,0.013999999999999999,16.63,0.14,15.991,0.18100000000000002,15.543,0.209,6424.0,177.0,126.0,3.838,0.396,1.188,-1.949,0.3,0.36,1.665,4.712,0.601,0.7979999999999999,0.016,0.022000000000000002,0.151,0.435,0.149,6974.0,17610.0,2392.0,0.031,0.006999999999999999,0.006999999999999999,,,
9484,9484,9484,212223447,08 43 15.962,+25 04 53.74,1,17.866,,,,08431596+2504537,,STAR,J,col,,,,,,,,,,,,,,,,,,,,,16.343,0.099,15.469000000000001,0.09,14.9,0.107,3730.0,409.0,409.0,4.979,0.14,0.168,-0.179,0.2,0.28,0.285,0.15,0.114,0.299,0.214,0.153,11.17,13.55,6.1229999999999976,549.3,392.2,261.6,0.032,0.01,0.008,,,
9485,9485,9485,212223470,08 39 49.245,+25 04 58.53,1,18.393,,,,08394924+2504585,,STAR,JHK,col,,,,,,,,,,,,,,,,,,,,,15.895999999999999,0.08,15.068,0.078,14.841,0.11,4085.0,276.0,332.0,4.828,0.133,0.095,-0.185,0.2,0.28,0.4370000000000001,0.098,0.134,0.51,0.107,0.172,5.1770000000000005,5.058,1.796,776.4,273.4,267.5,0.032,0.01,0.006999999999999999,,,
9486,9486,9486,212223486,08 51 27.240,+25 05 00.75,1,17.014,,,,08512723+2505007,,STAR,J,col,,,,,,,,,,,,,,,,,,,,,15.550999999999998,0.067,14.789000000000001,0.066,14.210999999999999,0.07200000000000001,3467.0,356.0,1248.0,5.053,0.23399999999999999,0.13,-0.086,0.15,0.24,0.218,0.121,0.11,0.207,0.174,0.124,17.99,41.58,9.479,241.0,186.6,186.7,0.026000000000000002,0.011000000000000001,0.018000000000000002,,,
9487,9487,9487,212223501,08 40 21.170,+25 05 02.45,1,17.186,,,,08402116+2505024,4469-301-2-0129-0190,EXTENDED,gri,,3.0,3.0,-2.0,3.0,,,,,,,18.887,0.034,17.805999999999994,0.006999999999999999,17.259,0.006,16.921,0.006999999999999999,16.701,0.017,16.352999999999998,0.11,,,,,,,,,,,,,,,,,,,,,,,,,,,,,,,
9488,9488,9488,212223515,08 48 05.973,+25 05 04.64,1,13.140999999999998,,,576-044629,08480598+2505046,,STAR,gri,lam,-14.2,2.0,4.7,2.5,,,13.909,0.03,12.917,0.07,,,13.455,0.03,12.600999999999999,0.07,13.007,0.89,,,11.249,0.019,10.763,0.018000000000000002,10.665,0.019,4945.0,79.0,79.0,3.35,0.14400000000000002,0.14400000000000002,-0.24600000000000002,0.15,0.15,3.634,0.7190000000000001,0.521,1.146,0.149,0.124,0.022000000000000002,0.013000000000000001,0.009000000000000001,985.1,186.2,120.0,0.035,0.011000000000000001,0.006999999999999999,,,
9489,9489,9489,212223520,08 38 09.678,+25 05 05.32,1,17.324,,,,08380967+2505053,,STAR,J,col,,,,,,,,,,,,,,,,,,,,,15.84,0.066,15.232000000000001,0.102,14.807,0.102,3744.0,469.0,293.0,4.958,0.115,0.184,-0.185,0.2,0.32,0.3,0.18899999999999997,0.1,0.322,0.207,0.14800000000000002,10.15,9.644,6.1670000000000025,456.8,422.5,192.1,0.032,0.01,0.008,,,
9490,9490,9490,212223583,08 47 43.201,+25 05 15.53,1,11.761,,1946-1652-1,576-044623,08474320+2505155,,STAR,gri,lam,1.2,2.4,-7.4,2.4,,,12.027999999999999,0.145,11.485,0.11800000000000001,,,11.655999999999999,0.03,11.243,0.06,11.806,0.86,,,10.468,0.021,10.235,0.021,10.18,0.018000000000000002,6438.0,155.0,129.0,4.127,0.115,0.161,-0.008,0.12,0.12,1.6119999999999999,0.401,0.237,1.3319999999999999,0.141,0.10099999999999999,0.278,0.158,0.11599999999999999,416.4,88.85,61.99,0.032,0.006999999999999999,0.006,,,
9491,9491,9491,212223585,08 45 19.231,+25 05 15.92,1,14.925999999999998,,,576-044529,08451923+2505160,,STAR,gri,rpm,-1.2,4.3,0.4,4.9,,,16.157,0.07,15.120999999999999,0.07,,,15.640999999999998,0.05,14.825,0.08,14.619000000000002,0.083,,,13.453,0.023,12.887,0.022000000000000002,12.769,0.026000000000000002,4809.0,115.0,144.0,4.615,0.035,1.7990000000000002,-0.18,0.2,0.64,0.711,5.5829999999999975,0.06,0.7759999999999999,0.14300000000000002,0.07200000000000001,2.076,0.408,2.072,516.5,4226.0,60.38,0.033,0.008,0.006999999999999999,,,
9492,9492,9492,212223591,08 45 08.164,+25 05 17.22,1,16.745,,,,08450816+2505172,4508-301-5-0130-0194,EXTENDED,gri,,1.0,3.0,-7.0,3.0,,,,,,,19.589000000000002,0.048,17.713,0.006,16.752,0.005,16.33,0.005,16.007,0.008,15.290999999999999,0.057,14.669,0.061,14.225999999999999,0.067,,,,,,,,,,,,,,,,,,,,,,,,,,,
9493,9493,9493,212223632,08 44 12.646,+25 05 24.56,1,12.315999999999999,,1945-1662-1,576-044488,08441262+2505246,,STAR,gri,rpm,-2.6,2.7,-2.5,2.9,,,12.289000000000001,0.27399999999999997,11.56,0.17,,,12.280999999999999,0.02,12.328,0.02,12.852,0.71,,,12.024000000000001,0.018000000000000002,11.977,0.021,11.943,0.021,7651.0,286.0,333.0,4.124,0.1,0.1,-0.115,0.18,0.09,1.82,0.34,0.287,1.649,0.21600000000000005,0.135,0.261,0.125,0.085,1108.0,183.1,260.2,0.03,0.006999999999999999,0.006,,,
9494,9494,9494,212223656,08 45 05.896,+25 05 28.14,1,16.961,,,,08450589+2505281,,STAR,J,col,,,,,,,,,,,,,,,,,,,,,15.502,0.059000000000000004,14.74,0.067,14.225999999999999,0.064,3522.0,351.0,1124.0,5.034,0.261,0.145,-0.09699999999999999,0.18,0.24,0.24600000000000002,0.14300000000000002,0.128,0.215,0.18899999999999997,0.126,13.31,16.14,7.294,291.6,237.8,213.1,0.027999999999999997,0.01,0.016,,,
9495,9495,9495,212223671,08 50 47.106,+25 05 30.92,1,17.672,,,,08504710+2505309,4518-301-3-0036-0234,EXTENDED,gri,,-2.0,3.0,2.0,3.0,,,,,,,20.636999999999997,0.133,18.812,0.013000000000000001,17.651,0.006999999999999999,17.184,0.006999999999999999,16.816,0.015,15.963,0.084,15.375,0.109,14.806,0.111,,,,,,,,,,,,,,,,,,,,,,,,,,,
9496,9496,9496,212223682,08 42 29.004,+25 05 32.35,1,13.780999999999999,,,576-044433,08422899+2505322,,STAR,gri,rpm,-0.4,3.6,-0.9,3.6,,,14.389000000000001,0.03,13.569,0.03,,,13.948,0.03,13.306,0.02,13.709000000000001,0.85,,,12.158,0.022000000000000002,11.719000000000001,0.022000000000000002,11.652999999999999,0.021,5228.0,123.0,123.0,3.548,0.875,1.05,-0.5589999999999999,0.48,0.4,2.28,6.191,1.516,0.917,0.142,0.042,0.036000000000000004,0.7659999999999999,0.035,1044.0,1878.0,671.1,0.033,0.008,0.006,,,
9497,9497,9497,212223695,08 42 18.252,+25 05 34.20,1,13.225,,,576-044425,08421825+2505341,,STAR,gri,rpm,-18.5,2.6,-2.5,2.3,,,14.054,0.045,13.097000000000001,0.03,,,13.593,0.03,12.757,0.02,13.067,0.86,,,11.404000000000002,0.022000000000000002,10.890999999999998,0.021,10.787,0.018000000000000002,4900.0,57.0,77.0,4.5710000000000015,0.04,1.224,-0.05,0.12,0.15,0.7829999999999999,2.7960000000000003,0.062,0.863,0.313,0.065,1.6869999999999998,0.36,1.665,236.2,801.0,35.81,0.032,0.004,0.009000000000000001,,,
9498,9498,9498,212223699,08 38 18.062,+25 05 34.69,1,10.765,,1945-2291-1,576-044268,08381806+2505347,,STAR,gri,rpm,-7.1,1.9,-15.5,2.0,,,11.405,0.081,10.862,0.07400000000000001,,,11.139000000000001,0.08,10.759,0.04,10.605,0.03,,,9.91,0.022000000000000002,9.677,0.021,9.625,0.018000000000000002,6196.0,150.0,150.0,4.079,0.23,0.23,-0.018000000000000002,0.12,0.18,1.594,0.6759999999999999,0.40700000000000003,1.255,0.244,0.163,0.233,0.314,0.134,297.0,129.6,77.35,0.03,0.008,0.006999999999999999,,,
9499,9499,9499,212223797,08 40 16.113,+25 05 53.31,1,14.757,,,576-044353,08401611+2505534,4469-301-2-0129-0026,STAR,gri,rpm,-22.4,4.6,-5.4,5.0,,,15.488,0.01,14.634,0.03,,,15.02,0.03,14.315999999999999,0.02,14.644,0.9,,,13.009,0.023,12.524000000000001,0.018000000000000002,12.440999999999999,0.024,5085.0,99.0,79.0,4.591,0.035,0.055999999999999994,-0.285,0.24,0.28,0.741,0.09699999999999999,0.062,0.792,0.11,0.079,1.876,0.303,0.44299999999999995,461.8,75.54,47.37,0.032,0.011000000000000001,0.006999999999999999,,,
9500,9500,9500,212223804,08 47 14.658,+25 05 55.00,1,19.169,,,,08471465+2505549,4518-301-4-0032-0262,STAR,gri,,,,,,,,,,,,24.239,1.176,20.745,0.032,19.233,0.013999999999999999,18.494,0.01,18.13,0.025,16.851,0.145,,,,,,,,,,,,,,,,,,,,,,,,,,,,,,,
9501,9501,9501,212223805,08 42 39.250,+25 05 55.00,1,14.477,,,576-044437,08423925+2505550,,STAR,gri,rpm,-2.3,4.5,-0.2,5.0,,,15.577,0.05,14.478,0.04,,,15.022,0.04,14.167,0.02,14.243,0.68,,,12.649000000000001,0.023,12.042,0.022000000000000002,11.925,0.02,4661.0,110.0,92.0,2.186,2.151,1.195,-0.6859999999999999,0.54,0.9,8.545,22.983,7.9170000000000025,0.818,0.157,0.079,0.000411,1.392,0.000404,4721.0,11650.0,4415.0,0.034,0.008,0.008,,,
9502,9502,9502,212223808,08 38 10.252,+25 05 55.59,1,14.571,,,576-044258,,,EXTENDED,gri,,9.9,4.2,7.7,4.9,,,16.038,0.07,15.013,0.05,,,15.519,0.045,14.642000000000001,0.02,14.164000000000001,0.09,,,,,,,,,,,,,,,,,,,,,,,,,,,,,,,,,,,
9503,9503,9503,212223919,08 47 02.674,+25 06 09.81,1,17.164,,,,08470267+2506098,4518-301-4-0031-0300,EXTENDED,gri,,2.0,3.0,6.0,2.0,,,,,,,18.745,0.035,17.669,0.006,17.262,0.006,16.947,0.006,16.812,0.019,16.577,0.136,15.786,0.142,15.568,0.177,,,,,,,,,,,,,,,,,,,,,,,,,,,
9504,9504,9504,212223956,08 47 13.874,+25 06 14.54,1,17.531,,,,,4518-301-4-0032-0177,EXTENDED,gri,,-9.0,3.0,2.0,3.0,,,,,,,19.754,0.08,18.262999999999998,0.009000000000000001,17.627,0.008,17.217,0.006999999999999999,16.983,0.022000000000000002,,,,,,,,,,,,,,,,,,,,,,,,,,,,,,,,,
9505,9505,9505,212224013,08 50 35.902,+25 06 22.34,1,17.163,,,,08503590+2506223,4518-301-3-0036-0223,EXTENDED,gri,,-2.0,3.0,-2.0,3.0,,,,,,,19.820999999999998,0.053,18.039,0.006999999999999999,17.192999999999998,0.005,16.788,0.005,16.502,0.01,15.589,0.054000000000000006,14.889000000000001,0.065,14.443,0.07200000000000001,,,,,,,,,,,,,,,,,,,,,,,,,,,
9506,9506,9506,212224029,08 51 42.393,+25 06 24.96,1,16.188,,,,08514239+2506249,4518-301-3-0038-0218,EXTENDED,gri,,-4.0,3.0,-5.0,3.0,,,,,,,18.634,0.031,16.996,0.005,16.206,0.004,15.842,0.004,15.555,0.006999999999999999,15.005,0.044000000000000004,14.359000000000002,0.048,13.885,0.054000000000000006,,,,,,,,,,,,,,,,,,,,,,,,,,,
9507,9507,9507,212224035,08 48 35.990,+25 06 25.72,1,14.917,,,576-044651,08483599+2506257,4518-301-4-0033-0155,STAR,gri,rpm,13.9,4.6,-0.2,5.0,,,15.544,0.06,14.655,0.06,,,15.15,0.04,14.329,0.07,14.817,0.9,,,13.062999999999999,0.024,12.579,0.023,12.472000000000001,0.025,4989.0,99.0,99.0,4.586,0.035,0.055999999999999994,-0.136,0.2,0.28,0.755,0.087,0.057,0.807,0.08199999999999999,0.068,1.85,0.299,0.39399999999999996,465.5,74.41,46.79,0.033,0.008,0.006,,,
9508,9508,9508,212224043,08 46 44.144,+25 06 26.72,1,17.773,,,,08464414+2506267,4518-301-4-0031-0238,EXTENDED,gri,,-3.0,3.0,3.0,3.0,,,,,,,21.134,0.20199999999999999,18.957,0.013000000000000001,17.781,0.008,17.265,0.006999999999999999,16.907,0.017,16.084,0.087,15.411,0.094,14.847000000000001,0.096,,,,,,,,,,,,,,,,,,,,,,,,,,,
9509,9509,9509,212224101,08 47 50.661,+25 06 35.76,1,18.426,,,,08475066+2506357,4518-301-4-0033-0169,STAR,gri,rpm,-30.0,3.0,-59.0,3.0,,,,,,,23.111,0.588,19.750999999999998,0.016,18.414,0.008,17.858,0.006999999999999999,17.502,0.016,16.416,0.098,15.957,0.145,15.4,0.153,3915.0,39.0,39.0,5.0889999999999995,0.025,0.1,-0.779,0.27,0.15,0.21600000000000005,0.055,0.013000000000000001,0.215,0.11900000000000001,0.017,20.67,2.2569999999999997,7.295,452.4,147.3,42.84,0.028999999999999998,0.006999999999999999,0.005,,,
9510,9510,9510,212224108,08 39 04.731,+25 06 36.68,1,11.296,,1945-2293-1,576-044307,08390472+2506367,,STAR,gri,rpm,3.5,2.8,-1.6,2.8,,,12.634,0.311,11.452,0.128,,,12.009,0.02,11.0,0.04,10.991,0.73,,,9.302,0.022000000000000002,8.683,0.022000000000000002,8.508,0.018000000000000002,4514.0,72.0,72.0,2.354,0.16,0.256,-0.033,0.15,0.24,12.049000000000001,3.602,1.817,1.2770000000000001,0.172,0.172,0.000665,0.000452,0.000375,1164.0,328.6,177.8,0.035,0.01,0.006999999999999999,,,
9511,9511,9511,212224114,08 50 56.627,+25 06 37.54,1,14.745,,,576-044736,08505663+2506375,4518-301-3-0037-0048,STAR,gri,rpm,-0.8,3.1,-3.8,3.5,,,15.669,0.03,14.927999999999999,0.044000000000000004,,,15.289000000000001,0.043,14.655999999999999,0.051,14.512,0.081,,,13.478,0.021,13.055,0.018000000000000002,12.956,0.026000000000000002,5310.0,106.0,106.0,4.5360000000000005,0.04,0.856,-0.18,0.16,0.4,0.8220000000000001,1.554,0.065,0.867,0.077,0.077,1.516,0.265,1.44,689.9,1295.0,80.67,0.034,0.008,0.008,,,
9512,9512,9512,212224142,08 50 38.076,+25 06 41.47,1,17.612000000000005,,,,08503807+2506414,,STAR,J,col,,,,,,,,,,,,,,,,,,,,,16.108,0.085,15.265,0.09,14.845,0.105,3925.0,339.0,407.0,4.898,0.156,0.13,-0.20800000000000002,0.24,0.28,0.3670000000000001,0.127,0.139,0.40700000000000003,0.147,0.205,7.483,9.542,3.323,652.4,328.2,283.7,0.032,0.01,0.006999999999999999,,,
9513,9513,9513,212224152,08 51 22.322,+25 06 43.21,1,12.124,,,576-044751,08512232+2506431,,STAR,gri,lam,0.4,1.6,-0.8,1.9,,,13.794,0.044000000000000004,12.482000000000001,0.031,,,13.132,0.031,12.078,0.04,11.692,0.06,,,10.302999999999999,0.018000000000000002,9.67,0.016,9.522,0.016,4542.0,104.0,104.0,2.385,0.132,0.11,-0.031,0.12,0.12,11.474,1.459,1.536,1.218,0.15,0.125,0.000776,0.00043099999999999996,0.000239,1719.0,206.2,212.8,0.034,0.01,0.008,,,
9514,9514,9514,212224186,08 42 09.429,+25 06 51.09,1,12.062999999999999,,1945-1410-1,576-044422,08420942+2506510,,STAR,gri,rpm,4.6,2.2,1.5,2.3,,,12.115,0.196,11.475999999999999,0.139,,,11.949000000000002,0.03,11.620999999999999,0.01,12.110999999999999,0.85,,,10.847000000000001,0.022000000000000002,10.618,0.022000000000000002,10.564,0.02,6341.0,150.0,100.0,4.1,0.185,0.29600000000000004,-0.08199999999999999,0.12,0.18,1.6230000000000002,0.847,0.375,1.3019999999999998,0.245,0.183,0.275,0.268,0.182,488.9,255.2,112.9,0.032,0.01,0.008,,,
9515,9515,9515,212224192,08 52 49.342,+25 06 51.77,1,14.31,,,576-044807,08524934+2506517,4508-301-3-0140-0042,STAR,gri,rpm,-10.0,3.1,-20.9,3.4,,,15.763,0.03,14.717,0.042,,,15.27,0.042,14.273,0.048,13.899000000000001,0.071,,,12.75,0.022000000000000002,12.2,0.023,12.062999999999999,0.02,4650.0,74.0,74.0,4.645,0.035,0.025,-0.021,0.15,0.27,0.672,0.04,0.05,0.748,0.031,0.061,2.371,0.37,0.27699999999999997,330.7,26.6,28.54,0.028999999999999998,0.006,0.006999999999999999,,,
9516,9516,9516,212224201,08 46 15.939,+25 06 52.64,1,16.724,,,,08461593+2506526,,STAR,JHK,col,,,,,,,,,,,,,,,,,,,,,15.347999999999999,0.044000000000000004,14.932,0.063,14.809000000000001,0.09,5243.0,452.0,452.0,4.569,0.095,0.152,-0.517,0.35,0.42,0.7240000000000001,0.19399999999999998,0.13,0.765,0.095,0.133,1.794,0.953,0.8059999999999999,1450.0,621.1,372.7,0.033,0.01,0.006999999999999999,,,
9517,9517,9517,212224265,08 46 44.518,+25 07 01.76,1,13.76,,,576-044585,08464451+2507017,,STAR,gri,lam,-9.0,2.4,0.2,2.8,,,14.435,0.02,13.525,0.05,,,13.988,0.04,13.242,0.05,13.663,0.84,,,11.98,0.021,11.520999999999999,0.021,11.422,0.019,4960.0,79.0,59.0,3.235,0.14,0.1,-0.433,0.15,0.15,3.928,0.5720000000000001,0.499,1.018,0.152,0.069,0.016,0.008,0.005,1503.0,218.6,190.9,0.033,0.008,0.006,,,
9518,9518,9518,212224312,08 47 35.497,+25 07 07.13,1,15.255999999999998,,,576-044615,08473550+2507071,4518-301-4-0032-0117,STAR,gri,rpm,-5.3,4.2,-3.6,4.9,,,16.331,0.03,15.466,0.05,,,15.937999999999999,0.06,15.218,0.05,14.964,0.091,,,13.747,0.023,13.225999999999999,0.026000000000000002,13.085,0.027999999999999997,4965.0,88.0,117.0,4.595,0.05,1.54,-0.408,0.35,0.42,0.745,4.189,0.087,0.787,0.12,0.1,1.844,0.5870000000000001,1.838,636.5,3439.0,85.95,0.034,0.008,0.006999999999999999,,,
9519,9519,9519,212224314,08 38 37.675,+25 07 07.32,1,11.68,,1945-1925-1,576-044290,08383767+2507072,,STAR,gri,rpm,-35.4,2.4,-6.5,2.6,,,12.567,0.249,12.37,0.245,,,12.075999999999999,0.03,11.673,0.04,11.511,0.01,,,10.731,0.019,10.454,0.021,10.402000000000001,0.018000000000000002,5994.0,143.0,95.0,4.295,0.12,0.18,-0.22,0.2,0.24,1.1640000000000001,0.304,0.17800000000000002,1.011,0.10099999999999999,0.122,0.59,0.341,0.292,316.4,70.71,48.95,0.028999999999999998,0.006999999999999999,0.006,,,
9520,9520,9520,212224329,08 48 23.487,+25 07 08.34,1,12.304,,1946-1632-1,576-044639,08482348+2507083,,STAR,gri,lam,11.3,3.0,-7.0,3.2,,,13.257,0.439,11.925999999999998,0.19899999999999998,,,12.333,0.03,11.774000000000001,0.07,12.292,0.85,,,10.853,0.019,10.542,0.016,10.475999999999999,0.018000000000000002,5786.0,139.0,139.0,4.433,0.045,0.063,0.015,0.08,0.12,1.0170000000000001,0.094,0.086,1.032,0.054000000000000006,0.054000000000000006,0.968,0.196,0.192,278.4,29.68,31.87,0.027999999999999997,0.006999999999999999,0.006999999999999999,,,
9521,9521,9521,212224370,08 52 11.797,+25 07 14.65,1,12.950999999999999,,,576-044774,08521178+2507147,,STAR,gri,rpm,-49.0,4.7,-16.5,4.8,,,14.065999999999999,0.045,13.198,0.032,,,13.623,0.033,12.91,0.040999999999999995,12.663,0.062,,,11.606,0.021,11.125,0.026000000000000002,11.054,0.022000000000000002,5098.0,100.0,100.0,4.5889999999999995,0.04,0.048,-0.191,0.16,0.24,0.748,0.076,0.057999999999999996,0.804,0.08,0.057,1.8840000000000001,0.355,0.35200000000000004,247.2,36.76,27.69,0.027999999999999997,0.012,0.006,,,
9522,9522,9522,212224373,08 48 15.120,+25 07 15.29,1,14.168,,,576-044635,08481513+2507152,,STAR,gri,rpm,-7.7,3.0,12.6,3.3,,,14.82,0.05,13.937999999999999,0.06,,,14.442,0.03,13.619000000000002,0.07,14.050999999999998,0.84,,,12.419,0.019,11.960999999999999,0.019,11.870999999999999,0.02,5066.0,121.0,80.0,4.563,0.04,0.8640000000000001,-0.05,0.2,0.24,0.792,1.6159999999999999,0.061,0.8640000000000001,0.08199999999999999,0.051,1.665,0.29100000000000004,1.59,386.9,777.2,43.66,0.031,0.008,0.006,,,
9523,9523,9523,212224388,08 44 20.446,+25 07 16.99,1,16.474,,,,08442044+2507169,4469-301-1-0134-0218,EXTENDED,gri,,4.0,3.0,-8.0,3.0,,,,,,,18.2,0.025,17.105999999999998,0.006,16.582,0.005,16.203,0.005,16.064,0.013999999999999999,16.031,0.08199999999999999,15.277999999999999,0.091,15.045,0.128,,,,,,,,,,,,,,,,,,,,,,,,,,,
9524,9524,9524,212224444,08 44 08.242,+25 07 25.69,1,10.439,,1945-1438-1,576-044485,08440825+2507258,,STAR,gri,rpm,-62.2,2.0,-57.6,2.0,,,10.305,0.042,9.685,0.031,,,10.292,0.01,9.73,0.05,10.502,0.06,,,8.476,0.019,8.145,0.017,8.07,0.023,5591.0,133.0,100.0,4.471,0.04,0.568,-0.002,0.15,0.27,0.951,0.9620000000000001,0.049,1.002,0.11199999999999999,0.062,1.113,0.183,0.966,86.05,86.99,8.363,0.015,0.006999999999999999,0.003,,,
9525,9525,9525,212224470,08 38 14.925,+25 07 29.28,1,14.818,,,576-044263,08381492+2507292,,STAR,gri,rpm,3.9,4.5,-3.5,5.0,,,16.112000000000002,0.06,15.129000000000001,0.03,,,15.573,0.02,14.78,0.01,14.495,0.1,,,13.367,0.024,12.892999999999999,0.024,12.818,0.027000000000000003,4990.0,81.0,81.0,4.583,0.035,0.924,-0.085,0.15,0.24,0.764,1.8130000000000002,0.055999999999999994,0.83,0.133,0.066,1.7819999999999998,0.35100000000000003,1.725,559.9,1407.0,53.95,0.032,0.01,0.006999999999999999,,,
9526,9526,9526,212224484,08 51 05.132,+25 07 32.93,1,18.964000000000002,,,,,4518-301-3-0037-0202,STAR,gri,,-17.0,3.0,4.0,3.0,,,,,,,19.588,0.035,19.086,0.01,18.924,0.011000000000000001,18.925,0.013000000000000001,19.046,0.045,,,,,,,,,,,,,,,,,,,,,,,,,,,,,,,,,
9527,9527,9527,212224501,08 38 05.709,+25 07 34.71,1,17.675,,,,08380570+2507347,,STAR,JHK,col,,,,,,,,,,,,,,,,,,,,,15.398,0.065,14.868,0.081,14.532,0.087,3737.0,678.0,282.0,4.962,0.115,0.23,-0.172,0.2,0.32,0.3,0.226,0.099,0.32,0.262,0.146,9.779,9.07,6.357,391.9,425.4,160.1,0.028999999999999998,0.01,0.008,,,
9528,9528,9528,212224508,08 50 53.960,+25 07 36.04,1,12.675999999999998,,,576-044733,08505396+2507361,,STAR,gri,lam,-14.6,1.6,-5.9,1.5,,,13.501,0.043,12.821,0.031,,,13.129000000000001,0.031,12.644,0.040999999999999995,12.482000000000001,0.061,,,11.575999999999999,0.018000000000000002,11.241,0.016,11.171,0.017,5899.0,119.0,142.0,4.313,0.096,0.16,0.127,0.08,0.12,1.1740000000000002,0.293,0.134,1.0959999999999999,0.109,0.08199999999999999,0.64,0.204,0.292,459.9,122.6,67.02,0.032,0.01,0.006999999999999999,,,
9529,9529,9529,212224534,08 43 16.881,+25 07 40.99,1,17.695,,,,,4469-301-1-0133-0183,EXTENDED,gri,,1.0,3.0,-11.0,3.0,,,,,,,19.212,0.039,18.211,0.009000000000000001,17.771,0.009000000000000001,17.474,0.01,17.363,0.031,,,,,,,,,,,,,,,,,,,,,,,,,,,,,,,,,
9530,9530,9530,212224565,08 51 57.660,+25 07 46.53,1,12.949000000000002,,,576-044770,08515765+2507466,,STAR,gri,rpm,-6.0,1.7,-23.8,2.0,,,14.175,0.046,13.216,0.032,,,13.675999999999998,0.033,12.927,0.040999999999999995,12.638,0.062,,,11.481,0.021,10.970999999999998,0.027000000000000003,10.857000000000001,0.022000000000000002,4973.0,60.0,100.0,4.5760000000000005,0.04,1.3840000000000001,-0.265,0.25,0.3,0.7859999999999999,3.281,0.07400000000000001,0.855,0.11900000000000001,0.102,1.713,0.34600000000000003,1.699,244.0,978.8,31.48,0.026000000000000002,0.01,0.008,,,
9531,9531,9531,212224597,08 42 02.997,+25 07 52.84,1,14.923,,,576-044417,08420299+2507527,4335-301-2-0132-0239,STAR,gri,rpm,-4.9,4.5,-0.9,5.0,,,15.642000000000001,0.03,14.758,0.02,,,15.155,0.01,14.49,0.01,14.824000000000002,0.9,,,13.24,0.024,12.76,0.024,12.659,0.025,5124.0,102.0,81.0,3.556,0.946,0.516,-0.542,0.35,0.35,2.45,1.646,1.7109999999999999,0.888,0.124,0.10400000000000001,0.054000000000000006,1.7069999999999999,0.040999999999999995,1751.0,1128.0,1246.0,0.033,0.011000000000000001,0.008,,,
9532,9532,9532,212224611,08 47 13.704,+25 07 55.08,1,12.046,,,576-044602,08471370+2507550,,STAR,gri,lam,0.1,1.6,-7.1,1.4,,,13.179,0.02,11.931,0.05,,,12.600999999999999,0.03,11.545,0.05,11.808,0.86,,,9.836,0.019,9.186,0.021,9.03,0.018000000000000002,4420.0,70.0,88.0,1.7990000000000002,0.14400000000000002,0.14400000000000002,-0.541,0.18,0.12,20.363,3.2880000000000003,2.8310000000000004,0.966,0.105,0.023,0.00011200000000000001,7.2e-05,4.3799999999999994e-05,2373.0,314.1,328.9,0.033,0.011000000000000001,0.006999999999999999,,,
9533,9533,9533,212224638,08 42 51.560,+25 08 00.03,1,18.704,,,,08425155+2508000,,STAR,J,,,,,,,,,,,,,,,,,,,,,,17.116,0.17300000000000001,16.402,0.187,,,,,,,,,,,,,,,,,,,,,,,,,,,,,
9534,9534,9534,212224653,08 51 52.968,+25 08 02.48,1,14.212,,,576-044764,08515296+2508026,4518-301-3-0038-0084,STAR,gri,rpm,20.8,3.1,-30.8,3.4,,,15.703,0.03,14.645,0.040999999999999995,,,15.192,0.040999999999999995,14.215,0.047,13.793,0.069,,,12.561,0.023,11.988,0.028999999999999998,11.845,0.025,4551.0,106.0,106.0,4.688,0.171,0.054000000000000006,-0.258,0.24,0.78,0.606,0.066,0.18,0.664,0.07200000000000001,0.172,2.915,3.217,0.573,265.9,35.2,87.28,0.028999999999999998,0.006,0.008,,,
9535,9535,9535,212224662,08 51 16.628,+25 08 04.48,1,19.554000000000002,,,,,4518-301-3-0037-0233,STAR,gri,,5.0,4.0,-21.0,4.0,,,,,,,19.244,0.027999999999999997,19.339000000000002,0.012,19.625,0.018000000000000002,19.823,0.026000000000000002,20.131,0.114,,,,,,,,,,,,,,,,,,,,,,,,,,,,,,,,,
9536,9536,9536,212224663,08 38 16.362,+25 08 04.61,1,12.082,,,576-044265,08381635+2508046,,STAR,gri,rpm,47.1,1.7,-13.7,1.9,,,13.520999999999999,0.02,12.462,0.02,,,13.034,0.01,12.074000000000002,0.02,11.675,0.02,,,10.485,0.022000000000000002,9.927,0.021,9.789,0.018000000000000002,4542.0,73.0,45.0,4.675,0.032,0.024,-0.136,0.18,0.24,0.622,0.046,0.036000000000000004,0.674,0.07200000000000001,0.033,2.7119999999999997,0.474,0.295,129.6,18.79,43.26,0.017,0.004,0.005,,,
9537,9537,9537,212224667,08 39 23.097,+25 08 05.55,1,19.437,,,,,4335-301-3-0129-0296,STAR,gri,,9.0,5.0,2.0,5.0,,,,,,,24.535999999999998,0.623,20.1,0.017,19.285,0.012,19.153,0.013999999999999999,19.156,0.043,,,,,,,,,,,,,,,,,,,,,,,,,,,,,,,,,
9538,9538,9538,212224688,08 41 33.520,+25 08 08.65,1,15.369000000000002,,,576-044399,08413351+2508086,4335-301-2-0132-0066,STAR,gri,rpm,-6.5,4.4,-2.8,4.9,,,16.512,0.02,15.595999999999998,0.08,,,16.078,0.01,15.334000000000001,0.03,15.064,0.094,,,14.029000000000002,0.022000000000000002,13.547,0.028999999999999998,13.515,0.038,5056.0,80.0,80.0,4.591,0.035,0.063,-0.22,0.2,0.28,0.747,0.109,0.061,0.797,0.09300000000000001,0.077,1.861,0.326,0.469,749.0,138.3,75.27,0.034,0.008,0.008,,,
9539,9539,9539,212224787,08 46 22.435,+25 08 23.71,1,12.647,,,576-044569,08462243+2508237,,STAR,gri,rpm,-4.3,2.0,-1.1,2.4,,,13.873,0.04,12.571,0.04,,,13.27,0.03,12.135,0.04,12.379000000000001,0.86,,,10.415,0.021,9.772,0.019,9.622,0.019,4390.0,70.0,87.0,2.135,0.276,1.656,-0.10099999999999999,0.25,1.8,14.946,67.035,3.978,1.139,0.17300000000000001,0.345,0.00032,0.00047699999999999994,0.000319,2295.0,9593.0,524.9,0.036000000000000004,0.01,0.01,,,
9540,9540,9540,212224821,08 45 46.566,+25 08 28.36,1,17.525,,,,,4508-301-5-0131-0195,EXTENDED,gri,,13.0,3.0,4.0,3.0,,,,,,,19.339000000000002,0.055999999999999994,18.153,0.013000000000000001,17.565,0.011000000000000001,17.256,0.012,17.055999999999994,0.028999999999999998,,,,,,,,,,,,,,,,,,,,,,,,,,,,,,,,,
9541,9541,9541,212224827,08 52 48.475,+25 08 29.19,1,19.179000000000002,,,,,4508-301-3-0140-0260,STAR,gri,,-2.0,3.0,2.0,3.0,,,,,,,20.458,0.05,19.361,0.011000000000000001,19.119,0.011000000000000001,19.05,0.013000000000000001,18.997,0.034,,,,,,,,,,,,,,,,,,,,,,,,,,,,,,,,,
9542,9542,9542,212224881,08 43 00.755,+25 08 38.44,1,17.506,,,,08430075+2508384,,STAR,JHK,col,,,,,,,,,,,,,,,,,,,,,15.144,0.038,14.454,0.037000000000000005,14.25,0.053,4072.0,238.0,238.0,4.817,0.102,0.085,-0.16399999999999998,0.2,0.28,0.455,0.08800000000000001,0.1,0.52,0.091,0.109,4.8839999999999995,2.716,1.505,552.9,159.4,144.9,0.032,0.01,0.006999999999999999,,,
9543,9543,9543,212224891,08 48 04.608,+25 08 39.82,1,12.883,,,576-044628,08480461+2508398,,STAR,gri,lam,-2.1,2.1,-6.6,1.3,,,13.194,0.03,12.546,0.06,,,12.897,0.02,12.366,0.07,12.877,0.85,,,11.409,0.019,11.094000000000001,0.016,11.014000000000001,0.019,5971.0,120.0,144.0,4.289,0.125,0.15,-0.125,0.12,0.12,1.196,0.275,0.19,1.052,0.086,0.086,0.583,0.341,0.247,433.1,104.2,71.2,0.031,0.006999999999999999,0.006999999999999999,,,
9544,9544,9544,212224916,08 40 55.775,+25 08 44.56,1,15.433,,,576-044378,08405577+2508446,,STAR,gri,rpm,-1.3,4.2,-1.1,4.8,,,16.778,0.08,15.809000000000001,0.03,,,16.262999999999998,0.03,15.545,0.06,15.077,0.095,,,13.933,0.026000000000000002,13.432,0.023,13.296,0.032,4977.0,98.0,98.0,4.575,0.054000000000000006,1.62,-0.35200000000000004,0.3,0.42,0.7659999999999999,4.496,0.077,0.8140000000000001,0.131,0.08199999999999999,1.788,0.387,1.781,737.2,4122.0,99.54,0.035,0.01,0.008,,,
9545,9545,9545,212224917,08 52 14.667,+25 08 44.93,1,16.559,,,,08521466+2508449,,STAR,J,col,,,,,,,,,,,,,,,,,,,,,15.128,0.073,14.395999999999999,0.085,14.112,0.087,3991.0,353.0,353.0,4.832,0.15,0.125,-0.172,0.2,0.28,0.418,0.131,0.147,0.47700000000000004,0.139,0.195,5.919,7.121,2.552,502.9,242.7,213.1,0.032,0.008,0.006999999999999999,,,
9546,9546,9546,212225002,08 43 10.361,+25 08 56.65,1,12.696,,,576-044455,08431036+2508565,,STAR,gri,rpm,-3.1,1.2,12.0,1.9,,,13.25,0.02,12.571,0.03,,,12.880999999999998,0.03,12.375,0.01,12.616,0.73,,,11.339,0.021,10.994000000000002,0.021,10.944,0.019,5713.0,137.0,91.0,4.047,0.405,0.27,0.03,0.06,0.32,1.526,0.605,0.57,1.058,0.158,0.079,0.273,0.7929999999999999,0.174,524.4,214.3,210.7,0.032,0.005,0.006,,,
9547,9547,9547,212225008,08 46 39.919,+25 08 56.90,1,11.344000000000001,,1946-2176-1,576-044583,08463993+2508569,,STAR,gri,rpm,-27.7,2.3,-14.7,2.3,,,11.642999999999999,0.094,11.295,0.106,,,11.26,0.02,10.853,0.05,11.380999999999998,0.88,,,10.022,0.021,9.767000000000001,0.019,9.703,0.017,6118.0,123.0,123.0,4.206,0.145,0.203,-0.078,0.15,0.21,1.351,0.40299999999999997,0.23,1.1340000000000001,0.138,0.115,0.41,0.353,0.21100000000000002,260.2,86.45,48.21,0.027999999999999997,0.008,0.006,,,
9548,9548,9548,212225032,08 45 53.280,+25 09 01.15,1,14.753,,,576-044546,08455328+2509012,,STAR,gri,rpm,-7.0,4.7,-11.7,5.1,,,15.35,0.03,14.517999999999999,0.07,,,14.927999999999999,0.03,14.243,0.04,14.677,0.84,,,13.046,0.022000000000000002,12.628,0.022000000000000002,12.524000000000001,0.022000000000000002,5271.0,105.0,105.0,4.555,0.035,0.055999999999999994,-0.125,0.2,0.32,0.812,0.10300000000000001,0.066,0.868,0.062,0.075,1.587,0.278,0.321,541.5,84.54,53.3,0.033,0.01,0.006999999999999999,,,
9549,9549,9549,212225042,08 52 45.073,+25 09 02.58,1,12.425999999999998,,,576-044801,08524507+2509026,,STAR,gri,rpm,-26.3,1.4,22.2,1.6,,,13.56,0.043,12.658,0.031,,,13.109000000000002,0.031,12.374,0.040999999999999995,12.133,0.061,,,11.046,0.024,10.635,0.031,10.520999999999999,0.023,5140.0,103.0,103.0,4.572,0.035,0.091,-0.076,0.15,0.33,0.7809999999999999,0.126,0.062,0.861,0.061,0.085,1.709,0.322,0.457,198.3,59.53,16.62,0.026000000000000002,0.008,0.006,,,
9550,9550,9550,212225150,08 46 27.131,+25 09 18.70,1,13.354000000000001,,,576-044570,08462713+2509186,,STAR,gri,rpm,-4.5,2.4,-8.3,2.8,,,14.373,0.02,13.514000000000001,0.04,,,13.967,0.03,13.258,0.05,13.091,0.064,,,12.05,0.022000000000000002,11.623,0.021,11.52,0.02,5193.0,103.0,103.0,3.839,0.76,0.456,-0.102,0.2,0.52,1.9169999999999998,1.27,1.162,0.9209999999999999,0.257,0.057999999999999996,0.13,1.6269999999999998,0.10300000000000001,812.4,479.9,491.4,0.034,0.008,0.008,,,
9551,9551,9551,212225197,08 52 41.353,+25 09 26.76,1,12.186,,,576-044800,08524134+2509268,,STAR,gri,rpm,-36.2,1.4,-22.9,2.4,,,13.077,0.040999999999999995,12.323,0.03,,,12.683,0.031,12.14,0.04,11.972999999999999,0.06,,,11.088,0.022000000000000002,10.732000000000001,0.03,10.66,0.022000000000000002,5656.0,100.0,133.0,4.467,0.055,0.08800000000000001,-0.106,0.15,0.24,0.924,0.12,0.077,0.94,0.075,0.075,1.1320000000000001,0.28,0.319,276.7,52.62,30.32,0.03,0.01,0.006999999999999999,,,
9552,9552,9552,212225225,08 41 05.724,+25 09 30.20,1,17.822,,,,08410572+2509301,,STAR,JHK,col,,,,,,,,,,,,,,,,,,,,,15.866,0.068,15.296,0.078,15.095999999999998,0.115,3995.0,668.0,445.0,4.872,0.145,0.203,-0.24,0.25,0.35,0.389,0.214,0.159,0.433,0.22899999999999998,0.191,6.936,8.413,4.262,625.8,502.5,278.7,0.032,0.01,0.008,,,
9553,9553,9553,212225241,08 38 28.163,+25 09 31.99,1,16.572,,,,08382816+2509319,4335-301-3-0128-0304,EXTENDED,gri,,6.0,3.0,2.0,3.0,,,,,,,18.756,0.034,17.32,0.006,16.633,0.005,16.250999999999998,0.005,15.989,0.011000000000000001,15.874,0.071,15.213,0.09,14.722000000000001,0.09300000000000001,,,,,,,,,,,,,,,,,,,,,,,,,,,
9554,9554,9554,212225243,08 52 12.682,+25 09 32.39,1,9.031,43554.0,1946-1326-1,576-044775,08521269+2509324,,STAR,gri,plx,11.78,1.48,-13.79,1.02,5.52,1.5,9.096,0.018000000000000002,8.767000000000001,0.015,,,9.829,0.03,9.16,0.04,8.689,0.06,,,7.9910000000000005,0.027000000000000003,7.85,0.026000000000000002,7.831,0.026000000000000002,5801.0,91.0,91.0,3.832,0.075,0.105,0.161,0.14,0.06,2.261,0.40399999999999997,0.251,1.344,0.075,0.105,0.106,0.037000000000000005,0.036000000000000004,181.2,49.23,49.23,0.027000000000000003,0.013000000000000001,0.006,,,
9555,9555,9555,212225261,08 40 22.901,+25 09 34.86,1,17.807000000000006,,,,08402290+2509348,4469-301-2-0129-0234,EXTENDED,gri,,1.0,3.0,1.0,3.0,,,,,,,19.921,0.065,18.570999999999998,0.01,17.854,0.008,17.48,0.009000000000000001,17.164,0.021,16.500999999999998,0.11699999999999999,15.739,0.133,15.475,0.183,,,,,,,,,,,,,,,,,,,,,,,,,,,
9556,9556,9556,212225296,08 46 43.468,+25 09 40.34,1,16.589000000000002,,,,08464346+2509403,4508-301-5-0132-0238,EXTENDED,gri,,-6.0,3.0,-2.0,3.0,,,,,,,19.072,0.087,17.395,0.01,16.594,0.006999999999999999,16.243,0.008,15.901,0.017,16.837,0.153,15.888,0.161,15.356,0.175,,,,,,,,,,,,,,,,,,,,,,,,,,,
9557,9557,9557,212225311,08 51 49.326,+25 09 42.37,1,13.512,,,576-044760,08514932+2509424,,STAR,gri,rpm,-7.1,2.0,-2.9,2.4,,,14.684000000000001,0.049,13.767999999999999,0.034,,,14.190999999999999,0.035,13.495999999999999,0.043,13.220999999999998,0.064,,,12.125,0.022000000000000002,11.662,0.024,11.588,0.023,5083.0,102.0,102.0,3.403,0.847,0.605,-0.479,0.4,0.48,2.895,2.349,2.012,0.937,0.201,0.067,0.024,0.38299999999999995,0.021,1205.0,942.7,825.6,0.033,0.006999999999999999,0.008,,,
9558,9558,9558,212225359,08 44 39.470,+25 09 49.50,1,14.527999999999999,,,576-044504,08443947+2509495,,STAR,gri,rpm,5.7,4.6,-3.8,5.1,,,15.648,0.05,14.615,0.03,,,15.18,0.03,14.16,0.03,14.249,0.71,,,12.715,0.019,12.197000000000001,0.019,12.089,0.022000000000000002,4660.0,114.0,95.0,4.618,0.045,1.2329999999999999,0.099,0.09,0.24,0.708,3.071,0.055999999999999994,0.774,0.42,0.052000000000000005,2.079,0.479,2.0580000000000003,351.1,1561.0,36.74,0.032,0.008,0.006,,,
9559,9559,9559,212225368,08 51 26.087,+25 09 50.87,1,15.074000000000002,,,,08512608+2509508,4518-301-3-0037-0135,EXTENDED,gri,,7.0,3.0,-3.0,3.0,,,,,,,17.785,0.024,16.008,0.003,15.162,0.003,14.673,0.003,14.295,0.005,13.862,0.031,13.134,0.03,12.612,0.033,,,,,,,,,,,,,,,,,,,,,,,,,,,
9560,9560,9560,212225399,08 41 17.689,+25 09 54.56,1,17.809,,,,08411768+2509545,,EXTENDED,J,,,,,,,,,,,,,,,,,,,,,,16.29,0.10400000000000001,15.452,0.113,14.99,0.129,,,,,,,,,,,,,,,,,,,,,,,,,,,
9561,9561,9561,212225405,08 41 09.763,+25 09 55.66,1,17.721,,,,08410976+2509556,4469-301-2-0130-0064,EXTENDED,gri,,-3.0,3.0,-1.0,3.0,,,,,,,20.691999999999997,0.099,18.744,0.01,17.726,0.006999999999999999,17.282,0.006999999999999999,16.927,0.015,16.033,0.07400000000000001,15.436,0.091,14.91,0.1,,,,,,,,,,,,,,,,,,,,,,,,,,,
9562,9562,9562,212225413,08 47 21.233,+25 09 56.38,1,13.937000000000001,,,576-044609,08472123+2509563,,STAR,gri,rpm,4.9,2.4,-11.8,2.7,,,14.453,0.02,13.716,0.03,,,14.095,0.04,13.482999999999999,0.03,13.869000000000002,0.82,,,12.309000000000001,0.019,11.905999999999999,0.022000000000000002,11.814,0.021,5395.0,129.0,108.0,4.512,0.045,0.8009999999999999,-0.175,0.2,0.32,0.885,1.52,0.08199999999999999,0.93,0.131,0.073,1.33,0.306,1.252,433.6,723.8,46.44,0.034,0.008,0.008,,,
9563,9563,9563,212225429,08 43 26.925,+25 09 58.98,1,19.441,,,,,4469-301-1-0133-0217,STAR,gri,,5.0,4.0,0.0,4.0,,,,,,,20.609,0.057999999999999996,19.534000000000002,0.013000000000000001,19.41,0.013999999999999999,19.264,0.017,19.342,0.057999999999999996,,,,,,,,,,,,,,,,,,,,,,,,,,,,,,,,,
9564,9564,9564,212225455,08 41 25.905,+25 10 03.11,1,17.333,,,,08412590+2510031,4469-301-2-0131-0159,EXTENDED,gri,,-2.0,3.0,5.0,3.0,,,,,,,20.323,0.092,18.549,0.011000000000000001,17.301,0.006,16.812,0.006,16.462,0.013000000000000001,15.808,0.065,15.079,0.075,14.568,0.08199999999999999,,,,,,,,,,,,,,,,,,,,,,,,,,,
9565,9565,9565,212225552,08 52 06.300,+25 10 18.24,1,12.312000000000001,,,576-044771,08520628+2510182,,STAR,gri,lam,-0.4,2.4,-1.2,1.5,,,13.515,0.043,12.56,0.031,,,13.03,0.031,12.29,0.04,12.004000000000001,0.061,,,10.904000000000002,0.021,10.447000000000001,0.021,10.335999999999999,0.022000000000000002,4903.0,78.0,59.0,3.3960000000000004,0.156,0.13,-0.09699999999999999,0.1,0.12,3.654,0.484,0.659,1.255,0.124,0.124,0.025,0.016,0.01,813.4,122.7,126.2,0.033,0.008,0.006999999999999999,,,
9566,9566,9566,212225569,08 46 53.682,+25 10 21.06,1,12.890999999999998,,,576-044591,08465368+2510210,,STAR,gri,rpm,-4.2,2.1,-9.5,2.8,,,13.147,0.02,12.544,0.04,,,12.835,0.03,12.377,0.05,12.914000000000001,0.86,,,11.512,0.021,11.234000000000002,0.021,11.164000000000001,0.02,6030.0,96.0,144.0,4.184,0.205,0.24600000000000002,-0.073,0.15,0.3,1.371,0.4920000000000001,0.309,1.091,0.154,0.11,0.385,0.439,0.231,521.6,183.3,115.8,0.033,0.011000000000000001,0.008,,,
9567,9567,9567,212225580,08 45 30.638,+25 10 22.06,1,17.563,,,,08453063+2510220,,STAR,J,col,,,,,,,,,,,,,,,,,,,,,16.063,0.085,15.257,0.08199999999999999,14.567,0.077,3133.0,529.0,1147.0,5.1370000000000005,0.192,0.16,-0.091,0.15,0.27,0.16399999999999998,0.113,0.067,0.141,0.152,0.065,28.48,55.19,16.88,177.3,282.7,134.9,0.021,0.013999999999999999,0.013999999999999999,,,
9568,9568,9568,212225600,08 38 07.008,+25 10 25.33,1,17.212,,,,08380700+2510253,4335-301-3-0128-0261,EXTENDED,gri,,1.0,3.0,-1.0,3.0,,,,,,,19.909000000000002,0.085,18.019000000000002,0.009000000000000001,17.230999999999998,0.006999999999999999,16.866,0.006999999999999999,16.581,0.018000000000000002,16.503,0.11900000000000001,,,,,,,,,,,,,,,,,,,,,,,,,,,,,,,
9569,9569,9569,212225660,08 46 35.138,+25 10 34.25,1,14.453,,,576-044577,08463514+2510342,,STAR,gri,rpm,-28.9,4.7,-12.9,5.1,,,15.228,0.02,14.296,0.04,,,14.814,0.01,13.950999999999999,0.03,14.299000000000001,0.86,,,12.571,0.022000000000000002,12.042,0.021,11.942,0.02,4820.0,76.0,76.0,4.622,0.03,0.03,-0.141,0.24,0.15,0.6940000000000001,0.057,0.040999999999999995,0.7490000000000001,0.071,0.051,2.205,0.292,0.298,329.1,36.94,24.08,0.028999999999999998,0.008,0.006,,,
9570,9570,9570,212225671,08 39 41.770,+25 10 36.52,1,14.792,,,576-044330,08394177+2510364,,STAR,gri,rpm,4.9,4.6,-21.9,5.0,,,15.698,0.06,14.808,0.02,,,15.222999999999999,0.03,14.489,0.03,14.607000000000001,0.67,,,13.227,0.024,12.834000000000001,0.025,12.697000000000001,0.026000000000000002,5186.0,123.0,82.0,4.5680000000000005,0.03,0.036000000000000004,-0.092,0.15,0.24,0.79,0.043,0.055999999999999994,0.853,0.044000000000000004,0.07,1.676,0.275,0.19899999999999998,564.1,45.37,48.68,0.033,0.013000000000000001,0.006999999999999999,,,
9571,9571,9571,212225695,08 38 14.375,+25 10 41.12,1,12.659,,,576-044262,08381437+2510411,,STAR,gri,rpm,-1.9,1.6,-5.3,2.3,,,13.86,0.02,12.925,0.02,,,13.365,0.03,12.658,0.02,12.356,0.061,,,11.276,0.022000000000000002,10.777000000000001,0.021,10.694,0.019,4978.0,79.0,79.0,2.853,0.564,0.564,-0.583,0.24,0.24,5.393,4.539,2.151,0.986,0.16699999999999998,0.083,0.004,0.017,0.004,1435.0,1157.0,558.2,0.033,0.006999999999999999,0.006,,,
9572,9572,9572,212225758,08 46 50.881,+25 10 51.84,1,11.577,,1946-2023-1,576-044588,08465088+2510517,,STAR,gri,lam,-17.5,2.4,-19.2,2.4,,,11.708,0.09300000000000001,11.165,0.09300000000000001,,,11.459000000000001,0.03,11.072000000000001,0.05,11.627,0.86,,,10.297,0.021,10.07,0.021,10.015,0.019,6345.0,152.0,152.0,4.25,0.07,0.11199999999999999,0.043,0.1,0.1,1.383,0.20600000000000002,0.155,1.255,0.09300000000000001,0.077,0.466,0.141,0.14400000000000002,315.7,55.22,34.33,0.028999999999999998,0.008,0.006,,,
9573,9573,9573,212225789,08 48 18.629,+25 10 55.96,1,12.444,,,576-044637,08481863+2510561,,STAR,gri,rpm,6.6,1.2,-101.7,3.0,,,13.043,0.03,12.163,0.06,,,12.659,0.03,11.888,0.07,12.352,0.88,,,10.693,0.02,10.280999999999999,0.016,10.196,0.019,5158.0,122.0,183.0,4.601,0.055999999999999994,0.04,-0.321,0.25,0.55,0.721,0.066,0.094,0.77,0.092,0.11,1.9669999999999999,0.662,0.293,150.7,106.4,35.33,0.024,0.009000000000000001,0.009000000000000001,,,
9574,9574,9574,212225806,08 41 38.950,+25 10 57.62,1,15.251,,,576-044403,08413894+2510575,4335-301-2-0132-0158,STAR,gri,rpm,7.3,4.3,1.0,4.9,,,16.023,0.17,15.345999999999998,0.15,,,15.68,0.18,15.127,0.13,15.067,0.095,,,14.089,0.025,13.659,0.026000000000000002,13.595,0.036000000000000004,5322.0,193.0,161.0,4.548,0.045,0.7559999999999999,-0.243,0.2,0.48,0.815,1.348,0.07200000000000001,0.855,0.053,0.085,1.5319999999999998,0.379,1.442,878.9,1318.0,97.39,0.033,0.01,0.006999999999999999,,,
9575,9575,9575,212225807,08 48 25.192,+25 10 57.65,1,12.265,,,576-044643,08482519+2510577,,STAR,gri,rpm,-5.8,1.8,-8.4,2.3,,,13.207,0.04,12.116,0.06,,,12.727,0.03,11.762,0.07,12.068,0.89,,,10.179,0.02,9.556000000000001,0.016,9.454,0.019,4570.0,90.0,72.0,2.378,0.255,0.51,-0.23600000000000002,0.25,0.45,10.894,6.693,2.818,1.099,0.166,0.19899999999999998,0.000797,0.001,0.0006349999999999999,1616.0,898.4,390.1,0.033,0.01,0.006999999999999999,,,
9576,9576,9576,212225810,08 42 50.403,+25 10 58.18,1,13.492,,,576-044445,08425040+2510580,,STAR,gri,rpm,4.0,5.8,-4.5,2.7,,,14.472000000000001,0.02,13.494000000000002,0.03,,,13.962,0.01,13.185,0.02,13.290999999999999,0.68,,,11.797,0.022000000000000002,11.253,0.021,11.135,0.018000000000000002,4871.0,77.0,77.0,2.842,0.5579999999999999,0.5579999999999999,-0.45799999999999996,0.25,0.35,5.7360000000000015,4.399,2.49,0.97,0.217,0.081,0.004,0.019,0.003,1906.0,1343.0,787.7,0.032,0.011000000000000001,0.006,,,
9577,9577,9577,212225827,08 42 33.066,+25 11 02.22,1,12.008,,1945-1656-1,576-044434,08423307+2511022,,STAR,gri,rpm,-8.0,3.0,-5.8,3.2,,,13.339,0.594,11.58,0.195,,,12.559000000000001,0.02,11.554,0.01,11.770999999999999,0.88,,,9.911,0.022000000000000002,9.305,0.021,9.171,0.018000000000000002,4537.0,54.0,72.0,2.434,0.217,0.18600000000000005,0.011000000000000001,0.12,0.21,11.417,1.911,2.82,1.237,0.16399999999999998,0.16399999999999998,0.0008730000000000001,0.001,0.000371,1414.0,264.2,320.4,0.035,0.01,0.008,,,
9578,9578,9578,212225977,08 38 12.272,+25 11 26.06,1,17.303,,,,08381227+2511260,,STAR,J,col,,,,,,,,,,,,,,,,,,,,,15.821,0.075,15.216,0.08800000000000001,14.642000000000001,0.09,3568.0,298.0,248.0,5.0169999999999995,0.105,0.126,-0.11,0.18,0.27,0.242,0.105,0.073,0.251,0.153,0.095,15.04,12.64,7.806,348.8,260.7,129.7,0.028999999999999998,0.01,0.008,,,
9579,9579,9579,212225981,08 53 22.635,+25 11 26.50,1,16.471,,,,08532263+2511265,4508-301-3-0141-0132,STAR,gri,rpm,1.0,3.0,-48.0,3.0,,,,,,,20.785,0.061,18.229,0.006999999999999999,16.78,0.005,15.718,0.005,15.175,0.006,13.863,0.028999999999999998,13.284,0.03,13.029000000000002,0.031,3537.0,83.0,104.0,5.024,0.05,0.025,-0.006,0.15,0.21,0.244,0.027000000000000003,0.037000000000000005,0.23800000000000002,0.043,0.037000000000000005,15.22,4.297,1.964,136.1,21.25,21.75,0.019,0.003,0.004,,,
9580,9580,9580,212225986,08 42 49.728,+25 11 28.31,1,13.668,,,576-044444,08424973+2511283,,STAR,gri,rpm,-33.2,2.9,-26.3,5.0,,,15.026,0.04,13.877,0.04,,,14.503,0.05,13.411,0.04,13.31,0.68,,,11.544,0.022000000000000002,10.905999999999999,0.019,10.76,0.017,4373.0,106.0,186.0,4.709,0.07200000000000001,0.048,-0.024,0.16,0.2,0.588,0.061,0.081,0.659,0.055999999999999994,0.08900000000000001,3.108,1.222,0.523,158.6,22.0,33.61,0.02,0.009000000000000001,0.004,,,
9581,9581,9581,212226010,08 46 19.497,+25 11 31.68,1,15.069,,,576-044567,08461951+2511317,,STAR,gri,col,,,,,,,17.2,0.11,15.765999999999998,0.04,,,16.597,0.06,15.210999999999999,0.05,14.414000000000001,0.078,,,12.752,0.022000000000000002,12.075999999999999,0.021,11.874,0.02,3861.0,61.0,92.0,4.869,0.048,0.036000000000000004,0.079,0.08,0.14,0.41100000000000003,0.033,0.048,0.45399999999999996,0.043,0.06,6.4110000000000005,1.735,0.8909999999999999,154.6,19.66,23.86,0.022000000000000002,0.01,0.006,,,
9582,9582,9582,212226018,08 46 31.412,+25 11 32.73,1,16.137999999999998,,,,08463141+2511327,4508-301-5-0132-0212,EXTENDED,gri,,-1.0,3.0,4.0,3.0,,,,,,,18.531,0.043,16.944000000000006,0.006,16.155,0.004,15.792,0.005,15.485,0.01,15.902999999999999,0.096,15.172,0.105,15.049000000000001,0.14300000000000002,,,,,,,,,,,,,,,,,,,,,,,,,,,
9583,9583,9583,212226026,08 46 46.038,+25 11 33.91,1,15.244000000000002,,,576-044586,08464604+2511340,4508-301-5-0132-0273,STAR,JHK,rpm,-41.7,5.9,-25.9,5.7,,,,,,,,,,,,,,,,,12.845999999999998,0.021,12.174000000000001,0.022000000000000002,11.939,0.022000000000000002,3936.0,157.0,157.0,4.854,0.063,0.045,-0.028999999999999998,0.15,0.24,0.425,0.044000000000000004,0.069,0.47600000000000003,0.054000000000000006,0.087,6.0420000000000025,2.0340000000000003,1.131,173.9,30.23,33.46,0.022000000000000002,0.006999999999999999,0.005,,,
9584,9584,9584,212226047,08 38 57.172,+25 11 38.75,1,14.815999999999999,,,576-044301,08385716+2511387,,STAR,gri,rpm,-2.9,4.4,-36.8,4.9,,,16.378,0.02,15.105,0.03,,,15.815999999999999,0.03,14.589,0.03,14.387,0.71,,,12.649000000000001,0.022000000000000002,12.030999999999999,0.018000000000000002,11.880999999999998,0.022000000000000002,4066.0,98.0,197.0,4.8469999999999995,0.05,0.06,-0.092,0.25,0.45,0.434,0.055,0.049,0.491,0.07200000000000001,0.06,5.709,1.561,1.226,166.6,31.67,18.25,0.023,0.006,0.005,,,
9585,9585,9585,212226144,08 51 30.086,+25 11 54.63,1,18.0,,,,08513008+2511546,4518-301-3-0038-0297,EXTENDED,gri,,6.0,3.0,3.0,3.0,,,,,,,21.684,0.305,19.45,0.019,17.918,0.008,17.378,0.006999999999999999,17.012999999999998,0.017,16.104,0.094,15.239,0.094,14.744000000000002,0.10300000000000001,,,,,,,,,,,,,,,,,,,,,,,,,,,
9586,9586,9586,212226173,08 50 38.052,+25 12 00.54,1,18.587,,,,,4508-301-4-0137-0232,STAR,gri,,0.0,3.0,1.0,3.0,,,,,,,19.336,0.026000000000000002,18.829,0.009000000000000001,18.511,0.009000000000000001,18.483,0.01,18.452,0.026000000000000002,,,,,,,,,,,,,,,,,,,,,,,,,,,,,,,,,
9587,9587,9587,212226175,08 44 02.964,+25 12 01.37,1,12.727,,,577-043360,08440297+2512015,,STAR,gri,rpm,-16.4,2.0,-26.7,2.2,,,13.706,0.02,12.725999999999999,0.03,,,13.218,0.03,12.395999999999999,0.01,12.517000000000001,0.7,,,10.998,0.021,10.468,0.019,10.37,0.019,4900.0,78.0,78.0,4.613,0.03,1.176,-0.07200000000000001,0.06,0.24,0.732,2.458,0.038,0.807,0.15,0.031,2.04,0.217,2.009,181.8,555.5,6.254,0.026000000000000002,0.017,0.006,,,
9588,9588,9588,212226178,08 45 41.504,+25 12 02.05,1,14.696,,,577-043415,08454150+2512021,,STAR,gri,rpm,3.6,4.5,-13.5,5.0,,,16.265,0.02,14.860999999999999,0.04,,,15.683,0.02,14.298,0.04,14.273,0.76,,,12.210999999999999,0.018000000000000002,11.538,0.016,11.375,0.02,3923.0,46.0,62.0,4.856,0.024,0.02,0.005,0.06,0.08,0.431,0.017,0.036000000000000004,0.491,0.023,0.05,6.102,0.84,0.537,135.7,4.072,14.37,0.024,0.009000000000000001,0.005,,,
9589,9589,9589,212226194,08 48 37.667,+25 12 03.89,1,13.462,,,577-043515,08483767+2512039,,STAR,gri,rpm,4.7,2.2,-7.1,2.6,,,14.091,0.04,13.198,0.07,,,13.693,0.03,12.927999999999999,0.08,13.363,0.84,,,11.727,0.022000000000000002,11.282,0.021,11.205,0.019,5106.0,122.0,122.0,3.533,0.8759999999999999,0.73,-0.294,0.3,0.42,2.4419999999999997,2.084,1.6380000000000001,0.972,0.255,0.11599999999999999,0.04,0.987,0.036000000000000004,936.8,1154.0,639.2,0.034,0.01,0.006999999999999999,,,
9590,9590,9590,212226200,08 39 18.981,+25 12 04.51,1,14.45,,,577-043209,08391898+2512043,,STAR,gri,rpm,-15.4,4.6,-18.1,5.0,,,16.359,0.04,14.844000000000001,0.02,,,15.652000000000001,0.02,14.225999999999999,0.04,13.934000000000001,0.7,,,12.039000000000001,0.022000000000000002,11.409,0.022000000000000002,11.22,0.02,3766.0,90.0,60.0,5.0089999999999995,0.025,0.12,-0.33,0.36,0.09,0.27899999999999997,0.114,0.028999999999999998,0.295,0.134,0.039,13.28,1.9680000000000002,6.051,72.29,33.55,10.62,0.012,0.004,0.002,,,
9591,9591,9591,212226216,08 38 24.802,+25 12 06.57,1,14.306,,,577-043168,08382479+2512067,4335-301-3-0128-0152,STAR,gri,rpm,-34.8,7.1,-17.1,6.8,,,16.5,0.08,14.953,0.08,,,15.807,0.04,14.362,0.11,13.662,0.05,,,12.183,0.023,11.525,0.022000000000000002,11.334000000000001,0.02,3894.0,107.0,76.0,4.876,0.03,0.042,-0.019,0.15,0.12,0.406,0.044000000000000004,0.028999999999999998,0.462,0.055,0.039,6.599,0.978,1.16,122.5,16.54,14.57,0.019,0.003,0.004,,,
9592,9592,9592,212226219,08 42 36.138,+25 12 07.16,1,18.913,,,,08423613+2512071,4335-301-2-0133-0415,STAR,gri,rpm,31.0,5.0,-70.0,5.0,,,,,,,25.086,0.727,20.636,0.026000000000000002,19.239,0.012,18.174,0.008,17.585,0.013999999999999999,16.226,0.09,16.043,0.155,15.404000000000002,0.168,3414.0,34.0,34.0,5.087,0.02,0.02,0.013999999999999999,0.05,0.06,0.20600000000000002,0.004,0.006999999999999999,0.187,0.004,0.006999999999999999,21.68,1.444,1.301,316.1,9.482999999999999,26.48,0.032,0.001,0.005,,,
9593,9593,9593,212226250,08 45 00.864,+25 12 11.42,1,17.371,,,,08450086+2512114,4469-301-1-0135-0192,EXTENDED,gri,,4.0,3.0,2.0,3.0,,,,,,,20.691999999999997,0.114,18.547,0.011000000000000001,17.33,0.006,16.867,0.006,16.534000000000002,0.013000000000000001,15.924000000000001,0.076,15.168,0.08,14.607999999999999,0.084,,,,,,,,,,,,,,,,,,,,,,,,,,,
9594,9594,9594,212226264,08 51 40.174,+25 12 13.08,1,13.134,,,577-043613,08514017+2512130,,STAR,gri,lam,-1.9,1.9,-2.8,2.2,,,14.514000000000001,0.048,13.44,0.033,,,13.968,0.034,13.105,0.042,12.777000000000001,0.062,,,11.565,0.019,11.032,0.016,10.927,0.02,4663.0,92.0,73.0,2.5540000000000003,0.105,0.147,-0.318,0.15,0.12,8.769,1.6580000000000001,1.068,1.016,0.14400000000000002,0.055,0.001,0.0007469999999999999,0.00055,2514.0,372.5,324.5,0.034,0.015,0.006999999999999999,,,
9595,9595,9595,212226315,08 38 51.083,+25 12 22.11,1,12.51,,,577-043186,08385107+2512220,,STAR,gri,rpm,-1.5,1.6,-4.9,1.7,,,13.231,0.03,12.424000000000001,0.02,,,12.78,0.02,12.187000000000001,0.01,12.394,0.72,,,11.097999999999999,0.021,10.788,0.016,10.699000000000002,0.019,5654.0,68.0,91.0,4.427,0.045,0.4320000000000001,0.12300000000000001,0.12,0.21,1.0090000000000001,0.752,0.083,1.028,0.13,0.09300000000000001,0.961,0.18899999999999997,0.758,302.1,213.1,39.59,0.034,0.005,0.016,,,
9596,9596,9596,212226353,08 51 52.760,+25 12 27.96,1,17.597,,,,08515275+2512279,4518-301-3-0038-0265,EXTENDED,gri,,1.0,3.0,0.0,3.0,,,,,,,20.387,0.086,18.545,0.009000000000000001,17.61,0.006,17.191,0.006,16.83,0.013000000000000001,15.875,0.098,15.515,0.138,14.732000000000001,0.102,,,,,,,,,,,,,,,,,,,,,,,,,,,
9597,9597,9597,212226362,08 46 02.505,+25 12 29.31,1,17.602999999999994,,,,08460250+2512293,4508-301-5-0131-0325,EXTENDED,gri,,-6.0,3.0,3.0,3.0,,,,,,,20.35,0.07200000000000001,18.533,0.009000000000000001,17.614,0.006999999999999999,17.204,0.006999999999999999,16.897000000000002,0.013000000000000001,16.042,0.07200000000000001,15.405999999999999,0.09,14.879000000000001,0.102,,,,,,,,,,,,,,,,,,,,,,,,,,,
9598,9598,9598,212226376,08 42 37.315,+25 12 31.84,1,15.047,,,577-043313,08423731+2512319,,STAR,gri,rpm,4.4,4.5,-7.4,5.0,,,15.855,0.03,15.002,0.02,,,15.364,0.05,14.743,0.02,14.91,0.73,,,13.538,0.023,13.095,0.022000000000000002,13.011,0.027000000000000003,5240.0,156.0,93.0,4.544,0.045,1.035,-0.37,0.3,0.48,0.81,1.9780000000000002,0.078,0.8640000000000001,0.063,0.08900000000000001,1.545,0.35600000000000004,1.5030000000000001,683.9,1545.0,84.12,0.033,0.01,0.006999999999999999,,,
9599,9599,9599,212226378,08 51 48.769,+25 12 32.05,1,18.027,,,,08514876+2512320,4518-301-3-0038-0304,EXTENDED,gri,,5.0,3.0,-11.0,3.0,,,,,,,21.638,0.292,19.38,0.018000000000000002,17.962,0.009000000000000001,17.447,0.008,17.06,0.018000000000000002,16.211,0.11800000000000001,15.762,0.171,14.558,0.095,,,,,,,,,,,,,,,,,,,,,,,,,,,
9600,9600,9600,212226404,08 39 23.882,+25 12 38.12,1,13.535,,,577-043212,08392388+2512379,,STAR,gri,rpm,0.3,8.3,-1.4,3.0,,,14.697000000000001,0.03,13.812999999999999,0.01,,,14.214,0.03,13.549000000000001,0.02,13.244000000000002,0.01,,,12.187999999999999,0.021,11.709000000000001,0.022000000000000002,11.606,0.02,5022.0,81.0,60.0,2.783,0.552,0.552,-0.8140000000000001,0.35,0.42,5.763999999999999,5.088,2.362,0.907,0.15,0.044000000000000004,0.004,0.021,0.003,2457.0,1860.0,1059.0,0.031,0.009000000000000001,0.005,,,
9601,9601,9601,212226428,08 46 17.840,+25 12 42.03,1,17.37,,,,08461784+2512420,,STAR,J,rpm,12.0,3.0,4.0,4.0,,,,,,,,,,,,,,,,,15.883,0.07200000000000001,15.152000000000001,0.077,14.732999999999999,0.086,3893.0,297.0,297.0,4.888999999999999,0.115,0.115,-0.145,0.2,0.28,0.36,0.113,0.115,0.414,0.13699999999999998,0.165,7.57,6.921,3.1639999999999997,573.9,255.7,205.1,0.033,0.008,0.006999999999999999,,,
9602,9602,9602,212226459,08 39 47.573,+25 12 47.98,1,17.715,,,,,4335-301-3-0130-0045,EXTENDED,gri,,,,,,,,,,,,19.551,0.055,18.192,0.011000000000000001,17.827,0.011000000000000001,17.511,0.011000000000000001,17.469,0.035,,,,,,,,,,,,,,,,,,,,,,,,,,,,,,,,,
9603,9603,9603,212226507,08 52 38.490,+25 12 56.46,1,14.042,,,577-043634,08523849+2512565,4518-301-3-0039-0088,STAR,gri,rpm,-11.2,3.3,-7.4,3.5,,,15.26,0.02,14.283,0.038,,,14.74,0.038,14.019,0.046,13.743,0.069,,,12.634,0.024,12.18,0.03,12.032,0.022000000000000002,5095.0,102.0,102.0,4.5680000000000005,0.035,1.085,-0.196,0.2,0.4,0.784,2.092,0.059000000000000004,0.851,0.102,0.085,1.725,0.256,1.686,417.1,1038.0,41.92,0.033,0.006,0.006,,,
9604,9604,9604,212226516,08 53 00.600,+25 12 57.87,1,17.410999999999998,,,,08530059+2512578,4518-301-3-0040-0151,EXTENDED,gri,,-1.0,3.0,1.0,3.0,,,,,,,18.846,0.03,17.866,0.006,17.484,0.006,17.215999999999998,0.006,17.123,0.018000000000000002,16.285,0.126,,,,,,,,,,,,,,,,,,,,,,,,,,,,,,,
9605,9605,9605,212226543,08 44 47.422,+25 13 02.13,1,17.64,,,,,4469-301-1-0135-0182,EXTENDED,gri,,1.0,3.0,-9.0,3.0,,,,,,,19.070999999999998,0.035,18.090999999999998,0.009000000000000001,17.727,0.008,17.447,0.01,17.33,0.03,,,,,,,,,,,,,,,,,,,,,,,,,,,,,,,,,
9606,9606,9606,212226548,08 46 10.852,+25 13 02.46,1,17.643,,,,,4508-301-5-0131-0355,EXTENDED,gri,,,,,,,,,,,,19.026,0.063,17.983,0.013000000000000001,17.653,0.017,17.497,0.062,17.495,0.128,,,,,,,,,,,,,,,,,,,,,,,,,,,,,,,,,
9607,9607,9607,212226551,08 45 32.641,+25 13 02.66,1,17.195999999999998,,,,08453264+2513026,,STAR,J,col,,,,,,,,,,,,,,,,,,,,,15.720999999999998,0.07200000000000001,15.035,0.071,14.71,0.099,3880.0,405.0,338.0,4.901,0.145,0.145,-0.172,0.2,0.28,0.358,0.141,0.133,0.385,0.166,0.166,7.773,9.549,3.787,534.0,310.4,225.9,0.031,0.01,0.008,,,
9608,9608,9608,212226566,08 45 50.000,+25 13 05.28,1,17.721,,,,08455000+2513052,4508-301-5-0131-0247,EXTENDED,gri,,-7.0,3.0,3.0,3.0,,,,,,,19.567999999999998,0.048,18.35,0.009000000000000001,17.781,0.008,17.451,0.009000000000000001,17.287,0.021,16.545,0.111,16.052,0.156,,,,,,,,,,,,,,,,,,,,,,,,,,,,,
9609,9609,9609,212226582,08 38 33.678,+25 13 07.81,1,14.912,,,577-043175,08383367+2513077,4335-301-3-0128-0182,STAR,gri,rpm,-1.0,4.3,1.9,4.9,,,16.75,0.05,15.475,0.03,,,16.12,0.01,14.912,0.04,14.394,0.03,,,13.115,0.023,12.48,0.019,12.337,0.022000000000000002,4150.0,82.0,82.0,4.787,0.11199999999999999,0.035,-0.061,0.15,0.54,0.505,0.048,0.084,0.565,0.057999999999999996,0.106,4.313,2.052,0.6,242.6,37.87,50.24,0.024,0.006,0.005,,,
9610,9610,9610,212226615,08 45 58.009,+25 13 13.32,1,15.795,,,577-043426,08455801+2513133,4508-301-5-0131-0099,STAR,gri,rpm,-1.5,4.4,-1.9,4.9,,,16.453,0.02,15.681,0.09,,,16.051,0.04,15.376,0.03,15.686,0.85,,,14.142999999999999,0.026000000000000002,13.677999999999999,0.027000000000000003,13.595,0.035,5166.0,121.0,121.0,4.559,0.048,1.088,-0.313,0.25,0.4,0.795,2.11,0.087,0.833,0.075,0.09,1.679,0.34,1.633,865.7,2129.0,103.0,0.033,0.008,0.006999999999999999,,,
9611,9611,9611,212226644,08 53 15.886,+25 13 18.36,1,16.889,,,,08531588+2513183,4518-301-3-0040-0200,EXTENDED,gri,,-8.0,3.0,1.0,3.0,,,,,,,19.344,0.055,17.795,0.006999999999999999,16.919,0.005,16.500999999999998,0.005,16.160999999999998,0.011000000000000001,15.679,0.085,14.94,0.10800000000000001,14.49,0.10400000000000001,,,,,,,,,,,,,,,,,,,,,,,,,,,
9612,9612,9612,212226654,08 44 57.354,+25 13 20.92,1,11.937999999999999,,,577-043396,08445736+2513210,,STAR,gri,rpm,-1.8,1.1,-3.3,1.4,,,12.405,0.02,11.96,0.03,,,12.142000000000001,0.02,11.869000000000002,0.02,12.218,0.7,,,11.187999999999999,0.027999999999999997,11.012,0.021,10.989,0.021,6650.0,132.0,132.0,4.119,0.126,0.21,0.001,0.1,0.16,1.67,0.552,0.263,1.42,0.16699999999999998,0.139,0.275,0.165,0.139,611.9,182.9,109.0,0.033,0.011000000000000001,0.006,,,
9613,9613,9613,212226661,08 41 02.904,+25 13 21.29,1,14.384,,,577-043264,08410289+2513214,,STAR,gri,rpm,19.4,4.7,-9.2,5.1,,,15.107000000000001,0.05,14.243,0.02,,,14.636,0.02,13.914000000000001,0.01,14.276,0.9,,,12.685,0.019,12.217,0.023,12.118,0.02,5094.0,101.0,80.0,4.57,0.055,0.99,-0.231,0.25,0.35,0.775,1.764,0.094,0.8340000000000001,0.096,0.115,1.735,0.5,1.6769999999999998,426.0,974.3,61.74,0.035,0.011000000000000001,0.006,,,
9614,9614,9614,212226681,08 52 52.405,+25 13 25.30,1,13.254000000000001,,,577-043641,08525241+2513252,,STAR,gri,lam,-6.7,1.7,1.1,2.0,,,13.984000000000002,0.044000000000000004,13.37,0.033,,,13.647,0.033,13.204,0.042,13.085999999999999,0.064,,,12.258,0.023,11.936,0.021,11.84,0.018000000000000002,5773.0,139.0,209.0,3.784,0.085,0.085,-0.35700000000000004,0.12,0.18,2.2119999999999997,0.314,0.317,1.148,0.12,0.145,0.099,0.045,0.027000000000000003,1139.0,144.8,175.7,0.034,0.01,0.006999999999999999,,,
9615,9615,9615,212226787,08 38 18.424,+25 13 44.25,1,14.402999999999999,,,577-043163,08381842+2513442,4469-301-3-0127-0087,STAR,gri,rpm,15.9,4.6,-12.2,5.0,,,15.329,0.01,14.589,0.03,,,14.933,0.03,14.369000000000002,0.01,14.175,0.04,,,13.272,0.022000000000000002,12.897,0.023,12.772,0.025,5489.0,110.0,88.0,4.5310000000000015,0.045,0.081,-0.332,0.25,0.35,0.83,0.128,0.085,0.848,0.077,0.092,1.466,0.317,0.435,643.6,130.2,83.05,0.033,0.008,0.006999999999999999,,,
9616,9616,9616,212226800,08 46 07.096,+25 13 46.06,1,17.78,,,,08460709+2513460,4508-301-5-0131-0125,EXTENDED,gri,,-4.0,3.0,2.0,3.0,,,,,,,19.814,0.042,18.525,0.008,17.872,0.006999999999999999,17.461,0.006999999999999999,17.243,0.013999999999999999,16.017,0.071,15.332,0.094,14.925,0.09699999999999999,,,,,,,,,,,,,,,,,,,,,,,,,,,
9617,9617,9617,212226863,08 38 16.720,+25 13 57.85,1,11.457,,1945-2271-1,577-043160,08381672+2513578,,STAR,gri,rpm,-25.4,2.1,-28.4,2.1,,,11.905,0.131,11.299000000000001,0.106,,,11.665999999999999,0.03,11.388,0.02,11.264000000000001,0.01,,,10.597000000000001,0.018000000000000002,10.399000000000001,0.016,10.354000000000001,0.018000000000000002,6358.0,101.0,101.0,4.167,0.145,0.145,-0.48,0.4,0.56,1.331,0.223,0.161,1.0390000000000001,0.225,0.188,0.41700000000000004,0.214,0.163,350.7,66.69,56.03,0.031,0.005,0.006999999999999999,,,
9618,9618,9618,212226869,08 51 38.725,+25 13 58.52,1,8.915,43502.0,1946-1134-1,577-043612,08513874+2513587,,STAR,gri,plx,-71.75,1.76,-86.86,1.26,3.66,1.27,9.716000000000001,0.024,8.927,0.015,,,9.977,0.03,9.177,0.04,8.46,0.06,,,7.2079999999999975,0.02,6.74,0.018000000000000002,6.6739999999999995,0.021,4929.0,59.0,79.0,2.779,0.15,0.35,-0.11,0.1,0.3,9.627,1.375,1.8519999999999999,1.95,0.33,0.858,0.002,0.002,0.001,273.2,94.81,94.81,0.03,0.006999999999999999,0.006,,,
9619,9619,9619,212226872,08 39 16.156,+25 13 58.98,1,16.14,,,577-043207,08391616+2513587,,STAR,BV,rpm,-4.3,4.4,-2.9,5.1,,,16.795,0.12,16.233,0.21,,,16.41,0.11,,,,,,,15.087,0.038,14.815,0.055,14.777000000000001,0.096,5955.0,250.0,300.0,4.35,0.13,0.20800000000000002,-0.569,0.35,0.42,1.02,0.3,0.172,0.872,0.083,0.069,0.83,0.501,0.44,2010.0,684.0,435.3,0.034,0.008,0.006999999999999999,,,
9620,9620,9620,212226883,08 43 00.799,+25 14 00.53,1,14.686,,,577-043323,08430081+2514005,,STAR,gri,col,,,,,,,15.74,0.02,14.795,0.03,,,15.27,0.03,14.407,0.01,14.435,0.74,,,12.863,0.022000000000000002,12.296,0.021,12.203,0.021,4762.0,94.0,75.0,4.632,0.04,1.128,-0.23800000000000002,0.2,0.28,0.691,3.417,0.077,0.747,0.10300000000000001,0.086,2.258,0.457,2.221,372.1,1630.0,46.52,0.031,0.01,0.006,,,
9621,9621,9621,212226906,08 41 28.248,+25 14 03.95,1,16.302,,,,08412824+2514039,,EXTENDED,JHK,,,,,,,,,,,,,,,,,,,,,,14.296,0.054000000000000006,13.655999999999999,0.06,13.511,0.065,,,,,,,,,,,,,,,,,,,,,,,,,,,
9622,9622,9622,212226915,08 48 24.078,+25 14 04.83,1,19.189,,,,,4518-301-4-0034-0173,STAR,gri,,3.0,4.0,-2.0,4.0,,,,,,,19.805999999999997,0.044000000000000004,19.352,0.012,19.134,0.013000000000000001,19.086,0.015,18.897000000000002,0.047,,,,,,,,,,,,,,,,,,,,,,,,,,,,,,,,,
9623,9623,9623,212226920,08 44 20.676,+25 14 05.83,1,18.61,,,,08442067+2514058,4469-301-1-0135-0136,EXTENDED,gri,,,,,,,,,,,,21.639,0.24,19.629,0.022000000000000002,18.657,0.013999999999999999,18.174,0.013000000000000001,18.05,0.04,15.931,0.079,15.354000000000001,0.094,14.889000000000001,0.106,,,,,,,,,,,,,,,,,,,,,,,,,,,
9624,9624,9624,212226925,08 47 55.028,+25 14 06.60,1,18.586,,,,08475502+2514066,4518-301-4-0033-0233,STAR,gri,rpm,-6.0,3.0,0.0,3.0,,,,,,,18.945,0.024,18.668,0.008,18.559,0.009000000000000001,18.37,0.01,18.345,0.028999999999999998,17.073,0.18,16.354,0.196,15.654000000000002,0.207,6609.0,80.0,106.0,4.129,0.12,0.14400000000000002,-2.249,0.3,0.3,1.228,0.233,0.166,0.777,0.016,0.016,0.374,0.19899999999999998,0.15,6493.0,1539.0,915.5,0.03,0.006999999999999999,0.006,,,
9625,9625,9625,212226953,08 38 45.723,+25 14 11.27,1,14.954,,,,08384572+2514112,4335-301-3-0129-0041,EXTENDED,gri,,4.0,2.0,10.0,3.0,,,,,,,17.612000000000005,0.018000000000000002,15.872,0.003,15.005999999999998,0.003,14.56,0.002,14.229000000000001,0.004,14.083,0.044000000000000004,13.32,0.044000000000000004,12.967,0.049,,,,,,,,,,,,,,,,,,,,,,,,,,,
9626,9626,9626,212226973,08 45 11.536,+25 14 15.16,1,12.684000000000001,,,577-043403,08451156+2514153,,STAR,gri,col,,,,,,,14.017000000000001,0.02,12.838,0.02,,,13.515999999999998,0.03,12.345999999999998,0.03,12.327,0.7,,,10.584000000000001,0.022000000000000002,9.981,0.016,9.859,0.018000000000000002,4193.0,125.0,100.0,4.798,0.08,0.08,-0.243,0.25,0.3,0.488,0.08900000000000001,0.08900000000000001,0.539,0.107,0.09,4.539,2.331,1.3259999999999998,76.93,21.67,14.74,0.013000000000000001,0.006999999999999999,0.003,,,
9627,9627,9627,212226978,08 48 19.940,+25 14 15.67,1,12.280999999999999,,1946-2287-1,577-043500,08481993+2514156,,STAR,gri,rpm,2.7,2.5,-9.1,2.5,,,12.168,0.163,12.08,0.20600000000000002,,,12.07,0.03,11.762,0.06,12.370999999999999,0.88,,,11.068,0.02,10.888,0.016,10.835999999999999,0.019,6578.0,158.0,198.0,4.121,0.135,0.21600000000000005,-0.057,0.12,0.12,1.584,0.604,0.26,1.361,0.18100000000000002,0.129,0.303,0.183,0.17300000000000001,548.4,210.0,100.6,0.033,0.006999999999999999,0.006999999999999999,,,
9628,9628,9628,212226984,08 50 45.132,+25 14 17.64,1,12.960999999999999,,,577-043586,08504513+2514177,,STAR,gri,lam,-20.9,1.6,-18.0,1.9,,,13.81,0.044000000000000004,13.122,0.032,,,13.424000000000001,0.032,12.945,0.040999999999999995,12.763,0.062,,,11.878,0.019,11.552,0.016,11.459000000000001,0.013999999999999999,5765.0,115.0,161.0,4.0169999999999995,0.364,0.13,-0.18100000000000002,0.12,0.12,1.601,0.315,0.597,1.03,0.08800000000000001,0.106,0.22899999999999998,0.659,0.08800000000000001,690.8,113.4,263.9,0.033,0.008,0.006999999999999999,,,
9629,9629,9629,212226989,08 52 47.960,+25 14 18.82,1,17.697,,,,08524796+2514188,4518-301-3-0039-0294,EXTENDED,gri,,2.0,3.0,-3.0,3.0,,,,,,,20.413,0.087,18.68,0.01,17.69,0.006999999999999999,17.276,0.006,16.910999999999998,0.013999999999999999,15.985999999999999,0.095,15.312999999999999,0.115,14.76,0.113,,,,,,,,,,,,,,,,,,,,,,,,,,,
9630,9630,9630,212226992,08 44 34.721,+25 14 19.51,1,18.051,,,,08443472+2514195,,STAR,J,,,,,,,,,,,,,,,,,,,,,,16.512,0.122,16.04,0.16399999999999998,,,,,,,,,,,,,,,,,,,,,,,,,,,,,
9631,9631,9631,212227033,08 51 52.004,+25 14 25.22,1,17.395,,,,08515200+2514252,4518-301-3-0038-0269,EXTENDED,gri,,3.0,3.0,-1.0,3.0,,,,,,,19.585,0.053,18.227,0.008,17.414,0.006,17.038,0.006,16.75,0.013999999999999999,15.845999999999998,0.094,15.263,0.113,14.884,0.113,,,,,,,,,,,,,,,,,,,,,,,,,,,
9632,9632,9632,212227056,08 38 14.033,+25 14 28.19,1,19.131,,,,,4469-301-3-0127-0255,STAR,gri,,1.0,4.0,3.0,4.0,,,,,,,19.512999999999998,0.028999999999999998,19.162,0.01,19.121,0.012,19.073,0.015,18.919,0.042,,,,,,,,,,,,,,,,,,,,,,,,,,,,,,,,,
9633,9633,9633,212227092,08 48 22.167,+25 14 36.02,1,16.226,,,,08482216+2514360,4518-301-4-0034-0029,STAR,gri,rpm,-39.0,3.0,-13.0,3.0,,,,,,,22.250999999999998,0.303,18.256,0.006999999999999999,16.805999999999994,0.004,15.356,0.004,14.56,0.004,13.129000000000001,0.021,12.508,0.018000000000000002,12.255,0.022000000000000002,3550.0,86.0,72.0,5.034,0.055999999999999994,0.035,-0.059000000000000004,0.18,0.15,0.24600000000000002,0.027999999999999997,0.040999999999999995,0.25,0.031,0.057,15.77,5.749,2.501,103.3,7.899,20.49,0.015,0.009000000000000001,0.003,,,
9634,9634,9634,212227096,08 48 12.627,+25 14 36.76,1,15.222000000000001,,,577-043497,08481263+2514368,4518-301-4-0033-0153,STAR,gri,rpm,12.0,4.4,-27.4,4.9,,,16.753,0.09,15.395,0.06,,,16.198,0.05,14.843,0.04,14.802999999999999,0.63,,,12.753,0.021,12.12,0.017,11.956,0.021,3912.0,117.0,93.0,4.871,0.055999999999999994,0.04,-0.085,0.12,0.21,0.414,0.042,0.059000000000000004,0.45799999999999996,0.051,0.069,6.412000000000001,2.041,1.0170000000000001,160.7,20.85,28.5,0.022000000000000002,0.005,0.003,,,
9635,9635,9635,212227142,08 46 55.906,+25 14 45.82,1,16.583,,,,,4508-301-5-0132-0324,EXTENDED,gri,,-18.0,3.0,11.0,3.0,,,,,,,18.207,0.037000000000000005,17.034000000000002,0.008,16.592,0.009000000000000001,16.389,0.011000000000000001,16.204,0.027999999999999997,,,,,,,,,,,,,,,,,,,,,,,,,,,,,,,,,
9636,9636,9636,212227163,08 52 47.943,+25 14 49.71,1,17.243,,,,08524794+2514497,4518-301-3-0040-0135,EXTENDED,gri,,-1.0,3.0,-6.0,3.0,,,,,,,20.152,0.08900000000000001,18.264,0.009000000000000001,17.227,0.006,16.805,0.005,16.452,0.012,15.765,0.08900000000000001,15.244000000000002,0.132,14.617,0.11599999999999999,,,,,,,,,,,,,,,,,,,,,,,,,,,
9637,9637,9637,212227203,08 45 31.207,+25 14 57.74,1,13.669,,,577-043409,08453121+2514578,,STAR,gri,rpm,15.2,2.3,-20.1,2.6,,,14.356,0.04,13.47,0.04,,,13.919,0.03,13.17,0.03,13.561,0.87,,,11.935,0.022000000000000002,11.465,0.021,11.399000000000001,0.02,5060.0,103.0,82.0,4.584,0.03,0.06,-0.08,0.15,0.33,0.764,0.078,0.051,0.838,0.057999999999999996,0.07,1.8130000000000002,0.26899999999999996,0.39899999999999997,295.5,49.46,30.92,0.03,0.01,0.006999999999999999,,,
9638,9638,9638,212227204,08 52 27.234,+25 14 57.84,1,12.635,,,577-043632,08522723+2514579,,STAR,gri,rpm,-13.0,1.3,-13.7,1.6,,,13.463,0.042,12.779000000000002,0.031,,,13.091,0.031,12.614,0.040999999999999995,12.44,0.061,,,11.522,0.022000000000000002,11.179,0.032,11.095999999999998,0.02,5849.0,92.0,161.0,4.382,0.102,0.45899999999999996,-0.17800000000000002,0.2,0.2,1.051,0.838,0.133,0.985,0.151,0.094,0.8440000000000001,0.348,0.685,387.7,292.3,50.8,0.03,0.006999999999999999,0.005,,,
9639,9639,9639,212227237,08 41 53.498,+25 15 02.88,1,18.105999999999998,,,,08415349+2515028,4469-301-2-0131-0289,EXTENDED,gri,,10.0,3.0,-6.0,3.0,,,,,,,20.799,0.087,19.202,0.012,18.186,0.008,17.637,0.025,17.406,0.017,15.998,0.083,15.600999999999999,0.11800000000000001,14.527999999999999,0.083,,,,,,,,,,,,,,,,,,,,,,,,,,,
9640,9640,9640,212227259,08 47 01.794,+25 15 06.30,1,12.786,,,577-043468,08470179+2515062,,STAR,gri,rpm,-29.8,2.1,3.5,2.5,,,13.960999999999999,0.03,12.77,0.04,,,13.466,0.03,12.277999999999999,0.04,12.494000000000002,0.85,,,10.613,0.018000000000000002,9.977,0.021,9.852,0.018000000000000002,4127.0,115.0,49.0,4.845,0.02,0.102,-0.299,0.33,0.09,0.433,0.124,0.009000000000000001,0.494,0.131,0.01,5.925,0.355,2.2969999999999997,64.73,38.43,5.04,0.013000000000000001,0.006,0.002,,,
9641,9641,9641,212227299,08 42 30.838,+25 15 12.34,1,15.190999999999999,,,577-043307,08423085+2515125,,STAR,gri,rpm,-46.6,4.2,7.7,4.8,,,17.514,0.25,15.932,0.01,,,16.729,0.05,15.33,0.02,14.532,0.08,,,12.995999999999999,0.022000000000000002,12.33,0.019,12.103,0.023,3777.0,76.0,122.0,4.915,0.07200000000000001,0.045,0.016,0.1,0.12,0.358,0.044000000000000004,0.067,0.38799999999999996,0.057999999999999996,0.08199999999999999,8.117,3.67,1.5190000000000001,147.2,31.9,33.87,0.022000000000000002,0.006999999999999999,0.006,,,
9642,9642,9642,212227381,08 46 49.694,+25 15 27.34,1,18.294,,,,08464969+2515273,,STAR,JHK,col,,,,,,,,,,,,,,,,,,,,,15.617,0.068,14.83,0.069,14.5,0.085,4022.0,275.0,331.0,4.849,0.147,0.105,-0.172,0.2,0.28,0.41700000000000004,0.109,0.14300000000000002,0.457,0.141,0.188,6.224,7.022,2.6919999999999997,602.7,292.1,246.8,0.032,0.01,0.006999999999999999,,,
9643,9643,9643,212227462,08 46 31.822,+25 15 41.38,1,17.725,,,,08463182+2515413,,STAR,J,rpm,2.0,5.0,2.0,1.0,,,,,,,,,,,,,,,,,16.213,0.085,15.724,0.11699999999999999,15.135,0.127,3897.0,869.0,334.0,4.876,0.135,0.243,-0.185,0.2,0.36,0.364,0.28,0.122,0.43799999999999994,0.24600000000000002,0.21,6.3770000000000024,8.64,4.029,692.1,928.8,285.5,0.033,0.008,0.006999999999999999,,,
9644,9644,9644,212227508,08 53 07.379,+25 15 48.24,1,11.844000000000001,,1946-1160-1,577-043650,08530738+2515482,,STAR,gri,rpm,9.2,2.6,-3.4,2.6,,,12.216,0.18600000000000005,11.935,0.191,,,12.222999999999999,0.03,11.81,0.04,11.682,0.06,,,10.897,0.025,10.63,0.021,10.540999999999999,0.019,6062.0,144.0,120.0,4.121,0.27,0.225,-0.057,0.12,0.21,1.413,0.65,0.382,1.16,0.223,0.121,0.3,0.396,0.171,410.4,190.5,111.7,0.031,0.008,0.006999999999999999,,,
9645,9645,9645,212227521,08 40 14.441,+25 15 50.92,1,12.017000000000001,,,577-043238,08401444+2515508,,STAR,gri,rpm,1.2,1.3,-8.0,1.8,,,12.995999999999999,0.02,11.923,0.02,,,12.447000000000001,0.02,11.57,0.01,11.833,0.88,,,10.037,0.022000000000000002,9.475,0.022000000000000002,9.36,0.018000000000000002,4722.0,56.0,56.0,2.501,0.41600000000000004,0.156,-0.20600000000000002,0.15,0.21,10.127,1.597,3.758,1.165,0.184,0.154,0.001,0.003,0.00042,1429.0,193.7,513.1,0.035,0.01,0.008,,,
9646,9646,9646,212227531,08 40 55.019,+25 15 52.73,1,11.955,,,577-043258,08405501+2515528,,STAR,gri,rpm,-3.1,2.5,-11.6,0.8,,,12.897,0.01,11.859000000000002,0.01,,,12.372,0.02,11.514000000000001,0.01,11.777000000000001,0.86,,,10.067,0.019,9.543,0.021,9.434,0.018000000000000002,4779.0,76.0,57.0,2.8689999999999998,0.35,0.49,-0.21,0.18,0.15,6.511,3.991,2.474,1.161,0.191,0.159,0.004,0.01,0.003,929.9,549.3,298.3,0.033,0.01,0.008,,,
9647,9647,9647,212227533,08 53 00.882,+25 15 53.20,1,16.709,,,,08530088+2515532,4518-301-3-0040-0171,EXTENDED,gri,,2.0,3.0,6.0,1.0,,,,,,,18.908,0.045,17.542,0.006,16.748,0.005,16.352,0.005,16.061,0.011000000000000001,16.048,0.128,15.238,0.142,14.743,0.139,,,,,,,,,,,,,,,,,,,,,,,,,,,
9648,9648,9648,212227544,08 43 04.208,+25 15 55.09,1,10.491,,1945-1914-1,577-043324,08430421+2515551,,STAR,gri,rpm,-8.1,2.3,-6.3,2.3,,,10.708,0.055,10.286,0.052000000000000005,,,10.577,0.02,10.218,0.06,10.455,0.71,,,9.383,0.022000000000000002,9.145,0.019,9.101,0.018000000000000002,6271.0,149.0,149.0,3.975,0.312,0.26,-0.013000000000000001,0.12,0.15,1.974,0.966,0.75,1.3659999999999999,0.28300000000000003,0.20199999999999999,0.16399999999999998,0.381,0.10400000000000001,284.2,139.1,93.38,0.028999999999999998,0.008,0.006999999999999999,,,
9649,9649,9649,212227579,08 41 21.496,+25 16 00.41,1,15.174000000000001,,,577-043275,08412149+2516002,,STAR,gri,rpm,-4.1,4.3,-1.4,5.0,,,16.08,0.02,15.331,0.03,,,15.661,0.03,15.100999999999999,0.01,14.965,0.092,,,13.982999999999999,0.026000000000000002,13.644,0.027999999999999997,13.460999999999999,0.037000000000000005,5604.0,112.0,112.0,4.487,0.05,0.08,-0.204,0.2,0.24,0.885,0.135,0.085,0.9059999999999999,0.07,0.084,1.22,0.298,0.322,976.7,178.2,110.2,0.034,0.008,0.006999999999999999,,,
9650,9650,9650,212227602,08 38 02.681,+25 16 05.08,1,10.918,,1945-1265-1,577-043150,08380268+2516049,,STAR,gri,rpm,11.8,2.3,-3.8,2.3,,,12.492,0.26899999999999996,11.491,0.125,,,11.722999999999999,0.01,10.88,0.04,10.573,0.01,,,9.452,0.018000000000000002,8.949,0.016,8.828,0.018000000000000002,4798.0,77.0,58.0,2.511,0.598,0.156,-0.259,0.18,0.15,10.302999999999999,0.9520000000000001,5.224,1.163,0.247,0.154,0.001,0.008,0.000371,1095.0,121.2,522.0,0.034,0.01,0.006999999999999999,,,
9651,9651,9651,212227618,08 46 37.209,+25 16 08.00,1,17.682000000000006,,,,08463720+2516079,4508-301-5-0132-0275,EXTENDED,gri,,0.0,3.0,5.0,3.0,,,,,,,20.039,0.071,18.493,0.012,17.745,0.009000000000000001,17.335,0.011000000000000001,17.006,0.017,16.526,0.10800000000000001,15.722000000000001,0.11599999999999999,,,,,,,,,,,,,,,,,,,,,,,,,,,,,
9652,9652,9652,212227633,08 39 17.960,+25 16 11.76,1,14.690999999999999,,,577-043208,08391795+2516116,,STAR,gri,rpm,-3.1,4.5,-4.0,4.9,,,15.968,0.05,14.942,0.01,,,15.419,0.02,14.645999999999999,0.02,14.378,0.06,,,13.244000000000002,0.022000000000000002,12.739,0.023,12.62,0.025,4917.0,118.0,59.0,2.39,2.171,0.33399999999999996,-0.391,0.3,0.2,10.355,2.313,9.923,0.961,0.161,0.188,0.000866,1.2209999999999999,0.0005,6246.0,1348.0,6346.0,0.032,0.01,0.006,,,
9653,9653,9653,212227686,08 38 06.742,+25 16 21.34,1,14.362,,,577-043154,,,STAR,gri,,6.0,4.4,0.7,5.3,,,15.913,0.04,14.775,0.02,,,15.367,0.01,14.454,0.02,13.931,0.01,,,,,,,,,,,,,,,,,,,,,,,,,,,,,,,,,,,
9654,9654,9654,212227753,08 40 10.179,+25 16 34.56,1,17.594,,,,08401017+2516345,4335-301-3-0131-0157,EXTENDED,gri,,2.0,3.0,11.0,3.0,,,,,,,19.276,0.035,18.2,0.008,17.649,0.006999999999999999,17.334,0.006999999999999999,17.148,0.019,16.442999999999998,0.11199999999999999,15.908,0.14400000000000002,15.42,0.161,,,,,,,,,,,,,,,,,,,,,,,,,,,
9655,9655,9655,212227767,08 39 20.256,+25 16 38.51,1,11.149000000000001,,1945-1490-1,577-043210,08392025+2516383,,STAR,gri,rpm,-4.3,2.4,-6.0,2.4,,,11.404000000000002,0.078,11.092,0.09,,,11.206,0.04,10.878,0.02,11.125,0.71,,,10.021,0.02,9.826,0.021,9.762,0.019,6443.0,156.0,130.0,4.034,0.215,0.258,0.009000000000000001,0.12,0.15,1.801,0.894,0.45,1.412,0.257,0.161,0.188,0.293,0.115,384.2,188.8,111.5,0.031,0.008,0.006,,,
9656,9656,9656,212227777,08 51 59.667,+25 16 39.36,1,18.714000000000002,,,,,4518-301-3-0039-0040,STAR,gri,,-1.0,3.0,1.0,3.0,,,,,,,18.838,0.021,18.657,0.008,18.733,0.01,18.851,0.013000000000000001,18.651,0.033,,,,,,,,,,,,,,,,,,,,,,,,,,,,,,,,,
9657,9657,9657,212227784,08 40 40.628,+25 16 40.19,1,11.677,,1945-1706-1,577-043250,08404063+2516404,,STAR,gri,rpm,4.9,2.7,-59.6,2.7,,,12.247,0.21899999999999997,11.427,0.12300000000000001,,,11.802999999999999,0.03,11.235,0.02,11.622,0.9,,,10.101,0.019,9.692,0.021,9.593,0.018000000000000002,5434.0,105.0,126.0,4.5169999999999995,0.05,0.86,-0.248,0.2,0.56,0.856,1.365,0.084,0.892,0.054000000000000006,0.075,1.361,0.313,1.2890000000000001,154.5,233.6,16.8,0.023,0.006999999999999999,0.005,,,
9658,9658,9658,212227906,08 47 08.352,+25 17 02.37,1,13.834000000000001,,,577-043471,08470835+2517023,,STAR,gri,rpm,-1.1,2.6,-5.4,3.0,,,14.69,0.03,13.658,0.04,,,14.2,0.03,13.343,0.03,13.677,0.82,,,11.91,0.019,11.360999999999999,0.021,11.258,0.018000000000000002,4805.0,77.0,96.0,2.963,0.546,0.637,-0.223,0.2,0.4,5.084,4.675,2.131,1.04,0.18,0.18,0.006,0.026000000000000002,0.006,1902.0,1515.0,843.3,0.033,0.01,0.005,,,
9659,9659,9659,212227927,08 41 33.280,+25 17 05.06,1,17.454,,,,,4469-301-2-0131-0067,STAR,gri,,-27.0,3.0,-34.0,3.0,,,,,,,17.21,0.008,17.182000000000002,0.004,17.545,0.005,17.832,0.006999999999999999,18.135,0.023,,,,,,,,,,,,,,,,,,,,,,,,,,,,,,,,,
9660,9660,9660,212227952,08 40 46.797,+25 17 10.45,1,17.049,,,,,4469-301-2-0130-0045,EXTENDED,gri,,-6.0,3.0,4.0,3.0,,,,,,,19.19,0.066,17.727,0.008,17.097,0.006999999999999999,16.758,0.008,16.517,0.022000000000000002,,,,,,,,,,,,,,,,,,,,,,,,,,,,,,,,,
9661,9661,9661,212227955,08 47 02.346,+25 17 10.98,1,18.09,,,,08470234+2517109,,STAR,J,,4.0,8.0,6.0,2.0,,,,,,,,,,,,,,,,,16.547,0.126,,,,,,,,,,,,,,,,,,,,,,,,,,,,,,,
9662,9662,9662,212227959,08 46 07.810,+25 17 11.34,1,12.03,,1946-1516-1,577-043431,08460780+2517114,,STAR,gri,rpm,-8.1,2.4,-7.7,2.6,,,12.620999999999999,0.311,12.039000000000001,0.242,,,12.172,0.03,11.534,0.05,11.969000000000001,0.85,,,10.387,0.021,9.986,0.019,9.911,0.019,5296.0,128.0,107.0,3.408,0.9,1.08,-0.499,0.54,0.54,2.801,6.097,1.919,0.922,0.32799999999999996,0.035,0.027999999999999997,0.682,0.027000000000000003,542.7,1001.0,351.9,0.031,0.01,0.008,,,
9663,9663,9663,212227961,08 52 35.668,+25 17 11.97,1,9.789,,1946-1597-1,577-043633,08523566+2517120,,STAR,gri,rpm,-8.4,1.9,-11.8,1.9,,,10.13,0.028999999999999998,9.769,0.027000000000000003,,,10.181000000000001,0.03,9.74,0.04,9.621,0.06,,,9.044,0.037000000000000005,8.906,0.027999999999999997,8.763,0.022000000000000002,6201.0,149.0,149.0,3.897,0.37,0.185,0.051,0.12,0.12,2.108,0.716,0.7879999999999999,1.429,0.23800000000000002,0.23800000000000002,0.124,0.33399999999999996,0.064,274.9,98.5,106.5,0.03,0.01,0.008,,,
9664,9664,9664,212227986,08 45 41.979,+25 17 15.49,1,14.588,,,577-043416,08454198+2517155,,STAR,gri,rpm,11.2,4.7,-10.1,5.1,,,15.235,0.05,14.41,0.04,,,14.829,0.03,14.100999999999999,0.04,14.485,0.82,,,12.9,0.023,12.460999999999999,0.022000000000000002,12.353,0.022000000000000002,5143.0,104.0,83.0,4.5710000000000015,0.03,0.606,-0.146,0.2,0.28,0.7809999999999999,1.208,0.05,0.8490000000000001,0.086,0.07200000000000001,1.705,0.253,1.595,475.5,756.3,40.84,0.034,0.008,0.006999999999999999,,,
9665,9665,9665,212227997,08 45 59.221,+25 17 17.36,1,13.561,,,577-043427,08455922+2517173,,STAR,gri,rpm,-2.7,2.2,-6.4,2.6,,,14.312999999999999,0.02,13.383,0.04,,,13.84,0.03,13.109000000000002,0.03,13.442,0.82,,,11.745,0.021,11.254000000000001,0.021,11.173,0.019,4990.0,80.0,80.0,3.2710000000000004,0.354,0.826,-0.45799999999999996,0.25,0.3,3.6839999999999997,4.834,1.015,1.001,0.21,0.115,0.018000000000000002,0.031,0.017,1263.0,1571.0,337.4,0.032,0.011000000000000001,0.006,,,
9666,9666,9666,212228029,08 38 09.074,+25 17 22.65,1,15.762,,,,08380907+2517226,4469-301-3-0127-0020,EXTENDED,gri,,-5.0,3.0,11.0,3.0,,,,,,,18.648,0.022000000000000002,16.649,0.003,15.81,0.003,15.382,0.003,15.071,0.005,14.069,0.038,13.399000000000001,0.044000000000000004,13.062000000000001,0.043,,,,,,,,,,,,,,,,,,,,,,,,,,,
9667,9667,9667,212228037,08 44 34.448,+25 17 23.13,1,16.906,,,,08443444+2517231,4469-301-1-0135-0179,EXTENDED,gri,,-4.0,3.0,5.0,3.0,,,,,,,18.801,0.027999999999999997,17.524,0.006,17.003,0.005,16.641,0.005,16.439,0.013000000000000001,16.028,0.08199999999999999,15.395999999999999,0.09300000000000001,14.921,0.11699999999999999,,,,,,,,,,,,,,,,,,,,,,,,,,,
9668,9668,9668,212228045,08 45 50.175,+25 17 24.65,1,15.603,,,577-043419,08455018+2517246,,STAR,JHK,rpm,-3.6,4.2,-4.2,4.8,,,,,,,,,,,,,,,,,14.145,0.026000000000000002,13.64,0.026000000000000002,13.56,0.034,4964.0,149.0,149.0,4.6,0.035,0.903,-0.228,0.24,0.32,0.725,1.092,0.055999999999999994,0.789,0.081,0.067,1.96,0.34299999999999997,1.879,741.9,1355.0,76.1,0.033,0.008,0.006999999999999999,,,
9669,9669,9669,212228054,08 50 55.682,+25 17 26.37,1,17.219,,,,08505568+2517263,4508-301-4-0138-0146,EXTENDED,gri,,-6.0,3.0,-12.0,3.0,,,,,,,19.279,0.045,17.855,0.006999999999999999,17.315,0.006,16.947,0.006,16.745,0.016,15.953,0.08800000000000001,15.26,0.1,14.911,0.121,,,,,,,,,,,,,,,,,,,,,,,,,,,
9670,9670,9670,212228108,08 51 47.811,+25 17 38.89,1,13.073,,,577-043619,08514780+2517389,,STAR,gri,lam,2.9,1.5,4.3,1.9,,,13.886,0.044000000000000004,13.187999999999999,0.032,,,13.5,0.032,13.017999999999999,0.042,12.890999999999998,0.063,,,12.020999999999999,0.022000000000000002,11.722000000000001,0.026000000000000002,11.651,0.025,5076.0,155.0,124.0,2.595,0.552,0.207,-0.6679999999999999,0.15,0.18,7.348,2.1790000000000003,3.252,0.9229999999999999,0.154,0.022000000000000002,0.002,0.01,0.001,2700.0,867.5,1065.0,0.035,0.009000000000000001,0.009000000000000001,,,
9671,9671,9671,212228176,08 42 01.189,+25 17 49.60,1,17.788,,,,08420118+2517496,,STAR,J,col,,,,,,,,,,,,,,,,,,,,,16.271,0.095,15.554,0.107,14.868,0.10300000000000001,3613.0,346.0,288.0,5.013,0.12,0.14400000000000002,-0.128,0.2,0.28,0.242,0.145,0.078,0.24600000000000002,0.18600000000000005,0.10400000000000001,13.26,12.6,6.46,462.2,319.1,188.8,0.032,0.01,0.008,,,
9672,9672,9672,212228191,08 39 44.381,+25 17 52.18,1,11.825999999999999,,1945-1166-1,577-043225,08394438+2517521,,STAR,gri,rpm,0.0,2.5,-17.8,2.6,,,11.969000000000001,0.141,11.491,0.129,,,11.873,0.03,11.534,0.01,11.805,0.73,,,10.71,0.022000000000000002,10.493,0.022000000000000002,10.417,0.018000000000000002,6335.0,126.0,101.0,4.1160000000000005,0.155,0.248,-0.044000000000000004,0.12,0.21,1.5759999999999998,0.5579999999999999,0.307,1.271,0.171,0.122,0.294,0.235,0.179,439.1,167.0,90.31,0.03,0.013000000000000001,0.006999999999999999,,,
9673,9673,9673,212228214,08 43 33.132,+25 17 56.70,1,14.431,,,577-043346,08433313+2517568,,STAR,gri,col,,,,,,,15.796,0.04,14.609000000000002,0.01,,,15.28,0.02,14.075999999999999,0.01,14.068,0.81,,,12.33,0.021,11.654000000000002,0.022000000000000002,11.523,0.018000000000000002,4170.0,67.0,83.0,4.773,0.035,0.035,-0.065,0.2,0.2,0.517,0.037000000000000005,0.048,0.5870000000000001,0.04,0.055999999999999994,4.05,0.8640000000000001,0.523,186.3,27.1,28.02,0.024,0.006,0.005,,,
9674,9674,9674,212228238,08 40 44.041,+25 18 00.21,1,12.789000000000001,,,577-043252,08404404+2518001,,STAR,gri,rpm,-17.2,1.7,-12.0,3.0,,,13.328,0.02,12.575999999999999,0.01,,,12.911,0.02,12.345,0.01,12.737,0.85,,,11.227,0.019,10.863,0.021,10.787,0.019,5561.0,111.0,111.0,4.502,0.04,0.08,-0.087,0.15,0.24,0.9109999999999999,0.129,0.08199999999999999,0.9440000000000001,0.071,0.08199999999999999,1.247,0.27,0.335,280.5,48.0,29.93,0.028999999999999998,0.008,0.006999999999999999,,,
9675,9675,9675,212228246,08 42 02.160,+25 18 01.73,1,18.339000000000002,,,,08420216+2518017,,STAR,J,col,,,,,,,,,,,,,,,,,,,,,16.779,0.158,15.573,0.11599999999999999,15.234000000000002,0.14400000000000002,3964.0,306.0,367.0,4.882,0.15,0.125,-0.254,0.25,0.3,0.374,0.121,0.149,0.413,0.13699999999999998,0.192,7.422999999999999,8.929,3.6510000000000002,968.0,487.0,420.9,0.033,0.01,0.006999999999999999,,,
9676,9676,9676,212228276,08 43 50.622,+25 18 05.89,1,18.769000000000002,,,,,4335-301-2-0135-0096,STAR,gri,,1.0,3.0,0.0,3.0,,,,,,,19.085,0.021,18.93,0.009000000000000001,18.715,0.009000000000000001,18.77,0.012,18.74,0.031,,,,,,,,,,,,,,,,,,,,,,,,,,,,,,,,,
9677,9677,9677,212228288,08 47 38.770,+25 18 09.36,1,17.541,,,,08473876+2518093,,STAR,J,col,,,,,,,,,,,,,,,,,,,,,16.042,0.08,15.289000000000001,0.096,14.543,0.083,3492.0,260.0,939.0,5.059,0.18899999999999997,0.105,-0.091,0.15,0.24,0.21600000000000005,0.09699999999999999,0.096,0.20600000000000002,0.14800000000000002,0.099,16.99,28.11,7.758999999999999,322.9,204.4,213.2,0.027999999999999997,0.011000000000000001,0.013000000000000001,,,
9678,9678,9678,212228336,08 46 24.699,+25 18 18.71,1,14.939,,,577-043446,08462469+2518186,,STAR,gri,rpm,-28.9,4.4,25.4,5.0,,,16.387,0.04,15.044,0.01,,,15.835,0.05,14.467,0.03,14.555,0.85,,,12.56,0.022000000000000002,11.905999999999999,0.018000000000000002,11.749,0.02,3976.0,63.0,79.0,4.8610000000000015,0.035,0.049,-0.125,0.2,0.16,0.41600000000000004,0.051,0.038,0.474,0.057,0.048,6.15,1.244,1.22,151.5,24.21,15.22,0.022000000000000002,0.006,0.006,,,
9679,9679,9679,212228365,08 45 55.744,+25 18 24.21,1,16.937,,,,08455574+2518242,4469-301-1-0137-0262,STAR,gri,rpm,-46.0,3.0,-56.0,3.0,,,,,,,21.655,0.133,18.898,0.009000000000000001,17.465999999999998,0.005,16.096,0.004,15.353,0.005,13.934000000000001,0.023,13.276,0.023,13.017999999999999,0.027000000000000003,3619.0,87.0,87.0,5.027,0.048,0.04,-0.107,0.16,0.2,0.25,0.043,0.036000000000000004,0.254,0.055999999999999994,0.046,14.53,4.625,2.989,152.4,27.48,27.49,0.022000000000000002,0.01,0.006,,,
9680,9680,9680,212228389,08 39 31.757,+25 18 27.84,1,12.779000000000002,,,577-043218,08393175+2518278,,STAR,gri,rpm,-3.9,2.5,-11.7,1.8,,,13.648,0.02,12.762,0.02,,,13.171,0.03,12.485,0.02,12.610999999999999,0.71,,,11.18,0.022000000000000002,10.76,0.022000000000000002,10.673,0.019,5162.0,126.0,84.0,3.676,0.805,0.46,-0.27699999999999997,0.25,0.45,2.33,1.6269999999999998,1.432,0.993,0.249,0.10400000000000001,0.051,0.628,0.043,665.8,401.7,406.8,0.032,0.011000000000000001,0.008,,,
9681,9681,9681,212228414,08 46 32.566,+25 18 32.77,1,12.932,,,577-043450,08463256+2518327,,STAR,gri,lam,1.8,2.1,-5.4,2.5,,,13.868,0.02,12.774000000000001,0.03,,,13.349,0.03,12.436,0.03,12.753,0.84,,,10.919,0.021,10.306,0.016,10.197000000000001,0.018000000000000002,4720.0,94.0,75.0,2.458,0.08,0.14400000000000002,-0.496,0.15,0.15,9.597000000000001,1.8619999999999999,0.885,0.973,0.11599999999999999,0.048,0.001,0.000328,0.00041,2047.0,402.6,209.1,0.035,0.006999999999999999,0.008,,,
9682,9682,9682,212228430,08 48 08.955,+25 18 37.93,1,13.487,,,577-043494,08480896+2518379,,STAR,gri,rpm,-6.7,2.0,-24.5,2.5,,,13.742,0.02,13.149000000000001,0.05,,,13.453,0.03,12.978,0.05,13.502,0.9,,,12.06,0.02,11.748,0.017,11.702,0.02,5882.0,140.0,140.0,4.373,0.1,0.24,-0.222,0.2,0.28,1.038,0.353,0.11900000000000001,0.9740000000000001,0.062,0.087,0.826,0.354,0.475,509.7,154.8,82.61,0.03,0.006999999999999999,0.006,,,
9683,9683,9683,212228530,08 51 18.398,+25 18 57.30,1,17.894000000000005,,,,08511839+2518572,4508-301-4-0138-0226,EXTENDED,gri,,2.0,3.0,0.0,3.0,,,,,,,20.7,0.10099999999999999,18.838,0.011000000000000001,17.896,0.008,17.489,0.006999999999999999,17.141,0.017,16.090999999999998,0.091,15.392999999999999,0.10099999999999999,15.36,0.17300000000000001,,,,,,,,,,,,,,,,,,,,,,,,,,,
9684,9684,9684,212228536,08 43 15.206,+25 18 57.83,1,17.487000000000002,,,,08431520+2518578,4335-301-2-0135-0164,EXTENDED,gri,,8.0,13.0,10.0,2.0,,,,,,,20.43,0.092,18.525,0.01,17.524,0.006999999999999999,17.042,0.006,16.622,0.013000000000000001,16.052,0.078,15.35,0.081,14.841,0.10300000000000001,,,,,,,,,,,,,,,,,,,,,,,,,,,
9685,9685,9685,212228563,08 46 08.352,+25 19 02.13,1,9.781,,1946-1802-1,577-043433,08460835+2519022,,STAR,gri,rpm,-50.2,1.3,-27.3,1.2,,,9.965,0.033,9.544,0.027999999999999997,,,10.168,0.02,9.517999999999999,0.07,9.613999999999999,0.84,,,8.279,0.021,8.015,0.018000000000000002,7.93,0.02,5783.0,171.0,103.0,4.306,0.135,0.37799999999999995,0.111,0.15,0.15,1.193,0.767,0.22899999999999998,1.083,0.16,0.053,0.579,0.484,0.439,99.56,68.74,18.86,0.016,0.006999999999999999,0.005,,,
9686,9686,9686,212228567,08 50 48.868,+25 19 02.72,1,14.485999999999999,,,577-043589,08504887+2519026,,STAR,gri,rpm,-2.5,3.1,-1.0,3.4,,,15.847999999999999,0.03,14.76,0.042,,,15.329,0.043,14.448,0.049,14.125,0.07400000000000001,,,12.722999999999999,0.02,12.145999999999999,0.017,12.002,0.015,4669.0,112.0,75.0,2.589,1.7990000000000002,1.285,-0.425,0.4,1.2,5.731,17.085,5.103,0.847,0.154,0.115,0.002,1.6369999999999998,0.002,3687.0,9793.0,3330.0,0.037000000000000005,0.009000000000000001,0.009000000000000001,,,
9687,9687,9687,212228581,08 44 06.963,+25 19 04.53,1,14.331,,,577-043366,08440697+2519045,,STAR,gri,rpm,-26.0,4.6,47.7,5.1,,,16.156,0.04,14.61,0.040999999999999995,,,15.538,0.06,14.07,0.02,13.812999999999999,0.73,,,11.933,0.021,11.280999999999999,0.021,11.099,0.019,3888.0,62.0,125.0,4.901,0.07200000000000001,0.04,-0.099,0.12,0.15,0.38,0.04,0.068,0.424,0.046,0.09300000000000001,7.524,3.352,1.492,102.3,16.79,22.09,0.016,0.005,0.004,,,
9688,9688,9688,212228588,08 40 33.758,+25 19 05.77,1,14.794,,,577-043245,08403375+2519057,4335-301-3-0131-0086,STAR,gri,rpm,-3.5,4.5,-13.8,5.0,,,16.203,0.01,14.935,0.01,,,15.629000000000001,0.01,14.425,0.03,14.436,0.88,,,12.317,0.019,11.647,0.022000000000000002,11.51,0.019,4179.0,65.0,82.0,4.768,0.025,0.03,0.0,0.12,0.12,0.525,0.04,0.032,0.589,0.043,0.036000000000000004,4.041,0.493,0.521,179.2,23.72,17.64,0.022000000000000002,0.005,0.004,,,
9689,9689,9689,212228621,08 44 27.758,+25 19 10.08,1,17.936,,,,08442775+2519100,,STAR,JHK,rpm,8.0,6.0,6.0,2.0,,,,,,,,,,,,,,,,,15.507,0.055,14.872,0.063,14.588,0.085,4020.0,392.0,326.0,4.845,0.13,0.13,-0.172,0.2,0.28,0.43,0.146,0.127,0.48200000000000004,0.14800000000000002,0.177,5.483,5.92,2.505,586.2,311.3,203.3,0.033,0.008,0.006999999999999999,,,
9690,9690,9690,212228643,08 43 26.368,+25 19 13.00,1,14.446,,,577-043343,08432636+2519130,,STAR,gri,rpm,-2.4,4.7,-3.8,5.1,,,15.304,0.03,14.446,0.04,,,14.866,0.04,14.140999999999998,0.01,14.265,0.64,,,12.845999999999998,0.021,12.378,0.023,12.28,0.022000000000000002,5057.0,100.0,80.0,3.658,0.9,0.36,-0.28300000000000003,0.25,0.3,2.403,0.9990000000000001,1.716,0.9259999999999999,0.195,0.139,0.071,1.945,0.05,1342.0,661.2,938.4,0.033,0.008,0.006999999999999999,,,
9691,9691,9691,212228647,08 46 50.852,+25 19 13.97,1,13.704,,,577-043464,08465085+2519139,,STAR,gri,rpm,-45.3,2.5,2.3,2.9,,,14.514000000000001,0.02,13.548,0.03,,,14.069,0.03,13.198,0.04,13.548,0.85,,,11.879000000000001,0.021,11.355,0.018000000000000002,11.26,0.018000000000000002,4832.0,95.0,95.0,4.623,0.025,0.025,-0.151,0.2,0.2,0.695,0.045,0.042,0.755,0.055,0.055,2.198,0.268,0.284,242.8,27.63,24.81,0.027999999999999997,0.008,0.006999999999999999,,,
9692,9692,9692,212228671,08 45 03.787,+25 19 18.03,1,17.793,,,,08450378+2519180,4469-301-1-0136-0118,STAR,gri,rpm,-24.0,3.0,-53.0,3.0,,,,,,,21.197,0.091,18.828,0.009000000000000001,17.798,0.006,17.349,0.006,17.112000000000002,0.012,16.082,0.08,15.335999999999999,0.078,15.307,0.14400000000000002,4333.0,43.0,43.0,4.91,0.042,0.02,-1.071,0.09,0.18,0.382,0.013000000000000001,0.036000000000000004,0.436,0.018000000000000002,0.042,7.7079999999999975,1.666,0.46299999999999997,763.8,35.26,83.69,0.035,0.011000000000000001,0.008,,,
9693,9693,9693,212228681,08 40 07.857,+25 19 19.57,1,17.924,,,,08400785+2519195,4335-301-3-0131-0173,EXTENDED,gri,,-3.0,3.0,-2.0,3.0,,,,,,,19.901,0.049,18.605999999999998,0.009000000000000001,17.977999999999994,0.008,17.632,0.008,17.357,0.021,16.35,0.09699999999999999,16.053,0.16,15.54,0.18899999999999997,,,,,,,,,,,,,,,,,,,,,,,,,,,
9694,9694,9694,212228684,08 40 21.314,+25 19 20.91,1,15.600999999999999,,,577-043240,08402131+2519209,,STAR,gri,rpm,5.2,4.1,-43.5,4.8,,,17.46,0.05,15.964,0.05,,,16.796,0.1,15.33,0.02,15.089,0.85,,,12.882,0.023,12.199000000000002,0.022000000000000002,11.987,0.021,3937.0,117.0,117.0,4.848,0.049,0.035,0.001,0.12,0.18,0.43,0.04,0.051,0.48200000000000004,0.045,0.063,5.898,1.6130000000000002,0.935,180.6,19.71,27.59,0.023,0.006999999999999999,0.006,,,
9695,9695,9695,212228687,08 46 43.527,+25 19 21.32,1,18.387,,,,08464352+2519213,,STAR,J,,,,,,,,,,,,,,,,,,,,,,16.823,0.14800000000000002,16.169,0.177,,,,,,,,,,,,,,,,,,,,,,,,,,,,,
9696,9696,9696,212228695,08 51 12.932,+25 19 22.46,1,15.29,,,577-043601,08511294+2519226,,STAR,gri,rpm,-23.0,3.0,-27.7,3.4,,,17.094,0.09,15.880999999999998,0.062,,,16.559,0.061,15.384,0.061,14.745999999999999,0.085,,,13.219000000000001,0.022000000000000002,12.59,0.018000000000000002,12.446,0.023,4018.0,159.0,127.0,4.843,0.045,0.07200000000000001,-0.127,0.18,0.21,0.442,0.068,0.05,0.5,0.081,0.069,5.585,1.676,1.473,216.2,52.49,27.46,0.026000000000000002,0.006,0.006,,,
9697,9697,9697,212228736,08 38 58.853,+25 19 28.96,1,17.625999999999994,,,,08385885+2519289,4469-301-3-0128-0080,EXTENDED,gri,,3.0,3.0,4.0,3.0,,,,,,,20.961,0.155,19.007,0.013999999999999999,17.601,0.006999999999999999,17.034000000000002,0.006999999999999999,16.7,0.016,15.902000000000001,0.07400000000000001,15.261,0.08,14.47,0.075,,,,,,,,,,,,,,,,,,,,,,,,,,,
9698,9698,9698,212228761,08 38 57.013,+25 19 33.30,1,12.567,,,577-043193,08385700+2519333,,STAR,gri,rpm,-2.6,1.2,-17.9,1.3,,,13.187000000000001,0.02,12.482999999999999,0.01,,,12.783,0.03,12.280999999999999,0.02,12.474,0.71,,,11.216,0.021,10.873,0.016,10.835,0.019,5769.0,114.0,114.0,4.449,0.05,0.34,-0.057,0.12,0.27,0.996,0.6970000000000001,0.094,1.016,0.07,0.11199999999999999,0.998,0.264,0.79,310.6,187.6,36.32,0.028999999999999998,0.01,0.005,,,
9699,9699,9699,212228773,08 51 38.684,+25 19 35.06,1,16.85,,,,08513868+2519350,4508-301-4-0139-0355,EXTENDED,gri,,-2.0,3.0,0.0,3.0,,,,,,,19.23,0.038,17.687,0.006,16.889,0.005,16.491,0.005,16.194000000000006,0.01,15.359000000000002,0.055999999999999994,14.67,0.06,14.366,0.07200000000000001,,,,,,,,,,,,,,,,,,,,,,,,,,,
9700,9700,9700,212228792,08 38 01.377,+25 19 38.92,1,15.044,,,577-043148,08380135+2519390,4469-301-3-0127-0109,EXTENDED,gri,,11.9,5.8,-11.4,5.7,,,16.53,0.04,15.45,0.05,,,15.953,0.02,15.109000000000002,0.01,14.654000000000002,0.04,,,13.632,0.036000000000000004,12.99,0.040999999999999995,12.627,0.038,,,,,,,,,,,,,,,,,,,,,,,,,,,
9701,9701,9701,212228800,08 50 51.789,+25 19 40.90,1,14.282,,,577-043592,08505178+2519408,,STAR,gri,rpm,2.7,3.2,2.2,3.5,,,15.578,0.03,14.600999999999999,0.040999999999999995,,,15.08,0.040999999999999995,14.258,0.047,13.94,0.071,,,12.811,0.02,12.323,0.017,12.205,0.017,4918.0,98.0,78.0,3.5439999999999996,0.9790000000000001,0.445,-0.18600000000000005,0.25,0.3,2.8480000000000003,1.911,2.0980000000000003,1.0170000000000001,0.233,0.233,0.034,1.574,0.026000000000000002,1490.0,977.2,1089.0,0.035,0.008,0.006999999999999999,,,
9702,9702,9702,212228802,08 42 50.517,+25 19 41.86,1,12.957,,,577-043318,08425051+2519418,,STAR,gri,rpm,4.1,1.2,-6.7,1.7,,,13.383,0.03,12.824000000000002,0.02,,,13.062999999999999,0.02,12.67,0.01,12.911,0.72,,,11.722999999999999,0.021,11.422,0.021,11.378,0.02,6082.0,96.0,96.0,4.204,0.162,0.243,-0.22399999999999998,0.2,0.32,1.304,0.45299999999999996,0.222,1.063,0.153,0.128,0.424,0.28800000000000003,0.239,556.2,187.9,109.1,0.034,0.01,0.008,,,
9703,9703,9703,212228821,08 38 04.968,+25 19 45.90,1,14.220999999999998,,,,08380496+2519459,4469-301-3-0127-0110,EXTENDED,gri,,-4.0,3.0,10.0,3.0,,,,,,,16.631,0.015,15.030999999999999,0.003,14.277999999999999,0.002,13.874,0.002,13.517999999999999,0.005,14.581,0.063,13.954,0.07400000000000001,13.700999999999999,0.071,,,,,,,,,,,,,,,,,,,,,,,,,,,
9704,9704,9704,212228834,08 47 14.959,+25 19 47.64,1,17.726,,,,08471495+2519476,4508-301-5-0133-0223,EXTENDED,gri,,0.0,3.0,-4.0,3.0,,,,,,,20.601,0.073,18.629,0.009000000000000001,17.756,0.006,17.339000000000002,0.006,17.066,0.012,16.153,0.084,15.494000000000002,0.1,15.142999999999999,0.124,,,,,,,,,,,,,,,,,,,,,,,,,,,
9705,9705,9705,212228839,08 50 38.939,+25 19 48.65,1,13.511,,,577-043582,08503894+2519486,,STAR,gri,rpm,-30.9,2.5,-16.8,2.7,,,14.824000000000002,0.051,13.777999999999999,0.034,,,14.300999999999998,0.035,13.467,0.043,13.172,0.064,,,11.997,0.019,11.512,0.017,11.4,0.013999999999999999,4949.0,99.0,99.0,4.607,0.024,0.032,-0.121,0.2,0.2,0.726,0.040999999999999995,0.039,0.7959999999999999,0.031,0.062,2.037,0.171,0.275,276.0,23.16,21.37,0.027999999999999997,0.006999999999999999,0.005,,,
9706,9706,9706,212228847,08 46 47.501,+25 19 50.83,1,13.429,,,577-043460,08464749+2519508,,STAR,gri,rpm,-9.5,2.7,-20.4,3.0,,,14.692,0.05,13.694,0.03,,,14.24,0.03,13.364,0.04,13.081,0.064,,,11.960999999999999,0.022000000000000002,11.415999999999999,0.016,11.312999999999999,0.018000000000000002,4797.0,77.0,96.0,4.618,0.03,0.025,-0.015,0.12,0.15,0.71,0.037000000000000005,0.035,0.778,0.037000000000000005,0.031,2.093,0.255,0.228,257.3,20.31,22.42,0.026000000000000002,0.006,0.006999999999999999,,,
9707,9707,9707,212228853,08 51 35.049,+25 19 51.56,1,13.527000000000001,,,577-043611,08513505+2519515,,STAR,gri,rpm,-13.6,2.3,-18.0,2.7,,,15.26,0.02,13.998,0.036000000000000004,,,14.677999999999999,0.037000000000000005,13.474,0.043,13.034,0.063,,,11.622,0.019,11.043,0.016,10.949000000000002,0.02,4294.0,125.0,225.0,4.7360000000000015,0.08,0.05,-0.05,0.15,0.12,0.5579999999999999,0.05,0.087,0.634,0.049,0.09,3.465,1.463,0.616,147.7,18.4,33.62,0.021,0.005,0.005,,,
9708,9708,9708,212228886,08 41 25.396,+25 19 56.81,1,17.749000000000006,,,,08412539+2519568,,STAR,J,rpm,16.0,3.0,54.0,15.0,,,,,,,,,,,,,,,,,16.235,0.09,15.853,0.131,15.197000000000001,0.136,3389.0,313.0,438.0,5.113,0.095,0.114,-0.168,0.2,0.32,0.184,0.075,0.045,0.16899999999999998,0.10400000000000001,0.052000000000000005,24.1,15.44,10.8,300.9,176.0,127.7,0.027000000000000003,0.008,0.008,,,
9709,9709,9709,212228899,08 40 28.821,+25 19 58.74,1,14.569,,,577-043244,08402882+2519586,,STAR,gri,rpm,5.2,4.7,-6.4,5.1,,,15.287,0.01,14.427999999999999,0.02,,,14.821,0.02,14.136,0.01,14.460999999999999,0.78,,,12.907,0.023,12.495,0.023,12.374,0.021,5249.0,85.0,106.0,4.5360000000000005,0.04,0.792,-0.106,0.2,0.32,0.843,1.581,0.08199999999999999,0.895,0.11199999999999999,0.08,1.501,0.28300000000000003,1.4180000000000001,529.7,966.0,56.52,0.034,0.008,0.006,,,
9710,9710,9710,212228900,08 41 22.496,+25 19 58.83,1,17.952,,,,08412249+2519588,,STAR,JHK,col,,,,,,,,,,,,,,,,,,,,,15.732999999999999,0.068,15.05,0.073,14.885,0.11199999999999999,4063.0,357.0,357.0,4.82,0.156,0.13,-0.23,0.25,0.3,0.42100000000000004,0.129,0.131,0.484,0.133,0.187,5.225,6.2860000000000005,2.253,725.6,345.2,304.8,0.032,0.01,0.006999999999999999,,,
9711,9711,9711,212228994,08 46 36.838,+25 20 14.87,1,13.552999999999999,,,577-043452,08463683+2520149,,STAR,gri,lam,5.1,2.1,0.5,2.5,,,13.954,0.03,13.258,0.03,,,13.581,0.03,13.075999999999999,0.03,13.54,0.85,,,12.107999999999999,0.021,11.757,0.016,11.72,0.02,5655.0,168.0,135.0,3.832,0.07200000000000001,0.096,-0.355,0.12,0.15,2.066,0.39299999999999996,0.226,1.081,0.16,0.1,0.11900000000000001,0.031,0.037000000000000005,950.4,167.3,91.58,0.034,0.011000000000000001,0.009000000000000001,,,
9712,9712,9712,212228997,08 51 19.622,+25 20 15.87,1,10.659,,1946-1515-1,577-043604,08511962+2520156,,STAR,gri,,-4.6,2.3,3.1,2.3,,,11.370999999999999,0.065,10.901,0.067,,,10.882,0.03,10.585,0.04,10.488,0.06,,,9.794,0.02,,,,,,,,,,,,,,,,,,,,,,,,,,,,,,,
9713,9713,9713,212229001,08 52 21.064,+25 20 16.55,1,15.033,,,577-043630,08522106+2520165,4508-301-4-0140-0074,STAR,gri,rpm,-3.3,3.1,-1.4,3.5,,,15.91,0.04,15.318,0.05,,,15.577,0.046,14.972000000000001,0.055,14.8,0.087,,,13.956,0.027000000000000003,13.561,0.038,13.447000000000001,0.03,5428.0,164.0,164.0,4.5169999999999995,0.06,0.63,-0.267,0.25,0.35,0.847,0.884,0.087,0.884,0.066,0.09300000000000001,1.391,0.34,1.228,886.9,493.1,114.4,0.033,0.01,0.006999999999999999,,,
9714,9714,9714,212229053,08 38 42.117,+25 20 23.88,1,15.35,,,577-043180,08384211+2520238,,STAR,gri,rpm,5.7,4.5,-2.9,5.0,,,16.593,0.04,15.629000000000001,0.07,,,16.051,0.02,15.28,0.02,15.05,0.09,,,13.95,0.026000000000000002,13.55,0.023,13.425999999999998,0.035,5101.0,82.0,61.0,4.567,0.036000000000000004,0.03,-0.022000000000000002,0.16,0.2,0.794,0.045,0.059000000000000004,0.848,0.045,0.055,1.6640000000000001,0.273,0.198,773.3,55.31,68.04,0.036000000000000004,0.01,0.008,,,
9715,9715,9715,212229054,08 41 12.879,+25 20 23.93,1,17.921,,,,08411287+2520239,,STAR,J,col,,,,,,,,,,,,,,,,,,,,,16.393,0.109,15.953,0.14300000000000002,15.214,0.138,3635.0,477.0,298.0,5.004,0.115,0.161,-0.179,0.2,0.32,0.255,0.151,0.08199999999999999,0.257,0.198,0.11,13.41,12.15,7.975,490.7,420.5,197.7,0.031,0.008,0.006999999999999999,,,
9716,9716,9716,212229098,08 41 19.248,+25 20 31.93,1,11.433,,1945-1990-1,577-043273,08411925+2520321,,STAR,gri,rpm,-29.6,2.1,-18.9,2.1,,,11.809000000000001,0.135,11.040999999999999,0.096,,,11.4,0.03,11.009,0.03,11.447000000000001,0.88,,,10.062999999999999,0.022000000000000002,9.809,0.021,9.72,0.018000000000000002,6118.0,147.0,123.0,4.216,0.135,0.18899999999999997,-0.113,0.15,0.21,1.335,0.371,0.214,1.125,0.113,0.113,0.444,0.276,0.218,261.8,66.57,45.04,0.027999999999999997,0.008,0.006,,,
9717,9717,9717,212229110,08 51 55.551,+25 20 34.65,1,17.835,,,,08515555+2520346,4508-301-4-0139-0405,EXTENDED,gri,,0.0,3.0,4.0,3.0,,,,,,,21.248,0.158,19.032,0.012,17.814,0.006999999999999999,17.322,0.006999999999999999,16.954,0.015,15.902000000000001,0.08800000000000001,15.304,0.12,14.673,0.099,,,,,,,,,,,,,,,,,,,,,,,,,,,
9718,9718,9718,212229126,08 44 21.265,+25 20 38.05,1,17.789,,,,08442126+2520380,,STAR,J,col,,,,,,,,,,,,,,,,,,,,,16.272000000000002,0.098,15.504000000000001,0.09699999999999999,14.690999999999999,0.09,3447.0,231.0,1201.0,5.092,0.21,0.105,-0.098,0.16,0.24,0.18899999999999997,0.079,0.08900000000000001,0.187,0.106,0.106,20.74,44.85,9.079,311.3,182.1,233.1,0.026000000000000002,0.01,0.013999999999999999,,,
9719,9719,9719,212229148,08 39 50.707,+25 20 41.39,1,13.955,,,577-043229,08395070+2520414,,STAR,gri,rpm,-14.2,2.9,-5.7,3.2,,,14.969000000000001,0.03,14.202,0.03,,,14.552,0.02,13.965,0.02,13.698,0.07,,,12.774000000000001,0.023,12.347000000000001,0.022000000000000002,12.252,0.021,5322.0,147.0,105.0,3.8280000000000003,0.738,0.4920000000000001,-0.591,0.4,0.48,1.8430000000000002,1.3869999999999998,1.139,0.88,0.062,0.087,0.133,1.7409999999999999,0.11199999999999999,1063.0,699.7,642.5,0.033,0.008,0.006,,,
9720,9720,9720,212229168,08 47 43.314,+25 20 44.32,1,17.037,,,,,4508-301-5-0134-0244,EXTENDED,gri,,2.0,3.0,-2.0,3.0,,,,,,,18.748,0.054000000000000006,17.585,0.012,17.092,0.01,16.802,0.011000000000000001,16.64,0.033,,,,,,,,,,,,,,,,,,,,,,,,,,,,,,,,,
9721,9721,9721,212229177,08 46 46.288,+25 20 47.36,1,17.273,,,,08464628+2520473,4508-301-5-0133-0116,STAR,gri,rpm,-53.0,3.0,-66.0,3.0,,,,,,,22.139,0.16699999999999998,19.144000000000002,0.01,17.777,0.006,16.471,0.005,15.767999999999999,0.006,14.059000000000001,0.028999999999999998,13.419,0.027000000000000003,13.215,0.032,3770.0,112.0,89.0,4.974,0.03,0.06,-0.203,0.2,0.24,0.31,0.044000000000000004,0.039,0.33299999999999996,0.044000000000000004,0.053,10.98,2.069,2.65,207.4,34.04,34.57,0.025,0.006999999999999999,0.005,,,
9722,9722,9722,212229232,08 44 19.952,+25 20 58.05,1,17.164,,,,08441995+2520580,,STAR,J,col,,,,,,,,,,,,,,,,,,,,,15.690999999999999,0.061,14.946,0.063,14.546,0.077,3831.0,318.0,382.0,4.923,0.14,0.14,-0.155,0.2,0.28,0.324,0.16399999999999998,0.12300000000000001,0.353,0.166,0.166,8.884,10.91,4.328,506.7,287.1,236.4,0.031,0.01,0.008,,,
9723,9723,9723,212229239,08 41 09.642,+25 20 58.60,1,13.52,,,577-043271,08410964+2520585,,STAR,gri,rpm,-4.9,3.1,-0.8,2.1,,,14.333,0.02,13.372,0.01,,,13.837,0.03,13.064,0.03,13.384,0.89,,,11.657,0.022000000000000002,11.192,0.021,11.082,0.019,4986.0,81.0,81.0,3.367,0.336,0.672,-0.258,0.25,0.3,3.4789999999999996,3.08,1.033,1.099,0.18,0.18,0.023,0.054000000000000006,0.021,1133.0,908.0,316.0,0.033,0.011000000000000001,0.006999999999999999,,,
9724,9724,9724,212229244,08 47 13.299,+25 20 59.89,1,15.744000000000002,,,,08471329+2520598,4508-301-5-0133-0204,EXTENDED,gri,,-4.0,3.0,3.0,3.0,,,,,,,18.703,0.031,16.708,0.004,15.777999999999999,0.003,15.331,0.003,15.019,0.005,14.622,0.043,13.865,0.046,13.538,0.047,,,,,,,,,,,,,,,,,,,,,,,,,,,
9725,9725,9725,212229254,08 41 10.704,+25 21 01.57,1,17.88,,,,08411070+2521015,,STAR,JHK,col,,,,,,,,,,,,,,,,,,,,,16.055999999999994,0.084,15.331,0.08800000000000001,15.327,0.155,4118.0,414.0,345.0,4.8210000000000015,0.14400000000000002,0.12,-0.263,0.25,0.35,0.455,0.127,0.14800000000000002,0.51,0.126,0.17600000000000002,5.183,5.6960000000000015,2.131,850.2,381.5,344.2,0.032,0.01,0.006999999999999999,,,
9726,9726,9726,212229256,08 40 01.708,+25 21 01.97,1,17.247,,,,08400170+2521019,4335-301-3-0131-0167,EXTENDED,gri,,6.0,3.0,0.0,3.0,,,,,,,19.814,0.052000000000000005,18.145,0.006999999999999999,17.279,0.005,16.862000000000002,0.005,16.480999999999998,0.011000000000000001,15.753,0.068,15.059000000000001,0.07400000000000001,14.71,0.091,,,,,,,,,,,,,,,,,,,,,,,,,,,
9727,9727,9727,212229266,08 41 07.409,+25 21 04.07,1,16.686,,,,08410740+2521040,,STAR,J,,8.0,2.0,16.0,3.0,,,,,,,,,,,,,,,,,15.245999999999999,0.055,,,,,,,,,,,,,,,,,,,,,,,,,,,,,,,
9728,9728,9728,212229276,08 39 55.867,+25 21 05.31,1,18.319000000000006,,,,08395586+2521053,,STAR,J,,,,,,,,,,,,,,,,,,,,,,16.76,0.14300000000000002,16.212,0.187,,,,,,,,,,,,,,,,,,,,,,,,,,,,,
9729,9729,9729,212229288,08 41 29.283,+25 21 07.11,1,13.715,,,577-043278,08412928+2521070,,STAR,gri,rpm,-2.3,2.4,2.7,2.7,,,14.546,0.02,13.579,0.02,,,14.046,0.03,13.269,0.02,13.573,0.87,,,11.860999999999999,0.022000000000000002,11.37,0.022000000000000002,11.267000000000001,0.019,4948.0,59.0,78.0,3.217,0.37799999999999995,0.7559999999999999,-0.303,0.2,0.28,3.949,5.1979999999999995,1.166,1.081,0.151,0.18100000000000002,0.015,0.031,0.013999999999999999,1386.0,1470.0,420.5,0.033,0.011000000000000001,0.006999999999999999,,,
9730,9730,9730,212229306,08 48 39.085,+25 21 10.71,1,16.528,,,,08483908+2521107,4508-301-5-0135-0299,STAR,gri,rpm,86.0,3.0,-142.0,3.0,,,,,,,21.557,0.102,18.576,0.008,17.054000000000002,0.005,15.65,0.005,14.9,0.005,13.509,0.024,12.913,0.02,12.635,0.026000000000000002,3195.0,75.0,126.0,5.171,0.02,0.032,-0.046,0.15,0.21,0.158,0.011000000000000001,0.006999999999999999,0.136,0.01,0.008,34.39,3.318,4.16,67.58,26.31,16.2,0.012,0.006,0.005,,,
9731,9731,9731,212229311,08 51 14.135,+25 21 11.24,1,16.627,,,,08511413+2521112,4508-301-4-0138-0081,EXTENDED,gri,,2.0,3.0,2.0,3.0,,,,,,,18.392,0.022000000000000002,17.333,0.005,16.711,0.004,16.324,0.004,16.117,0.009000000000000001,15.163,0.051,14.530999999999999,0.054000000000000006,14.129000000000001,0.061,,,,,,,,,,,,,,,,,,,,,,,,,,,
9732,9732,9732,212229324,08 51 53.291,+25 21 12.87,1,17.545,,,,08515329+2521128,4508-301-4-0139-0158,EXTENDED,gri,,-5.0,3.0,-1.0,3.0,,,,,,,20.808000000000003,0.128,18.719,0.011000000000000001,17.521,0.006999999999999999,17.042,0.006,16.694000000000006,0.013999999999999999,15.864,0.098,15.107999999999999,0.113,14.464,0.084,,,,,,,,,,,,,,,,,,,,,,,,,,,
9733,9733,9733,212229357,08 38 53.656,+25 21 21.36,1,17.000999999999998,,,,08385365+2521213,,STAR,J,rpm,6.0,5.0,10.0,2.0,,,,,,,,,,,,,,,,,15.539000000000001,0.06,14.81,0.067,14.417,0.073,3932.0,283.0,283.0,4.869,0.126,0.105,-0.132,0.2,0.24,0.392,0.107,0.126,0.439,0.12300000000000001,0.172,6.16,5.9620000000000015,2.362,578.7,225.7,213.7,0.033,0.008,0.006999999999999999,,,
9734,9734,9734,212229358,08 45 34.651,+25 21 21.41,1,17.47,,,,08453465+2521214,4469-301-1-0137-0222,EXTENDED,gri,,-4.0,3.0,-4.0,3.0,,,,,,,20.102999999999998,0.066,18.339000000000002,0.009000000000000001,17.488,0.006,17.097,0.006,16.809,0.015,16.316,0.094,15.455,0.094,15.165,0.125,,,,,,,,,,,,,,,,,,,,,,,,,,,
9735,9735,9735,212229375,08 45 42.242,+25 21 23.96,1,16.947,,,,08454224+2521239,,STAR,JHK,col,,,,,,,,,,,,,,,,,,,,,15.142000000000001,0.038,14.698,0.05,14.419,0.066,3646.0,1467.0,293.0,4.979,0.115,0.391,-0.16399999999999998,0.2,0.4,0.271,0.39399999999999996,0.091,0.28800000000000003,0.456,0.127,12.3,11.96,10.46,293.6,890.8,121.9,0.027999999999999997,0.01,0.008,,,
9736,9736,9736,212229398,08 41 07.263,+25 21 27.28,1,17.42,,,,08410726+2521272,4469-301-2-0131-0031,EXTENDED,gri,,3.0,3.0,0.0,3.0,,,,,,,20.733,0.111,18.49,0.009000000000000001,17.476,0.006,16.961,0.006,16.567,0.012,15.502,0.063,14.815999999999999,0.07,14.498,0.085,,,,,,,,,,,,,,,,,,,,,,,,,,,
9737,9737,9737,212229420,08 39 00.798,+25 21 30.97,1,17.579,,,,08390079+2521309,4469-301-3-0128-0258,STAR,gri,rpm,11.0,3.0,-136.0,3.0,,,,,,,21.4,0.10800000000000001,18.88,0.009000000000000001,17.585,0.005,17.021,0.005,16.717,0.01,15.593,0.055999999999999994,15.206,0.077,14.85,0.105,3944.0,47.0,47.0,5.083,0.044000000000000004,0.02,-0.8079999999999999,0.09,0.21,0.225,0.013000000000000001,0.028999999999999998,0.223,0.018000000000000002,0.037000000000000005,19.17,5.414,1.525,280.0,58.96,122.2,0.026000000000000002,0.003,0.004,,,
9738,9738,9738,212229487,08 51 56.144,+25 21 41.52,1,17.567999999999998,,,,,4508-301-4-0139-0418,EXTENDED,gri,,-3.0,4.0,6.0,4.0,,,,,,,19.602999999999998,0.067,18.236,0.013999999999999999,17.631,0.012,17.281,0.012,17.083,0.036000000000000004,,,,,,,,,,,,,,,,,,,,,,,,,,,,,,,,,
9739,9739,9739,212229528,08 51 01.698,+25 21 52.88,1,18.485,,,,,4508-301-4-0138-0056,STAR,gri,,2.0,3.0,-1.0,3.0,,,,,,,18.83,0.02,18.695999999999998,0.008,18.415,0.008,18.347,0.009000000000000001,18.399,0.025,,,,,,,,,,,,,,,,,,,,,,,,,,,,,,,,,
9740,9740,9740,212229602,08 46 48.703,+25 22 08.37,1,14.190999999999999,,,577-043462,08464868+2522084,,STAR,gri,rpm,-33.7,7.1,-17.2,6.8,,,15.833,0.04,14.63,0.07,,,15.375,0.03,14.117,0.04,13.684000000000001,0.068,,,12.366,0.021,11.732999999999999,0.018000000000000002,11.597000000000001,0.02,4069.0,120.0,96.0,4.816,0.055,0.055,-0.16899999999999998,0.18,0.12,0.456,0.062,0.046,0.523,0.067,0.057999999999999996,5.147,1.4080000000000001,1.296,160.3,26.82,22.98,0.022000000000000002,0.005,0.005,,,
9741,9741,9741,212229625,08 46 54.102,+25 22 12.30,1,15.607999999999999,,,577-043465,08465409+2522122,,EXTENDED,gri,,-0.7,7.3,-5.1,7.1,,,16.777,0.16,16.002,0.08,,,16.413,0.09,15.661,0.03,15.264000000000001,0.10099999999999999,,,14.290999999999999,0.038,13.63,0.042,13.152999999999999,0.038,,,,,,,,,,,,,,,,,,,,,,,,,,,
9742,9742,9742,212229633,08 38 56.443,+25 22 13.41,1,11.479000000000001,,1945-1554-1,577-043192,08385644+2522135,,STAR,gri,rpm,-1.4,2.5,-22.4,2.5,,,11.776,0.11199999999999999,11.088,0.08900000000000001,,,11.57,0.03,11.190999999999999,0.03,11.44,0.73,,,10.312999999999999,0.021,10.056000000000001,0.018000000000000002,10.021,0.019,6173.0,123.0,123.0,4.1530000000000005,0.165,0.198,-0.073,0.15,0.24,1.426,0.462,0.305,1.159,0.16,0.133,0.377,0.285,0.20600000000000002,314.9,104.6,58.35,0.028999999999999998,0.008,0.006999999999999999,,,
9743,9743,9743,212229650,08 47 24.308,+25 22 15.18,1,14.288,,,577-043478,08472430+2522151,,STAR,gri,rpm,-3.9,4.7,-10.8,5.0,,,15.207,0.01,14.511,0.06,,,14.843,0.02,14.272,0.04,14.05,0.073,,,13.195,0.021,12.787,0.024,12.683,0.026000000000000002,5424.0,128.0,128.0,4.518,0.055,0.8140000000000001,-0.34700000000000003,0.3,0.48,0.853,1.355,0.10800000000000001,0.8740000000000001,0.063,0.113,1.381,0.39799999999999996,1.3,635.4,968.0,107.4,0.031,0.008,0.006999999999999999,,,
9744,9744,9744,212229755,08 41 21.731,+25 22 33.26,1,12.905999999999999,,,577-043276,08412173+2522334,,STAR,gri,rpm,-1.9,1.9,-47.6,2.1,,,13.755999999999998,0.02,12.798,0.02,,,13.276,0.02,12.429,0.02,12.748,0.9,,,11.06,0.022000000000000002,10.619000000000002,0.021,10.493,0.018000000000000002,4941.0,98.0,79.0,4.575,0.042,0.02,0.079,0.08,0.14,0.7829999999999999,0.018000000000000002,0.059000000000000004,0.836,0.034,0.061,1.743,0.33299999999999996,0.105,181.3,27.43,13.65,0.022000000000000002,0.019,0.005,,,
9745,9745,9745,212229760,08 51 40.279,+25 22 34.60,1,11.302,,1946-1102-1,577-043614,08514028+2522345,,STAR,gri,lam,-45.5,2.6,-20.6,2.7,,,12.321,0.195,11.833,0.17,,,11.693,0.03,11.284,0.04,11.134,0.06,,,10.398,0.022000000000000002,10.121,0.017,10.089,0.021,6043.0,120.0,120.0,4.14,0.162,0.135,-0.162,0.15,0.15,1.4380000000000002,0.311,0.256,1.087,0.128,0.091,0.34700000000000003,0.22899999999999998,0.138,323.3,69.89,57.47,0.028999999999999998,0.006999999999999999,0.006,,,
9746,9746,9746,212229776,08 44 05.506,+25 22 37.33,1,14.338,,,577-043363,08440551+2522374,,STAR,gri,rpm,-2.3,4.7,-20.4,5.1,,,15.317,0.02,14.292,0.03,,,14.79,0.04,13.968,0.02,14.144,0.78,,,12.557,0.021,12.026,0.022000000000000002,11.91,0.022000000000000002,4881.0,77.0,77.0,4.613,0.04,0.8640000000000001,-0.196,0.24,0.24,0.7120000000000001,1.541,0.076,0.775,0.2,0.091,2.023,0.466,1.995,347.3,800.6,44.12,0.03,0.008,0.006,,,
9747,9747,9747,212229785,08 40 22.329,+25 22 40.20,1,17.749000000000006,,,,08402232+2522402,4335-301-3-0131-0260,STAR,gri,rpm,11.0,3.0,-64.0,3.0,,,,,,,21.768,0.122,19.094,0.01,17.772000000000006,0.006,17.173,0.006,16.825,0.01,15.582,0.055,15.128,0.07,14.835999999999999,0.099,3892.0,38.0,46.0,4.9830000000000005,0.075,0.075,-0.456,0.16,0.2,0.282,0.062,0.06,0.297,0.08199999999999999,0.08199999999999999,12.39,6.888999999999999,3.819,397.9,109.5,72.99,0.032,0.01,0.006999999999999999,,,
9748,9748,9748,212229810,08 44 05.694,+25 22 46.88,1,18.125,,,,08440569+2522468,,STAR,J,col,,,,,,,,,,,,,,,,,,,,,16.578,0.129,16.090999999999998,0.17,15.523,0.17300000000000001,3788.0,654.0,327.0,4.957,0.125,0.225,-0.254,0.25,0.4,0.29100000000000004,0.201,0.10300000000000001,0.327,0.242,0.151,9.921,10.57,6.327000000000001,703.8,712.2,310.8,0.032,0.01,0.006999999999999999,,,
9749,9749,9749,212229845,08 40 40.644,+25 22 52.37,1,13.997,,,577-043251,08404064+2522524,,STAR,gri,rpm,-8.2,2.9,-7.2,3.4,,,15.025,0.01,14.263,0.02,,,14.600999999999999,0.02,14.008,0.03,13.738,0.069,,,12.75,0.019,12.357000000000001,0.023,12.248,0.021,5428.0,96.0,129.0,4.504,0.05,0.79,-0.23600000000000002,0.25,0.5,0.882,1.3940000000000001,0.094,0.9009999999999999,0.08800000000000001,0.063,1.29,0.315,1.208,550.6,778.8,77.63,0.033,0.012,0.006999999999999999,,,
9750,9750,9750,212229887,08 40 31.668,+25 23 02.36,1,17.887,,,,08403166+2523023,4335-301-3-0131-0294,EXTENDED,gri,,-7.0,3.0,0.0,3.0,,,,,,,20.735,0.098,19.025,0.013000000000000001,17.859,0.008,17.4,0.006999999999999999,17.05,0.017,16.405,0.10400000000000001,15.708,0.11699999999999999,15.093,0.131,,,,,,,,,,,,,,,,,,,,,,,,,,,
9751,9751,9751,212229999,08 46 50.792,+25 23 25.54,1,15.814,,,577-043463,08465079+2523254,4335-301-1-0140-0089,STAR,JHK,rpm,-53.1,5.3,3.5,5.2,,,,,,,,,,,,,,,,,13.543,0.022000000000000002,12.931,0.019,12.679,0.025,3635.0,129.0,72.0,4.994,0.045,0.054000000000000006,-0.042,0.15,0.18,0.284,0.048,0.040999999999999995,0.295,0.077,0.055,12.06,4.284,2.699,146.3,31.21,30.3,0.02,0.01,0.006,,,
9752,9752,9752,212230029,08 38 53.651,+25 23 31.65,1,14.478,,,577-043190,08385364+2523317,,STAR,gri,rpm,-0.9,4.6,-7.4,5.0,,,15.546,0.02,14.545,0.04,,,15.024000000000001,0.04,14.179,0.01,14.244000000000002,0.72,,,12.764000000000001,0.022000000000000002,12.228,0.018000000000000002,12.137,0.02,4848.0,57.0,77.0,4.591,0.045,1.827,-0.11599999999999999,0.15,0.36,0.743,5.791,0.065,0.8240000000000001,0.20800000000000002,0.096,1.875,0.405,1.871,404.0,3115.0,52.13,0.032,0.011000000000000001,0.005,,,
9753,9753,9753,212230033,08 40 29.994,+25 23 33.50,1,17.827,,,,08402999+2523335,4335-301-3-0131-0289,EXTENDED,gri,,-4.0,3.0,2.0,3.0,,,,,,,20.826999999999998,0.086,18.913,0.01,17.805999999999994,0.006999999999999999,17.361,0.006,16.99,0.013000000000000001,16.009,0.083,15.293,0.085,14.747,0.096,,,,,,,,,,,,,,,,,,,,,,,,,,,
9754,9754,9754,212230037,08 48 30.390,+25 23 34.05,1,12.717,,,577-043509,08483040+2523340,,STAR,gri,rpm,-31.1,1.6,-21.4,1.9,,,13.2,0.02,12.421,0.05,,,12.837,0.03,12.187000000000001,0.05,12.665999999999999,0.88,,,11.114,0.02,10.745,0.016,10.655,0.019,5396.0,160.0,96.0,4.523,0.035,0.063,-0.046,0.15,0.18,0.8690000000000001,0.091,0.08199999999999999,0.9159999999999999,0.063,0.075,1.389,0.262,0.298,245.4,41.06,26.89,0.026000000000000002,0.005,0.006,,,
9755,9755,9755,212230040,08 43 24.671,+25 23 35.45,1,14.297,,,577-043340,08432467+2523355,,STAR,gri,rpm,-3.7,4.7,-4.9,5.1,,,15.4,0.04,14.312999999999999,0.01,,,14.835,0.02,13.947000000000001,0.02,14.065999999999999,0.7,,,12.48,0.021,11.945,0.022000000000000002,11.824000000000002,0.02,4763.0,77.0,57.0,3.5210000000000004,1.1340000000000001,0.5670000000000001,-0.09,0.25,0.3,2.9219999999999997,1.9880000000000002,2.306,0.934,0.308,0.22,0.039,2.3930000000000002,0.033,1344.0,878.3,1067.0,0.033,0.013000000000000001,0.006,,,
9756,9756,9756,212230044,08 48 36.447,+25 23 36.32,1,12.869000000000002,,1946-2093-1,577-043513,08483644+2523363,,STAR,gri,lam,-31.2,3.8,9.3,3.9,,,12.879000000000001,0.33399999999999996,12.127,0.212,,,12.764000000000001,0.03,12.337,0.04,12.915,0.9,,,11.482000000000001,0.022000000000000002,11.224,0.016,11.167,0.019,6158.0,148.0,123.0,4.2669999999999995,0.085,0.136,-0.209,0.15,0.15,1.249,0.21899999999999997,0.136,1.094,0.09699999999999999,0.09699999999999999,0.505,0.228,0.17800000000000002,482.1,101.0,61.24,0.033,0.01,0.006999999999999999,,,
9757,9757,9757,212230057,08 45 29.697,+25 23 38.79,1,18.838,,,,,4469-301-1-0137-0224,STAR,gri,,2.0,4.0,-1.0,4.0,,,,,,,19.485,0.027000000000000003,19.057000000000002,0.01,18.765,0.01,18.507,0.011000000000000001,18.515,0.031,,,,,,,,,,,,,,,,,,,,,,,,,,,,,,,,,
9758,9758,9758,212230083,08 46 23.790,+25 23 42.90,1,15.864,,,577-043444,08462379+2523429,4469-301-1-0138-0037,STAR,gri,col,,,,,,,17.156,0.03,16.14,0.04,,,16.648,0.04,15.727,0.03,15.529000000000002,0.111,,,14.194,0.027000000000000003,13.593,0.026000000000000002,13.484000000000002,0.031,4662.0,92.0,92.0,4.662,0.049,0.035,-0.243,0.2,0.32,0.638,0.05,0.073,0.687,0.062,0.087,2.575,0.6970000000000001,0.358,617.3,67.39,83.36,0.033,0.008,0.006999999999999999,,,
9759,9759,9759,212230124,08 44 41.686,+25 23 52.09,1,12.542,,,577-043386,08444168+2523520,,STAR,gri,rpm,0.2,1.2,-11.7,2.0,,,13.049000000000001,0.01,12.395999999999999,0.02,,,12.687000000000001,0.02,12.237,0.02,12.48,0.69,,,11.297,0.02,10.99,0.022000000000000002,10.934000000000001,0.019,5961.0,71.0,119.0,4.255,0.168,0.28,-0.055,0.15,0.24,1.226,0.489,0.209,1.0959999999999999,0.087,0.105,0.528,0.319,0.32299999999999995,430.0,154.3,79.51,0.031,0.009000000000000001,0.005,,,
9760,9760,9760,212230151,08 38 30.120,+25 23 58.88,1,16.589000000000002,,,,08383012+2523588,,EXTENDED,J,,,,,,,,,,,,,,,,,,,,,,15.155999999999999,0.062,,,,,,,,,,,,,,,,,,,,,,,,,,,,,,,
9761,9761,9761,212230159,08 45 32.023,+25 24 00.25,1,14.592,,,578-044704,08453202+2524003,4469-301-1-0137-0004,STAR,gri,rpm,0.1,4.3,-1.3,4.9,,,16.133,0.06,14.915999999999999,0.01,,,15.550999999999998,0.02,14.533,0.04,14.181,0.07400000000000001,,,12.755999999999998,0.023,12.067,0.021,11.927999999999999,0.02,4465.0,71.0,89.0,0.8140000000000001,3.9819999999999998,0.7240000000000001,-1.75,1.5,0.2,58.178000000000004,30.763,52.008,0.805,0.052000000000000005,0.16699999999999998,4.09e-06,1.868,3.96e-06,25290.0,11370.0,20120.0,0.033,0.006999999999999999,0.008,,,
9762,9762,9762,212230185,08 48 04.380,+25 24 04.06,1,17.949,,,,08480438+2524040,,STAR,JHK,col,,,,,,,,,,,,,,,,,,,,,15.995999999999999,0.083,15.635,0.114,15.227,0.153,4127.0,1527.0,705.0,4.8210000000000015,0.24,0.32,-0.358,0.36,0.54,0.382,0.42100000000000004,0.17600000000000002,0.45399999999999996,0.307,0.256,5.183,13.81,4.044,696.2,1504.0,390.2,0.032,0.008,0.008,,,
9763,9763,9763,212230240,08 48 28.928,+25 24 14.89,1,11.887,,1946-1983-1,578-044822,08482892+2524149,,STAR,gri,rpm,14.2,2.4,-3.9,2.5,,,12.069,0.139,12.038,0.20199999999999999,,,12.026,0.03,11.841,0.05,12.539000000000001,0.87,,,11.352,0.021,11.225,0.016,11.204,0.02,6954.0,214.0,257.0,4.202,0.04,0.10400000000000001,-0.047,0.12,0.1,1.5730000000000002,0.184,0.11199999999999999,1.432,0.10800000000000001,0.077,0.368,0.069,0.107,664.1,57.4,69.49,0.032,0.013999999999999999,0.005,,,
9764,9764,9764,212230270,08 39 35.045,+25 24 19.71,1,13.48,,,578-044459,08393504+2524197,,STAR,gri,rpm,2.7,2.5,3.8,2.7,,,14.849,0.01,13.684000000000001,0.02,,,14.315999999999999,0.02,13.183,0.02,13.122,0.72,,,11.463,0.022000000000000002,10.839,0.021,10.731,0.018000000000000002,4546.0,136.0,136.0,2.2569999999999997,0.552,1.196,-0.413,0.3,1.02,11.062000000000001,34.108000000000004,4.623,0.946,0.2,0.16699999999999998,0.000628,0.004,0.000615,2826.0,6652.0,1119.0,0.033,0.013999999999999999,0.006999999999999999,,,
9765,9765,9765,212230322,08 39 19.393,+25 24 27.72,1,15.23,,,578-044452,08391939+2524276,4469-301-3-0129-0023,STAR,gri,rpm,-3.3,4.3,-0.1,4.9,,,16.22,0.04,15.229000000000001,0.01,,,15.687999999999999,0.03,14.880999999999998,0.04,15.034,0.7,,,13.543,0.023,13.027999999999999,0.024,12.88,0.027999999999999997,4920.0,78.0,78.0,4.591,0.035,1.337,-0.14,0.2,0.24,0.75,3.187,0.06,0.8079999999999999,0.187,0.059000000000000004,1.893,0.28,1.876,575.1,2289.0,53.01,0.034,0.009000000000000001,0.009000000000000001,,,
9766,9766,9766,212230361,08 46 01.103,+25 24 34.95,1,13.112,,,578-044722,08460110+2524348,,STAR,gri,rpm,-6.3,4.7,0.8,5.1,,,15.056,0.01,13.315999999999999,0.04,,,14.23,0.02,12.729000000000001,0.05,12.633,0.87,,,10.287,0.021,9.416,0.019,9.212,0.019,3842.0,75.0,90.0,0.326,0.72,0.45,-0.774,0.7,0.7,92.55799999999999,58.593999999999994,45.977,0.852,0.166,0.040999999999999995,7.51e-07,8.28e-06,5.92e-07,11390.0,6955.0,6077.0,0.036000000000000004,0.011000000000000001,0.006999999999999999,,,
9767,9767,9767,212230366,08 39 30.782,+25 24 36.41,1,14.751,,,578-044456,08393078+2524364,,STAR,gri,rpm,26.5,4.5,-14.7,5.0,,,15.629000000000001,0.03,14.793,0.04,,,15.173,0.02,14.478,0.03,14.57,0.78,,,13.072000000000001,0.022000000000000002,12.633,0.023,12.478,0.023,5148.0,81.0,81.0,4.5969999999999995,0.036000000000000004,0.03,-0.331,0.25,0.3,0.722,0.061,0.067,0.769,0.07200000000000001,0.07200000000000001,1.93,0.33799999999999997,0.287,470.4,48.95,52.69,0.032,0.008,0.005,,,
9768,9768,9768,212230368,08 47 09.899,+25 24 36.61,1,17.538,,,,08470989+2524366,4335-301-1-0140-0147,EXTENDED,gri,,2.0,3.0,-5.0,3.0,,,,,,,20.265,0.065,18.444000000000006,0.009000000000000001,17.593,0.006,17.149,0.006,16.869,0.013000000000000001,15.991,0.076,15.324000000000002,0.095,15.13,0.129,,,,,,,,,,,,,,,,,,,,,,,,,,,
9769,9769,9769,212230390,08 39 02.026,+25 24 40.92,1,14.437999999999999,,,578-044444,08390202+2524410,4469-301-3-0128-0156,STAR,gri,col,,,,,,,15.218,0.02,14.383,0.03,,,14.767000000000001,0.02,14.115,0.03,14.297,0.83,,,12.784,0.021,12.325999999999999,0.023,12.232999999999999,0.022000000000000002,5179.0,102.0,81.0,4.508,0.085,1.19,-0.506,0.35,0.35,0.8590000000000001,2.565,0.165,0.8809999999999999,0.099,0.115,1.276,0.7090000000000001,1.255,525.9,1408.0,128.1,0.033,0.008,0.006,,,
9770,9770,9770,212230484,08 43 36.012,+25 24 58.00,1,15.294,,,578-044617,08433600+2524580,,STAR,gri,rpm,1.9,4.7,2.6,5.1,,,16.151,0.02,15.468,0.02,,,15.79,0.04,15.265999999999998,0.03,15.082,0.07,,,14.094000000000001,0.025,13.623,0.027999999999999997,13.554,0.034,5316.0,159.0,127.0,3.6710000000000003,0.93,0.93,-0.9229999999999999,0.6,0.84,2.022,3.5589999999999997,1.4240000000000002,0.858,0.04,0.071,0.063,1.422,0.061,2255.0,3801.0,1566.0,0.032,0.01,0.006,,,
9771,9771,9771,212230510,08 46 13.751,+25 25 03.90,1,13.437999999999999,,,578-044735,08461375+2525037,,STAR,gri,rpm,-3.4,2.2,0.2,2.6,,,14.169,0.01,13.241,0.04,,,13.71,0.03,12.942,0.03,13.322000000000001,0.89,,,11.587,0.021,11.08,0.019,10.979000000000001,0.02,4936.0,59.0,79.0,3.122,0.37,0.74,-0.34299999999999997,0.2,0.32,4.47,4.956,1.262,1.073,0.19,0.158,0.01,0.023,0.009000000000000001,1450.0,1447.0,462.8,0.033,0.011000000000000001,0.006999999999999999,,,
9772,9772,9772,212230511,08 46 31.267,+25 25 03.94,1,14.578,,,578-044751,08463126+2525040,4469-301-1-0138-0076,STAR,gri,rpm,6.5,4.7,-15.2,5.1,,,15.257,0.02,14.354000000000001,0.04,,,14.8,0.02,14.043,0.04,14.482999999999999,0.9,,,12.79,0.021,12.355,0.018000000000000002,12.248,0.023,5121.0,81.0,81.0,4.572,0.025,0.045,-0.091,0.2,0.2,0.79,0.064,0.049,0.8540000000000001,0.053,0.063,1.7180000000000002,0.21,0.289,450.4,47.33,31.03,0.033,0.006999999999999999,0.006,,,
9773,9773,9773,212230538,08 40 29.199,+25 25 10.08,1,17.075,,,,08402919+2525100,4335-301-3-0131-0303,EXTENDED,gri,,2.0,3.0,6.0,2.0,,,,,,,19.755,0.044000000000000004,17.994,0.006,17.065,0.005,16.680999999999994,0.005,16.358,0.01,15.565,0.057,14.952,0.07,14.382,0.07200000000000001,,,,,,,,,,,,,,,,,,,,,,,,,,,
9774,9774,9774,212230626,08 45 32.487,+25 25 28.57,1,17.596,,,,08453248+2525285,,STAR,JHK,col,,,,,,,,,,,,,,,,,,,,,15.306,0.047,14.546,0.048,14.331,0.063,4128.0,202.0,202.0,4.793,0.084,0.07,-0.132,0.2,0.28,0.485,0.07400000000000001,0.08800000000000001,0.539,0.07400000000000001,0.10300000000000001,4.506,2.346,1.166,652.1,155.7,147.8,0.033,0.01,0.006999999999999999,,,
9775,9775,9775,212230642,08 45 39.842,+25 25 31.85,1,18.897000000000002,,,,,4469-301-1-0137-0046,STAR,gri,,0.0,3.0,3.0,3.0,,,,,,,19.233,0.023,19.058,0.01,18.843,0.01,18.805999999999997,0.013000000000000001,18.945,0.043,,,,,,,,,,,,,,,,,,,,,,,,,,,,,,,,,
9776,9776,9776,212230654,08 44 09.679,+25 25 34.78,1,14.415999999999999,,,578-044640,08440969+2525350,,STAR,gri,rpm,-18.7,4.5,-31.1,5.0,,,15.992,0.03,14.665,0.03,,,15.434000000000001,0.03,14.114,0.02,13.98,0.66,,,12.205,0.019,11.513,0.018000000000000002,11.398,0.018000000000000002,4030.0,64.0,64.0,4.809,0.05,0.025,-0.028999999999999998,0.18,0.15,0.479,0.027999999999999997,0.052000000000000005,0.544,0.033,0.059000000000000004,4.838,1.253,0.526,151.4,14.91,17.82,0.02,0.008,0.003,,,
9777,9777,9777,212230674,08 43 00.675,+25 25 39.48,1,13.436,,,578-044598,08430070+2525394,,STAR,gri,rpm,14.4,5.5,-22.7,2.4,,,14.448,0.02,13.505999999999998,0.033,,,13.984000000000002,0.03,13.16,0.01,13.200999999999999,0.73,,,11.626,0.021,11.061,0.016,10.970999999999998,0.022000000000000002,4851.0,77.0,77.0,4.6160000000000005,0.042,0.035,-0.106,0.15,0.39,0.7120000000000001,0.042,0.077,0.789,0.034,0.10300000000000001,2.086,0.469,0.248,221.5,19.14,25.9,0.025,0.005,0.008,,,
9778,9778,9778,212230706,08 38 46.541,+25 25 45.53,1,11.841,,,578-044433,08384653+2525455,,STAR,gri,rpm,5.6,1.0,-3.7,1.5,,,12.859000000000002,0.01,11.873,0.02,,,12.323,0.02,11.562999999999999,0.03,11.634,0.74,,,10.102,0.021,9.592,0.021,9.491,0.018000000000000002,4908.0,59.0,79.0,2.438,0.765,0.09,-0.461,0.2,0.2,10.258,0.9790000000000001,5.6739999999999995,1.063,0.175,0.11,0.000958,0.012,0.00021099999999999998,1495.0,140.4,778.9,0.033,0.01,0.008,,,
9779,9779,9779,212230829,08 38 16.028,+25 26 08.15,1,14.411,,,578-044416,08381604+2526081,4469-301-3-0127-0366,STAR,JHK,col,,,,,,,,,,,,,,,,,,,,,12.259,0.019,11.658,0.016,11.431,0.02,3656.0,145.0,145.0,4.993,0.07,0.07,-0.03,0.15,0.21,0.287,0.068,0.064,0.3,0.083,0.083,12.36,5.7120000000000015,3.906,84.71,24.67,22.37,0.013000000000000001,0.006,0.005,,,
9780,9780,9780,212230838,08 43 10.316,+25 26 10.38,1,17.199,,,,08431031+2526103,4469-301-2-0134-0204,EXTENDED,gri,,-3.0,3.0,-3.0,3.0,,,,,,,19.227999999999998,0.045,17.942,0.008,17.254,0.006,16.88,0.006999999999999999,16.648,0.018000000000000002,16.394000000000002,0.10800000000000001,15.652000000000001,0.107,,,,,,,,,,,,,,,,,,,,,,,,,,,,,
9781,9781,9781,212230840,08 44 42.597,+25 26 11.02,1,12.853,,,578-044669,08444259+2526110,,STAR,gri,rpm,-14.8,2.0,-13.5,2.5,,,13.329,0.02,12.685,0.02,,,12.972000000000001,0.02,12.517999999999999,0.02,12.802,0.73,,,11.572000000000001,0.02,11.269,0.022000000000000002,11.214,0.018000000000000002,5929.0,118.0,70.0,4.327,0.1,0.26,-0.124,0.18,0.15,1.1420000000000001,0.46399999999999997,0.166,1.037,0.09,0.09,0.6759999999999999,0.29,0.409,435.8,173.0,61.45,0.032,0.008,0.006,,,
9782,9782,9782,212230852,08 41 48.761,+25 26 13.06,1,15.937999999999999,,,,08414876+2526130,,STAR,JHK,col,,,,,,,,,,,,,,,,,,,,,13.827,0.023,13.248,0.022000000000000002,13.011,0.027000000000000003,3604.0,138.0,166.0,5.012,0.084,0.06,-0.063,0.16,0.2,0.258,0.06,0.066,0.268,0.08199999999999999,0.08199999999999999,13.85,8.975,4.1560000000000015,147.1,47.73,42.11,0.021,0.006999999999999999,0.006,,,
9783,9783,9783,212230889,08 45 44.905,+25 26 20.63,1,11.752,,1946-2292-1,578-044715,08454490+2526205,,STAR,gri,rpm,-19.2,2.1,-14.2,2.2,,,12.097000000000001,0.18,11.572000000000001,0.14800000000000002,,,11.81,0.03,11.279000000000002,0.02,11.728,0.89,,,10.202,0.022000000000000002,9.862,0.019,9.777000000000001,0.017,5683.0,90.0,113.0,4.41,0.08,0.5760000000000001,-0.049,0.18,0.21,1.034,1.087,0.138,1.034,0.157,0.094,0.904,0.315,0.7859999999999999,204.7,201.5,27.24,0.027000000000000003,0.008,0.006999999999999999,,,
9784,9784,9784,212230893,08 45 34.087,+25 26 21.76,1,12.519,,1946-1544-1,578-044708,08453409+2526218,,STAR,gri,rpm,-2.3,2.3,-3.5,2.5,,,12.445,0.235,12.249,0.24100000000000002,,,12.337,0.03,12.032,0.03,12.597000000000001,0.87,,,11.285,0.022000000000000002,11.08,0.019,11.02,0.019,6480.0,128.0,128.0,4.1110000000000015,0.155,0.18600000000000005,-0.057,0.12,0.18,1.6119999999999999,0.478,0.314,1.3159999999999998,0.168,0.12,0.275,0.214,0.13699999999999998,612.4,183.8,120.3,0.033,0.01,0.006999999999999999,,,
9785,9785,9785,212230895,08 43 08.502,+25 26 21.92,1,16.507,,,,08430850+2526219,4469-301-2-0134-0203,EXTENDED,gri,,1.0,3.0,-1.0,3.0,,,,,,,19.539,0.05,17.494,0.006,16.528,0.004,16.084,0.004,15.727,0.008,15.163,0.047,14.508,0.051,14.097000000000001,0.061,,,,,,,,,,,,,,,,,,,,,,,,,,,
9786,9786,9786,212230902,08 42 30.519,+25 26 22.74,1,16.99,,,,08423051+2526227,,STAR,JHK,col,,,,,,,,,,,,,,,,,,,,,15.255999999999998,0.040999999999999995,14.724,0.044000000000000004,14.557,0.075,3991.0,873.0,436.0,4.876,0.145,0.261,-0.22699999999999998,0.25,0.4,0.386,0.27,0.159,0.425,0.297,0.18600000000000005,6.6720000000000015,7.757999999999999,4.4060000000000015,457.9,554.1,198.0,0.031,0.008,0.008,,,
9787,9787,9787,212230910,08 44 47.283,+25 26 25.03,1,17.336,,,,08444728+2526250,4335-301-2-0137-0279,EXTENDED,gri,,5.0,3.0,-2.0,3.0,,,,,,,20.714000000000002,0.121,18.539,0.011000000000000001,17.305,0.006,16.820999999999998,0.006,16.442999999999998,0.011000000000000001,15.890999999999998,0.07,15.039000000000001,0.075,14.571,0.08199999999999999,,,,,,,,,,,,,,,,,,,,,,,,,,,
9788,9788,9788,212230981,08 47 18.342,+25 26 39.16,1,18.692,,,,08471834+2526391,,STAR,JHK,col,,,,,,,,,,,,,,,,,,,,,16.164,0.086,15.458,0.096,15.192,0.121,3908.0,448.0,373.0,4.872,0.145,0.145,-0.20800000000000002,0.2,0.32,0.374,0.146,0.138,0.41,0.162,0.19399999999999998,6.801,8.355,3.313,723.6,425.9,308.4,0.032,0.008,0.006999999999999999,,,
9789,9789,9789,212231004,08 47 47.365,+25 26 44.95,1,11.612,,1946-2202-1,578-044793,08474737+2526449,,STAR,gri,lam,-11.6,2.4,-4.6,2.4,,,11.847999999999999,0.134,11.147,0.099,,,11.520999999999999,0.03,11.116,0.04,11.65,0.87,,,10.265999999999998,0.018000000000000002,10.019,0.016,9.98,0.018000000000000002,6246.0,151.0,151.0,4.146,0.13,0.156,-0.065,0.12,0.12,1.507,0.342,0.23600000000000002,1.22,0.124,0.10400000000000001,0.34700000000000003,0.203,0.147,336.8,77.55,53.42,0.03,0.006999999999999999,0.006999999999999999,,,
9790,9790,9790,212231017,08 44 07.014,+25 26 47.48,1,11.812000000000001,,1945-2198-1,578-044638,08440701+2526475,,STAR,gri,rpm,3.5,2.5,15.4,2.6,,,12.197000000000001,0.2,12.020999999999999,0.233,,,11.815999999999999,0.02,11.505999999999998,0.01,11.81,0.73,,,10.72,0.018000000000000002,10.487,0.018000000000000002,10.444,0.018000000000000002,6374.0,129.0,103.0,4.1419999999999995,0.156,0.23399999999999999,-0.10400000000000001,0.15,0.21,1.541,0.588,0.299,1.256,0.151,0.126,0.322,0.245,0.184,438.9,151.5,83.78,0.028999999999999998,0.008,0.006999999999999999,,,
9791,9791,9791,212231020,08 42 36.053,+25 26 47.70,1,18.753,,,,,4469-301-2-0133-0165,STAR,gri,,-3.0,4.0,-3.0,4.0,,,,,,,19.188,0.024,18.869,0.009000000000000001,18.714000000000002,0.009000000000000001,18.676,0.012,18.499000000000002,0.028999999999999998,,,,,,,,,,,,,,,,,,,,,,,,,,,,,,,,,
9792,9792,9792,212231081,08 45 27.948,+25 26 57.79,1,16.669,,,,08452794+2526577,4508-301-6-0131-0262,EXTENDED,gri,,1.0,3.0,-3.0,3.0,,,,,,,19.473,0.046,17.605999999999995,0.006,16.667,0.004,16.267,0.004,15.934000000000001,0.008,15.249,0.051,14.49,0.053,14.118,0.062,,,,,,,,,,,,,,,,,,,,,,,,,,,
9793,9793,9793,212231082,08 44 16.459,+25 26 58.44,1,19.169,,,,,4335-301-2-0136-0318,STAR,gri,,0.0,4.0,-4.0,4.0,,,,,,,19.317999999999998,0.025,19.129,0.01,19.182000000000002,0.012,18.979,0.013000000000000001,18.974,0.039,,,,,,,,,,,,,,,,,,,,,,,,,,,,,,,,,
9794,9794,9794,212231154,08 39 52.009,+25 27 09.88,1,15.765999999999998,,,,08395200+2527098,4469-301-3-0130-0250,EXTENDED,gri,,-3.0,3.0,2.0,3.0,,,,,,,18.495,0.027999999999999997,16.674,0.004,15.817,0.003,15.377,0.003,15.046,0.006,14.743,0.047,14.085,0.052000000000000005,13.715,0.055,,,,,,,,,,,,,,,,,,,,,,,,,,,
9795,9795,9795,212231157,08 48 28.782,+25 27 10.09,1,11.274000000000001,,1946-1564-1,578-044821,08482878+2527099,,STAR,gri,rpm,-9.2,2.6,-5.8,2.6,,,12.485,0.32,10.832,0.08199999999999999,,,11.66,0.03,10.757,0.05,11.107999999999999,0.87,,,9.307,0.02,8.759,0.016,8.649,0.019,4706.0,75.0,75.0,2.469,0.342,0.10800000000000001,-0.16899999999999998,0.15,0.18,11.017000000000001,0.69,3.818,1.242,0.22,0.157,0.000962,0.002,0.0002220000000000001,1090.0,67.23,328.9,0.033,0.01,0.006999999999999999,,,
9796,9796,9796,212231168,08 40 04.939,+25 27 11.66,1,16.627,,,,08400493+2527116,,STAR,J,rpm,8.0,0.0,10.0,1.0,,,,,,,,,,,,,,,,,15.190999999999999,0.049,14.537,0.055,14.112,0.062,3714.0,294.0,184.0,4.967,0.075,0.12,-0.064,0.15,0.21,0.306,0.11599999999999999,0.07200000000000001,0.32299999999999995,0.162,0.10099999999999999,10.57,5.801,4.841,350.2,169.7,114.3,0.03,0.008,0.006999999999999999,,,
9797,9797,9797,212231179,08 43 19.667,+25 27 13.76,1,17.324,,,,08431966+2527137,4469-301-2-0134-0247,EXTENDED,gri,,1.0,3.0,3.0,3.0,,,,,,,20.122,0.065,18.243,0.008,17.342,0.006,16.93,0.006,16.585,0.012,15.864,0.069,15.254000000000001,0.079,14.863,0.098,,,,,,,,,,,,,,,,,,,,,,,,,,,
9798,9798,9798,212231186,08 41 33.153,+25 27 14.49,1,10.6,,1945-1658-1,578-044534,08413315+2527146,,STAR,gri,rpm,13.7,1.6,-40.3,1.6,,,11.022,0.061,10.62,0.061,,,10.802999999999999,0.04,10.532,0.08,10.984000000000002,0.88,,,9.712,0.022000000000000002,9.552,0.022000000000000002,9.475,0.018000000000000002,6564.0,207.0,165.0,4.218,0.065,0.10400000000000001,-0.05,0.15,0.18,1.45,0.261,0.14300000000000002,1.295,0.121,0.121,0.40299999999999997,0.11,0.129,265.2,48.4,29.93,0.027999999999999997,0.011000000000000001,0.006,,,
9799,9799,9799,212231234,08 39 27.479,+25 27 26.13,1,12.954,,,578-044454,08392747+2527261,,STAR,gri,rpm,-7.2,1.7,-10.3,3.3,,,13.454,0.02,12.856,0.02,,,13.097000000000001,0.03,12.679,0.03,12.892999999999999,0.7,,,11.741,0.021,11.47,0.022000000000000002,11.405,0.02,6062.0,122.0,122.0,4.197,0.17,0.204,-0.129,0.2,0.24,1.3030000000000002,0.45,0.249,1.107,0.155,0.111,0.42,0.36200000000000004,0.221,562.6,166.8,109.5,0.033,0.01,0.006,,,
9800,9800,9800,212231239,08 41 57.579,+25 27 26.90,1,15.710999999999999,,,,08415757+2527268,,EXTENDED,J,,,,,,,,,,,,,,,,,,,,,,14.342,0.046,13.597999999999999,0.043,,,,,,,,,,,,,,,,,,,,,,,,,,,,,
9801,9801,9801,212231252,08 44 17.444,+25 27 29.15,1,17.747,,,,08441744+2527291,,STAR,J,rpm,8.0,3.0,4.0,7.0,,,,,,,,,,,,,,,,,16.233,0.087,15.565999999999999,0.10400000000000001,14.595999999999998,0.084,3495.0,123.0,172.0,5.058,0.077,0.055,-0.03,0.15,0.18,0.22,0.046,0.045,0.21100000000000002,0.055999999999999994,0.055999999999999994,18.62,8.792,5.13,442.3,157.1,135.2,0.032,0.008,0.006999999999999999,,,
9802,9802,9802,212231297,08 38 20.204,+25 27 39.26,1,10.562999999999999,,1945-1625-1,578-044419,08382020+2527392,,STAR,gri,rpm,-0.5,2.1,-3.0,2.2,,,12.192,0.248,10.895,0.086,,,11.402000000000001,0.03,10.538,0.04,10.203,0.06,,,9.074,0.019,8.548,0.024,8.417,0.018000000000000002,4755.0,77.0,77.0,2.479,0.252,0.10800000000000001,-0.17300000000000001,0.15,0.15,11.081,0.522,1.949,1.2990000000000002,0.34700000000000003,0.217,0.00095,0.001,0.00018700000000000002,1001.0,52.0,123.5,0.034,0.008,0.006999999999999999,,,
9803,9803,9803,212231322,08 42 58.108,+25 27 45.43,1,13.159,,,578-044595,08425812+2527456,,STAR,gri,rpm,-2.6,2.1,-12.3,2.7,,,14.363,0.03,13.203,0.02,,,13.78,0.03,12.825999999999999,0.02,12.892999999999999,0.74,,,11.238,0.021,10.69,0.013999999999999999,10.554,0.019,4668.0,75.0,75.0,3.0069999999999997,1.482,0.57,-0.083,0.2,0.2,5.178,4.643,4.419,1.0270000000000001,0.21,0.21,0.006999999999999999,1.193,0.006,1322.0,1062.0,1122.0,0.033,0.005,0.01,,,
9804,9804,9804,212231324,08 38 59.680,+25 27 46.70,1,15.46,,,578-044441,08385967+2527466,4469-301-3-0128-0177,STAR,gri,rpm,5.5,4.4,-3.9,4.9,,,16.367,0.04,15.634,0.04,,,15.953,0.04,15.404000000000002,0.04,15.249,0.06,,,14.199000000000002,0.025,13.824000000000002,0.033,13.665,0.039,5564.0,133.0,166.0,4.501,0.055,0.099,-0.313,0.25,0.35,0.85,0.153,0.084,0.878,0.075,0.09,1.33,0.325,0.433,1033.0,208.4,127.1,0.034,0.008,0.006999999999999999,,,
9805,9805,9805,212231352,08 45 30.153,+25 27 52.74,1,17.45,,,,08453015+2527527,4508-301-6-0131-0283,EXTENDED,gri,,1.0,3.0,-1.0,3.0,,,,,,,19.66,0.071,18.192,0.009000000000000001,17.492,0.006999999999999999,17.132,0.008,16.901,0.02,16.676,0.132,16.131,0.165,,,,,,,,,,,,,,,,,,,,,,,,,,,,,
9806,9806,9806,212231353,08 41 41.085,+25 27 52.93,1,10.669,,1945-2206-1,578-044544,08414108+2527529,,STAR,gri,rpm,12.2,1.7,-20.5,1.7,,,11.462,0.095,10.542,0.061,,,11.038,0.02,10.299000000000001,0.07,10.512,0.87,,,8.795,0.02,8.275,0.023,8.172,0.018000000000000002,4892.0,79.0,98.0,2.6630000000000003,0.532,0.38,-0.465,0.25,0.35,6.9579999999999975,3.405,2.9739999999999998,1.0190000000000001,0.23,0.115,0.002,0.012,0.002,590.9,265.2,239.2,0.032,0.008,0.006,,,
9807,9807,9807,212231369,08 41 49.612,+25 27 55.19,1,17.778,,,,,4335-301-3-0133-0437,EXTENDED,gri,,10.0,3.0,-11.0,3.0,,,,,,,19.678,0.068,18.357,0.013000000000000001,17.824,0.012,17.53,0.012,17.329,0.034,,,,,,,,,,,,,,,,,,,,,,,,,,,,,,,,,
9808,9808,9808,212231439,08 43 45.162,+25 28 10.38,1,14.29,,,578-044626,08434517+2528105,4335-301-2-0136-0068,STAR,gri,rpm,-14.9,2.8,-14.1,3.3,,,15.004000000000001,0.02,14.24,0.03,,,14.600999999999999,0.02,14.009,0.02,14.155999999999999,0.73,,,12.796,0.019,12.364,0.018000000000000002,12.283,0.022000000000000002,5360.0,125.0,104.0,4.522,0.055,0.9129999999999999,-0.45299999999999996,0.35,0.35,0.846,1.5430000000000001,0.10099999999999999,0.872,0.045,0.099,1.376,0.489,1.3159999999999998,524.2,846.9,80.08,0.034,0.01,0.008,,,
9809,9809,9809,212231440,08 43 30.355,+25 28 10.56,1,13.172,,,578-044613,08433034+2528106,,STAR,gri,rpm,-3.1,2.0,1.4,2.6,,,14.082,0.01,13.144,0.02,,,13.6,0.03,12.866,0.01,12.988,0.72,,,11.491,0.021,10.998,0.019,10.895,0.017,4981.0,60.0,60.0,3.2430000000000003,0.24,0.8640000000000001,-0.38299999999999995,0.2,0.32,4.109,5.694,0.978,1.047,0.201,0.134,0.015,0.017,0.013999999999999999,1216.0,1476.0,283.0,0.033,0.01,0.006999999999999999,,,
9810,9810,9810,212231508,08 39 56.555,+25 28 28.83,1,11.71,,1945-2228-1,578-044477,08395655+2528287,,STAR,gri,rpm,-15.3,2.8,-30.2,2.8,,,12.715,0.32899999999999996,11.542,0.145,,,12.027999999999999,0.03,11.404000000000002,0.04,11.573,0.74,,,10.285,0.018000000000000002,9.921,0.021,9.835,0.018000000000000002,5460.0,108.0,108.0,4.502,0.04,0.64,-0.019,0.15,0.18,0.899,1.13,0.068,0.95,0.106,0.059000000000000004,1.263,0.23800000000000002,1.138,176.7,213.8,15.91,0.024,0.006999999999999999,0.006,,,
9811,9811,9811,212231545,08 39 57.723,+25 28 37.05,1,12.985,,,578-044481,08395772+2528370,,STAR,JHK,rpm,12.8,1.7,-9.2,2.7,,,,,,,,,,,,,,,,,11.815999999999999,0.019,11.5,0.021,11.434000000000001,0.019,5916.0,175.0,175.0,4.303999999999999,0.15,0.3,-0.165,0.2,0.24,1.137,0.56,0.20600000000000002,1.036,0.105,0.126,0.617,0.431,0.40299999999999997,493.9,241.4,108.8,0.032,0.01,0.006,,,
9812,9812,9812,212231547,08 39 34.437,+25 28 37.53,1,15.405,,,,08393443+2528375,4469-301-3-0129-0208,EXTENDED,gri,,-6.0,4.0,6.0,4.0,,,,,,,17.680999999999994,0.028999999999999998,16.131,0.004,15.427,0.004,15.094000000000001,0.004,14.876,0.012,16.077,0.114,15.455,0.12300000000000001,,,,,,,,,,,,,,,,,,,,,,,,,,,,,
9813,9813,9813,212231630,08 39 45.583,+25 28 56.27,1,11.887,,1945-1597-1,578-044467,08394559+2528564,,STAR,gri,rpm,-1.8,2.9,0.0,2.9,,,12.825,0.33799999999999997,11.934000000000001,0.204,,,12.095,0.02,11.818,0.03,12.073,0.72,,,10.982000000000001,0.018000000000000002,10.77,0.021,10.718,0.018000000000000002,6519.0,105.0,105.0,4.095,0.145,0.261,-0.057,0.12,0.21,1.6869999999999998,0.7120000000000001,0.353,1.3359999999999999,0.252,0.157,0.278,0.2,0.17300000000000001,540.5,237.2,106.0,0.031,0.008,0.006,,,
9814,9814,9814,212231652,08 42 10.774,+25 29 00.14,1,15.390999999999998,,,578-044561,08421077+2529001,4469-301-2-0133-0004,STAR,gri,rpm,-1.2,4.4,2.3,5.4,,,16.394000000000002,0.078,15.639000000000001,0.06,,,15.991,0.02,15.421,0.02,15.133,0.09699999999999999,,,14.082,0.026000000000000002,13.640999999999998,0.025,13.523,0.037000000000000005,5348.0,124.0,124.0,3.864,0.708,0.826,-0.773,0.5,0.6,1.851,2.031,1.161,0.863,0.04,0.08800000000000001,0.106,1.556,0.096,1873.0,2280.0,1119.0,0.033,0.01,0.006999999999999999,,,
9815,9815,9815,212231782,08 38 09.268,+25 29 32.33,1,14.15,,,578-044413,08380927+2529323,,STAR,gri,rpm,3.1,4.6,-30.0,5.0,,,15.509,0.04,14.508,0.03,,,15.036,0.03,14.11,0.06,13.77,0.02,,,12.637,0.019,12.113,0.018000000000000002,11.985,0.021,4779.0,77.0,115.0,4.628,0.035,0.035,-0.081,0.18,0.27,0.695,0.046,0.06,0.768,0.032,0.077,2.194,0.4320000000000001,0.305,339.1,23.42,34.36,0.03,0.005,0.005,,,
9816,9816,9816,212231835,08 40 20.802,+25 29 43.07,1,17.78,,,,08402080+2529430,4335-301-3-0132-0155,EXTENDED,gri,,-1.0,3.0,3.0,3.0,,,,,,,20.768,0.10300000000000001,18.953,0.012,17.794,0.006999999999999999,17.278,0.006999999999999999,16.941,0.015,16.165,0.084,15.44,0.105,14.674000000000001,0.09300000000000001,,,,,,,,,,,,,,,,,,,,,,,,,,,
9817,9817,9817,228682339,08 28 24.205,+21 25 56.75,1,17.73,,,,,,,,,,,,,,,,,,,,,,,,,,,,,,,,,,,,,,,,,,,,,,,,,,,,,,,,,,,,,
9818,9818,9818,228682341,08 28 40.668,+21 31 15.06,1,18.11,,,,,,,,,,,,,,,,,,,,,,,,,,,,,,,,,,,,,,,,,,,,,,,,,,,,,,,,,,,,,
9819,9819,9819,228682345,08 29 58.010,+20 21 11.52,1,19.72,,,,,,,,,,,,,,,,,,,,,,,,,,,,,,,,,,,,,,,,,,,,,,,,,,,,,,,,,,,,,
9820,9820,9820,228682364,08 37 36.592,+14 36 43.78,1,19.97,,,,,,,,,,,,,,,,,,,,,,,,,,,,,,,,,,,,,,,,,,,,,,,,,,,,,,,,,,,,,
9821,9821,9821,228682367,08 38 43.649,+14 55 00.52,1,19.56,,,,,,,,,,,,,,,,,,,,,,,,,,,,,,,,,,,,,,,,,,,,,,,,,,,,,,,,,,,,,
9822,9822,9822,228682369,08 39 24.836,+18 54 02.27,1,19.09,,,,,,,,,,,,,,,,,,,,,,,,,,,,,,,,,,,,,,,,,,,,,,,,,,,,,,,,,,,,,
9823,9823,9823,228682371,08 39 56.796,+16 54 21.46,1,19.9,,,,,,,,,,,,,,,,,,,,,,,,,,,,,,,,,,,,,,,,,,,,,,,,,,,,,,,,,,,,,
9824,9824,9824,228682373,08 40 13.290,+18 43 26.33,1,18.02,,,,,,,,,,,,,,,,,,,,,,,,,,,,,,,,,,,,,,,,,,,,,,,,,,,,,,,,,,,,,
9825,9825,9825,228682375,08 41 11.342,+15 49 21.04,1,19.79,,,,,,,,,,,,,,,,,,,,,,,,,,,,,,,,,,,,,,,,,,,,,,,,,,,,,,,,,,,,,
9826,9826,9826,228682378,08 42 01.421,+15 39 41.90,1,19.73,,,,,,,,,,,,,,,,,,,,,,,,,,,,,,,,,,,,,,,,,,,,,,,,,,,,,,,,,,,,,
9827,9827,9827,228682379,08 42 28.257,+17 32 48.44,1,19.77,,,,,,,,,,,,,,,,,,,,,,,,,,,,,,,,,,,,,,,,,,,,,,,,,,,,,,,,,,,,,
9828,9828,9828,228682383,08 43 03.435,+16 07 19.38,1,18.43,,,,,,,,,,,,,,,,,,,,,,,,,,,,,,,,,,,,,,,,,,,,,,,,,,,,,,,,,,,,,
9829,9829,9829,228682385,08 43 54.423,+17 34 19.30,1,18.31,,,,,,,,,,,,,,,,,,,,,,,,,,,,,,,,,,,,,,,,,,,,,,,,,,,,,,,,,,,,,
9830,9830,9830,228682387,08 44 34.329,+14 55 49.62,1,18.82,,,,,,,,,,,,,,,,,,,,,,,,,,,,,,,,,,,,,,,,,,,,,,,,,,,,,,,,,,,,,
9831,9831,9831,228682388,08 44 35.731,+13 51 28.76,1,19.81,,,,,,,,,,,,,,,,,,,,,,,,,,,,,,,,,,,,,,,,,,,,,,,,,,,,,,,,,,,,,
9832,9832,9832,228682393,08 44 46.996,+16 14 03.98,1,18.11,,,,,,,,,,,,,,,,,,,,,,,,,,,,,,,,,,,,,,,,,,,,,,,,,,,,,,,,,,,,,
9833,9833,9833,228682395,08 45 23.031,+16 24 57.60,1,19.82,,,,,,,,,,,,,,,,,,,,,,,,,,,,,,,,,,,,,,,,,,,,,,,,,,,,,,,,,,,,,
9834,9834,9834,228682396,08 45 34.420,+19 42 58.90,1,19.77,,,,,,,,,,,,,,,,,,,,,,,,,,,,,,,,,,,,,,,,,,,,,,,,,,,,,,,,,,,,,
9835,9835,9835,228682408,08 50 34.618,+16 40 36.01,1,19.9,,,,,,,,,,,,,,,,,,,,,,,,,,,,,,,,,,,,,,,,,,,,,,,,,,,,,,,,,,,,,
9836,9836,9836,228682411,08 51 29.872,+22 09 32.76,1,19.15,,,,,,,,,,,,,,,,,,,,,,,,,,,,,,,,,,,,,,,,,,,,,,,,,,,,,,,,,,,,,
9837,9837,9837,228682412,08 51 34.878,+11 42 17.82,1,19.51,,,,,,,,,,,,,,,,,,,,,,,,,,,,,,,,,,,,,,,,,,,,,,,,,,,,,,,,,,,,,
9838,9838,9838,228682413,08 51 35.259,+16 18 37.15,1,17.19,,,,,,,,,,,,,,,,,,,,,,,,,,,,,,,,,,,,,,,,,,,,,,,,,,,,,,,,,,,,,
9839,9839,9839,228682415,08 52 55.016,+18 50 13.45,1,17.88,,,,,,,,,,,,,,,,,,,,,,,,,,,,,,,,,,,,,,,,,,,,,,,,,,,,,,,,,,,,,
9840,9840,9840,228682416,08 53 19.321,+18 53 44.49,1,17.31,,,,,,,,,,,,,,,,,,,,,,,,,,,,,,,,,,,,,,,,,,,,,,,,,,,,,,,,,,,,,
9841,9841,9841,228682417,08 53 34.468,+11 45 03.56,1,19.35,,,,,,,,,,,,,,,,,,,,,,,,,,,,,,,,,,,,,,,,,,,,,,,,,,,,,,,,,,,,,
9842,9842,9842,228682419,08 54 13.949,+18 53 23.64,1,17.73,,,,,,,,,,,,,,,,,,,,,,,,,,,,,,,,,,,,,,,,,,,,,,,,,,,,,,,,,,,,,
9843,9843,9843,228682420,08 54 15.403,+12 02 31.06,1,19.97,,,,,,,,,,,,,,,,,,,,,,,,,,,,,,,,,,,,,,,,,,,,,,,,,,,,,,,,,,,,,
9844,9844,9844,228682421,08 56 41.093,+15 52 06.35,1,19.69,,,,,,,,,,,,,,,,,,,,,,,,,,,,,,,,,,,,,,,,,,,,,,,,,,,,,,,,,,,,,
9845,9845,9845,228682422,09 02 27.656,+12 52 05.99,1,17.06,,,,,,,,,,,,,,,,,,,,,,,,,,,,,,,,,,,,,,,,,,,,,,,,,,,,,,,,,,,,,
9846,9846,9846,228682423,09 03 52.804,+19 36 43.56,1,16.37,,,,,,,,,,,,,,,,,,,,,,,,,,,,,,,,,,,,,,,,,,,,,,,,,,,,,,,,,,,,,
9847,9847,9847,228682425,09 05 19.625,+12 45 03.02,1,19.83,,,,,,,,,,,,,,,,,,,,,,,,,,,,,,,,,,,,,,,,,,,,,,,,,,,,,,,,,,,,,
9848,9848,9848,228682429,09 08 23.145,+12 47 03.95,1,17.33,,,,,,,,,,,,,,,,,,,,,,,,,,,,,,,,,,,,,,,,,,,,,,,,,,,,,,,,,,,,,
9849,9849,9849,228682431,09 09 40.847,+18 16 29.28,1,18.98,,,,,,,,,,,,,,,,,,,,,,,,,,,,,,,,,,,,,,,,,,,,,,,,,,,,,,,,,,,,,
9850,9850,9850,228682435,08 44 42.433,+18 33 18.63,1,17.1,,,,,,,,,,,,,,,,,,,,,,,,,,,,,,,,,,,,,,,,,,,,,,,,,,,,,,,,,,,,,
9851,9851,9851,228682437,08 45 59.213,+23 29 41.01,1,16.8,,,,,,,,,,,,,,,,,,,,,,,,,,,,,,,,,,,,,,,,,,,,,,,,,,,,,,,,,,,,,
9852,9852,9852,228682438,08 52 56.525,+16 48 25.38,1,16.1,,,,,,,,,,,,,,,,,,,,,,,,,,,,,,,,,,,,,,,,,,,,,,,,,,,,,,,,,,,,,
9853,9853,9853,228682439,08 55 04.698,+17 32 12.79,1,15.9,,,,,,,,,,,,,,,,,,,,,,,,,,,,,,,,,,,,,,,,,,,,,,,,,,,,,,,,,,,,,
9854,9854,9854,228682442,08 51 21.698,+12 06 41.62,1,19.8,,,,,,,,,,,,,,,,,,,,,,,,,,,,,,,,,,,,,,,,,,,,,,,,,,,,,,,,,,,,,
9855,9855,9855,228682448,08 50 58.971,+12 10 31.87,1,19.6,,,,,,,,,,,,,,,,,,,,,,,,,,,,,,,,,,,,,,,,,,,,,,,,,,,,,,,,,,,,,
9856,9856,9856,228682449,08 51 14.088,+12 05 48.08,1,20.0,,,,,,,,,,,,,,,,,,,,,,,,,,,,,,,,,,,,,,,,,,,,,,,,,,,,,,,,,,,,,
9857,9857,9857,228682450,08 51 21.123,+12 07 37.81,1,18.6,,,,,,,,,,,,,,,,,,,,,,,,,,,,,,,,,,,,,,,,,,,,,,,,,,,,,,,,,,,,,
9858,9858,9858,228682453,08 51 09.792,+12 02 33.97,1,19.9,,,,,,,,,,,,,,,,,,,,,,,,,,,,,,,,,,,,,,,,,,,,,,,,,,,,,,,,,,,,,
9859,9859,9859,228682455,08 50 59.905,+12 07 21.86,1,19.9,,,,,,,,,,,,,,,,,,,,,,,,,,,,,,,,,,,,,,,,,,,,,,,,,,,,,,,,,,,,,
9860,9860,9860,228682457,08 51 20.259,+12 05 04.02,1,19.7,,,,,,,,,,,,,,,,,,,,,,,,,,,,,,,,,,,,,,,,,,,,,,,,,,,,,,,,,,,,,
9861,9861,9861,228682458,08 51 02.930,+12 09 54.94,1,19.7,,,,,,,,,,,,,,,,,,,,,,,,,,,,,,,,,,,,,,,,,,,,,,,,,,,,,,,,,,,,,
9862,9862,9862,228682459,08 51 04.827,+12 05 17.92,1,19.7,,,,,,,,,,,,,,,,,,,,,,,,,,,,,,,,,,,,,,,,,,,,,,,,,,,,,,,,,,,,,
9863,9863,9863,228682463,08 51 23.881,+12 10 43.07,1,19.3,,,,,,,,,,,,,,,,,,,,,,,,,,,,,,,,,,,,,,,,,,,,,,,,,,,,,,,,,,,,,
9864,9864,9864,228682467,08 51 06.888,+12 03 04.50,1,19.4,,,,,,,,,,,,,,,,,,,,,,,,,,,,,,,,,,,,,,,,,,,,,,,,,,,,,,,,,,,,,
9865,9865,9865,228682468,08 51 02.640,+12 05 53.41,1,19.8,,,,,,,,,,,,,,,,,,,,,,,,,,,,,,,,,,,,,,,,,,,,,,,,,,,,,,,,,,,,,
9866,9866,9866,228682469,08 51 06.936,+12 02 53.52,1,19.7,,,,,,,,,,,,,,,,,,,,,,,,,,,,,,,,,,,,,,,,,,,,,,,,,,,,,,,,,,,,,
9867,9867,9867,228682476,08 51 24.650,+12 09 00.76,1,19.5,,,,,,,,,,,,,,,,,,,,,,,,,,,,,,,,,,,,,,,,,,,,,,,,,,,,,,,,,,,,,
9868,9868,9868,228682478,08 40 27.839,+13 20 09.96,1,18.3,,,,,,,,,,,,,,,,,,,,,,,,,,,,,,,,,,,,,,,,,,,,,,,,,,,,,,,,,,,,,
9869,9869,9869,228682485,08 41 25.206,+17 30 46.00,1,17.4,,,,,,,,,,,,,,,,,,,,,,,,,,,,,,,,,,,,,,,,,,,,,,,,,,,,,,,,,,,,,
9870,9870,9870,228682486,08 43 29.572,+23 41 56.58,1,19.1,,,,,,,,,,,,,,,,,,,,,,,,,,,,,,,,,,,,,,,,,,,,,,,,,,,,,,,,,,,,,
9871,9871,9871,228682488,08 52 17.600,+21 16 36.98,1,16.0,,,,,,,,,,,,,,,,,,,,,,,,,,,,,,,,,,,,,,,,,,,,,,,,,,,,,,,,,,,,,
9872,9872,9872,228682494,08 54 09.404,+20 13 39.22,1,17.5,,,,,,,,,,,,,,,,,,,,,,,,,,,,,,,,,,,,,,,,,,,,,,,,,,,,,,,,,,,,,
9873,9873,9873,228682498,08 29 16.102,+22 11 13.60,1,17.98,,,,,,,,,,,,,,,,,,,,,,,,,,,,,,,,,,,,,,,,,,,,,,,,,,,,,,,,,,,,,
9874,9874,9874,228682499,08 53 55.525,+19 02 29.83,1,18.08,,,,,,,,,,,,,,,,,,,,,,,,,,,,,,,,,,,,,,,,,,,,,,,,,,,,,,,,,,,,,
9875,9875,9875,228682502,09 04 11.276,+18 21 43.85,1,19.94,,,,,,,,,,,,,,,,,,,,,,,,,,,,,,,,,,,,,,,,,,,,,,,,,,,,,,,,,,,,,
9876,9876,9876,228682517,08 39 33.289,+23 34 09.12,1,15.28,,,,,,,,,,,,,,,,,,,,,,,,,,,,,,,,,,,,,,,,,,,,,,,,,,,,,,,,,,,,,
9877,9877,9877,228682519,08 43 49.918,+19 37 01.20,1,18.73,,,,,,,,,,,,,,,,,,,,,,,,,,,,,,,,,,,,,,,,,,,,,,,,,,,,,,,,,,,,,
9878,9878,9878,228682540,08 40 58.608,+16 11 00.15,1,15.9,,,,,,,,,,,,,,,,,,,,,,,,,,,,,,,,,,,,,,,,,,,,,,,,,,,,,,,,,,,,,
9879,9879,9879,228682542,09 05 43.059,+18 20 23.05,1,13.5,,,,,,,,,,,,,,,,,,,,,,,,,,,,,,,,,,,,,,,,,,,,,,,,,,,,,,,,,,,,,
9880,9880,9880,228682548,09 06 39.408,+19 20 16.47,1,15.1,,,,,,,,,,,,,,,,,,,,,,,,,,,,,,,,,,,,,,,,,,,,,,,,,,,,,,,,,,,,,
9881,9881,9881,228682550,08 42 22.767,+17 39 30.52,1,17.8,,,,,,,,,,,,,,,,,,,,,,,,,,,,,,,,,,,,,,,,,,,,,,,,,,,,,,,,,,,,,
9882,9882,9882,228682563,09 02 22.841,+14 31 30.88,1,14.4,,,,,,,,,,,,,,,,,,,,,,,,,,,,,,,,,,,,,,,,,,,,,,,,,,,,,,,,,,,,,
9883,9883,9883,228682575,08 52 53.148,+21 43 33.49,1,16.9,,,,,,,,,,,,,,,,,,,,,,,,,,,,,,,,,,,,,,,,,,,,,,,,,,,,,,,,,,,,,
9884,9884,9884,228682577,09 05 46.091,+18 35 52.34,1,16.5,,,,,,,,,,,,,,,,,,,,,,,,,,,,,,,,,,,,,,,,,,,,,,,,,,,,,,,,,,,,,
9885,9885,9885,228682580,09 08 22.903,+19 16 32.89,1,17.4,,,,,,,,,,,,,,,,,,,,,,,,,,,,,,,,,,,,,,,,,,,,,,,,,,,,,,,,,,,,,
9886,9886,9886,228682583,09 02 29.293,+13 40 46.98,1,16.8,,,,,,,,,,,,,,,,,,,,,,,,,,,,,,,,,,,,,,,,,,,,,,,,,,,,,,,,,,,,,
9887,9887,9887,228682584,08 38 25.594,+19 35 07.53,1,15.2,,,,,,,,,,,,,,,,,,,,,,,,,,,,,,,,,,,,,,,,,,,,,,,,,,,,,,,,,,,,,
9888,9888,9888,228682587,08 53 07.577,+20 28 46.41,1,16.7,,,,,,,,,,,,,,,,,,,,,,,,,,,,,,,,,,,,,,,,,,,,,,,,,,,,,,,,,,,,,
9889,9889,9889,228682600,09 10 05.380,+20 12 45.61,1,17.1,,,,,,,,,,,,,,,,,,,,,,,,,,,,,,,,,,,,,,,,,,,,,,,,,,,,,,,,,,,,,
9890,9890,9890,228682601,08 28 27.116,+21 53 56.43,1,16.8,,,,,,,,,,,,,,,,,,,,,,,,,,,,,,,,,,,,,,,,,,,,,,,,,,,,,,,,,,,,,
9891,9891,9891,228682602,08 29 57.171,+20 37 34.60,1,17.2,,,,,,,,,,,,,,,,,,,,,,,,,,,,,,,,,,,,,,,,,,,,,,,,,,,,,,,,,,,,,
9892,9892,9892,228682603,09 07 35.358,+20 24 51.43,1,15.2,,,,,,,,,,,,,,,,,,,,,,,,,,,,,,,,,,,,,,,,,,,,,,,,,,,,,,,,,,,,,
9893,9893,9893,228682604,08 52 11.832,+22 19 49.17,1,17.0,,,,,,,,,,,,,,,,,,,,,,,,,,,,,,,,,,,,,,,,,,,,,,,,,,,,,,,,,,,,,
9894,9894,9894,228682612,08 53 15.048,+23 24 15.85,1,17.5,,,,,,,,,,,,,,,,,,,,,,,,,,,,,,,,,,,,,,,,,,,,,,,,,,,,,,,,,,,,,
9895,9895,9895,228682614,08 55 33.563,+20 30 40.17,1,16.6,,,,,,,,,,,,,,,,,,,,,,,,,,,,,,,,,,,,,,,,,,,,,,,,,,,,,,,,,,,,,
9896,9896,9896,228682623,08 54 12.085,+18 57 03.94,1,17.4,,,,,,,,,,,,,,,,,,,,,,,,,,,,,,,,,,,,,,,,,,,,,,,,,,,,,,,,,,,,,
9897,9897,9897,228682625,09 07 37.610,+13 26 18.40,1,17.7,,,,,,,,,,,,,,,,,,,,,,,,,,,,,,,,,,,,,,,,,,,,,,,,,,,,,,,,,,,,,
9898,9898,9898,228682629,08 40 45.688,+13 42 24.40,1,17.4,,,,,,,,,,,,,,,,,,,,,,,,,,,,,,,,,,,,,,,,,,,,,,,,,,,,,,,,,,,,,
9899,9899,9899,228682647,08 54 13.334,+19 32 16.64,1,16.0,,,,,,,,,,,,,,,,,,,,,,,,,,,,,,,,,,,,,,,,,,,,,,,,,,,,,,,,,,,,,
9900,9900,9900,228682666,08 26 06.083,+20 24 58.14,1,17.2,,,,,,,,,,,,,,,,,,,,,,,,,,,,,,,,,,,,,,,,,,,,,,,,,,,,,,,,,,,,,
9901,9901,9901,228682675,08 33 42.360,+22 14 39.07,1,16.4,,,,,,,,,,,,,,,,,,,,,,,,,,,,,,,,,,,,,,,,,,,,,,,,,,,,,,,,,,,,,
9902,9902,9902,228682685,08 54 45.304,+22 01 57.97,1,15.6,,,,,,,,,,,,,,,,,,,,,,,,,,,,,,,,,,,,,,,,,,,,,,,,,,,,,,,,,,,,,
9903,9903,9903,228682688,08 56 59.106,+20 19 28.92,1,16.7,,,,,,,,,,,,,,,,,,,,,,,,,,,,,,,,,,,,,,,,,,,,,,,,,,,,,,,,,,,,,
9904,9904,9904,228682705,08 31 34.202,+22 02 01.28,1,14.0,,,,,,,,,,,,,,,,,,,,,,,,,,,,,,,,,,,,,,,,,,,,,,,,,,,,,,,,,,,,,
9905,9905,9905,228682716,08 57 14.344,+17 33 34.09,1,17.2,,,,,,,,,,,,,,,,,,,,,,,,,,,,,,,,,,,,,,,,,,,,,,,,,,,,,,,,,,,,,
9906,9906,9906,228682720,09 02 22.903,+12 59 53.16,1,17.1,,,,,,,,,,,,,,,,,,,,,,,,,,,,,,,,,,,,,,,,,,,,,,,,,,,,,,,,,,,,,
9907,9907,9907,228682722,08 28 10.168,+20 18 19.25,1,17.0,,,,,,,,,,,,,,,,,,,,,,,,,,,,,,,,,,,,,,,,,,,,,,,,,,,,,,,,,,,,,
9908,9908,9908,228682742,09 05 00.267,+13 50 18.41,1,16.3,,,,,,,,,,,,,,,,,,,,,,,,,,,,,,,,,,,,,,,,,,,,,,,,,,,,,,,,,,,,,
9909,9909,9909,228682747,08 54 38.434,+16 13 31.26,1,17.3,,,,,,,,,,,,,,,,,,,,,,,,,,,,,,,,,,,,,,,,,,,,,,,,,,,,,,,,,,,,,
9910,9910,9910,228682767,08 26 22.971,+20 37 30.93,1,16.9,,,,,,,,,,,,,,,,,,,,,,,,,,,,,,,,,,,,,,,,,,,,,,,,,,,,,,,,,,,,,
9911,9911,9911,228682769,09 07 11.766,+20 36 03.99,1,16.7,,,,,,,,,,,,,,,,,,,,,,,,,,,,,,,,,,,,,,,,,,,,,,,,,,,,,,,,,,,,,
9912,9912,9912,228682776,09 04 55.756,+14 42 19.12,1,17.0,,,,,,,,,,,,,,,,,,,,,,,,,,,,,,,,,,,,,,,,,,,,,,,,,,,,,,,,,,,,,
9913,9913,9913,228682784,08 50 24.390,+12 13 34.50,1,17.6,,,,,,,,,,,,,,,,,,,,,,,,,,,,,,,,,,,,,,,,,,,,,,,,,,,,,,,,,,,,,
9914,9914,9914,228682785,08 26 26.700,+20 47 54.00,1,14.6,,,,,,,,,,,,,,,,,,,,,,,,,,,,,,,,,,,,,,,,,,,,,,,,,,,,,,,,,,,,,
9915,9915,9915,228682802,09 02 37.317,+20 12 27.12,1,17.1,,,,,,,,,,,,,,,,,,,,,,,,,,,,,,,,,,,,,,,,,,,,,,,,,,,,,,,,,,,,,
9916,9916,9916,228682805,09 06 44.604,+13 39 42.52,1,17.5,,,,,,,,,,,,,,,,,,,,,,,,,,,,,,,,,,,,,,,,,,,,,,,,,,,,,,,,,,,,,
9917,9917,9917,228682811,08 38 24.324,+14 03 20.38,1,17.5,,,,,,,,,,,,,,,,,,,,,,,,,,,,,,,,,,,,,,,,,,,,,,,,,,,,,,,,,,,,,
9918,9918,9918,228682819,08 49 50.522,+12 05 01.60,1,17.3,,,,,,,,,,,,,,,,,,,,,,,,,,,,,,,,,,,,,,,,,,,,,,,,,,,,,,,,,,,,,
9919,9919,9919,228682824,09 06 34.299,+19 18 35.00,1,15.0,,,,,,,,,,,,,,,,,,,,,,,,,,,,,,,,,,,,,,,,,,,,,,,,,,,,,,,,,,,,,
9920,9920,9920,228682834,08 39 45.088,+13 15 59.93,1,17.2,,,,,,,,,,,,,,,,,,,,,,,,,,,,,,,,,,,,,,,,,,,,,,,,,,,,,,,,,,,,,
9921,9921,9921,228682838,09 03 14.795,+13 50 08.13,1,17.8,,,,,,,,,,,,,,,,,,,,,,,,,,,,,,,,,,,,,,,,,,,,,,,,,,,,,,,,,,,,,
9922,9922,9922,228682839,09 06 37.932,+14 23 14.31,1,17.7,,,,,,,,,,,,,,,,,,,,,,,,,,,,,,,,,,,,,,,,,,,,,,,,,,,,,,,,,,,,,
9923,9923,9923,228682851,09 08 59.462,+20 19 20.77,1,17.0,,,,,,,,,,,,,,,,,,,,,,,,,,,,,,,,,,,,,,,,,,,,,,,,,,,,,,,,,,,,,
9924,9924,9924,228682858,08 53 21.006,+20 23 53.08,1,17.3,,,,,,,,,,,,,,,,,,,,,,,,,,,,,,,,,,,,,,,,,,,,,,,,,,,,,,,,,,,,,
9925,9925,9925,228682860,08 56 04.464,+20 28 15.49,1,17.7,,,,,,,,,,,,,,,,,,,,,,,,,,,,,,,,,,,,,,,,,,,,,,,,,,,,,,,,,,,,,
9926,9926,9926,228682864,08 50 22.775,+20 35 16.48,1,16.2,,,,,,,,,,,,,,,,,,,,,,,,,,,,,,,,,,,,,,,,,,,,,,,,,,,,,,,,,,,,,
9927,9927,9927,228682886,09 06 28.282,+14 45 10.18,1,17.2,,,,,,,,,,,,,,,,,,,,,,,,,,,,,,,,,,,,,,,,,,,,,,,,,,,,,,,,,,,,,
9928,9928,9928,228682918,09 09 53.877,+19 19 57.98,1,17.8,,,,,,,,,,,,,,,,,,,,,,,,,,,,,,,,,,,,,,,,,,,,,,,,,,,,,,,,,,,,,
9929,9929,9929,228682937,08 45 14.469,+16 17 23.36,1,17.7,,,,,,,,,,,,,,,,,,,,,,,,,,,,,,,,,,,,,,,,,,,,,,,,,,,,,,,,,,,,,
9930,9930,9930,228682941,08 40 04.358,+23 22 04.35,1,17.0,,,,,,,,,,,,,,,,,,,,,,,,,,,,,,,,,,,,,,,,,,,,,,,,,,,,,,,,,,,,,
9931,9931,9931,228682948,08 43 34.490,+18 54 05.84,1,17.6,,,,,,,,,,,,,,,,,,,,,,,,,,,,,,,,,,,,,,,,,,,,,,,,,,,,,,,,,,,,,
9932,9932,9932,228682956,08 39 57.634,+15 59 56.18,1,17.5,,,,,,,,,,,,,,,,,,,,,,,,,,,,,,,,,,,,,,,,,,,,,,,,,,,,,,,,,,,,,
9933,9933,9933,228682971,08 31 43.967,+22 29 23.88,1,17.6,,,,,,,,,,,,,,,,,,,,,,,,,,,,,,,,,,,,,,,,,,,,,,,,,,,,,,,,,,,,,
9934,9934,9934,228682984,09 03 06.134,+13 50 08.69,1,17.7,,,,,,,,,,,,,,,,,,,,,,,,,,,,,,,,,,,,,,,,,,,,,,,,,,,,,,,,,,,,,
9935,9935,9935,228682992,08 43 09.324,+15 00 05.48,1,17.6,,,,,,,,,,,,,,,,,,,,,,,,,,,,,,,,,,,,,,,,,,,,,,,,,,,,,,,,,,,,,
9936,9936,9936,228683013,09 03 37.002,+14 37 09.94,1,17.4,,,,,,,,,,,,,,,,,,,,,,,,,,,,,,,,,,,,,,,,,,,,,,,,,,,,,,,,,,,,,
9937,9937,9937,228683020,08 56 03.988,+20 44 45.07,1,17.8,,,,,,,,,,,,,,,,,,,,,,,,,,,,,,,,,,,,,,,,,,,,,,,,,,,,,,,,,,,,,
9938,9938,9938,228683027,09 06 20.204,+20 09 44.18,1,17.9,,,,,,,,,,,,,,,,,,,,,,,,,,,,,,,,,,,,,,,,,,,,,,,,,,,,,,,,,,,,,
9939,9939,9939,228683031,08 44 45.648,+23 25 22.04,1,16.9,,,,,,,,,,,,,,,,,,,,,,,,,,,,,,,,,,,,,,,,,,,,,,,,,,,,,,,,,,,,,
9940,9940,9940,228683032,09 08 23.771,+19 23 27.69,1,17.9,,,,,,,,,,,,,,,,,,,,,,,,,,,,,,,,,,,,,,,,,,,,,,,,,,,,,,,,,,,,,
9941,9941,9941,228683059,08 42 28.158,+23 14 29.13,1,17.6,,,,,,,,,,,,,,,,,,,,,,,,,,,,,,,,,,,,,,,,,,,,,,,,,,,,,,,,,,,,,
9942,9942,9942,228683075,08 39 55.540,+17 41 55.79,1,17.1,,,,,,,,,,,,,,,,,,,,,,,,,,,,,,,,,,,,,,,,,,,,,,,,,,,,,,,,,,,,,
9943,9943,9943,228683077,08 28 30.648,+22 07 32.01,1,17.8,,,,,,,,,,,,,,,,,,,,,,,,,,,,,,,,,,,,,,,,,,,,,,,,,,,,,,,,,,,,,
9944,9944,9944,228683096,08 31 46.965,+22 40 40.85,1,17.1,,,,,,,,,,,,,,,,,,,,,,,,,,,,,,,,,,,,,,,,,,,,,,,,,,,,,,,,,,,,,
9945,9945,9945,228683099,08 41 32.538,+23 18 10.82,1,16.8,,,,,,,,,,,,,,,,,,,,,,,,,,,,,,,,,,,,,,,,,,,,,,,,,,,,,,,,,,,,,
9946,9946,9946,228683120,08 40 56.459,+16 26 53.53,1,17.3,,,,,,,,,,,,,,,,,,,,,,,,,,,,,,,,,,,,,,,,,,,,,,,,,,,,,,,,,,,,,
9947,9947,9947,228683123,08 42 45.187,+23 09 21.50,1,18.1,,,,,,,,,,,,,,,,,,,,,,,,,,,,,,,,,,,,,,,,,,,,,,,,,,,,,,,,,,,,,
9948,9948,9948,228683126,08 42 18.344,+19 19 17.33,1,17.9,,,,,,,,,,,,,,,,,,,,,,,,,,,,,,,,,,,,,,,,,,,,,,,,,,,,,,,,,,,,,
9949,9949,9949,228683140,09 06 36.204,+20 18 55.42,1,17.5,,,,,,,,,,,,,,,,,,,,,,,,,,,,,,,,,,,,,,,,,,,,,,,,,,,,,,,,,,,,,
9950,9950,9950,228683141,08 56 31.245,+19 16 28.39,1,16.9,,,,,,,,,,,,,,,,,,,,,,,,,,,,,,,,,,,,,,,,,,,,,,,,,,,,,,,,,,,,,
9951,9951,9951,228683146,08 38 00.282,+17 34 37.07,1,17.4,,,,,,,,,,,,,,,,,,,,,,,,,,,,,,,,,,,,,,,,,,,,,,,,,,,,,,,,,,,,,
9952,9952,9952,228683153,08 41 17.849,+14 59 06.21,1,16.8,,,,,,,,,,,,,,,,,,,,,,,,,,,,,,,,,,,,,,,,,,,,,,,,,,,,,,,,,,,,,
9953,9953,9953,228683194,08 57 33.827,+19 16 04.04,1,17.4,,,,,,,,,,,,,,,,,,,,,,,,,,,,,,,,,,,,,,,,,,,,,,,,,,,,,,,,,,,,,
9954,9954,9954,228683195,08 32 46.589,+20 54 24.11,1,17.4,,,,,,,,,,,,,,,,,,,,,,,,,,,,,,,,,,,,,,,,,,,,,,,,,,,,,,,,,,,,,
9955,9955,9955,228683197,08 44 07.767,+14 58 14.00,1,17.4,,,,,,,,,,,,,,,,,,,,,,,,,,,,,,,,,,,,,,,,,,,,,,,,,,,,,,,,,,,,,
9956,9956,9956,228683198,08 56 23.119,+15 50 21.45,1,17.4,,,,,,,,,,,,,,,,,,,,,,,,,,,,,,,,,,,,,,,,,,,,,,,,,,,,,,,,,,,,,
9957,9957,9957,228683204,08 38 01.531,+18 43 12.39,1,17.7,,,,,,,,,,,,,,,,,,,,,,,,,,,,,,,,,,,,,,,,,,,,,,,,,,,,,,,,,,,,,
9958,9958,9958,228683210,08 56 12.905,+17 28 27.33,1,17.7,,,,,,,,,,,,,,,,,,,,,,,,,,,,,,,,,,,,,,,,,,,,,,,,,,,,,,,,,,,,,
9959,9959,9959,228683212,08 38 46.604,+16 37 22.67,1,17.2,,,,,,,,,,,,,,,,,,,,,,,,,,,,,,,,,,,,,,,,,,,,,,,,,,,,,,,,,,,,,
9960,9960,9960,228683213,08 45 03.219,+13 20 23.86,1,17.9,,,,,,,,,,,,,,,,,,,,,,,,,,,,,,,,,,,,,,,,,,,,,,,,,,,,,,,,,,,,,
9961,9961,9961,228683221,09 02 04.991,+13 05 23.51,1,17.0,,,,,,,,,,,,,,,,,,,,,,,,,,,,,,,,,,,,,,,,,,,,,,,,,,,,,,,,,,,,,
9962,9962,9962,228683258,08 45 25.067,+14 45 39.40,1,17.5,,,,,,,,,,,,,,,,,,,,,,,,,,,,,,,,,,,,,,,,,,,,,,,,,,,,,,,,,,,,,
9963,9963,9963,228683259,08 56 54.598,+17 49 11.55,1,17.6,,,,,,,,,,,,,,,,,,,,,,,,,,,,,,,,,,,,,,,,,,,,,,,,,,,,,,,,,,,,,
9964,9964,9964,228683272,08 41 26.118,+14 44 32.55,1,17.2,,,,,,,,,,,,,,,,,,,,,,,,,,,,,,,,,,,,,,,,,,,,,,,,,,,,,,,,,,,,,
9965,9965,9965,228683284,08 57 00.143,+17 40 11.35,1,17.7,,,,,,,,,,,,,,,,,,,,,,,,,,,,,,,,,,,,,,,,,,,,,,,,,,,,,,,,,,,,,
9966,9966,9966,228683291,08 42 56.558,+13 12 47.19,1,17.3,,,,,,,,,,,,,,,,,,,,,,,,,,,,,,,,,,,,,,,,,,,,,,,,,,,,,,,,,,,,,
9967,9967,9967,228683295,08 32 35.889,+21 55 04.75,1,17.8,,,,,,,,,,,,,,,,,,,,,,,,,,,,,,,,,,,,,,,,,,,,,,,,,,,,,,,,,,,,,
9968,9968,9968,228683298,08 38 36.489,+16 54 39.79,1,17.2,,,,,,,,,,,,,,,,,,,,,,,,,,,,,,,,,,,,,,,,,,,,,,,,,,,,,,,,,,,,,
9969,9969,9969,228683307,08 39 35.537,+12 16 03.31,1,17.2,,,,,,,,,,,,,,,,,,,,,,,,,,,,,,,,,,,,,,,,,,,,,,,,,,,,,,,,,,,,,
9970,9970,9970,228683308,08 53 30.007,+11 51 50.29,1,17.6,,,,,,,,,,,,,,,,,,,,,,,,,,,,,,,,,,,,,,,,,,,,,,,,,,,,,,,,,,,,,
9971,9971,9971,228683319,09 06 10.576,+13 29 01.30,1,17.8,,,,,,,,,,,,,,,,,,,,,,,,,,,,,,,,,,,,,,,,,,,,,,,,,,,,,,,,,,,,,
9972,9972,9972,228683329,08 44 04.856,+19 28 28.94,1,16.8,,,,,,,,,,,,,,,,,,,,,,,,,,,,,,,,,,,,,,,,,,,,,,,,,,,,,,,,,,,,,
9973,9973,9973,228683336,08 55 23.470,+18 34 56.79,1,17.4,,,,,,,,,,,,,,,,,,,,,,,,,,,,,,,,,,,,,,,,,,,,,,,,,,,,,,,,,,,,,
9974,9974,9974,228683343,08 50 57.913,+22 23 11.10,1,17.1,,,,,,,,,,,,,,,,,,,,,,,,,,,,,,,,,,,,,,,,,,,,,,,,,,,,,,,,,,,,,
9975,9975,9975,228683364,09 01 12.213,+13 02 40.27,1,15.9,,,,,,,,,,,,,,,,,,,,,,,,,,,,,,,,,,,,,,,,,,,,,,,,,,,,,,,,,,,,,
9976,9976,9976,228683367,08 33 36.295,+22 29 51.23,1,17.6,,,,,,,,,,,,,,,,,,,,,,,,,,,,,,,,,,,,,,,,,,,,,,,,,,,,,,,,,,,,,
9977,9977,9977,228683374,08 53 16.582,+20 44 11.57,1,17.6,,,,,,,,,,,,,,,,,,,,,,,,,,,,,,,,,,,,,,,,,,,,,,,,,,,,,,,,,,,,,
9978,9978,9978,251257132,09 10 08.760,+11 30 35.58,1,18.915,,,,,6004-301-2-0144-0229,STAR,gri,,7.0,5.0,-1.0,5.0,,,,,,,19.147000000000002,0.022000000000000002,19.075,0.01,18.862000000000002,0.01,18.933,0.012,19.003,0.035,,,,,,,,,,,,,,,,,,,,,,,,,,,,,,,,,
9979,9979,9979,251257161,09 10 12.609,+11 30 49.11,1,9.306000000000001,,815-173-1,508-050075,09101261+1130491,,STAR,gri,rpm,-4.6,1.1,-17.2,1.0,,,10.379000000000001,0.04,9.408,0.022000000000000002,,,10.186,0.03,9.212,0.04,8.927999999999997,0.06,,,7.803,0.028999999999999998,7.315,0.034,7.212999999999999,0.033,4703.0,75.0,94.0,2.525,0.24,0.14400000000000002,-0.004,0.12,0.18,11.171,0.608,1.7409999999999999,1.4609999999999999,0.52,0.26,0.001,0.001,0.000312,550.8,36.14,65.74,0.033,0.011000000000000001,0.008,AAA-111-111-000-0-0,27.5,
9980,9980,9980,251276927,09 22 17.159,+14 06 30.32,1,16.779,,,,09221715+1406303,5312-301-2-0056-0207,EXTENDED,gri,,8.0,3.0,3.0,3.0,,,,,,,19.648,0.08,17.793,0.009000000000000001,16.859,0.006,16.345,0.006,15.925,0.011000000000000001,15.769,0.078,,,,,,,,,,,,,,,,,,,,,,,,,,,,,AUU-266-200-c00-0-0,3.0,
9981,9981,9981,251277022,09 22 22.808,+14 07 04.86,1,17.49,,,,,5312-301-2-0056-0228,EXTENDED,gri,,-3.0,4.0,-4.0,4.0,,,,,,,19.392,0.06,18.159000000000002,0.011000000000000001,17.563,0.009000000000000001,17.203,0.009000000000000001,17.022000000000002,0.026000000000000002,,,,,,,,,,,,,,,,,,,,,,,,,,,,,,,,,
9982,9982,9982,251277092,09 21 40.951,+14 07 32.59,1,12.067,,825-388-1,521-048765,09214095+1407327,,STAR,gri,rpm,4.4,1.8,-1.1,2.0,,,12.392999999999999,0.204,12.004000000000001,0.188,,,12.210999999999999,0.05,12.019,0.02,11.899000000000001,0.05,,,11.17,0.021,10.934000000000001,0.025,10.875,0.021,6511.0,196.0,196.0,4.098,0.155,0.217,-0.087,0.12,0.18,1.6280000000000001,0.634,0.341,1.328,0.22899999999999998,0.16399999999999998,0.253,0.259,0.142,574.9,202.1,127.6,0.033,0.008,0.006999999999999999,AAA-222-111-000-0-0,93.5,
9983,9983,9983,251277107,09 21 06.443,+14 07 36.76,1,18.249000000000002,,,,,5935-301-3-0159-0102,STAR,gri,,-28.0,3.0,-8.0,3.0,,,,,,,17.878,0.012,17.993,0.006,18.335,0.008,18.635,0.011000000000000001,18.91,0.045,,,,,,,,,,,,,,,,,,,,,,,,,,,,,,,,,
9984,9984,9984,251277119,09 22 07.907,+14 07 41.00,1,17.439,,,,09220790+1407410,5312-301-2-0056-0159,EXTENDED,gri,,-9.0,4.0,-2.0,4.0,,,,,,,20.316,0.096,18.425,0.011000000000000001,17.423,0.006999999999999999,17.016,0.006999999999999999,16.655,0.013999999999999999,16.132,0.09300000000000001,15.354000000000001,0.11199999999999999,14.85,0.11900000000000001,,,,,,,,,,,,,,,,,,,,,,,,,ABB-222-111-000-0-0,28.0,
9985,9985,9985,251277156,09 21 09.676,+14 07 54.83,1,13.444,,,521-048746,09210967+1407548,,STAR,gri,rpm,-26.9,2.6,-1.7,3.0,,,14.77,0.03,13.808,0.03,,,14.237,0.04,13.446,0.03,13.104000000000001,0.04,,,11.895,0.022000000000000002,11.422,0.024,11.31,0.02,4986.0,60.0,80.0,4.59,0.03,0.054000000000000006,-0.08,0.18,0.33,0.752,0.066,0.044000000000000004,0.823,0.07200000000000001,0.062,1.849,0.25,0.414,276.0,37.41,27.74,0.03,0.012,0.006,AAA-222-111-000-0-0,49.6,
9986,9986,9986,251277213,09 22 14.520,+14 08 25.39,1,17.736,,,,09221452+1408253,5935-301-3-0161-0193,EXTENDED,gri,,,,,,,,,,,,20.42,0.081,18.722,0.011000000000000001,17.722,0.006999999999999999,17.314,0.006999999999999999,17.005,0.018000000000000002,16.369,0.113,15.335,0.11800000000000001,15.17,0.149,,,,,,,,,,,,,,,,,,,,,,,,,BBB-222-111-000-0-0,17.2,1041-0172203
9987,9987,9987,251277248,09 22 20.801,+14 08 37.97,1,17.641,,,,09222080+1408379,5935-301-3-0161-0214,EXTENDED,gri,,-6.0,3.0,1.0,3.0,,,,,,,19.74,0.051,18.417,0.009000000000000001,17.713,0.006999999999999999,17.308,0.006999999999999999,17.059,0.02,16.596,0.136,15.628,0.146,15.082,0.145,,,,,,,,,,,,,,,,,,,,,,,,,BBB-222-111-000-0-0,45.7,
9988,9988,9988,251277272,09 21 36.974,+14 08 46.18,1,17.038,,,,09213697+1408461,5935-301-3-0160-0112,STAR,gri,rpm,-32.0,3.0,-42.0,3.0,,,,,,,21.688000000000002,0.147,19.075,0.01,17.685,0.006,16.165,0.004,15.347999999999999,0.005,13.905999999999999,0.024,13.335999999999999,0.031,13.046,0.028999999999999998,3605.0,84.0,84.0,5.003,0.036000000000000004,0.03,0.005,0.12,0.15,0.27899999999999997,0.031,0.036000000000000004,0.285,0.051,0.051,13.02,3.036,2.141,165.1,21.85,26.37,0.021,0.005,0.004,AAA-222-111-000-0-0,49.3,
9989,9989,9989,251277310,09 21 01.673,+14 09 01.74,1,19.199,,,,,5935-301-3-0159-0180,STAR,gri,,4.0,3.0,-4.0,3.0,,,,,,,19.605999999999998,0.033,19.17,0.011000000000000001,19.209,0.013999999999999999,18.974,0.013999999999999999,18.980999999999998,0.049,,,,,,,,,,,,,,,,,,,,,,,,,,,,,,,,,
9990,9990,9990,251277321,09 20 58.511,+14 09 09.24,1,19.109,,,,,5935-301-3-0159-0174,STAR,gri,,0.0,3.0,6.0,3.0,,,,,,,19.151,0.024,19.116,0.011000000000000001,19.105999999999998,0.013000000000000001,19.017,0.013999999999999999,18.79,0.040999999999999995,,,,,,,,,,,,,,,,,,,,,,,,,,,,,,,,,
9991,9991,9991,251277334,09 19 47.596,+14 09 15.52,1,14.163,,,521-048692,09194759+1409155,5935-301-3-0157-0135,STAR,gri,rpm,3.8,4.3,-2.6,4.6,,,15.433,0.07,14.468,0.02,,,14.921,0.05,14.103,0.03,13.837,0.06,,,12.630999999999998,0.022000000000000002,12.110999999999999,0.022000000000000002,12.012,0.022000000000000002,4913.0,78.0,98.0,3.4210000000000003,1.197,0.855,-0.231,0.25,0.35,2.861,4.194,2.186,0.9279999999999999,0.23800000000000002,0.149,0.035,1.524,0.033,1397.0,1782.0,1079.0,0.033,0.011000000000000001,0.008,AAA-222-111-000-0-0,14.5,
9992,9992,9992,251277385,09 20 35.064,+14 09 28.41,1,17.359,,,,,5935-301-3-0159-0212,EXTENDED,gri,,23.0,7.0,-14.0,7.0,,,,,,,19.9,0.099,18.144000000000002,0.011000000000000001,17.349,0.008,17.022000000000002,0.009000000000000001,16.704,0.025,,,,,,,,,,,,,,,,,,,,,,,,,,,,,,,,,
9993,9993,9993,251277401,09 19 41.251,+14 09 34.39,1,12.615,,,521-048689,09194125+1409345,,STAR,gri,rpm,-19.6,1.9,-2.1,2.4,,,13.374,0.05,12.795,0.02,,,13.008,0.04,12.632,0.02,12.447000000000001,0.09,,,11.624,0.021,11.292,0.019,11.229000000000001,0.019,5998.0,114.0,137.0,4.289,0.13,0.28600000000000003,-0.298,0.2,0.36,1.159,0.529,0.19899999999999998,0.985,0.098,0.11800000000000001,0.575,0.358,0.373,467.2,208.4,86.57,0.032,0.008,0.006,AAA-222-111-000-0-0,39.0,
9994,9994,9994,251277421,09 22 08.235,+14 09 40.36,1,13.425,,,521-048780,09220823+1409403,,STAR,gri,rpm,-2.5,2.5,-13.2,2.9,,,14.681,0.05,13.729000000000001,0.03,,,14.171,0.05,13.360999999999999,0.03,13.105,0.04,,,11.919,0.022000000000000002,11.442,0.021,11.338,0.018000000000000002,4933.0,119.0,79.0,3.489,1.08,0.54,-0.239,0.25,0.25,2.679,2.1959999999999997,2.042,0.9390000000000001,0.23199999999999998,0.193,0.032,1.527,0.028999999999999998,1040.0,783.7,798.3,0.028999999999999998,0.013000000000000001,0.006999999999999999,AAA-222-111-000-0-0,56.7,
9995,9995,9995,251277425,09 19 36.838,+14 09 41.53,1,19.165,,,,,5935-301-3-0157-0079,STAR,gri,,-1.0,5.0,1.0,5.0,,,,,,,19.472,0.027999999999999997,19.237000000000002,0.011000000000000001,19.141,0.013000000000000001,18.944000000000006,0.015,19.02,0.052000000000000005,,,,,,,,,,,,,,,,,,,,,,,,,,,,,,,,,
9996,9996,9996,251277427,09 20 59.385,+14 09 42.20,1,14.517999999999999,,,521-048738,09205938+1409422,5935-301-3-0159-0084,STAR,gri,rpm,3.3,4.3,-13.6,4.6,,,15.681,0.06,14.817,0.03,,,15.202,0.04,14.515999999999998,0.02,14.225,0.09,,,13.128,0.023,12.709000000000001,0.025,12.600999999999999,0.025,5231.0,106.0,106.0,4.552,0.045,0.09,-0.13699999999999998,0.2,0.32,0.8029999999999999,0.122,0.077,0.8690000000000001,0.055999999999999994,0.09,1.5530000000000002,0.358,1.365,560.6,165.3,62.11,0.034,0.01,0.006999999999999999,AAA-222-111-000-0-0,110.2,
9997,9997,9997,251277466,09 19 35.190,+14 09 58.35,1,10.714,,825-992-1,521-048683,09193520+1409584,,STAR,gri,rpm,-15.6,2.1,-7.5,2.1,,,12.097999999999999,0.22699999999999998,11.058,0.095,,,11.450999999999999,0.04,10.722999999999999,0.01,10.398,0.08,,,9.253,0.021,8.737,0.018000000000000002,8.619,0.019,4918.0,78.0,78.0,2.528,0.6559999999999999,0.24600000000000002,-0.55,0.25,0.45,8.316,2.556,4.061,0.975,0.18899999999999997,0.105,0.001,0.01,0.000767,883.1,258.8,418.6,0.032,0.008,0.006999999999999999,AAA-212-111-000-0-0,5.1,
9998,9998,9998,251277519,09 19 37.899,+14 10 18.03,1,10.907,,825-528-1,521-048686,09193790+1410182,,STAR,gri,rpm,-55.6,1.7,-26.1,1.7,,,11.507,0.087,10.95,0.08,,,11.312999999999999,0.05,10.918,0.03,10.732999999999999,0.08,,,9.873,0.021,9.561,0.019,9.496,0.019,5938.0,144.0,120.0,4.319,0.115,0.276,-0.254,0.25,0.3,1.137,0.44,0.18899999999999997,0.9840000000000001,0.096,0.096,0.667,0.354,0.406,202.0,78.38,37.43,0.024,0.008,0.005,AAA-222-111-000-0-0,42.1,
9999,9999,9999,251277539,09 19 31.758,+14 10 25.54,1,17.475,,,,09193175+1410255,5935-301-3-0157-0218,EXTENDED,gri,,0.0,3.0,2.0,3.0,,,,,,,20.281,0.092,18.462,0.011000000000000001,17.480999999999998,0.006999999999999999,17.052,0.006999999999999999,16.713,0.018000000000000002,16.335,0.115,15.493,0.133,15.119000000000002,0.151,,,,,,,,,,,,,,,,,,,,,,,,,BBB-222-111-000-0-0,43.9,
10000,10000,10000,251277543,09 22 21.466,+14 10 26.55,1,16.234,,,,,5935-301-3-0161-0221,EXTENDED,gri,,-5.0,6.0,22.0,6.0,,,,,,,18.066,0.033,16.779,0.006,16.266,0.006,16.0,0.006,15.795,0.02,,,,,,,,,,,,,,,,,,,,,,,,,,,,,,,,,
